"","DIM1","DIM2"
"DTXSID50807283",-1.92195879789947,0.941998656425816
"DTXSID40239711",-1.85002861343393,3.48578035936103
"DTXSID80397223",-1.92976556389504,0.609837053479501
"DTXSID1066237",-1.88869775876923,1.87394124911965
"DTXSID20690144",-1.86049793498663,3.99994839500739
"DTXSID30712669",-1.93566536313261,-3.60654017080483
"DTXSID50615582",-1.86396911617577,0.798346809897406
"DTXSID80689796",-1.90941193755712,3.66444043430079
"DTXSID80387306",-1.87883940571695,-0.174637949706436
"DTXSID50392543",-1.88616497338252,1.18018133052571
"DTXSID90203669",-1.85688270694657,1.0454580973371
"DTXSID80478384",-1.8928089987014,-0.111764435583497
"DTXSID20377342",-1.9244633058182,-2.07796662186248
"DTXSID40193460",-1.92644177107717,-8.62705670987139
"DTXSID80548859",-1.91925573159871,1.56133666782326
"DTXSID40550317",-1.9245673771604,-2.40889920470035
"DTXSID30308283",-1.91065421510335,-4.30273727390462
"DTXSID30342687",-1.92551726296964,-1.0364781675714
"DTXSID90466217",-1.84976816199579,0.741910400353687
"DTXSID10453907",-1.86984202204836,1.35078109449886
"DTXSID20689235",-1.88272492060048,3.55016681139694
"DTXSID70687569",-1.85151756460399,3.44606890603567
"DTXSID70405285",-1.90062837024314,-1.08429890929437
"DTXSID00234984",-1.90987180189394,1.761909677265
"DTXSID90574028",-1.9329246307744,-0.48780363614094
"DTXSID20466220",-1.84305434025176,-0.654937994630296
"DTXSID20505305",-1.85235476596532,1.51108028394916
"DTXSID90845200",-1.88623683973443,-0.208996768172973
"DTXSID30560021",-1.9112817925081,0.499469962416096
"DTXSID30877722",-1.87236693914667,1.76207606939386
"DTXSID40847491",-1.84240342407575,-1.26355573553902
"DTXSID70211924",-1.86687586709248,2.1845890535181
"DTXSID60350033",-1.87926925556248,2.28359999066057
"DTXSID10832394",-1.85989511566918,-2.19074941508568
"DTXSID20199329",-1.85811420837708,-10.080066547644
"DTXSID60158859",-1.9371199195648,1.66635071782948
"DTXSID80213338",-1.89041991754146,-1.40919431330075
"DTXSID00306695",-1.85316212598071,-1.77900870952215
"DTXSID30324887",-1.90055585516479,-7.0706421462845
"DTXSID5058220",-1.8690179892618,1.80168031597247
"DTXSID60786656",-1.83989606484032,1.02246440373688
"DTXSID70441466",-1.83908739242845,-3.85865833288442
"DTXSID00689192",-1.84796509885523,3.13754741978237
"DTXSID80583104",-1.92791781921344,3.84685870478516
"DTXSID50798107",-1.86008928348382,4.90825678574513
"DTXSID10168160",-1.89309548315013,-3.14060545285883
"DTXSID50279941",-1.853236726548,2.84710627207942
"DTXSID00220241",-1.91390343708203,3.98577066138621
"DTXSID20492746",-1.87702036638274,-2.35461033312547
"DTXSID40794673",-1.90060183952929,-1.11204594331698
"DTXSID20200227",-1.93030325822126,-3.22725542442557
"DTXSID90476755",-1.91176035409289,-0.775818833311719
"DTXSID20641313",-1.8452045055434,2.29321736894329
"DTXSID20290668",-1.88106664327521,-1.09755274441699
"DTXSID80309447",-1.88861276555635,0.703114764332616
"DTXSID70537636",-1.91188094716455,3.7139431292396
"DTXSID50789772",-1.92130534511057,-3.10069571568889
"DTXSID40874404",-1.87656436376864,2.04204628271864
"DTXSID60889954",-1.84520489531916,2.62825916854766
"DTXSID10630796",-1.91468473121521,-3.23954083235336
"DTXSID00552610",-1.8417194563092,2.81350249293768
"DTXSID00389140",-1.91392106732572,4.13066580599774
"DTXSID70781218",-1.86199209165748,-1.29710583209204
"DTXSID60791740",-1.87105401264977,-2.17002639299015
"DTXSID60675096",-1.90745399273341,1.41645167780593
"DTXSID30202873",-1.93541857392228,2.82578280558992
"DTXSID20660640",-1.89192439696041,-1.76564271204503
"DTXSID40685274",-1.91424140415867,3.34511645566473
"DTXSID80300676",-1.86423031833451,5.75545889344248
"DTXSID80690968",-1.86135465891881,4.70924248664297
"DTXSID00391485",-1.8928499105214,-5.21782929276945
"DTXSID50459983",-1.91038182895422,2.89941683662985
"DTXSID90684515",-1.84310184923384,4.06523897350042
"DTXSID00692661",-1.86893854657145,3.67174285032413
"DTXSID20567867",-1.87328831592777,2.98572647688944
"DTXSID60571029",-1.91068684238803,0.26725539791348
"DTXSID40333344",-1.84351846835649,0.909520910688998
"DTXSID50463202",-1.90677304991497,-6.39373200360507
"DTXSID70297864",-1.89007464745748,-0.217889001252309
"DTXSID50698193",-1.88345512781139,-3.68057201368801
"DTXSID00754157",-1.89379497175941,2.04074714065464
"DTXSID50218774",-1.91728483077458,-0.519251434209836
"DTXSID90810978",-1.91807852386806,4.58254640327181
"DTXSID40614488",-1.91788407828042,-0.410975854315078
"DTXSID30850373",-1.89253926366857,-3.44277182718753
"DTXSID80776534",-1.90794519406041,-2.62831521846268
"DTXSID90742942",-1.93565457627282,2.76101248027401
"DTXSID7027623",-1.90850462975189,-2.38294028543904
"DTXSID50886836",-1.86495971651297,-3.92248530203093
"DTXSID50691200",-1.93201099615063,5.62598318473505
"DTXSID80487057",-1.87204567109913,-1.48041383319947
"DTXSID30569892",-1.89376013140194,0.91230132491806
"DTXSID00819558",-1.83993626398481,1.43812559262545
"DTXSID70352240",-1.86239352824526,0.454030570367549
"DTXSID70827847",-1.90091994009864,0.337634522879317
"DTXSID80757702",-1.90682194962054,3.11451765913208
"DTXSID80810462",-1.93758511166112,0.18811655219729
"DTXSID90162449",-1.91440076860223,5.23063397971632
"DTXSID10692950",-1.8458288503532,-0.39890861984064
"DTXSID90858259",-1.93293558079633,-3.91854386091536
"DTXSID90806957",-1.84198950885031,-2.65019343494257
"DTXSID40353749",-1.88505665996654,-1.09924869431838
"DTXSID30299147",-1.92871351292857,-1.89213336709868
"DTXSID60762490",-1.86880383330063,-4.71057980825987
"DTXSID30690211",-1.87617184681328,3.16338992236465
"DTXSID10690471",-1.89019855182214,3.92785599033583
"DTXSID30821563",-1.86993197843517,1.22511058600429
"DTXSID40314259",-1.9186100295415,-0.703896633076891
"DTXSID00161120",-1.91091992137462,-1.53300541529671
"DTXSID10705857",-1.87879777225012,4.46155211279932
"DTXSID30185990",-1.91691085510168,-2.99077598954468
"DTXSID30705571",-1.8619310755577,0.879309706878272
"DTXSID50495927",-1.91414738360039,-0.395385979739269
"DTXSID80159222",-1.90294277035554,1.49244568762672
"DTXSID20685252",-1.90648026288632,3.97673613904147
"DTXSID70366882",-1.9178712701716,-1.00873859660466
"DTXSID40346398",-1.93742247602793,-1.65034103409849
"DTXSID30716223",-1.85296294599405,3.50201981286959
"DTXSID90580503",-1.89017681714122,-3.38556052672167
"DTXSID70419640",-1.86723909602214,1.6626971417308
"DTXSID50386285",-1.91882119781834,2.1223555324101
"DTXSID70647709",-1.93430955272648,1.71470588464218
"DTXSID10815985",-1.890876175182,3.31747289517392
"DTXSID90661902",-1.86183495659135,-1.70014451913135
"DTXSID10683828",-1.92943206771289,-1.5597858399992
"DTXSID00891718",-1.90192362990186,-2.08052263174278
"DTXSID60705620",-1.8645026999695,-0.312464268350046
"DTXSID60431033",-1.88834355043014,1.43301105163877
"DTXSID90202894",-1.93739088318475,2.03741295179388
"DTXSID90525792",-1.91088772003755,-2.60839601665417
"DTXSID50685306",-1.910061617105,3.0395393799174
"DTXSID70551534",-1.90258441230727,-5.10323852428392
"DTXSID60232486",-1.9110384717431,1.70663711830622
"DTXSID80753249",-1.85532631371095,3.09695637643719
"DTXSID80692629",-1.92097983838629,1.27844889606199
"DTXSID10333891",-1.91505252813487,-1.17540681381365
"DTXSID70351233",-1.8884077340449,-0.493857724643207
"DTXSID90824636",-1.92777337435484,-1.39081476162968
"DTXSID10587837",-1.8494005965936,0.717652588299092
"DTXSID60839595",-1.87204292659626,-2.91661627616266
"DTXSID80575549",-1.85279431967515,3.86244457213142
"DTXSID40465270",-1.88863132677882,-6.42986371685836
"DTXSID70427785",-1.861568302684,-2.50572513684513
"DTXSID20638167",-1.88467465292068,0.748490188858283
"DTXSID20839031",-1.93539065398329,1.60143172473977
"DTXSID00749548",-1.89913632305625,-0.519084098756224
"DTXSID60579762",-1.8428385599678,-2.53876401044619
"DTXSID60303943",-1.9256748002387,2.6485627987707
"DTXSID50490977",-1.92306505504433,2.0532961528298
"DTXSID90713379",-1.91934124247468,0.690125153344682
"DTXSID40654324",-1.85617987721332,0.641004645185625
"DTXSID60764439",-1.87265766855731,-1.62912797860787
"DTXSID80226024",-1.89191791623399,4.74233276144878
"DTXSID60179549",-1.83901881346932,1.24330543140976
"DTXSID80415471",-1.88226511335584,6.53894205610681
"DTXSID00651617",-1.88622531689435,-2.63943255701405
"DTXSID00473891",-1.84157635994017,-1.75534253493077
"DTXSID90840154",-1.92034723824175,2.56524304338767
"DTXSID20391801",-1.88377057870619,-0.717276387577827
"DTXSID10684496",-1.84357783560642,2.38499280849131
"DTXSID70832734",-1.92837825197689,-1.61905257388399
"DTXSID80143767",-1.86096275984074,1.90892911719285
"DTXSID20242364",-1.93323808826105,-8.33691169235208
"DTXSID00402888",-1.88728395602666,1.16703462203489
"DTXSID70434934",-1.90360971017266,5.70277194298797
"DTXSID00558576",-1.88919236431192,0.899159181293699
"DTXSID50644251",-1.867083420518,0.440080061241622
"DTXSID50677564",-1.84517162057196,-1.64541221665057
"DTXSID20578796",-1.88917206954005,-2.08626923526887
"DTXSID20428686",-1.90175121194652,1.56409579906132
"DTXSID20677556",-1.92534116490085,-0.284386363622223
"DTXSID50412174",-1.84550545957853,-0.935779747932809
"DTXSID10807502",-1.89452885822401,4.95246585033441
"DTXSID30201689",-1.92684666118926,-0.417501086508173
"DTXSID00345862",-1.84215460173413,-2.845137730713
"DTXSID00237218",-1.93779679271656,-1.70309508318178
"DTXSID70806051",-1.86643935424603,-1.81998413169847
"DTXSID80776493",-1.90756529798813,-0.0342853394858663
"DTXSID30575256",-1.9056467601518,2.29661759082624
"DTXSID30304144",-1.91296346047288,2.05262799739709
"DTXSID50683564",-1.87467842081931,0.681642038868195
"DTXSID20688102",-1.91413993290924,4.19493857632608
"DTXSID60348137",-1.85995549918428,-1.76999461099839
"DTXSID80478102",-1.91261647339226,3.14223852573887
"DTXSID00849815",-1.8706227245345,-8.60784853436233
"DTXSID10215042",-1.84320522207024,1.43397567803533
"DTXSID20614906",-1.91594634773054,-1.14937425369319
"DTXSID00877092",-1.86122629365787,3.34134613275506
"DTXSID70472573",-1.89126661507362,-8.6328205708158
"DTXSID00728873",-1.84594369496867,-0.455593980498595
"DTXSID60755145",-1.9022739794498,0.136593947739654
"DTXSID80161582",-1.88694466641792,-2.49458214248894
"DTXSID40300571",-1.87911280140717,-2.0469404720494
"DTXSID90514429",-1.8713944666289,-2.17578415928869
"DTXSID40388410",-1.85099625239338,3.27513921660416
"DTXSID2052368",-1.88999170998724,-7.91078119444337
"DTXSID70689482",-1.87910687022666,2.63840547877768
"DTXSID00597187",-1.93297220242773,1.29524850467996
"DTXSID50734525",-1.92172238324681,3.39876312222178
"DTXSID50368268",-1.90981634330339,-0.372819153443858
"DTXSID80429215",-1.85253421540049,1.79474944555976
"DTXSID50523416",-1.89651693845141,0.559206823253444
"DTXSID60849452",-1.8786671842214,1.82502366105549
"DTXSID10485288",-1.86913328297581,2.77201827499199
"DTXSID10848132",-1.88322339668497,-0.678870990666886
"DTXSID40319865",-1.86978779159144,2.41465460321262
"DTXSID20505623",-1.92578015916641,-2.28675629134369
"DTXSID70832537",-1.8443593215162,0.672124551493243
"DTXSID10749312",-1.89893621367187,-0.4680356776015
"DTXSID00735067",-1.9196011467527,1.61501335788572
"DTXSID30729974",-1.84856432366489,2.65083551032003
"DTXSID20632761",-1.92447678429334,2.89893777140678
"DTXSID30771958",-1.92358310901045,-0.146598010113368
"DTXSID00379329",-1.87617665012762,1.94553309235224
"DTXSID70168000",-1.88438995386625,3.72865012863418
"DTXSID00327148",-1.91472999350356,1.24622287799672
"DTXSID10689845",-1.84034141988723,4.77179499171529
"DTXSID50389857",-1.91445435535007,-3.97272426915879
"DTXSID30626737",-1.9234128674662,-2.85996392781673
"DTXSID20848284",-1.92907785097158,-1.17223175383122
"DTXSID70686714",-1.88222157306278,4.12266485273433
"DTXSID00572712",-1.87142840272407,1.32232379934113
"DTXSID00796714",-1.87129192933324,-1.05858675183636
"DTXSID20210987",-1.90663442362487,-1.86783384808902
"DTXSID30292698",-1.86551015213126,-0.452796028787319
"DTXSID40552270",-1.90627639408706,-3.07316831586626
"DTXSID20569386",-1.90412892317962,1.35424377381992
"DTXSID20787588",-1.84375249888591,3.05848961991477
"DTXSID30705793",-1.87619824783205,-0.208025171959416
"DTXSID20457299",-1.87191698262328,1.28073150173763
"DTXSID00544474",-1.90288844531888,-0.822081645413874
"DTXSID70735731",-1.91643673589522,3.35560332194267
"DTXSID70521550",-1.86175929627698,1.06770620131936
"DTXSID30361358",-1.88232615363921,-1.75352106296608
"DTXSID90350167",-1.84737433276916,-0.513232536422916
"DTXSID30505639",-1.85288612259088,2.62567807477985
"DTXSID20819095",-1.86473548593707,-0.111650231700957
"DTXSID00589087",-1.9314765639686,3.63691184178245
"DTXSID40686443",-1.8936984915723,2.05846391743577
"DTXSID10526009",-1.87297510733272,1.06342018576436
"DTXSID10683606",-1.91018923802252,4.32124641374228
"DTXSID60236989",-1.91665761755644,-0.898733743334522
"DTXSID70469347",-1.92392868748324,-1.32543625139254
"DTXSID30588205",-1.85043734144016,3.04555525088206
"DTXSID50504982",-1.87405410250621,3.9977221841572
"DTXSID70686294",-1.86207942232762,1.40996656110675
"DTXSID80467051",-1.86097987031543,-1.28675104230081
"DTXSID00438021",-1.90958733823769,4.71862682549515
"DTXSID10616151",-1.85750282011348,-0.923657374961461
"DTXSID40467557",-1.89334814806188,-0.69131657435929
"DTXSID70332062",-1.8714718284958,3.22236152744653
"DTXSID80707848",-1.89562390638383,-1.3338929568355
"DTXSID50472516",-1.88725194490904,-5.45657496579615
"DTXSID80625194",-1.86824926921084,1.48914096189849
"DTXSID40848988",-1.84716816439959,-1.4953504884357
"DTXSID30509011",-1.88717717975048,-0.817631685277967
"DTXSID80794738",-1.89199256621761,0.488664664897242
"DTXSID20199304",-1.85230689400447,-1.0011914794944
"DTXSID00358371",-1.87131837723648,1.64763987280377
"DTXSID20232124",-1.84795348665499,0.161444773813347
"DTXSID30807387",-1.89998115088587,1.83654145360741
"DTXSID10571216",-1.84920057957856,-4.77784209914612
"DTXSID70686411",-1.85520104292531,2.61310483606029
"DTXSID20813851",-1.86817412987265,-6.19905895334353
"DTXSID30660878",-1.92499120809595,1.96581343248429
"DTXSID70517973",-1.86647180512199,-1.83446558710986
"DTXSID90550206",-1.84278984552668,0.00639362431269234
"DTXSID50278070",-1.84196727265653,3.56135923172397
"DTXSID20845374",-1.92488791088445,-0.797068759846048
"DTXSID70590807",-1.85890523041596,-1.32494725827659
"DTXSID70379159",-1.86491931677049,2.11487953692418
"DTXSID20354057",-1.91153415648106,2.64971736818243
"DTXSID70278734",-1.90392191277361,-4.7027667820648
"DTXSID80833757",-1.86687650366532,-1.46364127249383
"DTXSID70625163",-1.8690862694712,-2.25878429208843
"DTXSID70526601",-1.90056216657197,-2.07772231802916
"DTXSID50698118",-1.92615373838735,2.00515214725454
"DTXSID40641557",-1.86353918101983,3.05163829887021
"DTXSID20518814",-1.92188315527166,-1.4190871268997
"DTXSID00421130",-1.87022180996184,0.706202816542953
"DTXSID40538039",-1.92342646808683,2.86814958150027
"DTXSID80327707",-1.85463361450156,-1.59374830350114
"DTXSID10600252",-1.88919174501628,-1.0267466342353
"DTXSID40460301",-1.91596945141736,0.785692759011364
"DTXSID60349720",-1.84223646244486,4.45368378853171
"DTXSID30607147",-1.89386220952104,-3.16267927585453
"DTXSID20844842",-1.84549287369568,-1.39717433335064
"DTXSID10398607",-1.90535828728916,0.858255676606843
"DTXSID60696721",-1.93225359022224,-0.0549178236865818
"DTXSID10291508",-1.84992525270179,0.392755366147686
"DTXSID30360189",-1.93123890637903,3.22999826146587
"DTXSID80523005",-1.91215751959115,1.91202036291946
"DTXSID60518318",-1.90454079210146,-1.42294546939416
"DTXSID30839587",-1.85226900888071,-2.52356366925456
"DTXSID30572280",-1.85523842285723,0.610041447655475
"DTXSID50827244",-1.84906497180941,-1.2231875767743
"DTXSID20425574",-1.89775362488431,-5.04381542601493
"DTXSID70689189",-1.84913367307712,3.72656160578578
"DTXSID10419604",-1.8697803205385,-0.832365076200966
"DTXSID00393747",-1.89939939618704,-0.836844559642291
"DTXSID70593499",-1.89605264398381,-1.04712384910496
"DTXSID90555473",-1.91702345395315,0.68724694214327
"DTXSID00744992",-1.8433679686114,0.836484897528638
"DTXSID80559147",-1.86197148504837,-4.42143357231825
"DTXSID20501786",-1.85483313309327,-0.796878764608878
"DTXSID40326438",-1.83857935460371,4.48973775139047
"DTXSID80232640",-1.92092770848063,3.86541429077015
"DTXSID40689277",-1.89617319326296,3.26867338256011
"DTXSID50807389",-1.86989228240005,0.51271941879226
"DTXSID90181079",-1.92758527290216,-1.23913453117881
"DTXSID90840270",-1.88893364294364,2.14150942513178
"DTXSID40551182",-1.87034217605868,-1.34967016652384
"DTXSID30424235",-1.93092281131104,1.17968027195737
"DTXSID90405060",-1.90059215953086,0.299704331988245
"DTXSID90636493",-1.85111119576778,-1.19524085630566
"DTXSID50157437",-1.91113992131546,1.03097238805902
"DTXSID60299998",-1.89793986019257,2.25678867798731
"DTXSID60759704",-1.91604992494148,1.80990849393262
"DTXSID60328717",-1.88650856383667,-0.0720143162120397
"DTXSID50621769",-1.88441741474805,-3.86853523238371
"DTXSID60417392",-1.84905719743268,3.64473890912164
"DTXSID90241783",-1.93500591591939,-0.612587630738285
"DTXSID90298954",-1.91735450973666,-0.982420443883574
"DTXSID40483414",-1.87583397125362,-1.45476946785749
"DTXSID10481048",-1.92410218490161,-7.11600147155605
"DTXSID70200757",-1.93004213162994,-0.0882977819827406
"DTXSID80204524",-1.93429712208684,-4.38413523183938
"DTXSID30505992",-1.91894017402328,-2.81222048691125
"DTXSID60627358",-1.89472297580199,1.81365933650928
"DTXSID60832809",-1.8661525876428,4.56439103014566
"DTXSID60353544",-1.92053745298905,-2.39950341853224
"DTXSID10586188",-1.8388371070911,1.13491891011426
"DTXSID40288188",-1.84157979731802,1.39062572502442
"DTXSID80412607",-1.8472108594162,3.00109986391754
"DTXSID60691812",-1.88010247627857,4.35823612817186
"DTXSID00444526",-1.91390894083268,1.45476742459915
"DTXSID10340085",-1.84652743399525,2.40951007961555
"DTXSID90627043",-1.91027837044383,4.96676542911548
"DTXSID00147828",-1.83863405231675,3.94821822734465
"DTXSID60685690",-1.92668670462528,2.30696964137441
"DTXSID00212848",-1.8925722568096,-3.53571640635972
"DTXSID80681139",-1.93041297011438,2.7750844111163
"DTXSID6041474",-1.90555962664359,-6.23164096366903
"DTXSID70381212",-1.87159604911052,2.85299358826132
"DTXSID70876693",-1.87250904688781,1.60587952586867
"DTXSID90602759",-1.90809558301755,1.19200491281831
"DTXSID30589772",-1.86650132641287,1.69790603577856
"DTXSID30589777",-1.85131907752631,2.29701982681155
"DTXSID90672952",-1.88911471865653,-5.13525984410717
"DTXSID20815719",-1.847874071257,0.303849919267359
"DTXSID40308658",-1.90365707910292,-3.94036324268907
"DTXSID70869469",-1.88852441358521,-5.44417690764195
"DTXSID70296539",-1.86467456430801,3.44804446428082
"DTXSID30622471",-1.86546006546128,-0.0213236045767896
"DTXSID80592539",-1.87923547658286,1.61579577189805
"DTXSID20232987",-1.9160729912583,-1.85080150816791
"DTXSID60690860",-1.88404745378398,1.56160776311071
"DTXSID50197838",-1.93068375016695,-1.36093731497393
"DTXSID10358423",-1.86653519928507,3.41579177577479
"DTXSID90523677",-1.92653009494558,0.0978509847911733
"DTXSID80795422",-1.89501604256349,1.08604246353512
"DTXSID60606587",-1.8778698524198,2.65811725687253
"DTXSID50311951",-1.84956399235177,1.83904134316904
"DTXSID80161365",-1.85777397874009,-1.1362993091501
"DTXSID50321939",-1.86943424072426,-0.687707206101178
"DTXSID70326289",-1.88317344737036,2.83768309447708
"DTXSID00643678",-1.89674821529224,-3.28110749073947
"DTXSID10553774",-1.9161352195379,-6.71811174251712
"DTXSID30503837",-1.86675638158152,-2.33036103376776
"DTXSID20702413",-1.90896391014684,-1.95300451979548
"DTXSID60740410",-1.84951242945071,0.1365905388017
"DTXSID20477790",-1.87482785050089,-1.97300227953364
"DTXSID80406864",-1.93654064795584,1.29255968756486
"DTXSID30441205",-1.8778113625062,-0.610224712118375
"DTXSID20636724",-1.92954844757407,-5.29688213262218
"DTXSID30756987",-1.93212494192528,0.74054657209293
"DTXSID30555371",-1.93205247059239,-3.32625791099245
"DTXSID50274057",-1.91744821905003,0.0861795477556134
"DTXSID30677108",-1.922573260954,-4.2888145285833
"DTXSID30805702",-1.89981066476792,1.27726223593235
"DTXSID40399309",-1.90882437624562,2.78835324780704
"DTXSID90186827",-1.88233396960366,0.333992730196638
"DTXSID20807437",-1.90587630358163,-0.960512241912939
"DTXSID80772495",-1.89857109217466,-5.46153837282642
"DTXSID40687192",-1.87698041037822,4.50466675868997
"DTXSID60742434",-1.86218276576068,2.48274915749394
"DTXSID50671067",-1.91689750352394,3.26651293020368
"DTXSID50380607",-1.86517385083499,2.66517893543445
"DTXSID30417627",-1.84335153627033,2.35541690909834
"DTXSID60234662",-1.91216685510836,-2.71040014332378
"DTXSID10460252",-1.91874397854174,-1.95220399670654
"DTXSID30176020",-1.88675362082136,-0.579581185985501
"DTXSID80707484",-1.91241679327796,1.63886865722672
"DTXSID00782697",-1.91055943616999,0.708061663438859
"DTXSID70851925",-1.85551554649277,0.829034992706818
"DTXSID50688731",-1.89648255103466,3.76183129518325
"DTXSID7029611",-1.88012669528639,-1.31479494838073
"DTXSID20323304",-1.89745920734634,-0.260866632158398
"DTXSID40291455",-1.89753857731885,3.04751390214371
"DTXSID7067904",-1.86761482448069,-3.63800079818481
"DTXSID60817999",-1.92921248722167,-0.290123465228976
"DTXSID40389260",-1.9245332552367,-0.0695704946234532
"DTXSID00374253",-1.84019806496723,0.19640681760731
"DTXSID70851687",-1.91321669356545,-5.5322850671531
"DTXSID30368241",-1.9219923856472,-0.10231007800562
"DTXSID20645497",-1.86718250306012,-0.107875444022451
"DTXSID20581346",-1.8437258886594,2.99651231844104
"DTXSID10705039",-1.93267334172286,2.62635914152081
"DTXSID80390577",-1.92576464172166,1.10106081232316
"DTXSID90575313",-1.87773045638658,0.271667417403738
"DTXSID70689366",-1.8986134273907,3.014979709867
"DTXSID80770037",-1.9055319719165,-1.36914408273825
"DTXSID00515684",-1.85569140104481,2.30667476202216
"DTXSID40569909",-1.87016096304225,1.69800135272663
"DTXSID80310139",-1.89655583460302,0.0418016997569801
"DTXSID90159293",-1.90480366724958,3.67956631696937
"DTXSID40837059",-1.85086845677014,5.33875000774508
"DTXSID10389797",-1.90807808188203,-0.502342610383719
"DTXSID30683668",-1.85978962000616,-0.498802193083926
"DTXSID40623717",-1.84450549072576,-3.22916408781488
"DTXSID60573129",-1.84146031210892,1.67522300947324
"DTXSID50326101",-1.91064607197129,1.78820851801266
"DTXSID40435155",-1.88178205575895,-1.12897565125048
"DTXSID30837841",-1.84715479339473,0.513036588988666
"DTXSID40366339",-1.88498865713326,-1.81402454667106
"DTXSID20410081",-1.91029127419026,4.90394447023844
"DTXSID70551655",-1.83872286346407,-2.53259607746197
"DTXSID80844520",-1.90482902224931,3.40811869301097
"DTXSID00178394",-1.86157015078951,1.35254151310877
"DTXSID80692129",-1.90075912819866,4.23763652904993
"DTXSID00798096",-1.93689578293408,-2.35261508663993
"DTXSID30721054",-1.90904023619354,3.45066611316679
"DTXSID00631095",-1.87409776104034,0.715709454209352
"DTXSID20838620",-1.87383867658029,-5.50878400332594
"DTXSID60224184",-1.87154236450334,0.693956999193709
"DTXSID50775872",-1.93695217721347,-5.03938599846802
"DTXSID80747981",-1.84073855995672,-2.62273486861574
"DTXSID30361116",-1.88226170363642,4.69001784882354
"DTXSID30564802",-1.86782603470016,-4.12132776852337
"DTXSID20413234",-1.86048552473992,0.779938817664042
"DTXSID60164319",-1.88993118785009,-1.65846038230822
"DTXSID80578474",-1.90139489422993,5.23698676067914
"DTXSID10330325",-1.93826634914236,3.00654022084195
"DTXSID50186540",-1.90210833905672,1.32778624991695
"DTXSID90389912",-1.88855435872028,-5.4046650850416
"DTXSID50727356",-1.84373220136206,1.90535191198848
"DTXSID50660779",-1.90629966422316,4.29397242540751
"DTXSID20565565",-1.91863596256062,-2.68369916272416
"DTXSID60684264",-1.88392587902038,0.744244191831366
"DTXSID50470613",-1.9368391059065,-0.598582666503671
"DTXSID40351725",-1.84581193221249,4.51210147698599
"DTXSID80813751",-1.89329222630599,-3.01874216345456
"DTXSID10155979",-1.8394392017409,2.21162023747994
"DTXSID10564224",-1.9174492638558,-2.43071927677825
"DTXSID40684146",-1.87645047920834,1.69637301581348
"DTXSID50830814",-1.92159255838733,-2.71971830614707
"DTXSID90213945",-1.84672721423033,-4.39119216273678
"DTXSID70547518",-1.86870982261894,2.30854787764387
"DTXSID60357805",-1.87098111816767,0.920639362104533
"DTXSID30328087",-1.8882586372781,-2.09327340179417
"DTXSID80845779",-1.90303529110898,-2.6504937904812
"DTXSID50618018",-1.8909487155968,-0.989200045794687
"DTXSID70451242",-1.85811545124752,-2.14889235248298
"DTXSID30422332",-1.88784255347317,-2.71570268029445
"DTXSID10458593",-1.84948987753452,-4.05222981293598
"DTXSID90891505",-1.90234515678192,-1.90387809619176
"DTXSID40503969",-1.85282673949491,5.73632857139409
"DTXSID60720838",-1.9101680791491,-2.17893311510935
"DTXSID10289026",-1.86932715342749,3.61871142451
"DTXSID20551968",-1.8770103812521,-1.44959435981107
"DTXSID60644161",-1.88837139428033,-2.24178979952848
"DTXSID60321541",-1.90967275637473,2.85311473760762
"DTXSID40376453",-1.84727798212913,3.92776268888461
"DTXSID90546381",-1.84297595500035,4.55394337459807
"DTXSID60287350",-1.92614468204354,3.34211136615876
"DTXSID10845146",-1.85666654612772,0.119564246964998
"DTXSID80478001",-1.84622994420939,2.58575591379142
"DTXSID80778270",-1.91048296345695,2.52156621068202
"DTXSID10396623",-1.90836712823206,-1.62747250594931
"DTXSID10577713",-1.86670809455863,-0.455886005966732
"DTXSID00743667",-1.86640124369195,2.16435477060179
"DTXSID50573471",-1.93533780518002,-1.65891067471222
"DTXSID30345951",-1.92374807328834,3.49971299402519
"DTXSID70186704",-1.85507488982822,2.0313566287175
"DTXSID90431864",-1.88327657235508,-0.73128584408887
"DTXSID00420901",-1.92545754021553,5.23881576139743
"DTXSID20651553",-1.86897866103924,1.65710666970451
"DTXSID40487119",-1.85769051636493,1.93215526306633
"DTXSID90398105",-1.91719409672954,1.52597749201998
"DTXSID60706617",-1.87695777295673,-2.4953228840807
"DTXSID40797927",-1.87410146511125,-0.137943128777476
"DTXSID60683732",-1.91500236703431,-0.615610780259036
"DTXSID80742133",-1.85914884883539,-1.12026847647885
"DTXSID70730221",-1.88648915960569,2.57980693157511
"DTXSID30320324",-1.85636894315057,1.25858514815635
"DTXSID20813316",-1.92843015054624,2.99435682089071
"DTXSID00504432",-1.90595516414491,-2.76808337255625
"DTXSID30767159",-1.91434241316484,-1.10932028400171
"DTXSID30229106",-1.85077221319808,1.6250803433288
"DTXSID10229543",-1.92952612483472,2.56823416300918
"DTXSID40701185",-1.8561483147458,-0.807628596797319
"DTXSID30147119",-1.87394940105271,0.924152907396305
"DTXSID50327310",-1.89587525593203,-3.26294889594287
"DTXSID40305440",-1.91721385935915,-1.87814896274544
"DTXSID10485384",-1.86602596493452,1.48251303512681
"DTXSID50488152",-1.93356851080478,0.146066866679652
"DTXSID20447832",-1.88857274270613,4.53320914701989
"DTXSID70336742",-1.84456778320677,0.158565273971907
"DTXSID90739039",-1.91307124931119,2.21731457966331
"DTXSID90620413",-1.90504111164847,-4.34856249725624
"DTXSID50308967",-1.91691077910378,3.70363744323076
"DTXSID90287520",-1.87836908451154,4.24470646651127
"DTXSID50465428",-1.86577464260046,-0.0811965468644539
"DTXSID30798261",-1.93766948481027,1.94587806428089
"DTXSID50470077",-1.89119633098344,1.31766363738368
"DTXSID60536512",-1.92906650964811,3.69681108730145
"DTXSID70736465",-1.92240541209631,2.277300406532
"DTXSID70518708",-1.89789202389923,2.1208682597108
"DTXSID90869840",-1.8902248931398,2.34732764022088
"DTXSID50742488",-1.88847274543383,-2.29312709868495
"DTXSID50372446",-1.88807683363832,-1.38871464481022
"DTXSID00838385",-1.87824187155245,1.52374742878785
"DTXSID00581208",-1.8452687795852,-0.351418918640851
"DTXSID50350209",-1.91400282092546,1.16323478398357
"DTXSID40467678",-1.90161929557158,4.27303627745677
"DTXSID90290670",-1.9292784376814,3.88057591941371
"DTXSID10692758",-1.86265493180178,2.85995362273746
"DTXSID10692753",-1.93156286725653,4.179723256437
"DTXSID20227636",-1.91380234746852,6.19353611276543
"DTXSID70214778",-1.86814345781133,-0.313752586581873
"DTXSID10345510",-1.89927716922559,3.21660342214697
"DTXSID10478817",-1.89358915984578,-8.38708968883499
"DTXSID20440323",-1.85680600789554,3.80287659295314
"DTXSID20417015",-1.87364442559529,0.943251697943495
"DTXSID30606150",-1.89737503938895,0.328757053211149
"DTXSID20774397",-1.8798194523713,-2.77829239812354
"DTXSID80811196",-1.89560516031446,0.890945045821169
"DTXSID80486984",-1.93787218455923,3.16783770928506
"DTXSID50359777",-1.87510673021074,-0.49209321226619
"DTXSID40452726",-1.86999468178067,-1.35156156260524
"DTXSID40689479",-1.86786752218475,2.85044217071487
"DTXSID20162391",-1.83889099557889,2.93720645508857
"DTXSID40398453",-1.84596784129902,3.96720972338111
"DTXSID00290909",-1.86581594998274,-1.36768828022089
"DTXSID2048826",-1.93276465935022,3.77858716314199
"DTXSID30636391",-1.8443361203641,2.05706725447487
"DTXSID50469961",-1.89371647588089,-2.01430499467741
"DTXSID10706026",-1.90701063833674,1.45103403969916
"DTXSID60327624",-1.84824183890988,-3.63981255204403
"DTXSID60753484",-1.90086791642275,-2.40288382375485
"DTXSID30770663",-1.89887424076999,1.43790463068187
"DTXSID50294790",-1.90509782914515,-0.90366904663939
"DTXSID30397172",-1.85662750151164,0.914550920328546
"DTXSID60318173",-1.89249018200065,-0.0809384598733696
"DTXSID60599283",-1.90576130053859,3.14686198433659
"DTXSID60819170",-1.91430048911977,-4.58530535539829
"DTXSID50699105",-1.8713802753438,3.28237451897691
"DTXSID70370585",-1.93147387154788,-6.75956152558471
"DTXSID60831014",-1.85437874256748,1.89811399002211
"DTXSID1066154",-1.89421233778713,-3.49207745480418
"DTXSID90690237",-1.89805380986433,3.21027527585488
"DTXSID1021168",-1.84409064824756,-3.11690380010409
"DTXSID20818301",-1.89337340273483,-4.89400001357169
"DTXSID20424446",-1.93226388971811,1.30288348544269
"DTXSID60448984",-1.85735453922946,4.65184584483579
"DTXSID30828678",-1.86277823110251,-0.466291845822411
"DTXSID50557832",-1.88139835814578,0.932944653158147
"DTXSID00806786",-1.88486774893171,3.19360064048068
"DTXSID40277931",-1.84723559791723,2.39445477107832
"DTXSID40576714",-1.90490596915893,-4.51712778850118
"DTXSID60730896",-1.92106577462471,1.94111300326927
"DTXSID10155494",-1.88572074958029,-1.02354813629294
"DTXSID40686701",-1.93340652252245,4.60218314831698
"DTXSID50832510",-1.91790616038388,2.86027035690325
"DTXSID60322997",-1.86124109448132,0.267238044604001
"DTXSID70819646",-1.92765554158645,0.359781059729148
"DTXSID80363903",-1.92283026413415,-2.02451776338883
"DTXSID00314831",-1.91110920859499,-1.08465657227876
"DTXSID3059008",-1.91178946572838,4.25073834762972
"DTXSID40660844",-1.87261450548944,-0.433351668205539
"DTXSID70693862",-1.92108777053245,3.02762399679219
"DTXSID60616429",-1.92804663355897,-0.154380119270912
"DTXSID70770925",-1.91181975653789,-2.30150988071224
"DTXSID90533190",-1.8601158382791,4.86087179262026
"DTXSID70729034",-1.9099435160393,0.728992596121185
"DTXSID00335506",-1.91501293186732,-1.30461991946913
"DTXSID10474359",-1.91218185056381,1.73418330152633
"DTXSID10787734",-1.92636275030509,-1.05526387736924
"DTXSID40207859",-1.87493136937098,0.800924238716446
"DTXSID20453493",-1.93663553870298,0.753211165621021
"DTXSID70884516",-1.91114593727169,-2.8031014623913
"DTXSID10684552",-1.93447968986091,3.45806644622749
"DTXSID50197939",-1.85102557015719,-0.427836193068615
"DTXSID40680885",-1.92251060735012,3.24372093602453
"DTXSID50317610",-1.87654939343244,-1.37046830478423
"DTXSID00695117",-1.85402393633285,1.51356443288038
"DTXSID60732431",-1.86425632795777,-2.58771985252309
"DTXSID00367741",-1.87325522266959,-2.67954990899358
"DTXSID20695896",-1.87166866971888,3.69830309296719
"DTXSID70720329",-1.86846042048564,-1.71943379396146
"DTXSID70838690",-1.8536948378624,1.8031197266492
"DTXSID70804375",-1.90875202255078,-3.0292148530378
"DTXSID50347972",-1.88176521051697,-1.90905668726072
"DTXSID70806192",-1.90706160805308,2.74485929541029
"DTXSID60527763",-1.91990047378483,0.885751132142592
"DTXSID00543543",-1.92986833528782,3.01471257494495
"DTXSID80653770",-1.88861748852194,-0.217319106612829
"DTXSID70687983",-1.88050246554302,5.15612837792855
"DTXSID70298871",-1.93546173841116,-0.315906100365347
"DTXSID10795258",-1.88867998766155,-1.98492903560861
"DTXSID60471419",-1.91658258081837,1.21918427614204
"DTXSID70194647",-1.86201864985582,3.15530482933525
"DTXSID70654130",-1.83973450617938,2.86638104787959
"DTXSID90536525",-1.8896945662911,2.45513329266134
"DTXSID50407580",-1.9231638046596,2.81333966027114
"DTXSID40387064",-1.90121677055488,1.58406428844618
"DTXSID40226005",-1.85521541037517,3.91207798458678
"DTXSID10810798",-1.91073328079861,-1.50150261955877
"DTXSID80616921",-1.86277901664239,-4.08331207599584
"DTXSID10811689",-1.89275660095865,2.9479531326529
"DTXSID10812136",-1.87998330867575,4.92630524623174
"DTXSID80471097",-1.9073738687914,1.70790829796367
"DTXSID50704960",-1.91605376936255,-0.687304822021123
"DTXSID00222028",-1.86506363076479,1.57359415302984
"DTXSID40432245",-1.86685856566435,3.77131280700336
"DTXSID40432240",-1.8986032661163,3.75816756821482
"DTXSID80445879",-1.912767314827,-1.84241041516459
"DTXSID10360703",-1.9329185396683,5.13087818495826
"DTXSID90522923",-1.90822785721235,-1.46298782062883
"DTXSID60690087",-1.84103591269837,3.88228150897168
"DTXSID30404476",-1.90103861512606,4.1071141470185
"DTXSID10152327",-1.9155325537142,0.163356470017322
"DTXSID10607468",-1.93652117341019,4.67785242904474
"DTXSID50530241",-1.93184533743964,-0.659913714576914
"DTXSID80687979",-1.84269372144115,5.18853044669329
"DTXSID90693905",-1.93762470570896,0.97705736529395
"DTXSID70282210",-1.86572110079261,1.53435387686651
"DTXSID10432979",-1.9028799387348,-1.2679379747645
"DTXSID70425100",-1.8823432875664,-1.59205161415248
"DTXSID20366615",-1.86049447166804,3.21897463394226
"DTXSID60280306",-1.9092127502926,1.19079402266911
"DTXSID10531395",-1.90890791335587,-2.11570696747352
"DTXSID30712866",-1.84448780851056,-1.00223263184706
"DTXSID60463359",-1.84497044762293,0.0536105300865166
"DTXSID10340181",-1.86473477079694,0.644024026768433
"DTXSID90425203",-1.90225599020395,2.04783731120862
"DTXSID90724920",-1.87241557712057,0.752312493187996
"DTXSID60293678",-1.88599573091371,2.78635069201639
"DTXSID40155780",-1.88165691650913,-5.26452372852918
"DTXSID80192018",-1.85046518901614,1.35661222787888
"DTXSID40212201",-1.87384394834237,0.640104529678298
"DTXSID70661420",-1.89491651806414,-0.364714497826342
"DTXSID90637804",-1.92123858511887,-7.71334510128126
"DTXSID90630931",-1.85761129753353,-4.33852400724847
"DTXSID60687194",-1.86149110988574,4.20335042462725
"DTXSID50836230",-1.90825806291951,-1.98880535684884
"DTXSID10214979",-1.85159758673422,2.35814795925634
"DTXSID30826699",-1.8859396370987,0.124252175724054
"DTXSID40169261",-1.92065943221082,0.338134594591885
"DTXSID90237848",-1.92722027447356,2.21358302583653
"DTXSID80535946",-1.87202121448305,-2.42374225149621
"DTXSID80808642",-1.88253202736408,-0.963659082297859
"DTXSID70352821",-1.87861803084798,-3.48716650579502
"DTXSID10648679",-1.93364422742447,-4.25282282429474
"DTXSID80189428",-1.86947886245766,-1.73307499126241
"DTXSID30154040",-1.89583767158839,3.1444856033794
"DTXSID80684882",-1.91747450151596,1.53361857992461
"DTXSID50434538",-1.93437024527087,1.43899181063715
"DTXSID60363007",-1.88783432476908,-0.0832217968529635
"DTXSID0046276",-1.84988592246667,0.315733132800513
"DTXSID00703882",-1.89563382981399,0.51821989017559
"DTXSID00353508",-1.83893836668815,-0.0970091848652334
"DTXSID10847009",-1.87965649711769,1.2066547454482
"DTXSID40490062",-1.89110450774474,0.370767313854037
"DTXSID70449467",-1.92103541805921,0.411611810535102
"DTXSID70481645",-1.90102723303006,-0.777469065482079
"DTXSID10683363",-1.89905480137722,2.33028011108309
"DTXSID60322290",-1.9203754844971,-0.405288648486499
"DTXSID70853787",-1.87167980791882,-1.02924674378076
"DTXSID40523122",-1.8993780510819,-7.51339435886879
"DTXSID10675369",-1.88992864033382,0.774977456289061
"DTXSID50366380",-1.84438597376594,3.51907618280132
"DTXSID50529892",-1.84108075752458,4.20676781716476
"DTXSID40766577",-1.84584831688636,-2.17635315512408
"DTXSID90686736",-1.93271363435184,3.82181686548489
"DTXSID40282429",-1.8946674178179,0.673055870925134
"DTXSID70346285",-1.91535586076298,0.587982626478325
"DTXSID70189518",-1.89908257705885,2.87250839692065
"DTXSID30649148",-1.8937624814036,5.29937002029352
"DTXSID30530264",-1.88422504798502,1.21974285078677
"DTXSID50702264",-1.85302593325621,-0.62672627097503
"DTXSID20277898",-1.88847861673538,2.81802314640162
"DTXSID50800390",-1.92266363409134,-0.0876838794650091
"DTXSID80445117",-1.92851264213727,-3.32819365119226
"DTXSID50391632",-1.93201065813192,-2.76426039668121
"DTXSID30333393",-1.8512995063366,2.00364017760796
"DTXSID70351778",-1.8859534937057,1.27565086341835
"DTXSID90692670",-1.92791673519772,3.77557290472102
"DTXSID20590155",-1.88287727030792,-0.823084013606724
"DTXSID60757922",-1.9205481812905,-2.82886730859306
"DTXSID20503543",-1.93456414701821,1.67714723130888
"DTXSID50689844",-1.86126366213659,3.40957549750686
"DTXSID60331307",-1.87128713612063,-2.92099965554082
"DTXSID00714438",-1.86940607598836,2.06014946177942
"DTXSID20152030",-1.9310176641611,-5.39805938201345
"DTXSID60649292",-1.93798964880915,1.01556961677117
"DTXSID20729903",-1.87231747690018,4.08483973224838
"DTXSID5020657",-1.89306487667124,0.645000315322159
"DTXSID00486204",-1.90199007871981,1.83162196574004
"DTXSID50299629",-1.87363824564435,-1.20155851421502
"DTXSID60645774",-1.88533308552166,-3.70432676224598
"DTXSID40288421",-1.85325645571038,-3.17546124137695
"DTXSID00677670",-1.93380358172873,1.32537533928699
"DTXSID60575481",-1.91447418639816,1.23996164667631
"DTXSID60382819",-1.83978656444956,0.596878587147806
"DTXSID00793268",-1.87474395781219,-3.65716401820753
"DTXSID40562016",-1.89374588094674,1.47495057541241
"DTXSID90190646",-1.87773811973392,3.88460594824139
"DTXSID60286368",-1.90424648326485,-2.30383442396171
"DTXSID50155716",-1.92843764122581,-0.755994910550638
"DTXSID80354417",-1.88024041450823,0.977151974099896
"DTXSID00373827",-1.84904095487261,-0.0739217065109157
"DTXSID70510000",-1.90629171795417,-1.03451504720348
"DTXSID70683622",-1.89013864925643,1.79937504002953
"DTXSID30852155",-1.92318352302962,-11.9257444494045
"DTXSID00487433",-1.84838523825969,-0.0896752106604878
"DTXSID60848985",-1.92324564730786,0.658345303170142
"DTXSID60812126",-1.92551425764466,1.38140876225086
"DTXSID80849277",-1.92531431588401,5.35340903008905
"DTXSID20752736",-1.92087608397345,3.71962023921378
"DTXSID80405670",-1.85245356543152,-1.75758043225723
"DTXSID30459143",-1.85070288345157,0.161363168419902
"DTXSID80404067",-1.91430088927157,1.52135592309284
"DTXSID70834930",-1.84597955359339,2.7906787647507
"DTXSID40684368",-1.90442747078512,2.2464884713654
"DTXSID60624983",-1.8734739695909,1.49174201304489
"DTXSID30432310",-1.88173639837319,3.58024948815233
"DTXSID20688001",-1.87648070130752,4.74970313452416
"DTXSID80345300",-1.899667561853,-3.61710458126545
"DTXSID50844734",-1.93519035520025,3.40717342598803
"DTXSID40554173",-1.89539281202139,-0.17467081126837
"DTXSID00589663",-1.92074392179066,2.76676572407172
"DTXSID70394640",-1.85002073958551,4.50032545340284
"DTXSID20371163",-1.91414312636763,2.6442614496583
"DTXSID70874417",-1.84836689559834,3.27798759515191
"DTXSID00145849",-1.85609812034861,-0.00156624972922676
"DTXSID80738076",-1.91705614208969,-1.29081022718158
"DTXSID70602535",-1.84397390225631,3.64978447097642
"DTXSID60327109",-1.84428771409807,0.598329441023062
"DTXSID00843297",-1.86537777943477,4.36954464634024
"DTXSID20417858",-1.8999966853372,1.07932467249086
"DTXSID00627690",-1.90253697518996,2.65391747943645
"DTXSID00689814",-1.90010144227205,4.78495874842458
"DTXSID60770974",-1.86409548777306,3.42940168635325
"DTXSID80551666",-1.93290138165025,0.424892989827154
"DTXSID60398172",-1.87428301659954,-0.00792134233777835
"DTXSID70199495",-1.93059732067747,3.77857317897124
"DTXSID30545358",-1.86635778550651,0.584688927821928
"DTXSID70307290",-1.88553901856556,3.14582106491219
"DTXSID10684875",-1.86453313040074,2.88216745752553
"DTXSID40877117",-1.9141699378054,-0.0771783672563155
"DTXSID60161343",-1.8882651290994,-0.387092300909483
"DTXSID10594703",-1.87078735241896,1.14304177846996
"DTXSID90518508",-1.89334319609256,-1.33493842168456
"DTXSID80211379",-1.93456739747665,5.08654316278265
"DTXSID50169994",-1.91740341680585,4.90745647739236
"DTXSID40644583",-1.9303033161346,-1.0840132724023
"DTXSID00584911",-1.92273372040068,-3.435723958955
"DTXSID80630809",-1.87775017088359,1.94244154428823
"DTXSID50144645",-1.87657941853776,-3.16310336868441
"DTXSID70874836",-1.89096795224457,-2.74040457393188
"DTXSID00833557",-1.89798573816977,-2.11053866536312
"DTXSID50660613",-1.90180510841484,-4.28867018571374
"DTXSID10182321",-1.85306596074811,-1.0894544878864
"DTXSID50214352",-1.87657932530155,-0.412112258777582
"DTXSID1063699",-1.8758446738638,4.19881633716533
"DTXSID60314953",-1.89239212255328,-0.139369049286946
"DTXSID70824730",-1.88663268110356,-3.55904059554831
"DTXSID90396540",-1.93406984511042,1.54327047545604
"DTXSID20477917",-1.90290320395199,2.43050184587113
"DTXSID30701715",-1.86289954259163,-5.69789172817433
"DTXSID30682919",-1.85984707191036,2.22191132105085
"DTXSID60536597",-1.92826147406434,-0.626751271700473
"DTXSID80636705",-1.90290700361623,4.47579663071518
"DTXSID80227076",-1.88996204107478,0.724254456339039
"DTXSID30419808",-1.93789752038823,0.952631481716324
"DTXSID30526147",-1.90149779239503,-0.857029483243491
"DTXSID30394722",-1.90258568953276,-0.769358951652994
"DTXSID90738825",-1.86419117363853,2.99739222183186
"DTXSID30374266",-1.85059778941604,1.00399800406269
"DTXSID30374261",-1.90932958191896,0.00985143306523561
"DTXSID40644280",-1.85776646534246,0.496332081365478
"DTXSID30851365",-1.85981779804675,1.9553394534002
"DTXSID1042360",-1.92223703923691,4.1089392561385
"DTXSID10685685",-1.85330626944008,2.91746878245481
"DTXSID70402779",-1.86442031496868,0.0433291723583012
"DTXSID90336406",-1.88268570576585,-7.10222929190032
"DTXSID40242169",-1.93524438765475,3.08488908360265
"DTXSID30358400",-1.89690229680493,-1.2859061932484
"DTXSID30444736",-1.91084151160076,-3.40252566956356
"DTXSID30377050",-1.85864558106416,3.03487066973935
"DTXSID00407616",-1.91346238806461,-0.48162801523324
"DTXSID10229164",-1.93581827375299,0.346800756199397
"DTXSID20551822",-1.85424772167395,-1.98285927436388
"DTXSID80835817",-1.91618041636055,-6.14973826990579
"DTXSID70644819",-1.89572295071743,-2.89134357168253
"DTXSID50474338",-1.84355634595736,0.988010346048234
"DTXSID60845070",-1.8753548529311,-0.175420351052116
"DTXSID90811925",-1.93062278511678,-2.12727516861349
"DTXSID20738858",-1.93485572979609,0.406174033263926
"DTXSID80356739",-1.92752529158391,-0.428632757690116
"DTXSID30197457",-1.89133042119784,-0.0643322983700354
"DTXSID00353326",-1.86026085489773,2.08312567516226
"DTXSID50467780",-1.88767848022668,-1.04980594361905
"DTXSID80408868",-1.84572340879003,-1.86894879672881
"DTXSID30739250",-1.89520675068194,0.11870836286258
"DTXSID20380073",-1.84915753652103,2.49465760810788
"DTXSID10307835",-1.84899941426796,-5.50657893180612
"DTXSID60188515",-1.8747451236205,1.8127134361738
"DTXSID40311662",-1.87767420342831,-2.39653365005956
"DTXSID00329288",-1.87077659819149,0.381608472549486
"DTXSID60644101",-1.93293390663741,0.559261085165137
"DTXSID20662427",-1.88664711819357,0.713500033626985
"DTXSID80683052",-1.88497644782594,1.13474028593971
"DTXSID80683057",-1.90216366519522,0.533199599525806
"DTXSID40358693",-1.91609367088698,1.74078995018631
"DTXSID40685254",-1.88845015771215,4.21241108060042
"DTXSID70696833",-1.85740337542972,-0.999309282333107
"DTXSID00539087",-1.88445889387575,3.65496660630607
"DTXSID00681439",-1.8539173149031,4.39099997944958
"DTXSID10213649",-1.88270345079052,-3.45808162078969
"DTXSID80606569",-1.84897818595897,1.6279589313233
"DTXSID30708345",-1.88539362496558,-1.17071515534274
"DTXSID70600531",-1.87709976296084,3.23576608337127
"DTXSID20489813",-1.89953242650004,3.98298240258426
"DTXSID00685972",-1.88693638409878,-0.402390377385422
"DTXSID10636076",-1.88446178496097,-0.760140732737091
"DTXSID30854795",-1.93085505859866,2.71294586841899
"DTXSID70365350",-1.89522079478889,3.61190338089644
"DTXSID70208410",-1.84012082068645,-1.34655343793839
"DTXSID70535677",-1.91560245109113,-2.17522860265487
"DTXSID20209159",-1.88288635250117,1.0436662848496
"DTXSID90198905",-1.93497185208413,2.373672951681
"DTXSID50348025",-1.85587515010531,-4.83656719728826
"DTXSID40563028",-1.86967500639527,1.54352052142549
"DTXSID60795521",-1.88702792762824,-3.61263475398835
"DTXSID30727112",-1.88744757035906,-1.58319257762738
"DTXSID90842810",-1.87234409375451,-4.98958679214275
"DTXSID30284977",-1.90498112652932,-2.74177933634025
"DTXSID60393268",-1.89458020158569,4.77511494995048
"DTXSID5066376",-1.93466240667412,-5.3593060579514
"DTXSID90147216",-1.92337689368329,4.15539344897818
"DTXSID00679098",-1.84109528006857,1.98396696443099
"DTXSID20637594",-1.90952236765121,-4.1920799044767
"DTXSID00388390",-1.85330096189675,4.30810167489823
"DTXSID90292972",-1.86571522441493,4.59951767710563
"DTXSID80333328",-1.87595866832209,3.96636710350787
"DTXSID60452788",-1.87277123363204,0.0548003609227421
"DTXSID90801280",-1.90769255601861,-0.579332321589371
"DTXSID50321292",-1.85649912668143,1.12736905851548
"DTXSID10469942",-1.92108601605777,1.74042535809918
"DTXSID60321309",-1.88735349934065,0.338555550434546
"DTXSID70757099",-1.84712718297808,-0.814846009302343
"DTXSID00180790",-1.85236202974663,0.0516023832167701
"DTXSID80508635",-1.89427603528736,1.93043341541491
"DTXSID90657062",-1.85576202808739,1.08887747217189
"DTXSID50844714",-1.91600914859031,-0.803834499143947
"DTXSID00649776",-1.86478190330218,1.19736440185367
"DTXSID90385196",-1.86229686790594,-3.88531690580226
"DTXSID10283089",-1.86996254126674,0.856977962921802
"DTXSID80689216",-1.89790529822495,2.66332981862329
"DTXSID10203848",-1.87155493893094,-3.07019018560054
"DTXSID10341971",-1.89554002796743,1.05982023384438
"DTXSID90396585",-1.87923609452903,-3.78032546964302
"DTXSID30740063",-1.91044362097552,0.484903842580441
"DTXSID50877906",-1.86354338258589,-2.39452931386298
"DTXSID40689712",-1.9021355297595,3.19255481307803
"DTXSID20570593",-1.84975452370928,0.457238151164626
"DTXSID70414872",-1.89635005226475,2.43461243894499
"DTXSID40535487",-1.84367946443146,0.957699871216056
"DTXSID50450990",-1.89578235116984,-0.145027155331896
"DTXSID50541655",-1.8776143456623,1.70110428852402
"DTXSID30608573",-1.86409518467001,-2.84490892848182
"DTXSID30157950",-1.85463956437402,-3.74042854579779
"DTXSID20316155",-1.85836769849515,2.21188737951924
"DTXSID30213883",-1.84825889082015,-0.0892203474886866
"DTXSID20570437",-1.85820887152219,0.701854365360047
"DTXSID00875351",-1.87161764805155,-5.23604117431642
"DTXSID60607150",-1.91285743101298,4.87647197963641
"DTXSID90178161",-1.89010653048998,0.559445478337438
"DTXSID40461914",-1.92324155396656,0.55329052981384
"DTXSID10391936",-1.92764164695341,-3.32269787431105
"DTXSID60546176",-1.91205263917903,1.44393673279316
"DTXSID70684371",-1.8417704434737,-0.244910015929118
"DTXSID80290765",-1.84054047231712,3.16550563558194
"DTXSID30407184",-1.88157273708292,-1.18113032873023
"DTXSID80896281",-1.90724412207883,2.49546577118257
"DTXSID30204211",-1.8482299360987,1.26889754262906
"DTXSID00314957",-1.8472658936998,2.66864686929867
"DTXSID60563126",-1.92009934569405,1.92454507667408
"DTXSID40397027",-1.86624670848084,-0.626349620913474
"DTXSID00420789",-1.88386598750785,0.389056896829145
"DTXSID40485837",-1.91039654767295,-1.64639093809756
"DTXSID10416310",-1.88162125304815,2.30945403548515
"DTXSID30628857",-1.87451901663172,0.935182270174016
"DTXSID10425740",-1.91385205511381,0.548580110394438
"DTXSID00315929",-1.85922425818297,-3.6885189543354
"DTXSID90470571",-1.90391711851365,-5.2960404691242
"DTXSID80565142",-1.87827720888553,2.17823085847751
"DTXSID30277162",-1.89915212443435,-3.61553451832537
"DTXSID70307078",-1.84877553243226,3.76140265014894
"DTXSID70595251",-1.9195668965274,1.56276621182649
"DTXSID90542308",-1.90411099789976,1.94912952700883
"DTXSID40848549",-1.91114537308328,-0.379663052780478
"DTXSID30357716",-1.89009002633948,1.58669542992514
"DTXSID30158245",-1.88409395425082,-0.438246828871377
"DTXSID80414601",-1.8657316750169,0.183244273069832
"DTXSID00243157",-1.87414322397718,-4.26532127186782
"DTXSID70396366",-1.88935438860426,1.52736595838798
"DTXSID40207475",-1.87504163315121,-1.7248524032157
"DTXSID40207470",-1.88126171447117,-0.886955856481914
"DTXSID80315008",-1.93531212197194,1.49433454625579
"DTXSID30574062",-1.89441927289463,-0.258714142424389
"DTXSID10222291",-1.87049755162469,-4.40749086737966
"DTXSID10208010",-1.87445779866391,-0.245201181907149
"DTXSID10480874",-1.85076567396129,6.20637244813727
"DTXSID20632802",-1.9036893086237,-1.04292865145837
"DTXSID60297378",-1.89247718147914,0.436309078946454
"DTXSID60387566",-1.9267983998066,0.576792199258132
"DTXSID90283961",-1.84214066698663,2.01665689942264
"DTXSID00392770",-1.93274334710278,0.0307626032902267
"DTXSID10635968",-1.93397028516149,-4.75722064254061
"DTXSID70175512",-1.87885318341864,2.36305344208789
"DTXSID30567111",-1.89549823610018,3.82323777016295
"DTXSID30567116",-1.86081378043907,-3.81122805156571
"DTXSID70799232",-1.85997669118598,-5.98721885999071
"DTXSID30304169",-1.86345206098333,1.76484635494609
"DTXSID80610904",-1.85567291512586,-5.67497776177683
"DTXSID30681467",-1.87776575715428,-1.33628143882051
"DTXSID30636432",-1.93628643927271,-3.75118573825331
"DTXSID10853600",-1.85938247523864,-0.896389053528458
"DTXSID30344686",-1.85916967284295,-3.38008644620887
"DTXSID00763148",-1.93319658892652,1.41768847770059
"DTXSID60479197",-1.8608911834832,-3.31457794092374
"DTXSID10645805",-1.89018569609022,-4.28100974561871
"DTXSID20491259",-1.88110829977295,-4.44099880691816
"DTXSID20547720",-1.84720418738066,-3.47107420890531
"DTXSID20688844",-1.84093072701356,3.46061023843605
"DTXSID00505080",-1.87546893501055,-2.52552643209989
"DTXSID00636767",-1.89614858605622,1.96293327232356
"DTXSID60498540",-1.93301578728335,1.43260968620843
"DTXSID00243798",-1.88967287819651,1.93539000616031
"DTXSID60876420",-1.86968312956861,-0.393420489915437
"DTXSID30531135",-1.88777554416966,0.131869600381912
"DTXSID80714118",-1.89305342755605,-0.583131145088622
"DTXSID50428477",-1.87311464580462,2.46332363797618
"DTXSID30806577",-1.92622549530711,3.94196219598585
"DTXSID30880039",-1.91257149645222,-6.69121550853193
"DTXSID70480895",-1.92541060360214,2.82532415546249
"DTXSID10597517",-1.89329766001791,0.00597974280073461
"DTXSID70520583",-1.89208069957404,0.624345957641307
"DTXSID00855012",-1.87498095399048,0.881420339651803
"DTXSID10495367",-1.8416407029894,1.60505361240724
"DTXSID10316129",-1.8470516750048,4.27304815673873
"DTXSID80791944",-1.86402788919038,3.03631465354823
"DTXSID60283690",-1.91544741192429,3.64805258145579
"DTXSID50751813",-1.87177456417392,4.19229122171884
"DTXSID40792255",-1.89167390770087,0.237043276164885
"DTXSID00786650",-1.86043962942883,2.69630584705516
"DTXSID40332857",-1.92930962107457,3.92640282343411
"DTXSID20690962",-1.92559232854401,3.3155623757853
"DTXSID50613462",-1.87780470916053,-0.604475611247371
"DTXSID10576761",-1.90206180913682,-0.332225637699618
"DTXSID80424942",-1.93767766880891,2.3994600743119
"DTXSID40451895",-1.9152981868864,0.740232496679816
"DTXSID30655704",-1.90471498397209,-3.29827690003267
"DTXSID70585713",-1.92193373404212,0.0605581661698061
"DTXSID20743568",-1.85487811152653,0.173050802005947
"DTXSID90314204",-1.8962843181906,0.674226707735797
"DTXSID60635352",-1.91233764009816,4.41063393125106
"DTXSID20370898",-1.84169345928543,3.83250100139111
"DTXSID80727021",-1.90247717647682,-1.90907142639072
"DTXSID70778820",-1.89734314555687,-2.90152712155594
"DTXSID90591270",-1.90623144989281,5.69772822734912
"DTXSID70789971",-1.86756372087328,-4.18219744720262
"DTXSID70736581",-1.87868892138088,2.37152183464319
"DTXSID80354755",-1.9300175756252,-0.45627865843097
"DTXSID10463501",-1.87988260267035,2.06500197208539
"DTXSID60694545",-1.91593825003594,1.20380723455707
"DTXSID20843315",-1.9150495618552,1.0941843244013
"DTXSID00397528",-1.90634455923899,2.551279578118
"DTXSID30523676",-1.91191179594613,1.32005933278589
"DTXSID00420401",-1.91132054853993,-5.57042722109348
"DTXSID70644511",-1.85225913713427,-0.533410159157967
"DTXSID80145302",-1.89678406139912,5.37622152701592
"DTXSID20524612",-1.84614400042512,-1.78432546314767
"DTXSID50744260",-1.89672597467115,-2.78893357070636
"DTXSID40687177",-1.85261102606358,4.70339127282812
"DTXSID70484297",-1.86737931947163,3.32987263725013
"DTXSID20461699",-1.8491684008355,3.76065351491473
"DTXSID60432000",-1.90807847025421,-0.49649197582958
"DTXSID70397393",-1.90341721769629,-0.935468697388838
"DTXSID90582567",-1.88412187964867,-0.733176651012023
"DTXSID00428826",-1.87440909670228,3.44294768575747
"DTXSID70629601",-1.89957119190721,0.692462557649977
"DTXSID50593750",-1.93672841813318,-1.24344177903292
"DTXSID30474215",-1.9371816386741,1.82649192710069
"DTXSID90467749",-1.83858026674841,-3.88926409132065
"DTXSID10657347",-1.90680218400781,2.61448676936715
"DTXSID40434986",-1.86358129258728,1.11045414123651
"DTXSID10828116",-1.90669323175917,0.863327538711073
"DTXSID40669655",-1.86104724698973,2.7067598010128
"DTXSID50360626",-1.88291184276196,0.908827833704741
"DTXSID90588069",-1.8471868567697,4.23095882107782
"DTXSID70429148",-1.87215199006967,1.33800149511233
"DTXSID50491585",-1.86015038528079,4.12943805456105
"DTXSID70641540",-1.85639973967424,1.51660683621577
"DTXSID50464158",-1.90080078310862,-1.96933245682326
"DTXSID00406841",-1.90294550387507,-1.66538341786608
"DTXSID50792701",-1.85593595170062,-1.18847703640473
"DTXSID40213354",-1.89765708341817,1.4355724331741
"DTXSID80668546",-1.92337084027277,5.07533542795812
"DTXSID50751494",-1.8759464573775,-3.48245520217249
"DTXSID90618254",-1.85197330388768,-3.29125032001302
"DTXSID20892767",-1.93576571866809,0.481880884424364
"DTXSID10363436",-1.87466037846172,0.775769956681467
"DTXSID20294025",-1.88299025167571,-2.13351314032264
"DTXSID90685825",-1.90003588697139,1.32221127898948
"DTXSID50606511",-1.84214345244225,4.44869894233737
"DTXSID8025703",-1.93201425858725,2.08749490099813
"DTXSID70178427",-1.84603961432505,-4.31352157155053
"DTXSID30598763",-1.85330971059225,-1.79701709588412
"DTXSID00358356",-1.92002917504789,-0.462496699857244
"DTXSID10698518",-1.84309986884117,-6.55342076058592
"DTXSID30155739",-1.88024947165893,3.80498825900808
"DTXSID70645124",-1.87926314314092,0.627054252845889
"DTXSID20176130",-1.90723198849815,1.3886041281111
"DTXSID20793922",-1.84206835019362,0.745362758593981
"DTXSID40815216",-1.87869697332205,-0.0856516150839329
"DTXSID10280417",-1.91362131897753,-1.31965463913719
"DTXSID30734508",-1.86939774670313,-2.25757437272466
"DTXSID90460518",-1.86985468397522,-3.27609250761047
"DTXSID60488961",-1.85505714160261,1.55096106192625
"DTXSID40610228",-1.93507218299114,-1.09006415524389
"DTXSID40442541",-1.88715622897969,0.916463641466858
"DTXSID30413563",-1.92436709848509,-2.26589593002256
"DTXSID70580460",-1.89976825345502,-2.97304460964603
"DTXSID70161379",-1.85198036588115,0.851984927549681
"DTXSID80527189",-1.87170880511473,-3.44316987621969
"DTXSID70435880",-1.89833496671392,-0.228742478730601
"DTXSID40845093",-1.84465056079829,0.687208272572087
"DTXSID80645771",-1.89401202480444,-3.37060389953515
"DTXSID60615159",-1.928549774524,2.39130092697258
"DTXSID50841642",-1.89059145280016,-0.389506927121343
"DTXSID70170789",-1.9323650848744,0.820727079711612
"DTXSID50797776",-1.86501633541003,0.523959528934755
"DTXSID70157696",-1.84170881924528,-1.29183812650642
"DTXSID30815629",-1.89235623125271,1.84068800431241
"DTXSID70877741",-1.92133848768895,2.68367637168469
"DTXSID40788133",-1.91949979045516,2.01935363398312
"DTXSID80754918",-1.84260468144777,3.8234398591978
"DTXSID80440783",-1.93243922835335,1.21123383052352
"DTXSID20312056",-1.86516847513742,-1.45963090618973
"DTXSID90733673",-1.87287427080383,0.503873081972438
"DTXSID40435352",-1.90117493133818,1.73583351203668
"DTXSID10686470",-1.8416083374652,4.1654494799969
"DTXSID80641379",-1.91443082851788,1.85808629035448
"DTXSID30556282",-1.84737357475194,-1.31977281394542
"DTXSID80691475",-1.91197432269398,3.89863620717163
"DTXSID60556533",-1.85012513811574,2.39186633438746
"DTXSID30464499",-1.85984590714532,3.16970540542453
"DTXSID40739589",-1.91473016672189,1.67697454285263
"DTXSID80704877",-1.89713543474874,-0.261039062774699
"DTXSID70853823",-1.91105389430691,-4.4406887623437
"DTXSID70486554",-1.89545290136767,1.39730906736719
"DTXSID60158056",-1.93734619980227,0.718148269433429
"DTXSID60182078",-1.92025138662403,1.21332885216145
"DTXSID80483918",-1.86487811117643,3.61893588314985
"DTXSID50230810",-1.93068541178015,-0.132795115835501
"DTXSID50724300",-1.92538345396711,1.07616211881356
"DTXSID30346009",-1.93794999078681,2.93310871662782
"DTXSID40454462",-1.8976599243437,-1.40735026330997
"DTXSID90161215",-1.91424787045511,1.47859869370419
"DTXSID10493727",-1.92293609279997,-1.61267159948981
"DTXSID60176275",-1.91620704479336,-1.88990487616711
"DTXSID40830747",-1.8451219559383,-1.69040159411998
"DTXSID50624311",-1.85200040852015,0.266007545840713
"DTXSID60214666",-1.9276606132346,0.311195939261224
"DTXSID40775144",-1.86740005612019,4.2343600955569
"DTXSID50155493",-1.91737234844039,-0.313299277004942
"DTXSID30683926",-1.93199561174616,1.73041030583568
"DTXSID30762008",-1.93690856505778,-0.00450035891887706
"DTXSID20149167",-1.87181372248801,-4.00340955450797
"DTXSID80236986",-1.93155333779627,-0.344843461007977
"DTXSID30557618",-1.93128574697833,-1.40635019564947
"DTXSID20790658",-1.88347653692226,-0.205674712946509
"DTXSID30161375",-1.89971357671319,0.0865902602403297
"DTXSID50170823",-1.93279564581333,2.27893793569761
"DTXSID60819913",-1.85073419368921,-2.00053469249064
"DTXSID10435001",-1.92199783020851,-3.70844468716214
"DTXSID60643735",-1.93567195235586,-2.91686893549123
"DTXSID80681119",-1.86105178621836,4.54697547322052
"DTXSID20532393",-1.86201891040898,3.10708200655439
"DTXSID10242398",-1.88097075510188,-4.08032693877397
"DTXSID30237847",-1.91263665350945,2.22316661531218
"DTXSID30296898",-1.83907835338984,1.47877635659251
"DTXSID30612872",-1.84805307380181,1.56381514450534
"DTXSID00655776",-1.9197101388885,3.80417866678327
"DTXSID20153103",-1.85554521288417,-1.54321147849065
"DTXSID60596257",-1.93677449108463,1.56130800190213
"DTXSID00383729",-1.91732394330678,-2.52642322114074
"DTXSID50506229",-1.90721238713452,-1.05764741903911
"DTXSID40571401",-1.84127850336031,-6.32985111235711
"DTXSID90232116",-1.93239399746839,-0.742954407313861
"DTXSID60442861",-1.91019282275377,1.83210403399708
"DTXSID90499146",-1.92001971366866,1.7810183548001
"DTXSID80527240",-1.86019621988841,-1.98898284297386
"DTXSID60641736",-1.87458709098106,-0.759421087176196
"DTXSID30323572",-1.91651156376666,1.08053478296898
"DTXSID70578544",-1.88894678546297,0.0404616546741025
"DTXSID40670448",-1.87956411049046,-0.959001998124072
"DTXSID30226377",-1.85474544648414,-0.0529862341661117
"DTXSID40523046",-1.904780669849,0.456306728136848
"DTXSID80346892",-1.88567351243875,-1.26993931298153
"DTXSID50819947",-1.92132875783084,-1.27429485084244
"DTXSID00184016",-1.88564017169585,-2.31578798244404
"DTXSID90169296",-1.89186025328954,1.6327908515173
"DTXSID20644460",-1.91326125502736,-1.67079612918039
"DTXSID50702103",-1.89487597128491,-0.270941184635912
"DTXSID80546911",-1.83966367440021,-3.08565621185091
"DTXSID20813114",-1.86868310370338,-0.698642284196455
"DTXSID10377775",-1.90403230172918,3.20093844784507
"DTXSID00640864",-1.90967098920805,2.05769499868967
"DTXSID00830167",-1.87582222526529,3.9622466814054
"DTXSID60497871",-1.8700331325269,2.17256356886001
"DTXSID40628545",-1.9153243985184,0.644410849381773
"DTXSID20702973",-1.89323165159552,-2.0483937257845
"DTXSID00456861",-1.85882761561837,-0.202830439358551
"DTXSID50745530",-1.88712624327922,-8.6024006313601
"DTXSID20397904",-1.91516598690427,-1.61421497821129
"DTXSID50359555",-1.90985568696869,1.55329120506985
"DTXSID40787323",-1.85689357944769,-2.70587222033049
"DTXSID90607087",-1.85481323604743,-0.542779849738584
"DTXSID70811100",-1.93006075403949,-2.75974725750601
"DTXSID50689364",-1.90156432175137,3.08288917485606
"DTXSID80438983",-1.90023447848969,-2.9814235736327
"DTXSID60672267",-1.87415673448319,-2.675721482328
"DTXSID6032645",-1.9178484492128,6.23510733761928
"DTXSID50293304",-1.9005627718077,-0.837240387178627
"DTXSID40681377",-1.93294009398802,5.27146219931337
"DTXSID40426442",-1.91247762730457,1.48639029305787
"DTXSID50378867",-1.87533022243835,1.54240556261504
"DTXSID30809220",-1.92664950126311,1.16020990395275
"DTXSID20535127",-1.84428396778948,-2.19218934757373
"DTXSID90183154",-1.86594210323718,1.49318334131334
"DTXSID90706246",-1.88771755555015,-2.68917066220019
"DTXSID00778878",-1.8522916155937,-4.96932380919523
"DTXSID00832585",-1.84628987818321,3.27215677839142
"DTXSID20350514",-1.85390221051294,1.2631111867716
"DTXSID70491466",-1.90937299147932,2.48933287930943
"DTXSID1020720",-1.902954266066,1.50814628417599
"DTXSID20386696",-1.92718941413395,-0.461336957428691
"DTXSID70821683",-1.86354805391663,-1.07146499070988
"DTXSID80393866",-1.92959118066826,2.03888706416473
"DTXSID20242829",-1.8653665503745,4.8050705599427
"DTXSID10471989",-1.86208503496935,1.53894774988528
"DTXSID80600300",-1.85834994761492,1.57757301615665
"DTXSID10854253",-1.89501304537566,-0.99049108775447
"DTXSID60394750",-1.93532931675299,1.14848490283292
"DTXSID40625195",-1.84250340130735,-1.75500617715034
"DTXSID30684135",-1.92295421825592,0.103889673157834
"DTXSID30683643",-1.84715335874465,2.6366483936798
"DTXSID40542212",-1.90913485210949,2.02772973503104
"DTXSID10683909",-1.8685649502111,-1.10008368686362
"DTXSID40729607",-1.91999316445417,4.65063781191873
"DTXSID40435170",-1.92795351637093,0.0335707010237622
"DTXSID90417860",-1.92874530100909,-0.862801333512251
"DTXSID50540648",-1.90503394125978,2.47487173383234
"DTXSID60705746",-1.90106922125919,4.84981827867643
"DTXSID40874883",-1.90293051063802,-2.42948323143707
"DTXSID00417492",-1.89410301904781,3.79665305854036
"DTXSID50647186",-1.85367503577516,-0.791789597826361
"DTXSID50160325",-1.84999821813735,0.784734143567714
"DTXSID70822155",-1.90590551191714,-2.81608931719035
"DTXSID10699222",-1.93637320587692,-0.0141827266065989
"DTXSID10282173",-1.83933700132934,4.10017978111433
"DTXSID20795906",-1.85406722134877,0.964633630026381
"DTXSID10550506",-1.92124797568049,-1.23521048579234
"DTXSID20240421",-1.90414608124841,-0.770164163896053
"DTXSID80631952",-1.90358405721772,-0.921028437135912
"DTXSID60692541",-1.92734376346842,3.82734074270933
"DTXSID70552607",-1.89117871254579,-0.950167983955701
"DTXSID50531536",-1.86495891357657,0.315649458929898
"DTXSID80316893",-1.92613091194946,3.82612169952953
"DTXSID00383446",-1.88156545218735,3.48474885986313
"DTXSID80841554",-1.91682186492104,-4.10313623824728
"DTXSID30552168",-1.91771731623746,-3.44218536370375
"DTXSID90346883",-1.91374649117501,-2.17954492241391
"DTXSID00462740",-1.85509128236076,2.64401605902624
"DTXSID40660703",-1.88644868359965,0.572195101959756
"DTXSID10457642",-1.88774462544369,0.768057908234593
"DTXSID30351017",-1.91489131918705,-1.02794388291642
"DTXSID70695649",-1.84108405642406,1.12696967797882
"DTXSID80239715",-1.88237936568515,-5.3546114170833
"DTXSID50526942",-1.91144156415077,0.304001432183938
"DTXSID30384961",-1.86333544072499,-0.140503157937896
"DTXSID40496322",-1.90875026766628,-3.20505500014914
"DTXSID70546546",-1.93320206252124,0.205660064770313
"DTXSID20636441",-1.86227006982064,-2.71254430977237
"DTXSID30173014",-1.88346066929031,-1.26507346725308
"DTXSID50772886",-1.9025143303864,0.591899180871648
"DTXSID40345260",-1.88677057946082,2.59748819221428
"DTXSID90784721",-1.92311545912883,-8.21911979337282
"DTXSID40351705",-1.90052106076437,1.97595334150723
"DTXSID10155959",-1.87741264114942,-6.31058427427624
"DTXSID90740488",-1.93527132125438,-1.33036322886001
"DTXSID70432839",-1.90812888929156,-2.05914480149036
"DTXSID20674060",-1.84968073951784,-4.18778129248846
"DTXSID80282403",-1.91619313062276,2.63734784884468
"DTXSID70316983",-1.89443598432667,-1.9077157285347
"DTXSID80780595",-1.84168071821338,1.16664718515531
"DTXSID40308613",-1.87156496403283,1.63956538377019
"DTXSID30294011",-1.8397366985802,3.2013931286298
"DTXSID40803411",-1.86902809896365,-2.48666651103603
"DTXSID20887214",-1.9349847740964,-8.48127137727057
"DTXSID80417819",-1.84395643974685,-0.610636041158649
"DTXSID80638406",-1.92398175292209,-3.854700943216
"DTXSID70671701",-1.87018370331737,0.581882981244523
"DTXSID1059650",-1.87331487799749,3.60068565494759
"DTXSID90489608",-1.87806882832737,5.02069873306956
"DTXSID70350185",-1.84678262271687,-0.873958683878184
"DTXSID20677213",-1.89299354919518,-1.75628968348842
"DTXSID20728012",-1.92526666425894,-3.01003248095134
"DTXSID90519459",-1.92649038535942,-0.47212040703614
"DTXSID70634932",-1.90284425756413,-1.38742214440141
"DTXSID10195254",-1.85611745706547,-2.07584256694728
"DTXSID80190655",-1.87964575814505,-0.702134902757928
"DTXSID10225803",-1.9207405934958,2.1233617893986
"DTXSID00171087",-1.91812759696202,1.14882333195648
"DTXSID80823698",-1.85040501183996,0.938170422116821
"DTXSID50223308",-1.84360825492062,-0.534796502456962
"DTXSID90540203",-1.89126484064018,-2.67896143779682
"DTXSID40516150",-1.85641640236146,-4.25669928895615
"DTXSID60525108",-1.88164106991615,-0.258340985709513
"DTXSID10645901",-1.87397586004084,0.00655933667061408
"DTXSID60566430",-1.90512865805707,-5.1725809329039
"DTXSID80728795",-1.89190463319505,4.0240267927496
"DTXSID40633437",-1.90273597922542,-0.779972232363933
"DTXSID10746523",-1.88515039626672,2.01232277471454
"DTXSID10321899",-1.93120036542494,-0.0769855368383044
"DTXSID00878463",-1.92212016150883,-1.79832269251831
"DTXSID80729969",-1.93189347738074,3.19550394726796
"DTXSID50673607",-1.89588470347606,0.911179636379369
"DTXSID80150653",-1.84538370369471,0.970760426790343
"DTXSID50667667",-1.92354653197401,0.0686759637736945
"DTXSID90827006",-1.84620943751336,-1.37989717910934
"DTXSID60668569",-1.84484037467484,-0.107981176366054
"DTXSID10838977",-1.92772323609399,2.84111996625131
"DTXSID20481478",-1.86945451178363,-0.622144077990969
"DTXSID00553586",-1.87887324188123,0.258122992708153
"DTXSID80332952",-1.93553123996573,0.614613688313013
"DTXSID30690913",-1.87104794905988,4.69209236682509
"DTXSID10798406",-1.87762429224632,0.0898557648771572
"DTXSID10481482",-1.84606674812145,1.31837452550024
"DTXSID70440015",-1.92583205222003,-0.190254202259366
"DTXSID70393931",-1.88979432743085,0.439489364688684
"DTXSID40651994",-1.87552995671039,2.05686723389485
"DTXSID10404095",-1.93529385120136,-0.824187967631359
"DTXSID70698610",-1.84714537642069,0.824787084151929
"DTXSID80625937",-1.9003553768949,-1.25612573600083
"DTXSID80879716",-1.93081759519858,4.19201519824523
"DTXSID30823562",-1.89149193611471,1.93450467900427
"DTXSID50886992",-1.85475363082025,-1.83430408786518
"DTXSID00349704",-1.9333013230925,0.576363950793441
"DTXSID10279088",-1.92762928674139,0.285614224929014
"DTXSID60834186",-1.87994278741133,0.908671452286041
"DTXSID20454723",-1.91510445607003,0.149158548834522
"DTXSID40500059",-1.87727735977593,3.31431066802299
"DTXSID90658857",-1.88473892931968,5.10305979330877
"DTXSID9068956",-1.87541286200235,0.9489037167218
"DTXSID20226402",-1.91410237393844,3.87615682357933
"DTXSID00461970",-1.93634317322742,1.2556150094
"DTXSID00431491",-1.84294979653617,2.38105355705808
"DTXSID70608658",-1.84184998475921,-2.58361201385222
"DTXSID60694287",-1.90264660817225,5.38919449696115
"DTXSID30459926",-1.90039239007316,-2.80949768622807
"DTXSID20241832",-1.87916401449775,-2.56225013567356
"DTXSID20419514",-1.86624036313204,1.41729216236434
"DTXSID40309620",-1.89993736925248,4.77971911958257
"DTXSID50736428",-1.838349184468,2.92408906836386
"DTXSID10312469",-1.84910669992936,-0.863273466981284
"DTXSID30685728",-1.85398806748221,2.16471174792602
"DTXSID20661430",-1.87361851310334,-0.334799598935308
"DTXSID80294960",-1.87175756715901,2.80156156513795
"DTXSID10874552",-1.92408858715593,-1.16373522549306
"DTXSID70376108",-1.89500594945972,1.78956941575174
"DTXSID20511148",-1.85797736472709,-0.899606217916393
"DTXSID40733204",-1.85639827663643,-1.49243255348364
"DTXSID60191443",-1.8955200068522,-1.77926735764666
"DTXSID90385570",-1.92213059238621,-2.78506899203819
"DTXSID40187980",-1.89435958244831,-3.41531139065276
"DTXSID90304625",-1.88189700189907,2.76926120557942
"DTXSID50582780",-1.88861407331062,0.79227759293044
"DTXSID70629702",-1.93024528602276,2.96454135085893
"DTXSID20875974",-1.90311192386855,1.1399191041356
"DTXSID50636353",-1.86919629519413,-3.45240816836693
"DTXSID00614262",-1.87163177356554,-0.69493637235574
"DTXSID10407526",-1.90094305947525,-5.3934358769154
"DTXSID90813727",-1.87361261417343,0.942441270294645
"DTXSID50462730",-1.84190137113161,0.713260939310382
"DTXSID00514233",-1.91151795360106,-5.25394582361156
"DTXSID80424705",-1.85574007372367,1.36265872447721
"DTXSID10833967",-1.9105055088682,-4.1591768876284
"DTXSID80464222",-1.91381292740884,-8.47877568290838
"DTXSID70770182",-1.87257317868507,4.22941209806013
"DTXSID60719848",-1.85794432708267,1.82426672383741
"DTXSID00685699",-1.90673081292423,1.56472719033263
"DTXSID00685694",-1.89551203695398,1.35003688193954
"DTXSID40312578",-1.93475548205541,-0.853572785539123
"DTXSID90533372",-1.87847945974671,-0.531708918312119
"DTXSID90442591",-1.84658992700858,-3.24256980023755
"DTXSID60532690",-1.92428222483096,-1.63279818041567
"DTXSID80641571",-1.87991055599733,0.863332644397975
"DTXSID70718165",-1.85050682546523,4.50483862032071
"DTXSID60361669",-1.90253040355159,0.303875344507475
"DTXSID50742665",-1.92779765401425,0.0764535727643817
"DTXSID40221232",-1.93605187925261,0.612084591446002
"DTXSID60309102",-1.83875358611778,1.11776551256455
"DTXSID60478367",-1.86089953370943,-8.07038063297363
"DTXSID80720850",-1.87887961584258,0.765600316751171
"DTXSID70277161",-1.87096061399258,-0.822034000818573
"DTXSID30177592",-1.85072740004584,-1.50063773904536
"DTXSID10336746",-1.84674672054994,2.08477374326798
"DTXSID2024747",-1.90671911159893,5.37780678682649
"DTXSID70727631",-1.85576937660562,2.40790019143675
"DTXSID60319165",-1.85879896641659,3.05309854639932
"DTXSID20825131",-1.93430460549683,2.88424336900768
"DTXSID10840772",-1.8726712740591,-0.670263503528318
"DTXSID60561465",-1.93704854958019,2.89385658264402
"DTXSID30355575",-1.88088668773015,-0.0666527622393775
"DTXSID20230544",-1.89997849113749,-0.22711019829193
"DTXSID40482760",-1.866226320718,1.82450559194262
"DTXSID40753240",-1.89688963867079,-2.25155314124703
"DTXSID00846465",-1.89434053086902,2.14322116710396
"DTXSID20278880",-1.87854605787228,2.38124956309658
"DTXSID50774901",-1.90365317776494,2.21501411522072
"DTXSID10231949",-1.90576733398388,3.29022556804092
"DTXSID10691428",-1.89745618853678,3.46930508640398
"DTXSID70847227",-1.85612353609301,3.97211849303347
"DTXSID80498946",-1.91427759140761,0.0290910409436001
"DTXSID70560348",-1.89788109957196,-0.0438540681173016
"DTXSID50557918",-1.85437825842514,-2.60555651632942
"DTXSID80275173",-1.85007663079883,1.9683029184614
"DTXSID80565768",-1.8803158657743,-1.68187686692978
"DTXSID20451358",-1.91243907467955,1.2429181562622
"DTXSID40573748",-1.93298713561113,-1.15393341509483
"DTXSID60176735",-1.93810507515137,2.08519943849116
"DTXSID90347214",-1.92350527049089,-2.34870528262875
"DTXSID30382785",-1.93701656734459,-5.45189813077446
"DTXSID10572869",-1.87756414725523,2.43968284011169
"DTXSID70421586",-1.86753330862103,-0.417059503418385
"DTXSID30602394",-1.90352880780286,3.59743632129964
"DTXSID10825327",-1.91443952731113,4.90737574671276
"DTXSID10372442",-1.87791241207154,0.822652788086701
"DTXSID10468692",-1.8676240412524,2.54422681141832
"DTXSID20217037",-1.8814654729217,0.457194044398209
"DTXSID20202004",-1.88670570613162,-0.405913917774413
"DTXSID90352626",-1.91677973138076,1.90181966763082
"DTXSID30529698",-1.88682825844484,2.06869029063242
"DTXSID90304160",-1.8532813472736,1.36996718936565
"DTXSID60573720",-1.92629660606962,3.4157959278934
"DTXSID70582186",-1.90282040228737,0.161365216516019
"DTXSID70347792",-1.89295649665842,0.462399778870565
"DTXSID10545891",-1.88680731259478,-1.4606039056698
"DTXSID80166638",-1.87675112377025,-0.636704639028917
"DTXSID10436159",-1.88684886506118,1.51832490946181
"DTXSID80747441",-1.90850146403994,-1.61247522622292
"DTXSID40320714",-1.90301781409165,-0.299014456515742
"DTXSID50554548",-1.90168661367756,-4.89837196536552
"DTXSID20366054",-1.87675314371599,0.51614686586138
"DTXSID20301844",-1.86859267057703,4.49122575153181
"DTXSID50293506",-1.91586853782003,0.557080306071949
"DTXSID30345895",-1.86479179355017,7.6522698197189
"DTXSID60829537",-1.89369193015599,3.14000530475552
"DTXSID70773153",-1.84815569011007,-1.50110668457016
"DTXSID90697347",-1.83869102449205,1.33727103488104
"DTXSID50768269",-1.89781794664243,-2.91007940030993
"DTXSID70572209",-1.88707557659991,-2.83985908580165
"DTXSID00614707",-1.92959119328612,1.96889484365934
"DTXSID90744805",-1.88199014248473,-0.867840298745466
"DTXSID20601179",-1.9109108793236,-1.80387614651132
"DTXSID10817000",-1.83947237426168,2.85545011588306
"DTXSID6067834",-1.85018781963411,-2.33534171041933
"DTXSID40356154",-1.83871386391291,1.61393242217452
"DTXSID60706450",-1.925758518371,0.218170656328897
"DTXSID90702102",-1.89344423981555,4.14695958543325
"DTXSID60685519",-1.88983191207693,0.68737695419853
"DTXSID80723144",-1.9304912727917,-1.8138224891536
"DTXSID00333163",-1.8829282683949,0.326328567238552
"DTXSID70189174",-1.89638971695928,1.83693519826072
"DTXSID40147988",-1.91854139245247,-4.2439403342763
"DTXSID70693665",-1.89496520093773,4.95909313287701
"DTXSID30501434",-1.88065936395122,1.34003812553628
"DTXSID30774045",-1.93557788229454,-2.65545783579467
"DTXSID20321461",-1.85390344421235,-2.48235302407108
"DTXSID90377319",-1.86331062933355,1.44564619520166
"DTXSID30877500",-1.86895592712048,2.55105417558429
"DTXSID10523230",-1.863140074247,0.0867178951653986
"DTXSID20609913",-1.86753578933562,-3.42738201713718
"DTXSID90560168",-1.89601041415245,3.05046168422995
"DTXSID30847026",-1.89102120493095,-5.53638495283401
"DTXSID20687837",-1.88229761562634,2.0214857010055
"DTXSID90354620",-1.90527060046145,3.44716526781323
"DTXSID90820113",-1.84428623532102,-4.12082466388991
"DTXSID50689208",-1.93118620766625,3.82898664521743
"DTXSID70540726",-1.85326171320722,-4.10345815519148
"DTXSID70598702",-1.86301295008756,0.618135894089115
"DTXSID80430644",-1.90798621989433,2.45937698986661
"DTXSID20825252",-1.87714167003871,-1.82275886932646
"DTXSID40576936",-1.92623476336246,1.26628656526298
"DTXSID00567744",-1.87811809584142,0.736254340809627
"DTXSID60147905",-1.92849861716599,0.994753371205636
"DTXSID10517558",-1.89431380145112,-0.863183157630259
"DTXSID70394822",-1.84536992998344,2.29132189958371
"DTXSID30647508",-1.91743435330378,2.64667301312112
"DTXSID90682319",-1.85206540573427,-2.43556111717316
"DTXSID60559241",-1.87017172353637,-4.10412309605914
"DTXSID50570940",-1.89877268884925,1.82586010289842
"DTXSID40295594",-1.86303804750146,0.809176709171497
"DTXSID60685832",-1.89710066459956,2.5060889131561
"DTXSID00425451",-1.88974272816936,1.46889985586674
"DTXSID90685406",-1.90561889540159,-0.428008254090886
"DTXSID70526929",-1.90937996561832,1.98705814576058
"DTXSID60242262",-1.90327980772551,0.40756612643957
"DTXSID40790897",-1.91888012307877,-3.61931396408888
"DTXSID30317870",-1.90259765642687,-1.86639368801363
"DTXSID50524084",-1.85908728924156,-2.52230540709709
"DTXSID50193032",-1.86439942721426,1.0670093674981
"DTXSID80540111",-1.84593065911465,2.79755399569076
"DTXSID80391024",-1.86219358000575,1.52558370344301
"DTXSID10395878",-1.88559397906549,0.458233583305375
"DTXSID10211286",-1.87730676379218,-3.30498189720698
"DTXSID70594749",-1.93732783755052,-1.4358330528196
"DTXSID50477167",-1.84179623019061,1.07043234737605
"DTXSID60693639",-1.8608839120236,-1.37678371916124
"DTXSID00510018",-1.8590474708668,4.34861693086016
"DTXSID40651712",-1.91801968134752,3.86012108383355
"DTXSID50204819",-1.84451752837195,-1.21643332368565
"DTXSID40698763",-1.88771780144914,0.819544248530311
"DTXSID40698768",-1.91521503065053,-1.02413864939017
"DTXSID70808277",-1.91711024366756,-1.24816262532292
"DTXSID2067791",-1.90037965304715,3.35812906621977
"DTXSID60358458",-1.8666383070358,0.0452944217406729
"DTXSID30700920",-1.85336408568849,4.23873887378131
"DTXSID30735979",-1.85302527433489,0.229693591084232
"DTXSID50583116",-1.91639452499964,-1.04200222867889
"DTXSID10682770",-1.84824864627963,3.43493190770353
"DTXSID80350616",-1.85815329398727,0.350275118836378
"DTXSID40202703",-1.88428573422448,1.03615737837659
"DTXSID40658488",-1.92827233842783,-1.09409477218236
"DTXSID70230837",-1.91581130392801,0.602924448138467
"DTXSID20606265",-1.85279993446073,-2.2098902628814
"DTXSID50819563",-1.89075005967786,0.786429608580989
"DTXSID00366335",-1.89576584072734,-1.45383578815964
"DTXSID00366330",-1.88704094373137,-1.77952529378399
"DTXSID40226641",-1.90376197872957,-0.131750252097231
"DTXSID40680486",-1.84698304469046,2.23778494155295
"DTXSID60219671",-1.87537367833585,0.383749893951667
"DTXSID80156716",-1.88774480508846,-0.547546788972925
"DTXSID00165966",-1.87123810184974,0.142975751483637
"DTXSID80742911",-1.88292137678547,1.93947114610692
"DTXSID30742880",-1.84992915243652,5.18249377968534
"DTXSID70280514",-1.83926459908647,-0.541854794348319
"DTXSID80230621",-1.90718779963011,-1.68058649286349
"DTXSID10314802",-1.84133921395932,2.06265667438375
"DTXSID80692462",-1.90168205325087,1.513976655888
"DTXSID80484026",-1.91634110012632,2.83138399702826
"DTXSID80698101",-1.8764987367936,-5.38162862812859
"DTXSID20720576",-1.89547536276795,2.68039555239893
"DTXSID80781289",-1.91698560755676,1.44450727376079
"DTXSID40518578",-1.85571269373575,3.8543885824457
"DTXSID20896947",-1.83907391641195,4.58036949508839
"DTXSID50553798",-1.87190236283553,1.34782381379348
"DTXSID60373707",-1.9165422024032,0.222541345493553
"DTXSID90400116",-1.90352957122917,-2.98972828311044
"DTXSID60682609",-1.92690551282522,2.11863166651365
"DTXSID60291098",-1.93037628032162,2.76992834376698
"DTXSID10735513",-1.91479052597744,-1.32071706195087
"DTXSID10606592",-1.893860592837,0.603465932396055
"DTXSID00601930",-1.88726700277198,-5.13114473023989
"DTXSID70214213",-1.86773173934782,-0.29219899117267
"DTXSID50651900",-1.87701560807453,2.41145482550728
"DTXSID20530273",-1.83910880068242,-0.387865905269055
"DTXSID30446199",-1.85037011459656,0.718623918725765
"DTXSID70683607",-1.85089264453396,3.83662133326508
"DTXSID60177727",-1.91397744578434,1.77830999447503
"DTXSID10540184",-1.9293656158762,0.96633657214819
"DTXSID20528958",-1.85151095036277,-2.010778495818
"DTXSID20148751",-1.88449634357305,-4.67154668954557
"DTXSID80770173",-1.87967762011711,-1.61948236555021
"DTXSID20742435",-1.85853067403717,0.849796716296855
"DTXSID30606276",-1.88762208427777,-4.3467980663108
"DTXSID60749463",-1.88769322410067,-7.04095119562269
"DTXSID10285826",-1.90136603300621,2.02986882230771
"DTXSID80694300",-1.90068022534551,3.05427703106282
"DTXSID70852932",-1.86994971861474,-2.44146208754834
"DTXSID90765095",-1.87865049546231,-0.503484575936255
"DTXSID30445546",-1.84360707829624,4.49800449519208
"DTXSID40577362",-1.93353897692401,-3.63126586865991
"DTXSID60165048",-1.86440962453699,1.74957058546444
"DTXSID70827509",-1.91327758625429,1.91814186721241
"DTXSID50713370",-1.88828920895003,-2.36372773533822
"DTXSID60425371",-1.93123378813922,-2.24922228468258
"DTXSID00653974",-1.91181026261397,1.70372659738714
"DTXSID40689393",-1.84836731434566,3.01843777161633
"DTXSID80499933",-1.86749635959345,-1.66331810879408
"DTXSID30214335",-1.90578395716411,1.31253896446324
"DTXSID50826338",-1.91736461414531,2.22648107959169
"DTXSID10300785",-1.93038341966498,-2.30514075491591
"DTXSID00428765",-1.85311496761907,2.1905828918289
"DTXSID10170667",-1.88759900269476,-0.696690689083149
"DTXSID20647370",-1.85470371610798,2.03228951181338
"DTXSID40799507",-1.84912117896179,0.138753876802017
"DTXSID50579938",-1.8873746084137,-0.799131012492413
"DTXSID10768442",-1.8831310551543,-0.847991241658019
"DTXSID40708093",-1.86170981207035,3.56888313336385
"DTXSID50661428",-1.89738915267011,0.804582891328796
"DTXSID30520726",-1.93675511600365,-3.30776012262039
"DTXSID20282745",-1.90624813520371,1.70014189173479
"DTXSID60810162",-1.92951907123622,2.63084601806527
"DTXSID50739712",-1.91967085282793,1.14740456215499
"DTXSID90166285",-1.91687328041487,-1.04106581407683
"DTXSID20191444",-1.85665224656925,-3.02666299669579
"DTXSID70734224",-1.91640201826161,-0.683693242940576
"DTXSID50656758",-1.86930877467792,3.03591411722129
"DTXSID70292617",-1.91584803881529,0.655140322724356
"DTXSID80280404",-1.86476309540522,-0.49693739939661
"DTXSID40680441",-1.87747737957072,5.79664163890787
"DTXSID20642305",-1.88757224408103,0.513523793347286
"DTXSID10407541",-1.92406874820309,-0.308146874404065
"DTXSID50563993",-1.85397745234939,1.6277599391327
"DTXSID10441849",-1.84314639701108,-1.35392994561264
"DTXSID50158267",-1.92326855770565,-0.0641505490026746
"DTXSID90564621",-1.88206026838985,-0.390503755450132
"DTXSID00676820",-1.92704269224067,0.350689261531942
"DTXSID90294895",-1.85960430295973,-1.51249556736361
"DTXSID70389859",-1.90458014826958,-3.43281230886579
"DTXSID10429844",-1.93823096714499,-2.9597551546004
"DTXSID90279506",-1.89969647415618,-3.09924089076076
"DTXSID40594579",-1.93344446941039,-0.142887061343282
"DTXSID60146599",-1.88770708753792,0.575127064477168
"DTXSID20670562",-1.91789115636828,5.00579216857383
"DTXSID50670934",-1.93358929437956,3.47260267915731
"DTXSID50874399",-1.89004838357103,3.63151311948647
"DTXSID20651593",-1.91824097982724,-0.7736448274956
"DTXSID10533071",-1.88050776932267,-4.2916160944213
"DTXSID40670443",-1.90441123666287,0.219199775467203
"DTXSID6027921",-1.91865130241602,-1.24155330868023
"DTXSID60296220",-1.91835966093684,4.19820108984411
"DTXSID60660902",-1.8841174033984,-0.575302475654428
"DTXSID20326754",-1.90074034792397,3.4419519040593
"DTXSID60734975",-1.89046115855132,1.93293003274346
"DTXSID30805464",-1.91213454642367,-3.84278814328368
"DTXSID10758363",-1.92697928027204,-3.61142515533889
"DTXSID80455195",-1.88678798221795,3.95915479485931
"DTXSID00598477",-1.91248801698852,-1.79962766032223
"DTXSID70541455",-1.88249511950658,-1.71069954794572
"DTXSID20346477",-1.88884864182707,3.68101010778117
"DTXSID80386571",-1.88460184025517,-0.758427932705123
"DTXSID00326550",-1.8541726626744,4.52560592344564
"DTXSID50146265",-1.91369477127658,2.19685206829992
"DTXSID60146357",-1.88882369928428,-0.0230343954754503
"DTXSID30495364",-1.88743779683854,1.21814529083724
"DTXSID50302208",-1.85916272968882,1.8026703066709
"DTXSID90536621",-1.88954956171468,1.11858456901482
"DTXSID10341219",-1.9160098732977,-3.1778434818017
"DTXSID70324427",-1.84256244575631,-0.481117424883494
"DTXSID00467316",-1.85358460822366,-5.7295491506717
"DTXSID10683161",-1.88316478012462,4.10605165254396
"DTXSID10145355",-1.84829741740537,-3.23903028744487
"DTXSID00684925",-1.89440204403832,3.12805329827206
"DTXSID30490137",-1.92183150825913,0.342504541954434
"DTXSID50844572",-1.8713253976646,-1.48234781828979
"DTXSID9068299",-1.86650237307099,-5.37950320245275
"DTXSID50478295",-1.89858712226406,-1.68610657094742
"DTXSID40321367",-1.87660000008285,0.96674519151507
"DTXSID90323356",-1.88792332606392,-0.413539138325629
"DTXSID90216850",-1.9150639192626,-0.22866045569575
"DTXSID60669879",-1.90414133310156,0.815935225210167
"DTXSID00763961",-1.88315232971258,-2.0684907474328
"DTXSID10326667",-1.90919262053372,-2.85282982150792
"DTXSID40395306",-1.9296313623698,0.320241361025583
"DTXSID70688137",-1.91668674511125,3.71616899815836
"DTXSID80659535",-1.93096153648964,3.79367985674544
"DTXSID30737130",-1.88216806249893,0.406251562234652
"DTXSID30375132",-1.8931449104623,-0.641579832709382
"DTXSID40290983",-1.85411283948712,1.01832930798488
"DTXSID20585965",-1.87598834999985,-2.12657716294274
"DTXSID00692626",-1.86445425883335,1.8014045500361
"DTXSID40431495",-1.91549544092693,3.65054607094377
"DTXSID70678790",-1.92967409851084,0.919234123264996
"DTXSID60144232",-1.8659297547549,-4.56053908201529
"DTXSID30819420",-1.83918906169514,1.12686015238251
"DTXSID50850936",-1.92828751462629,-0.83800243642477
"DTXSID40598279",-1.90635066527678,-0.878092244864452
"DTXSID10467105",-1.88706804201693,-1.83050841592591
"DTXSID90678116",-1.93354529571384,0.568828179452702
"DTXSID70231844",-1.88102000627158,-0.676847337946694
"DTXSID30608639",-1.89216421554361,-4.64188801022211
"DTXSID00644549",-1.87392825927528,1.79464923763553
"DTXSID40452781",-1.89466369132171,3.8368566303916
"DTXSID90506127",-1.87242557602086,1.06120324384151
"DTXSID90673868",-1.90474968353068,-0.174546592490319
"DTXSID50191492",-1.93485528013328,2.65611109018343
"DTXSID70234734",-1.85649602689707,-0.170910526349815
"DTXSID50691245",-1.91357249511254,5.56324377639135
"DTXSID10824734",-1.87766896056921,-4.55223222871831
"DTXSID20326496",-1.92480097300922,1.38931126089015
"DTXSID00792271",-1.87279195333084,4.48215731831385
"DTXSID70419605",-1.86740682805824,1.94803585161974
"DTXSID40685673",-1.92284104377675,0.194050200622242
"DTXSID20385503",-1.93417346475964,-2.53829407421008
"DTXSID20798654",-1.89394787862989,1.17403944683894
"DTXSID50896950",-1.8935441606665,-10.5190917467962
"DTXSID80465097",-1.84242902175753,0.884549039579363
"DTXSID90504406",-1.91799799809578,0.96817692089837
"DTXSID50740303",-1.88049159378119,0.458548267690161
"DTXSID80773705",-1.90567697504777,1.65707446841205
"DTXSID70708804",-1.88845297685315,1.99293644581541
"DTXSID80538230",-1.88482169853644,3.7534476884047
"DTXSID90705254",-1.8574479441966,-0.374494225654861
"DTXSID60478322",-1.92129452656352,-3.11113151985602
"DTXSID10387556",-1.84745973398344,2.23788445050338
"DTXSID00243814",-1.92207609426646,-3.82496997181247
"DTXSID80686124",-1.84927541380529,3.59290978717793
"DTXSID80780813",-1.87940541459463,-0.228811080285254
"DTXSID10161277",-1.8929814506416,-0.61443585131557
"DTXSID10605484",-1.90306713032998,0.306947620127807
"DTXSID70376002",-1.84969785291533,2.50122935751769
"DTXSID6029202",-1.84967347721392,0.691948780302683
"DTXSID50153853",-1.85921390780911,1.99404533523484
"DTXSID10367833",-1.91184379771492,-0.0401861903641056
"DTXSID60472401",-1.87402905016505,0.932997908807679
"DTXSID30172764",-1.86389415279392,0.401278001413911
"DTXSID20731086",-1.86732584373604,3.9027298109886
"DTXSID50459165",-1.86355884737737,-2.2503192522447
"DTXSID80398871",-1.8651203670885,2.12148410818492
"DTXSID60453199",-1.88437157108128,-1.49714342803253
"DTXSID80383707",-1.92608790757696,1.28132316273622
"DTXSID90550468",-1.86938499754765,-0.0160445450216603
"DTXSID20576373",-1.89235149180644,4.35731266390537
"DTXSID80178039",-1.84798536556457,-3.5971693680179
"DTXSID40706776",-1.89941517335111,-5.09993492754366
"DTXSID40706771",-1.89816336291479,0.615761681734071
"DTXSID80558493",-1.85125017936096,-4.13207685294188
"DTXSID50612859",-1.84246549884917,0.479350397292258
"DTXSID50688695",-1.86564161889223,3.12251213614117
"DTXSID50555171",-1.91523501382427,1.21373850494513
"DTXSID90553090",-1.87229657743518,-2.83333791176801
"DTXSID70489080",-1.90421692869016,3.59700860507231
"DTXSID30655229",-1.88033603456651,2.15419901388241
"DTXSID80459092",-1.91536376647364,-2.79193946350086
"DTXSID20396290",-1.87560740676823,-3.07244006121481
"DTXSID30754766",-1.90593697407052,-1.53010254847744
"DTXSID50739974",-1.93459579687288,0.798056436280985
"DTXSID00302218",-1.84020587330079,1.96902092825818
"DTXSID90841121",-1.93817815589658,-1.0566412639653
"DTXSID60144671",-1.87746926715758,-1.34455715792191
"DTXSID90166063",-1.87559225929316,2.07532518660892
"DTXSID80236163",-1.84263450814994,2.62254625755976
"DTXSID50295202",-1.86628615511298,-1.59838975006072
"DTXSID60691498",-1.85651603418055,3.29079581977371
"DTXSID60402501",-1.93799737295663,-2.3507940410315
"DTXSID90516281",-1.8832017884507,-0.976157446527439
"DTXSID6058138",-1.90953609908206,1.23515786548282
"DTXSID20374250",-1.92744227166791,0.197378532528416
"DTXSID20793902",-1.87441206976953,-3.73005332288859
"DTXSID20439974",-1.87984106835696,-3.10711721135446
"DTXSID00687193",-1.90429611369603,4.01279544004348
"DTXSID60639133",-1.9363300091904,-0.168939191017325
"DTXSID90684878",-1.88986184533333,1.76382481019039
"DTXSID80602965",-1.87181588474614,-3.04353119017762
"DTXSID40398791",-1.90417934224381,1.17558333481262
"DTXSID20192850",-1.90535439507115,0.399520191060916
"DTXSID70750484",-1.8438207857737,-6.91879428948912
"DTXSID20166854",-1.91646314698193,1.67147878819515
"DTXSID10400193",-1.93466036314229,-4.98285991225671
"DTXSID90747856",-1.89553235752892,-3.45744664314467
"DTXSID40836108",-1.89338792967706,1.53403130528563
"DTXSID60518116",-1.91466952738598,-2.11250741361063
"DTXSID90455949",-1.84837550943071,2.19821653297914
"DTXSID2025761",-1.91139418194096,4.65315249642992
"DTXSID40740918",-1.93748763489033,0.708706482872141
"DTXSID00232480",-1.92313136773084,-0.895551103241359
"DTXSID00540810",-1.84877876765029,1.29915795597744
"DTXSID40323922",-1.91002761269416,-0.382871464804749
"DTXSID80891716",-1.91603898051558,-2.02625901024759
"DTXSID00243172",-1.89045806497902,-2.38639583909498
"DTXSID70787053",-1.87805835759632,0.878528459704129
"DTXSID20431271",-1.84473732160247,0.167117737673118
"DTXSID00667314",-1.87433047744071,2.60542315778121
"DTXSID40691678",-1.8867344110471,3.10003775347038
"DTXSID70641585",-1.86297945196082,-1.33855395726567
"DTXSID40240903",-1.88141527744462,0.330142430773637
"DTXSID90865928",-1.89677981828476,-1.37027996472468
"DTXSID70169971",-1.91230090898478,-2.14050289350359
"DTXSID00641452",-1.84864390432638,-1.74690009797421
"DTXSID90784029",-1.93436639957168,4.00154742761384
"DTXSID80647053",-1.91807246625822,-0.40202989801515
"DTXSID2041913",-1.92061442449071,0.767455172735185
"DTXSID30307655",-1.91196191857409,-1.28241618742495
"DTXSID60766251",-1.85046929922674,-8.54292003466929
"DTXSID50680876",-1.87527262303267,1.27530411275725
"DTXSID30287367",-1.84391145447253,2.98461276667197
"DTXSID60425932",-1.87818308925764,1.37616886827855
"DTXSID70850650",-1.93004412388658,2.67865217267872
"DTXSID00571184",-1.9186599185907,2.42365088806712
"DTXSID60223718",-1.92993084010582,3.59482498440058
"DTXSID70775455",-1.87754916624029,-0.86390363964318
"DTXSID50187097",-1.90706412421614,-1.55646419999673
"DTXSID00614601",-1.89721390711506,-5.825287121256
"DTXSID30305176",-1.93482055572329,0.528418573768957
"DTXSID90356346",-1.91455680986878,-0.241486819526082
"DTXSID40473618",-1.9271503234189,-0.439273065559326
"DTXSID00194170",-1.91196269678513,-2.37355556888326
"DTXSID00692404",-1.93057585792169,0.264671811385722
"DTXSID80696283",-1.88263993005647,1.35572045830691
"DTXSID50774022",-1.87878024901537,0.248842688084653
"DTXSID40727648",-1.9345526782372,1.02357861411052
"DTXSID70353671",-1.92252838492168,1.83971168742773
"DTXSID50162586",-1.87727419424581,2.06395416135132
"DTXSID40452842",-1.93053957229754,-0.98798824622502
"DTXSID30596527",-1.90665494746162,0.733152697522335
"DTXSID20435113",-1.93422252851304,2.09398784480423
"DTXSID80687833",-1.87452142951039,2.58562977882989
"DTXSID80687838",-1.90546821464763,1.22386172073382
"DTXSID30802554",-1.87310463166763,-3.87693165317118
"DTXSID70618297",-1.88736695479093,1.35164333088375
"DTXSID10509317",-1.86687389822893,1.16227530118414
"DTXSID00659633",-1.85385697668004,4.51872583535452
"DTXSID20161642",-1.84604160981512,2.9657172732188
"DTXSID90352949",-1.84446755467077,-2.32146769281106
"DTXSID40645974",-1.92415116058382,-2.5427629041112
"DTXSID30687984",-1.87586620634774,4.49372857245772
"DTXSID90332589",-1.93726476595113,1.95228690386288
"DTXSID90660950",-1.92057551734959,0.575039722564661
"DTXSID00752658",-1.92707302575809,1.71096229077078
"DTXSID50176082",-1.88262533667738,0.297056613653698
"DTXSID00526932",-1.88024267361801,2.89384407692596
"DTXSID40525368",-1.85265377669431,-2.50491441195681
"DTXSID10394664",-1.89869726352496,0.220337038564825
"DTXSID00843378",-1.84514595406596,1.63576991992883
"DTXSID90761835",-1.88812756666322,1.26027356372939
"DTXSID7061487",-1.87999087757354,4.5704930926071
"DTXSID30647205",-1.91184894754511,3.49834938743012
"DTXSID60462382",-1.90277360909952,0.817307293713876
"DTXSID40729248",-1.839683008542,3.12031364817378
"DTXSID30774525",-1.84652502461203,-2.70317779642971
"DTXSID70759578",-1.91886826273531,-2.19265599739893
"DTXSID00602846",-1.87487592265259,-3.08639878102958
"DTXSID90864138",-1.9010473680881,1.24052915695533
"DTXSID20513844",-1.87365769705526,-0.626927178358955
"DTXSID00505803",-1.90880345257007,0.980809898302232
"DTXSID10640335",-1.92612274992971,1.54666976406694
"DTXSID00165865",-1.85881578530838,1.51152132640984
"DTXSID30511356",-1.8726729958191,2.67502398785975
"DTXSID00538535",-1.87826143168167,0.425314339675205
"DTXSID30689529",-1.88800223773267,3.60548113277757
"DTXSID30726645",-1.92506904074752,3.99946088915944
"DTXSID5034357",-1.86575840952466,7.51580708238752
"DTXSID10434958",-1.89572527896894,0.468056988204338
"DTXSID40661073",-1.8544281778249,-0.189286013847455
"DTXSID70212532",-1.89344848393647,-0.0210868502089348
"DTXSID40643511",-1.85110366205626,-2.90512354962708
"DTXSID60687250",-1.92389360273379,4.87513171020328
"DTXSID70529495",-1.85513824084104,3.17326956877057
"DTXSID20844049",-1.89237754999367,3.13815333547374
"DTXSID40485670",-1.92814205899948,-2.85109902365622
"DTXSID60322917",-1.91542806413693,0.498374901011893
"DTXSID30737478",-1.86200905073663,-3.41010845002444
"DTXSID70527830",-1.93110955425684,-1.0873546533499
"DTXSID90342688",-1.92880847360729,-6.25715835168089
"DTXSID40695914",-1.83929651597711,0.0687739717921443
"DTXSID80478723",-1.91536637643766,-5.07020745105457
"DTXSID70344544",-1.90360751966827,-1.60866421661929
"DTXSID80190256",-1.91647686756206,3.92880517131855
"DTXSID00531122",-1.87242725132819,-1.65429798318647
"DTXSID00468984",-1.87809462676466,1.72469229052878
"DTXSID30784785",-1.87720822190044,3.71729519510346
"DTXSID30649784",-1.87914478550302,-0.0404097204932067
"DTXSID80439430",-1.87118968479058,-1.16103313214137
"DTXSID00450647",-1.91459502679791,-0.564375767039554
"DTXSID40467517",-1.88294633211669,1.00544802130875
"DTXSID70208637",-1.92187975556718,-3.18372340549546
"DTXSID50225524",-1.91326175489999,1.56478784955256
"DTXSID70228794",-1.91784525454575,2.88906625893682
"DTXSID70495868",-1.90224520370688,-1.86130994593905
"DTXSID60850760",-1.87118974138922,-6.98980805162358
"DTXSID90848458",-1.90428053877703,3.62992692688788
"DTXSID20579667",-1.89112137424298,-1.72306031113231
"DTXSID40877576",-1.93378449097401,-0.960967756312282
"DTXSID80393407",-1.86961121832459,3.85589927220418
"DTXSID60278667",-1.85005491401826,-2.22341353562082
"DTXSID80353162",-1.88882806845926,1.27131069728222
"DTXSID10315319",-1.89681208463088,0.469299651130816
"DTXSID90470814",-1.84394834985083,-0.750184916830979
"DTXSID40800768",-1.86846893148462,-6.38452149011166
"DTXSID10806419",-1.93498378510121,-5.68390656869434
"DTXSID10806414",-1.92695822866388,-5.37452167120301
"DTXSID80872944",-1.90538766188788,-8.04202509961284
"DTXSID4072944",-1.89395924061734,-4.29990635443458
"DTXSID00366158",-1.84268225795575,1.27943123952313
"DTXSID90232696",-1.93087426321538,1.28334744426915
"DTXSID90817563",-1.90420478265844,3.70441787069091
"DTXSID00509326",-1.86249635678447,1.93499218307005
"DTXSID60143083",-1.8824455255693,1.62239414620716
"DTXSID00490422",-1.89022035477361,-0.867741926061738
"DTXSID70663146",-1.93341826310796,-0.407457022476006
"DTXSID20684366",-1.89627872723352,2.01147479675634
"DTXSID20684361",-1.87027979279453,2.53011272205386
"DTXSID20699435",-1.85385228692454,-0.573861092787836
"DTXSID00689617",-1.86257654640193,2.86658727434038
"DTXSID00843393",-1.88984138673431,-0.942576733594172
"DTXSID40440380",-1.88914598223979,0.185562352217401
"DTXSID30466938",-1.90505595354875,2.00921732340645
"DTXSID4061208",-1.84292652897215,0.141505408169185
"DTXSID9052719",-1.93729825571644,0.951817010575806
"DTXSID20328076",-1.91377990902626,2.08680368164857
"DTXSID00657977",-1.93560582347577,-1.85304784629582
"DTXSID00201979",-1.87737278132447,-3.68357258897275
"DTXSID90223281",-1.87537443747521,0.549298012135658
"DTXSID30199597",-1.87548732310429,-2.73116108545386
"DTXSID20530394",-1.90709902048076,2.33930830480895
"DTXSID90277840",-1.84578340027435,1.61359560537578
"DTXSID70685181",-1.90897762467427,1.94662856181025
"DTXSID70697320",-1.93162420268277,0.646669480698
"DTXSID60515928",-1.90224525114766,0.48908671162964
"DTXSID70781096",-1.89562597290788,1.84600253836862
"DTXSID90724723",-1.84596338941151,-0.242241736290457
"DTXSID70844731",-1.83892632327433,-0.409055178818924
"DTXSID60786570",-1.88212086145938,-1.48992743081645
"DTXSID80647270",-1.92331169627273,-2.45406143907607
"DTXSID9045506",-1.87299623921983,1.75875622350392
"DTXSID40397042",-1.84533236230195,0.964786791506476
"DTXSID20224685",-1.8485354416492,-6.66363386902963
"DTXSID50215041",-1.86897794117366,1.71691946565065
"DTXSID00575349",-1.84567645404855,2.1869883247506
"DTXSID60808105",-1.86033178786408,1.24179649116227
"DTXSID30296055",-1.87061206890239,-1.56018747742804
"DTXSID80310018",-1.85370287750177,0.48519257139501
"DTXSID40478229",-1.87239407770493,2.5873673425453
"DTXSID60613190",-1.86364336199138,1.89674838373129
"DTXSID80228780",-1.92086149419514,-3.12681382361768
"DTXSID20628048",-1.88742451461638,3.64114727152697
"DTXSID10157690",-1.91708849056871,-4.98551818971738
"DTXSID80463432",-1.85251549678104,1.95730701621396
"DTXSID80825056",-1.93035956380656,3.73813946008798
"DTXSID30465880",-1.87533120039313,-2.24112183741096
"DTXSID10346825",-1.89763325482587,0.562143136096899
"DTXSID90634277",-1.91528492585913,-5.32739902106723
"DTXSID00366931",-1.84345497955536,-1.03128970333642
"DTXSID60706319",-1.93226805524858,-6.06507781519031
"DTXSID60397781",-1.87510642727971,2.57084793403216
"DTXSID90361571",-1.92441174420692,1.31080921273502
"DTXSID00320770",-1.89756377990418,4.22120601577676
"DTXSID90518427",-1.85475048612794,1.17230280968953
"DTXSID80315684",-1.88979032052565,4.9462517656676
"DTXSID80353561",-1.85627019395985,1.53337131776923
"DTXSID50770620",-1.91036686804599,-0.0467432304254007
"DTXSID50806731",-1.91021789578031,2.59180961867374
"DTXSID50431688",-1.88372111485424,1.54733251587342
"DTXSID10379158",-1.89156674942998,0.592427341141987
"DTXSID50875068",-1.87649128639801,-1.69218278664016
"DTXSID10156542",-1.90322857178423,-4.6705955916973
"DTXSID90383450",-1.90941734768884,2.90104951765917
"DTXSID70538360",-1.8620118186499,-3.2674632856735
"DTXSID90656237",-1.90648716676179,0.442209145698563
"DTXSID90606136",-1.90711819659778,-0.91989691733713
"DTXSID80429073",-1.84727952118457,1.94602318408726
"DTXSID60678148",-1.87053147414166,1.55311366319225
"DTXSID10305619",-1.89026469130057,0.974649271412535
"DTXSID80688320",-1.87574463454166,4.01692582460531
"DTXSID20307568",-1.86605708329015,0.811755793527418
"DTXSID60228824",-1.92680615817547,4.19906753039785
"DTXSID20847712",-1.90186344457053,3.14633248540603
"DTXSID70786268",-1.91402290814301,-7.62549521540524
"DTXSID20495277",-1.85063576907307,-1.53642511286749
"DTXSID10432898",-1.88964891153397,0.229635268329509
"DTXSID50775973",-1.9002021254984,2.2948495792564
"DTXSID50833522",-1.92912870713213,-0.557414035327993
"DTXSID90840659",-1.88584440693637,-0.0575599385790189
"DTXSID10512447",-1.89427116019814,-0.303356335561905
"DTXSID00444566",-1.87459726630116,-2.43463935463258
"DTXSID80783900",-1.87219296921657,1.23533093513833
"DTXSID00200144",-1.9034940144476,0.933280421979892
"DTXSID00701005",-1.92018745470304,0.809274614757082
"DTXSID10444890",-1.92449756491463,1.35817687268566
"DTXSID40365564",-1.90188483280994,0.623541786535652
"DTXSID00529246",-1.92859979306419,-1.0554960509764
"DTXSID50278656",-1.84251753117157,-0.0989780208523077
"DTXSID80761541",-1.89182346965366,2.54023722572362
"DTXSID50216795",-1.8920114461811,0.544754448839119
"DTXSID50219640",-1.88693212701441,4.98724274817702
"DTXSID70641767",-1.84087537701474,0.647566464164657
"DTXSID30324948",-1.85556965911626,-2.61164999186516
"DTXSID30324943",-1.9320527164254,2.52565162488593
"DTXSID60426262",-1.87439912184342,3.19326370538773
"DTXSID10641605",-1.90657191536002,-0.504579286029176
"DTXSID00821095",-1.92989563077861,-3.00304099844632
"DTXSID60716054",-1.84459869652644,0.366095922137948
"DTXSID60806343",-1.86826469167596,-0.910279967622772
"DTXSID10144025",-1.93636418686696,-0.713302771355682
"DTXSID80381985",-1.88078982534493,0.995874548329909
"DTXSID40286447",-1.85945675780246,0.050309985575551
"DTXSID20495010",-1.86940796693895,2.15174854673683
"DTXSID90405747",-1.87596883840802,-2.4794511110747
"DTXSID90690999",-1.87272478998464,3.72973409257481
"DTXSID00217631",-1.88002670830565,4.85539051168741
"DTXSID00217636",-1.89340798984481,-1.53895136003831
"DTXSID60688722",-1.87126479881971,3.28202024079389
"DTXSID70150980",-1.92565558255289,-2.32028555349894
"DTXSID50485040",-1.85774303158739,0.334215354561141
"DTXSID50289207",-1.86295720755342,2.26776970045133
"DTXSID30442671",-1.84686424321826,0.625437374903801
"DTXSID30769895",-1.89670646378281,3.46798640592136
"DTXSID40621293",-1.84760981528671,1.06372012379661
"DTXSID60403417",-1.86199458512092,-2.32395092993838
"DTXSID80548450",-1.91241195455032,-1.5449602190683
"DTXSID20351107",-1.84841308173943,5.16922010611429
"DTXSID90356422",-1.86128686431722,-0.630559315085003
"DTXSID70683945",-1.8975464809004,2.90232269763247
"DTXSID80694865",-1.85238752042436,0.4922711522894
"DTXSID60824860",-1.89800829206401,0.133236125767358
"DTXSID00426701",-1.84409644379434,1.77590858207553
"DTXSID90363232",-1.9080693669384,3.04313817002555
"DTXSID30814011",-1.89591935345681,1.40413885882564
"DTXSID30401102",-1.89295255854322,0.764256463009735
"DTXSID90595632",-1.85452482715446,5.06505287120798
"DTXSID70353136",-1.89072735194585,0.979101495040508
"DTXSID10197975",-1.84434657470888,1.67155659908232
"DTXSID20296685",-1.87099837210666,4.23496068606932
"DTXSID20522395",-1.90565959248667,-0.676438766433993
"DTXSID50701373",-1.85323018282852,2.13033542103043
"DTXSID40474589",-1.88447885854878,-0.573274935352503
"DTXSID90358163",-1.87819437234791,-0.605211608515654
"DTXSID50703190",-1.85318946765552,0.979165183547292
"DTXSID10676619",-1.89126207000085,3.47579221058558
"DTXSID00820043",-1.84719143116392,3.23939239236812
"DTXSID80237216",-1.93208226756447,-0.949162645946959
"DTXSID40775664",-1.91874925758235,-5.72238672328405
"DTXSID10168887",-1.91890266272548,-1.05701547906653
"DTXSID10211165",-1.85864027676414,1.52380733687861
"DTXSID30520908",-1.89747827490233,-0.3163203327649
"DTXSID20226604",-1.88619828971231,-2.50530238940168
"DTXSID80430366",-1.86076675185181,0.498752590620437
"DTXSID9061049",-1.8949018363506,2.67189396998429
"DTXSID70688197",-1.87328286092596,2.7266645328428
"DTXSID30545934",-1.84474409427755,2.11563964380472
"DTXSID20326835",-1.87486811866314,4.06994921377017
"DTXSID40684500",-1.86760831611259,1.94313484652632
"DTXSID10163539",-1.93690108674433,-4.6443962967057
"DTXSID00690142",-1.83964730345979,3.7491839351262
"DTXSID10822114",-1.84111811363243,-4.86481388934053
"DTXSID90806553",-1.87285803667125,0.951266305848504
"DTXSID40180799",-1.92130288903223,-0.0594357058321686
"DTXSID60501220",-1.89627270043227,0.0404567473043375
"DTXSID80616820",-1.87959564693193,2.29891769827009
"DTXSID30184943",-1.91490433345529,1.58755518533278
"DTXSID40346696",-1.91042689644043,-4.03009873974867
"DTXSID60650267",-1.86381678398451,2.45673324338299
"DTXSID10496056",-1.86747571364925,-4.99780355042123
"DTXSID70719990",-1.90555584008516,-2.04524383729892
"DTXSID00685093",-1.86006590571836,1.75431159364701
"DTXSID90648894",-1.88714386971099,3.70426901780507
"DTXSID20849852",-1.88444570342474,2.31436384143255
"DTXSID10683929",-1.9328725566291,0.685048816463141
"DTXSID40784433",-1.85660324734533,-1.39320742212487
"DTXSID90681786",-1.85727472815867,2.6353099681251
"DTXSID60848561",-1.90933513817304,-4.42638706447044
"DTXSID20691075",-1.86957774323898,3.56543224560082
"DTXSID80310639",-1.8384607894141,2.99709872300793
"DTXSID60808327",-1.88009916039068,-0.484268313220344
"DTXSID90422772",-1.86664481341407,-3.96043490059647
"DTXSID70238974",-1.8645717795483,-1.47191280551459
"DTXSID50196523",-1.93507997754036,4.35768667251613
"DTXSID00484705",-1.89822776819091,-1.47774110089729
"DTXSID00609774",-1.90563379423732,-1.12981969252453
"DTXSID30302246",-1.93158631797547,1.5199586490721
"DTXSID80757585",-1.92378976969292,0.616095614346521
"DTXSID70444816",-1.86770352766962,2.96942380252868
"DTXSID50541594",-1.84149696139287,5.65042840841238
"DTXSID40828765",-1.89278405142239,-1.80569382612848
"DTXSID70440696",-1.88447253070579,3.63638272661306
"DTXSID90484759",-1.84079641245833,-1.106942905206
"DTXSID80213277",-1.88250433366259,-6.26953166599298
"DTXSID80792931",-1.84131686670762,-1.98240070209813
"DTXSID90455469",-1.92984961256196,-2.18555458688264
"DTXSID80744394",-1.86156169695874,2.86739169603655
"DTXSID80815593",-1.90022896076164,0.708766120921296
"DTXSID30356380",-1.86061661675084,-2.31006707373981
"DTXSID90304185",-1.87591765021329,-0.254684392775281
"DTXSID80685692",-1.93099304524423,1.66839952215747
"DTXSID40688129",-1.85085915676019,4.06422922260713
"DTXSID60236348",-1.90405354533138,2.06410489309663
"DTXSID70687408",-1.87173186065455,5.93749499528019
"DTXSID70687403",-1.84835163102514,5.02087286709285
"DTXSID20539822",-1.93762243869097,1.69401366198979
"DTXSID40778933",-1.85054080945731,3.24956428474094
"DTXSID80514276",-1.93378506506002,-8.0810327201021
"DTXSID70204210",-1.86186753482498,0.787770835690929
"DTXSID30597251",-1.8516598342164,-7.95375763625222
"DTXSID40739382",-1.91640060574965,2.85623618231614
"DTXSID70710189",-1.8491769055919,4.7957022614764
"DTXSID90749198",-1.93733663874328,-6.58893035665016
"DTXSID40545243",-1.87655876601946,-0.711568053676363
"DTXSID00822007",-1.86699625753861,0.85478032212542
"DTXSID70690836",-1.93271160013725,3.58866288413697
"DTXSID20588850",-1.84438175385455,-1.992905165361
"DTXSID00346571",-1.86018252791891,-0.548422768136576
"DTXSID70370166",-1.91682065636553,-4.45904075649089
"DTXSID80886900",-1.88349379781338,-1.41469868238067
"DTXSID70454354",-1.92046937561398,0.811862318873708
"DTXSID60716433",-1.90556286893677,2.5759587381329
"DTXSID30152485",-1.9092076490023,-2.17629023524644
"DTXSID00500838",-1.87717020960003,-1.27467319093098
"DTXSID10844134",-1.89908572877965,-3.78027756465521
"DTXSID20374997",-1.8973857895682,-0.573473708204538
"DTXSID70237225",-1.92364410556363,-0.975496552061158
"DTXSID60771840",-1.92419905977454,-2.25335755048899
"DTXSID70713110",-1.90219773109758,0.118312817690595
"DTXSID40561862",-1.90365858075495,2.50882918729238
"DTXSID10470331",-1.88649044278014,-2.38893838701279
"DTXSID80632803",-1.88874540588681,0.203134745555364
"DTXSID70674999",-1.84142117084842,0.90203093514774
"DTXSID10404272",-1.85784210834876,5.1480868764602
"DTXSID10554140",-1.87830566595476,-3.8655645141162
"DTXSID60626649",-1.85827037973203,0.788035013325066
"DTXSID80791868",-1.88669259978714,-2.37106750067241
"DTXSID10874512",-1.88858285438086,2.24383308570369
"DTXSID00429934",-1.93203275543221,2.50045684128055
"DTXSID90454674",-1.89856675346356,-3.70486315828983
"DTXSID90144644",-1.92356222366256,-2.7844567642322
"DTXSID50691164",-1.87882966879416,4.13676194264979
"DTXSID30601024",-1.8775760258082,-2.60221859694361
"DTXSID10608450",-1.8876156376315,-2.43119434279759
"DTXSID50772861",-1.88341786020772,-1.01271296778688
"DTXSID30242294",-1.91798990914507,-3.61372838060569
"DTXSID20523544",-1.83974977105422,-2.58233976705431
"DTXSID90621602",-1.9102117897328,1.96954184666429
"DTXSID5052200",-1.89615856772997,-3.42722789449802
"DTXSID50154961",-1.89237249260578,-3.20741452142061
"DTXSID90815428",-1.89173228521584,-3.08502109246512
"DTXSID70785938",-1.92710111190924,3.41855886740157
"DTXSID50163078",-1.9319139288104,-5.95393788931311
"DTXSID10708227",-1.88625577389901,-1.45198549282345
"DTXSID00508930",-1.91899578866346,-0.808602313077859
"DTXSID40332953",-1.85023561810361,0.215339947521359
"DTXSID00836402",-1.92355585890778,-4.78386526084006
"DTXSID10880951",-1.87549202848226,-7.01115798888139
"DTXSID70383110",-1.93732396851922,0.131885171329114
"DTXSID90386340",-1.85954931083241,-1.34266942469923
"DTXSID90386345",-1.92764077177789,4.70436072450355
"DTXSID60352810",-1.85948592910526,-0.903580159649698
"DTXSID90402918",-1.84774615691233,4.25075990870551
"DTXSID00513403",-1.92693320511386,-2.51381389539288
"DTXSID80803874",-1.90400925509368,-0.610417993721118
"DTXSID60288145",-1.879458873721,-4.02607918886657
"DTXSID30823749",-1.93728226090345,-0.310242822954442
"DTXSID90789135",-1.9184120615493,-2.61319303427109
"DTXSID10657625",-1.92794903668353,-3.93851136108147
"DTXSID70538229",-1.91319799641755,-0.735450277414019
"DTXSID80681230",-1.88735779070528,4.81134720008109
"DTXSID40358734",-1.87244856853881,1.01511255830904
"DTXSID60652660",-1.85454501203461,-0.745009913111615
"DTXSID4024698",-1.90095840937274,-4.75884714651075
"DTXSID90317134",-1.89002319348003,-4.99227182659902
"DTXSID40143107",-1.89116862146206,-0.433297195594156
"DTXSID90292811",-1.90109294949908,1.16255338183098
"DTXSID70392404",-1.86805808789656,1.0576111367034
"DTXSID80189605",-1.90919400726348,4.03911224613095
"DTXSID10312489",-1.91624716579956,0.169862203020084
"DTXSID30685703",-1.92245044229812,1.20973472980157
"DTXSID80686048",-1.85900405624847,0.148121542771957
"DTXSID60366331",-1.85181127663633,-3.14104307827055
"DTXSID80223174",-1.88163576773523,3.72220124321182
"DTXSID10705690",-1.89980758049947,2.54168875456005
"DTXSID90762226",-1.9221716439473,-1.99067878106323
"DTXSID40168991",-1.84471611238204,-0.767861150104677
"DTXSID6064377",-1.93660142394416,2.84007407297051
"DTXSID20615170",-1.87784865379354,3.43553771017938
"DTXSID00323529",-1.91848081705366,0.885154829250794
"DTXSID60146534",-1.88550300197721,5.44812727522732
"DTXSID40580699",-1.86327822356969,0.281828818540773
"DTXSID10808211",-1.91244435902978,-0.47186749333116
"DTXSID20739446",-1.90095031448053,3.98502854404318
"DTXSID70599633",-1.91084959318172,2.56987784797848
"DTXSID10683742",-1.88936733176359,0.776002079387949
"DTXSID30799415",-1.91402760534427,0.0161733228374855
"DTXSID80417192",-1.90631245423267,0.480022486176393
"DTXSID40644442",-1.9310639766222,2.81197582144699
"DTXSID60677090",-1.86482681919073,-4.57072772391097
"DTXSID90696254",-1.87565701339174,-0.67985605096774
"DTXSID90854796",-1.85774476602603,3.0059642714317
"DTXSID70438634",-1.90064118437716,-3.29173162893766
"DTXSID50799391",-1.84046701077872,-4.55188634979924
"DTXSID50332464",-1.84906381282253,2.12765557720932
"DTXSID20144531",-1.87518639540816,-2.94505028072186
"DTXSID40532077",-1.93243395866619,4.52927294565718
"DTXSID10671700",-1.86451695811541,0.542126483704224
"DTXSID20661697",-1.84821487774402,4.67062035762627
"DTXSID50570162",-1.84827475151939,2.22128894249841
"DTXSID10647364",-1.90521327275794,4.3380425688611
"DTXSID30808192",-1.86784481076056,2.27833583866588
"DTXSID70672834",-1.856108051678,-0.591672352892361
"DTXSID60210643",-1.91425054924008,-5.70147246851437
"DTXSID70366423",-1.90721474917248,3.28850933150421
"DTXSID10355492",-1.9160363060133,0.171454465531304
"DTXSID40794810",-1.85152755162512,-2.95167369733548
"DTXSID80687575",-1.8467426931225,3.17363385456052
"DTXSID10658157",-1.92311109845056,1.27777299705655
"DTXSID40602880",-1.8951696691723,-0.644815918043066
"DTXSID80384830",-1.88282059966362,4.46128075296192
"DTXSID80636745",-1.86384310081488,-0.627774130067493
"DTXSID90842870",-1.89436472479241,2.72029059901437
"DTXSID60842266",-1.89115651491358,-0.902758485088389
"DTXSID80350055",-1.85341295309296,0.13428000357625
"DTXSID00687916",-1.83914968324433,3.74647800836045
"DTXSID80604787",-1.91380604936938,3.71164541971259
"DTXSID70430092",-1.86815923597718,-3.25440934561372
"DTXSID80354619",-1.908645618794,3.57545232759052
"DTXSID50513397",-1.91103068209599,2.76119635323291
"DTXSID60832041",-1.88225661698569,-1.17008570702694
"DTXSID20758379",-1.9003468853674,-2.32086750306333
"DTXSID40562632",-1.85746416039514,0.340555140466313
"DTXSID70631507",-1.88194553726045,0.876438199444676
"DTXSID50189172",-1.90073395021009,1.34537063808066
"DTXSID80355186",-1.93554434350704,0.626008297953904
"DTXSID60463798",-1.89815842869807,0.74104965044378
"DTXSID30385271",-1.86822481922207,4.03087391040514
"DTXSID80646561",-1.92603540125691,1.41836825154395
"DTXSID10723233",-1.90166668938033,0.532975932256578
"DTXSID60359465",-1.92656840286852,-2.33795604772
"DTXSID30211046",-1.85526898144425,-3.38846058215497
"DTXSID50690975",-1.88580197401993,5.43958040798779
"DTXSID50690970",-1.92197313547462,5.00150677094167
"DTXSID40685996",-1.90372979818369,1.60335120735829
"DTXSID80689615",-1.90005981151813,3.03736426513767
"DTXSID50357091",-1.90642160046094,2.82223244702952
"DTXSID70687822",-1.88945588909716,2.65940694114065
"DTXSID60419477",-1.93573788481366,-2.98876791032499
"DTXSID50750003",-1.85669948885939,3.11476683657051
"DTXSID70674914",-1.87202136590999,-0.304341335967338
"DTXSID6067123",-1.90038154800571,-0.295696196761691
"DTXSID20386393",-1.86091050294466,0.294219974178494
"DTXSID20349084",-1.85275990819299,0.124835150605383
"DTXSID80548157",-1.86833363882326,3.02655411804043
"DTXSID70784380",-1.89531998865897,-3.30574361904052
"DTXSID30531615",-1.90869569769234,-0.155165080214685
"DTXSID10367318",-1.84120588287476,1.72152513636102
"DTXSID90401885",-1.91284038125065,0.211397146926609
"DTXSID30689044",-1.8724890532893,3.93026337510385
"DTXSID70389076",-1.92541454932936,2.48608880871168
"DTXSID50636510",-1.86966365140522,0.993274525870256
"DTXSID20606422",-1.84338678346455,2.50782861128182
"DTXSID10698856",-1.91201032314856,0.455813200547906
"DTXSID70539433",-1.9044781793045,1.91203655061172
"DTXSID60158152",-1.91930870223948,1.3227029975344
"DTXSID00889650",-1.85105970959981,0.294861777001555
"DTXSID40187147",-1.89909411651588,0.292868006663076
"DTXSID20479113",-1.89184291692154,-1.16927053435707
"DTXSID10810753",-1.83844310624816,-2.53858679689386
"DTXSID80205354",-1.85123305597449,2.58349401085253
"DTXSID00366436",-1.91053737846728,4.94893868134631
"DTXSID80817234",-1.9343047145121,-2.68677198787375
"DTXSID10530924",-1.88129312520155,-4.86283417169349
"DTXSID20516178",-1.91594055467684,-2.807127034544
"DTXSID50641624",-1.89970897231483,3.066657236498
"DTXSID30345532",-1.85040072064398,2.08379716568052
"DTXSID20766237",-1.90098495810526,-3.24944261676814
"DTXSID90629880",-1.9113359054512,1.04160895878676
"DTXSID80543364",-1.85248731790309,-0.469126493510027
"DTXSID90353835",-1.86344758238525,-0.422840403128572
"DTXSID10493601",-1.84014598927239,-0.366473963531616
"DTXSID70820954",-1.88201494131368,1.87880085686287
"DTXSID80283011",-1.91181285406227,1.12219649595932
"DTXSID00876727",-1.91472244641997,2.99729115541121
"DTXSID80434288",-1.87376787921756,-0.694221605057391
"DTXSID30555013",-1.90107281248611,3.15691503586817
"DTXSID90429468",-1.93232488968099,1.60633182388836
"DTXSID4065812",-1.85000289597766,-0.539206110128864
"DTXSID90341131",-1.91565732426637,-1.81980043178809
"DTXSID00462760",-1.90332519617703,1.75938146008663
"DTXSID50404958",-1.91235645619831,-0.00460715254054997
"DTXSID80542756",-1.9367697632789,0.950506698347175
"DTXSID70723118",-1.90151085838201,-1.20253491087243
"DTXSID50514122",-1.85560770591186,1.06431922847289
"DTXSID60223531",-1.92661623498761,0.530989592004471
"DTXSID00375068",-1.90782019515284,3.90564258992927
"DTXSID90487942",-1.91114785974769,-0.579579187347253
"DTXSID60568595",-1.9164433310399,0.701055488346639
"DTXSID30589611",-1.85554714237555,4.41084666913373
"DTXSID60572410",-1.92083589680563,0.315241583920535
"DTXSID70394842",-1.87743227051043,4.61985951367093
"DTXSID50291082",-1.92034328422367,1.05818188236686
"DTXSID10458053",-1.9315751226437,-3.66348634819321
"DTXSID60456943",-1.92719862817991,-1.02552344735718
"DTXSID90635163",-1.84751246103144,-0.592470044392109
"DTXSID00874445",-1.91397792102901,-1.92928613366198
"DTXSID60348011",-1.84974425796076,-2.22646924129702
"DTXSID50434573",-1.88321335685335,4.58460097788123
"DTXSID10706122",-1.90900921167905,2.1875240166025
"DTXSID20410920",-1.91235812121051,-1.65574246614468
"DTXSID50684894",-1.84659496973008,3.94156140675717
"DTXSID10361174",-1.8385773223848,2.4835109936422
"DTXSID00174139",-1.93258233964676,-3.14928360723433
"DTXSID30689448",-1.93746240767396,3.10804477755826
"DTXSID90451406",-1.88236905365695,5.99941412657842
"DTXSID70594921",-1.86336920662277,1.35935123211543
"DTXSID10782542",-1.87973766346577,2.69871534919287
"DTXSID70314424",-1.92278210944539,1.04292873170667
"DTXSID80466165",-1.90284776357123,0.635605868239205
"DTXSID70333094",-1.90314858926964,-5.69638809933924
"DTXSID70804557",-1.87214477189123,-0.283787945044472
"DTXSID80318630",-1.93419410235294,1.81920189932891
"DTXSID70599451",-1.92031109900223,-0.371601167734165
"DTXSID50366340",-1.91370556534658,-1.46315674632191
"DTXSID60679675",-1.9297842826111,1.97881168371011
"DTXSID40177487",-1.83921511151319,-2.54359621458439
"DTXSID20558093",-1.91673981473146,2.94144316785237
"DTXSID70379699",-1.86531414438988,1.56245060545458
"DTXSID70891104",-1.8740670131463,0.0830708835723064
"DTXSID30531539",-1.91392886461175,-1.75351257053598
"DTXSID10385017",-1.85647535239387,-2.13165097305735
"DTXSID30806279",-1.88989195001172,0.556602334956982
"DTXSID60620788",-1.88874375690549,-4.92637494006382
"DTXSID50690218",-1.85335861568236,1.99437007710521
"DTXSID20292748",-1.85019485599002,1.79876283760149
"DTXSID20474880",-1.84211409230145,-3.16420189785275
"DTXSID60617416",-1.904657007331,-1.56141935968695
"DTXSID10825807",-1.9138437053969,-0.825559791630967
"DTXSID30667564",-1.92283989059129,-2.56972647990122
"DTXSID70395293",-1.92233226433976,3.14437054929009
"DTXSID10577091",-1.8951671246451,1.87401588162586
"DTXSID00688125",-1.88250149928825,4.71834014413902
"DTXSID20691792",-1.9345628949523,4.98549160633144
"DTXSID50691048",-1.8895115039162,3.70623690848224
"DTXSID40370471",-1.8924801853798,-1.32310388396786
"DTXSID00810883",-1.90496754308962,-1.23720072773204
"DTXSID40691254",-1.92344926460578,4.78888703742382
"DTXSID40425834",-1.90790002924285,-2.46432163800339
"DTXSID40358274",-1.91519533606728,-0.948229196184164
"DTXSID50692676",-1.86236530703824,5.85301673038741
"DTXSID6020482",-1.88425781023956,-2.11398052172724
"DTXSID80820142",-1.92674126484907,0.907197404705163
"DTXSID50648355",-1.92826168098026,1.84619634732488
"DTXSID30632419",-1.91646744443144,0.420719660856112
"DTXSID00740292",-1.85507483850727,2.46991606482213
"DTXSID6045795",-1.90126752967555,2.24445781094252
"DTXSID60391507",-1.89667276573245,0.0705806879506435
"DTXSID70178003",-1.93025238552684,-1.67655038743872
"DTXSID60482181",-1.87257887771153,1.45098120878636
"DTXSID50736165",-1.90946706195623,1.05704124614745
"DTXSID60783544",-1.8529795337497,1.39437610693846
"DTXSID60785280",-1.85518046575773,-0.899787554165163
"DTXSID30325495",-1.84083278863708,-0.0665523910854313
"DTXSID80390653",-1.88939550502156,0.290363425797968
"DTXSID90796844",-1.89906393718895,-3.64626745951442
"DTXSID60471570",-1.88915053628098,-4.92112684189383
"DTXSID30414898",-1.87361487177606,1.50099573918903
"DTXSID40454003",-1.86328396858848,-2.60454452568754
"DTXSID80200324",-1.87711259148737,-0.650203004510007
"DTXSID50459908",-1.89972650939882,-0.920535807602992
"DTXSID60699191",-1.90635277848231,1.66289220770711
"DTXSID80689433",-1.88003059645064,5.2301512568464
"DTXSID50653702",-1.89884135927385,2.02749790423251
"DTXSID40361642",-1.92184222983983,-3.79804249522191
"DTXSID90571173",-1.92789175608743,-1.73011215434857
"DTXSID90428052",-1.88139054397463,0.986404801829204
"DTXSID00460847",-1.92316438679975,3.09135618948056
"DTXSID00718077",-1.9200053205469,-0.488897151417306
"DTXSID70401227",-1.89343328178341,0.776239642267197
"DTXSID80191662",-1.85975828261552,0.174674979096745
"DTXSID00614348",-1.86144409317436,1.95620698818056
"DTXSID00614343",-1.8974643356177,-6.19274933581259
"DTXSID20285211",-1.93652096209729,4.06911902841411
"DTXSID30423607",-1.93409474950374,2.4374291460893
"DTXSID30854750",-1.85337831159131,-1.57702804921259
"DTXSID00146038",-1.84665659458889,3.04464769656087
"DTXSID10642374",-1.89881167584049,-2.95797455078792
"DTXSID10594743",-1.92233811626547,1.68313684763047
"DTXSID40414026",-1.85626061534572,-2.06890185090487
"DTXSID50288119",-1.93432749876683,0.72114221529332
"DTXSID70812652",-1.91642567260867,1.88656492707458
"DTXSID50400814",-1.90344319710333,2.15840812843739
"DTXSID70530809",-1.84298258406402,0.998140701900984
"DTXSID60321743",-1.93189305983967,-0.746078780699394
"DTXSID70217446",-1.9325440060691,0.698557491408718
"DTXSID2048298",-1.90831410845251,-1.22091103293863
"DTXSID90372001",-1.92031019643763,-4.94486628392555
"DTXSID0063101",-1.93272242382469,3.73798855942516
"DTXSID80560399",-1.90521532851687,2.24678939248719
"DTXSID80574693",-1.8440050099416,1.06222062999209
"DTXSID10624751",-1.90432911166452,1.71581205181972
"DTXSID20281470",-1.87046640289877,-3.15156332702372
"DTXSID50430136",-1.89443623943063,2.95434818650195
"DTXSID40835297",-1.92991010383721,-2.26751871872611
"DTXSID10402531",-1.91082932533447,-2.28895109047874
"DTXSID90689560",-1.88298503910563,3.27356723791685
"DTXSID30482279",-1.88251880837898,2.95294073954006
"DTXSID20648221",-1.84599106002257,-2.14797286899099
"DTXSID10153677",-1.932786557648,5.95320252453831
"DTXSID60558234",-1.93434453231325,-0.873523095560253
"DTXSID70690912",-1.88009588577151,4.93376879592475
"DTXSID30725759",-1.93007063769069,-0.191739324848685
"DTXSID50468075",-1.89778545004499,3.06253982544487
"DTXSID10654674",-1.84432265504112,1.0934723177373
"DTXSID00391384",-1.90441301187019,-0.0972206735145352
"DTXSID00639071",-1.84642619125109,3.31231279479684
"DTXSID20670825",-1.91412618512387,-1.65881552928431
"DTXSID40683639",-1.92921847784023,2.97429283482283
"DTXSID60415035",-1.88668822623357,-2.59832833348965
"DTXSID10359571",-1.8690227095175,1.11575569290215
"DTXSID00333603",-1.86698244488238,3.14681272385293
"DTXSID70690497",-1.93479912251804,3.93352743628903
"DTXSID40207056",-1.92665361677769,-1.04922978600836
"DTXSID70749878",-1.88987170716926,-3.43712759984699
"DTXSID70162366",-1.90185001540143,2.67917588000784
"DTXSID00168851",-1.87946704557184,3.62861450475805
"DTXSID40314931",-1.90342015237443,1.63380064257256
"DTXSID10346906",-1.85355352946783,2.59493217980917
"DTXSID40564434",-1.89927469823614,-2.85963501804266
"DTXSID70553558",-1.87335577801443,-9.22334371663132
"DTXSID20687498",-1.85764137572654,1.4987629930697
"DTXSID50408451",-1.85191080757875,0.614357553254023
"DTXSID10704921",-1.85933109960832,2.90329617904245
"DTXSID80607955",-1.93722420708298,1.68371704398915
"DTXSID60163988",-1.89953502506798,-0.972217492960183
"DTXSID50352622",-1.91710602909948,-0.0998047932085809
"DTXSID00606662",-1.87989202064087,-0.539354887135312
"DTXSID10483820",-1.86098433939155,-0.535201691211964
"DTXSID80719865",-1.91258003757402,4.61237691930179
"DTXSID20429214",-1.85653097466752,1.85131440949194
"DTXSID10396168",-1.87545599939801,0.578001256063269
"DTXSID00684905",-1.90756350971029,2.63007163357084
"DTXSID30445485",-1.8417830535091,-2.10420742859286
"DTXSID50278232",-1.90693537554564,-0.480642554263437
"DTXSID50856372",-1.91871805612143,-1.90325031661613
"DTXSID50453502",-1.87883756269124,-3.04005847435763
"DTXSID40585841",-1.88549563776015,-1.14759569107237
"DTXSID80567242",-1.85588496280549,3.84470127794115
"DTXSID90235445",-1.93582474811162,4.94048753192303
"DTXSID50528628",-1.84064648476156,-2.83440910669125
"DTXSID30749814",-1.86760912527476,2.28894059878288
"DTXSID30749819",-1.90899697481426,2.2219095818031
"DTXSID10673168",-1.90192009770343,1.02951780494067
"DTXSID00611256",-1.92348731534358,3.68603925039598
"DTXSID40708851",-1.85286980790792,-7.60785316851331
"DTXSID90436273",-1.90973739329395,1.49574076748438
"DTXSID70638218",-1.92547209591128,-2.67194287461635
"DTXSID20574415",-1.85283413635973,-2.68447211899985
"DTXSID00556037",-1.93064852022383,1.45827758153129
"DTXSID10509110",-1.89209133439001,-3.00373463671372
"DTXSID50306862",-1.89037390077613,4.14487107600989
"DTXSID10695784",-1.91806485328209,0.537346173357188
"DTXSID60655878",-1.91136041033648,-1.9171482460321
"DTXSID20839410",-1.91294070037354,2.3260660051684
"DTXSID30854093",-1.8629901313411,0.105481716809922
"DTXSID10806136",-1.90477305268804,-0.0812726340775024
"DTXSID30522902",-1.8973474765203,-1.94078313780323
"DTXSID10569097",-1.89129785131847,2.36098920277985
"DTXSID70480779",-1.88339971977494,-1.51820184027354
"DTXSID90308502",-1.90855355816962,3.02271285329709
"DTXSID70846078",-1.92078379876897,0.305169924840909
"DTXSID40813717",-1.85316117391486,-0.87047460303678
"DTXSID80192311",-1.91442133585927,4.94494532122948
"DTXSID70897080",-1.8405547034377,0.18843587223375
"DTXSID90703194",-1.84559093210634,1.88831006599166
"DTXSID10577314",-1.87491158896308,-6.5222875169879
"DTXSID80698348",-1.87968505189797,-6.40856043163755
"DTXSID20306399",-1.9341884057684,-2.58812509339353
"DTXSID40192877",-1.87239164538205,0.706444110654573
"DTXSID10838432",-1.89646293631261,0.379220778023226
"DTXSID20378733",-1.85016563677594,4.57797636170351
"DTXSID90190424",-1.93582659058968,-2.43431538679585
"DTXSID20213155",-1.8594158477781,3.15845273171769
"DTXSID40544857",-1.87694565791387,-3.52792171251046
"DTXSID50820194",-1.90050734950722,-4.13851581277112
"DTXSID30277521",-1.84184376255824,0.21303118718156
"DTXSID80686149",-1.88360083139656,4.54675244361425
"DTXSID80205298",-1.89559062419989,-6.05570364473075
"DTXSID90347259",-1.90699913132329,-0.25340560099568
"DTXSID80894045",-1.84151291702588,-1.29731716052238
"DTXSID10329355",-1.91824492150674,0.0582774375639702
"DTXSID70454617",-1.88720904400478,-0.202238636133834
"DTXSID30220830",-1.88725325350258,2.88193019633764
"DTXSID50792488",-1.86799756142839,-3.81040479800463
"DTXSID60347529",-1.86127387758615,-0.981887107343279
"DTXSID10492311",-1.92735769084476,0.463199712244461
"DTXSID70528706",-1.90011768128025,-3.19545913727746
"DTXSID10391532",-1.91057556417327,3.83879861878256
"DTXSID40383783",-1.9226697295632,2.02344645300011
"DTXSID60683696",-1.88411550619088,0.141373535695555
"DTXSID10355215",-1.84596336260787,1.81410306303755
"DTXSID50354343",-1.84987744067609,-3.13333725808669
"DTXSID20178735",-1.90292806910237,-1.11425004136092
"DTXSID60205539",-1.91816906418029,-0.713136257540336
"DTXSID30732387",-1.91702463457207,-0.238577548905406
"DTXSID90802853",-1.84290648851268,-1.31123748607282
"DTXSID50645001",-1.90133416185868,1.55790745348031
"DTXSID40370956",-1.92358823455077,3.41799188672181
"DTXSID10157493",-1.92709768734674,-0.424079833180713
"DTXSID20289597",-1.91435510240047,0.989410704408769
"DTXSID90145030",-1.86939005484197,-2.05592719786618
"DTXSID90877420",-1.84599237894166,-0.819019889713546
"DTXSID40299052",-1.85324016954006,2.41618244742033
"DTXSID20362733",-1.8831817500716,3.21443067328926
"DTXSID50171234",-1.8391552528063,-1.60461012850569
"DTXSID60503729",-1.88790986494147,-1.62979225884591
"DTXSID70164527",-1.86935325261271,-3.06599608594209
"DTXSID70551958",-1.88107584796848,-0.240184441165184
"DTXSID60652382",-1.84690757342047,-0.0304746988881088
"DTXSID10637826",-1.92995622168308,-3.08444068369049
"DTXSID40787727",-1.89873487560646,-1.20414349695615
"DTXSID60469270",-1.89411137558632,-0.514824618288262
"DTXSID70569674",-1.84691939198011,-1.96340289745027
"DTXSID90726520",-1.84742678406888,3.90102104291669
"DTXSID90615783",-1.87730751668684,-4.64550130004243
"DTXSID80308415",-1.93231643286512,4.01680882056561
"DTXSID20589140",-1.91110699113851,-0.79658376510152
"DTXSID30677562",-1.91953563380774,-1.73019442936677
"DTXSID00292928",-1.90521749389424,-1.53147072798552
"DTXSID30332866",-1.90730352085031,-1.03346650634379
"DTXSID40598638",-1.88447654966474,0.207681287222105
"DTXSID7068132",-1.86031531670731,-2.86254643233052
"DTXSID00344395",-1.85379716994179,-5.37799153314988
"DTXSID70466230",-1.86717093999716,-0.156513977943374
"DTXSID10428998",-1.85499622263973,-2.01098560913842
"DTXSID50541877",-1.8571136386718,2.37240272346767
"DTXSID60686728",-1.91291657807872,2.96113445691708
"DTXSID40753523",-1.92986467791777,2.45453825154347
"DTXSID10144388",-1.91868145136825,-0.223541241235338
"DTXSID60760259",-1.84234150659257,-4.71206996812518
"DTXSID50786206",-1.84947869348931,0.484911995816536
"DTXSID20594017",-1.92449420500103,-0.258868155835745
"DTXSID70600450",-1.85380765535412,0.180567566566366
"DTXSID10373994",-1.93176311809634,4.08249384228505
"DTXSID10682851",-1.8414768385944,2.39826343210618
"DTXSID80214885",-1.91547153438991,-2.15445339303927
"DTXSID40654344",-1.87031969562915,2.92741133199513
"DTXSID70403100",-1.9046700399368,4.21482270957274
"DTXSID90489345",-1.93718397887875,4.73471327236022
"DTXSID00492123",-1.85088157316862,1.12964384206685
"DTXSID70489626",-1.84476137977927,1.6019611043571
"DTXSID70686259",-1.91242197855346,4.49897879203694
"DTXSID60159806",-1.93543628621653,1.40400616086371
"DTXSID90644573",-1.90770034972977,-0.572218636011731
"DTXSID40619736",-1.87627592984291,-0.228985281580328
"DTXSID40683851",-1.91490979322454,0.364183733689275
"DTXSID70802058",-1.91720346460862,4.03764964871551
"DTXSID60304859",-1.90975869372258,0.591397354132438
"DTXSID00374733",-1.86618846407102,2.94933519070979
"DTXSID60638666",-1.9155012312449,-4.06584030066418
"DTXSID70350640",-1.93389784293976,0.277804203903056
"DTXSID80566073",-1.85706375298891,-2.19061699227139
"DTXSID40327021",-1.90073344098556,3.5465677797619
"DTXSID90381638",-1.84145479366638,0.841541706928404
"DTXSID70329730",-1.84673602167245,-1.51006135777171
"DTXSID30379817",-1.92098775635005,-3.13461718677694
"DTXSID20531124",-1.84999259633267,-1.81463410101364
"DTXSID40374252",-1.91094157743187,-0.0622889116979212
"DTXSID40653014",-1.90596169808297,-1.72249918390791
"DTXSID30210716",-1.89515476847794,0.36300374901492
"DTXSID30369031",-1.89280184703032,-0.173124152659989
"DTXSID60494183",-1.90692083593886,2.59983833970573
"DTXSID30468250",-1.84070885918208,0.515267221328786
"DTXSID00146533",-1.89671119695462,4.97504748415784
"DTXSID30361292",-1.93281363478016,3.39980318388876
"DTXSID40377501",-1.92534133354912,0.567004370514573
"DTXSID90756468",-1.92840074766435,2.09656867809733
"DTXSID80315927",-1.90409646325254,-1.67704389800148
"DTXSID80713505",-1.86456319586922,-3.73865937100583
"DTXSID30423728",-1.85072924231293,4.59116425182494
"DTXSID00691492",-1.87796670358183,3.19713681378772
"DTXSID80613990",-1.85563797856523,2.46303288050745
"DTXSID20385649",-1.90609261724043,1.0013709819021
"DTXSID10194404",-1.9248714682263,2.50216026771121
"DTXSID40536515",-1.85608719353789,3.15264595629563
"DTXSID50699524",-1.91961939569042,2.44913144984706
"DTXSID30325354",-1.86023806530583,0.110256710037485
"DTXSID30496619",-1.90211683084507,-3.69453059536354
"DTXSID30544124",-1.89161912710103,2.54114082488473
"DTXSID20450482",-1.88707335005547,-0.587132763853585
"DTXSID30688133",-1.91314819723642,3.90188417220861
"DTXSID50236610",-1.91437776695136,3.20783756422551
"DTXSID90847845",-1.92278956821103,-3.10911753328972
"DTXSID90892193",-1.87593483919738,-2.28890234018859
"DTXSID60703166",-1.88733465639595,1.93360062407504
"DTXSID00229835",-1.89732303515461,-5.17570404737554
"DTXSID10234571",-1.92987739719677,1.94246356831961
"DTXSID90175236",-1.89170525631169,-0.400092355480536
"DTXSID00633913",-1.90438777935107,0.916511190691442
"DTXSID30147255",-1.89598516467323,-0.0317901017345828
"DTXSID3033145",-1.87849097924979,-1.24449234614212
"DTXSID80877555",-1.91826093729548,-1.59117811649281
"DTXSID70562645",-1.89719553246853,2.33434651732342
"DTXSID10681147",-1.84926672975838,2.9387790406293
"DTXSID00556618",-1.88477286598705,0.356266738120556
"DTXSID70731758",-1.8658167642003,-4.39813750334489
"DTXSID40366011",-1.89784429284034,0.739311706254182
"DTXSID40834987",-1.93552487167647,5.20466084208314
"DTXSID40462421",-1.93131931522377,1.20457166644806
"DTXSID10756804",-1.91921836979303,-5.24710282819112
"DTXSID70483841",-1.87158725077305,0.241021591644123
"DTXSID60156850",-1.89199809805954,-1.97493187378818
"DTXSID40413155",-1.9330793161458,0.574129527986806
"DTXSID90683048",-1.92992672996267,3.03624300337216
"DTXSID20162598",-1.87620787777102,-0.80554629224087
"DTXSID20499391",-1.84724228755256,2.69588084521721
"DTXSID20694001",-1.9153482177153,-1.05090584142383
"DTXSID70178048",-1.91216949337982,0.477633278812727
"DTXSID60635438",-1.87634065138267,1.78046861259215
"DTXSID90820012",-1.90525655287978,0.489065619968222
"DTXSID30355156",-1.92169178819741,-3.0212719244357
"DTXSID10525597",-1.9154145219011,0.314707075130249
"DTXSID10723531",-1.91641994386332,2.62566115066099
"DTXSID60374254",-1.90859251837768,0.0322121727367475
"DTXSID90685688",-1.93259415370778,2.24942912843455
"DTXSID70853601",-1.92148592770334,-0.0527761685059755
"DTXSID20300711",-1.9203679415148,0.274616010897248
"DTXSID10732946",-1.92878513051342,2.59326296235123
"DTXSID80357322",-1.91274614308477,-0.339020065220097
"DTXSID60677015",-1.87511332991866,-3.05339535727687
"DTXSID90418897",-1.8780865525887,-1.21598333144971
"DTXSID90475041",-1.92580234365201,2.34417644859187
"DTXSID60224588",-1.86748317715025,-1.82093066639462
"DTXSID80371568",-1.90646104173261,5.06409432949181
"DTXSID80593283",-1.8504819984636,-1.57834039643921
"DTXSID40309968",-1.93140248478587,-0.499492619466848
"DTXSID60529186",-1.91269613559894,4.43618436312555
"DTXSID40584551",-1.93240889109385,1.41155631096165
"DTXSID00612844",-1.88046991943369,1.60048113426325
"DTXSID40577862",-1.93076117598115,0.117283011271848
"DTXSID00301988",-1.88733287021557,2.49686457177871
"DTXSID80221453",-1.89503196235389,4.53635560649056
"DTXSID00718370",-1.93671421729736,4.48776053424015
"DTXSID10274058",-1.91308317434843,-0.167768382241918
"DTXSID20433811",-1.87337278643236,-0.47200438141426
"DTXSID80661012",-1.83866909220582,-0.642488144185318
"DTXSID60566036",-1.93005031749863,1.55499846996683
"DTXSID80391221",-1.84751276111726,1.79946848092106
"DTXSID10640597",-1.92921627364113,1.36308989989273
"DTXSID90442834",-1.83977246217844,-3.39855605000317
"DTXSID40536050",-1.91461778048448,3.8041927042094
"DTXSID90289746",-1.87481578317994,-0.883785822844091
"DTXSID60516177",-1.91916687230925,-4.07528224434301
"DTXSID40877571",-1.91979281984095,0.156566738881558
"DTXSID50164343",-1.89599982476765,-2.86552109074633
"DTXSID30887947",-1.93589718987722,-3.43081808109551
"DTXSID50840933",-1.83949267395353,2.02086759702637
"DTXSID20218185",-1.84309299531049,1.86515994743177
"DTXSID30769633",-1.89653934239248,-0.0667716851520448
"DTXSID40651055",-1.91618341555787,1.27338047206525
"DTXSID00374258",-1.91496012174123,-0.246257844121245
"DTXSID40685719",-1.84042161013536,1.98901857390979
"DTXSID8045561",-1.93103598152069,3.59652404185934
"DTXSID50716346",-1.90853437455645,2.10898654246585
"DTXSID40494141",-1.85501275382514,-4.40849036444643
"DTXSID50715490",-1.90841535097232,-1.5635638591248
"DTXSID80815659",-1.8682497414736,0.274797780257562
"DTXSID70485805",-1.89662192592615,1.46963534132872
"DTXSID60297595",-1.89557499495957,-0.378622018591015
"DTXSID40157704",-1.92441997171686,-0.197992641610325
"DTXSID10429349",-1.87127430551101,0.628193568838728
"DTXSID80788192",-1.9351736636308,0.22389835317359
"DTXSID40893458",-1.87002510374816,3.62783442309132
"DTXSID50704703",-1.85697884930742,3.2466540156246
"DTXSID90787636",-1.84199902917252,-1.60070707157356
"DTXSID00875871",-1.84852097615641,3.16610313813232
"DTXSID30598723",-1.9015947030361,-2.90132412572967
"DTXSID60846845",-1.88236407589471,2.7565308213769
"DTXSID20304390",-1.92282640906212,-3.4873162939263
"DTXSID80203113",-1.86678244755305,4.59806401769453
"DTXSID60624882",-1.8975404007881,-2.00574088726366
"DTXSID30614912",-1.8913842327208,-4.64131217266481
"DTXSID10370206",-1.90108960173618,0.892443959406127
"DTXSID80350813",-1.86011278196321,-1.68395299242711
"DTXSID10404792",-1.88329048143265,3.1739382944182
"DTXSID70695886",-1.8472439565113,0.11622838957983
"DTXSID80785969",-1.91128501215458,-0.54748798353814
"DTXSID20838564",-1.92151657114442,-8.473421040248
"DTXSID30628670",-1.8465364683809,-0.872714215673518
"DTXSID20648766",-1.84960420646926,-0.413697096786523
"DTXSID80403575",-1.92052516870865,3.4494159209729
"DTXSID70462030",-1.87665206711271,1.75303642521441
"DTXSID50197590",-1.93762824803757,0.0958678370005842
"DTXSID30683981",-1.87158149313381,2.5317949838139
"DTXSID70817763",-1.84408953170432,1.79187291030228
"DTXSID20723067",-1.87212948376677,-1.69692533017024
"DTXSID70430138",-1.87665281144524,1.19032563792471
"DTXSID60160598",-1.86857358216026,-0.803537493591568
"DTXSID30239886",-1.8740112870969,-0.171395057433555
"DTXSID20606043",-1.901780307909,2.00619926147014
"DTXSID70197577",-1.8399110756639,2.48143162675974
"DTXSID30874438",-1.86429598897432,1.01364013412834
"DTXSID50749073",-1.93376024748748,1.96506118432202
"DTXSID60347044",-1.92892143898011,4.90433217809379
"DTXSID60438921",-1.85440103691508,1.43995377690149
"DTXSID60438926",-1.90189040592905,-0.515797238142444
"DTXSID70388185",-1.85291029045444,-3.26798432374152
"DTXSID00751262",-1.88337902375143,-8.50190722980419
"DTXSID70613883",-1.85327305532884,2.38161890002571
"DTXSID00697934",-1.86755607374045,1.73729630014367
"DTXSID30774328",-1.92824835868289,2.15741545357035
"DTXSID10524106",-1.85633810632493,3.63443714518662
"DTXSID80833535",-1.85054829664046,0.525166162639992
"DTXSID40807510",-1.92925134954452,-4.51740560612011
"DTXSID60239930",-1.91740229605465,0.515162535986011
"DTXSID70575912",-1.84361132884118,0.664542571031455
"DTXSID70155697",-1.87934550685798,-3.77303006259305
"DTXSID80697497",-1.91199445254262,5.18374069527017
"DTXSID10276012",-1.88583790915856,1.05961880192812
"DTXSID70853863",-1.93041844972322,-2.49808064956247
"DTXSID60607251",-1.88202488322403,1.57208322067217
"DTXSID80712316",-1.89261394182287,0.0439950301943747
"DTXSID80320733",-1.9217624021518,-4.12715252183317
"DTXSID30539737",-1.849457552817,1.16461454415554
"DTXSID10363158",-1.93742093438706,1.92532514405434
"DTXSID20348315",-1.84207234178327,0.0117239858630222
"DTXSID70346503",-1.89404250150216,-0.504680357512303
"DTXSID00482605",-1.86808292434553,0.339470835020206
"DTXSID00611498",-1.85981798277048,1.91312939679932
"DTXSID40187349",-1.91343063493264,-6.885446342628
"DTXSID60374476",-1.89513872338928,1.24743618122202
"DTXSID10614733",-1.86677525211256,3.40937068031054
"DTXSID20490262",-1.87829174087037,-0.311138846145161
"DTXSID50581056",-1.9265435305958,-0.593450257532675
"DTXSID40727805",-1.85006347700522,-4.47977442508327
"DTXSID80685091",-1.89429064558697,2.22816101651321
"DTXSID70687201",-1.90499537446831,3.77953712089475
"DTXSID40645530",-1.90728539426395,-2.51577274980107
"DTXSID50603868",-1.86170678406554,3.47447080991476
"DTXSID60412584",-1.92903630149987,4.67927961124552
"DTXSID20683172",-1.91667752444401,2.37186917518904
"DTXSID20683177",-1.85187913984098,2.65007799476556
"DTXSID90292073",-1.91507191536142,-0.980383087628075
"DTXSID00822209",-1.88514102699808,-2.36497769307232
"DTXSID80546294",-1.93173026313224,0.295238102019654
"DTXSID90551516",-1.90347017691532,3.00975831187586
"DTXSID60638782",-1.85006212288516,2.7158103258739
"DTXSID00181646",-1.85076535900297,-5.06944257877537
"DTXSID20700853",-1.84912396894783,-0.272048340630141
"DTXSID10767197",-1.92451020090456,5.14264891155562
"DTXSID70770662",-1.8744062330455,-1.09513594192496
"DTXSID90282792",-1.86871309337106,0.0452167077835108
"DTXSID90169110",-1.86034405578141,-2.87196945565659
"DTXSID00879733",-1.85212211966387,4.67266869794227
"DTXSID90388824",-1.90298776633174,0.791918421845356
"DTXSID90762084",-1.90515562686294,-3.88396478400616
"DTXSID30663405",-1.8779440611313,1.17005606659457
"DTXSID00834524",-1.93589066255154,-1.26217062443712
"DTXSID50313172",-1.93223676859298,0.669995030379118
"DTXSID20602126",-1.87917407025155,-0.929161408768261
"DTXSID20847636",-1.91827490863056,0.519823839662289
"DTXSID00654340",-1.88094339593397,3.13714286935255
"DTXSID10483961",-1.89820901240464,0.0571404065828282
"DTXSID80154075",-1.93253351773095,2.34993402132857
"DTXSID60641776",-1.91610533400499,2.08277926547984
"DTXSID70494472",-1.87616989234115,-1.53013970746731
"DTXSID20712279",-1.86043249897987,-1.05940172688955
"DTXSID40217155",-1.89169068698341,-4.34457373367398
"DTXSID30346645",-1.84593428024124,0.453102712978027
"DTXSID00840266",-1.84510996222484,4.02570365588607
"DTXSID20230342",-1.89336352787193,0.572547399298763
"DTXSID90674395",-1.87502872435638,-4.0032855276807
"DTXSID20739941",-1.93252359804803,-0.838199871642985
"DTXSID00850426",-1.88151653120157,-5.74353429923432
"DTXSID20480582",-1.86704467838682,3.28522422332765
"DTXSID40455878",-1.90990082005066,-1.226519132856
"DTXSID00187204",-1.8839728715772,3.0817756994563
"DTXSID80808728",-1.87363059476253,-0.0911496847647313
"DTXSID70321370",-1.84473871630546,-0.0864063337597802
"DTXSID10671043",-1.93046468593479,1.78300805980964
"DTXSID40639979",-1.86647568940407,-8.21482997956236
"DTXSID50470436",-1.93612842373387,2.67862192510478
"DTXSID40632440",-1.91423942677407,1.26080361440315
"DTXSID80430240",-1.85043724924777,-0.821011605097074
"DTXSID50643986",-1.88607810812621,2.17470267297696
"DTXSID70604695",-1.84509468658371,0.718312247193488
"DTXSID90538064",-1.85190646058831,-0.0191306662686241
"DTXSID00644226",-1.86990183670455,-0.177980136234613
"DTXSID10330966",-1.92978443581036,0.735517867444268
"DTXSID10163953",-1.89316374792904,-2.82977856761105
"DTXSID40487715",-1.88606781510399,1.09508667694917
"DTXSID00688009",-1.9369926558369,5.19576573641396
"DTXSID60712298",-1.86735867453666,-2.93889066666891
"DTXSID60752654",-1.86291190133308,-5.18824645026847
"DTXSID60580454",-1.87702616173548,3.80831965465576
"DTXSID30609484",-1.8500248389577,0.0409416292798127
"DTXSID20675193",-1.89434541661546,3.50762370167967
"DTXSID60181869",-1.88313470380975,3.75916360221336
"DTXSID10353655",-1.88185245365391,3.32285758569792
"DTXSID50280416",-1.92116005932186,1.6890342477869
"DTXSID80352352",-1.8588941477299,1.41063430197241
"DTXSID60533945",-1.92358195935771,-0.5802032146696
"DTXSID60390499",-1.9046585799106,2.79201779146312
"DTXSID30478591",-1.88083123211191,0.735220705528845
"DTXSID60316816",-1.90230481418621,5.36202313681885
"DTXSID10732921",-1.93795774480099,0.144866098060731
"DTXSID20877377",-1.93741593257817,4.06415205980566
"DTXSID70848794",-1.92464686424809,-1.91635070752392
"DTXSID80407851",-1.93195412340533,0.217113288212522
"DTXSID20733045",-1.86921351461393,0.0495011143981543
"DTXSID40737444",-1.84889039535226,0.0628667804405862
"DTXSID90423325",-1.90055247341705,3.16915896524366
"DTXSID50886533",-1.86335528592445,-4.43312815647539
"DTXSID80684266",-1.90903257830936,0.571926157448112
"DTXSID60184774",-1.87395225100327,-3.39029766978604
"DTXSID60517149",-1.92438397612258,-0.184081693906511
"DTXSID20764359",-1.86039875793969,2.05124967776095
"DTXSID20742536",-1.92216418391291,-2.67646962018975
"DTXSID90857146",-1.87930468294348,4.88148141704883
"DTXSID00671057",-1.91297378959953,-0.000621391780114252
"DTXSID40544473",-1.87233191189954,-0.687167392933729
"DTXSID30158922",-1.87370839632557,0.15651428550011
"DTXSID00319922",-1.83843123811123,0.186752862759937
"DTXSID10515776",-1.85529433770304,0.423736633337248
"DTXSID50307753",-1.91409916445137,3.2432053738154
"DTXSID00170757",-1.84884488934932,-0.975245671988339
"DTXSID60328570",-1.88808580384031,3.91797301297977
"DTXSID10345116",-1.86800165987759,2.49674119342118
"DTXSID20319040",-1.86338767228399,-0.0151171829765693
"DTXSID30772480",-1.93472130752658,-2.0949364326525
"DTXSID20726119",-1.9092828735393,-0.589950040037243
"DTXSID70527092",-1.8667394052338,-2.96132793927263
"DTXSID20393567",-1.84547854158672,0.920235198931325
"DTXSID40408208",-1.88446812587433,0.249556479419774
"DTXSID60687871",-1.88147733467556,5.15151780759815
"DTXSID10744605",-1.90557781752136,5.55184148469019
"DTXSID80652203",-1.92643397904021,1.07432177665884
"DTXSID00661074",-1.88854496734963,0.519996337893003
"DTXSID90289645",-1.87157130316246,3.3907855888222
"DTXSID80397288",-1.85021596743403,3.48281494456375
"DTXSID90333112",-1.90104644095972,4.82489804304872
"DTXSID60758979",-1.90862535467324,3.35090521344658
"DTXSID60685251",-1.93343665556525,3.60831194192144
"DTXSID10433249",-1.86410804303183,0.528370582385422
"DTXSID30425222",-1.90611630804652,3.6089151556245
"DTXSID80759640",-1.84361691482504,1.79568010730639
"DTXSID90640873",-1.89555767990911,-1.4411413918435
"DTXSID30595717",-1.92684611680793,-1.75227398732213
"DTXSID90190080",-1.85302302557743,-1.12518924161475
"DTXSID10175955",-1.86011281745894,-8.34235074300075
"DTXSID20332294",-1.89346318468717,3.63491868144097
"DTXSID70546506",-1.90359303005769,-1.94978173131133
"DTXSID20231950",-1.84073631917751,3.16985340346013
"DTXSID7025215",-1.92685479528615,-4.80480583888074
"DTXSID40295054",-1.85627068659065,2.10224704518682
"DTXSID60445195",-1.91623514113115,1.92805584174477
"DTXSID10328429",-1.86307403735201,2.83654521312676
"DTXSID40185360",-1.86866275668735,3.80511829980666
"DTXSID30511492",-1.93238264832766,1.89018225063528
"DTXSID50352667",-1.85188446217077,0.936972815490152
"DTXSID60196478",-1.85083964613515,-10.8405454997257
"DTXSID20725066",-1.92948697590092,-1.24085013936819
"DTXSID30736825",-1.85313154875775,0.703326998933773
"DTXSID20632100",-1.87316073550384,-0.490692753436113
"DTXSID10819605",-1.84253452748024,-3.38207812589438
"DTXSID30283425",-1.8918300673781,1.53348667891482
"DTXSID40323260",-1.856898279451,-0.412218969343558
"DTXSID80674920",-1.87765424416976,1.96809519990352
"DTXSID60326672",-1.93545746122614,1.0412199287267
"DTXSID60411491",-1.89401128379934,-2.01236752612717
"DTXSID70848310",-1.89611999307117,-0.891766917949308
"DTXSID60522339",-1.93073286123293,1.6176637533647
"DTXSID50219089",-1.87117330342348,0.459421504828364
"DTXSID60716418",-1.92040136193652,0.645121418901585
"DTXSID10344563",-1.89739817521208,3.99113051071937
"DTXSID20385048",-1.9118564494015,-0.986124593492157
"DTXSID90638816",-1.87002750133227,-1.06579882333333
"DTXSID70691681",-1.92303501170092,2.78642130780432
"DTXSID30379978",-1.87846827588058,0.790711819983867
"DTXSID20145705",-1.89691704955302,3.90475205732607
"DTXSID20717946",-1.8867737046292,1.87392398419893
"DTXSID40846106",-1.88209331335103,-1.94937815770912
"DTXSID00326898",-1.85184627177053,3.17846807345069
"DTXSID00817332",-1.87467537556584,4.94437429902986
"DTXSID20312359",-1.91138121956376,0.981440810179361
"DTXSID50683640",-1.93701220015909,2.56862389504266
"DTXSID00143087",-1.89264595121405,6.67603886603416
"DTXSID30802438",-1.88436440455706,-0.0643235191869976
"DTXSID70815486",-1.89699869527404,-0.371703853756211
"DTXSID10518308",-1.87499043485294,-4.45852983682103
"DTXSID40534112",-1.84877830449517,-1.2612087088379
"DTXSID00393787",-1.92505120562855,4.12309918867343
"DTXSID20730498",-1.86285456408589,4.66831270377668
"DTXSID60284324",-1.84782321301069,-3.47434784309068
"DTXSID20744712",-1.84480047501891,5.05928334299721
"DTXSID90874717",-1.853968323771,-2.19587731416797
"DTXSID60623673",-1.8998359971634,4.3792945876969
"DTXSID30372060",-1.88474757983652,2.18979487639474
"DTXSID90593350",-1.90965856803899,2.99879922948426
"DTXSID0058770",-1.91094020668508,0.902435831346596
"DTXSID70174161",-1.93047657935433,0.16400986326823
"DTXSID50343510",-1.92957392788189,-2.02808398216954
"DTXSID80181124",-1.89860063513783,-1.18206418386972
"DTXSID20478368",-1.86360352891767,-2.50232242630027
"DTXSID70679828",-1.92848069929725,2.25580549959051
"DTXSID30431303",-1.89377283156383,0.419550016857997
"DTXSID00603691",-1.86608648794704,4.28038539953853
"DTXSID50552009",-1.89362327945939,0.0634057968156226
"DTXSID40678146",-1.87458399740564,-1.77883596413496
"DTXSID40849657",-1.88789467403791,-0.779736688988559
"DTXSID90683144",-1.84878269731368,4.90128395640566
"DTXSID70534948",-1.85117674534603,2.92945985536552
"DTXSID90839280",-1.87651355718684,-1.07086152256064
"DTXSID30642336",-1.84301922817692,2.87576305211182
"DTXSID70644490",-1.92612657403782,1.96788144240132
"DTXSID30624490",-1.92588882636637,-1.31284608500023
"DTXSID70352124",-1.88582085922992,1.83789179815602
"DTXSID00574610",-1.88306102323657,-0.703690294038241
"DTXSID00459933",-1.90510370731481,2.66535554887541
"DTXSID20345283",-1.8657705466759,-3.91478434030049
"DTXSID30626631",-1.92832502404052,0.117888674574301
"DTXSID90485160",-1.89979707829221,-0.646937578411836
"DTXSID20282467",-1.86264421936607,5.97688001977339
"DTXSID70730226",-1.84913853877011,3.45729754284789
"DTXSID20622889",-1.88413532304175,0.170534432897535
"DTXSID80391988",-1.92297444715302,-3.07617937461726
"DTXSID20597720",-1.84858632689279,1.38903576853213
"DTXSID70300968",-1.91551423170481,0.911194751533414
"DTXSID30848573",-1.88036291079055,-0.80724830773052
"DTXSID30170124",-1.86270016975433,-4.21110656473859
"DTXSID20803676",-1.9131439647811,4.20711853777525
"DTXSID30143090",-1.8683054115895,7.21292122664015
"DTXSID40195222",-1.9019811969527,2.7050846839334
"DTXSID50458037",-1.87622296319549,2.07143254794362
"DTXSID70355150",-1.85041245470831,-1.86759479640069
"DTXSID10331099",-1.89218410440129,0.0383877044788682
"DTXSID20691974",-1.91475782785986,3.83179345130166
"DTXSID10565998",-1.85220803583001,-0.166159058708663
"DTXSID50326287",-1.84919076034509,2.63355249565078
"DTXSID70848572",-1.89006926183809,-1.15549725354153
"DTXSID30657066",-1.87617324520552,-0.512691143549653
"DTXSID60432742",-1.92480528686968,2.4555313585919
"DTXSID30406798",-1.89468650799598,0.401936657162958
"DTXSID70295820",-1.88967528916592,-0.628538712926391
"DTXSID50874955",-1.87334707608284,-0.611886437613167
"DTXSID90510320",-1.8601101513118,0.00975533733749121
"DTXSID30742926",-1.89188685970139,1.80337998217831
"DTXSID70691020",-1.84202411508268,3.74325252751911
"DTXSID10576988",-1.91272272818752,-5.12429583926484
"DTXSID00748758",-1.84389394842878,-1.87171751025851
"DTXSID60896289",-1.89024038874113,3.78654775187747
"DTXSID30477504",-1.92152545178536,-6.86631487481219
"DTXSID50683827",-1.9156136714277,-1.73717633839318
"DTXSID00527429",-1.88680396184554,-0.950356917212399
"DTXSID00563746",-1.85783523827948,3.52067327884258
"DTXSID00461995",-1.87924693860174,0.221344929514936
"DTXSID80478607",-1.89185825690158,-4.38572635727451
"DTXSID10556927",-1.89734084779648,-2.73703571740169
"DTXSID30635223",-1.87665083375976,-5.96364849935439
"DTXSID40494045",-1.87933147828075,-0.963453653480698
"DTXSID40857479",-1.84121587169166,4.50795770512365
"DTXSID70710583",-1.86194982738662,-1.71000082708571
"DTXSID90515951",-1.93208270792344,-0.156091841205918
"DTXSID50350067",-1.89130117123034,-1.90696899941272
"DTXSID20775440",-1.88176148077087,-2.03936152296166
"DTXSID50826636",-1.84192933656027,-1.97430180017809
"DTXSID90299163",-1.86191077430252,2.38448453052907
"DTXSID30356921",-1.91378010521805,0.915597303717506
"DTXSID70681148",-1.93124481539936,2.97992640023964
"DTXSID70482051",-1.90450238330889,4.41647395990273
"DTXSID20304299",-1.85540736698501,0.112909064907361
"DTXSID40568078",-1.87725650622924,-1.91060422549167
"DTXSID60558638",-1.92445812961363,0.309027750897408
"DTXSID00347664",-1.85209937877191,0.91898161201161
"DTXSID20168954",-1.83968511175679,-2.3165803504701
"DTXSID50581334",-1.88655139858504,-5.68310642228994
"DTXSID20354118",-1.87773328398528,4.04827356553341
"DTXSID70708081",-1.90785805474817,6.1462543474135
"DTXSID10628774",-1.86246022490729,2.77878540165199
"DTXSID30687883",-1.89967579755927,4.85174927842746
"DTXSID7062746",-1.89389146609374,1.15065893885181
"DTXSID80853915",-1.85159152817812,-4.49823722529572
"DTXSID90594640",-1.87424783268941,0.84253477629654
"DTXSID80404082",-1.9343504719208,-0.00175594147727273
"DTXSID40641673",-1.92398464669227,-0.635344690593013
"DTXSID70460632",-1.83931222713986,-2.73216726814852
"DTXSID20854486",-1.88662028276821,-5.82986426178057
"DTXSID10500642",-1.85466080942898,-1.3911189487514
"DTXSID20825616",-1.91520510490128,0.365486498606093
"DTXSID00174992",-1.89576832993653,4.60695493726
"DTXSID90781573",-1.86214934477405,-0.590361078748485
"DTXSID30396726",-1.90058540673714,0.628242670893494
"DTXSID80397940",-1.89797400113026,5.29670871957799
"DTXSID70657505",-1.89044508755486,1.29664868404423
"DTXSID90839806",-1.87315870816405,-1.63124704566536
"DTXSID50538585",-1.92414564487381,1.28590119815542
"DTXSID20193943",-1.91309753683045,-0.0765832953375404
"DTXSID90351477",-1.85298374062514,3.65425802953507
"DTXSID30498557",-1.88790547901612,0.242401325650992
"DTXSID60841799",-1.84102388635676,-2.22569282830326
"DTXSID20586078",-1.91481072900462,0.364605250253554
"DTXSID20799929",-1.93724775732976,-4.64789569597797
"DTXSID10299140",-1.88487987100879,-0.851715049537007
"DTXSID30562601",-1.87084126532704,-1.04239277188951
"DTXSID20455912",-1.84425098997848,3.39376452543495
"DTXSID40369380",-1.90767617582594,0.850848895681587
"DTXSID70174040",-1.85295280129461,0.171390115034308
"DTXSID70441269",-1.9068525989806,-6.17523810699166
"DTXSID10670859",-1.88691160462298,1.27792790128738
"DTXSID70735216",-1.91801923186836,4.48880593128914
"DTXSID80691556",-1.8751010498478,2.99596476043103
"DTXSID60651991",-1.87245551525563,0.610481829700255
"DTXSID90350667",-1.89877310041134,-0.115838224582918
"DTXSID80571243",-1.92717940674412,-2.31638391676534
"DTXSID90838531",-1.91936198494544,-0.0209935061049085
"DTXSID60284102",-1.91937632985435,4.05823218286721
"DTXSID80296686",-1.83977803087838,2.1911902723429
"DTXSID80220209",-1.87152021725867,-2.92212302524639
"DTXSID00409195",-1.91413270999151,2.95547431257011
"DTXSID30509319",-1.85530113898734,0.660457390230212
"DTXSID90214932",-1.8494462902316,-2.21919393032978
"DTXSID60842887",-1.84358092546264,3.18950730960641
"DTXSID00730299",-1.90206156179543,-2.04123445930168
"DTXSID40366359",-1.85880572476353,-1.69495356180056
"DTXSID00773989",-1.93279535122519,2.11603930206986
"DTXSID60229937",-1.91404527820076,1.82866905126463
"DTXSID50879864",-1.85361825018135,-0.995993528146995
"DTXSID40532658",-1.92229028298675,2.95465112699381
"DTXSID60734617",-1.86072061379751,0.063394855312979
"DTXSID20640205",-1.85041456828274,2.7072257335132
"DTXSID90282919",-1.91957578685809,-1.85406631891582
"DTXSID10379613",-1.91708056213016,-0.123362601050236
"DTXSID40839614",-1.84143390491576,-1.17623131313879
"DTXSID10465843",-1.88816317973112,1.22581078171508
"DTXSID30191051",-1.91923080747575,2.11167877355201
"DTXSID60630004",-1.92982776622957,1.8921811379632
"DTXSID50517759",-1.92274382256454,-1.79134547054505
"DTXSID70740441",-1.88956311396964,0.564171113314851
"DTXSID60435076",-1.93388417841093,2.41067973639116
"DTXSID00240267",-1.93713173718123,-3.68407992596386
"DTXSID50833401",-1.87946576110464,4.02118995704113
"DTXSID40319921",-1.89666606549533,1.31999097993014
"DTXSID30823305",-1.90921210582738,-0.974464321567645
"DTXSID60531123",-1.90593749961803,-0.786267380356043
"DTXSID90354241",-1.93625340237363,0.829556895239105
"DTXSID40529245",-1.90256131800215,-1.08967751490861
"DTXSID00346253",-1.87760200584469,0.621064092401136
"DTXSID20687872",-1.84421269090847,4.93476995537517
"DTXSID80215337",-1.90721877047651,-0.611660815197208
"DTXSID10764045",-1.83882901951818,0.0996527375260166
"DTXSID30470398",-1.88674902536768,-2.46857556893365
"DTXSID30355313",-1.91481906267051,-2.28454375208455
"DTXSID60761862",-1.91005841640441,-0.249230050015464
"DTXSID40404846",-1.91732722588791,2.89666031422889
"DTXSID30232054",-1.88638123108061,-0.806217734460775
"DTXSID30200233",-1.84169551970941,-5.08452281909774
"DTXSID70745012",-1.83833230760534,1.74784338032968
"DTXSID30489627",-1.86864838634524,2.08177821551709
"DTXSID30857322",-1.88299730887209,1.15605364122481
"DTXSID60596373",-1.85264248567252,0.156765547942508
"DTXSID30860093",-1.85358496411416,-3.56760338829205
"DTXSID40595142",-1.85245957661113,1.19138231293214
"DTXSID30697902",-1.90061924224497,5.54575103972365
"DTXSID20350635",-1.90044114226037,3.1128132739217
"DTXSID70759412",-1.89540157251724,-6.8487035940478
"DTXSID30422872",-1.8465469904253,0.264294379581397
"DTXSID90488994",-1.92300223043304,-3.53475547663053
"DTXSID20455598",-1.90161522893728,-0.423735641176981
"DTXSID90576345",-1.84986409066501,-4.68004807158464
"DTXSID00493630",-1.8495940281252,-0.656826883838727
"DTXSID10683308",-1.86362613255573,3.34404509303523
"DTXSID50648299",-1.87783890751931,-3.87555627204047
"DTXSID20568051",-1.84176459515329,1.27229098252509
"DTXSID00736054",-1.91648361989673,3.41839160290949
"DTXSID60698801",-1.88311304188387,-1.34254047217494
"DTXSID80689059",-1.90559047333224,3.42474231210756
"DTXSID80385009",-1.92068194181066,1.5811311258181
"DTXSID80238586",-1.92284126068423,1.58699525045207
"DTXSID00831270",-1.90743390563184,-4.30792023707703
"DTXSID00831275",-1.84870073487927,-5.43208638643811
"DTXSID60232168",-1.84462271103011,0.289127439540304
"DTXSID80300419",-1.86415727256181,-0.947495396174304
"DTXSID00649958",-1.90340670617643,-2.45279044391327
"DTXSID10377038",-1.84745947203352,1.43667191477311
"DTXSID50568625",-1.91933604406966,0.833068439353846
"DTXSID20276381",-1.8851982006526,1.67554730667217
"DTXSID40808183",-1.91239191494489,4.71608016397083
"DTXSID7023516",-1.88415764100714,0.241091259659282
"DTXSID70788388",-1.85652935690024,0.456216865367808
"DTXSID00432746",-1.87535632186809,6.48961513768565
"DTXSID60656623",-1.92494877350006,-0.880140196115771
"DTXSID7025558",-1.88916225668552,2.3528764760822
"DTXSID50819528",-1.84176405525319,-0.689203536026683
"DTXSID90323573",-1.86200955334028,1.2128188940125
"DTXSID70834657",-1.85080204345806,-0.885589572904003
"DTXSID10796886",-1.93781127067434,-3.79351655400667
"DTXSID40518639",-1.8966807559395,-5.16601438973504
"DTXSID00638221",-1.92872855157877,-2.29952724256272
"DTXSID40148571",-1.86771973764551,1.29143073082694
"DTXSID80718176",-1.85024732486836,-5.61849914111162
"DTXSID30784609",-1.87206393367293,0.565919216387221
"DTXSID40632864",-1.89123848471819,-2.28403474992749
"DTXSID80326396",-1.8775289837184,-1.53362480429818
"DTXSID70517852",-1.91733290444178,0.0219035281582465
"DTXSID60684507",-1.87490462956316,4.63235834563962
"DTXSID80796530",-1.85650532141716,2.93506080285893
"DTXSID10888472",-1.84441538558741,3.90454262298841
"DTXSID40681216",-1.93072302453843,0.225940482968242
"DTXSID30485280",-1.87770186141524,3.31307387162216
"DTXSID10511612",-1.85291816317734,1.95890584032987
"DTXSID60171806",-1.90571630352369,2.32104929955824
"DTXSID5048051",-1.84528986669189,1.11480853736259
"DTXSID30450695",-1.89672071152219,-6.36383323695228
"DTXSID50697949",-1.9073540918771,1.88707665378622
"DTXSID10689401",-1.87448970729573,5.34468127416889
"DTXSID80455099",-1.85041346820499,-1.14827422243093
"DTXSID80152854",-1.86540645355066,5.02521698880407
"DTXSID20699112",-1.90716499765459,1.81559823860737
"DTXSID80368998",-1.87795804947084,0.892407345161533
"DTXSID80602506",-1.91448917570193,2.32626697644923
"DTXSID00793208",-1.89849765513358,1.14313484383363
"DTXSID30877328",-1.90496607886168,-0.465737299217021
"DTXSID20838807",-1.87147098613826,-0.800099665334534
"DTXSID50153555",-1.93787877907468,-2.29235958800342
"DTXSID90605023",-1.91157370846545,-4.0471753544745
"DTXSID70162841",-1.92402639107463,0.0140318586198222
"DTXSID30685203",-1.88646009471098,3.85839136354843
"DTXSID60686384",-1.85345878562385,3.58693581769065
"DTXSID30419424",-1.88632804605068,3.57660059895942
"DTXSID60682649",-1.85859126224672,2.34743496225613
"DTXSID30298953",-1.89618790516418,-2.60843022466026
"DTXSID30808793",-1.9293436998995,-5.36809682723181
"DTXSID90156722",-1.90086022270376,0.137521889862601
"DTXSID90799335",-1.85980157751818,1.26854669982505
"DTXSID60387021",-1.89905099625443,2.96961649446127
"DTXSID70884152",-1.84246883173711,-3.68761342319665
"DTXSID40152890",-1.84994159204747,-0.0648011994767463
"DTXSID90626157",-1.90038486024819,-2.03405325700447
"DTXSID50464810",-1.84938782566957,1.34255858192972
"DTXSID00237511",-1.9305784191096,4.60406545277272
"DTXSID90855268",-1.89248594282317,-0.433370979713
"DTXSID90623686",-1.88265870990553,3.4885781643313
"DTXSID50313192",-1.87658550049028,-2.62500481789015
"DTXSID90642332",-1.9310344825973,3.41284610728374
"DTXSID30492171",-1.86414940410127,1.13199402909573
"DTXSID60683095",-1.84313029780786,3.26515155359341
"DTXSID30678675",-1.87155443663836,-1.01049885408837
"DTXSID70682099",-1.89152234248887,1.2457578188357
"DTXSID00456740",-1.84097728223208,-2.46644853337027
"DTXSID90525939",-1.86497085151539,0.961441729928759
"DTXSID60231196",-1.83920969429053,2.77356000473812
"DTXSID20836005",-1.89132430328704,-5.03774420982527
"DTXSID20564573",-1.93405039942323,0.966852169569817
"DTXSID10743057",-1.93327808972181,1.21320904954686
"DTXSID9044295",-1.84157847154044,5.13534077543477
"DTXSID10285740",-1.86798056140539,-1.86381240272784
"DTXSID20311948",-1.85515065894599,0.682645345553955
"DTXSID30841665",-1.91445095580103,0.865850529733987
"DTXSID30837407",-1.85809351540247,1.4406123037855
"DTXSID00771107",-1.87429164540555,-0.14563713781547
"DTXSID50404776",-1.84261225113949,0.43619225812606
"DTXSID80816262",-1.87642477345663,-1.38789019633537
"DTXSID90692175",-1.9095690678484,4.99209045253308
"DTXSID90319052",-1.89993590479135,4.99914630956192
"DTXSID00810000",-1.88462146153192,1.06115384380405
"DTXSID80584676",-1.85573258768634,-4.59252292830663
"DTXSID10302906",-1.86255483649451,0.60445397936571
"DTXSID50743975",-1.86925852453909,1.31967848954593
"DTXSID00630967",-1.91012205098478,-5.13841737306869
"DTXSID50790626",-1.85667436444821,-10.3236959114711
"DTXSID30162882",-1.8870824893588,-0.981575362359538
"DTXSID50562446",-1.83863734229035,2.41334073327426
"DTXSID20658582",-1.91360692560526,1.14775820949256
"DTXSID00509725",-1.90548916631546,1.09575989975002
"DTXSID0073081",-1.8742206786166,-0.60475779634665
"DTXSID3048609",-1.88226202064137,-1.12870822858937
"DTXSID50470759",-1.84689167137331,5.24311553609868
"DTXSID80239619",-1.89821856152374,-0.335503650572366
"DTXSID40170478",-1.86418173899045,0.449065019437906
"DTXSID00406008",-1.92802262992902,0.241947915942656
"DTXSID40355086",-1.90508851716009,-1.59107425326913
"DTXSID10520986",-1.86181851741684,2.38254456301433
"DTXSID70353873",-1.90108057828858,1.61671146867027
"DTXSID40388930",-1.87183640128006,-2.5288392685455
"DTXSID20770051",-1.900666963159,-1.34326175269939
"DTXSID70151513",-1.88296250359497,0.883437761731116
"DTXSID10587458",-1.86522056228873,0.590743476683938
"DTXSID90321615",-1.89716438190831,1.51584246775672
"DTXSID50533252",-1.92629114105266,0.0469167533468656
"DTXSID10533036",-1.87659382283766,-4.00501519827482
"DTXSID20395627",-1.9098847258403,-2.71776682694008
"DTXSID50304065",-1.87670199866498,1.17825929119123
"DTXSID90691885",-1.90754609454154,3.59523468415066
"DTXSID10786308",-1.91272778102248,-0.780618189825834
"DTXSID80623938",-1.90744150716233,0.494061866022377
"DTXSID70237644",-1.91200164296619,-2.79770754775107
"DTXSID30877984",-1.85293940497498,-0.394571683561366
"DTXSID60536537",-1.93390416024392,1.42126102275782
"DTXSID80203734",-1.88271955423981,-0.886385467170173
"DTXSID60534856",-1.87830059076934,0.666663258350495
"DTXSID90731639",-1.84229676027876,1.96277887343395
"DTXSID70845662",-1.87322171195098,-2.9601289926472
"DTXSID40281831",-1.88528735281445,1.02141928362541
"DTXSID70656553",-1.84802529153459,-3.51489971371414
"DTXSID50359292",-1.86536200724585,-0.716073111755606
"DTXSID60432247",-1.85228123148515,-0.301122648466756
"DTXSID50718163",-1.9013751704206,-3.45614351411194
"DTXSID30791075",-1.93458839513504,2.27892219795974
"DTXSID90496655",-1.864505492974,-0.713591637546877
"DTXSID50477506",-1.92468743151031,2.60391768724441
"DTXSID80841458",-1.91951860565349,4.78290329818685
"DTXSID50673541",-1.89040715815264,3.55891331465646
"DTXSID70781298",-1.87070641053616,-5.34753149184994
"DTXSID70781293",-1.87650391102148,1.90288107194757
"DTXSID90502806",-1.91195567494255,-2.4041670822811
"DTXSID40475490",-1.91805239034052,-2.1728038810879
"DTXSID00681171",-1.87833974053228,2.51191037897792
"DTXSID60329042",-1.89050246869306,1.76842498882291
"DTXSID20359562",-1.88591168659433,1.02397848320259
"DTXSID80690206",-1.91230901368273,2.69715783697004
"DTXSID90444414",-1.9081175204022,-1.28179500168321
"DTXSID60358897",-1.87351041022585,1.51485185809017
"DTXSID90546306",-1.89905091163232,-1.64996738954811
"DTXSID10832995",-1.90691205225515,3.87747377119437
"DTXSID70564205",-1.84344010937995,1.72362728431002
"DTXSID80512510",-1.85884047229091,2.6488716226123
"DTXSID00644509",-1.84935498482468,-0.387804202311019
"DTXSID50798501",-1.88376242505359,1.31332006725556
"DTXSID00199625",-1.88238572087076,4.00579491774689
"DTXSID40614408",-1.90249195741395,-3.14993207456252
"DTXSID10602337",-1.87716216566352,1.32731147186277
"DTXSID40530639",-1.87716860328994,-0.465554174856133
"DTXSID50409009",-1.85951464468842,1.70865842451003
"DTXSID00745287",-1.88676273580887,0.805264421752215
"DTXSID20309603",-1.91392545996424,4.64069391097144
"DTXSID90770684",-1.91362587937643,3.94905221279493
"DTXSID90472454",-1.87687198549177,-6.96779677026533
"DTXSID40640484",-1.9227099706452,3.52803640471898
"DTXSID90308562",-1.92065072548383,-0.869406889318142
"DTXSID10417201",-1.92162538762005,3.46462507272515
"DTXSID10515958",-1.87768805265843,2.04020316594798
"DTXSID10750423",-1.88894786077206,1.48609921040709
"DTXSID80146536",-1.91212085471978,4.68681912942611
"DTXSID40617232",-1.83899908853571,-2.63879642645757
"DTXSID90640737",-1.86807664033561,-2.24247136916246
"DTXSID10691266",-1.87945971026611,5.32036452258571
"DTXSID40506192",-1.89278640136024,2.00894527884262
"DTXSID00687557",-1.90313747819043,4.51243325667268
"DTXSID00154810",-1.92983925474812,1.27097605675996
"DTXSID10298835",-1.85268590900542,-4.12195402393019
"DTXSID20356450",-1.89523299989829,3.12292300891148
"DTXSID7072965",-1.9092568569693,-1.54370277329264
"DTXSID30536049",-1.86816871191644,4.06215834360151
"DTXSID30729636",-1.84470293045917,4.31350787153222
"DTXSID90330444",-1.92820075338158,1.47498839818484
"DTXSID60559726",-1.908156981807,-3.08713347015949
"DTXSID30305732",-1.84395080736885,-0.428630469089098
"DTXSID80185940",-1.93037098857228,-0.887990501570428
"DTXSID30471885",-1.86887587180914,0.984455699401049
"DTXSID50571417",-1.86268150948142,-1.45933266498924
"DTXSID60495039",-1.9166315719721,-0.0762458522819868
"DTXSID50760703",-1.86329095086307,2.07945770156021
"DTXSID70337037",-1.88967535956248,-2.94678040375778
"DTXSID20711409",-1.84143805534769,1.15172616617074
"DTXSID30836970",-1.88245815762416,2.23576262773947
"DTXSID60193765",-1.84917509415972,-7.46455056474719
"DTXSID70759154",-1.90983977615147,-0.947258789055291
"DTXSID2091546",-1.84953590695789,1.15954082462629
"DTXSID10301075",-1.9006661597512,1.14439493635453
"DTXSID10436513",-1.90959365278372,2.01181759864227
"DTXSID60357082",-1.93446963487797,0.241329890872769
"DTXSID30535274",-1.88714438530065,2.13027031758909
"DTXSID90151156",-1.848041793002,3.15860999692435
"DTXSID60694868",-1.90558456452071,-0.0504114316505386
"DTXSID90381799",-1.91554083633299,-0.591373146553966
"DTXSID80769067",-1.86375360426113,-1.12200566689642
"DTXSID60453159",-1.87807712702114,1.30015465140798
"DTXSID30633840",-1.87086517004646,4.89731919015371
"DTXSID30702161",-1.90026926581649,-9.62104300392334
"DTXSID50275145",-1.84909110642181,3.82741873064337
"DTXSID80686508",-1.89092894969782,4.09092545884863
"DTXSID60766615",-1.8403863964424,0.633372064483533
"DTXSID90282499",-1.850679199778,6.75158673149062
"DTXSID60468046",-1.86483021914804,3.07563579912076
"DTXSID40644523",-1.85381962935023,0.980438078567398
"DTXSID70185494",-1.87194234644218,2.5349639192442
"DTXSID30363413",-1.84094455547374,0.716478113348931
"DTXSID80379589",-1.93735487322163,1.13665162999411
"DTXSID70438770",-1.91219724585143,-2.50071254269106
"DTXSID40433151",-1.85511900332949,-3.73391593374576
"DTXSID60459858",-1.93172455261899,5.47052925986412
"DTXSID00682188",-1.87544038645646,-0.167486127805587
"DTXSID50877406",-1.86358174660104,4.12645264122323
"DTXSID70286819",-1.92019213868743,-1.74844419897693
"DTXSID80800101",-1.86114628504679,-2.29107472223394
"DTXSID80376038",-1.89531296967516,1.68125907729792
"DTXSID40679512",-1.88366627000576,3.9342768217192
"DTXSID90513654",-1.91927037090318,-1.15469679015957
"DTXSID10302784",-1.88683605844073,-0.0516872533615423
"DTXSID70492019",-1.93130198722513,-1.51913448982859
"DTXSID40708634",-1.88755693839934,0.458656805370748
"DTXSID50367019",-1.8477850617616,1.03544797875578
"DTXSID40782737",-1.86031138161121,3.22926813577922
"DTXSID40366692",-1.9055414020576,1.07642358059009
"DTXSID30688113",-1.9223795481402,4.65268114489822
"DTXSID80308430",-1.90365474637487,1.17224220943054
"DTXSID10156663",-1.88683301127343,-0.483622593239233
"DTXSID50388284",-1.85838816361305,-0.747314551770164
"DTXSID80743625",-1.874975856111,-3.3560320595414
"DTXSID60688020",-1.89507732627306,4.99343268762079
"DTXSID60322634",-1.93222569454378,0.446910745009488
"DTXSID00865914",-1.85276527782126,0.29876774453712
"DTXSID90614978",-1.91420521689621,0.235494335821865
"DTXSID20437899",-1.89441787722477,4.27348635338723
"DTXSID30624339",-1.89854089672078,1.51318730465964
"DTXSID20874508",-1.93041695968446,0.985523774421591
"DTXSID30446533",-1.87038932947211,0.165656704252579
"DTXSID40180815",-1.9186366992466,-1.13260644736833
"DTXSID90739872",-1.86945588763356,-2.11662020475545
"DTXSID40755168",-1.90484868088179,3.71452177582858
"DTXSID80329564",-1.92983111115958,1.3486277480232
"DTXSID90649124",-1.90705040064969,-5.4605131752065
"DTXSID70175951",-1.90949181555895,-2.5182537331328
"DTXSID30811040",-1.92275503165003,1.21691724126849
"DTXSID50626395",-1.89238711248723,1.93006457398776
"DTXSID40225977",-1.86569524772696,0.940961962415917
"DTXSID60567861",-1.93149152637207,-3.80384657712982
"DTXSID30382442",-1.87371977696292,-2.5415977932206
"DTXSID70233883",-1.8657614018924,-1.59622591858295
"DTXSID10682836",-1.87009484457607,2.09441726372434
"DTXSID30602278",-1.91304227668773,-6.17148942932864
"DTXSID00600842",-1.87727342560792,-2.02560212820769
"DTXSID10514269",-1.9151139428778,-4.26759975623394
"DTXSID80650204",-1.86399909721273,4.48090878105668
"DTXSID50780562",-1.90043454175662,2.49777581316896
"DTXSID20474148",-1.90385734228196,-0.765846708102662
"DTXSID80158255",-1.87208727454014,-1.00625827959481
"DTXSID10514961",-1.93388352866668,-0.207078950336081
"DTXSID60596979",-1.90244434416063,0.936244397037773
"DTXSID00504053",-1.84096622846074,-3.26233594338631
"DTXSID90302242",-1.84574388643987,6.60942762989777
"DTXSID10501290",-1.89715449642346,0.957587549384972
"DTXSID40308431",-1.8881459679582,3.93192682294951
"DTXSID90185118",-1.93298284744502,-1.64327784937369
"DTXSID4065109",-1.87057115607158,-2.61543432806934
"DTXSID00728691",-1.91324804088445,-1.27800050291108
"DTXSID80224282",-1.90012888335636,0.879035973411336
"DTXSID00596019",-1.90639788670541,-1.17232909879159
"DTXSID50365979",-1.88659054631933,-0.0686687766417298
"DTXSID30553256",-1.92124278342089,-3.72785269031032
"DTXSID60641690",-1.87216808641568,2.85566530700575
"DTXSID30326922",-1.92199878495525,-1.71794921635179
"DTXSID00484301",-1.90797334831288,3.84197518021831
"DTXSID90712100",-1.85742841127688,-4.84854545295633
"DTXSID60675773",-1.93486907938212,-0.601957105169794
"DTXSID20704775",-1.8604339927466,3.20171170216826
"DTXSID10391431",-1.87986407954149,-3.99741807684295
"DTXSID80613970",-1.86471100231752,-2.42985942447211
"DTXSID20502314",-1.90584242399098,4.69894905400505
"DTXSID80794798",-1.87396475277894,2.78318280544462
"DTXSID20822923",-1.91003877267996,0.578444212096098
"DTXSID50714049",-1.84701231214981,2.94296933788802
"DTXSID50690435",-1.91675525725947,3.50888910287618
"DTXSID60561728",-1.90377349637524,4.93292284965606
"DTXSID20726432",-1.86536375653317,2.69289257772985
"DTXSID00476988",-1.89498356092495,1.42989502972574
"DTXSID90397653",-1.89353986973145,1.56080486003502
"DTXSID80705268",-1.91116123869974,-0.187535531558707
"DTXSID60371965",-1.88632276913573,2.18527662861064
"DTXSID30287125",-1.84196632397174,-0.295472702608333
"DTXSID40700436",-1.84032509513202,0.533395215016438
"DTXSID90494217",-1.86313080014926,-0.536699022083217
"DTXSID50810954",-1.88786332598224,0.403531644130064
"DTXSID60763609",-1.85596719533621,4.14790022603429
"DTXSID60187063",-1.84659167264467,-2.25089602015831
"DTXSID90659288",-1.91145789484731,0.996908440834561
"DTXSID40313207",-1.88157393092807,-1.30200470018071
"DTXSID10521771",-1.93060269476085,2.29707148237707
"DTXSID80751306",-1.8785103900847,2.17199505111455
"DTXSID40618744",-1.85887229996408,-2.11287654439725
"DTXSID2046709",-1.87316592823186,-2.24403591971033
"DTXSID10776986",-1.85803947733483,-0.550361489324326
"DTXSID00461637",-1.89278855981086,0.374246750647704
"DTXSID40705820",-1.8939675344905,0.671790619934972
"DTXSID60532397",-1.89485176612112,2.04186920646711
"DTXSID50836336",-1.9100404072587,0.648553771730917
"DTXSID70831767",-1.86210956943907,-0.155760541803453
"DTXSID90668517",-1.87827657915201,2.37782207974036
"DTXSID80291575",-1.85186994742356,5.61269497524932
"DTXSID80517883",-1.93696028563764,0.305676680406062
"DTXSID00689258",-1.90635683819999,2.60121506018803
"DTXSID90759717",-1.93365975091562,2.85048990169101
"DTXSID20431514",-1.93827953079197,3.27643646656037
"DTXSID40354751",-1.84585664465417,4.67255679247119
"DTXSID80195988",-1.87374267096506,0.426887400526526
"DTXSID50368460",-1.9219380011795,-2.88687442074223
"DTXSID00370634",-1.86064202948813,1.6658768980446
"DTXSID60320635",-1.90014496237939,0.611695098592093
"DTXSID90599771",-1.86470405332704,1.97495357174706
"DTXSID30504021",-1.9005266217647,3.03474189488306
"DTXSID10447806",-1.88568954395492,3.04983574615898
"DTXSID70606275",-1.84820208691782,-4.51931652988169
"DTXSID00384615",-1.92888801892639,0.961906877988214
"DTXSID40852702",-1.86760549199427,-5.08299656109481
"DTXSID80755167",-1.87259500139154,3.49567833828586
"DTXSID80526839",-1.88067235385209,-0.91255834238956
"DTXSID2066068",-1.85176814400667,-2.8220930180962
"DTXSID20483755",-1.85294825401731,2.49858938014521
"DTXSID50677307",-1.85556038822632,-1.02373141607512
"DTXSID30293443",-1.9044523210418,0.81580330415894
"DTXSID80171565",-1.8533742400498,-2.55547291295424
"DTXSID00742579",-1.87333430111254,-1.94540299256163
"DTXSID40495198",-1.90786666277295,2.72438139931503
"DTXSID00216624",-1.87650229731421,3.72586916706369
"DTXSID90839164",-1.92005614709652,1.10273758765523
"DTXSID60225499",-1.86206660981803,-3.14517153857197
"DTXSID00316370",-1.90479151488724,3.01904824149778
"DTXSID20276725",-1.88820283855742,3.30923771560637
"DTXSID70819166",-1.91361727349556,-2.19003803253896
"DTXSID90803840",-1.85859156265947,-4.22889000992327
"DTXSID50158287",-1.89547577991371,0.375282856612841
"DTXSID30506848",-1.86598396507481,-3.2244376406015
"DTXSID90686630",-1.9135495354912,3.29911580574716
"DTXSID30390188",-1.86284873422777,1.70834573323955
"DTXSID30689842",-1.87431223416904,3.66545325955249
"DTXSID00744250",-1.91221806558073,5.5871087738494
"DTXSID70812177",-1.8572723683056,1.51146158499189
"DTXSID60361184",-1.88365614764679,0.816171806553408
"DTXSID10191079",-1.91286863640904,-0.954337487564284
"DTXSID90740463",-1.84819687069293,0.40228634612832
"DTXSID80720259",-1.8536618869211,-0.287931417597719
"DTXSID60703808",-1.84310687310053,-5.31240092784785
"DTXSID00519182",-1.91521006081335,-0.484312261207221
"DTXSID40226707",-1.86509112313017,0.873968300797545
"DTXSID00884024",-1.9039026361586,-0.971986804262045
"DTXSID10355871",-1.88473105569774,2.65620875271114
"DTXSID80416221",-1.92220440888449,2.72203319351087
"DTXSID40558757",-1.92099644740355,-0.616069846567723
"DTXSID60418223",-1.8475568023707,2.60965068430896
"DTXSID20371340",-1.92415511234548,2.75409504245614
"DTXSID40877536",-1.90586711680987,-0.526885248492294
"DTXSID20683733",-1.85492710401422,-0.553318803093402
"DTXSID50576987",-1.92305490341198,-4.69147116403172
"DTXSID70653466",-1.8713423689647,0.306340782099523
"DTXSID00684021",-1.89934955169089,2.84154650333297
"DTXSID20278926",-1.88971113297805,-5.33308407236198
"DTXSID00532795",-1.86139122911807,0.46530466583818
"DTXSID50347492",-1.85970533386925,-6.76971766700862
"DTXSID30485381",-1.84347545119971,-0.7278190195323
"DTXSID90311495",-1.84691152925863,-0.0432668314221617
"DTXSID00238321",-1.88671940470898,2.68857278998187
"DTXSID30734563",-1.85481794954057,-1.8376513511715
"DTXSID10404777",-1.83978048468725,3.51695740256228
"DTXSID50592142",-1.84159253135742,-4.34292277526503
"DTXSID70784087",-1.90386211079954,-2.890388238804
"DTXSID70359436",-1.93237251029587,-0.906072178669686
"DTXSID10620697",-1.92617936452972,1.01023872586489
"DTXSID50719892",-1.88594075368064,-2.57231791695078
"DTXSID20871951",-1.88089758376883,0.63030844119476
"DTXSID40495012",-1.83861190513003,0.361439104678466
"DTXSID70459561",-1.85532145155784,-1.49611230441291
"DTXSID90187415",-1.9012371965866,0.111389751600535
"DTXSID90232595",-1.86683243084765,3.80521630677314
"DTXSID60682740",-1.93566928386382,1.49811251574757
"DTXSID6066078",-1.91986791521949,3.38643921144946
"DTXSID60598413",-1.90277392967626,-1.56185946571273
"DTXSID00876808",-1.86709028310185,-0.482597501513405
"DTXSID60680741",-1.90572394280733,-2.6782546582404
"DTXSID00649094",-1.922061430118,-0.682548389831239
"DTXSID10740309",-1.85297860976194,2.73728744314386
"DTXSID20154074",-1.860867938405,2.01961635313254
"DTXSID30537793",-1.86575754545598,-1.4850956070566
"DTXSID70798664",-1.89731044975676,0.993878919487279
"DTXSID90688119",-1.88196763235734,4.88076640012233
"DTXSID30208097",-1.84371333103043,-2.37242894745903
"DTXSID80824645",-1.84563382394701,1.36661282536168
"DTXSID60283771",-1.84178520658711,-5.28691674622541
"DTXSID50301574",-1.85170041586859,2.22504772443295
"DTXSID50275261",-1.87336796612106,3.54294836011339
"DTXSID40454285",-1.89468028875226,-0.86244287906626
"DTXSID70303378",-1.8583596544153,-5.29378201983594
"DTXSID30620634",-1.85729768374905,-1.10570556933609
"DTXSID40577266",-1.91947772098848,-0.806059685687476
"DTXSID20283515",-1.86595988563335,1.92528721144614
"DTXSID80560955",-1.93733889250752,5.41873015073373
"DTXSID00671193",-1.92927402239685,1.84010951715022
"DTXSID80696884",-1.88288669763777,-2.03176077672135
"DTXSID60609598",-1.90268339190256,-0.798568100751989
"DTXSID20417914",-1.8949768847521,1.019499458136
"DTXSID50543710",-1.91674286405879,3.41256585635992
"DTXSID80846923",-1.93423458656293,-4.89382302907776
"DTXSID60345969",-1.85300568579922,-3.00866517055639
"DTXSID60672545",-1.93651993695751,1.02183111675197
"DTXSID10797434",-1.90383506447794,3.40098927515916
"DTXSID30465840",-1.89968820568041,-1.10002216789842
"DTXSID30605805",-1.91387076654635,1.63435877946007
"DTXSID10651562",-1.91488548173066,0.443634941035673
"DTXSID70486539",-1.93028238050737,2.44898093484727
"DTXSID80506015",-1.85906402336817,4.60365771339466
"DTXSID20318235",-1.90674589750978,-1.24210412771944
"DTXSID50567133",-1.85097867137252,-2.37623809579663
"DTXSID90886815",-1.93717926740961,-2.60958466477591
"DTXSID90329555",-1.90286322308351,-9.34814521412357
"DTXSID90236937",-1.86194128059175,2.74974069579711
"DTXSID60733761",-1.91054180379488,2.97744161241682
"DTXSID80683355",-1.92879449959018,3.06119246521283
"DTXSID80550199",-1.93716682063748,2.50607529648723
"DTXSID70346987",-1.84264113678706,-3.4277388467613
"DTXSID00433172",-1.87013277799322,4.21849849965457
"DTXSID40598552",-1.8435808064855,-1.25822018910831
"DTXSID90757990",-1.86257469888196,1.08586774922889
"DTXSID60671538",-1.91897620889565,-1.17450315557399
"DTXSID90426775",-1.90257929392805,1.79493987305075
"DTXSID00316815",-1.84924599688929,4.91399785195865
"DTXSID80744596",-1.92416743582012,1.65976125235575
"DTXSID60757624",-1.90101478182697,-2.7927236154648
"DTXSID70428914",-1.85507732187876,-0.72198874856627
"DTXSID90425162",-1.87103820776874,2.04594125076354
"DTXSID60331802",-1.84846035176388,0.494409162955762
"DTXSID90575656",-1.89826836812373,-1.43467226462231
"DTXSID90474054",-1.84119497384102,1.14808003604427
"DTXSID50691846",-1.84925342179716,4.98879651883456
"DTXSID60353367",-1.85126069395967,-0.917993733713553
"DTXSID70345399",-1.85527919520409,0.747786582289278
"DTXSID80876841",-1.90237323408717,2.49841309238605
"DTXSID30366500",-1.90807302284028,2.61333621871619
"DTXSID10575153",-1.84848746795861,2.49176965593213
"DTXSID90772446",-1.92239014577778,-2.01724280204353
"DTXSID20689710",-1.8902431298543,3.20830735537263
"DTXSID9062643",-1.86649823721234,3.68414437032087
"DTXSID00450980",-1.85916289185775,-4.97705125989443
"DTXSID10477946",-1.90524102488675,-1.23096499657223
"DTXSID20459319",-1.92078426719024,-5.96219760663281
"DTXSID90289680",-1.9337948325947,-1.12579237170384
"DTXSID30691460",-1.9333772017631,3.49488370124373
"DTXSID90319855",-1.87287073015663,0.856326093660375
"DTXSID90685108",-1.84049306731436,2.852502154288
"DTXSID20711126",-1.90697174739531,1.51564952412958
"DTXSID80787307",-1.88417287566702,2.91278213034422
"DTXSID50734020",-1.92293515706101,-1.41628594964584
"DTXSID80674061",-1.88602794610356,-2.56768458913131
"DTXSID20655379",-1.92547604425621,5.78841339753125
"DTXSID20793285",-1.92552105085364,-3.49052559019512
"DTXSID70677869",-1.90527799594599,3.56781930890187
"DTXSID10501513",-1.91677932648382,-0.088551882055801
"DTXSID80289876",-1.84060832084941,0.573047725874549
"DTXSID10292999",-1.93697529680155,0.749743717035627
"DTXSID80715120",-1.85517372886473,0.57013548546932
"DTXSID70285882",-1.92008694710064,-4.24230265547739
"DTXSID20459511",-1.90426725725112,0.440583749858603
"DTXSID90524528",-1.9037114444518,3.78922466666866
"DTXSID80143085",-1.86455549895688,6.65505965203667
"DTXSID90228716",-1.87031079362122,-3.54823425714238
"DTXSID90729298",-1.86465744184289,4.8519872938823
"DTXSID60413218",-1.90666525746513,-1.57926789945793
"DTXSID80360598",-1.90867729015133,-5.01280582553962
"DTXSID20346679",-1.90798289631125,-0.2929294580762
"DTXSID50735017",-1.86684910770509,0.798155526902018
"DTXSID0028030",-1.88978592558798,-5.58368449585857
"DTXSID20460288",-1.83997030727896,0.291230079945383
"DTXSID40642165",-1.85600450925253,1.3352516221199
"DTXSID50828857",-1.93093291797443,-1.40510110832895
"DTXSID60661510",-1.90461468542904,3.65457583981578
"DTXSID50275443",-1.87772755483727,-1.51474843476622
"DTXSID00424040",-1.86419273068573,-2.6414441122756
"DTXSID50732223",-1.93320829484255,3.07029416137221
"DTXSID60188954",-1.87224596015541,-0.504904550753935
"DTXSID30538967",-1.91559678642831,0.12901328081152
"DTXSID50282894",-1.8732175669351,-0.302195827350896
"DTXSID50282899",-1.8597154822366,-2.39038502910189
"DTXSID30429129",-1.89286208962235,0.652271761529773
"DTXSID00579882",-1.93792421894465,1.00412529532068
"DTXSID10505713",-1.90723763492297,-1.71635836938708
"DTXSID80563481",-1.84275243283104,-2.60694275251404
"DTXSID60585606",-1.87322961236779,-0.291100839282597
"DTXSID10752149",-1.87396644815353,-4.06794108426197
"DTXSID60657458",-1.8763042840379,4.22591821827592
"DTXSID60443550",-1.86703522962185,-0.430037273417906
"DTXSID30624874",-1.85522223361152,-1.57267163070704
"DTXSID70543232",-1.89240763168794,-1.58381121677401
"DTXSID10199691",-1.84256974437574,2.00053856468022
"DTXSID00276884",-1.87530360174763,-0.37269694482469
"DTXSID10690193",-1.91387352425451,2.16072228121604
"DTXSID80456743",-1.92799416253602,2.99921607337977
"DTXSID00656046",-1.9357937700134,3.35580298406575
"DTXSID10687866",-1.8828212199263,4.72546473798733
"DTXSID70577673",-1.92722646596114,-0.944650885745999
"DTXSID10220499",-1.87706926948939,3.86632950693162
"DTXSID20757201",-1.93347392003543,0.800451259823973
"DTXSID60780614",-1.85419437224754,0.753990795324433
"DTXSID30710509",-1.91041419564386,-1.79118476751268
"DTXSID30390022",-1.89303213850537,-3.57401855280159
"DTXSID90507073",-1.93150462710984,1.71762788009471
"DTXSID80810028",-1.93150625190954,-5.56275848031819
"DTXSID80849550",-1.88800474086714,3.14317004240298
"DTXSID50303578",-1.91180334384005,2.29592514937473
"DTXSID90480892",-1.91303848179737,1.43149916190508
"DTXSID20755888",-1.93597267195879,3.45983977197767
"DTXSID40675392",-1.89255684153769,-1.80474908089928
"DTXSID70687882",-1.86503559857457,5.41520092675338
"DTXSID60383821",-1.88188561553453,-0.361278701513652
"DTXSID20681113",-1.89898369272096,3.6368376030823
"DTXSID50281847",-1.85987070906693,3.02927202990046
"DTXSID80384239",-1.88273438321838,1.79368126840363
"DTXSID00684687",-1.84396913307035,1.86589973754022
"DTXSID60397362",-1.90208854932824,3.71019390716324
"DTXSID6037568",-1.9346045222604,0.46123364893144
"DTXSID20532590",-1.92374824519731,1.63756653262734
"DTXSID60428701",-1.84201909179669,0.816518269805958
"DTXSID90739453",-1.88168466334862,3.91185543164233
"DTXSID60530353",-1.90171140174576,3.14560900494056
"DTXSID00844522",-1.84395938815368,3.13865027340938
"DTXSID40682768",-1.8607570332613,3.68331411111719
"DTXSID90644290",-1.89899818738786,0.727437555959154
"DTXSID30794480",-1.8784068767646,-0.653648728470908
"DTXSID20819358",-1.85532836911988,-6.36715204343595
"DTXSID90349970",-1.90361230176193,2.54311015272364
"DTXSID00589320",-1.91958030058274,1.14223497258751
"DTXSID00397669",-1.9347269538655,0.949540879156189
"DTXSID00527186",-1.89961813685619,-2.97980645064959
"DTXSID70531735",-1.89960919073055,1.62300342401952
"DTXSID20595903",-1.9308498097239,2.70736887489096
"DTXSID50688130",-1.89478231537215,3.34336926343282
"DTXSID40737666",-1.86899684991887,-2.66152631048197
"DTXSID60376950",-1.85796184318426,-2.59747388879447
"DTXSID40352671",-1.87778591011224,-0.0790923944119225
"DTXSID1069794",-1.87290427970162,-4.71413339697317
"DTXSID40874409",-1.92905841626503,2.54381846399759
"DTXSID2042438",-1.84179775426011,-0.0219926709100576
"DTXSID70391957",-1.89997371524675,-1.11050035932183
"DTXSID50788902",-1.8733818520084,-2.31150405531778
"DTXSID90163335",-1.88272602894114,2.39613880125177
"DTXSID90189156",-1.85923733763326,1.41214135261324
"DTXSID60785306",-1.89331516367332,1.00824753688034
"DTXSID70512468",-1.85073511961998,0.532693154560175
"DTXSID6073312",-1.92999737884801,-3.08096260058916
"DTXSID60197465",-1.90693967644672,-3.35036043971434
"DTXSID00812983",-1.83998708597876,-4.31501410721686
"DTXSID30705218",-1.93530129080994,2.20379991021187
"DTXSID10509493",-1.91531877245485,3.52989851136152
"DTXSID70303772",-1.92593979825693,3.38922059988945
"DTXSID90148304",-1.93363093334637,0.826748746631197
"DTXSID20851117",-1.86019014898574,3.70067198804942
"DTXSID00671496",-1.93741282770147,-2.01601471463387
"DTXSID40611311",-1.85828316028267,2.76031039783316
"DTXSID10636672",-1.93787121893835,0.978667019213677
"DTXSID10345999",-1.91025875403762,-1.21636787541422
"DTXSID20765523",-1.92382929831997,1.88955018228789
"DTXSID90729930",-1.8612701440718,0.104313644654102
"DTXSID50670954",-1.85661708634443,5.04327997521224
"DTXSID90661442",-1.84667524444234,-0.358853495612364
"DTXSID30330948",-1.92314216930521,-2.02483434447464
"DTXSID10145916",-1.87900073515668,-0.975668503763653
"DTXSID40566973",-1.88288258391975,0.592594189383747
"DTXSID40692589",-1.88586143116382,1.76093031401402
"DTXSID20580692",-1.93591898746536,-0.13521793348841
"DTXSID20732937",-1.89774215661095,0.392458469764446
"DTXSID80617150",-1.910455348885,5.25327143137838
"DTXSID00396733",-1.87058131472361,3.69404320303967
"DTXSID90461282",-1.84848621221063,-1.43655853946111
"DTXSID00840943",-1.88027272669072,1.30563045691
"DTXSID80501904",-1.85749115997347,1.76976547937502
"DTXSID40172891",-1.93467935134637,-4.60008253879681
"DTXSID40576012",-1.84965402874673,-0.122907298690784
"DTXSID40492546",-1.91424701093412,0.467146134909405
"DTXSID60676260",-1.91287098571954,1.61640960139939
"DTXSID00390150",-1.84152356633615,-1.55602038772444
"DTXSID20721386",-1.93731832639812,0.484912513612866
"DTXSID80673498",-1.92939310162752,3.13596673914935
"DTXSID00354459",-1.85256348082186,-0.10126794668027
"DTXSID60802148",-1.89518394894774,-0.829702355950126
"DTXSID90810514",-1.91598430687648,-4.14372130361083
"DTXSID5070070",-1.86149726158317,-1.36902829986062
"DTXSID00391728",-1.92913637122086,2.02784212478968
"DTXSID40156691",-1.93370484301043,1.68477699689157
"DTXSID00641730",-1.839766775424,1.56714673879693
"DTXSID80435417",-1.8471776665778,0.156820681161264
"DTXSID20811332",-1.91484901357148,3.05675057351927
"DTXSID30425348",-1.85278209002513,2.28259316255299
"DTXSID30579133",-1.86035149785564,-0.575243968306764
"DTXSID00767702",-1.91316431679166,1.57053659548841
"DTXSID40306871",-1.89604218920184,-1.53522413892053
"DTXSID00585084",-1.87150237199582,6.06304319180069
"DTXSID0042296",-1.8494776604132,-4.76127913038631
"DTXSID70573690",-1.92040423201582,-1.55294281837331
"DTXSID10853569",-1.86510379382965,3.43511248577906
"DTXSID40368717",-1.92256463621676,3.23057782426073
"DTXSID00682603",-1.92703676215301,2.58642880979596
"DTXSID40550155",-1.91463498579605,0.648829670287169
"DTXSID30527199",-1.93422998680429,-4.83057561494933
"DTXSID50326146",-1.90559801099697,-0.717178451064971
"DTXSID00420986",-1.88469692189505,1.67095073325778
"DTXSID60407076",-1.90886674496628,0.610223292288229
"DTXSID1062043",-1.87281735087267,-3.84743438236279
"DTXSID50853245",-1.88674796873947,-0.763114770292926
"DTXSID30803622",-1.89136786192926,-4.7768465300652
"DTXSID30186624",-1.9355186205955,-2.55776080307364
"DTXSID60897418",-1.8682374241678,1.09441974605121
"DTXSID50799437",-1.84143024188634,1.76810987667705
"DTXSID00686186",-1.92690151847726,3.49137259495043
"DTXSID10580161",-1.88128867083733,-5.25000516789395
"DTXSID50429782",-1.85845998292252,1.72910888355064
"DTXSID30576460",-1.90847466823936,2.1289287858155
"DTXSID00609153",-1.86153806867529,-1.11640992373916
"DTXSID20443495",-1.89349775428225,-0.36042606129757
"DTXSID10802774",-1.90272513793613,0.476758168987377
"DTXSID90804115",-1.92478840174777,3.42471525668813
"DTXSID30162226",-1.85468738648895,3.67363728326371
"DTXSID10612830",-1.92029998809481,1.06070757054816
"DTXSID10429187",-1.83840349124866,0.882404084405169
"DTXSID20173003",-1.85731332063044,2.92755534069692
"DTXSID50839029",-1.92639305138556,1.9844390075632
"DTXSID50389034",-1.89377230812597,4.21578112019661
"DTXSID40720755",-1.86282789235206,-2.3965600490936
"DTXSID90653584",-1.92836949420022,-0.542319795819089
"DTXSID20437319",-1.8438736146648,2.06905306410241
"DTXSID00662849",-1.91647219908554,-0.347151667165749
"DTXSID10604114",-1.83908667707467,0.72495332960855
"DTXSID40615591",-1.90535887377121,3.33784793417883
"DTXSID00624861",-1.93803697923451,-2.4653260555689
"DTXSID20211191",-1.87109710756174,3.40959860077858
"DTXSID00448165",-1.87470169964754,-0.0618144456390343
"DTXSID40345826",-1.90458493381556,-4.19547976785673
"DTXSID90691941",-1.93765063801664,2.98011953491386
"DTXSID10490377",-1.89220226640505,-0.442680088642043
"DTXSID20566835",-1.87880704949715,5.25996156368532
"DTXSID50352061",-1.8740240195719,3.61923181531331
"DTXSID10835047",-1.89756383083659,3.90718046578083
"DTXSID20649490",-1.84358627790756,2.76352157105408
"DTXSID10218790",-1.92813117504251,0.825781177261712
"DTXSID00855794",-1.92400333377692,1.48112483508226
"DTXSID00290924",-1.90149271386774,1.93819808144286
"DTXSID70807528",-1.83878699786768,0.419297732565195
"DTXSID50188206",-1.87222475170305,3.9133197761056
"DTXSID90377798",-1.88182975761397,0.736413808170627
"DTXSID00280224",-1.87830143813459,-1.32631770763447
"DTXSID30684534",-1.89905074037303,2.51620493451946
"DTXSID50824031",-1.90072865899192,4.5029216998613
"DTXSID60694909",-1.90614516363756,-0.959341025610605
"DTXSID40690969",-1.83916214686047,4.66422645043793
"DTXSID00530231",-1.84786053564592,3.24995394552057
"DTXSID00854363",-1.92664425934979,-0.733357875699525
"DTXSID20438604",-1.84945137733545,-2.21457933971645
"DTXSID20850009",-1.86021632671839,3.03522170782899
"DTXSID00589108",-1.85442665710723,4.7872614502782
"DTXSID40599246",-1.8798364960188,0.710129086804023
"DTXSID70231869",-1.93730779700526,-1.90840963557414
"DTXSID30763575",-1.85476086246189,-2.18698075107211
"DTXSID80692503",-1.86080102203904,4.63089472138514
"DTXSID70686577",-1.84027053419471,4.21250951743134
"DTXSID30767078",-1.90373711355975,-3.38025204361019
"DTXSID00536511",-1.93536709800768,3.78367896913878
"DTXSID30645766",-1.9134193722048,-2.62174547846038
"DTXSID00287874",-1.86610590422092,2.3607160206959
"DTXSID70430294",-1.87393118770702,0.849189262748061
"DTXSID00852627",-1.85590335447667,2.57928121282909
"DTXSID90710040",-1.91772926285716,-2.00721479483132
"DTXSID10436952",-1.85612006550215,-2.50050237541635
"DTXSID70514427",-1.84962471267491,2.79161982300898
"DTXSID10703257",-1.89795164065695,2.54026680492305
"DTXSID60548195",-1.92049958800721,-1.99094409534185
"DTXSID80635596",-1.89414254994589,2.28635854914814
"DTXSID90373710",-1.89860237290738,-0.484076131387248
"DTXSID40729127",-1.92647463236162,-0.733005116287102
"DTXSID90745276",-1.83883691113015,2.34546122284641
"DTXSID20683617",-1.92875699832809,2.41750011938704
"DTXSID2073649",-1.92965251087784,6.39878350852186
"DTXSID90561877",-1.92505825284464,2.51962849825466
"DTXSID80661597",-1.90195006997469,3.81836608058294
"DTXSID50594449",-1.9082358677271,0.620075927842577
"DTXSID10740667",-1.89370896592146,2.57935238541184
"DTXSID60385800",-1.89317189905574,1.57471103620948
"DTXSID90460750",-1.89600485628948,2.43812394208008
"DTXSID10723071",-1.85993558373569,-0.327231012870642
"DTXSID00757527",-1.86977503524895,-1.59902210138961
"DTXSID10362469",-1.85827371223646,0.346131529473079
"DTXSID10242474",-1.8543209636812,-2.11598957573577
"DTXSID00420603",-1.87088980485783,6.01481367607486
"DTXSID30487623",-1.88933663845805,-1.31833133267184
"DTXSID50238891",-1.86057004355808,2.40144709338837
"DTXSID30654994",-1.85117868359015,1.08918878502892
"DTXSID10528407",-1.88772897992541,-5.79852840191676
"DTXSID00311426",-1.86845467862289,-2.34048890859148
"DTXSID90184040",-1.9029741495383,-0.505123489250839
"DTXSID20347964",-1.88485636138526,-0.672413185014102
"DTXSID40820527",-1.88176479991181,0.279738327865468
"DTXSID80550593",-1.93354985419373,0.222453273639707
"DTXSID90636377",-1.9158300295888,-3.56061194217238
"DTXSID00850789",-1.86624741684598,0.803880802543645
"DTXSID10844518",-1.86243483280219,5.52005463537142
"DTXSID10684895",-1.89579854416181,3.78450730814677
"DTXSID80739649",-1.92899364738027,0.5408177879443
"DTXSID80739644",-1.88128756539335,-4.1964017400478
"DTXSID80317527",-1.85512640587261,2.09203333509416
"DTXSID90498230",-1.91438633680059,2.83938261146445
"DTXSID00358694",-1.92450438538249,-0.0167996198208373
"DTXSID50848414",-1.89123634058299,1.09169451233815
"DTXSID60401736",-1.91052823133091,2.54300308224833
"DTXSID40298106",-1.89969684647778,1.72747314030979
"DTXSID60667613",-1.9201157455254,4.23521574413254
"DTXSID80588694",-1.88150531348969,3.24498145906631
"DTXSID90550004",-1.8717148270595,2.41570087993395
"DTXSID40854281",-1.87290768237788,4.43590761966058
"DTXSID30226216",-1.90639389608034,-0.368341197452133
"DTXSID00516474",-1.86617124628112,2.10234969174069
"DTXSID10769696",-1.86769562381997,-0.208713819045079
"DTXSID50683488",-1.90260782525445,-0.0973945807388526
"DTXSID10375054",-1.84667185580272,0.893543946936338
"DTXSID90359256",-1.86589813613006,0.076314189273615
"DTXSID90406936",-1.89716618839672,3.32939693189105
"DTXSID60421313",-1.84721143175638,4.08497591935842
"DTXSID10686379",-1.92216845354441,2.42871748605262
"DTXSID30511654",-1.83934862926336,4.03083181744401
"DTXSID00841697",-1.87289277853063,0.0126092118088487
"DTXSID10752341",-1.93446400571999,-0.0739885680015919
"DTXSID80791585",-1.83953363016531,-3.89478210383086
"DTXSID70296135",-1.92951685214594,4.90867452235065
"DTXSID60685731",-1.89663895072197,2.00257488255934
"DTXSID90671783",-1.91413623224637,-1.27384402155178
"DTXSID40791167",-1.91440505890397,-5.69476180759994
"DTXSID40274021",-1.904515882296,-3.26412742329869
"DTXSID80778917",-1.84998212380558,0.315607299127483
"DTXSID10360788",-1.89365460698268,3.65661270125006
"DTXSID80883156",-1.86260499445093,-4.38115421125026
"DTXSID60422042",-1.90691810517739,1.22110883045175
"DTXSID40644260",-1.88567574470841,-2.34635841449898
"DTXSID40390816",-1.91137612494161,2.60618332210117
"DTXSID90819421",-1.91582257516164,0.310707340158892
"DTXSID60594334",-1.85609647309669,3.16498957318594
"DTXSID90854256",-1.872340994042,1.48407347910916
"DTXSID50598205",-1.87522525053711,-0.801992024701835
"DTXSID30826210",-1.91566931765523,-0.236262637553412
"DTXSID00714832",-1.86459943058035,-6.45295777345285
"DTXSID00342977",-1.84409044324124,1.75297915727255
"DTXSID80477251",-1.87235258815744,-4.58991014267836
"DTXSID80316111",-1.91323814987325,-1.85258800030952
"DTXSID90386128",-1.93205716295237,-3.28606262786074
"DTXSID20528079",-1.8778192759357,0.603781504084406
"DTXSID70824295",-1.92236658746178,3.97518182471711
"DTXSID20839950",-1.9182159413085,3.6368502516243
"DTXSID90396722",-1.92819113461203,0.0805186717461791
"DTXSID80440223",-1.92668538967355,1.87457558277189
"DTXSID20154493",-1.93746457287655,0.75307631937846
"DTXSID40181923",-1.90777617848516,1.08009516655802
"DTXSID20312713",-1.84026816375829,0.395341863029128
"DTXSID20583067",-1.87522368753249,-1.71011191865103
"DTXSID80602283",-1.89265904592177,-2.46481923770326
"DTXSID80756674",-1.909159476626,-2.7164318406579
"DTXSID20428984",-1.92718152447234,1.48793308787616
"DTXSID50840453",-1.88584842860472,1.9876096937017
"DTXSID80797426",-1.91627745071371,1.9349128677334
"DTXSID80690943",-1.88281823880843,4.66015116342881
"DTXSID70402517",-1.8482682460027,-1.02641771566312
"DTXSID20388670",-1.85604163986793,-2.99069241601962
"DTXSID60357047",-1.91835028420001,2.49790700745081
"DTXSID30411569",-1.93291062727219,2.86469719294992
"DTXSID20350610",-1.92899559547669,0.805685965056061
"DTXSID40400707",-1.90060159121087,-1.06677197013543
"DTXSID80277738",-1.86444349088984,2.62000111694043
"DTXSID60325726",-1.92112395950602,-2.25967596144169
"DTXSID20275278",-1.84887015373974,2.45834709938876
"DTXSID50604911",-1.87508889552493,-3.05233060997497
"DTXSID10214676",-1.8809034600576,1.15022194485481
"DTXSID90629628",-1.9059267121878,2.19493737287262
"DTXSID80561144",-1.89675576896534,0.56046384763325
"DTXSID00355320",-1.90770438825401,2.42143501190325
"DTXSID20847570",-1.86182723557061,1.63702888515334
"DTXSID90742987",-1.93164093721848,2.75533469799244
"DTXSID50575915",-1.90375608210984,-2.07023552042737
"DTXSID20171327",-1.88731238520996,-2.15523459828399
"DTXSID00677938",-1.86082475964683,3.08555467485413
"DTXSID10220575",-1.85094048980802,-3.01781787328287
"DTXSID50289348",-1.88940654331143,-1.10452676765347
"DTXSID40536853",-1.89433724833768,1.59416193265913
"DTXSID30537253",-1.9266999478486,3.03156625687843
"DTXSID90286952",-1.89307176028329,1.52743192233166
"DTXSID10653541",-1.92277106303067,2.05902647602831
"DTXSID20228986",-1.85747706668042,-3.20854639116517
"DTXSID00406265",-1.9184929224005,4.3768062400722
"DTXSID30532182",-1.85201622462026,1.06571954964761
"DTXSID80306274",-1.86203004368074,-4.44848677151907
"DTXSID30775153",-1.86117456691252,-1.8063524527973
"DTXSID80352059",-1.86205795690117,3.59039417032701
"DTXSID80818786",-1.85923519104746,-0.83892014937461
"DTXSID00836548",-1.85993991478348,-4.05602331540697
"DTXSID30699168",-1.87634794909239,1.43651880188131
"DTXSID80726094",-1.90814276837231,-4.16120096259403
"DTXSID60556018",-1.90285221844168,-0.288143009456631
"DTXSID30815725",-1.92506203488074,1.43876582480708
"DTXSID70342560",-1.84851899617466,-0.0951864485115653
"DTXSID40680466",-1.86172149518887,2.3917278769838
"DTXSID70170249",-1.86758528400181,-1.03056591918306
"DTXSID00376318",-1.92058689725338,5.35024074837114
"DTXSID40698965",-1.89804134586609,-0.549475049647123
"DTXSID40745988",-1.87848248848738,-1.17329811049137
"DTXSID00417174",-1.84457639114421,-0.879746260255392
"DTXSID50792226",-1.87716629730228,-2.33582082961802
"DTXSID60657498",-1.92592594779539,1.14871568112744
"DTXSID60199343",-1.88746770332368,-2.94894898300009
"DTXSID50663386",-1.86772351377868,2.85951680302143
"DTXSID50758620",-1.91205617789406,2.73927544277332
"DTXSID6058924",-1.92708461986438,1.92511446476224
"DTXSID20480062",-1.92972428441324,1.55720633466242
"DTXSID50574761",-1.8458274266028,0.136049419093987
"DTXSID10394801",-1.86160906284694,-0.583971807829555
"DTXSID80145281",-1.91830734072044,2.99774945580554
"DTXSID90569717",-1.89855549615334,-5.87894156397166
"DTXSID90438590",-1.88158671069437,0.639856968928737
"DTXSID60239915",-1.9155233561185,-4.14934628027717
"DTXSID00352793",-1.84198899131141,0.618485691083324
"DTXSID90479428",-1.90338342364212,3.06133222644583
"DTXSID90835005",-1.88444589752618,0.0980622208279227
"DTXSID40707501",-1.85821499214022,2.98880684282461
"DTXSID20511688",-1.93146066384715,-1.86003129334125
"DTXSID20147825",-1.88220743973868,-0.640632117838624
"DTXSID60415479",-1.90202718717135,0.799811813941745
"DTXSID70490813",-1.90852654229477,2.53439931165911
"DTXSID10473246",-1.92882594814205,-1.89802925810437
"DTXSID80783364",-1.8802781876948,-0.318495510802755
"DTXSID80160398",-1.89148180454832,1.47011078094769
"DTXSID10719934",-1.85621883049674,-2.36011552666292
"DTXSID80645953",-1.91295796655447,-2.77809903191939
"DTXSID30282539",-1.88073583244046,1.34528741613282
"DTXSID40509229",-1.86509119616903,0.810943595148078
"DTXSID60743880",-1.90355979654966,2.37346819622248
"DTXSID10365915",-1.90832654673029,0.646560546622565
"DTXSID90391792",-1.84155888872562,3.24167133441746
"DTXSID40798510",-1.88453937962095,-9.48834357224771
"DTXSID60644661",-1.899680477613,-2.84395333890689
"DTXSID80492404",-1.84038406128504,-1.17797635818532
"DTXSID30380504",-1.86499513456413,4.68242380345911
"DTXSID80289159",-1.92623308045688,2.45764247223488
"DTXSID20446183",-1.89176971164197,0.0410963205855148
"DTXSID00874965",-1.92765028404316,-2.93394456501081
"DTXSID50866092",-1.93387516698212,-0.170544044497057
"DTXSID00797822",-1.87308863886543,1.29455818063671
"DTXSID30167312",-1.89805450782376,-1.90500237701768
"DTXSID80395805",-1.9131988132521,-0.577037740997225
"DTXSID20542952",-1.89035039181464,-2.29310792824747
"DTXSID60556492",-1.91104244455276,-0.843356036616585
"DTXSID70677162",-1.87298412782891,-5.32994664613015
"DTXSID70349094",-1.92205385526895,-2.35953016188232
"DTXSID80360210",-1.86877494321941,-2.30519145435832
"DTXSID80443496",-1.89323222529682,2.50798896665812
"DTXSID30524527",-1.88507323747956,4.18447217694214
"DTXSID70662073",-1.86564324686715,-0.234854479300252
"DTXSID20532030",-1.92683607429828,4.84816569890296
"DTXSID50661443",-1.91074105097352,-0.134700018280962
"DTXSID50368026",-1.85660945077522,2.79907386955869
"DTXSID10368401",-1.88139007414014,2.98162216356661
"DTXSID10594788",-1.87189651752036,-0.525433253958887
"DTXSID50295040",-1.91386089086554,-0.344681316912586
"DTXSID70567837",-1.88565511795732,-3.66001210736288
"DTXSID50346263",-1.89621179106021,1.3217724948164
"DTXSID70885008",-1.89676235939883,-4.27362109704889
"DTXSID00504139",-1.86898797837966,-0.565726137052329
"DTXSID60784652",-1.9078200311886,1.01624828731876
"DTXSID20291675",-1.85260752485179,1.82627281823281
"DTXSID40328750",-1.84136335364434,2.75314536376455
"DTXSID40815655",-1.91476283532658,3.91878071942973
"DTXSID70800675",-1.93191329320375,-2.58854344496863
"DTXSID50705038",-1.8508570543971,2.21892084510381
"DTXSID50683766",-1.88889159555633,1.72876199550085
"DTXSID80678625",-1.90240923039586,-0.89234425438845
"DTXSID10550667",-1.87880092364787,1.96952975196951
"DTXSID50283765",-1.86249106995747,-4.92556680442874
"DTXSID40545304",-1.84366957120798,0.340729653946062
"DTXSID00290287",-1.8702550235879,3.78590558440955
"DTXSID60335249",-1.84021572580416,-0.733343623998346
"DTXSID70512968",-1.85004973245057,0.176150956012166
"DTXSID60618049",-1.85519938926386,2.85086750580581
"DTXSID80632989",-1.92589243255954,1.85404654946019
"DTXSID80574911",-1.90562714081934,0.445723084522219
"DTXSID20789244",-1.865188315599,1.63976001930152
"DTXSID00462826",-1.92933669817971,0.261201093169017
"DTXSID40317866",-1.89495822410617,0.734281032955703
"DTXSID10178249",-1.87234178488656,-0.12353625322576
"DTXSID50531399",-1.90091415540204,2.30980612954874
"DTXSID90804918",-1.85922793738456,1.95474683084875
"DTXSID70540867",-1.93810761953572,-3.21040889551924
"DTXSID80776852",-1.83878390429329,-0.103146164171409
"DTXSID70536826",-1.93289837227457,1.20034167198961
"DTXSID10175455",-1.85793391684512,1.21588359897062
"DTXSID50719019",-1.85234074304657,-0.265604347939812
"DTXSID9070371",-1.8866934012777,-4.17619991584901
"DTXSID30701558",-1.936315803763,4.91228557153429
"DTXSID90454755",-1.86055680525705,0.126434943294112
"DTXSID50829460",-1.87504032444405,4.46694550109326
"DTXSID5065726",-1.8486982837428,-3.04747216901821
"DTXSID10220792",-1.86176390769647,1.0401713499671
"DTXSID80288985",-1.93159661103801,3.84371638182272
"DTXSID70685828",-1.92245834993351,1.25681225189412
"DTXSID00693012",-1.93743711560785,0.111964001664167
"DTXSID0068579",-1.86024022492112,-3.097276551226
"DTXSID70841760",-1.89740222825551,-0.0554823541672784
"DTXSID50680735",-1.90609064133253,2.95611050369793
"DTXSID50828711",-1.88025044362918,2.63409678413527
"DTXSID60604902",-1.84841328658376,-2.50502313963048
"DTXSID60198856",-1.90707800836483,-3.98121522866455
"DTXSID70203667",-1.88885874841116,-0.689571285352069
"DTXSID20551923",-1.90666490832626,-1.25358703649428
"DTXSID30562984",-1.87119275568559,0.0770568594485662
"DTXSID80789886",-1.83918987496989,-0.435218809463341
"DTXSID90425167",-1.87961818106604,-0.00666620616034419
"DTXSID6059239",-1.91475217168258,-1.71894612026433
"DTXSID60763922",-1.92433797515742,-3.86991687034549
"DTXSID00198850",-1.8724348882052,4.37969020048174
"DTXSID00551249",-1.85578457667782,4.30403779372683
"DTXSID60589068",-1.84146977703761,0.601614338356288
"DTXSID80551121",-1.90149151903968,-2.27146713222368
"DTXSID60575062",-1.85617347163916,-0.00589306179988246
"DTXSID60489115",-1.91314923509957,-4.47468044601697
"DTXSID30693666",-1.93557246047324,3.03308881723582
"DTXSID70891568",-1.90692156847767,0.246834818047244
"DTXSID90444474",-1.91032365032733,2.76536766783794
"DTXSID70720581",-1.88467541672942,2.95179939855477
"DTXSID40510294",-1.86271749621684,5.07418538104074
"DTXSID60770313",-1.88200182378173,-1.99894655255496
"DTXSID10560706",-1.9329135510156,2.43121659354083
"DTXSID20352215",-1.91305414895309,1.42486067864976
"DTXSID20398395",-1.89848859632739,-2.15786466383014
"DTXSID90224596",-1.88733540643527,-0.670295815096506
"DTXSID60404489",-1.90479736827136,1.48174068873764
"DTXSID90578203",-1.91726783950928,-1.9667078104865
"DTXSID40478486",-1.8429501265113,-6.47870938469384
"DTXSID00364735",-1.91023868037895,1.92454329380651
"DTXSID10553496",-1.8771271377871,-2.61494495219845
"DTXSID50465160",-1.85044688557677,3.11096275974324
"DTXSID20687574",-1.85557720246968,3.95420347063252
"DTXSID90472474",-1.86341958704352,-0.655776657222473
"DTXSID60838109",-1.90638628817009,-3.2867590252888
"DTXSID50699185",-1.91548829597753,2.25576134702204
"DTXSID60509403",-1.92731932407352,1.64170109347325
"DTXSID00640228",-1.87706643984769,-1.38094598364971
"DTXSID10775813",-1.90426118858648,0.147129742742373
"DTXSID80653593",-1.89892685234595,-5.38481392907455
"DTXSID50324400",-1.89794096240796,3.13370971616977
"DTXSID40345962",-1.87585399984079,3.01862223916401
"DTXSID40531489",-1.85731099500742,1.47724927619048
"DTXSID50390802",-1.86605530643014,5.17161429346066
"DTXSID50689586",-1.88147071609056,3.00754420037797
"DTXSID50850850",-1.89314957041695,-0.619256451439383
"DTXSID70608552",-1.83833070816502,0.953949837736631
"DTXSID20637519",-1.87417643948674,0.96518826117218
"DTXSID90292098",-1.89273979137497,-1.88805211598036
"DTXSID40471472",-1.87314925814285,-3.46921173151786
"DTXSID70832552",-1.85353444412805,-1.14566798257231
"DTXSID60713583",-1.9209025367874,-1.66065155470088
"DTXSID80697674",-1.9142887074619,1.5858624867694
"DTXSID60666005",-1.89827770178827,-2.01965405057011
"DTXSID8073681",-1.8804670191502,4.8477046344267
"DTXSID8073683",-1.88115036472485,5.38598529833174
"DTXSID40718930",-1.92066068827309,-1.3786547565835
"DTXSID70353530",-1.85725746116547,2.34620114048191
"DTXSID10574287",-1.93065786591686,0.678514146770873
"DTXSID90594822",-1.89964240084764,0.821977654595116
"DTXSID60495014",-1.86596876138788,-0.639790755320839
"DTXSID10836312",-1.9343433355903,-8.26761034835052
"DTXSID30754726",-1.93310867651249,-1.92673250757183
"DTXSID60694803",-1.85880963313422,3.29777130261981
"DTXSID70702105",-1.91178514733914,-3.39284839129569
"DTXSID90683942",-1.86978053524832,3.15964905729105
"DTXSID40279874",-1.86133712325377,1.13491988336533
"DTXSID30328062",-1.90370378655168,2.54122047632079
"DTXSID40896222",-1.93635221743629,4.22475463750236
"DTXSID00651551",-1.88131499325373,-0.0728047069083331
"DTXSID90554284",-1.89128960684391,-0.405020130774551
"DTXSID00523668",-1.91050342996465,3.74710706291787
"DTXSID70469544",-1.84315723262821,-2.07114855683963
"DTXSID70653885",-1.87507749403358,-1.88093438216069
"DTXSID20204523",-1.88687222877044,-3.14276183651069
"DTXSID00694084",-1.93033265343182,-1.44525794629861
"DTXSID40689797",-1.87468426953692,4.77881126277758
"DTXSID30553635",-1.93052177585888,-0.995724822225603
"DTXSID70304289",-1.90294794166118,0.371209110284119
"DTXSID60528417",-1.93745662723595,3.06114438285336
"DTXSID10873883",-1.86825741754087,1.83101271622963
"DTXSID70483361",-1.88914427499402,0.531873921886942
"DTXSID40465179",-1.85452203104482,-4.46681670375948
"DTXSID30397293",-1.9131221879466,-1.87373036826194
"DTXSID90850430",-1.86349009776642,1.48010092625009
"DTXSID30149476",-1.83916451871604,0.557911155881789
"DTXSID50877426",-1.92433943946255,2.64893469212673
"DTXSID40874525",-1.84797644660145,0.206256163449939
"DTXSID70493607",-1.87724565311372,-0.0211148197031229
"DTXSID80219532",-1.84588247999775,-1.14261130616354
"DTXSID30162766",-1.86040859257209,-0.663611886771458
"DTXSID30745477",-1.85828786027666,4.68213173677874
"DTXSID90651686",-1.93009298865339,-2.72926712230082
"DTXSID50518600",-1.86872825609736,0.487422471452541
"DTXSID20661016",-1.90249398837472,0.0193296328290647
"DTXSID80759701",-1.92759853449454,2.53314821861001
"DTXSID10374385",-1.90274610658583,-0.417809484857187
"DTXSID50834498",-1.90265729175914,3.90057834653735
"DTXSID50424873",-1.88024248609778,1.9775364425631
"DTXSID50811123",-1.90305966451592,-1.57686120189771
"DTXSID80621792",-1.8625626016191,-0.776105234791963
"DTXSID00416728",-1.91929052347407,2.14011679880297
"DTXSID40856588",-1.85528519016365,-3.19233242923957
"DTXSID00740737",-1.88802046159444,3.51934996375093
"DTXSID30351370",-1.88637827575045,-2.76680704672431
"DTXSID70684896",-1.89332969164669,3.0814319359837
"DTXSID70517837",-1.85109125690812,-1.77845879478988
"DTXSID30868312",-1.91272464431164,-1.69311322406457
"DTXSID00683115",-1.93707853106586,1.98032517053601
"DTXSID70452557",-1.88362414903413,0.444610973388389
"DTXSID20874568",-1.91564473716573,0.298476255223496
"DTXSID10177353",-1.91164644331234,5.06387023735853
"DTXSID70687160",-1.86072882445544,3.6252841128981
"DTXSID00552554",-1.93504902624058,-1.77667298331954
"DTXSID10277807",-1.90555584020725,-0.798159692498242
"DTXSID70820015",-1.87157650694594,0.286592502786211
"DTXSID10628239",-1.91625025814405,0.949652935965002
"DTXSID8041377",-1.89193469506566,-0.281775640452984
"DTXSID00618503",-1.91119613110184,2.62579975340329
"DTXSID10421904",-1.93816998292732,-0.605781974633179
"DTXSID30484137",-1.83918521517479,-1.22015495203009
"DTXSID00840827",-1.87229457223712,1.05490499560016
"DTXSID70702302",-1.90273447606515,0.835658585871165
"DTXSID00708074",-1.85356074172299,-0.353623326670989
"DTXSID20725920",-1.88170551316818,0.202096906545553
"DTXSID10555879",-1.91297124545916,-0.531863236022431
"DTXSID40883793",-1.88799884056994,-4.33756307471516
"DTXSID10225641",-1.90991963203838,-1.0666679399019
"DTXSID00483773",-1.8542454092545,-1.89340707704319
"DTXSID80816606",-1.90684030998855,-3.44015576406435
"DTXSID60688686",-1.84826675288517,3.83964530174318
"DTXSID60692763",-1.84168700633935,2.90496872332668
"DTXSID00412346",-1.85166242801024,-1.30563937501623
"DTXSID10684092",-1.84479917616667,0.967762742749228
"DTXSID70797859",-1.91844731280706,0.0965731177546103
"DTXSID90798828",-1.91391405129414,1.02521665979029
"DTXSID80346059",-1.87454206328682,4.97739283030855
"DTXSID20344296",-1.85503956152544,2.23004213227388
"DTXSID40522711",-1.90284313322825,-2.21414898135013
"DTXSID20228603",-1.86099324891912,-0.799537216248047
"DTXSID30159252",-1.91462160831664,-0.652818955039286
"DTXSID80839592",-1.9211884776159,-4.26626370527913
"DTXSID60514012",-1.92898278652384,-2.94080788846085
"DTXSID60165306",-1.90310105293281,-0.233578920343541
"DTXSID40465578",-1.85312042853169,-1.90203285948314
"DTXSID40714634",-1.93326228612914,-0.466444206735313
"DTXSID10724563",-1.92769099485106,-0.125343046731067
"DTXSID30754145",-1.88807170132213,1.10253731883983
"DTXSID10791699",-1.87096840495688,3.19754161479021
"DTXSID50695440",-1.89506027234898,0.900299600194938
"DTXSID70296599",-1.88668436364846,-0.462965369561457
"DTXSID60381428",-1.84971888486719,3.50463682680473
"DTXSID60713881",-1.90114618406045,-4.741942926367
"DTXSID40681150",-1.89081074966959,4.12029768571368
"DTXSID40640883",-1.92017324681468,-0.999583599122003
"DTXSID00580756",-1.86480527824072,0.807212629637982
"DTXSID90591497",-1.89077587683925,-3.2189980289744
"DTXSID00365040",-1.85497921593898,0.909642870928465
"DTXSID60352739",-1.92279791955755,0.384404214726416
"DTXSID60417110",-1.90158073314089,1.54476787272934
"DTXSID40393246",-1.92450823735436,0.766535703671143
"DTXSID40476109",-1.84719019118899,-4.17820552218237
"DTXSID30472675",-1.85851879395087,2.49916425018638
"DTXSID50646114",-1.92133404909718,6.01719303206529
"DTXSID90406471",-1.89327758650838,1.86484382587289
"DTXSID00766775",-1.91282403099615,-2.69402756092098
"DTXSID70684457",-1.92434024972755,1.2581087633821
"DTXSID90229147",-1.8705002647565,0.34919085911228
"DTXSID20544734",-1.92190540053146,0.741060651700658
"DTXSID7073729",-1.86648120853823,2.45107713627873
"DTXSID30287029",-1.89726341650726,3.9255945787829
"DTXSID00514531",-1.90840288790773,3.56689191589385
"DTXSID20376976",-1.88542642852466,2.77126313797468
"DTXSID60371905",-1.86286085471633,5.10623005724234
"DTXSID40342698",-1.88335902744054,1.92270082444379
"DTXSID20497211",-1.85991163146374,-2.54907819428934
"DTXSID40532916",-1.91898483145447,3.2225652052377
"DTXSID30362683",-1.9364184673867,-0.887474059014865
"DTXSID30823022",-1.93336150102183,0.926656360007615
"DTXSID50606112",-1.8440508730907,0.0920860428208691
"DTXSID60875135",-1.93582337609804,0.691801506437896
"DTXSID30611709",-1.87171690633945,1.91373316566383
"DTXSID20681976",-1.89171856212021,-0.761091324316613
"DTXSID20536513",-1.9371616355048,3.59989861834995
"DTXSID90463948",-1.84041639957705,0.859778697660788
"DTXSID30452851",-1.8936293876653,2.37018208153787
"DTXSID90291703",-1.89092785614654,2.75582944577025
"DTXSID90877763",-1.89186292013591,0.353597411364483
"DTXSID60635473",-1.85765319611929,2.56207319625698
"DTXSID90425389",-1.93016584563747,2.7280597247838
"DTXSID90354589",-1.87965821310927,4.39366049410178
"DTXSID90512243",-1.86002849255492,1.07981149029397
"DTXSID40770952",-1.90840647924949,1.66348306092555
"DTXSID00143062",-1.90860453511644,3.20558012429349
"DTXSID20735589",-1.89051062904699,0.387993142335242
"DTXSID00557488",-1.87977327229414,5.1690980295367
"DTXSID90722401",-1.92700787080642,2.48567138383735
"DTXSID00418101",-1.86816664967965,0.748197923505278
"DTXSID50497527",-1.92739051586218,-2.3771192933247
"DTXSID80383247",-1.86065154543874,2.67449217388335
"DTXSID00333608",-1.88016851170797,-3.46493997347092
"DTXSID00689233",-1.88984207772139,4.00611938411165
"DTXSID30785898",-1.88025541380236,2.23966288766698
"DTXSID20332451",-1.88191064069141,-1.76840050584855
"DTXSID90517490",-1.91057589338692,-1.23703900459973
"DTXSID90793318",-1.88062077674092,-1.86136981446289
"DTXSID20459899",-1.93726703454583,2.64360416666406
"DTXSID10409000",-1.93264694250982,1.52301123286698
"DTXSID50223126",-1.85471668249093,1.3199806625123
"DTXSID4032615",-1.85116516785563,3.4003630264585
"DTXSID30808814",-1.93655788275608,-0.0988144886851214
"DTXSID50556683",-1.8568350084925,-2.80290888518704
"DTXSID30316121",-1.87375962326874,-5.38085897826363
"DTXSID20366337",-1.89640487715201,-2.86558377272956
"DTXSID50510422",-1.86847296763643,0.117128772934344
"DTXSID00353482",-1.85867272691806,1.57547619596681
"DTXSID00306413",-1.88767972698115,-0.956233018318691
"DTXSID90324207",-1.90221265536499,2.41624959878391
"DTXSID40764735",-1.91611103696228,-1.48816151682271
"DTXSID10698715",-1.87390841605021,2.93170078539797
"DTXSID00538590",-1.8816684825955,2.0164577556384
"DTXSID40845199",-1.90542293484395,3.73976091159298
"DTXSID20720753",-1.89979638159207,2.27034330429237
"DTXSID70697744",-1.89301373997068,0.0713798900146718
"DTXSID30215408",-1.89853287866909,2.34657244857967
"DTXSID70428055",-1.9285805102689,-1.29090295135768
"DTXSID50370725",-1.89484791716006,-0.0275632002784848
"DTXSID30308965",-1.93219853976529,2.53143802157565
"DTXSID40443558",-1.91520429908414,-0.156131550404026
"DTXSID20504217",-1.86284633538919,3.40649064821456
"DTXSID90155972",-1.8854973136259,0.695458387032952
"DTXSID30689827",-1.84437887668744,3.63555783154452
"DTXSID90295140",-1.86845551884416,2.04502800313827
"DTXSID90827440",-1.84597055745137,-5.37727771926773
"DTXSID30275421",-1.89750416130475,0.797565557477069
"DTXSID30773558",-1.85809640615234,-0.00552580808199594
"DTXSID50734045",-1.86194724188653,1.8361231060802
"DTXSID80507360",-1.85958089242413,0.602003841752827
"DTXSID5041439",-1.86214642178885,-0.127202739689112
"DTXSID20509641",-1.8854938022166,-2.24997089276778
"DTXSID10499143",-1.88506982007265,-0.8683027074697
"DTXSID30392046",-1.93534055791439,2.70070950440193
"DTXSID50354808",-1.87592491063604,3.66081893516767
"DTXSID00425911",-1.88406523203089,5.16935345142639
"DTXSID90719018",-1.92723420921197,1.30342692938467
"DTXSID00554351",-1.8395083290989,2.61404358695417
"DTXSID80742850",-1.90035493120953,0.650112321435059
"DTXSID80437153",-1.89356021418009,4.93198168725571
"DTXSID20734032",-1.87311313372928,2.81454955276092
"DTXSID50641629",-1.92458998083885,1.22473867494561
"DTXSID2073273",-1.91091971501582,-0.111602585212042
"DTXSID60199247",-1.89857090687782,5.3904109959246
"DTXSID60311508",-1.89337914396528,0.801517499380265
"DTXSID80775860",-1.9067956023341,0.343623850150403
"DTXSID50658651",-1.89975352629931,-1.13377511524124
"DTXSID00738058",-1.90085107391003,-1.92592257507644
"DTXSID40489557",-1.91958261597068,1.3817150548912
"DTXSID00616569",-1.88787750976071,-6.12128895174014
"DTXSID40789105",-1.88714377900509,-1.92831183542307
"DTXSID4069341",-1.9362307216967,-1.82671147475782
"DTXSID60386130",-1.91983983371321,-1.97587890089791
"DTXSID00629811",-1.89183320414565,-1.46147715280597
"DTXSID60217571",-1.90352480166022,3.18994631667655
"DTXSID10557530",-1.87692534286037,-3.18829853547663
"DTXSID30459643",-1.90335892622702,-0.0418291365425191
"DTXSID50539496",-1.85571248001524,-1.29187109732231
"DTXSID20316195",-1.85957139243217,-0.474354742887701
"DTXSID10636793",-1.88113106275962,-1.96726549357096
"DTXSID10155555",-1.93211723021491,4.05860818192981
"DTXSID10562644",-1.89773253894685,1.8946130622769
"DTXSID40712771",-1.92462431730499,-2.8114887403175
"DTXSID90594706",-1.91630246444495,-2.9627232022342
"DTXSID00636388",-1.92105715976684,-2.91655694328404
"DTXSID50274411",-1.93240601955494,0.0115669004323418
"DTXSID10679448",-1.88875407190643,1.69745600394264
"DTXSID10452591",-1.84589961355434,-1.35254024694353
"DTXSID70603209",-1.86478077058038,0.57839072939768
"DTXSID80849196",-1.90774908156924,-1.98236061657329
"DTXSID70697345",-1.84852404970906,2.63182556980753
"DTXSID50148805",-1.83983472725596,-3.44381022699898
"DTXSID10293507",-1.89885897396288,0.62551705066271
"DTXSID10421681",-1.90644555535452,-1.84879639343509
"DTXSID40354115",-1.91634722372083,1.30347693896093
"DTXSID00620823",-1.93661316097218,0.471069317176874
"DTXSID50706702",-1.89301541117738,2.26426641828384
"DTXSID50879667",-1.89022050845224,4.64907791139564
"DTXSID30477640",-1.84494718335056,5.19682772918074
"DTXSID20158254",-1.92464664618943,-0.101354138018175
"DTXSID70379371",-1.89359109050959,-2.09480828248318
"DTXSID20623159",-1.8802605667837,-3.40332571350815
"DTXSID40589824",-1.87516949475209,3.32046215004999
"DTXSID90614670",-1.89178655762706,2.67720736889298
"DTXSID30278957",-1.90715384667637,-3.79813883635228
"DTXSID20367768",-1.85039456591139,0.112154401160354
"DTXSID70301011",-1.86764148230393,-3.06176639130655
"DTXSID40686761",-1.89159874527601,3.76970172824145
"DTXSID10858498",-1.92333428753847,2.17308717700295
"DTXSID10550763",-1.89870144566888,0.672852749463983
"DTXSID30689105",-1.8586662766132,3.40970424140047
"DTXSID60858600",-1.8612809561981,4.26518324094033
"DTXSID80684680",-1.92226407874856,0.307300368558744
"DTXSID00831598",-1.92496313243098,-1.68269589210617
"DTXSID20425312",-1.88378081230825,0.140127444956683
"DTXSID90404715",-1.93469056552971,2.61502689799979
"DTXSID00146270",-1.93165845050767,2.17349488415569
"DTXSID00485297",-1.92628940556262,3.62728759199114
"DTXSID90559097",-1.84748215460116,-0.421744141932745
"DTXSID90604374",-1.89467503964459,2.84210896470555
"DTXSID90789993",-1.86809713822224,-1.41630900013085
"DTXSID20854269",-1.86584607499858,-1.75880992542106
"DTXSID10317439",-1.89238580357375,-1.2150855891983
"DTXSID5027516",-1.86868427410982,-5.99763757456652
"DTXSID90581252",-1.9128846791721,0.386372480167001
"DTXSID80688385",-1.84732457137917,5.06226476888534
"DTXSID20203177",-1.84448246475608,1.76750809742097
"DTXSID30832755",-1.8434948253607,-2.25461702970638
"DTXSID40671354",-1.91899035736215,-2.1422138781191
"DTXSID70392580",-1.86336382958999,0.344969049546278
"DTXSID80800202",-1.87471415717935,-2.99356309452596
"DTXSID20230908",-1.93677970880698,4.6858938158947
"DTXSID20152732",-1.93713965938383,-0.136830045655331
"DTXSID10611540",-1.91188331403851,2.07147880762164
"DTXSID60331327",-1.92292445837635,0.120240583614106
"DTXSID40836249",-1.90821489767687,3.55571627176811
"DTXSID60635251",-1.90553270850026,0.29047987436911
"DTXSID70231763",-1.90971628786953,-2.39609488845142
"DTXSID80501060",-1.85417696408966,2.54133699126299
"DTXSID90446579",-1.87643975005997,0.0787868359958138
"DTXSID50876358",-1.88129230124337,2.67774745068458
"DTXSID10236959",-1.84085693832992,-3.29212718426692
"DTXSID80596279",-1.90008332894474,2.39673952517355
"DTXSID60593367",-1.85664519028913,-1.9543335576651
"DTXSID00385001",-1.91849072452721,0.562250948233728
"DTXSID90640459",-1.88428984652787,1.19772508028013
"DTXSID10846552",-1.84467717797033,-3.53742411267314
"DTXSID40188038",-1.86560277876124,-2.78539246852124
"DTXSID60175369",-1.86173771696035,2.10159685295895
"DTXSID30443406",-1.89416471979723,-0.433381616475915
"DTXSID90237621",-1.93606800893991,2.3297656695479
"DTXSID60764313",-1.9140594742571,0.415902042952739
"DTXSID10833684",-1.85654280087927,1.04525368762114
"DTXSID60666000",-1.8994803626577,-1.34654693710819
"DTXSID80555503",-1.88156550924002,3.51498804630798
"DTXSID30845547",-1.89492416023964,-3.55754671490131
"DTXSID60588793",-1.87061329637608,-3.69161360553107
"DTXSID70401863",-1.87214997927684,-2.34029205671862
"DTXSID90887165",-1.84047628440715,1.28143746222056
"DTXSID90362407",-1.91392091919201,-3.39557416986545
"DTXSID80565425",-1.89506089404963,0.266043205937976
"DTXSID60479410",-1.86780821544251,4.27611050153137
"DTXSID80518971",-1.86724756593423,-4.79152334495983
"DTXSID90536141",-1.89681782576918,-2.57801862152913
"DTXSID10662991",-1.89875820223167,-2.24166469989375
"DTXSID20777787",-1.85879923429921,-2.22114553419649
"DTXSID00277871",-1.88344131345769,0.712578133068652
"DTXSID90312740",-1.85452551289416,-4.74494326673403
"DTXSID90851740",-1.92110642652546,-1.86466054719197
"DTXSID50555813",-1.84944395546044,0.694636078609784
"DTXSID00647050",-1.91356887401675,4.80893702728483
"DTXSID90323290",-1.90038572193223,3.53483537461794
"DTXSID20426288",-1.92813753157086,2.97925049904215
"DTXSID20417393",-1.91864070968032,3.13942111611668
"DTXSID20749661",-1.89710261726065,-0.0743344480224935
"DTXSID50228252",-1.93131834758658,1.10113458119027
"DTXSID70598161",-1.84684465593646,-0.074177803609367
"DTXSID70771896",-1.86190794953351,2.71784788698219
"DTXSID70758945",-1.84161493784711,-0.928097641170643
"DTXSID20561325",-1.93664527186528,-0.423078351577884
"DTXSID10741593",-1.87683379449554,-0.749826355873181
"DTXSID90438292",-1.93572555209279,0.245458669417109
"DTXSID50690157",-1.92296022480675,3.27838660374702
"DTXSID20880806",-1.87507266875386,-3.34430023315714
"DTXSID60465611",-1.88102163989428,-6.49056762191954
"DTXSID70847363",-1.86882829529294,-2.2387250735993
"DTXSID80493456",-1.91910525164276,1.19667504008279
"DTXSID40406067",-1.85083105070089,0.491500440602965
"DTXSID20397984",-1.86519661535243,-1.63451686013164
"DTXSID80531625",-1.8870935400035,0.602070535638061
"DTXSID70483003",-1.85287742511298,-1.05970706932132
"DTXSID30355499",-1.8492964728789,1.97210870902193
"DTXSID80539262",-1.88257070787251,-0.210453328287971
"DTXSID40843791",-1.92597778338868,-6.64153771354064
"DTXSID0062472",-1.91858114243281,-2.34258009433266
"DTXSID40877738",-1.88705715312878,-1.81819065283222
"DTXSID30211263",-1.90799430583729,2.69924587568925
"DTXSID90679446",-1.91986877821122,1.17261415861075
"DTXSID50355532",-1.93065941467869,0.200270400072302
"DTXSID60656628",-1.8571487841382,-0.477622876151522
"DTXSID30387639",-1.93497509419313,-5.05016129321304
"DTXSID10291982",-1.88112196041217,1.90095634677129
"DTXSID90414278",-1.91145978834233,0.86492369207947
"DTXSID70368629",-1.84478980847875,1.86169431329718
"DTXSID40617378",-1.91093229302314,-1.64869128281564
"DTXSID10407046",-1.91448424646773,-4.01799460812335
"DTXSID50357490",-1.85594924170143,1.87096910684013
"DTXSID90206796",-1.8432817852688,-0.74916156361182
"DTXSID60544036",-1.83983218468708,-1.31787652608451
"DTXSID0059247",-1.93092650220707,-5.41897798342589
"DTXSID70465425",-1.8946205277457,0.845986354584474
"DTXSID60152493",-1.87403629251894,0.430158118105146
"DTXSID70551473",-1.91686125678163,0.172270359543118
"DTXSID80821098",-1.93125660143317,-3.71866081401484
"DTXSID40750335",-1.91327630673556,0.0991454239143596
"DTXSID70742945",-1.84926707993479,1.01473525206883
"DTXSID60682184",-1.93204729319749,-2.24174140883008
"DTXSID10388346",-1.87176180794814,2.63823925612971
"DTXSID40362159",-1.93201492501337,2.07636480423439
"DTXSID70561618",-1.90845614145502,4.2820627263217
"DTXSID70683182",-1.89686162002014,3.1888543508476
"DTXSID50355057",-1.8928602790671,4.52859340271219
"DTXSID30648772",-1.88109908359563,-1.37991641496465
"DTXSID20231258",-1.90282725570308,1.59117171266384
"DTXSID70419569",-1.88383658387362,-2.6326314807396
"DTXSID40356997",-1.90351695039532,-3.26443571315291
"DTXSID2069492",-1.87477292790395,-3.48785478931014
"DTXSID50459084",-1.85197953152507,-1.73691328296041
"DTXSID90676071",-1.91807414285575,4.53615668679579
"DTXSID90172902",-1.9269890200125,2.67956736085061
"DTXSID60769060",-1.86412480458299,3.76765430585187
"DTXSID50422354",-1.85454577528796,-0.142380625711116
"DTXSID60570991",-1.9108107207724,6.45883476325541
"DTXSID50294114",-1.84376951540131,-0.347325273208666
"DTXSID00330834",-1.86145649763516,-0.251705079082352
"DTXSID20686623",-1.89555945601043,3.34380449867063
"DTXSID90706322",-1.9087875065164,-2.99789032734563
"DTXSID20641631",-1.93717425456717,0.936490665143189
"DTXSID5071256",-1.93010525315834,-7.44016042093904
"DTXSID80766819",-1.9233576524994,0.763920153424457
"DTXSID00686282",-1.93470715501168,4.39945557667895
"DTXSID30492439",-1.88400131065433,-1.74436032428248
"DTXSID50219281",-1.85270241560584,2.29731421294376
"DTXSID90602350",-1.91410330761574,2.48195323920309
"DTXSID00534072",-1.9127285677415,-0.810829154946799
"DTXSID50714322",-1.92041025531393,3.44564451571615
"DTXSID80614528",-1.84242139866192,3.48564817321364
"DTXSID80536256",-1.89219859037843,0.978773907433994
"DTXSID70532560",-1.84714727465795,-1.63672088030838
"DTXSID20589620",-1.90744674363331,2.21557000703702
"DTXSID50833047",-1.93393990414396,2.14412672460665
"DTXSID20873410",-1.8543701714481,-2.67689658351625
"DTXSID30777718",-1.93548081072621,-3.09172452473065
"DTXSID00491499",-1.91647571417394,-2.84068205037303
"DTXSID30170068",-1.84673028090866,-4.16964645889592
"DTXSID80318635",-1.92750512941644,2.74773199438689
"DTXSID10373035",-1.86813650785981,0.0854048281193772
"DTXSID00535266",-1.89168098693987,3.04592474750157
"DTXSID40489219",-1.86506377166581,1.72578339299314
"DTXSID80809937",-1.85345861354315,-1.50407878939398
"DTXSID30352322",-1.87586996856686,1.16525678889473
"DTXSID60355200",-1.85198491382276,1.97254941612728
"DTXSID10611727",-1.85402493952159,-7.08755615286992
"DTXSID30685081",-1.91617965224157,0.898473811546563
"DTXSID80403676",-1.85421752268606,2.96505095362925
"DTXSID50829723",-1.8947534102219,4.13700039355494
"DTXSID30298675",-1.84308398640844,-0.228811789276353
"DTXSID30387098",-1.91644516459225,-1.26283050260645
"DTXSID40845513",-1.90795304718172,-0.760668942511507
"DTXSID80550396",-1.9215560779301,1.79827566878262
"DTXSID30567757",-1.9093287479408,1.29960692217024
"DTXSID10486770",-1.88772987450553,3.93173451716956
"DTXSID10548266",-1.85425653246675,2.03936021531948
"DTXSID70416376",-1.91700088827897,1.02431563867628
"DTXSID40177765",-1.86569529671312,-3.92810051704295
"DTXSID20355382",-1.9310094450802,3.22643184810104
"DTXSID20474062",-1.85245706311584,3.37532981634784
"DTXSID60309263",-1.8518417835151,2.83087971017426
"DTXSID00354439",-1.92051768006138,2.94009455876121
"DTXSID30170568",-1.92770406044781,-1.47588424722525
"DTXSID60521746",-1.91154206638927,-2.2321888377617
"DTXSID70145937",-1.84910611382287,-2.59352948439796
"DTXSID30819662",-1.91554130081511,-2.55273755390512
"DTXSID50818511",-1.8688863510276,-1.93898803621627
"DTXSID10563914",-1.84731134080038,6.73481421215693
"DTXSID00288144",-1.88075082475941,-3.86039941390199
"DTXSID90588781",-1.90503654963287,-1.76515041967828
"DTXSID80411291",-1.93406574003113,0.802257807742356
"DTXSID00238422",-1.8387747760465,2.35803600343066
"DTXSID00238427",-1.86808299078384,-1.44304735175423
"DTXSID60428140",-1.84521416810573,2.4759132032193
"DTXSID30697306",-1.86319653469231,2.88864889350454
"DTXSID80803056",-1.91350838107268,-7.4180285759644
"DTXSID20289077",-1.92701998874238,-1.37153945834085
"DTXSID10307754",-1.85335629438628,3.61850554269714
"DTXSID40357267",-1.89565234106191,0.262634908529834
"DTXSID30426330",-1.88486129532958,3.47351248179555
"DTXSID10595593",-1.877267103162,-3.02812651787356
"DTXSID70689462",-1.86475111879084,3.25931858963424
"DTXSID10276315",-1.89311981203424,2.92940947140861
"DTXSID20548792",-1.8409570832511,-0.00577187652377849
"DTXSID40396075",-1.87075706257095,-5.55471450642766
"DTXSID50406795",-1.8860307972568,2.10731613415399
"DTXSID30636912",-1.93498303083727,-2.23369721285887
"DTXSID30309957",-1.91500451945987,0.517629439548561
"DTXSID50243662",-1.91746864697008,3.7345307701278
"DTXSID30327898",-1.84432245906808,-0.515548593348909
"DTXSID60687154",-1.84955237689073,3.89381653585661
"DTXSID80874847",-1.91448063952588,0.970360980129904
"DTXSID90593310",-1.86247306119449,2.97108182268728
"DTXSID60775222",-1.91244369098477,1.13342239385085
"DTXSID40689813",-1.92157436143713,3.45042611135116
"DTXSID50693845",-1.9124060858481,3.46906108894256
"DTXSID00692767",-1.88523514604939,3.14917246372266
"DTXSID40579442",-1.92949360611522,-1.8732058075486
"DTXSID30214870",-1.85834357595365,7.37709725910577
"DTXSID90466691",-1.92564755691432,3.62950376558609
"DTXSID40787141",-1.93420550624921,-0.744337280662169
"DTXSID00669272",-1.88532324446305,-2.38421938288484
"DTXSID70543156",-1.93398027382094,1.22777803480988
"DTXSID40651914",-1.8402231039635,2.72537653806751
"DTXSID30892632",-1.87580098783196,1.19375992824714
"DTXSID90347597",-1.84647841298669,0.51783792367411
"DTXSID30236557",-1.89037138966475,-1.58754280858303
"DTXSID00398590",-1.87028823022644,0.665828059709947
"DTXSID40351245",-1.87913698362195,5.1073186071726
"DTXSID40184398",-1.84656196080622,-1.96120980486334
"DTXSID00820240",-1.88672393777427,-4.01212563312152
"DTXSID20753061",-1.8552505903347,1.33755758165399
"DTXSID20357184",-1.87885968819635,4.18410954566157
"DTXSID40685971",-1.92603299987738,-0.296162317211491
"DTXSID10575436",-1.87870229444065,-7.87393628893037
"DTXSID60155707",-1.87153449121877,-0.582240069468569
"DTXSID30603866",-1.91970507284384,1.16172802228578
"DTXSID20585622",-1.89847608843817,0.511926217320354
"DTXSID30740588",-1.86829470314,-0.492383861185843
"DTXSID90408854",-1.90465780774753,0.626629427688082
"DTXSID40830904",-1.91884734925097,-2.99851445170223
"DTXSID00636429",-1.91558524191362,-2.3275903504251
"DTXSID40621778",-1.91448012210864,4.81494001712969
"DTXSID60414947",-1.84061080123442,-5.84050242295903
"DTXSID20367081",-1.84672296716134,0.480099469836138
"DTXSID20367086",-1.89393854755866,5.02344773610914
"DTXSID20354552",-1.88155730545597,2.09261391064775
"DTXSID10359117",-1.92398889961121,0.20114928322046
"DTXSID40832867",-1.85138504816056,1.90961455660558
"DTXSID60567725",-1.89801175783755,2.80275342098476
"DTXSID50173192",-1.926951734386,1.92003679710312
"DTXSID60458068",-1.85501816751455,2.96717391859934
"DTXSID90544620",-1.84636448186404,-3.62637236831597
"DTXSID90398448",-1.89607001975523,0.904114793785317
"DTXSID00404529",-1.85722530030552,-2.53838261349786
"DTXSID90229066",-1.86068598587494,0.0666906507894501
"DTXSID00834408",-1.85712228647311,-3.08467268107464
"DTXSID90823326",-1.87079357191172,-5.56498912292562
"DTXSID30885100",-1.92289840908124,1.37195032423241
"DTXSID00667773",-1.85518180805412,4.4419135715091
"DTXSID00385849",-1.87165563767426,3.10348228286167
"DTXSID60323843",-1.9298248915453,4.99800987051493
"DTXSID20539862",-1.8694159532825,-4.511433240601
"DTXSID70227106",-1.88568772622416,-1.1608831974375
"DTXSID60821172",-1.84036508359362,0.604724675283712
"DTXSID30660934",-1.9047911651078,1.3321480334774
"DTXSID20229418",-1.90869702896167,0.00539994105319328
"DTXSID90499883",-1.90782166410693,3.31054582411753
"DTXSID40680724",-1.86493425364394,4.03366296331721
"DTXSID60687558",-1.93422924775605,4.0281615790823
"DTXSID40352237",-1.90405818873324,2.06313752776713
"DTXSID60468783",-1.84606850217114,3.30684516136074
"DTXSID10377210",-1.93341279859054,-0.267118957479615
"DTXSID40615298",-1.8396470971611,0.891087512516386
"DTXSID40547863",-1.85690323047992,-3.41809517982602
"DTXSID10841148",-1.911649094489,-2.56709570174949
"DTXSID40202102",-1.87413663982159,4.17433884163801
"DTXSID20820601",-1.85923214206375,-2.30414229743035
"DTXSID40200522",-1.87202693229192,0.507387128086998
"DTXSID90692438",-1.93753308946761,1.86176615053054
"DTXSID20465137",-1.87193272934187,0.118925133310231
"DTXSID20292506",-1.92805535146548,3.03077292020467
"DTXSID30578409",-1.86453794928366,-5.58519768496353
"DTXSID90805703",-1.89519441655319,0.494945433017573
"DTXSID60161585",-1.85704989203591,3.37686291397066
"DTXSID00595764",-1.867679664149,-0.291455641213277
"DTXSID20784471",-1.88890406752097,-4.48620848740812
"DTXSID10516147",-1.91279076333901,-4.55135324252482
"DTXSID90745256",-1.84478012788841,1.97795934342418
"DTXSID80822060",-1.90197285020286,2.1071137957221
"DTXSID40204404",-1.89895079658299,0.243179023778202
"DTXSID30533053",-1.91289545267597,0.389589362846218
"DTXSID30731496",-1.86060285507247,-3.35952465923022
"DTXSID00530493",-1.93663328519071,4.01658353342421
"DTXSID50374268",-1.85018398611656,0.819026155394296
"DTXSID00171587",-1.90725215519164,2.13704688926633
"DTXSID50799371",-1.86887818702628,2.54482868669196
"DTXSID50236155",-1.93067578416319,-0.0348130861630251
"DTXSID20842363",-1.84146182056894,-4.26889237103043
"DTXSID80482289",-1.90289408654118,-0.660099621790909
"DTXSID60338952",-1.88045418297548,-5.5468532465507
"DTXSID90355036",-1.91276785380214,-1.42343712722592
"DTXSID0045755",-1.84692198337714,4.04472031925555
"DTXSID50579615",-1.90233880014856,-7.38240863832987
"DTXSID20518031",-1.9135592041429,-0.217029274611603
"DTXSID60144555",-1.92330376522704,0.0837504746823908
"DTXSID90319219",-1.90892900613705,-5.07080606530331
"DTXSID70729877",-1.88617534397939,3.49253709900317
"DTXSID60218785",-1.87580942535164,0.100578772205985
"DTXSID90539455",-1.93803971319745,-0.576685266443609
"DTXSID10421823",-1.84937309800892,0.266473497875346
"DTXSID50628955",-1.90471425646683,-1.14378975085818
"DTXSID70484898",-1.84254482711422,2.11355154044151
"DTXSID20215654",-1.86212675936063,-0.551357284790718
"DTXSID8057980",-1.87671864913377,0.501739842962662
"DTXSID20723163",-1.9017720473436,-0.938653599662642
"DTXSID40728110",-1.90195869816251,4.06014568067032
"DTXSID80787569",-1.89197985404877,0.232709201356007
"DTXSID90541472",-1.88409240335471,-3.03407098784387
"DTXSID40292124",-1.85363032087818,5.3491469854887
"DTXSID00352117",-1.93128330320777,3.71248500705288
"DTXSID60605515",-1.89094780764264,-0.342436788791506
"DTXSID30151690",-1.92832881781095,-4.69051491728319
"DTXSID40574391",-1.9036274349803,-2.81730087205015
"DTXSID30370864",-1.89205261341483,-4.7476388237155
"DTXSID40689151",-1.84765211128441,2.78831851503694
"DTXSID00693870",-1.8686473201174,1.51020445741767
"DTXSID90672331",-1.86609422822156,3.33630688725221
"DTXSID00285870",-1.84537197203126,1.51588597406832
"DTXSID10532403",-1.93314635999717,1.76649566301283
"DTXSID30776882",-1.85158780066781,-6.27759773667763
"DTXSID90357494",-1.84447675826689,0.175183922380017
"DTXSID90688775",-1.85191369613427,4.37860183219737
"DTXSID10182301",-1.84502997604305,1.41428435940051
"DTXSID40164317",-1.85222212109449,-0.75632583617219
"DTXSID60167481",-1.92204372445035,0.400466361261816
"DTXSID50856655",-1.89019706692794,-0.598889153692177
"DTXSID90719952",-1.92121568700497,2.91096915935081
"DTXSID70322529",-1.89703322715172,-0.768478832416178
"DTXSID5073113",-1.87071044564017,-3.75743901091949
"DTXSID00613457",-1.89423730003729,-0.812777713873647
"DTXSID20358575",-1.85940824626978,0.90131595203961
"DTXSID80715443",-1.87990399441812,-5.57393612795339
"DTXSID9067483",-1.84834941792452,-2.62211170671625
"DTXSID00289550",-1.92474135576372,-4.41998088209192
"DTXSID40413695",-1.87328078665152,-0.309149642346428
"DTXSID30489384",-1.90607548247413,1.79209151599009
"DTXSID20351642",-1.90073542789971,0.864601550513048
"DTXSID50809702",-1.92945080960423,-1.12917706059526
"DTXSID80842440",-1.84195110071179,-1.45213997256763
"DTXSID00243016",-1.90496066540974,-4.8081105053214
"DTXSID00293834",-1.88808215360498,-1.26180283017249
"DTXSID10296932",-1.92201825789507,-7.08304139247263
"DTXSID00612203",-1.92311404772028,-1.84056969246913
"DTXSID70733570",-1.85595644871361,-0.342502015182307
"DTXSID20275793",-1.84296947001266,-0.704317634232044
"DTXSID30551934",-1.8858710675059,0.675416124413602
"DTXSID90644932",-1.89110574787867,2.83170245720495
"DTXSID60691514",-1.90224173853847,4.49715456191606
"DTXSID20820060",-1.91269113901684,-6.2974922608011
"DTXSID50332803",-1.88163009816656,-6.46187097074499
"DTXSID80674349",-1.85008748896136,2.42984251451266
"DTXSID00756873",-1.91084376898024,-3.36275125195586
"DTXSID80671439",-1.86513605075918,-0.411018721411187
"DTXSID90440895",-1.92614370436729,1.44241108453583
"DTXSID70673583",-1.93229226099444,-0.721221471432084
"DTXSID50144423",-1.88072249633578,0.998251740032927
"DTXSID50606218",-1.84603880964475,-4.29017798680421
"DTXSID40529200",-1.86389367093905,1.85442226824607
"DTXSID50385450",-1.8438625882503,2.17534327202465
"DTXSID6070566",-1.91254355658,-4.17835253794838
"DTXSID00229390",-1.85359253700525,2.23343140931391
"DTXSID00286509",-1.86545797685639,0.0605138587949896
"DTXSID80826063",-1.90669956197715,1.07597984248869
"DTXSID60445771",-1.90304895722343,-1.61616147597775
"DTXSID50603444",-1.87321130660618,4.55339123343946
"DTXSID30647588",-1.85335360490607,5.36184299556844
"DTXSID2062456",-1.8508335551172,2.51853219210254
"DTXSID80359462",-1.87496847408613,4.53537333001316
"DTXSID00821313",-1.92896650908319,-3.20721416183948
"DTXSID70402532",-1.90894099855342,-2.31199598987893
"DTXSID10397711",-1.90069145152241,-1.57088027383071
"DTXSID40416449",-1.91807938112159,2.52678205063452
"DTXSID40432927",-1.92011547090565,0.624292408491897
"DTXSID00855153",-1.92932191551312,-2.16208401570019
"DTXSID00196856",-1.85895898860631,-1.01149505454023
"DTXSID80689817",-1.8733167786641,5.188884670261
"DTXSID20577426",-1.93075875040282,0.505370828339889
"DTXSID40416000",-1.85047183430401,1.26517414294261
"DTXSID50426251",-1.90112635326584,2.32223830914767
"DTXSID50876196",-1.84298055228984,5.16377712809394
"DTXSID90228615",-1.88994700047156,4.27767341423556
"DTXSID00677953",-1.93808657881749,3.87456289220467
"DTXSID20576671",-1.86463192041807,-0.0183083540329346
"DTXSID30442570",-1.88335370457765,-0.958944162331155
"DTXSID30610616",-1.85220964183722,3.80695413146212
"DTXSID40309443",-1.89845898005748,4.51551330974439
"DTXSID80792976",-1.8543312744516,3.28513162785918
"DTXSID10154447",-1.93306913833836,0.483318415690564
"DTXSID40593789",-1.85837262080317,-2.41314807070148
"DTXSID10336680",-1.85966916284696,2.97877264544897
"DTXSID60690163",-1.86184137310517,2.24636254711548
"DTXSID70367293",-1.83958331648703,3.38454675439481
"DTXSID30485068",-1.92853022768082,1.12329391339814
"DTXSID00332757",-1.91325105466137,-3.07956372322107
"DTXSID50554341",-1.91265794863153,1.81749076091252
"DTXSID70661440",-1.88762421658413,-0.0475815614117264
"DTXSID20592255",-1.92168299868577,-2.12973804903061
"DTXSID80811055",-1.85568666206447,2.66163723572914
"DTXSID50766245",-1.84409717375783,2.06253402519844
"DTXSID50239707",-1.85201380028589,2.11896477848476
"DTXSID30432759",-1.90002263330244,1.13874299416784
"DTXSID60844184",-1.84796954660742,0.388928087879865
"DTXSID00820169",-1.93497680589371,-2.08585130461975
"DTXSID10357471",-1.84248254193644,-0.471281467076493
"DTXSID10538763",-1.87660282263837,-0.170167681921145
"DTXSID10295940",-1.85924567741125,-1.6006064671503
"DTXSID20654029",-1.86371697155543,-1.4900129088888
"DTXSID50776783",-1.83884433847509,-5.33038566696912
"DTXSID00751585",-1.89451102893849,0.499301713653186
"DTXSID90358547",-1.91377708056926,4.58676519825112
"DTXSID10691004",-1.90270236947271,3.78870992234384
"DTXSID80857392",-1.91922707973246,1.94102413884793
"DTXSID00804121",-1.87628167029335,1.68304608611247
"DTXSID10620011",-1.92573824786483,2.84917976350728
"DTXSID20570932",-1.92806373622519,-2.4238064735581
"DTXSID70399751",-1.8852962098217,-6.23925091329967
"DTXSID40770331",-1.89074855314103,-0.425155656994208
"DTXSID80353349",-1.87764521997433,-3.47783936232577
"DTXSID20288944",-1.83883834350561,-2.83539624462551
"DTXSID30545838",-1.84812115409595,-2.58779301118081
"DTXSID50296057",-1.93356086858184,0.387610685570655
"DTXSID40820163",-1.91786334342907,-3.20833193356823
"DTXSID20648600",-1.86422036272454,0.657541523551348
"DTXSID80164770",-1.8739416557797,2.78443181896438
"DTXSID90398928",-1.87722506550318,3.91733996516516
"DTXSID80197725",-1.85854277406164,2.9403274309911
"DTXSID9062306",-1.84255511948471,-0.421181872617037
"DTXSID10196322",-1.93773079070842,2.01490221664133
"DTXSID60686849",-1.87200303459326,4.66097074032503
"DTXSID70504181",-1.89807549235315,-1.53282238280923
"DTXSID70154246",-1.88677798954677,-1.71026973203962
"DTXSID60444027",-1.89044622076801,3.85859786081289
"DTXSID30383712",-1.91307356374434,1.12353476967673
"DTXSID70237407",-1.92641017571533,-2.25529262155406
"DTXSID70506766",-1.88418780348481,-0.279819045300774
"DTXSID60204002",-1.85969211835712,-3.56532800370329
"DTXSID90393115",-1.91884290230968,-3.90326118778156
"DTXSID80835473",-1.92172514297523,2.27213872451143
"DTXSID40426785",-1.91208091390295,-1.26710549795141
"DTXSID70457628",-1.87259643196309,-0.798426871223886
"DTXSID30490819",-1.90542760319359,0.486181996051542
"DTXSID20444705",-1.86483850419868,1.33499778696993
"DTXSID20691171",-1.93723594424441,4.67628720374661
"DTXSID00311567",-1.87713944428081,2.9583767646984
"DTXSID10831140",-1.85387274976672,2.72458259800607
"DTXSID30794687",-1.89945195568785,4.1101964647763
"DTXSID70613484",-1.84926321848154,-0.677668030068687
"DTXSID70395571",-1.91633061544984,-1.15861136528422
"DTXSID20391684",-1.86224895902644,0.346082334536852
"DTXSID10602650",-1.90503229948684,1.09986438778747
"DTXSID20791968",-1.91137293848445,-1.11990087173251
"DTXSID70654317",-1.89425428635431,0.658951087699356
"DTXSID90454376",-1.88207853089599,-0.998824862534338
"DTXSID6022713",-1.92427413133502,2.60354001982042
"DTXSID60770994",-1.87302621328261,3.04464076253719
"DTXSID40200042",-1.92581819036324,1.21411208943878
"DTXSID80549649",-1.87632652514126,0.0565479861699502
"DTXSID00357627",-1.87825038659109,-3.1696221222556
"DTXSID20365825",-1.89084157535286,-1.69262566897989
"DTXSID70502526",-1.87829983660988,-6.49805151419857
"DTXSID60791306",-1.90724756423844,3.2016166449566
"DTXSID30498956",-1.92952938100305,-1.71471199553595
"DTXSID00847250",-1.8743564265773,-3.73667509916448
"DTXSID30691021",-1.90308046470484,3.67024516830128
"DTXSID10737653",-1.88898174333697,3.4528354617604
"DTXSID40383728",-1.87091059352974,-1.20651846901929
"DTXSID30874574",-1.87304836792498,-2.64846014575681
"DTXSID60399720",-1.92003192596587,-1.93320238978551
"DTXSID90483823",-1.91307815980494,1.93159700091147
"DTXSID40513821",-1.90698252602696,-0.403043350616046
"DTXSID00176012",-1.87802545287742,-4.98130552216875
"DTXSID60398495",-1.84558226659507,0.0939389918520747
"DTXSID40202945",-1.93360983227968,-1.40056147173478
"DTXSID90639464",-1.91205446154964,-4.98317547829173
"DTXSID00748293",-1.90120757594713,-2.47448252728068
"DTXSID80685112",-1.86232155255388,2.85212074289345
"DTXSID60734511",-1.88591508127057,3.04770277898994
"DTXSID80549023",-1.86953416851186,-4.06211963339122
"DTXSID90484719",-1.88707013661758,-0.395351603139664
"DTXSID10280073",-1.84971976470107,-0.596108590452756
"DTXSID00378130",-1.84372523296076,-0.0354049121144292
"DTXSID00326398",-1.92795031852975,1.19570451522771
"DTXSID40591861",-1.83982445726468,-2.9364793656128
"DTXSID10691943",-1.86618034383068,3.07181105745276
"DTXSID10691948",-1.85077157037793,3.09186856068591
"DTXSID70200232",-1.90995326169544,-0.82146923842553
"DTXSID30285520",-1.90798938549876,3.34856540432784
"DTXSID60488380",-1.86288242402744,1.92765336224375
"DTXSID50283740",-1.87121912612804,-0.567895515740911
"DTXSID20411199",-1.92321685430327,-0.656214162926899
"DTXSID90380626",-1.85273399735305,4.32006682270998
"DTXSID10316381",-1.88441660802464,4.11475153530448
"DTXSID20570078",-1.84098093447659,1.89069277182421
"DTXSID80703860",-1.93760838850879,-0.897657967991463
"DTXSID30232059",-1.9263320254673,-4.41561189632198
"DTXSID80238162",-1.90394869495964,-5.02922661821888
"DTXSID90489507",-1.88260317049362,-5.68117999749397
"DTXSID80629450",-1.86679613537155,-2.52067596283075
"DTXSID00321742",-1.88215837925012,4.67887679539312
"DTXSID30320728",-1.92204754914293,1.10720716057691
"DTXSID90326448",-1.88450683400967,-2.34434074065104
"DTXSID40683694",-1.93360103418306,0.776851445342337
"DTXSID20385109",-1.88714398831643,0.890481127872047
"DTXSID30787155",-1.87140452523614,1.09350587522663
"DTXSID90203361",-1.87331797505507,-0.639761730705226
"DTXSID60517922",-1.9335626117118,-1.84807158272059
"DTXSID60165508",-1.90204500585892,2.11002563750437
"DTXSID80447833",-1.92128611846052,3.20762368603278
"DTXSID10857845",-1.85614841286527,1.32796305320595
"DTXSID90749219",-1.84229142351875,-2.88462809881195
"DTXSID50313758",-1.88013900005322,0.931730313361696
"DTXSID80433276",-1.86072657313948,-4.45787908429014
"DTXSID00394451",-1.91516047707125,-4.68555092551454
"DTXSID40303143",-1.86686147421845,-1.71509590899423
"DTXSID60797166",-1.89643657783051,-8.88590187362373
"DTXSID60451377",-1.84021788096383,-1.72902753469358
"DTXSID60686445",-1.86998170175108,2.26319785656706
"DTXSID90315534",-1.85519770836308,5.32479886459622
"DTXSID00823716",-1.84640954127829,2.83255616521072
"DTXSID40393645",-1.87810485381977,0.571847326248746
"DTXSID90661169",-1.92353525951307,2.32864600254695
"DTXSID30298630",-1.84667438205241,1.40501060120085
"DTXSID70743972",-1.8809281396764,2.76918494149926
"DTXSID80581908",-1.85645315418857,-4.47521461699343
"DTXSID20514078",-1.85125779979778,2.79311483947408
"DTXSID70743215",-1.87703903631255,-0.0407473830957569
"DTXSID80792658",-1.93224050808112,0.503246643245359
"DTXSID70633061",-1.89938252781116,0.445098445280788
"DTXSID30219087",-1.91551346364761,0.480064053446018
"DTXSID50347194",-1.88826189966116,-1.93913645953285
"DTXSID60795581",-1.92782268846175,0.394470765101671
"DTXSID70368907",-1.89840203024363,0.62710784643057
"DTXSID10653501",-1.92806747567931,3.9625973090333
"DTXSID30740689",-1.91573260362175,-1.18203429350596
"DTXSID00701267",-1.88310280048198,-1.95452867323917
"DTXSID8069482",-1.84158251514096,3.56286659275331
"DTXSID20226588",-1.89380699473671,0.244374978855994
"DTXSID9068821",-1.91467237328009,-3.24848659086261
"DTXSID60433456",-1.8958592621413,-3.58262367115866
"DTXSID70772449",-1.93549239300701,0.104705258076382
"DTXSID60327588",-1.91624544598724,1.50130347110516
"DTXSID60692127",-1.86024849620813,4.41668284733845
"DTXSID80645014",-1.86578204552521,0.201538985469741
"DTXSID10519092",-1.86729029132723,-4.25004138534847
"DTXSID10816270",-1.84882118030303,-1.29429514059146
"DTXSID40311021",-1.87475633303368,0.915937010967319
"DTXSID10356722",-1.86689368456095,-0.00821420180210874
"DTXSID10460959",-1.8543268297652,-3.77271589528897
"DTXSID20686865",-1.88550149725615,5.65437750928529
"DTXSID30848957",-1.87779679430654,3.40112033720086
"DTXSID10836332",-1.93017515378189,0.415442346942026
"DTXSID10836337",-1.86750959364168,1.07805190467721
"DTXSID80607374",-1.84475428626499,1.3674130680765
"DTXSID20648988",-1.85703407155018,0.781993766682668
"DTXSID00673894",-1.85774756070416,1.4663691560645
"DTXSID70277227",-1.84615343910455,-1.17398387500482
"DTXSID60218927",-1.8392441064574,-3.60510103091014
"DTXSID90321392",-1.93217643949067,-0.0262470058023592
"DTXSID90154561",-1.84843245759812,0.657001504384957
"DTXSID00187567",-1.93640130133486,0.731573029382468
"DTXSID60468081",-1.8547691550601,1.45963120010027
"DTXSID00608328",-1.85891137606818,2.82164384457173
"DTXSID80158634",-1.84080185205269,-2.62129603739771
"DTXSID00704091",-1.88140890244951,0.373904861303876
"DTXSID20682923",-1.91801255867493,2.04346225703743
"DTXSID50513256",-1.90758715096671,0.979808222679362
"DTXSID70748462",-1.9308959990658,1.69204898636003
"DTXSID00758539",-1.88061486003623,-1.1709812120737
"DTXSID80281678",-1.85223247699818,-2.29427001373845
"DTXSID70644152",-1.89217554226952,0.234760497292582
"DTXSID60687977",-1.87947502132755,6.05091449204359
"DTXSID30413149",-1.91738584116704,-4.78569973629544
"DTXSID00845938",-1.89539484569764,1.12346214331466
"DTXSID10230619",-1.8528279143787,-2.85672847007509
"DTXSID90638295",-1.93466338747999,0.748648999162537
"DTXSID30633244",-1.92979810761333,3.15432868096233
"DTXSID60836302",-1.91090895537371,-7.23884054333583
"DTXSID00567269",-1.85333018548492,1.86484909886873
"DTXSID90847244",-1.84230908352216,0.670862016007226
"DTXSID90629800",-1.85901372045422,-2.21601385836245
"DTXSID80421133",-1.88702554851364,-0.297819352743804
"DTXSID20321623",-1.88846052730176,-0.543091555240771
"DTXSID2026573",-1.88915483064846,-0.527199151952886
"DTXSID50460953",-1.91501287719661,0.985581581197106
"DTXSID50662399",-1.92847737736047,0.0632816531220392
"DTXSID10517836",-1.91419527205122,-2.27823670769102
"DTXSID60677712",-1.91889740506811,3.61339381186363
"DTXSID10744549",-1.90869625166982,-3.12766435979747
"DTXSID50352940",-1.93679335064708,1.52510526739061
"DTXSID10637821",-1.85221953548182,-3.98943430171398
"DTXSID50168987",-1.86182282185428,0.951996427661299
"DTXSID70648352",-1.86955332401714,1.6772396547796
"DTXSID90461606",-1.86963848196505,-2.58426562129582
"DTXSID50689824",-1.85442833916338,3.73670968038564
"DTXSID80762755",-1.93438722800755,-5.31925612192495
"DTXSID10564365",-1.91446601535111,-1.86713781929713
"DTXSID40296945",-1.84090733280735,0.635051783402458
"DTXSID30300262",-1.84450709601873,-3.30097154905339
"DTXSID00233912",-1.88475987553415,-0.379042756996959
"DTXSID10699025",-1.84681983827656,-4.57520718002606
"DTXSID00154971",-1.87165915982749,-0.08620276956834
"DTXSID00358790",-1.89277681283311,1.83427084626525
"DTXSID70520326",-1.84704283971911,-0.0846605102084363
"DTXSID30221463",-1.90632292085726,0.498221828232982
"DTXSID20197709",-1.84973995848315,0.147602108388736
"DTXSID70802715",-1.93400167671698,-1.86310625041019
"DTXSID40848266",-1.89162827947412,4.6026513667647
"DTXSID90242114",-1.85168924265798,-3.77667040237533
"DTXSID80875910",-1.84319803553065,1.83296234441692
"DTXSID50300820",-1.90585288304085,-2.17667615700249
"DTXSID10686238",-1.84229218610463,3.40795858807165
"DTXSID50793031",-1.93553749850602,-4.5584757659478
"DTXSID10502424",-1.9137095020306,-0.540932967274186
"DTXSID30754125",-1.87582821980678,4.19407699106056
"DTXSID10731292",-1.932503419364,-3.37082638316657
"DTXSID50824410",-1.9336499066948,-2.08277408948818
"DTXSID50824415",-1.88703555314947,3.38070024647214
"DTXSID20687998",-1.88825318040439,5.432621732849
"DTXSID9040685",-1.84968561537972,-0.237598048292752
"DTXSID00877052",-1.87870025829336,2.06639442005242
"DTXSID20355226",-1.89430200541449,-1.11597062869287
"DTXSID10158268",-1.88265175348995,0.0689751128670389
"DTXSID00606824",-1.88176222472924,3.36326409554908
"DTXSID70143978",-1.87415976145841,0.603706420536041
"DTXSID50806195",-1.91236780087127,2.88313110381797
"DTXSID90527195",-1.8970580155786,-4.33143819429827
"DTXSID60490044",-1.88913989265322,2.12527690645343
"DTXSID20531386",-1.92574618958216,-0.407400980032826
"DTXSID90740307",-1.86187946368245,0.516979535822918
"DTXSID00830324",-1.88228912376012,1.20304485278088
"DTXSID60706834",-1.84453125620139,-6.5277811339442
"DTXSID60512159",-1.87249707662984,0.30104156492827
"DTXSID70322660",-1.85192439605135,1.42621059430269
"DTXSID10363850",-1.90082655079869,-0.258951049099766
"DTXSID80389744",-1.85748289618181,0.791140452567387
"DTXSID30690534",-1.88626156647935,4.55061556204723
"DTXSID90434936",-1.87169454742679,0.974550992437196
"DTXSID00159224",-1.86626484832983,1.87123001216171
"DTXSID80697013",-1.8479716860758,-0.446815765427291
"DTXSID30283849",-1.88168092470858,1.83961007928844
"DTXSID90641603",-1.92805218535985,-0.444283439116367
"DTXSID90641608",-1.90073664597716,-0.656547952235063
"DTXSID80394510",-1.93708626868024,-0.390815102618314
"DTXSID10157377",-1.93424302079704,1.08758669991944
"DTXSID40581787",-1.87069398414024,-1.06689996414671
"DTXSID20437278",-1.85550610335132,2.56751926211003
"DTXSID90512268",-1.8873854409972,1.51940401732396
"DTXSID30793832",-1.8521195587989,0.0104385890723718
"DTXSID40667414",-1.86698310433966,-2.31965301301691
"DTXSID40812008",-1.84091636063112,-5.98386075194549
"DTXSID40485079",-1.92956667445705,2.57048463378044
"DTXSID20185762",-1.91542699447323,2.3357998681391
"DTXSID70439686",-1.84024543863666,-1.18562065026756
"DTXSID70747556",-1.9073214599227,-0.0102519971756197
"DTXSID80281810",-1.87869166634423,3.24708742336633
"DTXSID70402416",-1.83878841497086,4.84856088318117
"DTXSID0046858",-1.86778775425289,-5.5526387468276
"DTXSID50242110",-1.90717784109419,-3.24441792642655
"DTXSID40286366",-1.91047923762912,-5.44268744411918
"DTXSID40839093",-1.91898283874933,0.347378084127819
"DTXSID00635159",-1.92000067321707,1.08779153206358
"DTXSID00464229",-1.88858877778695,3.47565954172674
"DTXSID90879863",-1.85199962789107,-0.578814851858155
"DTXSID50602533",-1.85578959400801,-0.618191346894669
"DTXSID80443698",-1.92790565537983,3.47155500813406
"DTXSID50146189",-1.92124355555668,1.39917029443604
"DTXSID40825052",-1.87690196884385,1.02649046946479
"DTXSID60622368",-1.87298566390215,1.00927789502037
"DTXSID90689207",-1.88277329030393,3.52169405888229
"DTXSID00369624",-1.85856455087477,3.81277033320665
"DTXSID60282805",-1.85724466428763,3.0143529361229
"DTXSID40744350",-1.88066473913121,-0.911910362203677
"DTXSID50715975",-1.89899012263709,1.18659163724245
"DTXSID80685995",-1.84150556911978,1.35699037683203
"DTXSID70691186",-1.89803640293825,4.79731115522254
"DTXSID90724329",-1.87268518429487,-1.7704307052413
"DTXSID50735678",-1.87025522656117,-0.166832570953898
"DTXSID60639597",-1.90658515053745,2.29487492990186
"DTXSID60179120",-1.85060644762623,1.933637464772
"DTXSID80274904",-1.84847982343196,-2.13293683497754
"DTXSID40377304",-1.86173653985489,1.915650992958
"DTXSID40796415",-1.91976442834914,-2.42748650957083
"DTXSID50721990",-1.86475510764044,3.20610139741664
"DTXSID70183713",-1.8798727836945,0.456469575887205
"DTXSID30483468",-1.86772809120253,1.12961339919735
"DTXSID40440143",-1.84342962851498,-3.32529351336226
"DTXSID90236790",-1.85207651338457,-2.06552074009726
"DTXSID80202500",-1.92137228446965,-3.4660588918688
"DTXSID30281709",-1.87453948335842,2.28659373788403
"DTXSID70457986",-1.87678093351809,1.53599105695987
"DTXSID10229144",-1.9259721523713,0.861734023652446
"DTXSID60201697",-1.86657092147072,-0.825638432379788
"DTXSID50554841",-1.85786068112259,-0.399767321172195
"DTXSID90195611",-1.9037866159443,2.76869822094782
"DTXSID50552463",-1.92411232385187,5.36396288153813
"DTXSID10727130",-1.90284337169228,2.65843302154205
"DTXSID50232056",-1.87675264058598,-4.29951559325792
"DTXSID30218616",-1.85094526598453,0.410169705138773
"DTXSID10424733",-1.86917071713532,3.63493445666868
"DTXSID30849929",-1.91893188336163,0.210506895813705
"DTXSID00316133",-1.86414546612105,-0.825901451733219
"DTXSID00233275",-1.87790910773578,-4.75935881244574
"DTXSID70158921",-1.85043536890562,3.46689376014617
"DTXSID10431280",-1.84585273895795,2.58315267102958
"DTXSID8069698",-1.87264242901848,-2.01445725409371
"DTXSID5064758",-1.85289010090935,-3.12524012462949
"DTXSID70818957",-1.92050755055195,2.02123013762608
"DTXSID00316799",-1.93823706575098,3.03503600845416
"DTXSID10850538",-1.86971054406608,-1.22450986523402
"DTXSID10812959",-1.91754639970409,1.79667902262052
"DTXSID50692777",-1.90335867502024,5.13803825694227
"DTXSID50324703",-1.88655655514756,4.12538494815823
"DTXSID70758465",-1.84802831024687,-0.402770171862207
"DTXSID80785904",-1.87151717102476,-1.13566050517206
"DTXSID80683138",-1.88998995321411,5.49443109079156
"DTXSID00311769",-1.91842927908038,0.678298286151789
"DTXSID20651356",-1.86482075857529,3.2840539642216
"DTXSID10191635",-1.86058392185789,3.64774528410247
"DTXSID00673536",-1.84495233764569,1.47905133891768
"DTXSID90435903",-1.85452406287565,3.08157431148002
"DTXSID90319118",-1.89532495008349,1.31495778237092
"DTXSID30653528",-1.92811349712919,3.97503367186406
"DTXSID60423231",-1.91512527885513,-0.347635607367868
"DTXSID80527124",-1.88025647565143,-4.91125486915879
"DTXSID90680734",-1.88206170894695,3.84807997293541
"DTXSID00464906",-1.88769508777538,1.8323329151289
"DTXSID70739350",-1.84597445142332,-0.47627605246066
"DTXSID30469404",-1.85879559655904,-2.25827472932258
"DTXSID10494991",-1.87296989320978,0.867360050743266
"DTXSID80200521",-1.85405480577177,-0.0178231805782943
"DTXSID70416351",-1.85701968333238,0.365606120774876
"DTXSID90877566",-1.86675484733425,-0.222162877997115
"DTXSID20372433",-1.84295178487191,1.37604411517205
"DTXSID50659466",-1.90754013814624,-0.724112565480982
"DTXSID70590261",-1.85207029745049,1.04244852376448
"DTXSID80369480",-1.93478558242977,1.47763585536835
"DTXSID90811920",-1.93560045669225,-0.744453358425196
"DTXSID80494468",-1.86593232054464,0.167644052005766
"DTXSID10644252",-1.91138986546206,0.360760441911431
"DTXSID30161294",-1.91028556284374,-1.73060460008175
"DTXSID40640126",-1.92422216892352,2.51258317259986
"DTXSID80746959",-1.89796630646352,1.72909614541205
"DTXSID10490655",-1.89322589978302,-2.35286915872674
"DTXSID60403593",-1.91337075897941,2.66034864108326
"DTXSID20531765",-1.84388852653579,3.5922984086926
"DTXSID10497381",-1.89197025315922,-11.9764382636809
"DTXSID00359505",-1.8897766591318,3.89442652139678
"DTXSID20359244",-1.87755187937411,2.30529196005684
"DTXSID50425562",-1.92533877412166,1.39296978921438
"DTXSID00550636",-1.8566224440691,0.158692348070875
"DTXSID60485814",-1.84391506942094,2.00313499491495
"DTXSID30876694",-1.93567747171836,2.13562339418897
"DTXSID10318800",-1.8503565515398,1.82838212273475
"DTXSID70671201",-1.91619025370744,1.69587443947791
"DTXSID50650438",-1.84362843513048,4.40752296387375
"DTXSID70362980",-1.87366656934288,5.08552458963917
"DTXSID40279056",-1.90874350578499,1.20023203292519
"DTXSID80286289",-1.8689633778318,1.10512022704123
"DTXSID10628799",-1.89880144538354,-3.45163138228373
"DTXSID00185987",-1.84473764693823,-0.260521700870028
"DTXSID00554775",-1.88110409851919,2.70978101698556
"DTXSID60446900",-1.92292471766928,1.86595137143084
"DTXSID30692437",-1.89814889401825,1.4032376364312
"DTXSID40685118",-1.89462763991873,2.40437564843483
"DTXSID40353289",-1.86176405828354,2.5005402649635
"DTXSID40672366",-1.9258192840157,-3.16651010859469
"DTXSID20815597",-1.92651953361968,3.16222430376339
"DTXSID90316945",-1.93218995520083,0.707212589580387
"DTXSID00160411",-1.89238843669488,0.678284912264205
"DTXSID80291196",-1.88495227355332,1.78872777355758
"DTXSID80283697",-1.87957170577869,-9.1592011838445
"DTXSID90160541",-1.88229066962855,-4.00655536921548
"DTXSID60614844",-1.84279184437748,-0.811670854290618
"DTXSID50377537",-1.88704453601132,-0.893683461632792
"DTXSID00766891",-1.83969518266735,-6.48486399809103
"DTXSID30530587",-1.89837313942665,3.73541327597896
"DTXSID10776007",-1.91118180343213,0.371656478589272
"DTXSID60276820",-1.89795835270189,-0.995856579838094
"DTXSID40773741",-1.88997969851196,1.26632240003851
"DTXSID00845170",-1.84864552093568,-5.42688933051093
"DTXSID70405700",-1.86283686536674,5.99604189618583
"DTXSID90378765",-1.92940583541942,3.87485650769568
"DTXSID00313369",-1.86892230193955,-3.63158388137348
"DTXSID00524170",-1.86311673383332,0.932678537416395
"DTXSID40324813",-1.87583841267106,1.71706914697839
"DTXSID00162051",-1.91471754394656,-0.581581422471463
"DTXSID30490096",-1.88004059454173,-1.65929481310187
"DTXSID50392649",-1.90847854511456,2.8917539159488
"DTXSID90841646",-1.85080339088947,-9.49258100841428
"DTXSID20431135",-1.92078881248704,-3.32296271624645
"DTXSID10846532",-1.87512100559571,-1.18673724249476
"DTXSID20644288",-1.91455229085587,0.515562399388555
"DTXSID90672992",-1.86057147275416,-6.07267541434499
"DTXSID30468013",-1.91371033805865,-0.106685996967379
"DTXSID80782271",-1.92103016794906,1.18297594666555
"DTXSID40160713",-1.88206638765171,3.06061554735204
"DTXSID20214228",-1.90112266852783,0.745900897333833
"DTXSID90301316",-1.86254689851165,1.17047535544786
"DTXSID10228819",-1.90813514942365,-2.76222471745247
"DTXSID70382406",-1.93083957250819,3.23921020778328
"DTXSID20624803",-1.9140121225035,-3.06227613757385
"DTXSID90460295",-1.90061934366342,-3.35049562841146
"DTXSID80243670",-1.84760853377978,2.25812745814415
"DTXSID40682783",-1.872519858466,0.538482315530057
"DTXSID10483981",-1.92110787261028,-4.0225253454288
"DTXSID10502303",-1.87373691534901,-6.12145390619232
"DTXSID30322888",-1.85733713798692,3.16961167354708
"DTXSID20696267",-1.85435999534945,2.26536807700755
"DTXSID30631609",-1.90772414293861,5.29456956425429
"DTXSID40169488",-1.89491152312056,-1.9947675787953
"DTXSID10228596",-1.87683335740002,-1.48966293773465
"DTXSID80304174",-1.88009286348732,2.54301188200655
"DTXSID10457006",-1.84150296385022,4.89121154269368
"DTXSID00505308",-1.8948732918786,-2.84539713602056
"DTXSID60624448",-1.88402387736541,-1.36370922135969
"DTXSID50317059",-1.83989890269185,0.693234802939632
"DTXSID80346877",-1.85136441920817,-0.0267022992397798
"DTXSID70226619",-1.88120570255717,5.22135103380057
"DTXSID50735693",-1.85324688389964,0.256070036263153
"DTXSID30577159",-1.86709994053315,-4.58347531454712
"DTXSID50691402",-1.88314785008254,1.87659151576498
"DTXSID30237044",-1.9184191177645,4.32443062109925
"DTXSID60685973",-1.86806993646366,-0.0668561659354643
"DTXSID00416440",-1.8693321378037,-1.37441420541165
"DTXSID00193885",-1.87422984365594,2.68973173622821
"DTXSID40655417",-1.8455422698782,2.35504785751852
"DTXSID60494709",-1.93014460159646,1.11813305029761
"DTXSID90159975",-1.92412574537174,3.17589405063482
"DTXSID40179249",-1.87815160282724,-3.76284510367136
"DTXSID50333294",-1.85922083130761,-9.81491079829663
"DTXSID30348285",-1.92256683234113,-5.08230970054578
"DTXSID30348280",-1.92124629283114,1.57790456146911
"DTXSID40488328",-1.87811574635228,1.18165737679361
"DTXSID20592619",-1.8845688469584,4.38127899673202
"DTXSID20686047",-1.84405814062356,2.95987602321714
"DTXSID10457384",-1.92683550645236,-3.60089836768748
"DTXSID30354604",-1.84680620843692,-0.172128111455829
"DTXSID10688196",-1.90807559645056,2.86950724089157
"DTXSID10308842",-1.93320359904471,3.64782220699092
"DTXSID10690158",-1.88485875454556,3.18112113437151
"DTXSID00538378",-1.90030952300678,0.87874496546492
"DTXSID10516400",-1.85781956605533,-0.994130137125471
"DTXSID20384697",-1.83832571310824,-2.31872870623329
"DTXSID50734843",-1.88578444135215,1.7260317356194
"DTXSID10178921",-1.90409205038695,-2.95205894412096
"DTXSID00686626",-1.93513079361019,3.40178374944849
"DTXSID60829476",-1.92167911559501,-0.916417576024158
"DTXSID90645702",-1.8842366398893,-1.662066287853
"DTXSID60672863",-1.8501017443393,4.25334089240307
"DTXSID60154199",-1.88688021990507,0.092785348972086
"DTXSID40687157",-1.92676759544017,3.30544241196825
"DTXSID40549408",-1.90296161124504,0.752375333335117
"DTXSID00581667",-1.86653455161087,-3.36913453859598
"DTXSID80313625",-1.90142709796653,-0.190785038320927
"DTXSID80592256",-1.85532315446661,-2.25520587615577
"DTXSID70389874",-1.85061502466361,4.14212545051008
"DTXSID90162580",-1.93291590726455,-0.277549622131202
"DTXSID10691125",-1.84190057494993,5.15775259693966
"DTXSID90701034",-1.87062756957364,4.10834952219918
"DTXSID40397744",-1.92168383294568,3.08015160771545
"DTXSID30303910",-1.89670987130025,4.91677120576591
"DTXSID00435474",-1.89914048786695,3.87947183954633
"DTXSID20213650",-1.8681195156704,-3.40913284840502
"DTXSID60646822",-1.89414381615492,3.94554682348683
"DTXSID90614059",-1.93444335214158,-6.70742258445872
"DTXSID5068788",-1.86504743151376,-3.16364436624234
"DTXSID60770691",-1.89945850292796,0.487924916974694
"DTXSID80690882",-1.89393853079637,1.7987330766093
"DTXSID60648402",-1.88452671217674,5.23746146322363
"DTXSID40434360",-1.92283138566657,0.562664453713305
"DTXSID30160828",-1.85230351175828,-6.04437381939046
"DTXSID40165061",-1.89388569037236,1.15905551480497
"DTXSID10356661",-1.89699316271929,3.74170900138781
"DTXSID10848435",-1.92305671514566,-3.1585307165583
"DTXSID50299907",-1.88120376822723,-1.93865167513965
"DTXSID60716837",-1.9071386380466,2.20401097300014
"DTXSID60579464",-1.87917742408498,2.02849120656921
"DTXSID00280007",-1.86018365639086,-1.89993041955733
"DTXSID90517970",-1.93265686506202,0.824594531142868
"DTXSID20852285",-1.8648330843683,-0.289045591968956
"DTXSID00570657",-1.87425448431575,-4.78103787308777
"DTXSID70713514",-1.8440668719904,-3.97940602892132
"DTXSID10173512",-1.84938087848971,1.5651133648792
"DTXSID70874598",-1.92340366280154,0.17343963427365
"DTXSID10689567",-1.89141174638667,5.08689068430041
"DTXSID10582125",-1.88027794144227,3.33739704942622
"DTXSID30618612",-1.86100093288496,0.141603706377783
"DTXSID60561662",-1.86434798110474,2.25071169107203
"DTXSID30806870",-1.87618879525251,-7.07693273638803
"DTXSID60289556",-1.91595713899122,2.08094738292317
"DTXSID60376990",-1.86817926098224,0.585583161638909
"DTXSID70523938",-1.93716346444799,2.52515915316006
"DTXSID00737627",-1.85661586911007,2.38450229763168
"DTXSID50449440",-1.91597423177183,-0.560655213567065
"DTXSID10352264",-1.92219558322063,1.93616242305932
"DTXSID60687896",-1.91954701547587,4.83227510650736
"DTXSID40163481",-1.89981672967758,2.9721442679255
"DTXSID40708159",-1.86166727448568,1.79368151004421
"DTXSID70232836",-1.92884114135753,-2.241318489373
"DTXSID50644377",-1.92542860452684,-0.589752132274784
"DTXSID20744338",-1.9060402846513,-4.93636462264212
"DTXSID00651834",-1.87440204720616,1.15804501205503
"DTXSID90492172",-1.87907647932384,0.325290713690727
"DTXSID80718510",-1.89138065193851,0.0684655382757247
"DTXSID70193892",-1.8917063235337,-0.52851521896108
"DTXSID50185836",-1.89353163293553,2.26245862251974
"DTXSID90545879",-1.92997841339905,0.690279700421758
"DTXSID00350012",-1.8870434886419,3.16122870739683
"DTXSID1069376",-1.91866349199866,-1.26114046421806
"DTXSID30416897",-1.87113411443381,2.64403035871376
"DTXSID0025076",-1.91771829732167,4.56953668791108
"DTXSID00504518",-1.89657691308748,0.934229508420815
"DTXSID40310711",-1.87827045864839,0.32468328797188
"DTXSID20701683",-1.84331322138317,0.462491713774104
"DTXSID80504637",-1.92159099951133,1.49561568174476
"DTXSID90674714",-1.879279775739,-1.12824370819905
"DTXSID30338782",-1.87758580579327,1.2158367243722
"DTXSID10684774",-1.90462853818603,-0.603289636106692
"DTXSID70438295",-1.92971077452359,-0.718015476878755
"DTXSID80537425",-1.89727628280729,2.9356282141001
"DTXSID30827782",-1.89172034360796,1.11417891203267
"DTXSID70332744",-1.91716622547384,3.23239764253841
"DTXSID90242018",-1.927692445366,-0.132079732556534
"DTXSID40296849",-1.87556889555845,0.498917015019991
"DTXSID60442189",-1.85579327946101,2.12023908543458
"DTXSID10628830",-1.89329173011334,0.600656662221645
"DTXSID40629799",-1.89588367014798,-1.81676282849905
"DTXSID60737360",-1.90060951652947,-3.97198045395311
"DTXSID30520302",-1.91727956745707,-3.8523164789443
"DTXSID30738309",-1.86371316549024,3.55016122014447
"DTXSID60475533",-1.85230572446092,4.32283878221232
"DTXSID40864820",-1.90849738390204,0.648060441469177
"DTXSID60645759",-1.89953234451276,-2.64932701478991
"DTXSID10697440",-1.88021550548029,-0.394476054311036
"DTXSID20333342",-1.84146493374345,1.22598552464114
"DTXSID90421649",-1.89377433569631,1.79126629754361
"DTXSID30529375",-1.9199480658757,0.315391443045074
"DTXSID80472685",-1.91467421739731,-0.0976414670143577
"DTXSID20386055",-1.83897951111015,-2.34182407918699
"DTXSID50198562",-1.91219278427598,-1.19326075446503
"DTXSID10874557",-1.87553465915015,1.94584499229422
"DTXSID30584868",-1.86046578685996,-2.2454541757747
"DTXSID70299525",-1.85130951142458,-0.0577801665278201
"DTXSID40692701",-1.91629351803647,0.326458851830479
"DTXSID60803175",-1.8753509777017,0.390733722309173
"DTXSID70593318",-1.87928421876619,-2.7601797046242
"DTXSID30366025",-1.85669718590631,0.03899825883719
"DTXSID00384534",-1.84459190087399,1.96493305843295
"DTXSID50828635",-1.85795886369491,0.146612442995678
"DTXSID30525938",-1.89724993456791,0.50726665865885
"DTXSID30547438",-1.85636446547581,0.334651976688142
"DTXSID30535936",-1.91163628316306,-0.341471130828787
"DTXSID70421147",-1.90658699192102,-0.521913260982923
"DTXSID90805162",-1.90738447138999,-1.49537579082316
"DTXSID30718202",-1.85988727647756,3.33472992662995
"DTXSID60808943",-1.85262441378543,-0.447646658461631
"DTXSID60164677",-1.93349216842327,-1.77093456592016
"DTXSID00732672",-1.8880375155897,2.5699364724607
"DTXSID40443058",-1.89046316746895,-2.31070425681655
"DTXSID60187442",-1.87478431728922,2.53731827959557
"DTXSID40509365",-1.90956873900944,2.00015447798334
"DTXSID70422311",-1.8625990803352,1.18736760331409
"DTXSID10701379",-1.93649649047245,-7.31470771652992
"DTXSID70518187",-1.85492354044299,-2.84315697749099
"DTXSID20604786",-1.84868983220249,-0.500789696018094
"DTXSID20604781",-1.92173250172908,1.67394147872693
"DTXSID40441817",-1.86776954472983,-1.18167819167145
"DTXSID70446613",-1.90919846404242,3.54799836235931
"DTXSID40355945",-1.9126641329315,0.037165091279062
"DTXSID90358507",-1.86678561311846,0.268007379639912
"DTXSID40232368",-1.85519386666123,-1.1023710155769
"DTXSID30724520",-1.92787737820354,-1.21439029725154
"DTXSID60438305",-1.9027683985357,3.36247558194008
"DTXSID20396619",-1.92707362769498,1.90005032247252
"DTXSID00597925",-1.92445263081762,1.48793745396068
"DTXSID10317858",-1.90447631540342,4.13609414055014
"DTXSID50819861",-1.85475389694222,-1.68715240250271
"DTXSID90564964",-1.84851823363107,1.01739498349729
"DTXSID10494012",-1.93385838074525,0.440632527126876
"DTXSID60433310",-1.8588465786118,-0.928764245947848
"DTXSID00291916",-1.91492475792851,0.96951733063046
"DTXSID00636404",-1.88589702136074,-4.7640395221585
"DTXSID60502878",-1.85012069409128,-0.938955746189196
"DTXSID40711582",-1.87997829474736,-0.0307493352306619
"DTXSID40690489",-1.93557806041289,4.26083871917109
"DTXSID50687249",-1.84914457645731,5.32637546467337
"DTXSID90682157",-1.85485820000219,3.63489405759659
"DTXSID20414660",-1.88331949742809,-2.7334704102394
"DTXSID00840549",-1.84525253498885,-1.94879957851536
"DTXSID10561713",-1.91221439329532,-1.50713088415928
"DTXSID70226295",-1.83943135602947,-0.713894572952674
"DTXSID20787528",-1.87193223835691,3.20140577893688
"DTXSID70763458",-1.85969743767688,-4.87958156464736
"DTXSID50428699",-1.91764632359014,0.0441072357459221
"DTXSID90343650",-1.89596853850548,2.2469819983954
"DTXSID50540542",-1.92321115763468,-4.49668805726257
"DTXSID80529229",-1.8581032249457,-0.501529640567876
"DTXSID90436314",-1.91148965817357,1.28182393579101
"DTXSID60180397",-1.88543308570539,-0.844337547388393
"DTXSID90700421",-1.84736860615785,-6.04085403641051
"DTXSID60638707",-1.86895806866628,2.48776113853679
"DTXSID70143170",-1.84155832260769,5.52570802079094
"DTXSID90463463",-1.90244303791376,0.153592201079743
"DTXSID70484414",-1.8966808065003,-2.09355065596424
"DTXSID80322232",-1.93043036572688,1.07831378221513
"DTXSID10199792",-1.87734314702194,0.462677369141078
"DTXSID70206759",-1.90001536403131,1.27844641810366
"DTXSID10542502",-1.84526209125793,-0.289748236743968
"DTXSID60718932",-1.9017906313631,0.458666635228932
"DTXSID00384690",-1.89570335360333,-1.18538093345203
"DTXSID70381510",-1.92774178335764,2.98018377836309
"DTXSID60552772",-1.93608603175539,-0.941481737789847
"DTXSID40692160",-1.91937212169233,4.34323114875618
"DTXSID50583398",-1.91769840335305,0.080754237579014
"DTXSID60362136",-1.91215630087741,5.01538944809751
"DTXSID20488806",-1.90511354910342,-1.86814034572224
"DTXSID30586483",-1.84690563406193,-1.13410465431005
"DTXSID50191876",-1.91363288642069,0.308282024887881
"DTXSID70509136",-1.84618874669086,-1.32603761146389
"DTXSID40364279",-1.90999775806044,2.91560906965059
"DTXSID90814855",-1.87419655133965,3.72366227844856
"DTXSID90670690",-1.90699241715684,6.16675736394872
"DTXSID00374394",-1.84064889117916,1.77019359148218
"DTXSID30357478",-1.91828434226105,-1.23380190000835
"DTXSID10386564",-1.91155378404685,-4.82123447600267
"DTXSID90719114",-1.91187347004117,-0.40636646520883
"DTXSID40407438",-1.89488990448279,3.68247476627987
"DTXSID90812432",-1.84154056608654,1.21977347426685
"DTXSID50151753",-1.93324714458494,-2.22945041345829
"DTXSID80326750",-1.92544338597187,-2.39128657857454
"DTXSID80496245",-1.89825780550834,2.89892413550773
"DTXSID00352899",-1.85723425335085,-0.430227716562658
"DTXSID40636100",-1.8982309910409,0.698585592616827
"DTXSID20492569",-1.88860765833157,1.13929390458449
"DTXSID20374159",-1.87175487650402,2.68701966621335
"DTXSID90153958",-1.91054499666582,-3.20394843650989
"DTXSID60642288",-1.84286952354113,-0.160644825952105
"DTXSID50609608",-1.854174743931,-2.26797691787129
"DTXSID50609603",-1.92194508468727,1.32237983925865
"DTXSID80511124",-1.92473061105857,-1.5133514375367
"DTXSID80763207",-1.87110742852197,-0.202279449141994
"DTXSID0071120",-1.92612570553478,1.90139457636399
"DTXSID10669561",-1.88248782881352,0.869829895814126
"DTXSID80737640",-1.93750350887643,0.418403062128319
"DTXSID40824489",-1.89450532450459,1.10197487133117
"DTXSID70552501",-1.89571833137026,-0.0194973280904194
"DTXSID10404651",-1.86954021906337,2.65963470441359
"DTXSID20394933",-1.91966978614403,-1.54857781755536
"DTXSID60382672",-1.93697502186646,-4.49634859555205
"DTXSID20323223",-1.87629602477411,2.23027424504224
"DTXSID10632290",-1.90583788079862,-0.109249145114423
"DTXSID90401648",-1.8419017538454,1.14519686933811
"DTXSID50615502",-1.87741935630727,2.75968509955338
"DTXSID20468229",-1.88482701609124,0.594464006858775
"DTXSID30222157",-1.89487349748198,0.910453482726157
"DTXSID60443499",-1.90479690849997,5.9669015091968
"DTXSID70410253",-1.88303249574586,0.916969021831343
"DTXSID50876833",-1.88312892637605,2.01637303543483
"DTXSID10750327",-1.85681804891723,-6.34723998009738
"DTXSID00824329",-1.85784025470476,-0.98861150445425
"DTXSID00446868",-1.91081756348974,3.39960419949912
"DTXSID50145258",-1.89511560440135,-2.47255205344041
"DTXSID50616155",-1.88248870556798,-1.40304983422715
"DTXSID10426035",-1.91794710984839,-0.054624454552257
"DTXSID2020898",-1.8518095855448,2.15920234075233
"DTXSID6073738",-1.85177941978818,1.28890707008528
"DTXSID80886607",-1.86695323706605,-0.211101188547984
"DTXSID50366067",-1.86997210912804,1.3949324295481
"DTXSID30721913",-1.86325426353811,-5.63689789793087
"DTXSID20194950",-1.90884053742105,-1.86264486664331
"DTXSID20548858",-1.86545151996631,1.92631794766495
"DTXSID50474116",-1.91966175760236,1.63630682046617
"DTXSID00620767",-1.8950904551114,2.15380406250521
"DTXSID40435498",-1.87755548282877,5.20062544616284
"DTXSID20586578",-1.92608638728338,-0.314833856929713
"DTXSID90219442",-1.86966201677938,-5.32634144169264
"DTXSID60231353",-1.87487121106938,2.32899718546751
"DTXSID60228925",-1.92155781030324,-2.14344086439797
"DTXSID70526500",-1.86233462159081,1.9438122279735
"DTXSID40165329",-1.93792017194039,-1.98537039702955
"DTXSID80744995",-1.93808764839404,3.3516806473282
"DTXSID40161346",-1.8426331075084,0.712610905479921
"DTXSID60434443",-1.88334330343646,-1.66021347362676
"DTXSID90354084",-1.88144343201354,2.89086185164214
"DTXSID10311255",-1.93160000838842,3.39865272547986
"DTXSID2041888",-1.93622449105307,-1.49684348708752
"DTXSID40288749",-1.91790914865965,2.03010125283922
"DTXSID70776503",-1.93646520353776,-6.35699161484408
"DTXSID40690681",-1.89139011076264,3.25908774419486
"DTXSID30780989",-1.84097601369892,1.19118775987525
"DTXSID20476940",-1.87347786561056,2.50858497485244
"DTXSID50740686",-1.89832137835928,0.739405615746923
"DTXSID00405576",-1.85859121521912,1.12229744912527
"DTXSID00294902",-1.92693820035366,2.67718547862491
"DTXSID40467219",-1.8922401671799,-2.22534990057531
"DTXSID30729318",-1.9051666790435,-3.52034713913893
"DTXSID00350552",-1.87810860828004,2.84906497803681
"DTXSID40459437",-1.84249980198589,2.13387263554483
"DTXSID90484517",-1.92810197693796,-3.77364579126012
"DTXSID00401694",-1.90372173763813,-1.41281300674871
"DTXSID80178554",-1.85984677536089,2.88810220287767
"DTXSID00491136",-1.89294011923987,-1.54711583534172
"DTXSID10243047",-1.8677870231937,-0.862955484306636
"DTXSID60528513",-1.93422018420474,-1.71011877866031
"DTXSID20841114",-1.8935418735486,1.71460123441182
"DTXSID40723089",-1.89136547710317,-0.991699128505715
"DTXSID80364238",-1.90317767830609,-0.93576829716518
"DTXSID60325145",-1.91565917564284,3.28494240639847
"DTXSID50588303",-1.85984720718226,4.17254497688513
"DTXSID5062556",-1.93301551204926,-1.11042408255413
"DTXSID70874513",-1.86645218456141,2.27147951623919
"DTXSID00517027",-1.93200129132668,2.0114920979679
"DTXSID30444130",-1.89941816919917,0.895728689472834
"DTXSID30764668",-1.87117493361008,0.370124156850698
"DTXSID20659170",-1.84476367456855,-0.176758794860139
"DTXSID50180765",-1.88165948583795,-5.21730131207307
"DTXSID1063194",-1.91924946453113,1.88199410134274
"DTXSID1063198",-1.93345720731018,0.810729103125015
"DTXSID90533776",-1.87341267358963,-1.9333407180587
"DTXSID60530671",-1.86611897190309,-0.836185351502553
"DTXSID60192278",-1.88282820484669,0.311050217916694
"DTXSID40468322",-1.86528933559783,-0.861803619441284
"DTXSID40687854",-1.9260158385853,1.01156166245825
"DTXSID80527548",-1.85732690881742,-0.0719810391269573
"DTXSID00391405",-1.86732302985991,-1.34424635757794
"DTXSID90284231",-1.93543886016233,-2.96038039602693
"DTXSID70577895",-1.88874576972216,0.987439784350155
"DTXSID80640822",-1.88518190445911,1.64324524646792
"DTXSID60687573",-1.87226196366622,4.1477127420117
"DTXSID80760498",-1.85554666544152,-4.08692203525726
"DTXSID20787705",-1.84060296260828,-1.4483822729958
"DTXSID00423250",-1.88446849626611,2.05334430057522
"DTXSID20282422",-1.88575388860803,2.5066747868766
"DTXSID30675008",-1.89066352031935,0.0852157902251293
"DTXSID10428312",-1.92203010171637,0.650834230510632
"DTXSID10735972",-1.83922583465951,1.00949834146127
"DTXSID10851621",-1.92637982633933,3.5327396836114
"DTXSID40419637",-1.8578880625719,1.58633884075001
"DTXSID20654307",-1.89365635382051,1.60455230423835
"DTXSID90833602",-1.91645858963742,3.78858571677655
"DTXSID30643984",-1.87672923227772,-0.345580718015933
"DTXSID40682086",-1.88224242966017,0.34500890510981
"DTXSID60641670",-1.93599445467201,1.46473873895809
"DTXSID10381312",-1.85134549221065,1.92636678763257
"DTXSID70401989",-1.85750834050765,1.80048114327153
"DTXSID40368414",-1.85477762720427,2.76383999451365
"DTXSID60877235",-1.92915707505943,-0.247542540253463
"DTXSID10677868",-1.9039518820951,3.60590324661457
"DTXSID30219249",-1.86432982019328,-0.964019264413603
"DTXSID90619307",-1.91653538536096,-1.8905722304609
"DTXSID30688118",-1.9129825462456,4.62144273991587
"DTXSID00880905",-1.9118224015076,0.12258413271687
"DTXSID90845548",-1.91044302604897,-3.62264963114878
"DTXSID70538865",-1.87708054302934,3.24824723961807
"DTXSID40754934",-1.88348399899207,-2.35351574582791
"DTXSID50778762",-1.88859193437358,1.13099289824243
"DTXSID70156503",-1.84923557485742,3.77162774843394
"DTXSID00360116",-1.84772220768961,2.55965925367876
"DTXSID30673327",-1.8934378040612,1.2187904629053
"DTXSID20681158",-1.87258459855234,3.6965158711424
"DTXSID40577706",-1.90887650251547,-4.48844344345367
"DTXSID20619239",-1.85832817321042,-2.33646369808127
"DTXSID80348275",-1.91623336502091,2.3297032652937
"DTXSID30302781",-1.90393999027542,-0.294315178627991
"DTXSID20342136",-1.9248725930371,-4.17765641820817
"DTXSID80312198",-1.90055560946478,2.70593247428386
"DTXSID80536812",-1.92480411098124,0.861606381643374
"DTXSID80160994",-1.87635097428202,0.759550239375598
"DTXSID40680421",-1.84286511691399,0.846334339811556
"DTXSID70486276",-1.93735150704314,-3.56482003559584
"DTXSID20847338",-1.93005742814367,-4.85105325715591
"DTXSID10717899",-1.88804055888861,-2.70123280835952
"DTXSID20221351",-1.89696935935272,-2.50881350017435
"DTXSID50813445",-1.85672537304965,-3.51071317737013
"DTXSID30691445",-1.93038098813217,3.95409528430404
"DTXSID70462151",-1.91164893065361,2.01166908476665
"DTXSID10680352",-1.89990969571157,3.69185394978871
"DTXSID10220333",-1.86649038363133,-1.35467400113489
"DTXSID90662338",-1.86848126636836,0.162356530232101
"DTXSID0068997",-1.84964123740241,-0.0578285153629341
"DTXSID10155752",-1.87530540638965,3.72091893288634
"DTXSID00842644",-1.9056545585936,-5.43773512752215
"DTXSID60671437",-1.84451632979637,-0.959286297939616
"DTXSID50656339",-1.87014569524208,-1.82112087906601
"DTXSID30682419",-1.92027479388327,3.66768222014925
"DTXSID7052733",-1.86719817785457,-4.17720512903018
"DTXSID50484795",-1.91237715791055,0.735022145955066
"DTXSID10689466",-1.93146044905646,4.43456444823597
"DTXSID70886171",-1.88726150564051,-2.09898793536904
"DTXSID00776935",-1.89004050006576,-4.58243517976286
"DTXSID70479789",-1.87504881483236,-2.02801815568313
"DTXSID90357833",-1.84147530386367,1.95080977982192
"DTXSID00538777",-1.86885701850356,-0.93147364827968
"DTXSID60162315",-1.89385213449969,-2.08745088400093
"DTXSID30636992",-1.86886871433428,-1.29875283966693
"DTXSID10191130",-1.8649255145529,2.65905005133405
"DTXSID10715456",-1.87149894897583,5.11638673443535
"DTXSID30517010",-1.93154849699164,-0.248920878204003
"DTXSID70744444",-1.87581532324919,-0.354868058601421
"DTXSID30213823",-1.87060224380845,0.691226987631993
"DTXSID60359263",-1.90716399936959,-3.35399460922322
"DTXSID30774984",-1.8864287652246,1.11752823872414
"DTXSID70429628",-1.87043163991025,-2.05585655091207
"DTXSID10573210",-1.90897053841273,-3.96087987178378
"DTXSID70395798",-1.91216030781836,1.18444008454584
"DTXSID80690488",-1.87094840900613,4.07802561736402
"DTXSID60152812",-1.91945117259405,0.506396281276692
"DTXSID80830069",-1.88630792554191,-1.95172802519637
"DTXSID20528099",-1.90724188678807,-1.3394564753209
"DTXSID20358712",-1.84727144582673,3.416132655862
"DTXSID50589517",-1.84130111414749,1.94602333327165
"DTXSID20197047",-1.9352034257819,-2.49539871467318
"DTXSID30787534",-1.87197613484615,3.29040900259346
"DTXSID80645913",-1.91087137834327,-1.65111329661785
"DTXSID40493194",-1.87242758478095,-0.213946739681966
"DTXSID90364623",-1.87278997539088,-1.07140476263788
"DTXSID00405273",-1.91225618512985,2.86095101073059
"DTXSID0068444",-1.92046788314428,3.17711738332132
"DTXSID50483844",-1.93781447256719,2.66983490364529
"DTXSID30367956",-1.87754639880774,2.51196259613886
"DTXSID20691151",-1.91865265331272,4.97220102421713
"DTXSID40896949",-1.88559203901628,-10.3536967642599
"DTXSID10770585",-1.89302643812935,-0.399892461765853
"DTXSID40309382",-1.91240448010267,2.532904451369
"DTXSID60332036",-1.88617629234475,-1.24926806585002
"DTXSID50809848",-1.84350437628395,-0.154957644808623
"DTXSID10358064",-1.90347386147596,0.496998354907408
"DTXSID20775086",-1.92217714187027,-2.16115527893993
"DTXSID20542912",-1.8485713182208,1.39667962045568
"DTXSID30318589",-1.84136384865542,1.99444823660171
"DTXSID50624932",-1.89891964723161,1.49005303477681
"DTXSID90438712",-1.87423672789396,1.36799859683074
"DTXSID10818133",-1.93481994078633,2.88332996448769
"DTXSID50289969",-1.85949511621625,2.9476226962631
"DTXSID90465609",-1.85959197825555,-0.687779196416526
"DTXSID10833629",-1.9255971472921,-2.1899683640856
"DTXSID10608374",-1.84677316899149,3.93745967719354
"DTXSID20613555",-1.88735207679524,-5.69787823241506
"DTXSID90520368",-1.84106712202567,0.658939387379319
"DTXSID10243901",-1.91856405301699,-0.78830927890918
"DTXSID90843504",-1.89606644342183,-3.16641485871305
"DTXSID40695030",-1.84485584083961,-1.62225825413014
"DTXSID30230050",-1.93679127696509,1.99323466978324
"DTXSID80320839",-1.89102029410977,-1.86389115734917
"DTXSID60545942",-1.89571647073387,1.02728007474122
"DTXSID00630184",-1.86980899796584,-5.40367532574909
"DTXSID20304734",-1.92903006655205,-3.08976571746798
"DTXSID60489559",-1.92440459428,2.92543656220117
"DTXSID70280317",-1.87888662000879,-1.6816700192995
"DTXSID00157083",-1.85690214124202,-1.66288778679609
"DTXSID70792344",-1.92897198932274,-2.03391258263862
"DTXSID90211744",-1.83985441771088,1.84705855488458
"DTXSID00575905",-1.86436567068792,-0.32736592113037
"DTXSID80699335",-1.86539525558285,2.61388102820767
"DTXSID70838438",-1.90790614244308,-1.76256094814432
"DTXSID00887277",-1.90067550268587,-14.1104129348021
"DTXSID30678014",-1.90754302692724,2.8430030529131
"DTXSID30307231",-1.91445736758447,2.11162008920986
"DTXSID80553660",-1.88314163481797,0.33509647641107
"DTXSID70374346",-1.84080913633191,-1.37477065410641
"DTXSID00479732",-1.93181383055005,4.04204108926051
"DTXSID40740690",-1.9247719112789,-1.96117481273755
"DTXSID90460194",-1.85491928913285,-1.93912750965653
"DTXSID40320219",-1.86514792677289,2.93394499669066
"DTXSID10187018",-1.91940787110857,-6.17962760950015
"DTXSID70724180",-1.85154957653228,5.55118581860945
"DTXSID80591128",-1.91824263698196,-1.33820289139164
"DTXSID20472285",-1.88175468529925,-2.92805545096696
"DTXSID10577672",-1.87794430135428,-2.6668071566478
"DTXSID90647963",-1.90072679297651,-0.391617282299977
"DTXSID10651406",-1.91734738176601,-0.488029738329295
"DTXSID00215152",-1.85701738597837,5.07209126282196
"DTXSID50443786",-1.86190118575677,1.46874417147181
"DTXSID50653782",-1.92225798850683,-2.1164404552253
"DTXSID40488681",-1.87699442435733,3.43021244153806
"DTXSID30566745",-1.89168471958721,2.36696381319773
"DTXSID30228492",-1.88267481228832,-2.38913760557046
"DTXSID40618103",-1.93325052455531,-3.33476747108901
"DTXSID00422627",-1.90358023314192,4.82618953463665
"DTXSID10656693",-1.88875721218925,1.53294910108829
"DTXSID30309356",-1.84485927521222,4.16779139758602
"DTXSID60550910",-1.8416172251053,-1.34339241082999
"DTXSID60349386",-1.93006443075113,1.91301099714226
"DTXSID60777766",-1.90397873021031,1.18947821865534
"DTXSID60802209",-1.85666818110531,-4.98939015767945
"DTXSID10380143",-1.86432149231687,0.431402240734896
"DTXSID20479754",-1.92632863201155,5.13196756762816
"DTXSID60421893",-1.87675278648473,2.73998087941749
"DTXSID90562485",-1.9058254138916,3.39632547762212
"DTXSID20363427",-1.92788072160502,0.659013923458157
"DTXSID20464842",-1.84800096740019,-0.696178860250753
"DTXSID10741134",-1.92309926549637,1.27545480189333
"DTXSID20312455",-1.89443256062708,1.51682615275564
"DTXSID70612679",-1.85181621447519,1.903530297866
"DTXSID70282639",-1.92679507462038,-1.8986435802031
"DTXSID30315058",-1.85294560179092,3.14585338573991
"DTXSID10354965",-1.92179541382937,1.28069006643397
"DTXSID80830640",-1.91620107491499,2.32123919751435
"DTXSID70478151",-1.91776122981743,0.477154671789751
"DTXSID40645914",-1.92117486788658,-1.85872488297595
"DTXSID50616918",-1.90431827635049,2.66630057600627
"DTXSID60453154",-1.87475640431433,0.125679678773553
"DTXSID10492715",-1.91408604843643,0.329076976691827
"DTXSID70352427",-1.86782837678968,2.56193496401862
"DTXSID70435168",-1.88714398019068,-1.72942769441858
"DTXSID40546553",-1.83875766589259,3.11206791827744
"DTXSID10322068",-1.89371638213194,-1.84629037519399
"DTXSID00380011",-1.84564751910294,-0.748683647902332
"DTXSID10706526",-1.89516798032476,-0.359549646448224
"DTXSID90621783",-1.91954037236453,5.93605688010205
"DTXSID60527046",-1.90036618186051,2.93226779812522
"DTXSID80641738",-1.88585746339369,-0.848668237488647
"DTXSID10708368",-1.89698184964086,0.463211555331004
"DTXSID70818139",-1.86749312254945,0.169403404081516
"DTXSID60216660",-1.93725740688795,-1.18198118537076
"DTXSID20685434",-1.8713761126263,0.631490245063604
"DTXSID90723110",-1.88309589831238,-1.76341478157465
"DTXSID00511929",-1.8878089242953,-0.472896134501956
"DTXSID30732221",-1.85707007079407,2.23351762031902
"DTXSID90562925",-1.92386544351558,1.71725994869589
"DTXSID10707598",-1.92868666960214,1.84034060661406
"DTXSID10239167",-1.91238153101656,0.816010588220416
"DTXSID20357068",-1.91741218561225,3.18870376150544
"DTXSID20418648",-1.90998536689517,1.76156548039484
"DTXSID40206887",-1.89767958820224,0.335576808907313
"DTXSID10482050",-1.89695890046675,2.7254619500099
"DTXSID40547464",-1.92200975945258,-0.545961177072105
"DTXSID00502190",-1.91063896630853,1.36995747994039
"DTXSID30687181",-1.87498106754803,4.25467482149243
"DTXSID30684493",-1.91800398065318,4.92039939660263
"DTXSID90391378",-1.86894340287217,0.754147350908724
"DTXSID40363020",-1.92764542127156,3.73495189147697
"DTXSID30440031",-1.92399414275867,-3.72045049351203
"DTXSID20155324",-1.85559687638621,1.99411887814155
"DTXSID20580394",-1.88904226081289,-2.77781163517997
"DTXSID40853572",-1.85998445820446,-2.06651514995222
"DTXSID00748576",-1.9243639243814,-3.49283493060149
"DTXSID20354219",-1.8421370993907,-0.782372220407639
"DTXSID90649008",-1.9080686382019,-0.312710734799955
"DTXSID90685562",-1.92664461810462,-1.05797665895485
"DTXSID20637559",-1.87864393239393,0.851650060774424
"DTXSID80621131",-1.85814245530285,-0.231659432038105
"DTXSID10467322",-1.87586757607497,0.927534469384636
"DTXSID30752787",-1.9133054921803,-2.77826446110771
"DTXSID60319009",-1.8447826912902,2.03877344580986
"DTXSID90415220",-1.92612700278483,-1.97298169581581
"DTXSID70465889",-1.88110237327506,-0.360089470159675
"DTXSID30445526",-1.90311150368002,2.02681565201945
"DTXSID80607354",-1.89954046821298,2.74069374753321
"DTXSID90362806",-1.86471940609116,-1.51914765242589
"DTXSID60354551",-1.93805545296834,2.12533314707698
"DTXSID60331029",-1.8388415890284,-3.38628924073246
"DTXSID60288488",-1.85992252109793,2.47786827220332
"DTXSID00854262",-1.9239882046492,-6.77982992812597
"DTXSID90284812",-1.87830111223481,1.91219914477781
"DTXSID70207468",-1.88013039766142,-1.94546213883769
"DTXSID00489730",-1.87406284220584,0.942647531882829
"DTXSID20836641",-1.93252222406603,-0.25020000508651
"DTXSID60437252",-1.92252910404934,-0.373758309113438
"DTXSID20506332",-1.84848896202239,-0.785070379880059
"DTXSID00786211",-1.92541147678272,2.25548060191524
"DTXSID40748575",-1.85321830947471,-3.52682596137677
"DTXSID50626173",-1.8762429164277,0.0220714717743942
"DTXSID10671407",-1.84680054905915,-2.47518718739285
"DTXSID90696719",-1.89532932529669,-0.302187746693506
"DTXSID00820841",-1.90271787492411,-1.51553901890761
"DTXSID10302729",-1.88306908427121,-0.687059155214253
"DTXSID00658727",-1.90650922584571,2.57187560064517
"DTXSID00175828",-1.88513523886154,-2.65416527044517
"DTXSID00642282",-1.93310790178201,0.0422422877408814
"DTXSID8025549",-1.90332815077703,-4.28761549376895
"DTXSID80800888",-1.90945371992126,0.582687627688835
"DTXSID10638676",-1.84399563703819,-2.82285565030926
"DTXSID90521572",-1.8758840692953,4.39980080038629
"DTXSID30543192",-1.86290357609701,4.23645847720354
"DTXSID20450129",-1.84178941542306,1.48096976006022
"DTXSID60485273",-1.89246035229997,-1.15015247495886
"DTXSID70716646",-1.84694296981755,1.33600043883889
"DTXSID00676305",-1.8687800101108,0.984308881180111
"DTXSID50686575",-1.84533110682316,4.51381419131448
"DTXSID20151846",-1.9198603590763,4.52665994799921
"DTXSID60834181",-1.90931550612696,1.80484094420758
"DTXSID30280333",-1.88841374831982,-0.339131184449364
"DTXSID30544523",-1.88574177384717,2.30085522690613
"DTXSID20708218",-1.86189443384693,-6.80235437054148
"DTXSID00392134",-1.92610516110879,-1.51465229799193
"DTXSID30653422",-1.93181041093283,6.63095848421762
"DTXSID10482979",-1.83903722709343,3.89018363171057
"DTXSID90304064",-1.83878021664695,2.39596416193784
"DTXSID10545912",-1.87048547553525,-0.753275404426293
"DTXSID60320695",-1.87909034809124,3.16979215939388
"DTXSID90739812",-1.89999149567722,-0.314145619478661
"DTXSID30179339",-1.90294306966072,-4.24254442618016
"DTXSID40383889",-1.8998493315019,2.87679336982589
"DTXSID10347059",-1.91274818109622,-2.1059806233533
"DTXSID50230537",-1.84153093485631,-2.58827170518848
"DTXSID9074488",-1.92837173493351,1.46900125590396
"DTXSID10820498",-1.85791140259327,-2.25871093910107
"DTXSID60304172",-1.84130932477906,1.75213179914307
"DTXSID40820784",-1.92314740667488,-0.360367118887088
"DTXSID00348070",-1.89379554540042,1.33741390890749
"DTXSID50804555",-1.89908859177255,0.0338899152794421
"DTXSID80435775",-1.92854657107803,-2.3711656621443
"DTXSID50682739",-1.88399174032498,1.39181815990988
"DTXSID70204376",-1.86463703033879,1.56521228097576
"DTXSID90587875",-1.93557816141085,-3.95993257651587
"DTXSID40734938",-1.92687673791216,3.37228817920624
"DTXSID80165681",-1.85293958590566,0.466186569433114
"DTXSID60731661",-1.85387509202793,2.97211778070254
"DTXSID70725450",-1.86364359419999,-3.80990310483545
"DTXSID80617019",-1.84347142451364,-1.15116627889795
"DTXSID90697988",-1.8440168966561,-1.11954169485777
"DTXSID3043738",-1.87714267273313,0.811516138758987
"DTXSID80628483",-1.93690875434341,2.541238317237
"DTXSID00369361",-1.88510739269144,1.93280677585697
"DTXSID80223917",-1.84794166490825,1.1007063101953
"DTXSID80144138",-1.88749397798971,1.20206243122991
"DTXSID20484303",-1.87341545306614,3.66692839128723
"DTXSID00575142",-1.91410126554453,2.69244605181778
"DTXSID00575147",-1.9160516566059,1.94889574121568
"DTXSID90693687",-1.9323190117463,1.7279298273033
"DTXSID50757431",-1.86591580705819,-6.67280476821168
"DTXSID40489436",-1.84689804286158,1.1188968584938
"DTXSID60717960",-1.89571695095861,0.735839273043292
"DTXSID40807772",-1.93362769260352,-2.43572415790914
"DTXSID80275032",-1.87112507394993,-3.86598484035472
"DTXSID70302361",-1.84151670296757,1.09684369368493
"DTXSID60286444",-1.88136632667247,2.26645457952177
"DTXSID80741641",-1.86549972886432,-2.45605152553018
"DTXSID80354457",-1.93122991486544,-0.136493509667542
"DTXSID10827028",-1.90668382665223,3.14600645072151
"DTXSID80232529",-1.93288693417248,-0.328080935367469
"DTXSID60785765",-1.85470553347288,1.8086014098078
"DTXSID00409054",-1.93155478339544,0.450744493630027
"DTXSID00490043",-1.91507510829068,1.69548269139666
"DTXSID00442527",-1.89590568185171,-0.679621817648936
"DTXSID70202711",-1.89991167668841,1.10297463597257
"DTXSID50326686",-1.84528134092493,2.58368614856763
"DTXSID3052511",-1.84280608489697,-2.96657168389094
"DTXSID10610371",-1.88785461595738,-5.07791915852663
"DTXSID50234075",-1.9321518694024,-5.8589041254168
"DTXSID70663348",-1.91283407536104,-1.25940356375914
"DTXSID50607164",-1.93365516859645,-0.731134148093384
"DTXSID00796173",-1.86646793985947,1.78316615716899
"DTXSID50788083",-1.93042360793659,4.00970230421962
"DTXSID70803262",-1.86370207434797,-3.03948634636021
"DTXSID10465969",-1.83872068399535,3.96622428789238
"DTXSID10278132",-1.85550313547018,-2.65932293479601
"DTXSID90803709",-1.91371352389749,6.33071971197049
"DTXSID30386309",-1.86935616633941,1.71374568310531
"DTXSID00756979",-1.84417636218743,3.29347364221729
"DTXSID20576611",-1.91715619475731,-0.430486694095131
"DTXSID20309623",-1.85920069629253,3.25183125125989
"DTXSID00714918",-1.85605704296914,3.99304408708477
"DTXSID00837414",-1.89097119114368,-0.374575874374796
"DTXSID40360675",-1.86723684933393,1.05795941141029
"DTXSID90474211",-1.87277110080204,2.46200999225243
"DTXSID20554636",-1.88807849770008,-4.74034471745777
"DTXSID00644488",-1.85396615901922,2.57777912840405
"DTXSID10462731",-1.93785560481389,1.00230423345534
"DTXSID70480552",-1.84055031648089,-0.365276681444534
"DTXSID80832245",-1.88596322371554,1.12607376235477
"DTXSID50151213",-1.86617701454363,2.25845549690184
"DTXSID80163920",-1.87341624604309,-0.98238121491461
"DTXSID10823429",-1.8506074173219,-0.155627692493278
"DTXSID30201144",-1.92429871042381,-4.57367025922369
"DTXSID00285572",-1.90898128299212,-0.342913840482165
"DTXSID20418825",-1.84098977253983,3.35136387308949
"DTXSID90641668",-1.88813817736391,1.67152252124902
"DTXSID60364317",-1.86430380238088,0.716948333134432
"DTXSID90732080",-1.90020105567661,3.03193189204875
"DTXSID60395166",-1.86345205646673,-2.00501968430613
"DTXSID20684306",-1.86677655316218,2.29950191152134
"DTXSID10781338",-1.90793726407007,0.0379632226594239
"DTXSID00645016",-1.85700914688352,0.101880842032115
"DTXSID70732902",-1.87734724160521,4.67052051371455
"DTXSID40703260",-1.89734845694559,1.83689062461143
"DTXSID20397606",-1.93446279463871,2.582208865392
"DTXSID80731168",-1.92006474166909,-0.449979726252305
"DTXSID30179036",-1.84464125464965,-2.70382878677341
"DTXSID7023980",-1.91813977504659,4.14357989504061
"DTXSID60355523",-1.90218134484789,0.520076470284876
"DTXSID70842878",-1.89403429118208,2.22652606564841
"DTXSID30613940",-1.86476994019146,3.9699991025395
"DTXSID90486894",-1.8452441809684,1.6503019555259
"DTXSID10673603",-1.92921291223335,-2.32289240668882
"DTXSID70673629",-1.84809982183023,1.71877979561256
"DTXSID00296906",-1.87771076981126,3.00976412235308
"DTXSID00515841",-1.9248614825455,2.15410618241131
"DTXSID60314135",-1.86998984161744,1.8604202197576
"DTXSID80372777",-1.8551881418697,-2.94231137412796
"DTXSID10313118",-1.86751452771278,3.03852824814634
"DTXSID20309103",-1.86676678193568,0.00944950677061174
"DTXSID40210722",-1.86280225479709,2.5905304965885
"DTXSID60791886",-1.85063197399527,0.74543050026349
"DTXSID90325214",-1.85960550550245,-0.302588609315644
"DTXSID90321372",-1.91767124573672,-1.25728947750196
"DTXSID40174719",-1.89111123823168,-1.777826447349
"DTXSID20770612",-1.93068604001396,-0.0238334523687692
"DTXSID10180387",-1.87576009577476,0.590711392224267
"DTXSID70529637",-1.89291322276642,-1.75653659694896
"DTXSID30435265",-1.855592774923,1.38064744417275
"DTXSID30851688",-1.86107747507882,-6.64339668143794
"DTXSID90225967",-1.85628250551964,-0.422095204459233
"DTXSID70349690",-1.90060987011168,1.47909753294507
"DTXSID50675368",-1.87596739760852,-1.40436245421374
"DTXSID50681388",-1.84491066891488,4.09561677618585
"DTXSID10425361",-1.92894155502047,3.35231606036069
"DTXSID40182576",-1.88760136719515,0.477823926979176
"DTXSID10309995",-1.8656124533283,-0.787681818460075
"DTXSID70315259",-1.89511937499589,2.99705182501774
"DTXSID40843958",-1.87207798422413,-2.83478607858755
"DTXSID80557744",-1.87947836005292,2.94770567443901
"DTXSID70817561",-1.89396729893314,1.83168151426355
"DTXSID00156576",-1.91404461031733,-3.7841379295324
"DTXSID00703084",-1.92977842532964,0.819962793974255
"DTXSID20522517",-1.86462724364962,-1.20890373502715
"DTXSID50212010",-1.90233925329158,-2.58477260873045
"DTXSID90743595",-1.89385212943355,-1.41822559349901
"DTXSID60277332",-1.8928019663346,2.15783583334935
"DTXSID40381567",-1.90137754482544,-3.96372378096081
"DTXSID00532472",-1.92029164177389,-1.61352146739418
"DTXSID50512244",-1.87525020232525,1.40763203346704
"DTXSID40808946",-1.9247851966856,-1.92500558272555
"DTXSID50588060",-1.890978407749,5.60073801991399
"DTXSID20455336",-1.86584375092016,-2.19641318579364
"DTXSID8058871",-1.89113887549742,0.217140774493158
"DTXSID10420593",-1.83911023570705,0.978256059324246
"DTXSID00420360",-1.84968444300778,-0.75460669977628
"DTXSID10488153",-1.87363948376763,-0.983970742395653
"DTXSID30784265",-1.85166519730551,-4.7111605970303
"DTXSID20311584",-1.87206850039864,3.01132090360079
"DTXSID80821977",-1.84296406364491,4.0810236671583
"DTXSID30642831",-1.86996708103657,-3.33309123957296
"DTXSID70415763",-1.91791482343422,3.26082975119152
"DTXSID40358355",-1.89282382596317,0.945081606254014
"DTXSID40345447",-1.84868120750219,-0.8250642714115
"DTXSID40729026",-1.87505785503169,-0.101371853071079
"DTXSID80400105",-1.92949611543593,0.661222585871641
"DTXSID60473135",-1.85884983489067,-2.69736447915079
"DTXSID90182203",-1.87997733817718,-3.15748738384686
"DTXSID4073964",-1.90833529613717,-5.68074978852317
"DTXSID10300629",-1.8792975842552,0.116270670381846
"DTXSID30282599",-1.90702745542357,0.250942918192954
"DTXSID80200501",-1.91500124739298,3.53020948839384
"DTXSID80620866",-1.89638293192134,0.952106577005317
"DTXSID90787434",-1.86683031798634,1.09781730048
"DTXSID90333379",-1.91307424535034,2.79469031044993
"DTXSID10147273",-1.89265642627636,2.02180410703357
"DTXSID9020374",-1.84283875339717,0.13923733364769
"DTXSID50504149",-1.85464484455706,-1.21795297483623
"DTXSID70731834",-1.85709750680453,4.23308250625692
"DTXSID90437306",-1.93760458265415,-0.857096488676997
"DTXSID20745249",-1.93055797442925,2.34543145218392
"DTXSID10618670",-1.87851517270324,2.96284302478359
"DTXSID10404474",-1.89257813158387,2.47322425441304
"DTXSID30235909",-1.92523545011119,0.855199143671144
"DTXSID30887083",-1.84815852093608,-5.74879204790073
"DTXSID20605798",-1.85421908885466,-3.83192061747665
"DTXSID70737750",-1.87210520068541,1.58454248052555
"DTXSID80458388",-1.92444834935016,-1.03205101589505
"DTXSID00191326",-1.86522423650044,3.89722261671302
"DTXSID10744463",-1.92410167976479,2.49374981812843
"DTXSID70391790",-1.93808498944811,2.11113925229022
"DTXSID20761005",-1.91828257313041,1.76720504162998
"DTXSID30705051",-1.84620850426813,1.68247269010434
"DTXSID1073868",-1.92856290832011,3.47480526204723
"DTXSID10591792",-1.93192883114601,-3.36809193570438
"DTXSID30482274",-1.83927196240513,1.74343114433967
"DTXSID50618098",-1.89026735186475,2.44079496227853
"DTXSID70149117",-1.92250657762029,-8.4450330553639
"DTXSID90604334",-1.93276657939464,0.590631200954999
"DTXSID20791605",-1.88511414206929,1.05249993752075
"DTXSID20497473",-1.84827037907048,-2.10942090384477
"DTXSID70228158",-1.89498416148501,-1.98431756602427
"DTXSID00622160",-1.90438900394495,-2.0298415836245
"DTXSID90384629",-1.85344295934719,1.75471190552715
"DTXSID00723126",-1.93166544363808,-1.64481959618786
"DTXSID40170579",-1.93081273887532,1.57387168886681
"DTXSID60491091",-1.87413454938436,-1.10339696913687
"DTXSID00658863",-1.87289391984937,5.35690109226783
"DTXSID00700270",-1.86863270152661,3.10405844950648
"DTXSID20493778",-1.88477675196537,-0.270014086738032
"DTXSID70607681",-1.90482716469124,3.67296272294189
"DTXSID40659930",-1.84084671403536,2.2445926214517
"DTXSID30187116",-1.92383904950264,0.725497569177966
"DTXSID60316078",-1.87900137469275,1.19644140190789
"DTXSID70798780",-1.91097174841471,0.451751869078816
"DTXSID50357051",-1.92597710349203,0.42969921669619
"DTXSID10418551",-1.91322134050225,-2.71284468313735
"DTXSID80744556",-1.8694317525697,-0.257942357395315
"DTXSID10458356",-1.90575612102558,-0.952996529343595
"DTXSID40627119",-1.87996608801689,2.02483093287891
"DTXSID90456956",-1.9263345490071,0.856504783755973
"DTXSID40471159",-1.89509204557219,5.51806431171474
"DTXSID20656003",-1.89365747249169,-1.92496904312651
"DTXSID20168353",-1.85668208641097,0.798493834241634
"DTXSID90406870",-1.85755836596234,2.63256316342045
"DTXSID80752671",-1.91286487270059,2.76917592048197
"DTXSID40276368",-1.92140487665027,4.3823198462255
"DTXSID90346929",-1.87150244966149,-3.7758099595614
"DTXSID80561220",-1.88673452095354,-0.604458716379704
"DTXSID50672670",-1.90384174833522,6.12517341609725
"DTXSID90167555",-1.88509551963724,2.53349852728372
"DTXSID50750189",-1.85677754161478,0.0252461490579476
"DTXSID70681805",-1.84413517053757,0.749066891722616
"DTXSID00361047",-1.88323022831296,3.34859112486582
"DTXSID50790166",-1.87010045354249,-2.2079216220151
"DTXSID80516896",-1.93011247857189,5.18038260574839
"DTXSID80464166",-1.85722846199498,0.878966888746446
"DTXSID30425823",-1.87484576846908,2.51203801510429
"DTXSID60691039",-1.86356269150293,4.94345116095477
"DTXSID80654343",-1.90056000359943,0.827147066143351
"DTXSID3068257",-1.88918745277033,3.40974239090353
"DTXSID30650739",-1.92477335746538,-3.72267633212949
"DTXSID20356753",-1.87770958506971,-2.16449200423469
"DTXSID50414971",-1.9154606926441,2.15699499236582
"DTXSID60739228",-1.92506206404161,0.0557675020869334
"DTXSID50462119",-1.87696269475098,0.0631731991739982
"DTXSID80304154",-1.84658604727713,1.67497288840934
"DTXSID80304159",-1.90951643562591,1.36039666026429
"DTXSID30360689",-1.91347852105979,3.17556515665776
"DTXSID80594977",-1.84714242665946,4.68622077421674
"DTXSID50357697",-1.87633205989542,-2.41577594346326
"DTXSID60741902",-1.85997970396966,2.68153377058678
"DTXSID10542648",-1.87223566905398,0.753993340599981
"DTXSID20351400",-1.89367720067588,2.46660746212281
"DTXSID60644949",-1.93529110244961,1.82357730445644
"DTXSID40208260",-1.841492054254,1.75503811186222
"DTXSID30851062",-1.90018398033719,-6.77777266732304
"DTXSID40357343",-1.91233914209886,2.33424823743105
"DTXSID10533475",-1.93488645178647,-0.596337230322456
"DTXSID30611183",-1.92174393554754,2.98311943148286
"DTXSID40675574",-1.86145529051298,-1.39829202528431
"DTXSID00289439",-1.84861847441652,-0.0578437688713626
"DTXSID70555673",-1.84728406809964,3.25558562113434
"DTXSID60753646",-1.83974188608971,4.21740482495583
"DTXSID90417007",-1.91527492974082,2.15525077626169
"DTXSID30879862",-1.85226536920543,-0.472742196064856
"DTXSID40637011",-1.83868129626764,-1.38601646216165
"DTXSID40285132",-1.89795204341132,-2.89990342863044
"DTXSID40889553",-1.90769948005526,4.62736653396218
"DTXSID10687881",-1.84548664864049,5.54828427393545
"DTXSID60611434",-1.8680651321711,-4.39580213628483
"DTXSID00649458",-1.87661096845564,1.66738496969555
"DTXSID00845756",-1.93340248116114,2.76997264035388
"DTXSID40457337",-1.92609795164882,3.41936434085636
"DTXSID60558411",-1.90307725401956,2.78838173474014
"DTXSID50737056",-1.88480345275338,0.420894464369012
"DTXSID10847266",-1.87635651443783,-7.63805288455255
"DTXSID00662602",-1.93572780269862,0.475435862874079
"DTXSID80229131",-1.85385683966608,1.75028861556551
"DTXSID60509549",-1.89949302925462,2.7431031417979
"DTXSID60738857",-1.87615510994853,3.14939680645643
"DTXSID50598508",-1.93489453780519,3.18383109345571
"DTXSID60467897",-1.88506060270589,-0.890144031839135
"DTXSID30447025",-1.86956256113089,-7.70531172493383
"DTXSID70688132",-1.87216059584294,4.79240448228662
"DTXSID70315653",-1.92669916297634,0.658524145043274
"DTXSID30749718",-1.92358981514253,3.54436862310243
"DTXSID80299278",-1.91623987731965,2.44805333016265
"DTXSID00577000",-1.89571097781258,-4.18577815733415
"DTXSID70785695",-1.87470062866511,-0.635649807579263
"DTXSID90296051",-1.92241212916562,-2.34586329954167
"DTXSID40728650",-1.83872596731895,2.48125655767954
"DTXSID10876359",-1.84070092701852,2.55672054066786
"DTXSID90626430",-1.86287076441365,-2.85624174269188
"DTXSID70284310",-1.87058372928878,-2.02748874409411
"DTXSID0048898",-1.84812576053111,0.862694121296715
"DTXSID10299983",-1.89202862880708,1.30700892485402
"DTXSID00733023",-1.85655159387819,4.12320954854253
"DTXSID10848415",-1.90102724596873,0.71453783143741
"DTXSID10507853",-1.84712646079695,-1.53177629542129
"DTXSID10200791",-1.93390594690262,2.95072505495667
"DTXSID40442809",-1.87357785613496,-1.14584720840988
"DTXSID80640367",-1.91179573350041,3.68938665191101
"DTXSID40614943",-1.90343098817042,-2.02038895815129
"DTXSID80639953",-1.88470819928861,-1.24882925912978
"DTXSID90841085",-1.92990506440166,0.237595603136491
"DTXSID20635959",-1.92555155394896,-1.99914680995607
"DTXSID30455488",-1.93623769145997,-0.466742457257479
"DTXSID70303792",-1.84030170271563,7.33852366777204
"DTXSID60698886",-1.89082395608392,-0.019356039166083
"DTXSID60657958",-1.91137456588657,2.50861303636735
"DTXSID60707942",-1.84457571725813,4.81243439968216
"DTXSID10466633",-1.90506608164272,-2.5650384354968
"DTXSID60598211",-1.88657301021485,-0.344723453711137
"DTXSID10389772",-1.93695795581592,-2.37157192326136
"DTXSID70794045",-1.9206584512884,0.26813366645534
"DTXSID60603379",-1.90709027711512,1.1594165396501
"DTXSID50694372",-1.89208551949562,2.35170546229494
"DTXSID60806585",-1.90389063218285,3.76812895961479
"DTXSID60218806",-1.93650644619963,0.899009701302053
"DTXSID5066453",-1.92920553469947,2.44104008895901
"DTXSID70687180",-1.93394575120044,4.26585912492542
"DTXSID90744360",-1.84747824603799,-0.318666751539451
"DTXSID50688150",-1.90455158269878,3.48186409977656
"DTXSID40392618",-1.93256503853605,-8.88044552780999
"DTXSID10720666",-1.90029009915361,-0.824837469303801
"DTXSID70629803",-1.88166488890801,-1.85278561543432
"DTXSID50715758",-1.93763738986958,0.00860519375259673
"DTXSID30689221",-1.89700673028798,3.24598244716228
"DTXSID60525365",-1.86048254949765,-3.36906823307806
"DTXSID70418794",-1.88459805174924,-0.23551607855235
"DTXSID50323519",-1.9062717110083,3.45216189976305
"DTXSID00878165",-1.8805669458829,0.297368477843277
"DTXSID20309042",-1.84388064896579,2.61800890658984
"DTXSID20696863",-1.86553589726087,-2.42108570607662
"DTXSID80691713",-1.93441905954627,4.88329679660419
"DTXSID30416574",-1.84512798268582,3.63730892065726
"DTXSID00691972",-1.91255724403109,4.15154622204019
"DTXSID40567506",-1.86172351932645,2.07010327326006
"DTXSID10392206",-1.90362515246648,4.26398396902009
"DTXSID90170004",-1.9245917355798,-2.50937180543943
"DTXSID90676955",-1.85755038733334,5.10930966658916
"DTXSID10417024",-1.87005304252894,0.546684177215017
"DTXSID40613557",-1.8715643366309,-5.37706532827054
"DTXSID00545446",-1.91017236840744,3.25032066721026
"DTXSID80883272",-1.84880419155674,-3.22534935952326
"DTXSID20802280",-1.86296834901136,-1.11619278949229
"DTXSID20357902",-1.89092677794249,1.68602451100101
"DTXSID30788384",-1.90408600305173,0.544214083687271
"DTXSID90876195",-1.91521955014752,5.13820616277512
"DTXSID90143197",-1.9087136757975,-2.62728278749411
"DTXSID10788367",-1.91010069058613,-5.54361401116912
"DTXSID30698974",-1.84212743435841,2.71739083619443
"DTXSID90355218",-1.89428639948562,4.41762245025902
"DTXSID10488491",-1.88882541296784,5.13620945942338
"DTXSID20737604",-1.84044130511187,-0.371508161011643
"DTXSID10845727",-1.85345821334471,-0.149156686754298
"DTXSID10720065",-1.91696595447238,-1.14689657545402
"DTXSID90570929",-1.92099243592745,3.06644460659066
"DTXSID10155999",-1.90011086355851,2.89093825734398
"DTXSID30632292",-1.92681592685948,0.291952001640376
"DTXSID20713463",-1.90217594973988,-0.259703919435904
"DTXSID00860000",-1.8621166563083,-0.947752993150514
"DTXSID10568106",-1.8874261810068,0.701381666257368
"DTXSID40573869",-1.89518392396146,3.90122315063298
"DTXSID10815086",-1.85775970737632,-1.55354126482974
"DTXSID10735194",-1.85691352311222,-2.41525572527711
"DTXSID40615970",-1.87931932813546,-1.96479134657412
"DTXSID00739924",-1.8860978364785,0.978490736768827
"DTXSID10348788",-1.89717031193135,0.131987903884659
"DTXSID90602173",-1.92650226946494,2.2609636715637
"DTXSID70391295",-1.8932973261426,-1.88510886578656
"DTXSID50176148",-1.92167078916286,-4.06774903008164
"DTXSID00573360",-1.85272608813828,-3.24701735331826
"DTXSID60610407",-1.91994518185092,2.7322128022471
"DTXSID00371520",-1.85566990411788,-0.0667710746314285
"DTXSID70596329",-1.87923219989968,2.57556637820248
"DTXSID60694080",-1.8972237117371,-1.46446512784109
"DTXSID80429351",-1.85936556736047,0.564776249492829
"DTXSID40687899",-1.84250614213568,4.26859573130902
"DTXSID90488696",-1.9115163809566,5.27943205333722
"DTXSID50803725",-1.88289709400632,-1.2792366516329
"DTXSID60292661",-1.88947773585932,-3.92428099399866
"DTXSID30159338",-1.8456828431262,-0.401265388992696
"DTXSID70807907",-1.85233745205271,-1.66434711437962
"DTXSID50498276",-1.84377201166512,-0.478523319336113
"DTXSID00874506",-1.87659096520953,2.38129677627976
"DTXSID00362559",-1.90578147326693,-1.14546019015149
"DTXSID10824370",-1.93047967053374,0.699556347643475
"DTXSID10459202",-1.87889840843368,-3.62931763287433
"DTXSID40769164",-1.87102445643879,-5.76178239481971
"DTXSID10219747",-1.90183568693191,3.56723365396889
"DTXSID80753683",-1.93139754022851,0.059482192517737
"DTXSID70575871",-1.8706056458368,-3.08404270920206
"DTXSID10688858",-1.84596441164286,3.42235863932645
"DTXSID70540781",-1.88812580751923,-7.61792624646833
"DTXSID90312563",-1.88066992787268,2.96390856889468
"DTXSID40344753",-1.88158602861889,2.74078254254606
"DTXSID20698721",-1.8539094971036,0.387869148165769
"DTXSID40366056",-1.88038258900693,-0.675704409676726
"DTXSID40689853",-1.87387997745629,5.69245252241814
"DTXSID70649400",-1.84414976791558,0.22423211347407
"DTXSID50742221",-1.84103848061265,-0.819931724587576
"DTXSID40667515",-1.88723016182746,0.423047143299383
"DTXSID90877940",-1.90072931770479,0.923038295062486
"DTXSID80422089",-1.88102933205654,-0.52528424808582
"DTXSID60439392",-1.85901696511793,-3.34770277424072
"DTXSID70642012",-1.84886774359206,-1.81710189412339
"DTXSID20671170",-1.90795287082865,6.53995251446001
"DTXSID00148532",-1.88708086673144,-1.40131548839802
"DTXSID90684898",-1.91634147602123,3.26712036981772
"DTXSID10583117",-1.84994357080702,1.27987713454613
"DTXSID80843997",-1.88830386329814,5.12699408461534
"DTXSID50454251",-1.89791429435194,1.4408840581727
"DTXSID40465134",-1.88356589150073,4.72043902595924
"DTXSID30689483",-1.85012868826728,4.59212974680964
"DTXSID60202649",-1.85247855589864,1.56882520787392
"DTXSID50392189",-1.86123022367836,-5.32402472004127
"DTXSID4072651",-1.86491011550598,4.78262000567298
"DTXSID40181004",-1.88173651758116,-4.53875522275841
"DTXSID50447603",-1.90445456501157,-1.05361266776562
"DTXSID20627359",-1.85012192845536,2.3619802185106
"DTXSID50392346",-1.91330458020059,-1.35256701735062
"DTXSID30641905",-1.9340703787816,-3.28818710547914
"DTXSID80612847",-1.84840507798017,2.7515779108261
"DTXSID90803466",-1.91908416777014,-7.53934864476162
"DTXSID90673388",-1.90200256913458,2.82653744125675
"DTXSID20683930",-1.90786072396865,0.773293971752929
"DTXSID00354353",-1.8726106545158,1.43639246360855
"DTXSID00570975",-1.86488178374937,4.80631387893311
"DTXSID80425939",-1.85460875675805,2.0894370533892
"DTXSID80599189",-1.88054360934942,-2.38966748683929
"DTXSID20280827",-1.89764121408762,-1.58625024005286
"DTXSID90821589",-1.92657209007059,4.18553748059555
"DTXSID40458869",-1.86976626349874,3.484339093607
"DTXSID70468072",-1.93538654617907,1.48133821938703
"DTXSID20483533",-1.88145102435947,-0.18396887288418
"DTXSID10846416",-1.84814953563042,1.68329094011504
"DTXSID60295011",-1.91616749867253,-0.485675465863185
"DTXSID40374257",-1.92025663297131,-0.201473678529732
"DTXSID00856908",-1.85972729989769,1.15025239186507
"DTXSID00451119",-1.91340116523361,-2.96962503382749
"DTXSID00833279",-1.88552024902717,-5.27319176933791
"DTXSID10775999",-1.92841127629124,0.629831649294588
"DTXSID50874692",-1.86180394370051,-1.81453923898665
"DTXSID50836639",-1.93035678949796,-0.235168842899471
"DTXSID30357953",-1.88199445613121,2.17810360362086
"DTXSID20846189",-1.92530023176555,-1.34715751274172
"DTXSID50605049",-1.9301141517408,-1.71530762019053
"DTXSID80479992",-1.85446961788278,0.554225710772923
"DTXSID60886584",-1.85152955188678,-2.05593013529919
"DTXSID40690166",-1.87208980316749,3.6219972890485
"DTXSID70478095",-1.90943997767888,1.27124934160054
"DTXSID70524465",-1.88635858074198,-2.14235763838042
"DTXSID30314460",-1.85379502974208,-0.984157577934443
"DTXSID90403203",-1.86630569911062,0.215818632368556
"DTXSID10686718",-1.89285347698932,4.07720986047323
"DTXSID50384423",-1.88385072639194,1.93546671087177
"DTXSID40703886",-1.88678004914136,-2.54744367301023
"DTXSID70722747",-1.9214611503897,0.935380889933614
"DTXSID10544849",-1.92859149057111,4.35420382894914
"DTXSID00302576",-1.9190966530704,-3.06595291347425
"DTXSID40730016",-1.90051991919678,-0.0404443329979566
"DTXSID80468947",-1.92976055352774,2.11462597298583
"DTXSID10743971",-1.85882713002802,2.64141948572723
"DTXSID30753779",-1.92691083829795,-1.68478793248179
"DTXSID30239947",-1.91485607261031,1.45795642707985
"DTXSID60728955",-1.85555087494616,-0.19512444617818
"DTXSID50407681",-1.86722571557783,3.45459006357567
"DTXSID80302231",-1.91693657245065,3.62788983195556
"DTXSID40458147",-1.85358275756491,2.15448885143059
"DTXSID10871460",-1.88865416858453,-1.38856046519051
"DTXSID80313680",-1.93630506433708,3.32392650553201
"DTXSID60429859",-1.89547413498878,3.64876875385266
"DTXSID90558545",-1.89629490491566,1.63038486530853
"DTXSID80848265",-1.87818614996383,2.98941270054015
"DTXSID30458373",-1.84165455048248,-1.55753683302117
"DTXSID30602359",-1.90527370283765,2.73189118825667
"DTXSID90528440",-1.88975176178782,-2.02503920580381
"DTXSID50708084",-1.88848403332561,0.131772570358578
"DTXSID40589768",-1.88357995538751,4.24482874082375
"DTXSID60366639",-1.86884326441587,3.34859580637085
"DTXSID40540834",-1.91665861038641,-1.79594891099308
"DTXSID00196811",-1.87023052723766,-0.882542094968868
"DTXSID40335989",-1.87676999885553,-2.71000788565616
"DTXSID80787524",-1.89524577629279,1.85148322578486
"DTXSID30428435",-1.87557763084852,0.595845048721215
"DTXSID90299269",-1.92364866298203,1.07051788538354
"DTXSID60401796",-1.86870334311754,2.83209569434653
"DTXSID20649278",-1.83930610171898,0.281686752191712
"DTXSID00615173",-1.89274272211158,3.30194545651915
"DTXSID90395391",-1.84593999102359,3.06059275822673
"DTXSID20470443",-1.90387584589305,3.08733406893572
"DTXSID30613925",-1.84089797751899,-0.990001142563389
"DTXSID00226521",-1.89331546652949,2.2625203154163
"DTXSID40164352",-1.93600638644057,0.76582449954173
"DTXSID20398350",-1.91565331976783,-0.0147067575072446
"DTXSID80407619",-1.89764333945092,1.56715573265889
"DTXSID20795305",-1.8859648667854,-9.34481495637143
"DTXSID70159837",-1.87220825214522,-6.55514733924323
"DTXSID00868440",-1.85156318529786,6.21373945253421
"DTXSID50408658",-1.93150146434921,1.7503634930057
"DTXSID30669902",-1.87638363845328,-1.15640803181511
"DTXSID30833949",-1.89628117040972,-2.56126172613879
"DTXSID90445168",-1.88330009124716,-3.68365018429074
"DTXSID00616160",-1.90915922828748,0.827885401064647
"DTXSID90343332",-1.93437709338875,3.13452379217231
"DTXSID10847089",-1.90002022094599,-1.2495277270678
"DTXSID30891660",-1.89846671808525,-0.371116337001858
"DTXSID60226325",-1.84872803245251,0.883400907771851
"DTXSID40739443",-1.85081487502026,2.35966116291884
"DTXSID50690955",-1.92903214948492,4.2352640191838
"DTXSID90323932",-1.9201033504347,-3.59226171116014
"DTXSID50851443",-1.91576647389141,-0.451530246729981
"DTXSID10832339",-1.92860049087169,1.84349935112703
"DTXSID90691860",-1.86154572014993,4.2513746264132
"DTXSID70857725",-1.86748667027811,-1.0964974556364
"DTXSID90512869",-1.93826486924472,2.93876196372052
"DTXSID70674752",-1.89697130114206,-1.3894744001163
"DTXSID20562837",-1.84015016616231,0.0518348959482118
"DTXSID50689925",-1.93393375861475,2.67637043344043
"DTXSID00492547",-1.87681891206619,1.00094885597471
"DTXSID60529540",-1.87917372844155,1.15157951412926
"DTXSID40290105",-1.86850485934967,4.98108238588822
"DTXSID10183570",-1.92883296399292,2.93796329902609
"DTXSID20691439",-1.84320108581716,2.59665901529715
"DTXSID00741825",-1.89994534768239,0.576244705555132
"DTXSID50689920",-1.89541729149497,3.61738720132025
"DTXSID70314964",-1.92839716831563,1.91277460862249
"DTXSID60360995",-1.92836208914864,-3.6013590265291
"DTXSID50284818",-1.93419299470582,-2.47233869614647
"DTXSID20688400",-1.90596700417803,4.92262486237956
"DTXSID90357212",-1.8502191533192,3.6947856187661
"DTXSID70483765",-1.86488843696333,1.074300287378
"DTXSID70355579",-1.91862859741876,3.54059152703797
"DTXSID50504442",-1.89310685775954,0.697527718668586
"DTXSID70545216",-1.87930940199545,-2.80521421774282
"DTXSID30532167",-1.92514939756611,2.0308636612071
"DTXSID80805575",-1.84860366460573,-14.2420027563764
"DTXSID10650772",-1.89027838487262,0.992974092878746
"DTXSID90221525",-1.87306725351439,1.58278823907257
"DTXSID10408699",-1.86776594469821,1.06055895465787
"DTXSID00294684",-1.86719633008103,1.7530193307713
"DTXSID90725811",-1.84177260459985,0.290064688955193
"DTXSID00383784",-1.93003984360406,1.94359262632976
"DTXSID10709350",-1.91420380216403,-5.75872028790526
"DTXSID70369974",-1.8495905505637,-0.49259209983538
"DTXSID90308709",-1.89786699425318,4.17735255887443
"DTXSID10393450",-1.89503386651344,1.96879985812498
"DTXSID90576744",-1.93320202271423,0.978309235243844
"DTXSID20347040",-1.89612654320372,4.39939792138656
"DTXSID50554225",-1.86868119215219,-3.58911220358402
"DTXSID10294594",-1.88169265407523,-1.01098402950764
"DTXSID70303292",-1.88116267929586,2.69135745411062
"DTXSID40650189",-1.89828029060078,0.553000258034828
"DTXSID60410308",-1.934620129786,1.67205673705344
"DTXSID30844858",-1.92516639683191,-3.1972142046309
"DTXSID40687834",-1.91504329834673,2.4063968482958
"DTXSID90777350",-1.85884355216432,2.28378360826698
"DTXSID30773013",-1.90542802999403,1.70268718576853
"DTXSID30243665",-1.90893097237961,4.29711900669651
"DTXSID70555592",-1.83940925750163,-0.405119193785369
"DTXSID80684862",-1.89812385532168,-0.101744455896034
"DTXSID60471459",-1.85149585230188,-0.284792913014919
"DTXSID60686546",-1.91035211972617,2.62915135389899
"DTXSID30497328",-1.90503329388444,-0.0637775491411846
"DTXSID50699569",-1.90683961211462,0.823236255925858
"DTXSID80162514",-1.88440685102789,-0.262365317832237
"DTXSID60192016",-1.88048081414312,-0.637789579302742
"DTXSID90823285",-1.93247015030696,0.0888124299268576
"DTXSID40425970",-1.9168023280815,3.55212245062932
"DTXSID40886704",-1.93264219922795,-2.88040800035668
"DTXSID40445496",-1.92807848197375,-4.505864319359
"DTXSID10355013",-1.86524420777284,0.229409531083077
"DTXSID40298702",-1.86490601194565,-0.637538322919422
"DTXSID80649315",-1.87993570806592,1.48409053047097
"DTXSID50817660",-1.88881054292168,-0.703159628290815
"DTXSID80586276",-1.927024309805,1.52720847186415
"DTXSID10235967",-1.85909945854474,2.1123877719338
"DTXSID60282047",-1.91931241773487,-0.101181589800556
"DTXSID30811525",-1.91124230494427,-1.17788611916422
"DTXSID10339252",-1.92051187797638,1.87030141745222
"DTXSID1048411",-1.93227847858391,0.999408488624926
"DTXSID80894005",-1.91611768033988,0.282204518857428
"DTXSID80691218",-1.89946958302229,3.96225233382442
"DTXSID90342901",-1.90681166544011,-1.14841284556455
"DTXSID60828782",-1.85231859405035,-1.88738484230283
"DTXSID70402375",-1.86678547104552,0.131436839518571
"DTXSID80439399",-1.86890437606811,-3.76257396146801
"DTXSID90537496",-1.89669564895286,-1.90244291319959
"DTXSID80523828",-1.85288873948957,-1.61211760707708
"DTXSID00201691",-1.90663274112151,-0.963250182758126
"DTXSID80700450",-1.91274404766612,1.75371921890484
"DTXSID10681829",-1.92323950305532,-0.866635183156107
"DTXSID10489004",-1.84271880987474,0.893931950349033
"DTXSID90163138",-1.9061166695556,0.314023734702074
"DTXSID70192749",-1.92618229854687,0.249813672618133
"DTXSID60638621",-1.83978978395214,2.45074506516886
"DTXSID10690219",-1.92837200196882,3.81808484779784
"DTXSID10496718",-1.90430755705376,1.26488747790084
"DTXSID30672956",-1.91413714473645,3.45530130746509
"DTXSID80390471",-1.84262623311858,-0.918882020517544
"DTXSID00479191",-1.91659227351343,-1.66741660062639
"DTXSID70689240",-1.87615113513573,2.42280149920143
"DTXSID10731454",-1.92635990935978,-2.98464278300754
"DTXSID70688273",-1.87460481810635,5.84654288028976
"DTXSID30617701",-1.92821338768767,-0.882727069941784
"DTXSID10689481",-1.88281316235028,2.73793033671193
"DTXSID30287605",-1.846528456164,1.54983584926317
"DTXSID50767570",-1.84866913511685,-1.16245599117699
"DTXSID90534940",-1.84246664899526,2.501422984536
"DTXSID10773859",-1.84845203356386,0.703150365014654
"DTXSID20391482",-1.85362141849297,-1.10163501351607
"DTXSID60443858",-1.86790331460798,-1.35867676301446
"DTXSID50696856",-1.90978870404491,1.82225589977736
"DTXSID40678141",-1.90570887481857,-0.461086375163053
"DTXSID20799106",-1.87942992698582,1.74667029809154
"DTXSID7070397",-1.93320152502949,0.217439147339268
"DTXSID40303784",-1.91219152258201,-4.19351771145731
"DTXSID80851118",-1.8452681628867,1.99193446515977
"DTXSID90551051",-1.93629974927124,0.901085994723119
"DTXSID90293065",-1.91201281654124,1.43754202374906
"DTXSID30441462",-1.85418419694291,0.405941809640184
"DTXSID40274602",-1.87163217165087,0.642224675533598
"DTXSID10775318",-1.93582415596289,-5.59165997272612
"DTXSID50222154",-1.9268683486857,0.0196110692613425
"DTXSID10683621",-1.9334201106255,2.18989924726352
"DTXSID60593443",-1.84491390212647,0.923699037694814
"DTXSID40442905",-1.88306586278599,0.994213181819448
"DTXSID20683511",-1.89666092869641,1.24723029573624
"DTXSID50370987",-1.9155683903415,2.86519828107384
"DTXSID00373549",-1.92690342544998,1.78680437431988
"DTXSID30787514",-1.88525798926955,-2.52104424224174
"DTXSID50656157",-1.92599129750904,2.19619471175902
"DTXSID00190415",-1.87675349695414,-4.89648361324306
"DTXSID20236783",-1.897269681678,0.505200825794784
"DTXSID40673833",-1.8981125849185,-0.577947199818772
"DTXSID20546031",-1.88377151064734,-1.27899023253576
"DTXSID10585590",-1.9360794174389,0.873953353019495
"DTXSID10353534",-1.86579383428779,1.93056613493247
"DTXSID90769614",-1.85826258164657,2.44102860176191
"DTXSID10469169",-1.8729071541679,0.331698122438458
"DTXSID20535228",-1.86434468317069,-4.28605093673647
"DTXSID70596162",-1.91663139762627,0.561460597106972
"DTXSID30542362",-1.92131628550113,-5.98897060123731
"DTXSID50402414",-1.86892035816399,2.56412614929156
"DTXSID50198042",-1.9171640797867,1.2331837591482
"DTXSID60822043",-1.88581760608906,4.98277883182792
"DTXSID10181874",-1.92143688921437,4.67000645767037
"DTXSID00682320",-1.89533934144159,-2.43596320633192
"DTXSID20283939",-1.9023445828807,-0.474084056035663
"DTXSID80346695",-1.87051777150888,-0.415820878300038
"DTXSID80575620",-1.92848707476088,-1.572064930683
"DTXSID90596245",-1.87497838463682,-1.80175172868268
"DTXSID80638582",-1.91417396906371,-0.426226673654955
"DTXSID20340995",-1.90682899627366,-0.646170211651438
"DTXSID90292937",-1.84798967960027,-0.0453290130125269
"DTXSID90519156",-1.90434228506669,-1.86715939380401
"DTXSID50401548",-1.87753673504327,-7.89695961344117
"DTXSID80703901",-1.85771262450863,0.184037675050702
"DTXSID20376451",-1.92161162787123,4.13007032965858
"DTXSID30358268",-1.86522886935243,0.083469890573768
"DTXSID30162802",-1.84793557146458,0.865880243908996
"DTXSID60565504",-1.87031312536559,-1.29993646007381
"DTXSID80309381",-1.93042345573807,2.68356180323824
"DTXSID10328565",-1.85566142907466,-2.77304048894002
"DTXSID50702320",-1.855589347564,0.577416236773377
"DTXSID70438391",-1.85305241981456,2.70277099446521
"DTXSID00740914",-1.86932925038204,2.33645912473721
"DTXSID10840939",-1.93332912630286,4.04451938773712
"DTXSID80833999",-1.88590925477458,-2.22581551441382
"DTXSID90539753",-1.90424537595559,6.07724702781914
"DTXSID2020347",-1.84449924328632,0.285660937098395
"DTXSID40681438",-1.88954619358047,4.56818346868472
"DTXSID40681433",-1.84213483219344,4.01225716991612
"DTXSID40588978",-1.89828623462127,0.575859823890276
"DTXSID10691165",-1.88790073328764,4.19845945843425
"DTXSID20147385",-1.90565025298015,0.141594924081317
"DTXSID70851728",-1.84123850078678,-2.36995286923105
"DTXSID20670885",-1.93476138024334,-1.49267886844235
"DTXSID30735393",-1.85822399353315,0.965783352166909
"DTXSID20896164",-1.9344310452954,-0.593543923335027
"DTXSID70200277",-1.86483938308317,2.00499012620189
"DTXSID80359200",-1.91262044705453,2.2781185662695
"DTXSID60455572",-1.91015759007015,-0.129435432722138
"DTXSID00613674",-1.93290366196061,0.880360985368073
"DTXSID10594223",-1.91292453479763,4.77693966819488
"DTXSID70325474",-1.88876723360745,2.05813529006328
"DTXSID60339121",-1.92578412631121,-4.41254031538939
"DTXSID00820048",-1.87949290153378,2.87907021388438
"DTXSID70533037",-1.92887151229172,-3.60571101834721
"DTXSID80695913",-1.87081905561712,-1.36115093893857
"DTXSID40617974",-1.87299785734846,-4.14366253495884
"DTXSID20442266",-1.8400810913025,2.10868875172097
"DTXSID70367117",-1.90417952792827,-2.50343498857716
"DTXSID30701533",-1.89471021123355,1.2021475656038
"DTXSID80770794",-1.83981096430351,1.77517561739013
"DTXSID40357525",-1.85010430022708,3.32123982058487
"DTXSID50691447",-1.93173110960413,3.96810078424565
"DTXSID20178038",-1.86632249270252,-2.20448786158547
"DTXSID60797126",-1.85168191950853,1.25969810104401
"DTXSID60702351",-1.86658540294612,3.98494601396502
"DTXSID90234554",-1.91813651782834,-1.60729951113193
"DTXSID80213979",-1.89297870869432,-2.07221114137195
"DTXSID50326484",-1.91654605483203,3.85371881120065
"DTXSID00770751",-1.93010910284918,0.196834947877926
"DTXSID10842377",-1.88851085134825,-3.40337934917
"DTXSID70398229",-1.84653025469788,3.54272687275593
"DTXSID00804328",-1.89917294838873,-3.18083736543286
"DTXSID00563443",-1.8938808156346,-4.15780446915657
"DTXSID60729962",-1.92652467347484,1.22462521588441
"DTXSID30626454",-1.88154015598455,0.347018053510775
"DTXSID00354419",-1.92669494394114,5.42459749639989
"DTXSID60750872",-1.91478300624101,-1.4310900157821
"DTXSID40737702",-1.91850997257296,2.48170193430685
"DTXSID90286619",-1.8709165444526,-0.289244603992186
"DTXSID90470970",-1.90884852419957,1.39132473327245
"DTXSID70802573",-1.90185696350173,-0.833051315719048
"DTXSID60755185",-1.86125940399244,1.01947656591343
"DTXSID30736784",-1.85046814547024,-3.04161753331458
"DTXSID60745203",-1.84740572806071,1.253316120824
"DTXSID70642335",-1.93092887790643,3.41752399488956
"DTXSID20685414",-1.86273018693271,0.991480469160121
"DTXSID50644498",-1.90961063756785,0.527311683221142
"DTXSID40535523",-1.93154044829874,-1.28495698095299
"DTXSID00794679",-1.88081661758254,-2.8840459214504
"DTXSID30760206",-1.84923196685939,-3.08902859812726
"DTXSID50624634",-1.87460920195012,2.33236823334592
"DTXSID30668511",-1.8497343664115,-0.510783896384402
"DTXSID80691293",-1.92465950383643,3.65035033466707
"DTXSID40685850",-1.90569852971596,2.48478543353234
"DTXSID30612059",-1.92343985612681,5.4064808118796
"DTXSID50699165",-1.92596067076724,2.13443842671669
"DTXSID10322543",-1.91381346304623,0.910897071040799
"DTXSID70762769",-1.90528490491338,1.08401550074967
"DTXSID40689575",-1.85971660858217,4.14865014156598
"DTXSID90493684",-1.90643689231816,-0.265658060352594
"DTXSID30596067",-1.93145684063602,3.48000507001593
"DTXSID30326285",-1.88884187303312,4.10334431625608
"DTXSID10142869",-1.91962001638292,3.31318127227504
"DTXSID90342663",-1.93785759219698,-0.261031724528659
"DTXSID60145047",-1.92926832085305,0.253421528517632
"DTXSID5052121",-1.8538623397462,3.07047553963712
"DTXSID80302978",-1.8679739234229,-1.38117351895756
"DTXSID30404315",-1.91430778317626,1.13225399619519
"DTXSID50449021",-1.92585199552571,0.353092345277179
"DTXSID00813455",-1.87953180118737,-3.29268545626576
"DTXSID40718354",-1.86824699268609,0.50626680842645
"DTXSID50205624",-1.93407646368456,0.336059399469298
"DTXSID00495018",-1.92969506532192,2.95608612400446
"DTXSID2045492",-1.88615862537539,0.47538776143988
"DTXSID10535595",-1.92982157185833,0.0784799253586025
"DTXSID80531544",-1.90854250020331,0.349063401272
"DTXSID10475285",-1.90256505309836,3.11467199377771
"DTXSID40852560",-1.91680716709245,-2.35388222140121
"DTXSID70563834",-1.91468669324289,0.3726813996983
"DTXSID10487949",-1.9196939026258,-0.971411777198922
"DTXSID90629320",-1.91615021185423,1.30279323376785
"DTXSID90393377",-1.87955369703545,-3.84373509594581
"DTXSID20464206",-1.91581975973128,3.76962132070313
"DTXSID60661156",-1.93017954407875,0.0644052149410268
"DTXSID70303919",-1.9303207313065,0.325916179678282
"DTXSID80307842",-1.91112379155613,-5.72007475263846
"DTXSID30843669",-1.85725152665686,1.02312360297051
"DTXSID10443868",-1.85292371536352,3.13170705011878
"DTXSID70784067",-1.91553252114097,4.09343745865815
"DTXSID10671422",-1.85287069560749,-3.19048298905433
"DTXSID10671427",-1.84900447519163,-0.972861888302194
"DTXSID70506403",-1.84886659037438,1.25061964392995
"DTXSID50715612",-1.8878562817438,3.57683009250172
"DTXSID50594787",-1.91967103835856,-0.461451095949821
"DTXSID20233777",-1.85349178410436,1.87851313795085
"DTXSID10686677",-1.91386643026709,5.62141731277429
"DTXSID50403628",-1.91535991619199,1.32482685823318
"DTXSID00878281",-1.85082816317042,1.69847603865535
"DTXSID50380667",-1.88182163134931,5.71871460211756
"DTXSID80686361",-1.90320039738723,2.08227208448798
"DTXSID50815727",-1.87138336902967,3.44120223205826
"DTXSID10824936",-1.92554632043702,3.60948191715833
"DTXSID30163278",-1.84420656673946,0.67514059539932
"DTXSID80689812",-1.86880065841308,3.45947187461344
"DTXSID00274623",-1.86552704927658,-1.05134442112848
"DTXSID10508522",-1.84221469818039,1.66466021371425
"DTXSID00699170",-1.93505705548634,0.0799357557928569
"DTXSID10848470",-1.9161485221038,3.77825064825539
"DTXSID50686510",-1.91328953400395,3.98495715201352
"DTXSID70358287",-1.86719227399806,-2.48098650552617
"DTXSID00720054",-1.89543258182506,-1.61447758602606
"DTXSID70641303",-1.85189898456972,1.57512764858199
"DTXSID60519365",-1.91726184834873,-2.82898383830175
"DTXSID50402030",-1.90747044038458,1.1482156973006
"DTXSID70691525",-1.85272592470925,3.29617860288754
"DTXSID10234394",-1.89770568481414,-4.53669264351071
"DTXSID80562631",-1.84506934163327,-0.340752107976952
"DTXSID40844405",-1.87191311994404,-0.0970735045809028
"DTXSID60187467",-1.91114929545884,1.53253227743327
"DTXSID80146016",-1.92216145460153,0.885279280767477
"DTXSID70485340",-1.87810201020811,-0.140003565439337
"DTXSID40753588",-1.86802927700887,1.09110059233768
"DTXSID00160012",-1.88737794168454,-0.0251492781101768
"DTXSID20399488",-1.92377245617732,0.0312548588345972
"DTXSID20220829",-1.85981248737141,4.70463666021754
"DTXSID10456574",-1.90331386576048,-2.83751802778228
"DTXSID10803620",-1.93785645861468,-4.05006255452768
"DTXSID5073535",-1.84137319028548,0.835327505508672
"DTXSID30395299",-1.91879621106954,2.99216138790242
"DTXSID50230517",-1.84442712385431,-0.98467938636741
"DTXSID70855928",-1.84477499842929,5.08854861982526
"DTXSID30875268",-1.84712854016888,-1.68338413982843
"DTXSID40789741",-1.92053221081453,-7.17990422499951
"DTXSID20715361",-1.89447303609182,0.379281067896059
"DTXSID20623311",-1.91208240978763,1.66195734941798
"DTXSID40678262",-1.87686718496734,0.0656943280420379
"DTXSID50615461",-1.83999603822006,0.417815970890529
"DTXSID10749796",-1.86638811185188,1.00427824965654
"DTXSID00741345",-1.90070748548945,2.1652800621254
"DTXSID80353586",-1.93127162704372,1.43394993248355
"DTXSID30383292",-1.89306176169877,2.12921034118661
"DTXSID90820850",-1.93159985135355,0.578469798510131
"DTXSID80461034",-1.89955424544399,1.54071435920455
"DTXSID50295383",-1.90310067082856,1.70367290669365
"DTXSID80588518",-1.9209896425563,0.368393318331533
"DTXSID00617233",-1.87839597714188,4.80673265845885
"DTXSID20574834",-1.92136717521865,3.13197393900644
"DTXSID10753479",-1.86991758435738,-3.01965746869705
"DTXSID20602424",-1.83852722965267,0.735642904004418
"DTXSID00715127",-1.87862503140068,-1.22887063800495
"DTXSID00715122",-1.8612767547965,4.94928777674588
"DTXSID40276666",-1.87757373694699,1.75453231329088
"DTXSID10695941",-1.86857045492014,2.21331440332604
"DTXSID30152763",-1.88245225640524,-2.20522870661085
"DTXSID00470709",-1.85165024799545,2.48755882496562
"DTXSID60686046",-1.88873344844222,2.45728718005904
"DTXSID00656566",-1.92772903760866,0.885634317379565
"DTXSID20204003",-1.90926214397219,-4.01613407289774
"DTXSID00513786",-1.85967279351189,-0.586915454372296
"DTXSID30751497",-1.85274198850498,-8.92095117222701
"DTXSID3072292",-1.896243922285,-0.0130687389902578
"DTXSID20732795",-1.84607596221321,-3.55529190964717
"DTXSID40275139",-1.89720099625378,3.16294181527642
"DTXSID80212109",-1.87832879620842,2.58614037941871
"DTXSID70876633",-1.87686605982134,4.02395827921834
"DTXSID20845990",-1.87624473050055,-3.94277912274744
"DTXSID30303091",-1.87985829125529,-0.242274266007143
"DTXSID30652177",-1.87518636279013,3.97830460976503
"DTXSID10638797",-1.85873994487904,-2.5436419349668
"DTXSID60351707",-1.86023266100096,1.05427986414234
"DTXSID20486100",-1.90312875373889,-0.689548250992939
"DTXSID90289261",-1.90177522162016,3.43136610188371
"DTXSID80688749",-1.8477215084778,4.41892783422824
"DTXSID00386432",-1.91412953905173,0.681660246967719
"DTXSID00437493",-1.86749728794216,-0.564465252742759
"DTXSID50686373",-1.86418938988716,1.33054429624771
"DTXSID50685886",-1.84960331300156,0.999348599975321
"DTXSID00164797",-1.91218423371805,-4.50325594051036
"DTXSID30293463",-1.87709652991179,1.15394618363717
"DTXSID50204657",-1.9342397890457,5.30151840272859
"DTXSID80567505",-1.92573755324302,3.4809403629875
"DTXSID30232751",-1.87933404685896,3.00719992106863
"DTXSID80303162",-1.92227220703837,3.13522221350191
"DTXSID60156557",-1.86880772759716,-3.37856429229384
"DTXSID50676456",-1.91816806933729,0.861887992276336
"DTXSID40703205",-1.86158863984486,1.07025163658367
"DTXSID50319472",-1.84118633991539,2.53021171296703
"DTXSID40681170",-1.92851950130658,2.8524203284411
"DTXSID70546288",-1.90127168790913,0.27509164562249
"DTXSID30509531",-1.86935298191738,2.92800041261212
"DTXSID20846664",-1.85797028990234,-2.7423995996111
"DTXSID20297637",-1.906368497643,-0.110258021360728
"DTXSID90559411",-1.89989175016305,-2.49962447545419
"DTXSID90401183",-1.92563252603611,1.65413918425601
"DTXSID80361782",-1.92923896454727,-1.26246220653079
"DTXSID00685896",-1.91613236632038,2.30918143699985
"DTXSID60571347",-1.91175620657981,1.46394371625736
"DTXSID70545059",-1.89238416690768,2.7497873956512
"DTXSID20687175",-1.86696719858255,3.78324497166731
"DTXSID30798943",-1.9023859833006,-3.5863947058066
"DTXSID80682545",-1.91013605795492,2.55947959998112
"DTXSID80307100",-1.91491515318689,0.68615907129619
"DTXSID20366352",-1.84375022808965,-1.75941815607033
"DTXSID50210490",-1.90282796364971,-1.74222445262016
"DTXSID10498191",-1.84367736661549,-4.17936322291931
"DTXSID90194528",-1.8498064148566,4.9324804846775
"DTXSID40472388",-1.90871376004685,-3.09911659135045
"DTXSID50703170",-1.87493816577926,3.01885293407193
"DTXSID70204593",-1.86967250029114,-1.97296135928987
"DTXSID30279888",-1.85285760169108,-2.3526232547105
"DTXSID60393566",-1.85957223827868,1.58714345858956
"DTXSID00287213",-1.90861562145634,2.11779063153371
"DTXSID10806297",-1.86188400441988,-0.748598184300802
"DTXSID70515510",-1.9018885391439,1.50421002754597
"DTXSID30228376",-1.9272622243309,1.72632609902741
"DTXSID20183021",-1.88590556430453,-1.17552291055212
"DTXSID00490265",-1.85414285052633,0.188632447058422
"DTXSID90682930",-1.91406168237624,-0.52561723806631
"DTXSID30734760",-1.89749462370167,1.60270934932955
"DTXSID50295227",-1.88586204460642,-1.65535386726444
"DTXSID70398749",-1.8526696268339,4.02482344011569
"DTXSID70658835",-1.9187832074581,3.23529721475654
"DTXSID80626429",-1.84923078461018,-1.63031406604567
"DTXSID50577979",-1.86806611513521,-1.18661057105929
"DTXSID80350535",-1.92296895785058,-0.495655411889394
"DTXSID20712855",-1.86615673331915,0.832380305480183
"DTXSID20809810",-1.85261724461028,-0.266310489921072
"DTXSID90654334",-1.83917848839066,0.87662829983334
"DTXSID00315565",-1.93786511891257,3.79608410582122
"DTXSID40388071",-1.88425355261734,1.90418904150507
"DTXSID10731878",-1.92265845020048,3.33650286193341
"DTXSID60560135",-1.86105972689452,2.38110723870098
"DTXSID10526645",-1.86826208224275,-5.8581244789516
"DTXSID60581007",-1.8419292739719,0.305283963878664
"DTXSID10279008",-1.90842995371462,1.40943552017042
"DTXSID20787467",-1.90219875922052,-2.60517807343722
"DTXSID90745357",-1.92273517895046,0.712658763581878
"DTXSID70200176",-1.87605819773844,3.46268838076377
"DTXSID70200171",-1.88294580620522,3.39174909913431
"DTXSID40644967",-1.89080408295531,2.91232310889798
"DTXSID50302723",-1.92555527029129,-1.2765183729317
"DTXSID00707249",-1.87059758899018,-2.056843498299
"DTXSID40441170",-1.93366032657022,0.666265002223107
"DTXSID50537598",-1.92170954814849,-0.588856627673289
"DTXSID30514544",-1.93091294626174,2.49741378451039
"DTXSID30783637",-1.87023169809733,-1.18953163608845
"DTXSID70490075",-1.92179127696037,3.55109565637154
"DTXSID90298010",-1.87538783441308,1.31851159180159
"DTXSID40340336",-1.91751464280058,-1.88637193102566
"DTXSID50754920",-1.84657972092607,2.66840986918538
"DTXSID60720252",-1.93319314175616,-0.602864871906187
"DTXSID30342622",-1.89774641162194,-0.095561563767325
"DTXSID90686150",-1.88015210611746,4.42656175328769
"DTXSID30340082",-1.92091105990254,0.309912006114836
"DTXSID40227678",-1.91107191507599,5.0510795918243
"DTXSID10560089",-1.87612139675574,0.421016204387044
"DTXSID30844671",-1.85374262458811,0.710132056585564
"DTXSID50682931",-1.90349328024753,-0.646898496624651
"DTXSID20647052",-1.84750117894226,3.39079848731504
"DTXSID00754617",-1.91990678764968,0.327569452795659
"DTXSID60848980",-1.92705846555778,0.631249964098487
"DTXSID20143089",-1.86966426918569,7.19109482533744
"DTXSID20684907",-1.87841414900215,2.95578013843889
"DTXSID00805012",-1.89687143004792,2.76682513259504
"DTXSID10490019",-1.93398719682059,-1.56628395041299
"DTXSID60854864",-1.91096102146793,4.61233713907519
"DTXSID50323190",-1.93589143601877,-1.71896679773551
"DTXSID10524323",-1.87289865842728,2.41645974487572
"DTXSID60702816",-1.89170794527147,2.9817386745126
"DTXSID00281170",-1.86672542277207,-2.38273774785994
"DTXSID60420644",-1.92953959549247,3.34728558323258
"DTXSID40378255",-1.90487585163672,0.491445768523586
"DTXSID00474580",-1.89492312510585,-0.296349228886659
"DTXSID40682945",-1.85251767201053,-0.140899034620537
"DTXSID90171091",-1.90981780899666,-5.69064332005965
"DTXSID30750485",-1.89135374691898,-5.3844053147652
"DTXSID80842187",-1.84912316789354,-2.36913597331223
"DTXSID70306566",-1.93317436477661,0.727644782485385
"DTXSID70685207",-1.90998345072045,3.010064064825
"DTXSID60231232",-1.90104321123715,-2.28592137598414
"DTXSID00727604",-1.92966434749186,0.930194766767936
"DTXSID00178576",-1.9207367768488,3.54561990043483
"DTXSID10479480",-1.85346080906029,-2.38163193160908
"DTXSID40684126",-1.91171203454606,-0.326442155386551
"DTXSID50323716",-1.92440139539192,1.12220314977076
"DTXSID60839898",-1.8715092879634,2.58769909701473
"DTXSID60354990",-1.93574818511898,1.7530247841125
"DTXSID40446807",-1.92862593961167,2.73548274191352
"DTXSID70562241",-1.87717212247093,-4.8309214706768
"DTXSID70201820",-1.8741870914741,3.2516109663391
"DTXSID60498601",-1.85169613061536,2.09086760398392
"DTXSID3060615",-1.87839924316978,1.82608704952833
"DTXSID20732871",-1.88769821529744,1.87495402719945
"DTXSID60874587",-1.8749208975743,-1.10574185217549
"DTXSID90803340",-1.91984799508043,-0.954828635046598
"DTXSID20840066",-1.85608793154209,-3.25106989435449
"DTXSID80753820",-1.85512850285478,-4.50701676290247
"DTXSID40207152",-1.85436295024174,5.01220677360338
"DTXSID80361606",-1.92151682606965,-0.37720317236861
"DTXSID70661364",-1.89066827391957,1.52502127572212
"DTXSID20723108",-1.85559525416217,-1.34174039238238
"DTXSID80602682",-1.85208779057994,0.889632163637679
"DTXSID70589731",-1.88048306315143,4.04848985107536
"DTXSID40802883",-1.91309410352561,2.61374474581764
"DTXSID70182882",-1.83834784751045,0.555558447724776
"DTXSID40617898",-1.88601766317739,-3.58575975965362
"DTXSID20859618",-1.88474974803152,-2.6953858153259
"DTXSID60528634",-1.90201289359935,-0.36709401613277
"DTXSID20612922",-1.86985292880752,2.30741285747201
"DTXSID40823917",-1.88367159408538,-0.394094920946878
"DTXSID00215298",-1.93687569898898,1.16209170877724
"DTXSID30387250",-1.88651695237374,0.280048568645524
"DTXSID70231783",-1.84752138464063,0.741065544394418
"DTXSID70491567",-1.92007185901516,-0.247001228926587
"DTXSID30278932",-1.90304925361749,-5.13806841726739
"DTXSID30642179",-1.9150344725439,2.11591886908727
"DTXSID10662254",-1.89381200822226,1.50471361409707
"DTXSID10379239",-1.84108139358705,2.03217715034137
"DTXSID50577717",-1.88250274435035,-0.536161852302667
"DTXSID50495508",-1.88118437248562,-1.72503684661445
"DTXSID50324167",-1.8985539143035,0.790091120029971
"DTXSID80152359",-1.92909126687568,1.99621022820818
"DTXSID90703255",-1.930350193786,0.503747139806226
"DTXSID50733553",-1.89403292679437,0.810705954000372
"DTXSID80505987",-1.86949340624151,-0.135173448019798
"DTXSID80171146",-1.92049141627624,0.251581464811488
"DTXSID30288076",-1.85382941555082,-1.20056087350189
"DTXSID40162237",-1.84959774555124,2.34927084774337
"DTXSID00690501",-1.88212866557587,5.09016655673325
"DTXSID20165867",-1.84682202348884,0.781027516362747
"DTXSID50518266",-1.8558392697079,2.29861941472792
"DTXSID10495226",-1.83876193039979,1.99983946906534
"DTXSID10796760",-1.93477188296282,-0.509704305257873
"DTXSID60401776",-1.8712877690918,3.16495671935942
"DTXSID00785542",-1.93656561955198,4.75253417572924
"DTXSID40528814",-1.93063958252959,2.13746212358301
"DTXSID10425841",-1.89946739564557,-1.26858747678318
"DTXSID40531843",-1.92311475612841,1.33167563123244
"DTXSID10681400",-1.85106868063093,3.71724305189801
"DTXSID10174569",-1.93364065498209,0.263179771194716
"DTXSID40178055",-1.91343355042469,-0.817460383331806
"DTXSID90350243",-1.83960152446653,2.3023050601994
"DTXSID90292533",-1.86772449405107,-0.984378709286341
"DTXSID90704782",-1.88432511733337,4.06677525200243
"DTXSID20587883",-1.9250266864897,0.543766322487004
"DTXSID40208245",-1.88476700466093,-2.36641871124925
"DTXSID70776109",-1.84821873321025,2.81446741485752
"DTXSID70514063",-1.91587599761042,3.64628895318285
"DTXSID40200865",-1.85551362688288,-7.41396234376559
"DTXSID00625378",-1.84029791741085,2.41976290177291
"DTXSID20465617",-1.86252712704584,3.95717900184791
"DTXSID80849075",-1.88297369302434,-0.382005281088125
"DTXSID50364124",-1.93340319340595,3.40489668447857
"DTXSID50317736",-1.902192378048,3.48880393816169
"DTXSID90282656",-1.92481879511562,4.73393847381127
"DTXSID40686120",-1.88007802707115,3.60110692644253
"DTXSID50395413",-1.89345853431812,-0.0517797341199738
"DTXSID80750238",-1.89945035612628,-2.49779553735669
"DTXSID10528205",-1.84197368594924,1.114620044711
"DTXSID3058036",-1.92354153936998,-0.427393541993046
"DTXSID30705617",-1.86422914839776,1.73169470540261
"DTXSID10722009",-1.86375229883612,-0.100275215804138
"DTXSID40279672",-1.87813373163616,-0.121646545319897
"DTXSID60365824",-1.86589391083959,-1.93610566434525
"DTXSID20200727",-1.86896621544746,-3.77050583214859
"DTXSID70554449",-1.88198501901401,-3.07509442649728
"DTXSID70177511",-1.84044196588536,2.63997858688
"DTXSID60667390",-1.88615902762209,-1.98735903788457
"DTXSID50548705",-1.90871903013047,-1.18012096017701
"DTXSID80838202",-1.93501250155442,1.69820303083592
"DTXSID50157412",-1.9164614017725,-0.748365098243342
"DTXSID10884030",-1.91203482154989,-2.57251243748595
"DTXSID00219630",-1.89400064841198,0.459938228362665
"DTXSID50579170",-1.89428735412053,1.2916816721946
"DTXSID00709167",-1.85586316389345,3.92991656603473
"DTXSID40171829",-1.88587581888821,-1.72184956812953
"DTXSID50286211",-1.87447772968771,3.91110913342924
"DTXSID7071781",-1.85651985943948,-4.91704730718631
"DTXSID20323187",-1.92269557068533,0.576715949591489
"DTXSID80636164",-1.86765256035538,-0.797111263117715
"DTXSID10188863",-1.93124226640784,0.170703269405175
"DTXSID20354315",-1.86950734996419,-4.97815382506448
"DTXSID5022300",-1.91687114917869,-2.55583157178282
"DTXSID30589550",-1.88069083352458,2.10680568504319
"DTXSID80831117",-1.8922765083371,-0.238635271799796
"DTXSID30293084",-1.92277201653099,2.93742734295183
"DTXSID70844978",-1.85779469496801,1.78814532490346
"DTXSID50200699",-1.91375689162424,-1.41143631366707
"DTXSID10284576",-1.92805443515664,0.224984490064989
"DTXSID60219631",-1.9138723995238,0.837731887511093
"DTXSID30160868",-1.85645170255258,-2.63993630873099
"DTXSID4022448",-1.91871411278034,-0.803270485158364
"DTXSID00791441",-1.91307445084534,-1.67735788724502
"DTXSID60395787",-1.882322589368,2.73237113133273
"DTXSID50618492",-1.87837984170931,4.77153207916514
"DTXSID00398116",-1.84013423736527,-1.81123964222565
"DTXSID40647817",-1.84226426810502,-2.56979446274317
"DTXSID00769084",-1.93655958755507,2.29092695438442
"DTXSID00304555",-1.93026943508979,-7.1339780373476
"DTXSID00434624",-1.86144392341277,-2.51452437544113
"DTXSID40427257",-1.90063823745714,0.888411719954745
"DTXSID50418934",-1.86353244750492,-0.466767976811006
"DTXSID70492115",-1.87797709670104,1.94848848342606
"DTXSID70537479",-1.87900637353431,1.16874785125742
"DTXSID80535264",-1.8779940126803,1.22141330517477
"DTXSID70322761",-1.92467646877975,-0.468976076537239
"DTXSID90462279",-1.89833586732049,0.197677608465527
"DTXSID30810614",-1.90162222619524,-2.69513167273039
"DTXSID50173511",-1.84840210165884,0.674613250370442
"DTXSID90645000",-1.8830961597309,1.67302346444421
"DTXSID50503652",-1.85516532604225,-1.09472713688577
"DTXSID60163029",-1.84864275693237,0.788856684817849
"DTXSID90186746",-1.89984118791022,1.70617483065069
"DTXSID20790219",-1.86121587087945,2.47881352007075
"DTXSID60439438",-1.83892491514592,4.68131453309743
"DTXSID00402146",-1.89095773091535,3.85713818836671
"DTXSID90689545",-1.89579186001784,5.23769549466476
"DTXSID90289504",-1.87097457465996,0.914592115428513
"DTXSID00158272",-1.89827206324566,-2.37125001061765
"DTXSID10364882",-1.85725501250893,4.78822799734476
"DTXSID40683952",-1.91946251572511,1.77448722069231
"DTXSID60395661",-1.8987482443277,-3.80949148002895
"DTXSID6048830",-1.93392290075064,2.15309102216212
"DTXSID70836611",-1.88656071342298,1.30297185772511
"DTXSID20519063",-1.91774982422985,1.06189249411579
"DTXSID90344384",-1.87412602158916,-1.45190997311848
"DTXSID00578193",-1.93561807821734,0.343120165175389
"DTXSID90443806",-1.90341639312089,-0.68848951762097
"DTXSID90601722",-1.89823485889552,-2.58738118754267
"DTXSID00431092",-1.88934831300188,-0.623825376855811
"DTXSID1040320",-1.8830136026301,2.75475098251697
"DTXSID30769279",-1.88392290498387,-3.86523331743998
"DTXSID40489279",-1.89402374532171,3.09434675115121
"DTXSID90559274",-1.8502720559684,-3.0571410658406
"DTXSID00351281",-1.87586501202192,-2.26257417524538
"DTXSID60804748",-1.91048238970852,4.61084810892236
"DTXSID50625085",-1.92723992321458,1.24293305468005
"DTXSID90577357",-1.89871514397968,-1.15510706882617
"DTXSID90223145",-1.90124592030527,-4.02447141712357
"DTXSID80450468",-1.92170436446145,-4.13063354696208
"DTXSID40498563",-1.89893834850356,2.93384670733653
"DTXSID20215417",-1.93337132518865,-3.54234541930336
"DTXSID30305252",-1.91138812500404,-6.38939476548771
"DTXSID70702069",-1.89088870994846,-0.471200065780174
"DTXSID20353545",-1.85178037881713,-2.40265796262002
"DTXSID80504975",-1.91562471962424,4.51149612423839
"DTXSID10573619",-1.90735955693497,-0.337415780844525
"DTXSID00358831",-1.90144367269939,0.675910495023975
"DTXSID40499398",-1.89853518853337,0.0322919613896284
"DTXSID40776474",-1.8567564904076,-1.70030226766922
"DTXSID40373644",-1.87364715449298,-1.62097934766507
"DTXSID90693965",-1.93324230241634,3.18104264645102
"DTXSID90173459",-1.85940333525494,1.4558522535365
"DTXSID50302309",-1.84902254281682,-1.07085010261033
"DTXSID10361316",-1.93627135710495,1.1833888016697
"DTXSID40582012",-1.85700750570202,-6.17293283324843
"DTXSID90739236",-1.92063950374835,0.0231366068518028
"DTXSID70690952",-1.88498030295255,4.73803752190723
"DTXSID60602423",-1.89999251971864,0.538737679818964
"DTXSID80483892",-1.86398012964784,5.0787564413412
"DTXSID30689266",-1.91431028760883,3.85027074254155
"DTXSID20709563",-1.90729372133628,0.0100797948901911
"DTXSID70308161",-1.87710836359738,-0.0293825262837127
"DTXSID60742010",-1.87943456627273,-4.82551473748801
"DTXSID70343653",-1.93445084305493,-0.0165509580651436
"DTXSID40161129",-1.90052177635099,3.73772072011157
"DTXSID50586248",-1.84103281655525,0.592244990280029
"DTXSID70812879",-1.932157407811,3.77596917314247
"DTXSID70299888",-1.90626873514405,0.887214102695544
"DTXSID80500770",-1.86707189752846,-0.700628278482936
"DTXSID30225188",-1.91782736551518,-0.734538870878136
"DTXSID00401376",-1.86554855173355,-2.52852437587557
"DTXSID20685212",-1.88425292610998,3.39725716947922
"DTXSID20202403",-1.90995057555871,-1.94539748814429
"DTXSID70691868",-1.91527776663687,5.77607972628448
"DTXSID40443018",-1.86977098610437,1.96211430780824
"DTXSID50575091",-1.84745696298147,4.07225610311027
"DTXSID10739576",-1.85542747627257,1.8561605830768
"DTXSID10821400",-1.86835494031748,-1.1751342629352
"DTXSID40700714",-1.89019972409752,-3.18282993409124
"DTXSID60753808",-1.91499898701321,3.81840106051538
"DTXSID00448903",-1.93198554117458,-3.17371681901159
"DTXSID10518005",-1.93774851345768,2.11781671127495
"DTXSID60720757",-1.93446616690671,-1.07067702005613
"DTXSID30892894",-1.88656311481832,3.99684847413265
"DTXSID70213201",-1.89798799175695,1.19084263823208
"DTXSID00637613",-1.909952785931,1.07425751846529
"DTXSID30349959",-1.91303614424545,1.23825409533631
"DTXSID70356324",-1.89959767781031,4.13896989391439
"DTXSID90212110",-1.87948658977456,2.60169017777328
"DTXSID80644163",-1.93278459112356,-2.27287461167422
"DTXSID20689452",-1.88943950740609,3.1545239726847
"DTXSID60200089",-1.90899114224792,1.11324649922408
"DTXSID50571573",-1.87082254351431,-0.969381473995489
"DTXSID60225535",-1.86413430738458,2.24635902362292
"DTXSID30777016",-1.89648349037,1.41252066888135
"DTXSID50189298",-1.9309549689526,2.16015067709622
"DTXSID40150659",-1.87034279616335,4.64057496285273
"DTXSID80244167",-1.84720544964498,-1.00223865329489
"DTXSID70300983",-1.93795679272259,1.54762586554686
"DTXSID90546063",-1.92875693424416,-6.1978457974004
"DTXSID20822281",-1.86167352416271,1.33581590460539
"DTXSID80323466",-1.86020436942164,0.517599032193744
"DTXSID80275658",-1.86899419942178,-2.15067310437201
"DTXSID10568247",-1.91311493871672,0.297665073481987
"DTXSID80896822",-1.89912899972623,-4.24107311434596
"DTXSID50482357",-1.85150804720085,0.0139736055871369
"DTXSID20367026",-1.93406414804029,2.42359056249199
"DTXSID60645936",-1.88853450879666,0.529800847593399
"DTXSID50507074",-1.91586187965158,0.548435000513952
"DTXSID80386995",-1.92362644794368,0.835042169973192
"DTXSID50550585",-1.9253152571304,-1.07290819541536
"DTXSID30672532",-1.85846576489863,1.21253430992674
"DTXSID80324039",-1.92813767189949,2.56085900337105
"DTXSID30686518",-1.8619599289783,3.56125598239444
"DTXSID20390576",-1.8531971557858,0.783338377538029
"DTXSID10644176",-1.92295429938984,-0.20368735703802
"DTXSID10683186",-1.93823385307502,3.19764439762507
"DTXSID60604245",-1.89585992345058,-2.72625468995843
"DTXSID80551020",-1.8870808458781,-0.00920358326763852
"DTXSID50208913",-1.85133183188008,1.31876397112335
"DTXSID50229547",-1.87308623096913,1.66157071937227
"DTXSID40233673",-1.88961088024495,0.24635835778642
"DTXSID50370689",-1.91652472876919,-1.5435393105394
"DTXSID80422867",-1.86932517217261,-0.381365093200426
"DTXSID20422503",-1.89613541277149,4.47921594916861
"DTXSID50683882",-1.88090201981556,2.11320678868713
"DTXSID30556601",-1.8429407567078,0.635693078961341
"DTXSID40644482",-1.90426736064481,1.54970913315672
"DTXSID70735312",-1.90265663208388,-2.54715750556008
"DTXSID80692583",-1.89644308647889,1.81759151684311
"DTXSID40769826",-1.88317665949064,-3.9470152259179
"DTXSID30512646",-1.85864111183629,-2.55503894413337
"DTXSID40469450",-1.92038248116991,1.07796659188085
"DTXSID40806967",-1.92787981475881,-3.81487118923191
"DTXSID60835895",-1.93299886612093,0.976010180852231
"DTXSID00700553",-1.86690640184627,0.00919057257318834
"DTXSID60838720",-1.90220168648695,-7.02703450856172
"DTXSID20400361",-1.8519950531069,1.3837146765061
"DTXSID00788437",-1.91657906101502,-0.725490906298898
"DTXSID30590808",-1.90284583088682,-1.01979708839891
"DTXSID20509727",-1.84082787701275,0.947124185700796
"DTXSID10334505",-1.92944523452656,-3.39512138610958
"DTXSID00621754",-1.87852095286849,1.58989407020328
"DTXSID50212111",-1.84170902324347,2.42977756357127
"DTXSID80431212",-1.89777928061151,-2.16750233466142
"DTXSID10813865",-1.89251303453907,-9.11894679193443
"DTXSID40569661",-1.8457980711289,1.55210936710877
"DTXSID60194994",-1.87415659274469,1.4254969519781
"DTXSID60795884",-1.87750449440693,-1.75673122413417
"DTXSID90730844",-1.84925273166886,-0.505915936784183
"DTXSID30688138",-1.84191693637373,4.84570786410466
"DTXSID40654849",-1.840542480609,0.0363533033192993
"DTXSID80621318",-1.91688765892534,-3.567939414589
"DTXSID60309723",-1.90453022350829,2.42686139214752
"DTXSID70365138",-1.87777937628229,3.30716568678492
"DTXSID60340257",-1.91162328542306,2.84187319870075
"DTXSID20689270",-1.91454062948885,4.53914063698162
"DTXSID50783331",-1.86854533371233,1.1102214516994
"DTXSID50367317",-1.84070055881992,0.752664743848362
"DTXSID30225668",-1.87918345690692,4.12696031440537
"DTXSID90589773",-1.84003632082805,1.61981445601756
"DTXSID80668440",-1.93121569640531,3.83865989757022
"DTXSID90478698",-1.88772794763204,-2.02072912819262
"DTXSID30345774",-1.88702717834811,-0.0768401891783136
"DTXSID00383103",-1.87816048447179,0.492315333142648
"DTXSID40770533",-1.9262547746261,0.455976700059342
"DTXSID50806498",-1.89863964354067,-1.53859413071479
"DTXSID00177827",-1.92324389479483,4.08006684445551
"DTXSID40646284",-1.84788069808582,4.21437727176393
"DTXSID60795369",-1.86512519352011,-0.608408135747508
"DTXSID30787716",-1.86678092059438,4.0245026920147
"DTXSID80152031",-1.87417720075476,-5.43367349107529
"DTXSID80808248",-1.92033741497055,-4.62232744499674
"DTXSID80429114",-1.90312358052078,-3.05349903765248
"DTXSID30683587",-1.87274046935628,2.47226005252669
"DTXSID40878220",-1.84280061062972,-1.78561797544408
"DTXSID30399373",-1.83948887497106,0.634746535906718
"DTXSID60525401",-1.91986502857057,2.33238871257727
"DTXSID20852568",-1.92624447929191,3.14205510392204
"DTXSID90823563",-1.84710311312454,1.11112308444451
"DTXSID20319949",-1.92045996318288,-3.04821627129327
"DTXSID50688276",-1.86765417669422,5.16185704141909
"DTXSID90445103",-1.87649859254396,-4.25799091299788
"DTXSID90628454",-1.87120269309295,-1.68704785207253
"DTXSID00388991",-1.90963783652608,-2.51784823451256
"DTXSID70526540",-1.91573103687172,-2.41128204093362
"DTXSID70212012",-1.91343458642668,-0.89136598305735
"DTXSID80282584",-1.89107100272236,0.319138038739927
"DTXSID70533830",-1.89318858893918,-1.30550022692577
"DTXSID50170989",-1.92701155677099,1.61145060838678
"DTXSID10326102",-1.86935364863025,1.92078895823795
"DTXSID60846683",-1.85176217235347,-4.43209115809746
"DTXSID90694316",-1.9019811561084,0.0628123401171794
"DTXSID90490411",-1.89107875394339,-1.32440953771424
"DTXSID30690978",-1.8708001288793,2.76333044703309
"DTXSID90602037",-1.90564931113306,-1.16608431918484
"DTXSID60281136",-1.88017180772716,5.19550851050385
"DTXSID90683841",-1.90092105259402,0.845220581459188
"DTXSID70587611",-1.86904300130163,2.81526453748413
"DTXSID30745013",-1.91667404677041,2.54523274815455
"DTXSID50787410",-1.84148269368069,-1.76209521924192
"DTXSID80670907",-1.85116583162837,-0.289053810952291
"DTXSID00176799",-1.872561909093,-3.23165680716053
"DTXSID20433230",-1.92710895821166,2.48349427115051
"DTXSID00606920",-1.88661785410394,-0.15673273555271
"DTXSID40446226",-1.88178876397328,-2.25224590444308
"DTXSID60312434",-1.92242127878353,2.19271588806207
"DTXSID60357163",-1.91072900319975,0.92313842836087
"DTXSID00834685",-1.86895007420584,-7.09678444847109
"DTXSID8058825",-1.89214230447001,2.28423156720421
"DTXSID00546711",-1.85908870146371,-6.52725837294462
"DTXSID70495500",-1.92712003872701,1.3458567047057
"DTXSID50850097",-1.86743320537471,-1.65012358012166
"DTXSID30224116",-1.92625393977141,2.26118138753739
"DTXSID10331817",-1.8620333578825,-1.07577174347317
"DTXSID6070356",-1.86435874098232,-1.99466416566778
"DTXSID40204207",-1.91022628197148,2.32269848647231
"DTXSID30684998",-1.90057235762573,3.49469914200947
"DTXSID6022395",-1.93771986571786,-1.00894626740919
"DTXSID90564449",-1.89761658779722,-4.7014519884767
"DTXSID00598952",-1.92708922337989,-0.0952887329159849
"DTXSID80675790",-1.90333871029925,3.47948432371617
"DTXSID50319997",-1.89960698716689,0.541730102806259
"DTXSID30662791",-1.90340859549731,4.54487435919743
"DTXSID40324898",-1.92821295610185,1.81992539986005
"DTXSID00496727",-1.91722224439317,3.77963394919059
"DTXSID90440572",-1.93701315948226,-0.858534533944976
"DTXSID40448588",-1.91620673470862,-3.49595182288011
"DTXSID40670680",-1.87214324102152,0.861214762110699
"DTXSID60590573",-1.85390476603391,-1.18215865648587
"DTXSID80451854",-1.93768709268827,3.83702289904033
"DTXSID90832019",-1.87283643067656,-2.06219486703142
"DTXSID70489944",-1.88900478608587,1.40863197452091
"DTXSID80375985",-1.86131986521616,2.39953509068299
"DTXSID50274370",-1.91685434147879,4.38555994998255
"DTXSID30289503",-1.92539074731327,-1.34689525346992
"DTXSID90603620",-1.92881225851675,2.99142788927235
"DTXSID70503235",-1.84562257818491,-0.261656851799932
"DTXSID90848711",-1.90399639834706,3.5136583863488
"DTXSID80180899",-1.86184187685837,2.5701148819622
"DTXSID00290621",-1.91410349780076,0.16993972660867
"DTXSID00616605",-1.8449974243328,-1.4015397362104
"DTXSID20702377",-1.93212840318846,1.08193374484712
"DTXSID00372890",-1.87517003730891,-2.0574117076507
"DTXSID80496189",-1.85338154703794,0.228686708472477
"DTXSID90684116",-1.90775517359497,2.03102909068127
"DTXSID60143528",-1.8552343561646,-1.27364123950221
"DTXSID10282799",-1.87838288086114,-6.43533676652983
"DTXSID60808463",-1.93071407030592,-1.82691349458704
"DTXSID70288373",-1.86984055350264,1.5998119063418
"DTXSID80376912",-1.91923031540981,3.29247827512442
"DTXSID80376917",-1.84303960003071,3.22084821575416
"DTXSID80891852",-1.9011698715688,0.813598071675241
"DTXSID60657913",-1.88738554237294,0.957787262557885
"DTXSID40393882",-1.85787143294444,1.90423744837142
"DTXSID20465536",-1.89076343342499,1.50318624737176
"DTXSID20809956",-1.84578663805747,-1.46423343356649
"DTXSID60539280",-1.9082563987836,4.78720132411006
"DTXSID60641731",-1.88254825573643,1.30967735107638
"DTXSID60712096",-1.937816237592,1.98167104754041
"DTXSID90844571",-1.88493028831159,-1.3182564979821
"DTXSID60581320",-1.85025213070084,2.27779792677133
"DTXSID80792416",-1.92999939825909,-0.418659999289465
"DTXSID20292788",-1.91182016667959,1.53042930739017
"DTXSID90329257",-1.93702864940455,-3.95510929429431
"DTXSID20891457",-1.85090148097705,0.824756542934342
"DTXSID40232045",-1.92456013834965,-1.33080025223663
"DTXSID80609212",-1.8775870529695,-3.43634638588885
"DTXSID50532462",-1.91969491252493,-2.60540775650726
"DTXSID20562231",-1.84912199689304,2.56074320614999
"DTXSID90283249",-1.84482528462996,0.389895801652525
"DTXSID50302607",-1.92850386142061,3.15465222575538
"DTXSID60614061",-1.90514524298589,-0.720348587858061
"DTXSID10752846",-1.90415530256301,-6.53955044293325
"DTXSID90434875",-1.84756779341259,3.81939262973101
"DTXSID10420275",-1.86275249637001,3.15486247787861
"DTXSID10599652",-1.92619154586522,-3.1813859546613
"DTXSID80383782",-1.84468966497442,3.68570085521574
"DTXSID70719834",-1.86838353066275,1.69704227704718
"DTXSID00443413",-1.86478287258696,-3.7886904687146
"DTXSID40824626",-1.86127066792777,0.875710010804236
"DTXSID40310433",-1.84181700045581,0.573485391169559
"DTXSID70495363",-1.88441496382667,2.82892673065873
"DTXSID20454086",-1.88593755688622,-10.4736958867417
"DTXSID90323876",-1.90131200522907,2.47350593036948
"DTXSID80463295",-1.85039094763077,2.33946354616929
"DTXSID80692664",-1.85731615444228,3.65687906236172
"DTXSID10427007",-1.8550417363111,0.747827134601624
"DTXSID80846685",-1.86739809161356,-4.64871067179529
"DTXSID00685992",-1.92962535431397,2.43057686850327
"DTXSID00890327",-1.84770807256549,0.209070092997539
"DTXSID60605111",-1.93699307843526,-0.166157640110601
"DTXSID50532326",-1.8907491763163,4.67920312389738
"DTXSID9052428",-1.90051652717676,-3.47242581079802
"DTXSID20409319",-1.93096685303211,-1.40994110240836
"DTXSID30557799",-1.90644467164524,1.24580682808772
"DTXSID90538286",-1.88275191914356,-1.55266420337547
"DTXSID90302500",-1.84145859566647,3.62774914425066
"DTXSID20512670",-1.88464184725829,4.61945799587167
"DTXSID70804931",-1.88610634007653,0.213456993044396
"DTXSID60708570",-1.93436308033271,2.55663017077432
"DTXSID30510829",-1.8943795819535,-0.781367316720204
"DTXSID00556794",-1.91410001031181,-0.267981108626186
"DTXSID10546308",-1.89658774037237,-2.04948471126924
"DTXSID00521386",-1.88514184702548,0.761282066132356
"DTXSID50625904",-1.87372242191579,3.35518635040845
"DTXSID90444479",-1.87255127150236,0.704835730026211
"DTXSID10599399",-1.86433491022758,2.65747760449058
"DTXSID80473915",-1.847153796248,2.09619179382176
"DTXSID40313989",-1.87637293767022,1.28691421887606
"DTXSID80222021",-1.91645531189758,-0.271865927481293
"DTXSID50425406",-1.85328883499831,1.39575457688445
"DTXSID60289435",-1.85251670978797,1.9032254212675
"DTXSID20391629",-1.88658626406006,3.78741622552481
"DTXSID80495571",-1.93462465940172,-0.234432886447967
"DTXSID90535275",-1.92735315510154,0.622430162855988
"DTXSID50294290",-1.86879492014928,1.49802006828692
"DTXSID20493096",-1.93554463017298,2.68691584435097
"DTXSID10192546",-1.9105546511707,-2.5137039978322
"DTXSID60601517",-1.84814308890985,-1.45384235598847
"DTXSID20373667",-1.90331838391192,0.992081255597199
"DTXSID20850842",-1.92553811035758,-1.73523639059954
"DTXSID50675964",-1.85108280584785,1.95585773236282
"DTXSID80586473",-1.84543393144954,3.86001148080079
"DTXSID50557630",-1.87326291181459,2.41784359472583
"DTXSID30811641",-1.8470528265645,2.25121010982389
"DTXSID00695672",-1.93069181858553,-2.49168838172858
"DTXSID40732277",-1.93204917994863,2.21797312669456
"DTXSID20220541",-1.85101741991735,-3.2542770625626
"DTXSID80656685",-1.91972946147676,4.75629854419447
"DTXSID70641500",-1.93170199004764,1.91674876728935
"DTXSID30874514",-1.92804617865955,2.35506334011454
"DTXSID60308478",-1.89873538157524,3.8038974850622
"DTXSID20188152",-1.87145830736793,2.92951379387595
"DTXSID20172778",-1.91436186498402,-4.53796221383854
"DTXSID30358243",-1.83966575817649,0.421347158409497
"DTXSID50620272",-1.8917216205463,2.00753643539285
"DTXSID10875069",-1.9251924240484,-0.843002932329002
"DTXSID70589438",-1.86814452923386,-3.11530814971791
"DTXSID30423829",-1.87500040983757,-3.41915507460196
"DTXSID30304189",-1.87883506005206,3.18039331960596
"DTXSID20673452",-1.89894822161193,1.91054871343133
"DTXSID60223319",-1.85387007879603,-0.507108111118886
"DTXSID40792694",-1.92304020981197,-0.512641674572949
"DTXSID20738696",-1.87222115449435,-2.90876296481647
"DTXSID30636452",-1.87611798280049,0.242851925895778
"DTXSID90673404",-1.91750561444572,5.07147091886002
"DTXSID80743089",-1.93614527290105,-3.17760630375235
"DTXSID60337824",-1.91937777248498,1.1610879321321
"DTXSID00633352",-1.85767642332862,1.41004262959839
"DTXSID00552438",-1.90762550618255,-0.102833174510638
"DTXSID60784834",-1.90788647522862,-2.24769179069095
"DTXSID60607695",-1.91909926910252,-4.85160375940699
"DTXSID00680422",-1.85668293297108,4.15759807542417
"DTXSID00152492",-1.86049525768209,1.050068110045
"DTXSID00692484",-1.87788085862017,2.0691001516214
"DTXSID10838871",-1.86453666564566,2.76398790462071
"DTXSID30181937",-1.89716401049219,-0.114938116724103
"DTXSID60744812",-1.84252010741686,-2.78107454990872
"DTXSID30788925",-1.91403633749473,-1.16501509683812
"DTXSID30794945",-1.92880260104281,0.183419619501602
"DTXSID70789118",-1.84760962212587,3.49566351246818
"DTXSID30477206",-1.83981183672855,0.434260870371534
"DTXSID80346357",-1.8711284647249,1.24318592490687
"DTXSID00320391",-1.85473179862384,1.36214448824622
"DTXSID90390341",-1.92593892702099,0.556487756533227
"DTXSID10309051",-1.90024072942363,-0.120533670483741
"DTXSID70282679",-1.90568281636557,1.21892105591055
"DTXSID00324551",-1.87329559880022,0.845608578554834
"DTXSID80202686",-1.84366054980568,2.67708935824482
"DTXSID60588475",-1.87085608500186,2.74177044274096
"DTXSID70854092",-1.87580477118703,0.597274414730119
"DTXSID00688589",-1.90799363893695,2.68765096003297
"DTXSID40675993",-1.88586672142963,0.83038001525968
"DTXSID60347963",-1.84864771922196,2.66871563326207
"DTXSID60632700",-1.85448702667299,4.15033683480251
"DTXSID30228614",-1.9232341177853,3.34937440591714
"DTXSID80328118",-1.87040477139535,0.503261417900057
"DTXSID80289755",-1.90719198857004,-1.42814279358446
"DTXSID90502821",-1.859392077884,-5.44111689296169
"DTXSID20220142",-1.9006340918698,-0.147795773766241
"DTXSID50690677",-1.88935434339789,2.88628710671754
"DTXSID30681407",-1.86458518927306,2.67101653912192
"DTXSID00609037",-1.92174927661965,1.13403287910692
"DTXSID20728552",-1.85136024135884,-0.633519585975278
"DTXSID7058121",-1.87242699689262,0.58818574167193
"DTXSID20688703",-1.93770958622596,2.20248125006556
"DTXSID30615207",-1.87805039552287,4.22827096630261
"DTXSID40146017",-1.89589529787163,4.84704273487423
"DTXSID20373046",-1.8524076989424,0.574359704407689
"DTXSID10748744",-1.91205676268814,-1.44723108447056
"DTXSID80671353",-1.85652522972163,-1.39032814424388
"DTXSID70642350",-1.89128861391478,1.39412514890271
"DTXSID10853221",-1.84031712741719,-2.95197091491013
"DTXSID00610249",-1.88327561821337,-0.344990103505462
"DTXSID30204817",-1.92753879934012,-1.66079106924234
"DTXSID90507730",-1.8405061074085,2.19659604550946
"DTXSID60629892",-1.91729518603421,1.75873917155305
"DTXSID90771994",-1.87991879388447,-1.71338981505893
"DTXSID70346048",-1.92563030460088,3.77011286499814
"DTXSID30366267",-1.8781381785194,0.888715033792242
"DTXSID60436942",-1.90304893685323,-1.57612580795898
"DTXSID90667585",-1.85303659200487,-0.462769726163905
"DTXSID60225651",-1.84225464917355,2.0361238963907
"DTXSID30308980",-1.9302691622045,2.8050546481779
"DTXSID30444478",-1.8661652803573,0.107043675559672
"DTXSID40320916",-1.86476385900033,3.96901399782109
"DTXSID80488882",-1.87223567631574,-0.493904147452189
"DTXSID40398332",-1.92435724429389,1.75512491789522
"DTXSID60649378",-1.92606146425891,5.06321677609214
"DTXSID30389315",-1.92494065265918,3.29136913531355
"DTXSID80289199",-1.93003287228356,-1.46465071336552
"DTXSID70316120",-1.8740206232994,-4.94697299388393
"DTXSID30333055",-1.92538781317752,2.13445211640047
"DTXSID00495038",-1.91118320102135,1.61205352354668
"DTXSID40743929",-1.8716949487045,3.4474629312226
"DTXSID7023067",-1.91407768363175,0.171885429520951
"DTXSID40610965",-1.93017944383899,0.282417164189143
"DTXSID90690156",-1.8668438064634,3.13580444536115
"DTXSID60551260",-1.8537039969041,-0.356277326834412
"DTXSID30737655",-1.91792577531164,1.86519069376432
"DTXSID40576633",-1.90680142842735,-3.46670187052584
"DTXSID40691259",-1.92299072228697,3.36135548797371
"DTXSID40356831",-1.86205717037931,-4.44376127099084
"DTXSID20802785",-1.838688529057,0.988021947735346
"DTXSID70659589",-1.85191001587285,1.85633063900537
"DTXSID40328371",-1.88798604562058,-0.374845142726908
"DTXSID70874412",-1.92994134024971,2.82510442637426
"DTXSID90766163",-1.87480725566348,1.55486460912006
"DTXSID30498294",-1.89729396425241,3.06822203290267
"DTXSID80553286",-1.87017411139535,-5.41049059483468
"DTXSID50404756",-1.89775068007906,0.477406996478589
"DTXSID80342894",-1.91364117536008,0.182413721607233
"DTXSID80692482",-1.89962324873967,3.95614023687554
"DTXSID20237816",-1.89385677115394,1.84255774958271
"DTXSID70560267",-1.89384887598307,-0.601588817380213
"DTXSID50513231",-1.90745421592533,-3.24712361524809
"DTXSID50692530",-1.9215749120105,0.959793372224121
"DTXSID70518900",-1.89037764959198,-5.68027058884704
"DTXSID50392982",-1.87145680157963,-3.72576591110162
"DTXSID90295741",-1.9033448380267,1.31155362093756
"DTXSID40226585",-1.8604543661966,0.824733790328898
"DTXSID40606065",-1.8526335464713,3.96272646640479
"DTXSID00391602",-1.92581446295587,-1.04292567620636
"DTXSID00319407",-1.87994515931264,-2.96498424709458
"DTXSID10144848",-1.88598730159954,-0.00353405661224125
"DTXSID40613431",-1.86673048813598,-6.6184332733807
"DTXSID60171008",-1.93765286218655,1.49600002554672
"DTXSID50561777",-1.86554286387014,2.82681560587996
"DTXSID20304153",-1.87330667043804,0.619393203240622
"DTXSID20492468",-1.91051526793971,5.23095007295354
"DTXSID70788969",-1.900313263948,1.60216708563838
"DTXSID70578342",-1.93682811276026,-1.33686821148255
"DTXSID40436703",-1.85609938813228,3.66890173907248
"DTXSID10152049",-1.93630843886457,3.51282710204702
"DTXSID40487058",-1.92140872025856,-1.48813558767931
"DTXSID10291346",-1.9049516049649,2.01559895892714
"DTXSID50171810",-1.91358351418686,1.26103951647759
"DTXSID20747687",-1.93232185736592,1.56297115720982
"DTXSID10863067",-1.91455727567244,0.324190997884302
"DTXSID60535969",-1.89643569676666,1.46022972682944
"DTXSID10803600",-1.88089045309253,-7.50087343165871
"DTXSID70292950",-1.87423860534777,-1.04409230693563
"DTXSID60390530",-1.84677671270954,0.819099695469948
"DTXSID80439834",-1.86146217373831,3.03866925163858
"DTXSID20552677",-1.84245088812722,-5.1657233888031
"DTXSID00512815",-1.9348599782019,3.3437193742191
"DTXSID00241633",-1.90622918928556,0.294639037246402
"DTXSID30529638",-1.84791362848394,-1.45227842372289
"DTXSID90464879",-1.92928054860704,-2.09927697180596
"DTXSID00594595",-1.91127131567043,-1.12807780022625
"DTXSID30775138",-1.85001862955972,-5.99501949169151
"DTXSID10345414",-1.85973803838958,-5.62390080144947
"DTXSID80774257",-1.90863643080047,0.290788536061546
"DTXSID10442816",-1.87235270382015,-2.09324149679898
"DTXSID50711811",-1.85274115500784,-0.934344403792577
"DTXSID90302025",-1.88842537089633,1.32945696874026
"DTXSID30148964",-1.8564444752376,-1.8624050411087
"DTXSID80742431",-1.93731825771356,0.81183823320827
"DTXSID20519184",-1.93467459833111,-0.429757033040113
"DTXSID40431253",-1.90295935417588,3.52246602860776
"DTXSID10791396",-1.91624349907188,1.77304534282002
"DTXSID90685305",-1.85710341252538,3.07114590988808
"DTXSID80723068",-1.93691045027051,-1.85396647565108
"DTXSID20751527",-1.87365553331908,-0.740667272390565
"DTXSID30290497",-1.86561646898459,-0.186698928799224
"DTXSID30685829",-1.88282119653241,0.164051687155351
"DTXSID20346876",-1.85297831833145,-3.13490068624859
"DTXSID20642087",-1.88276916921543,-0.225286139235334
"DTXSID00690844",-1.91591724102183,2.13390966814567
"DTXSID40764634",-1.87469443354789,-3.4703758144216
"DTXSID70487748",-1.90757489759531,1.64530868930355
"DTXSID80236486",-1.89903698480986,-1.55824273182163
"DTXSID10774068",-1.86232632468987,-1.95876129123263
"DTXSID40154213",-1.91548937883464,-1.80606721767465
"DTXSID00672640",-1.84688422029765,1.73455276003575
"DTXSID80621898",-1.86224952429489,2.89019315401068
"DTXSID40506612",-1.84135067637393,2.30443219012417
"DTXSID20169724",-1.89491841407299,2.20281907142246
"DTXSID20528630",-1.91767506058121,-3.13511531092654
"DTXSID80525786",-1.92145191447694,-1.72475819904859
"DTXSID20824987",-1.84352687525637,-2.48449147638156
"DTXSID80673155",-1.87138372831548,4.62991767635144
"DTXSID10848314",-1.84248673650732,1.30904991791829
"DTXSID70557854",-1.85107583730153,0.0930255284031678
"DTXSID50833764",-1.87620517058339,-0.297731529740252
"DTXSID6036831",-1.91572032310896,0.320381692134383
"DTXSID00469310",-1.84399278158762,-5.26844628492058
"DTXSID20628982",-1.87398048819422,0.352493324648183
"DTXSID60691711",-1.91721678089736,4.58371903070428
"DTXSID70348800",-1.88185880459668,0.89395214238929
"DTXSID50625146",-1.87814164804085,3.34864668477991
"DTXSID50671406",-1.9334979987328,-2.25223317899902
"DTXSID6068644",-1.86456903672356,-6.30702312950701
"DTXSID00621239",-1.91203658363929,2.67785000113549
"DTXSID00703625",-1.93444683130068,1.75315578729883
"DTXSID80675477",-1.92257747858352,-1.12216307944409
"DTXSID00789181",-1.84690763301933,2.87989554469606
"DTXSID50716644",-1.89114543636503,0.532809586266845
"DTXSID80174995",-1.88433335657503,-2.14260765185131
"DTXSID30235202",-1.88600798094826,1.05621336547428
"DTXSID70556605",-1.91258489481628,-0.0374506238754976
"DTXSID20323021",-1.85709605111967,-0.596126357140726
"DTXSID40533988",-1.89230815424597,1.23494498694502
"DTXSID50187658",-1.89154282039349,3.46867511363886
"DTXSID30377151",-1.88113116007383,0.0325193930616889
"DTXSID40653610",-1.85148661794851,-0.995824119808427
"DTXSID30721756",-1.85985456311562,2.46467754099049
"DTXSID80685273",-1.89006615083148,3.11209897636784
"DTXSID20840642",-1.84273827119228,-2.51681349326217
"DTXSID20227939",-1.91047028216464,2.75761131798862
"DTXSID00694908",-1.85714054436924,-2.54799421361398
"DTXSID10663221",-1.86536846763966,1.7419735978492
"DTXSID50319952",-1.89062647492224,0.679529226085464
"DTXSID60690825",-1.90761695616351,0.355994699597977
"DTXSID80755344",-1.85881307806216,-7.48516796692061
"DTXSID50684314",-1.93011513938674,2.26169333917433
"DTXSID50213406",-1.91669380081884,0.84183131309903
"DTXSID00677892",-1.83853955506351,6.51001201515188
"DTXSID70879503",-1.8592564331529,3.12651714410238
"DTXSID90432038",-1.91214757758793,2.87366335933497
"DTXSID00332454",-1.8629388036123,-0.589215075563965
"DTXSID40689459",-1.84041256484535,5.27291969779171
"DTXSID50385753",-1.92237426782751,0.862908010477922
"DTXSID70175057",-1.93276540379313,-0.615863355139522
"DTXSID30769815",-1.9053105271938,1.27175689619166
"DTXSID80735186",-1.91613424742889,4.06457453932443
"DTXSID10502186",-1.9214588066806,-0.864755312449765
"DTXSID20334137",-1.88266443362612,-2.51121658219337
"DTXSID20213256",-1.87671169909181,-3.27764367108616
"DTXSID30736486",-1.91520865778945,1.54045804618889
"DTXSID50525814",-1.86959931573945,2.35598924846255
"DTXSID50525819",-1.85917793437493,4.44943932446879
"DTXSID90838697",-1.92696396478117,4.48858896465997
"DTXSID00799427",-1.84199803859179,-0.880254636881042
"DTXSID90605366",-1.86728783907861,2.39837992308761
"DTXSID40432841",-1.85862604095277,3.95411103374435
"DTXSID40429019",-1.8480639275353,0.19095923544533
"DTXSID50640278",-1.87585604836717,1.93157305747215
"DTXSID20687155",-1.90050733263664,4.20660966860871
"DTXSID20212002",-1.86642394235627,-0.0735442859196724
"DTXSID60416320",-1.93825775847001,3.6412309142481
"DTXSID60319463",-1.90655752463917,5.17200834384876
"DTXSID00515407",-1.93391860504828,-0.494011424235026
"DTXSID10592305",-1.92630312480385,-1.80759845570537
"DTXSID50545815",-1.8812739875065,1.80128301858568
"DTXSID90708028",-1.85951462170706,1.06449864852482
"DTXSID80845158",-1.88418093173545,-1.00034731990628
"DTXSID20718559",-1.85807674151102,1.92026892132026
"DTXSID00367524",-1.93126661756435,3.09758766494851
"DTXSID70730125",-1.88663534975206,-0.582804218966439
"DTXSID90880550",-1.84609858618322,-2.94645301302931
"DTXSID40683139",-1.85754096845649,5.47057873356343
"DTXSID30647028",-1.84756188645004,3.80965259669568
"DTXSID70290395",-1.90962351688524,-1.91453239272294
"DTXSID70854254",-1.89060464495397,-2.14702232183712
"DTXSID70652611",-1.89231433016545,-3.05398413980846
"DTXSID10686874",-1.89671918388019,3.80678916319561
"DTXSID70373910",-1.90387541222005,0.00873114006104366
"DTXSID80226988",-1.92796383554851,0.132837241139205
"DTXSID40752339",-1.85318435240418,1.07221049030625
"DTXSID50148325",-1.84863143362013,2.24645798282802
"DTXSID70644354",-1.87525619264141,-2.4537100254478
"DTXSID90417628",-1.85096692021117,1.23568005636219
"DTXSID70847500",-1.90829748598674,0.361884931008822
"DTXSID30809124",-1.85679204640774,-6.5820895588503
"DTXSID00431830",-1.8519500398529,0.349498080329778
"DTXSID20292687",-1.87356768182353,3.62568197676732
"DTXSID20346311",-1.86447404349995,-2.92699922349503
"DTXSID00560795",-1.85687960834552,-3.21810490850927
"DTXSID20201956",-1.89494944067592,1.52678127716956
"DTXSID50578789",-1.91559963092772,2.18669153784229
"DTXSID70830952",-1.88076313919796,-1.62305282262723
"DTXSID60783746",-1.92066439341903,1.13007233613058
"DTXSID50612854",-1.92396489240947,1.45187294944988
"DTXSID60153228",-1.84812019395281,-2.32941144781315
"DTXSID60654467",-1.89579978064887,0.599354818702506
"DTXSID70462070",-1.84108924163814,-1.18066980344822
"DTXSID20445217",-1.88301710845579,-4.72896712656451
"DTXSID60691493",-1.90778616381196,3.22335147508108
"DTXSID60628401",-1.85379354779297,2.16234449999929
"DTXSID30685182",-1.84179687019952,2.04348981990121
"DTXSID90568826",-1.89908903682137,-2.83612419398848
"DTXSID60540275",-1.89492024022439,4.52834515362494
"DTXSID20608461",-1.88153346003701,1.91238877261675
"DTXSID00662420",-1.85220062028928,-0.408840003894176
"DTXSID10656118",-1.84368950391679,4.67403633365082
"DTXSID60181682",-1.92613753434675,0.660052629651331
"DTXSID40358390",-1.88364531492868,0.694579578114526
"DTXSID90172583",-1.85475607658594,1.45553889550457
"DTXSID80822106",-1.85579698277684,-2.82396646586309
"DTXSID90690212",-1.86582552152492,3.12477650258866
"DTXSID60309602",-1.8893145700139,4.52519268567822
"DTXSID60845030",-1.90496789640049,-2.52578135661175
"DTXSID60613559",-1.90611769788697,-5.53170601807494
"DTXSID50547975",-1.92463778798198,-0.589292281006539
"DTXSID40690025",-1.89954360662963,2.00917158607239
"DTXSID70512221",-1.89085453336864,1.929034016272
"DTXSID00795308",-1.88653650166283,3.29369264481805
"DTXSID50190344",-1.92300362063051,2.51546524684268
"DTXSID30164301",-1.88006147809565,-0.792111980854132
"DTXSID50289661",-1.8989449577297,4.58678688936446
"DTXSID10652857",-1.8887006911327,4.00828178417519
"DTXSID70174489",-1.86616856499629,0.523014271297585
"DTXSID70744505",-1.92550795339774,-0.276081386512275
"DTXSID10540740",-1.86919649925296,0.203082139312221
"DTXSID80448587",-1.92591018016008,-1.1997261426923
"DTXSID50316284",-1.87681616505352,1.87537082176679
"DTXSID10237385",-1.93792334651837,4.22653665332503
"DTXSID10682912",-1.93342856652005,2.55485758335442
"DTXSID70714304",-1.85211844020174,1.19186302463122
"DTXSID40409250",-1.92355807708276,3.51389186095857
"DTXSID20877559",-1.93153078099624,0.125450810078402
"DTXSID30539176",-1.87747479249501,-9.7863566874559
"DTXSID70437900",-1.8454587561016,-1.45343866063489
"DTXSID10730220",-1.85325521940928,2.16764810305921
"DTXSID20757024",-1.88390613585054,5.14909114320621
"DTXSID70800817",-1.86893042381372,-1.9368005507754
"DTXSID70708627",-1.86967828806498,-2.2165836175528
"DTXSID30425686",-1.92041201771052,0.279656307444259
"DTXSID80398033",-1.91114853998713,0.746290623384905
"DTXSID30215423",-1.88369216558768,0.436634484460306
"DTXSID60795001",-1.9253293114032,-4.97071296790243
"DTXSID30755915",-1.87532329599176,3.6968579748661
"DTXSID10421601",-1.84859315601768,1.35638488012978
"DTXSID00568413",-1.92639087451183,1.66847115685047
"DTXSID10318709",-1.88073233228041,2.03898440062039
"DTXSID60357562",-1.87779924638907,0.73147785339025
"DTXSID90492556",-1.85599322810912,0.0658121391917324
"DTXSID20509722",-1.92794932528108,2.43256118472965
"DTXSID20412469",-1.93603877322072,2.15568570673846
"DTXSID20495015",-1.93256391454906,2.82682497313378
"DTXSID00186232",-1.86472477098985,2.48039934284821
"DTXSID90744183",-1.8410656014146,1.01614512594702
"DTXSID50545113",-1.90888805204071,-2.55251631407862
"DTXSID20313144",-1.87544421391398,-0.839995617924625
"DTXSID90683962",-1.916925175392,0.99030788414918
"DTXSID10571559",-1.93730165718621,1.61033884687243
"DTXSID30772541",-1.84099574075232,1.15001601401843
"DTXSID90354564",-1.93337163451426,2.89969161587325
"DTXSID80322510",-1.83951205671253,2.95497763103644
"DTXSID30877161",-1.93709121181292,2.31012344591875
"DTXSID90475501",-1.85992295244578,2.61451680433443
"DTXSID90530927",-1.87594473192433,-2.76057372753159
"DTXSID60498626",-1.9311452388964,-1.60191034105434
"DTXSID00419395",-1.91302370376054,2.81961107406204
"DTXSID10582802",-1.85504193994262,0.759077488779447
"DTXSID50719094",-1.89423142936227,4.15631372442066
"DTXSID90836113",-1.90063780725591,-0.130631556787927
"DTXSID70838559",-1.90382472212078,1.64470450941043
"DTXSID50146543",-1.87186345245074,-0.484344376699179
"DTXSID20634503",-1.8506317700603,1.42401180126125
"DTXSID50683069",-1.87406255048262,1.14762500848655
"DTXSID70243684",-1.86596713918779,3.7997937041206
"DTXSID50276293",-1.8713689163782,3.659802437922
"DTXSID50557978",-1.84893441809343,-4.00100114466927
"DTXSID50552226",-1.88387112054556,-2.47518188563729
"DTXSID40346853",-1.92965638089478,-0.676914531382235
"DTXSID80280848",-1.86949610724111,-0.943495786606214
"DTXSID90780945",-1.90204718169387,2.58891717602303
"DTXSID10813860",-1.84148296038541,-6.41647253419713
"DTXSID90284913",-1.8886613154072,0.690235085210499
"DTXSID90699184",-1.92305534109486,4.22862948872676
"DTXSID90640151",-1.87814147738776,2.39615319097082
"DTXSID20518359",-1.88490315084101,-2.22661563829648
"DTXSID10795758",-1.83950781491852,0.442169570595187
"DTXSID10439701",-1.90318006641588,-0.165626680407363
"DTXSID10383710",-1.90103703002997,2.64710687971397
"DTXSID00306150",-1.90751301070979,0.515277661421756
"DTXSID10674791",-1.84500335404336,1.76908121930414
"DTXSID40203775",-1.93520455186728,-2.08910614484575
"DTXSID80606463",-1.8899113139661,-2.02336625771096
"DTXSID60387086",-1.91311033571168,-0.200352042203865
"DTXSID20517226",-1.86648409490579,-1.44448956731169
"DTXSID80688143",-1.91971243514982,3.40341071756964
"DTXSID50463166",-1.85553766429362,3.77866097243376
"DTXSID60703489",-1.92720479713949,-2.52131546634611
"DTXSID30821063",-1.89375982825779,-4.09960255693897
"DTXSID70367016",-1.92094102553773,0.873793344269028
"DTXSID30461660",-1.91957423973465,-2.60319942146457
"DTXSID40792154",-1.8538720275756,1.49749988142233
"DTXSID80691152",-1.92976999372649,5.00198473252196
"DTXSID50169055",-1.93276546927548,4.83913494826059
"DTXSID20192017",-1.89721051413839,3.68215388077221
"DTXSID70687862",-1.84215008006536,2.4944334660811
"DTXSID20462484",-1.92528921296327,2.28426839301939
"DTXSID80369748",-1.8464585714589,1.19918777808564
"DTXSID60584412",-1.85780919470098,-1.54686599117636
"DTXSID30178226",-1.89653359584905,-4.18918989209223
"DTXSID40642180",-1.91207462984704,2.04098031182418
"DTXSID90297043",-1.88847659919137,-0.122364107628334
"DTXSID70690018",-1.88016939964018,2.01318618501224
"DTXSID40683356",-1.89383661415769,3.00239690808038
"DTXSID10585914",-1.9207505951571,-1.35499386085435
"DTXSID70624696",-1.88234574251385,0.682915437032539
"DTXSID80537960",-1.90238984111643,0.172152678034203
"DTXSID70834995",-1.90391392683296,0.489872902765921
"DTXSID20691459",-1.93408826971934,3.51914334813262
"DTXSID70831247",-1.84288723682492,-1.56867009173621
"DTXSID90591154",-1.84291295757097,-3.95376583540569
"DTXSID40878280",-1.87374137832253,1.64223615164746
"DTXSID20241897",-1.87993676352515,-1.19592937951949
"DTXSID40449459",-1.9003552225685,-5.00517451607671
"DTXSID90190560",-1.91795144812054,-0.404238246980159
"DTXSID30685788",-1.8925644476342,2.41306790342446
"DTXSID10688131",-1.87100138056414,4.51930909147732
"DTXSID70279948",-1.89518065198547,4.66223174940221
"DTXSID70427341",-1.85803758685548,-3.94772290617384
"DTXSID20303267",-1.91526028720912,0.253535727033457
"DTXSID00686686",-1.92343494939564,3.57419713737454
"DTXSID40529644",-1.84523720874276,3.23850055827841
"DTXSID80601256",-1.88397424758088,0.496422829724039
"DTXSID80308879",-1.89048674131619,1.17465250630289
"DTXSID10548423",-1.86533353533768,1.17950989027534
"DTXSID10445781",-1.88739366518367,2.20304682604508
"DTXSID30293887",-1.8940974647807,4.0688527493462
"DTXSID70354704",-1.85288124387588,-2.35440020425682
"DTXSID00699190",-1.8513519145031,2.15755045769463
"DTXSID40724798",-1.93592809245355,-0.524236929361326
"DTXSID50726768",-1.85960861824284,1.17736828154539
"DTXSID10530303",-1.91293150659431,3.02449059717889
"DTXSID60492568",-1.85561548905945,1.16864740838495
"DTXSID30447328",-1.85587529460076,-1.36765522314436
"DTXSID90321236",-1.85767442296999,0.669380077197902
"DTXSID00489558",-1.92025893267116,1.47498599877487
"DTXSID10470018",-1.92847449152849,5.78759942879955
"DTXSID50150180",-1.93473073507827,2.66346860518077
"DTXSID00209591",-1.92517322201054,0.20824685772688
"DTXSID10648290",-1.89253484771841,0.556893922448922
"DTXSID20568758",-1.93528887991269,-0.195135252649268
"DTXSID30741353",-1.88646426150078,2.10527391323574
"DTXSID00357602",-1.84747391045129,0.399745423375446
"DTXSID60324951",-1.92399565920131,1.73564047324147
"DTXSID50476599",-1.84581743257989,1.93500043155866
"DTXSID70456318",-1.93415225433436,-3.79930386352569
"DTXSID10191014",-1.87315883458539,-1.00743262527892
"DTXSID70339834",-1.93063497697844,-0.855204139815066
"DTXSID20387087",-1.90201660435476,-0.61899162599816
"DTXSID40769780",-1.9059155450193,5.062221350333
"DTXSID80308571",-1.89457888742959,-1.67198358758757
"DTXSID60342958",-1.8778315146001,-4.92878439019087
"DTXSID00396278",-1.84786025663078,2.67629420319726
"DTXSID30440112",-1.92098445164602,3.10078977236693
"DTXSID70424037",-1.88470261508417,-2.59646227189445
"DTXSID90807106",-1.92539587734453,-3.52212598233666
"DTXSID90748348",-1.91723415601366,-1.14691886466126
"DTXSID00687158",-1.86235167287213,4.42480066589314
"DTXSID60681112",-1.85952311488092,4.07772277629635
"DTXSID60686662",-1.85626686439144,4.35748643929778
"DTXSID90459467",-1.90474744344422,-1.03882091538142
"DTXSID50372502",-1.91394394820517,1.39495834395734
"DTXSID70816094",-1.92562179387812,2.14820884763496
"DTXSID80692780",-1.86669709104204,5.27275178091305
"DTXSID30390204",-1.84440341003412,3.00895895613263
"DTXSID00677014",-1.90819227182419,-3.71979264905672
"DTXSID30156089",-1.87775615376653,0.00312518475041665
"DTXSID80330998",-1.93166433905048,-0.2454352158762
"DTXSID90712468",-1.87441655643887,3.59251464157037
"DTXSID00197727",-1.91007139340367,3.66869606510492
"DTXSID80415118",-1.87795412403447,-0.406255933948646
"DTXSID50173571",-1.90101956830687,-2.55030466075807
"DTXSID30317133",-1.90317531001831,-1.79246885432816
"DTXSID60486326",-1.84006754118369,1.09579216470683
"DTXSID40803254",-1.91400195634346,-0.0775941671086507
"DTXSID20510651",-1.9328374113655,2.01624833701837
"DTXSID0067391",-1.87766473848367,-2.35722590933056
"DTXSID80638800",-1.9340749495244,-2.81573436926853
"DTXSID90302666",-1.90352523699891,-0.0978338329275752
"DTXSID40508090",-1.90482999044825,0.27080394226286
"DTXSID90745438",-1.9287451402608,4.63653501335997
"DTXSID40491034",-1.93227105234036,1.01508464898493
"DTXSID30186240",-1.86505051163487,-1.4602640910238
"DTXSID40420642",-1.85067652891866,1.47456619291955
"DTXSID90781593",-1.86766150287356,2.42371719482848
"DTXSID60387460",-1.93665696139575,-0.958415574150226
"DTXSID80404244",-1.93615377201262,4.3426134091765
"DTXSID50830591",-1.87269572616174,-2.02082147313799
"DTXSID50436678",-1.83997988972098,-0.266389294570024
"DTXSID70404672",-1.86037104305383,2.37560375700749
"DTXSID40513942",-1.92258803575259,0.573126382179428
"DTXSID60878222",-1.91904966681711,-0.437955122084577
"DTXSID80691975",-1.83916781391066,3.94118073670418
"DTXSID90577236",-1.90444215778389,1.49078690523944
"DTXSID10448550",-1.86368286627202,0.538227080593179
"DTXSID20527047",-1.9315515296937,3.25651180696594
"DTXSID10437621",-1.84294156359883,-3.0585989437961
"DTXSID90829969",-1.89352648760817,-0.969337883721689
"DTXSID40604566",-1.8583924427067,-2.84652938588723
"DTXSID80644547",-1.93115278316448,1.8832081744276
"DTXSID90308067",-1.90791234813383,1.25949197484875
"DTXSID90842739",-1.86205233914209,-4.33680093835101
"DTXSID70738984",-1.86086723338962,0.521826106296589
"DTXSID60509327",-1.8783668723713,1.48690744765918
"DTXSID00810303",-1.92244837225529,-1.3587710471634
"DTXSID00357182",-1.85756123029762,3.39662118887072
"DTXSID10482575",-1.90323909058155,-0.00994466750787374
"DTXSID20732836",-1.85527429719708,-0.981345459205216
"DTXSID70688713",-1.88052042520219,5.13719533921289
"DTXSID40778877",-1.85671875669712,-5.42255250123801
"DTXSID80461377",-1.86427015687163,0.0169921881337303
"DTXSID40276500",-1.87468304628578,3.75330831483475
"DTXSID90297528",-1.89479216228909,0.0298988971424624
"DTXSID90332463",-1.88510597563398,0.798643802069399
"DTXSID70359951",-1.85934825966489,5.07624162538105
"DTXSID30832977",-1.88896998664004,-5.9414329589576
"DTXSID60463399",-1.88694143951256,-2.77560722797165
"DTXSID30532147",-1.93348662715002,1.5251957289795
"DTXSID10448191",-1.92200931659235,-0.202397205603319
"DTXSID50781993",-1.8468135592589,1.35270868102777
"DTXSID20730453",-1.91887861424179,-2.77926841976479
"DTXSID00175641",-1.88375157790147,-1.04034845402848
"DTXSID60151148",-1.87794900603418,2.65490713180505
"DTXSID40793545",-1.90088459518501,0.11805345602946
"DTXSID70182569",-1.92527434615254,-1.84526256597914
"DTXSID20613550",-1.8657434998054,-5.49035780850866
"DTXSID00243672",-1.87430554690788,5.05594724550112
"DTXSID10508087",-1.88796628388338,-0.702595795439412
"DTXSID90458137",-1.84238277194137,-2.50902148503066
"DTXSID10364746",-1.88867740723235,3.09694731481077
"DTXSID80285595",-1.90039400118717,2.79011748327102
"DTXSID20675714",-1.93450726649911,-1.97906917560125
"DTXSID20820202",-1.92170326723657,-0.553797936722208
"DTXSID30282953",-1.93549169933862,0.237405950414163
"DTXSID80489556",-1.90204876963795,1.79254037260581
"DTXSID30720744",-1.85037597615094,-1.07338039807395
"DTXSID20571525",-1.92378005882604,5.15685757203063
"DTXSID00797049",-1.93421677137652,-0.244174402477592
"DTXSID40204005",-1.90687130261774,-5.05772662373615
"DTXSID80598218",-1.86967056932258,-1.02307967598167
"DTXSID70703132",-1.84925993779018,1.49133682513101
"DTXSID90683184",-1.90581351671078,3.05240173652874
"DTXSID00543563",-1.93657945840024,2.10167468589207
"DTXSID50309636",-1.89871944067002,2.40251130948591
"DTXSID70746928",-1.85658321796817,-3.04941299455019
"DTXSID50821601",-1.87512333147792,1.02246880848095
"DTXSID40585624",-1.86668959766537,1.81996365983089
"DTXSID80737221",-1.89564383835752,2.48783145367474
"DTXSID50481123",-1.90507988695842,-2.30670671858612
"DTXSID20336277",-1.89007080936424,1.39330266515412
"DTXSID60492341",-1.84091286079561,-1.10020187823613
"DTXSID80493815",-1.88701987703814,-0.836372157892107
"DTXSID3070200",-1.8463702008238,-1.75419971902418
"DTXSID60529969",-1.90697617905485,-2.17030487913469
"DTXSID70453185",-1.89540456315351,-1.38159355755796
"DTXSID90659728",-1.8442104531725,1.27567709643457
"DTXSID60494123",-1.90648094878337,-1.49226238772654
"DTXSID20275470",-1.84182402634799,0.460840830375024
"DTXSID00462467",-1.87496275744391,0.723786845926732
"DTXSID90150285",-1.88197534267673,2.55927809859531
"DTXSID30427802",-1.92792553319641,-2.51727123992634
"DTXSID10817984",-1.93066188138305,-3.57468387932927
"DTXSID70197911",-1.89153015977112,0.203584431229132
"DTXSID90327197",-1.88929597377296,-0.506386106457101
"DTXSID00286120",-1.8619066626671,0.653682529068603
"DTXSID90313196",-1.85166589485218,1.6238674355016
"DTXSID20585884",-1.8657343840855,3.53844919559578
"DTXSID10363517",-1.9208358848537,2.4940472832536
"DTXSID30562080",-1.84803324472062,-0.489193494596592
"DTXSID90774728",-1.88812412645661,-5.23313197024494
"DTXSID50156723",-1.88696863032924,-0.874476647983224
"DTXSID50818339",-1.93084620187957,1.78655519727957
"DTXSID3024786",-1.8978243622584,3.39077328612094
"DTXSID50844173",-1.92694318123062,4.39034490446471
"DTXSID80528530",-1.90687144691208,-4.49669148463667
"DTXSID90425501",-1.9325483632153,-0.714192524253775
"DTXSID10794680",-1.90445611245012,-2.5429214508666
"DTXSID40722259",-1.92844198429292,1.81943477528154
"DTXSID20769400",-1.88442759798891,1.24040335321262
"DTXSID20467732",-1.90360021352661,-0.217886025833952
"DTXSID30806436",-1.87377002081899,-2.73133242548871
"DTXSID70690997",-1.859117026897,2.13283149436511
"DTXSID50229840",-1.88306629186452,-0.803507959846885
"DTXSID20516451",-1.90290011269619,0.736928869780849
"DTXSID70644238",-1.84973031511336,-0.0109716073783406
"DTXSID50848373",-1.89878330407414,-3.54956448202906
"DTXSID60302299",-1.84109182299118,2.31435851800373
"DTXSID10688272",-1.84138836012873,6.31304055476394
"DTXSID30715852",-1.93234167672575,-0.478626768316783
"DTXSID00359444",-1.9123799088331,3.35574536139225
"DTXSID50853240",-1.90443598447822,-0.0704101322328115
"DTXSID60597860",-1.86944923722801,-2.29547566664168
"DTXSID90539894",-1.8650378493099,2.33349669241079
"DTXSID40793782",-1.91226145765657,1.60294858251725
"DTXSID30400695",-1.93264147221766,-1.84885820294432
"DTXSID70483826",-1.90370112362447,-2.70522660123825
"DTXSID70164284",-1.9304345270051,2.88316661848582
"DTXSID30685566",-1.93390651503949,-1.71712512100995
"DTXSID70290638",-1.85505751654351,3.17568262619824
"DTXSID20321062",-1.91237289999468,-3.78398440787523
"DTXSID70593959",-1.86749635999791,4.40977904927126
"DTXSID90722986",-1.84155150803943,0.556404284144781
"DTXSID10479561",-1.8437532549932,2.30299279778634
"DTXSID60695279",-1.89036186859307,0.866357304056901
"DTXSID30220057",-1.86275961770717,0.46878104017728
"DTXSID60547103",-1.83889156496128,2.01362826877188
"DTXSID60574499",-1.85169238464796,-1.17374105152677
"DTXSID70748866",-1.91371982076384,-1.74485451833183
"DTXSID40425773",-1.90377469138282,1.13211036654107
"DTXSID40387004",-1.88763799390411,-1.58847332473815
"DTXSID00588439",-1.93249741978102,3.34242743019974
"DTXSID20690164",-1.91311444001614,2.22114388713363
"DTXSID60759461",-1.84361564544512,-7.72440621471683
"DTXSID40668865",-1.90644122421654,2.55750345444162
"DTXSID80605355",-1.89807079686098,2.68766829851349
"DTXSID50521790",-1.86416206130087,2.15495070208284
"DTXSID10588142",-1.90383530175514,2.53893666281793
"DTXSID8074499",-1.87502818526399,4.647144285835
"DTXSID80446189",-1.93598229895368,0.966698923048195
"DTXSID50293662",-1.8646764973653,0.833373868547468
"DTXSID80287110",-1.91137877954943,0.872598703547318
"DTXSID40607613",-1.8835944383023,-1.99034002625869
"DTXSID30641703",-1.91851589818428,0.677860054209239
"DTXSID10406958",-1.88517108544798,-0.230229149598957
"DTXSID90597237",-1.91647211064705,-0.259841022151553
"DTXSID60416441",-1.92627093183691,0.896006254705926
"DTXSID00761088",-1.9027009655888,3.3020516163429
"DTXSID30821361",-1.87221621628964,-1.79491421264801
"DTXSID70587676",-1.9223475722065,-1.93255991957025
"DTXSID00202229",-1.86895635212234,1.59256360125975
"DTXSID40206286",-1.87918925874499,0.297319603015901
"DTXSID10657266",-1.91052151179087,-2.90652130377445
"DTXSID90878518",-1.88962176934554,0.257954598497964
"DTXSID60466623",-1.89719529483043,-1.61178099294395
"DTXSID20688384",-1.88463627045375,5.12314971373189
"DTXSID70500365",-1.85597953392187,-1.89595562747397
"DTXSID90354024",-1.85281252518787,1.19089937200555
"DTXSID10162320",-1.93352182243555,0.984205917183367
"DTXSID30833424",-1.88514065603794,1.76643370403213
"DTXSID30552284",-1.89097250676637,-1.18349830126086
"DTXSID30691288",-1.90743163345375,3.72971031487588
"DTXSID90220795",-1.85805517649276,2.36524604815724
"DTXSID40654329",-1.86591101765289,2.95532697010972
"DTXSID80616067",-1.88479022337475,1.04897833774694
"DTXSID20493697",-1.85432496039418,-0.331062696263399
"DTXSID50684531",-1.91805033616727,3.84261357928097
"DTXSID10557075",-1.93650424385844,0.509723534020161
"DTXSID50718380",-1.90855751317634,1.53223570540022
"DTXSID70602414",-1.89945131656757,0.869739833573894
"DTXSID80835857",-1.85388535312931,-1.56743230212143
"DTXSID70759694",-1.85291252347899,-1.97399402155618
"DTXSID6069246",-1.88786132765622,-1.67372487218401
"DTXSID00807879",-1.89871409847794,-0.662140324186411
"DTXSID60775484",-1.91072484271543,-4.71050914409964
"DTXSID60282587",-1.84369160200411,-2.73174436385822
"DTXSID80337705",-1.8492858816017,-3.1722770270227
"DTXSID90684676",-1.88108854701695,0.459417286533052
"DTXSID90687723",-1.90532504872233,4.46534954366145
"DTXSID10498277",-1.93563470208056,2.24911352244845
"DTXSID90683907",-1.92774297802206,-0.956173998812415
"DTXSID00557963",-1.91263487259903,-0.9061004382173
"DTXSID30568981",-1.9243979060856,0.697953808247755
"DTXSID00569748",-1.85964665002093,2.30939803347306
"DTXSID30713898",-1.88989808021167,-1.45416079723691
"DTXSID20379008",-1.87684464713132,1.17088411596443
"DTXSID70639285",-1.8998631959474,-1.15263614897865
"DTXSID10787653",-1.87638592025524,3.5615867341236
"DTXSID00643734",-1.92987141307484,-2.82476629392735
"DTXSID30343371",-1.88200852968738,3.97152109824156
"DTXSID40703144",-1.87053387173589,3.34712326199405
"DTXSID50453582",-1.90276139083979,-2.23857751595135
"DTXSID20207458",-1.91615997719908,1.58978536762588
"DTXSID1074179",-1.91482692672089,1.10365873437544
"DTXSID60689451",-1.89935121127483,3.17804641824718
"DTXSID10348208",-1.84389624519104,-8.07957588841672
"DTXSID60782431",-1.84575100156763,-3.55562499124362
"DTXSID40222224",-1.86305215677083,0.757317024179908
"DTXSID10685483",-1.83999124240766,0.970228948809097
"DTXSID50592602",-1.88804488784093,-2.1203081767332
"DTXSID10589098",-1.84665395688258,1.98942784441668
"DTXSID00157407",-1.93022764384636,-0.05610029123963
"DTXSID10536441",-1.85308839326567,-2.82988147343693
"DTXSID10274553",-1.88534643501592,0.4948612722833
"DTXSID80163965",-1.86320512203406,-3.00675303476594
"DTXSID20365380",-1.91493142899572,-2.09393495821911
"DTXSID00691477",-1.90979622271588,4.24010170614968
"DTXSID60196594",-1.88297352647432,1.32863104038274
"DTXSID20781900",-1.85310284635597,-2.85895975053973
"DTXSID30825142",-1.84505756879394,5.72766460763125
"DTXSID00169727",-1.91143403671824,3.01033442880895
"DTXSID80753744",-1.92578956600269,2.28230731468524
"DTXSID30349994",-1.91291069006837,0.299513012786612
"DTXSID20788156",-1.88530938531043,-0.382391841564734
"DTXSID20854264",-1.88909067233078,-3.21516561713613
"DTXSID60428468",-1.89339814874265,2.28458818178068
"DTXSID50496439",-1.90350616573637,1.04320777104139
"DTXSID50815085",-1.93408205939514,-1.1088699539227
"DTXSID30394464",-1.85771647069641,2.89276311840804
"DTXSID00688387",-1.91981053281756,4.80779333971896
"DTXSID50420234",-1.86423864172937,-1.09284117249398
"DTXSID80769643",-1.84692178280788,0.450468989901248
"DTXSID30824135",-1.90012541486039,3.0792215748215
"DTXSID70536280",-1.90856688572485,-0.845446750347609
"DTXSID30502163",-1.88356627972629,2.64059942485457
"DTXSID30690236",-1.92863068636702,3.64598974883778
"DTXSID50656970",-1.91807579951712,1.63103323191478
"DTXSID70602999",-1.85563850705721,-0.52101774728061
"DTXSID00761063",-1.91841938210003,-7.16862252669282
"DTXSID40686246",-1.90586896538616,4.09366062739656
"DTXSID20774413",-1.90972442861564,3.04624904410638
"DTXSID10144303",-1.88433896989365,-3.71601374596925
"DTXSID70848799",-1.84192312628827,-1.71651036624018
"DTXSID30645266",-1.87323869305785,-1.03082741230093
"DTXSID1070696",-1.90815273802597,-4.84985575601395
"DTXSID60728096",-1.88364134567998,3.19065968271237
"DTXSID80575261",-1.91649344376917,0.067812418047557
"DTXSID40698369",-1.86455632155841,-3.0006742273323
"DTXSID00647994",-1.85136681141268,-0.218981669604851
"DTXSID20396033",-1.91860648852813,1.40789775969634
"DTXSID80796737",-1.89973917503387,2.57009130460204
"DTXSID90803643",-1.8727927601689,-4.67127859944768
"DTXSID20734996",-1.88715541748469,1.37141852590607
"DTXSID40465492",-1.93047625114923,-1.90625349508039
"DTXSID90359478",-1.92773146395554,-0.904432773272201
"DTXSID70717895",-1.85036730134042,1.29382195394613
"DTXSID60830441",-1.91491397976161,-3.20908276669172
"DTXSID10663347",-1.9360802330073,1.08604226413485
"DTXSID90798141",-1.8801453677521,-0.332692953571723
"DTXSID40293338",-1.90699825401748,-0.142887758560516
"DTXSID90459902",-1.84306119833431,-3.37297508945442
"DTXSID50687587",-1.85144212723976,4.42918735713605
"DTXSID00410706",-1.87508301458015,-0.456130023886571
"DTXSID40636923",-1.90170330266159,-1.44383150257575
"DTXSID90854433",-1.91858099508687,2.27567231919491
"DTXSID30802817",-1.89454302369009,0.690821708819592
"DTXSID10385719",-1.87808572098021,1.08251564195731
"DTXSID30741237",-1.90752687824512,1.42420239707394
"DTXSID50735517",-1.90365289198188,-0.697753888432198
"DTXSID50724027",-1.8638432083865,1.95606721678187
"DTXSID70363896",-1.91573962402876,-0.679069457960135
"DTXSID50886492",-1.88144217518794,-5.4191008788323
"DTXSID70222131",-1.87444076011756,2.20535575224327
"DTXSID80397925",-1.85135864515417,-0.40285646786787
"DTXSID80547362",-1.9010335886756,-2.56527276897348
"DTXSID10401140",-1.90177754816159,-4.52078765014122
"DTXSID10700180",-1.85022145111037,-1.54184896035389
"DTXSID40154975",-1.90492631953875,-0.92189151865243
"DTXSID80163283",-1.859828386826,-0.0721085697378407
"DTXSID10783170",-1.89694273987257,-2.28958578678873
"DTXSID60228526",-1.88096222881077,0.0497989484220682
"DTXSID70849605",-1.86874641451161,4.6329949200723
"DTXSID70877983",-1.89781507549594,1.66235356413775
"DTXSID70686693",-1.9315723715088,3.57655780928597
"DTXSID60851792",-1.85206862173484,-3.25819031972773
"DTXSID20545403",-1.92887799500447,-1.87235734487097
"DTXSID40876105",-1.88465120905132,1.48677968249832
"DTXSID00631196",-1.86146123745174,1.60367818823523
"DTXSID30379514",-1.88451364918452,3.20645428541555
"DTXSID30507996",-1.88667988264004,3.70934767487605
"DTXSID70716803",-1.88229967132232,-2.07730768530438
"DTXSID2057998",-1.85218786107922,5.73932585113203
"DTXSID90327278",-1.91830007946146,0.844124096779259
"DTXSID00487130",-1.85467428525747,0.355100521659191
"DTXSID6037691",-1.92131336108402,0.655268919381224
"DTXSID50179937",-1.84548408275614,1.70645046597834
"DTXSID80891579",-1.88873947734589,-2.87252988651967
"DTXSID20471617",-1.84590427892764,-2.16915526733853
"DTXSID80501383",-1.91317577408719,2.42063860998783
"DTXSID60291992",-1.92977314553046,0.617029247779954
"DTXSID00373084",-1.85911949500252,-0.416951941632111
"DTXSID50649620",-1.88905438355575,-0.316050954838174
"DTXSID30471461",-1.90029642269723,1.82014965190748
"DTXSID30811828",-1.85754533984882,-1.00540409828551
"DTXSID60644045",-1.90683948103395,-0.147372134133645
"DTXSID40757526",-1.85048852678884,-2.48987803460447
"DTXSID20673472",-1.91013471263141,3.81662561215241
"DTXSID90852217",-1.89981630361457,-0.409397917846538
"DTXSID50839201",-1.90629790685208,-3.69227290366612
"DTXSID90689585",-1.92535901554647,3.31406602094054
"DTXSID90689580",-1.85416795920218,3.61676833275773
"DTXSID30143858",-1.86236867590942,-3.12283180401047
"DTXSID60829956",-1.8673196739861,-0.0350285899652546
"DTXSID2052601",-1.92956665550909,-8.98219298576937
"DTXSID70178169",-1.90868799740267,0.0268653178354867
"DTXSID8075122",-1.91724745571076,1.71535774695101
"DTXSID90729531",-1.91442517437024,2.77402206936886
"DTXSID10179377",-1.89387188589421,0.926825713271913
"DTXSID50573537",-1.89331323864909,-0.178705693902603
"DTXSID30387336",-1.93728566153238,1.04511963349054
"DTXSID10229947",-1.86402256077056,-2.77803867247925
"DTXSID60809935",-1.93656088117878,0.492247045311129
"DTXSID10527975",-1.84345512279898,0.226884010842983
"DTXSID50839342",-1.87832586142976,3.02761841884104
"DTXSID10579797",-1.86528316428205,0.711515046501926
"DTXSID10798522",-1.87585461443809,-1.26534797680279
"DTXSID90518402",-1.83916224908827,-0.0900273063865962
"DTXSID00759122",-1.84365903749497,-0.4820703576833
"DTXSID30581716",-1.8923330646589,-2.4870309266629
"DTXSID40179587",-1.91894358221372,-5.97454164283926
"DTXSID00386992",-1.91729168393544,-2.9091620561058
"DTXSID90755517",-1.88398609712128,2.14770869737115
"DTXSID20205070",-1.93739814278057,0.735867890416799
"DTXSID40145045",-1.90623516087783,0.212403408422321
"DTXSID20569129",-1.92959238094702,-1.2122413497747
"DTXSID60554231",-1.84613638174668,-1.08963877176426
"DTXSID70707574",-1.87329782683565,-1.31493971579927
"DTXSID00417593",-1.92529311618781,3.46647159479309
"DTXSID80174652",-1.91281306037247,-4.30068327705939
"DTXSID30513118",-1.8873094221994,4.04694536670285
"DTXSID90534288",-1.91128086835135,-1.55503747680595
"DTXSID80555543",-1.93507718119737,-0.488276894691815
"DTXSID80695650",-1.91441344260498,0.417804066706272
"DTXSID00790010",-1.93705063898982,2.80714680540949
"DTXSID80691076",-1.92749791140992,3.49166219771416
"DTXSID50322885",-1.88787064368909,1.21707909923911
"DTXSID20530591",-1.84745824300405,-0.704725417273666
"DTXSID90354544",-1.84444849120344,2.38786374075247
"DTXSID00639899",-1.87740451235247,-1.86740133377513
"DTXSID70168020",-1.90335449909257,1.81998862837855
"DTXSID70390400",-1.90545966118947,2.07649666473027
"DTXSID80672769",-1.84089621266664,6.50424375687091
"DTXSID60568434",-1.91178579430258,-2.19141888038628
"DTXSID90727830",-1.90972698922222,-4.90134095232535
"DTXSID00429656",-1.83943897652524,-0.951421936436933
"DTXSID80431494",-1.87619219027501,0.579928238876397
"DTXSID60537307",-1.89682338829672,1.38168228766051
"DTXSID30377555",-1.85655877397544,0.887249866352433
"DTXSID30501959",-1.87898198306538,-0.410955533575959
"DTXSID30367017",-1.90275241719878,5.7411437938866
"DTXSID50325073",-1.93169122582894,-0.596192389493188
"DTXSID80559703",-1.89950762477003,-4.21877504248539
"DTXSID80691253",-1.89086093396473,4.47617159015192
"DTXSID50402474",-1.92010877817625,-2.8590917712115
"DTXSID70391134",-1.86885959043611,-4.58009914823995
"DTXSID40235415",-1.87287214391788,-2.17146583837293
"DTXSID20218403",-1.93328968551207,-0.619000038509824
"DTXSID90544549",-1.89331760262795,-3.45986195666923
"DTXSID10292878",-1.89343304860033,-4.28139090424548
"DTXSID30687929",-1.867498907378,3.67870757484159
"DTXSID40216188",-1.84936904083525,-3.3536557986518
"DTXSID90393599",-1.87808051706766,-4.85649732907022
"DTXSID40475298",-1.8592222508975,-3.2749184911212
"DTXSID00723626",-1.90008965299861,2.76462360842027
"DTXSID90342623",-1.86437113395047,-2.34868191755567
"DTXSID40821978",-1.86065829384716,4.29183618914656
"DTXSID40535669",-1.92776606083594,1.7839296774978
"DTXSID20683819",-1.88262567462544,-0.737793797167112
"DTXSID70211141",-1.88232320322817,1.46673898342095
"DTXSID90464157",-1.92023768253066,-0.476342453732367
"DTXSID30475404",-1.85754889898143,-3.37242702022831
"DTXSID20658249",-1.89268376384824,0.377778461611139
"DTXSID40549726",-1.92849239796525,0.308341906919069
"DTXSID90450191",-1.92506075027426,-0.0097753145059392
"DTXSID90197019",-1.92513659958482,-1.43390279466195
"DTXSID60720090",-1.86577945620723,0.941160353030583
"DTXSID20320878",-1.89917759794081,-0.868525085623979
"DTXSID30296212",-1.8833958549932,-1.16431559475039
"DTXSID00421716",-1.84189500464343,-2.73990415156213
"DTXSID70610251",-1.86010877422244,-0.17749051063405
"DTXSID80498562",-1.8590261625756,3.06504949760849
"DTXSID00308977",-1.93622567169989,2.12191946337855
"DTXSID80230545",-1.88383963893079,-0.684005372871058
"DTXSID30660858",-1.88969715096895,-1.19420163688645
"DTXSID50750684",-1.89550864573678,-1.90666564846203
"DTXSID80721221",-1.90476990599284,4.34968467098807
"DTXSID80687196",-1.90361774419609,3.37744901227526
"DTXSID20496002",-1.91760878499841,-1.3729457902312
"DTXSID80344459",-1.89101480379883,-1.4583515201597
"DTXSID00521068",-1.84841038997925,-4.36647319999019
"DTXSID70306001",-1.88557105183752,1.36778179000108
"DTXSID60639734",-1.89402547261228,-2.8136562425489
"DTXSID40533266",-1.86689425981674,-5.6959744447013
"DTXSID20857316",-1.90913393021545,1.88158948711132
"DTXSID00620782",-1.91062166675501,-0.0899401145630354
"DTXSID70608370",-1.84349994617804,-8.69911227209343
"DTXSID80226847",-1.883936396793,-8.43172420865343
"DTXSID70367738",-1.8607287602415,-1.80908507574121
"DTXSID40874742",-1.84800844632902,-1.53423641164672
"DTXSID30395491",-1.90812488246604,3.00103351977847
"DTXSID90795190",-1.87622059721318,-2.84065116045031
"DTXSID90625827",-1.85002679891535,-2.99515434219749
"DTXSID60373666",-1.92023050641014,0.89523572374479
"DTXSID20658148",-1.86594041548222,-2.3022624005528
"DTXSID20177147",-1.84619336694863,-0.590290461364864
"DTXSID90486415",-1.843366845016,-1.39382169999971
"DTXSID30354240",-1.9294431852393,2.4534721817362
"DTXSID30683906",-1.84790128751306,-1.07247097145264
"DTXSID30720769",-1.87972512851657,-1.57856207667969
"DTXSID10600277",-1.91287380905802,-1.23795160240734
"DTXSID60310339",-1.86583898826927,1.91991006622015
"DTXSID20457597",-1.86457921240231,-2.78230372745132
"DTXSID20433417",-1.88637776837979,1.23688661828033
"DTXSID90475001",-1.9020976714747,2.21226827436696
"DTXSID10819403",-1.87725333529779,-3.12808349455089
"DTXSID10731338",-1.91823329450782,0.872690665005436
"DTXSID10800058",-1.93420703781058,-6.36228584688793
"DTXSID10152029",-1.8424037079049,-5.58617658920745
"DTXSID90792326",-1.84352822017413,-0.590202471553649
"DTXSID10807709",-1.85804933324502,2.87220011951502
"DTXSID30565591",-1.91503426477516,1.75099031858665
"DTXSID30681200",-1.88440719378049,4.41868096139619
"DTXSID80697417",-1.85970679518868,-2.84051280307936
"DTXSID20486549",-1.86234913081586,-0.536334833399562
"DTXSID00561767",-1.87111765132132,2.7693801999832
"DTXSID80470565",-1.92076724213752,-1.23929170501666
"DTXSID60781085",-1.91433786624673,-3.12808330870033
"DTXSID50484412",-1.8736289857477,-0.104591968919237
"DTXSID40377127",-1.84650520453593,-0.675776296510499
"DTXSID8066266",-1.84529896425796,-3.24582063351711
"DTXSID70416730",-1.91395994645109,2.02829534417998
"DTXSID10288599",-1.92276880600896,0.720314467614677
"DTXSID00512870",-1.86665656252377,2.31950917975118
"DTXSID00584577",-1.91212299665852,-2.73541232331348
"DTXSID50694236",-1.89985120918288,-5.52172976731723
"DTXSID80792810",-1.88382885088333,2.31127108923155
"DTXSID10553911",-1.92159429454844,-1.35987280471689
"DTXSID80483958",-1.89661869627812,-2.124165381772
"DTXSID70569033",-1.92191029725209,-0.350159976383896
"DTXSID00652467",-1.86663715236856,1.69279918368458
"DTXSID70395773",-1.90415576943523,-1.89478321427811
"DTXSID50851362",-1.88325851460651,-5.40518821879233
"DTXSID80805474",-1.93634084210043,-4.22273761207077
"DTXSID00610961",-1.89367383675297,-4.63463044177767
"DTXSID00208983",-1.88165745087812,-5.77039131243221
"DTXSID70176862",-1.93305699226965,-4.32260628293027
"DTXSID40745165",-1.88626466208937,1.62787110476796
"DTXSID20686961",-1.86643378539992,4.43022382388213
"DTXSID40619534",-1.8978898821218,-1.48030645135687
"DTXSID30836152",-1.93575241456524,0.881509671895257
"DTXSID90635067",-1.89555777452242,6.97831770722824
"DTXSID00536677",-1.84839297960658,3.90433728041419
"DTXSID40228908",-1.92959909850066,-1.09994099392953
"DTXSID50582942",-1.87715308566991,0.606092654633298
"DTXSID80354114",-1.92014066314698,1.23331920928585
"DTXSID2061143",-1.86202096338406,-0.889258862678199
"DTXSID70611329",-1.86310728601156,6.01221726742193
"DTXSID40546018",-1.87703689761675,-1.70677029150381
"DTXSID00433859",-1.88091843404615,-2.19108865564341
"DTXSID20694662",-1.86057575070644,-0.931251996798826
"DTXSID10197733",-1.93231955045477,2.86761484658951
"DTXSID20548419",-1.89824022449202,-5.87102422762624
"DTXSID10606092",-1.85891633511875,2.19352293447125
"DTXSID90833900",-1.83910349220471,0.952789393085316
"DTXSID30616956",-1.86976666652062,-0.574528041229185
"DTXSID10307456",-1.89720129863907,0.489982364605712
"DTXSID20561623",-1.84073875951518,3.23364318621089
"DTXSID30589757",-1.84710987682798,0.0950391980076974
"DTXSID50464714",-1.91403830722639,-2.18578685616775
"DTXSID90554486",-1.89172635813129,0.232181095354067
"DTXSID7058836",-1.87545970365937,-4.40217842090053
"DTXSID40569343",-1.93760290129501,1.53086814752984
"DTXSID5022649",-1.93616506334687,0.780760041519732
"DTXSID20856420",-1.84665554236409,-1.05984094966637
"DTXSID80294288",-1.86010342517385,2.13722517412556
"DTXSID00176759",-1.85254361022613,-0.363960505458341
"DTXSID50306069",-1.92063331743542,-4.12450617041643
"DTXSID40819779",-1.86786550597843,-0.64139376748716
"DTXSID40891616",-1.91822716117888,2.88689427493098
"DTXSID50674816",-1.88745552153474,4.64899266530243
"DTXSID50393636",-1.85031706008575,1.64633804243978
"DTXSID50494359",-1.8771715609959,-4.02080983287983
"DTXSID50420895",-1.90676257744808,-1.33309303303511
"DTXSID80386975",-1.86328726932947,0.924092400208516
"DTXSID30850277",-1.9018090739651,-3.56201721793822
"DTXSID90652835",-1.91995238855887,-5.24611919212318
"DTXSID20730731",-1.90542752662501,2.33248799563968
"DTXSID30843523",-1.87186641018584,-2.39294680532213
"DTXSID90288431",-1.8625010604671,-1.0133354972674
"DTXSID90170625",-1.92190320523497,-1.60447937043925
"DTXSID70738828",-1.92615411830162,2.31643362290662
"DTXSID00143082",-1.91952762668034,3.05458060920658
"DTXSID50352086",-1.86802624565074,-0.405972649512309
"DTXSID50364604",-1.87559138663844,-2.85494375995216
"DTXSID70415309",-1.87214923287966,3.10673370395978
"DTXSID50685725",-1.84691019685079,2.0350457096754
"DTXSID90543077",-1.84945143333785,-1.23984997714418
"DTXSID70439601",-1.93355202697793,-1.16195772774415
"DTXSID00531324",-1.87362444471423,1.60804132142404
"DTXSID30685485",-1.84522676008299,0.957967752672953
"DTXSID70546329",-1.88686072652244,2.9825551008694
"DTXSID80676909",-1.87824622304703,5.29435589272997
"DTXSID00191689",-1.91124950143522,2.33806404352525
"DTXSID70795931",-1.90126486073473,-0.228682495426198
"DTXSID20869590",-1.85482621141369,1.85321518718511
"DTXSID50420830",-1.87407032535944,1.23323101301513
"DTXSID10350366",-1.90771639240012,0.159494148735118
"DTXSID80452568",-1.87891681217086,3.2603764554171
"DTXSID20877175",-1.842545584556,-0.0621312351081182
"DTXSID40733385",-1.90482121883942,-4.64795681008154
"DTXSID80416463",-1.87145694509263,-0.608819642456371
"DTXSID00715824",-1.86288962350684,0.272812405309964
"DTXSID60733468",-1.8717132234765,-1.08502455007461
"DTXSID30193313",-1.86068525493096,3.94681586875635
"DTXSID70655046",-1.93382944902428,1.83179442683172
"DTXSID10681263",-1.92783964793604,1.1262489734059
"DTXSID80346574",-1.86946382279764,-0.752379616261567
"DTXSID80351502",-1.89707944052602,1.56071904956975
"DTXSID60650000",-1.8981371712307,1.82255801627673
"DTXSID70309592",-1.89370736367899,4.78980358755783
"DTXSID70852795",-1.88438568762169,4.64295409379243
"DTXSID20394519",-1.88198938449791,0.545881395671717
"DTXSID50660693",-1.86463987604626,-0.728743857510712
"DTXSID20436706",-1.8970917087653,2.9074942577714
"DTXSID60384631",-1.86138529153705,2.97594760493365
"DTXSID70533032",-1.89780904487385,-4.18632239393213
"DTXSID20706996",-1.8614238895172,-0.805578235113335
"DTXSID70526000",-1.89576045075102,-0.554793930436919
"DTXSID20491496",-1.88477392539282,-5.86607677018188
"DTXSID70228411",-1.87491819821761,-4.4503920391391
"DTXSID70582909",-1.91326841294484,-2.29002925717927
"DTXSID10342064",-1.90770820486365,2.91599849422134
"DTXSID50802157",-1.92497885466935,1.96295280510077
"DTXSID90517511",-1.85351878819198,0.0696213932168954
"DTXSID80577482",-1.91846448943175,-1.20620823509289
"DTXSID20364055",-1.93122040740256,3.73097958274266
"DTXSID30368261",-1.87272897558965,1.60007408482792
"DTXSID30284311",-1.89832522241072,-1.79844495923317
"DTXSID60829219",-1.87796612462275,1.70225787884401
"DTXSID5062340",-1.90517002407063,-5.34133788971447
"DTXSID80442823",-1.84224967632886,-0.718132147900864
"DTXSID00564334",-1.88178236012827,-2.09922129380508
"DTXSID70657060",-1.8462579623141,1.19727279971275
"DTXSID10891567",-1.93631510060115,0.50606000511333
"DTXSID40182738",-1.91184915545348,-2.83960732713004
"DTXSID90807702",-1.88997776943776,1.73100671639963
"DTXSID80346453",-1.86010785679043,-0.0718281816294358
"DTXSID30682792",-1.85707522324439,-0.291255438822587
"DTXSID10490099",-1.92708682991904,-3.3017577844666
"DTXSID30196940",-1.93795943432871,-3.11126151804802
"DTXSID90227784",-1.91245827568431,-0.201254140229945
"DTXSID90608418",-1.88090721657363,-4.1583291188265
"DTXSID50432216",-1.9183732513672,0.237606291722163
"DTXSID40504870",-1.89696371241268,3.61283978975321
"DTXSID20243674",-1.90086891667017,4.48097150536244
"DTXSID50331098",-1.85562017436745,0.626300535504945
"DTXSID30544846",-1.93652072638054,4.21448830889718
"DTXSID80403398",-1.86232967758459,-2.09184377974074
"DTXSID00628541",-1.91467254914695,2.95592167258535
"DTXSID70476056",-1.84038887971912,4.69172732660576
"DTXSID10205403",-1.93471293243705,0.571692721319279
"DTXSID40661093",-1.89326554776991,-1.49071273139004
"DTXSID10560044",-1.90688303001235,-0.259260493185817
"DTXSID50466596",-1.88160921814268,-3.57537764341678
"DTXSID70765255",-1.84219322881661,-0.27263263153622
"DTXSID90214674",-1.93067755422055,0.314567796577393
"DTXSID80406324",-1.85981113749394,2.50791159249613
"DTXSID30682777",-1.90185219904874,0.726789112703016
"DTXSID10594465",-1.90899530335997,-0.374951350783522
"DTXSID00711361",-1.84149954621021,1.69604201131647
"DTXSID40687576",-1.86436104631256,4.49465542590667
"DTXSID30521495",-1.9130240468714,3.62143749762462
"DTXSID90748141",-1.9072457208469,-0.173411186004911
"DTXSID70204836",-1.8717800810439,-1.49417761365561
"DTXSID80226105",-1.88054940834543,4.83929557783059
"DTXSID20546334",-1.86202991483883,6.26671356994509
"DTXSID60196054",-1.85521455730809,0.442408834189465
"DTXSID90327854",-1.89620196895361,-0.330686780335404
"DTXSID90739973",-1.90768189209652,1.63378424279703
"DTXSID60416522",-1.86663431808808,2.07968619691308
"DTXSID70755813",-1.90366368327406,-1.3250167548705
"DTXSID40692529",-1.92945918216701,0.477744992956817
"DTXSID40673550",-1.90772213110111,2.71235515214794
"DTXSID80799061",-1.92223875735236,-5.14279278897821
"DTXSID90643283",-1.92694689330302,-2.71424506798167
"DTXSID00689410",-1.84173819815391,4.02378085730002
"DTXSID60748592",-1.92641755474374,0.0440214694786005
"DTXSID70528544",-1.8986436179167,-0.499531783347747
"DTXSID50381513",-1.92904576233347,1.42827305688508
"DTXSID60421454",-1.83904296075061,-1.79159982426894
"DTXSID50641922",-1.85789382782166,-0.69957842127762
"DTXSID60582731",-1.84375149895827,4.03098460934038
"DTXSID50791592",-1.88761562028517,1.03147712242532
"DTXSID90581838",-1.89644344394932,-5.79553092776688
"DTXSID70500209",-1.84854230900466,-3.70669628896591
"DTXSID20311140",-1.86633185975596,2.40736734283932
"DTXSID10737774",-1.87364523248269,-3.20964281847087
"DTXSID50731099",-1.87044357891646,0.944055171275251
"DTXSID00537922",-1.90104353232321,3.13240955441084
"DTXSID80550154",-1.899489921398,-2.41386827683472
"DTXSID40855576",-1.88088004750403,3.26657675525377
"DTXSID10842534",-1.9326236827809,-1.21679983055883
"DTXSID40739802",-1.8618810945368,1.68460105959866
"DTXSID00475052",-1.8808270780039,2.14286160694067
"DTXSID20222489",-1.93252125821555,-1.67355986148574
"DTXSID20304638",-1.88003872702054,3.92154666702943
"DTXSID40452347",-1.8496978442088,2.13171453886208
"DTXSID50553011",-1.92350511779605,0.16055008858849
"DTXSID20680025",-1.88950229440972,0.531260849647807
"DTXSID00640248",-1.87934739732898,3.60747006225194
"DTXSID00826944",-1.89451270314426,-2.68457556938972
"DTXSID20894044",-1.84693966663062,-0.592109459005449
"DTXSID30742345",-1.93273718288509,-1.96077676530005
"DTXSID00525344",-1.89651352384506,-3.11568993974941
"DTXSID20696843",-1.91755151964655,2.28706784406809
"DTXSID30377313",-1.91857530877073,3.68889337198435
"DTXSID00315348",-1.91765651168037,2.66064086193185
"DTXSID60334191",-1.90350914269958,0.532310137305215
"DTXSID10609487",-1.88633529357794,4.54797249495549
"DTXSID40299693",-1.87561155879086,-0.612428458652959
"DTXSID90396989",-1.91141197500413,2.65846073112688
"DTXSID50491505",-1.8552247795408,-4.55563910544974
"DTXSID80185925",-1.87577334692066,-2.07201873835012
"DTXSID20398693",-1.90740120865384,1.25803943236777
"DTXSID70319252",-1.91546894720868,1.71971190289043
"DTXSID40547207",-1.9163796336375,1.53110690772852
"DTXSID50413747",-1.90084884863494,-0.00361962724514079
"DTXSID00309025",-1.90152759744458,4.31679357639385
"DTXSID1073737",-1.90169270886574,0.756678191477907
"DTXSID10535373",-1.88115643431059,-1.08143484165214
"DTXSID80847733",-1.92029757625529,-3.48690927352185
"DTXSID80847738",-1.91724659058835,0.75955096764744
"DTXSID20696469",-1.92507785871565,-0.0764062112273016
"DTXSID20460006",-1.89957157464418,3.3358361481136
"DTXSID80612509",-1.91326977937398,3.75333232244779
"DTXSID20858489",-1.92580954594386,-0.942032797970385
"DTXSID50577757",-1.8416757385947,-1.98070004076747
"DTXSID60457031",-1.89968463283709,1.65816293672338
"DTXSID20644203",-1.85460546944028,0.25078508677757
"DTXSID70640311",-1.93067961227088,-1.77190131415051
"DTXSID80774732",-1.87317840152967,-0.261728966343332
"DTXSID10178608",-1.92564734073044,-1.5054981128269
"DTXSID40720790",-1.90431187854015,3.62831254446349
"DTXSID80709009",-1.85903816068493,-2.57211968325865
"DTXSID90571017",-1.91887624436447,3.31695974788889
"DTXSID10822159",-1.84164832550595,-5.69385197732457
"DTXSID30651968",-1.91062184450685,2.65613348791659
"DTXSID70835048",-1.86650623444228,5.08045954383634
"DTXSID80729520",-1.87051538285485,2.21699343796938
"DTXSID90569030",-1.89115444945961,1.24007059192282
"DTXSID10790187",-1.9186033691807,2.99275939864643
"DTXSID60855831",-1.8409884639485,-1.84265569334973
"DTXSID80293337",-1.84272167398791,0.0430549860906053
"DTXSID30641324",-1.91336436477389,0.933477530745112
"DTXSID60551846",-1.84734172707329,-0.290699276675874
"DTXSID40320077",-1.84614149681291,2.03507234703962
"DTXSID80651594",-1.88060154664545,3.41161721509987
"DTXSID20693094",-1.87830410086757,0.385221849917171
"DTXSID00470688",-1.88027012099079,2.95708807177473
"DTXSID90689045",-1.88345999177174,3.52161065733138
"DTXSID50738523",-1.90851364274058,-0.5966068080437
"DTXSID80475151",-1.88799787210897,2.58600689283689
"DTXSID40792139",-1.93199576049355,-4.86005118585358
"DTXSID10763871",-1.86058631973192,0.376049306852253
"DTXSID60432186",-1.85358761295007,-1.02112888929048
"DTXSID50810419",-1.87916405265072,-2.53093790150701
"DTXSID5025861",-1.84753890501139,1.29806378848276
"DTXSID00626168",-1.85659579978472,3.04360989797249
"DTXSID40144139",-1.91958150009044,-0.236167320310343
"DTXSID90847264",-1.93044789923989,-4.00839747949092
"DTXSID60752437",-1.86458952449357,-1.51577707927976
"DTXSID00686742",-1.88186695829645,4.74441584010037
"DTXSID70306324",-1.90213908718138,3.32569873992426
"DTXSID70321158",-1.85633888779542,0.551092039280926
"DTXSID80421138",-1.85241991986067,-1.92473749629351
"DTXSID20691479",-1.89738446041492,3.87198029707417
"DTXSID60703227",-1.85092628401057,0.50743650392188
"DTXSID80640221",-1.93733354121206,3.2463932556145
"DTXSID10167279",-1.92012877000782,3.1670837474197
"DTXSID10454434",-1.88415133054255,0.618897803832301
"DTXSID40684904",-1.92052655158634,2.74828607498572
"DTXSID20681395",-1.86118593833808,1.91393498158115
"DTXSID20853691",-1.85842749842601,1.58646101944398
"DTXSID60778076",-1.88818900732092,-2.51361129581095
"DTXSID80478647",-1.88522894397716,4.1631368072187
"DTXSID10688116",-1.92678901914997,4.00546753772898
"DTXSID50757198",-1.93664996168182,-3.27761831085558
"DTXSID90499227",-1.91904861937494,-2.83579604293398
"DTXSID20439691",-1.92408110605055,3.73537308377305
"DTXSID70683364",-1.87445383553372,3.25121624108941
"DTXSID10162466",-1.86139852477723,-1.82679288150127
"DTXSID70499568",-1.84885788269815,2.72770854911289
"DTXSID40733244",-1.92854872084162,4.01013685393498
"DTXSID20369424",-1.87197750246874,1.06517442413059
"DTXSID90526643",-1.86095426215857,-4.53600927544788
"DTXSID10839747",-1.86929803512873,-3.62650484220739
"DTXSID0040387",-1.86716114194211,-0.245906219516309
"DTXSID50775130",-1.87098190766207,-2.38696620009048
"DTXSID40594594",-1.86848187402755,-1.37616740260819
"DTXSID70546965",-1.9222427262188,-1.7289731040104
"DTXSID80487931",-1.93592273078824,-0.274504574015468
"DTXSID70711272",-1.93547165315212,-5.64444329786681
"DTXSID10303615",-1.88879068862175,2.00222586034184
"DTXSID20569043",-1.8638298946877,-6.23208773521385
"DTXSID60311942",-1.92337103256257,0.584815430421998
"DTXSID70679303",-1.87641138470143,4.11353448624517
"DTXSID40844147",-1.84086675025203,2.20968313456421
"DTXSID80389906",-1.9060419616262,-3.39189013080483
"DTXSID10277781",-1.92648735134016,3.53275510204829
"DTXSID70682756",-1.86898881602977,3.86385808524661
"DTXSID60492548",-1.85540944482691,1.10620078079641
"DTXSID80408444",-1.84192023876879,0.772807354425425
"DTXSID50810994",-1.90052520102921,2.99460230314871
"DTXSID30823683",-1.84778997321318,0.342926413756639
"DTXSID40456320",-1.93249943937475,2.79880107696648
"DTXSID80344671",-1.90394373055088,0.726196391858843
"DTXSID20501029",-1.9329268945963,0.17302054730447
"DTXSID10762122",-1.86560795569427,0.697723653724792
"DTXSID20380013",-1.84284625987136,-2.40511311706966
"DTXSID90634611",-1.92272801311628,-1.40673900460088
"DTXSID10841385",-1.86806470485563,-1.97669338830841
"DTXSID90690217",-1.87562309727564,2.13596608287341
"DTXSID20298942",-1.8954018741879,-0.831802773639025
"DTXSID80528813",-1.90616694431026,1.36328252045036
"DTXSID80219638",-1.85748892538777,2.49929175451989
"DTXSID00164434",-1.92281811293982,2.33247653709247
"DTXSID40356972",-1.89690462927565,1.06368599274394
"DTXSID00157341",-1.85965380897156,2.88133612422086
"DTXSID10687568",-1.85856433388873,3.29569917461688
"DTXSID10646978",-1.85603225673939,4.18131310904162
"DTXSID50476837",-1.85507607371209,0.224435314625021
"DTXSID20746857",-1.84080756015818,1.91423326087997
"DTXSID30626237",-1.85506786810828,-1.49544636170794
"DTXSID90834396",-1.87749410957042,-0.421826762517238
"DTXSID20743664",-1.87769077008866,6.60582522724255
"DTXSID30355530",-1.84084257062069,2.55561875265352
"DTXSID50355234",-1.89200056870137,1.79864761386374
"DTXSID90531717",-1.8512200895989,0.646287046680314
"DTXSID60234127",-1.86160814327072,-3.19104639308418
"DTXSID80159702",-1.93791588210016,0.784275996327296
"DTXSID90218894",-1.85878615043527,4.87116577531594
"DTXSID50470416",-1.91098529074221,-0.53574552520204
"DTXSID00729769",-1.90447688573146,-2.31086891405758
"DTXSID50703973",-1.90784707376644,0.713349812223073
"DTXSID60732274",-1.92942281719625,-0.281293221648935
"DTXSID10686556",-1.90997277328955,2.96015731380036
"DTXSID20817652",-1.86074946521428,3.97260168021481
"DTXSID40440466",-1.84918911343331,-2.12797451042159
"DTXSID50683948",-1.89874148205017,2.03499743206211
"DTXSID20452789",-1.92468060907914,-1.30199616556395
"DTXSID80614740",-1.92789853007261,3.13181388796196
"DTXSID90296470",-1.90764049314272,2.108777211964
"DTXSID70740209",-1.91459255843345,1.47328918957777
"DTXSID20479370",-1.93098712339284,0.743498503516494
"DTXSID70202251",-1.89442685643352,-4.84166779968044
"DTXSID50312741",-1.90855311111407,-5.2165127146515
"DTXSID50621648",-1.93646277755414,-1.68971287337526
"DTXSID50704324",-1.8674612946138,1.92190039349065
"DTXSID80496043",-1.89678758516321,2.17338124936773
"DTXSID70606710",-1.89335698658174,-3.66450767092731
"DTXSID10612597",-1.92644950163559,-2.16327024318632
"DTXSID70419342",-1.85416525078119,0.544660118056176
"DTXSID70213908",-1.88153672012243,-2.45613553755926
"DTXSID30416817",-1.85626792880203,3.79806346238264
"DTXSID70594163",-1.87192859697625,2.22452688470041
"DTXSID90598406",-1.84469252788744,1.45035919418579
"DTXSID40600442",-1.92591325415919,-3.5999332615271
"DTXSID30581771",-1.92153794159217,-0.886586313569963
"DTXSID80385963",-1.8951272172452,1.170453985731
"DTXSID70399337",-1.91688631524381,1.72711801713476
"DTXSID80389042",-1.84021343431887,-2.48250747814898
"DTXSID40618805",-1.90021931838217,-4.1786266204787
"DTXSID50428735",-1.90001763194923,-4.06966513980841
"DTXSID10396461",-1.85275746064571,4.39505276194327
"DTXSID50163058",-1.85040758180982,3.38014346083253
"DTXSID50635806",-1.89712125641215,1.06390666499217
"DTXSID50216336",-1.88587129953928,5.61692511293063
"DTXSID30631109",-1.87413673543392,2.08275171164509
"DTXSID50783513",-1.84739081506787,-2.21492763561941
"DTXSID70144425",-1.86130181464553,1.19243696434808
"DTXSID00703549",-1.91648238624488,4.19666442641534
"DTXSID30358122",-1.8988200676221,-4.91280378017481
"DTXSID60377765",-1.93273336276047,-4.4826880889757
"DTXSID80326078",-1.85458645191129,3.23995887726838
"DTXSID70437607",-1.84744707827549,1.10210230967206
"DTXSID20459258",-1.87325410538215,3.60972972480832
"DTXSID60723389",-1.90596650181612,-0.814434240133489
"DTXSID80143989",-1.90248541478151,1.24980241968735
"DTXSID70785791",-1.91174868146187,1.47709721903784
"DTXSID60429394",-1.8447742684277,1.1279961147567
"DTXSID20321022",-1.89077631867133,-0.885296512590299
"DTXSID70409187",-1.87007544715514,1.12086973741688
"DTXSID10687164",-1.87820965935183,4.74728147403967
"DTXSID70684553",-1.88092088689286,3.57396441836239
"DTXSID00596615",-1.89513027127622,0.642454316999465
"DTXSID40688306",-1.9166860670862,3.63022536335926
"DTXSID10513792",-1.92175282392961,2.88464641048464
"DTXSID50692757",-1.87050442093721,2.27395440183359
"DTXSID20817157",-1.83847234445086,-6.91592615307725
"DTXSID5063730",-1.91482292387943,2.3620408105217
"DTXSID10425144",-1.89468486017554,-4.71972974555353
"DTXSID80686447",-1.83994516354011,3.89491625132348
"DTXSID40758391",-1.90951446851104,-3.96662339916986
"DTXSID70328602",-1.8729988649501,-3.83731165728477
"DTXSID00737743",-1.89515058422707,-3.87333683087339
"DTXSID00874561",-1.85086225093881,1.0587022898717
"DTXSID20828102",-1.87781585229015,-0.227699507802274
"DTXSID40716113",-1.87011091557623,0.750569915178816
"DTXSID70532121",-1.85061321912692,2.38506548619682
"DTXSID00294043",-1.89417985425607,1.46846886644081
"DTXSID30653841",-1.89445675179404,0.478128510490344
"DTXSID20189341",-1.89652763237202,-2.6578371646491
"DTXSID30566402",-1.84744735375515,1.46579199272469
"DTXSID50462396",-1.91554405958803,-1.07008385538184
"DTXSID80876821",-1.88976927077553,1.73859054670831
"DTXSID70316468",-1.93048576411581,-3.03236814523979
"DTXSID60509180",-1.86405152753117,0.50902211868152
"DTXSID90406451",-1.85979034413987,5.20843371844065
"DTXSID70358949",-1.87170246185619,0.0445947491302942
"DTXSID70831469",-1.85258801619193,-0.370094513030677
"DTXSID90151914",-1.89957816232108,3.32839967134646
"DTXSID50345736",-1.93699326800738,-0.702329116200313
"DTXSID70627243",-1.90383546045126,-0.886046668140853
"DTXSID60687952",-1.9134624351695,3.76325965511369
"DTXSID30683123",-1.90978558791683,0.927386425884095
"DTXSID60783509",-1.85263997184709,-3.3931313267909
"DTXSID60462741",-1.88921564346072,0.296019041160902
"DTXSID30182348",-1.86668413378437,2.53058542575321
"DTXSID40742770",-1.84989422283311,4.19543178654041
"DTXSID30463467",-1.88029226288605,-3.6145135373705
"DTXSID60638328",-1.9344216939207,2.98523383499856
"DTXSID40656388",-1.84012681023357,-2.58365010287371
"DTXSID00386295",-1.91765832641957,0.596891113428898
"DTXSID30293544",-1.92553871033546,3.29514527134335
"DTXSID50684091",-1.88443521311602,0.673760635022389
"DTXSID00390074",-1.85934549909719,2.38789595316345
"DTXSID00287031",-1.85714980956698,-5.72334795100978
"DTXSID70597816",-1.92213267787642,2.33592509820931
"DTXSID50523436",-1.93727393806512,-0.294350055377976
"DTXSID90170488",-1.86708563751099,0.266618952090343
"DTXSID00562274",-1.92293079198417,-1.28279832087302
"DTXSID30582324",-1.92692448993773,3.2022436095655
"DTXSID00568716",-1.84894734336759,-0.635442538270493
"DTXSID20463496",-1.87182962008529,0.575304227827343
"DTXSID40578551",-1.92637291971973,2.8534317590351
"DTXSID80691879",-1.87474548576484,3.96411438990517
"DTXSID00733649",-1.8530151067528,-1.69135599873484
"DTXSID30295361",-1.93203619945179,1.1565504213957
"DTXSID60728253",-1.90047184653208,-2.35861640393651
"DTXSID60683010",-1.87280198105394,2.10798540028544
"DTXSID10533990",-1.88184109167025,0.743463814542297
"DTXSID70439909",-1.89289919432305,3.07743141620539
"DTXSID60587685",-1.88715215438714,-1.82553632721132
"DTXSID20688021",-1.86154288659586,5.33262062529085
"DTXSID7069865",-1.86325156891641,3.08412484110612
"DTXSID20687918",-1.91441853571466,3.51873617966835
"DTXSID20891659",-1.85676409320285,-2.85263564427285
"DTXSID80762851",-1.86478209545619,-4.89279915379192
"DTXSID90618118",-1.90761932019682,1.15785143054509
"DTXSID90372465",-1.8858726376843,2.44476231554707
"DTXSID40656883",-1.9200622459988,2.92888907649068
"DTXSID30298296",-1.84751516268118,2.66713505489666
"DTXSID60178436",-1.85123356095601,-2.07811578657532
"DTXSID50688115",-1.85298723091633,4.32616860775848
"DTXSID80236224",-1.88859631463474,0.237996806102362
"DTXSID40762918",-1.91708385187006,3.3267895332672
"DTXSID60507924",-1.84610215608784,-3.72829118909562
"DTXSID40490906",-1.86135829430024,1.24747435124662
"DTXSID60377548",-1.89088235327348,4.70478977659232
"DTXSID50446212",-1.90823993999471,0.676599997917694
"DTXSID10355250",-1.92855347388632,0.550210966526752
"DTXSID50691023",-1.84477549116442,3.79414588786713
"DTXSID10416259",-1.89199640836749,2.93494342624214
"DTXSID30492378",-1.92049411163388,4.39255269688244
"DTXSID60650308",-1.87346083354705,1.48765801644889
"DTXSID70308989",-1.93319827189186,1.86307852680498
"DTXSID30698772",-1.92314764445605,1.18300478255638
"DTXSID50606859",-1.86466544442882,2.30134674042998
"DTXSID70645003",-1.85547923676055,1.21265140674489
"DTXSID40299138",-1.87450576218972,-0.928400523614362
"DTXSID10684537",-1.8400017807847,2.6783212676432
"DTXSID50274416",-1.87068730168767,1.47145019315299
"DTXSID90649280",-1.83908201641581,5.16251702551631
"DTXSID90395134",-1.86723965315645,3.23485903889375
"DTXSID60488885",-1.92738420590248,-0.480990285733722
"DTXSID30532425",-1.88683311056075,3.60083724987699
"DTXSID20769425",-1.90595992932614,-7.61431983300945
"DTXSID00689773",-1.8963614525938,2.16831374284289
"DTXSID50744124",-1.90473925438481,-0.790344885562695
"DTXSID30724308",-1.92283011430345,0.657405362167094
"DTXSID40159061",-1.84832906915926,0.478409336067808
"DTXSID40159066",-1.89014472898642,0.173169924314266
"DTXSID20640760",-1.92661610977075,2.54096568293701
"DTXSID70369398",-1.93734887140543,4.47586123429302
"DTXSID40402347",-1.93029485137312,3.66489121463713
"DTXSID00886705",-1.88781186646052,1.8337236330793
"DTXSID20804683",-1.91796709841188,-2.16908613825103
"DTXSID90852898",-1.88400649607218,2.80652556941481
"DTXSID00536854",-1.89447623022016,1.97413789570125
"DTXSID80799344",-1.88567854454006,-3.81396489383928
"DTXSID10443207",-1.93525015029691,1.53186953207944
"DTXSID90170569",-1.87508146217644,-0.635163155849713
"DTXSID50236211",-1.84142693489971,3.4228413444301
"DTXSID60536133",-1.9326541087457,1.00587940081479
"DTXSID10603809",-1.8718806198629,-1.95938115330644
"DTXSID40881097",-1.84264275345795,-3.19510446501735
"DTXSID60474445",-1.93787320528917,-0.668766519835098
"DTXSID30299288",-1.91342750456522,-0.654871538721699
"DTXSID00453355",-1.87330553378815,0.0893616623636486
"DTXSID90304307",-1.87512833689531,2.42482134046063
"DTXSID30681129",-1.90542322690123,2.79827478731224
"DTXSID10808872",-1.89230211458897,2.55662851728938
"DTXSID70502268",-1.86095239829635,2.89181269682106
"DTXSID50644074",-1.88765073971686,-0.67304286711056
"DTXSID90462476",-1.85932109493216,-3.20377279350511
"DTXSID90722961",-1.85507795471636,0.0848731258210598
