ID	Neighbors
DTXSID5059296	DTXSID40667575 DTXSID20492625 DTXSID50221364 DTXSID00338097 DTXSID20339268 DTXSID00448923 DTXSID30628054 DTXSID70551236 DTXSID80485139 DTXSID20728537 DTXSID90738966 DTXSID60876905 DTXSID20464706 DTXSID70733212 DTXSID50561439 DTXSID60343788 DTXSID90825244 DTXSID80468881 DTXSID20656109 DTXSID90640535
DTXSID40619211	DTXSID90739716 DTXSID90444015 DTXSID60400628 DTXSID50576907 DTXSID20312470 DTXSID10371773 DTXSID90452650 DTXSID20698160 DTXSID50879364 DTXSID60709284 DTXSID50812953 DTXSID10195335 DTXSID00576553 DTXSID60784278 DTXSID80302291 DTXSID20624964 DTXSID10494698 DTXSID70469226 DTXSID50696210 DTXSID30194007
DTXSID90485307	DTXSID00427854 DTXSID50663063 DTXSID90493144 DTXSID40792871 DTXSID70472139 DTXSID00490846 DTXSID20876264 DTXSID70320828 DTXSID70170840 DTXSID40222441 DTXSID40427853 DTXSID60668665 DTXSID00308578 DTXSID50310126 DTXSID20504696 DTXSID40177548 DTXSID00322673 DTXSID40540213 DTXSID60441415 DTXSID80664260
DTXSID20682347	DTXSID10359354 DTXSID60179988 DTXSID80595247 DTXSID90707096 DTXSID80729803 DTXSID30493143 DTXSID10289521 DTXSID70694495 DTXSID00755240 DTXSID60649297 DTXSID30701937 DTXSID20796933 DTXSID1066104 DTXSID90706640 DTXSID80338510 DTXSID10471782 DTXSID50657063 DTXSID80449453 DTXSID30384628 DTXSID80561604
DTXSID00380238	DTXSID40274541 DTXSID80501883 DTXSID10236696 DTXSID70217345 DTXSID40523006 DTXSID00392376 DTXSID50535852 DTXSID40770336 DTXSID40645631 DTXSID30362789 DTXSID70652439 DTXSID80537829 DTXSID70276876 DTXSID20797748 DTXSID40877455 DTXSID80562893 DTXSID40464884 DTXSID30344606 DTXSID50290696 DTXSID70473525
DTXSID90291925	DTXSID90313277 DTXSID00182759 DTXSID90478239 DTXSID50361274 DTXSID60407293 DTXSID20284901 DTXSID80543965 DTXSID90466833 DTXSID90388102 DTXSID00241971 DTXSID00720978 DTXSID90814719 DTXSID90474372 DTXSID20704078 DTXSID10736227 DTXSID60370650 DTXSID10739854 DTXSID20417717 DTXSID40744315 DTXSID60151047
DTXSID00305805	DTXSID70159413 DTXSID60542759 DTXSID0062139 DTXSID50378741 DTXSID2024791 DTXSID80444004 DTXSID80528671 DTXSID50352682 DTXSID10180923 DTXSID3057692 DTXSID80299652 DTXSID60489296 DTXSID10713593 DTXSID80457351 DTXSID40175741 DTXSID00669237 DTXSID50727174 DTXSID40468009 DTXSID00559528 DTXSID90408576
DTXSID00171365	DTXSID60762692 DTXSID60523124 DTXSID00405738 DTXSID10627489 DTXSID10633424 DTXSID40797200 DTXSID50837207 DTXSID90541598 DTXSID20762693 DTXSID20148998 DTXSID60625556 DTXSID10467660 DTXSID60188550 DTXSID70240355 DTXSID50545613 DTXSID40413276 DTXSID4022076 DTXSID60704451 DTXSID00502150 DTXSID90433782
DTXSID10500324	DTXSID00763380 DTXSID20341866 DTXSID70460152 DTXSID20431170 DTXSID00391541 DTXSID90784241 DTXSID90487604 DTXSID50457944 DTXSID60184971 DTXSID70569078 DTXSID10838811 DTXSID80169801 DTXSID30302286 DTXSID10404676 DTXSID50340226 DTXSID10818299 DTXSID40200784 DTXSID80466206 DTXSID70792849 DTXSID90755951
DTXSID40811839	DTXSID50791274 DTXSID70564664 DTXSID60884823 DTXSID00778656 DTXSID30538700 DTXSID50482655 DTXSID90462451 DTXSID60812121 DTXSID30809604 DTXSID00281615 DTXSID40532355 DTXSID50632714 DTXSID40279031 DTXSID60240440 DTXSID00339069 DTXSID10790102 DTXSID70159913 DTXSID00786099 DTXSID60659735 DTXSID8051706
DTXSID70498152	DTXSID20290880 DTXSID50646674 DTXSID60415636 DTXSID60338038 DTXSID40679875 DTXSID10672434 DTXSID40279910 DTXSID30406531 DTXSID20536457 DTXSID00409352 DTXSID30854114 DTXSID40431016 DTXSID0058514 DTXSID70602333 DTXSID60312176 DTXSID80275653 DTXSID50619383 DTXSID20275490 DTXSID30525913 DTXSID60652327
DTXSID10491920	DTXSID50637522 DTXSID80162392 DTXSID20435658 DTXSID50778606 DTXSID00872860 DTXSID00484583 DTXSID20231591 DTXSID90529871 DTXSID40507649 DTXSID30382886 DTXSID20678220 DTXSID90319355 DTXSID70339011 DTXSID30542968 DTXSID90499202 DTXSID50451245 DTXSID60501402 DTXSID80578838 DTXSID20471031 DTXSID50874359
DTXSID90814597	DTXSID10678537 DTXSID50719852 DTXSID10630897 DTXSID10533430 DTXSID40668567 DTXSID50522469 DTXSID70319419 DTXSID60341603 DTXSID60790435 DTXSID10786267 DTXSID00809813 DTXSID00698901 DTXSID90876473 DTXSID10309314 DTXSID00829995 DTXSID70631668 DTXSID90237202 DTXSID80876982 DTXSID10667643 DTXSID40303103
DTXSID70678311	DTXSID40487235 DTXSID3073719 DTXSID20522476 DTXSID30847288 DTXSID90222719 DTXSID90286755 DTXSID80819470 DTXSID70554621 DTXSID00321702 DTXSID50451407 DTXSID10327533 DTXSID40526577 DTXSID7029372 DTXSID80369228 DTXSID00802844 DTXSID80534131 DTXSID50450490 DTXSID40493593 DTXSID80674147 DTXSID30524481
DTXSID30511452	DTXSID20477912 DTXSID60536719 DTXSID00725605 DTXSID1068229 DTXSID70708324 DTXSID80299970 DTXSID00453451 DTXSID10733074 DTXSID90388046 DTXSID60671492 DTXSID50696412 DTXSID60813077 DTXSID90326600 DTXSID20656366 DTXSID80782413 DTXSID70408650 DTXSID90734347 DTXSID10439589 DTXSID70647688 DTXSID70611081
DTXSID80453838	DTXSID20298200 DTXSID20671716 DTXSID70195699 DTXSID90651202 DTXSID80712533 DTXSID40545728 DTXSID60675071 DTXSID50496494 DTXSID10375655 DTXSID80706492 DTXSID50727174 DTXSID00729865 DTXSID30532662 DTXSID60458280 DTXSID30499004 DTXSID90547671 DTXSID70599118 DTXSID10547673 DTXSID60757260 DTXSID10713593
DTXSID50507514	DTXSID30545994 DTXSID60346279 DTXSID10699722 DTXSID50697661 DTXSID80765908 DTXSID10544364 DTXSID50759410 DTXSID10866598 DTXSID70704008 DTXSID10610179 DTXSID70525891 DTXSID90609465 DTXSID60831938 DTXSID10552787 DTXSID50832292 DTXSID30874352 DTXSID60407056 DTXSID50788144 DTXSID00534259 DTXSID6052324
DTXSID10475826	DTXSID10241220 DTXSID40283895 DTXSID8067105 DTXSID60545649 DTXSID40223857 DTXSID20849418 DTXSID30173534 DTXSID70641227 DTXSID00340756 DTXSID80633774 DTXSID60752593 DTXSID50492532 DTXSID1023447 DTXSID00345867 DTXSID30471305 DTXSID30285782 DTXSID5060726 DTXSID10705918 DTXSID10483209 DTXSID20698403
DTXSID40886880	DTXSID10805583 DTXSID50775332 DTXSID00281130 DTXSID90280773 DTXSID40840361 DTXSID00694029 DTXSID00618164 DTXSID90469309 DTXSID10317277 DTXSID60460363 DTXSID30793837 DTXSID70711257 DTXSID8051706 DTXSID3026564 DTXSID3042003 DTXSID80893735 DTXSID00597728 DTXSID10239187 DTXSID50823948 DTXSID60300730
DTXSID70342626	DTXSID80699370 DTXSID10617229 DTXSID40625731 DTXSID10448414 DTXSID00781261 DTXSID70858070 DTXSID80786658 DTXSID40826463 DTXSID20615493 DTXSID30336703 DTXSID50552024 DTXSID20481190 DTXSID80364490 DTXSID60281853 DTXSID50454695 DTXSID90213687 DTXSID50462639 DTXSID40386395 DTXSID40398079 DTXSID60640320
DTXSID40276348	DTXSID50640374 DTXSID40490688 DTXSID80519504 DTXSID30496230 DTXSID80753441 DTXSID90527650 DTXSID80402341 DTXSID50656218 DTXSID30542463 DTXSID60876142 DTXSID50559694 DTXSID80557042 DTXSID8036653 DTXSID20288681 DTXSID90366985 DTXSID30165636 DTXSID00559806 DTXSID90306129 DTXSID70562589 DTXSID70379053
DTXSID00739949	DTXSID30327237 DTXSID80757646 DTXSID30586246 DTXSID70550401 DTXSID50197510 DTXSID20352992 DTXSID10436856 DTXSID30536807 DTXSID60609316 DTXSID50388229 DTXSID00192772 DTXSID60424884 DTXSID90400712 DTXSID10321879 DTXSID90614236 DTXSID40291475 DTXSID00611337 DTXSID90509411 DTXSID90293308 DTXSID40846969
DTXSID80468881	DTXSID90825244 DTXSID70383372 DTXSID50807743 DTXSID70503573 DTXSID20339268 DTXSID90191875 DTXSID40694346 DTXSID90474074 DTXSID00543245 DTXSID70574046 DTXSID70551236 DTXSID30473081 DTXSID20656109 DTXSID60501402 DTXSID00338097 DTXSID50874359 DTXSID30628054 DTXSID60876905 DTXSID5059296 DTXSID80485139
DTXSID70780766	DTXSID20792955 DTXSID80611870 DTXSID30167256 DTXSID60740637 DTXSID80283036 DTXSID60315945 DTXSID10448853 DTXSID70499967 DTXSID50596322 DTXSID00820260 DTXSID40474807 DTXSID20876587 DTXSID90513452 DTXSID20815673 DTXSID70814070 DTXSID60586193 DTXSID50579054 DTXSID20571666 DTXSID60558310 DTXSID40576476
DTXSID30319213	DTXSID10744428 DTXSID00418328 DTXSID10426696 DTXSID80606589 DTXSID20766015 DTXSID00294381 DTXSID20362990 DTXSID80708592 DTXSID40473991 DTXSID10326081 DTXSID40393084 DTXSID30698318 DTXSID40241632 DTXSID00374011 DTXSID30618435 DTXSID00388350 DTXSID20549406 DTXSID70711550 DTXSID60370650 DTXSID70513152
DTXSID50597576	DTXSID90480155 DTXSID60876965 DTXSID70402698 DTXSID30651201 DTXSID20406161 DTXSID60671553 DTXSID70444013 DTXSID20752594 DTXSID00780936 DTXSID10402339 DTXSID70514285 DTXSID10659745 DTXSID50315570 DTXSID00182673 DTXSID80339067 DTXSID70424719 DTXSID00282965 DTXSID30663066 DTXSID50458315 DTXSID20353681
DTXSID20564316	DTXSID30321194 DTXSID70392328 DTXSID20875878 DTXSID70665004 DTXSID90444156 DTXSID50147050 DTXSID80712154 DTXSID60785200 DTXSID10634274 DTXSID30879706 DTXSID60173527 DTXSID60305467 DTXSID90434618 DTXSID70780645 DTXSID00371969 DTXSID60299094 DTXSID10342286 DTXSID70593353 DTXSID40352676 DTXSID10313537
DTXSID2040280	DTXSID2026602 DTXSID0046147 DTXSID20502450 DTXSID80287832 DTXSID90705799 DTXSID00719160 DTXSID50668230 DTXSID50724466 DTXSID80484561 DTXSID50733073 DTXSID90833162 DTXSID70582525 DTXSID60658369 DTXSID10313532 DTXSID40847052 DTXSID40228701 DTXSID50696336 DTXSID50555378 DTXSID00754490 DTXSID60458866
DTXSID90708402	DTXSID70431468 DTXSID90810493 DTXSID30734048 DTXSID80604000 DTXSID90694952 DTXSID70309077 DTXSID50490730 DTXSID00403279 DTXSID70742980 DTXSID70614779 DTXSID70618696 DTXSID50738568 DTXSID20739168 DTXSID90501470 DTXSID90843903 DTXSID20629833 DTXSID20170274 DTXSID4068533 DTXSID20216883 DTXSID70383670
DTXSID70652898	DTXSID00355800 DTXSID90390240 DTXSID80463679 DTXSID20509580 DTXSID30544482 DTXSID40852686 DTXSID70541990 DTXSID70341093 DTXSID90473103 DTXSID60560913 DTXSID50508400 DTXSID40210247 DTXSID70582368 DTXSID50624255 DTXSID10539896 DTXSID90578465 DTXSID70393678 DTXSID10556407 DTXSID40192418 DTXSID70612518
DTXSID60795081	DTXSID00632966 DTXSID70709896 DTXSID10577450 DTXSID30865700 DTXSID00161882 DTXSID50816734 DTXSID90796788 DTXSID20613499 DTXSID60536552 DTXSID80742456 DTXSID30851466 DTXSID40816728 DTXSID40636908 DTXSID60816720 DTXSID50811567 DTXSID50816739 DTXSID70842010 DTXSID00809999 DTXSID00787066 DTXSID90445481
DTXSID50731357	DTXSID80562398 DTXSID90808911 DTXSID10694474 DTXSID80534575 DTXSID20876603 DTXSID70888756 DTXSID90330222 DTXSID00606586 DTXSID10322225 DTXSID70393390 DTXSID90572428 DTXSID20593303 DTXSID10669723 DTXSID9044293 DTXSID00403214 DTXSID50461349 DTXSID30235823 DTXSID20478323 DTXSID90778569 DTXSID40738931
DTXSID90335116	DTXSID70306869 DTXSID1052585 DTXSID80196490 DTXSID80483211 DTXSID60179645 DTXSID80222480 DTXSID50383592 DTXSID60350371 DTXSID10485607 DTXSID00843479 DTXSID00303785 DTXSID90571976 DTXSID40552058 DTXSID10886357 DTXSID40367063 DTXSID10831084 DTXSID80479295 DTXSID00164439 DTXSID40483212 DTXSID5059822
DTXSID50345231	DTXSID40556238 DTXSID3075335 DTXSID00515129 DTXSID40727906 DTXSID20793487 DTXSID30675245 DTXSID90798186 DTXSID60682265 DTXSID90321852 DTXSID10506048 DTXSID50761336 DTXSID60783822 DTXSID00809530 DTXSID00295196 DTXSID10820094 DTXSID30798185 DTXSID00658368 DTXSID30639701 DTXSID80630541 DTXSID40662505
DTXSID40181084	DTXSID50778843 DTXSID4074271 DTXSID50177630 DTXSID70762224 DTXSID90778665 DTXSID50816158 DTXSID00787167 DTXSID90470157 DTXSID40439936 DTXSID10338821 DTXSID50297620 DTXSID00621330 DTXSID20173321 DTXSID3058955 DTXSID70562488 DTXSID90816713 DTXSID00290247 DTXSID70799712 DTXSID90640974 DTXSID70532929
DTXSID80641117	DTXSID70543696 DTXSID90885863 DTXSID20528296 DTXSID10820791 DTXSID60623592 DTXSID40560431 DTXSID20350337 DTXSID00444369 DTXSID00650185 DTXSID20633374 DTXSID6041501 DTXSID70534448 DTXSID30452058 DTXSID20201895 DTXSID60533288 DTXSID50215829 DTXSID50705639 DTXSID50341793 DTXSID80464702 DTXSID40552518
DTXSID90385934	DTXSID40619296 DTXSID00579983 DTXSID80323663 DTXSID20281692 DTXSID50710086 DTXSID00318718 DTXSID60645895 DTXSID40874348 DTXSID90845982 DTXSID40207955 DTXSID80889294 DTXSID60443732 DTXSID90400696 DTXSID30642376 DTXSID50821545 DTXSID90768041 DTXSID10380522 DTXSID80444347 DTXSID50771132 DTXSID90758669
DTXSID3072242	DTXSID30427322 DTXSID70886515 DTXSID40376130 DTXSID20875813 DTXSID50601283 DTXSID70607767 DTXSID10896395 DTXSID40839114 DTXSID30897546 DTXSID50334625 DTXSID00851251 DTXSID60896042 DTXSID90312927 DTXSID30789432 DTXSID00430101 DTXSID90794628 DTXSID70201486 DTXSID30192987 DTXSID40877197 DTXSID70322903
DTXSID30844757	DTXSID70366605 DTXSID10796583 DTXSID20390950 DTXSID2041963 DTXSID60744312 DTXSID00539461 DTXSID90401946 DTXSID80318034 DTXSID3073397 DTXSID40501208 DTXSID60459959 DTXSID90411444 DTXSID00425552 DTXSID60281555 DTXSID30649502 DTXSID0059081 DTXSID00182971 DTXSID50375033 DTXSID90799638 DTXSID80627799
DTXSID70281485	DTXSID60667577 DTXSID60829072 DTXSID60289273 DTXSID80713888 DTXSID20370717 DTXSID40676425 DTXSID40396919 DTXSID40745100 DTXSID00604441 DTXSID30714365 DTXSID60790258 DTXSID30777990 DTXSID10532468 DTXSID40751488 DTXSID00606642 DTXSID00533141 DTXSID70317031 DTXSID30494877 DTXSID80600986 DTXSID1044514
DTXSID40196774	DTXSID00726157 DTXSID70530864 DTXSID60436442 DTXSID60739460 DTXSID70477588 DTXSID90198723 DTXSID90174022 DTXSID40658504 DTXSID20294540 DTXSID60175440 DTXSID80465552 DTXSID70788823 DTXSID60716933 DTXSID40388076 DTXSID60745268 DTXSID70337855 DTXSID10742747 DTXSID30208956 DTXSID80597261 DTXSID40831017
DTXSID40462249	DTXSID70559191 DTXSID70241625 DTXSID00444344 DTXSID30567075 DTXSID50709910 DTXSID50621249 DTXSID80502759 DTXSID50527777 DTXSID50354681 DTXSID20476162 DTXSID70359395 DTXSID50728005 DTXSID00452565 DTXSID00523683 DTXSID10518101 DTXSID20509883 DTXSID80543061 DTXSID50188302 DTXSID20241751 DTXSID70328364
DTXSID50448771	DTXSID30181735 DTXSID30456915 DTXSID70436918 DTXSID10475568 DTXSID90559138 DTXSID10240733 DTXSID80493395 DTXSID60522556 DTXSID70651442 DTXSID00621052 DTXSID40488742 DTXSID60403199 DTXSID00720559 DTXSID90693223 DTXSID10454999 DTXSID60651597 DTXSID80629657 DTXSID80228265 DTXSID70508063 DTXSID10421101
DTXSID60327528	DTXSID2072881 DTXSID40334154 DTXSID60536719 DTXSID70557910 DTXSID00391061 DTXSID80299970 DTXSID70408650 DTXSID80434162 DTXSID70275501 DTXSID10452955 DTXSID80464368 DTXSID80470489 DTXSID0064672 DTXSID90848559 DTXSID00603050 DTXSID20477912 DTXSID60800068 DTXSID90346141 DTXSID40508111 DTXSID10519254
DTXSID60425199	DTXSID70341018 DTXSID30385110 DTXSID70589837 DTXSID00541362 DTXSID5068158 DTXSID00876742 DTXSID10307496 DTXSID10211680 DTXSID30640913 DTXSID50335233 DTXSID70353237 DTXSID40697155 DTXSID00302733 DTXSID20485153 DTXSID00363884 DTXSID20640866 DTXSID50553950 DTXSID40845735 DTXSID50799997 DTXSID20163722
DTXSID80735383	DTXSID90790605 DTXSID90209803 DTXSID90213187 DTXSID40738597 DTXSID50148269 DTXSID00724456 DTXSID30149274 DTXSID90330909 DTXSID80561604 DTXSID70787391 DTXSID60558138 DTXSID30574401 DTXSID40528793 DTXSID90557134 DTXSID00438283 DTXSID30481989 DTXSID60786631 DTXSID30384628 DTXSID60790258 DTXSID20732412
DTXSID10673906	DTXSID10586047 DTXSID10771759 DTXSID00520293 DTXSID00619277 DTXSID4045682 DTXSID10470412 DTXSID90499641 DTXSID20605758 DTXSID90205022 DTXSID30291883 DTXSID4061254 DTXSID20378677 DTXSID70828773 DTXSID90554466 DTXSID80162079 DTXSID80572896 DTXSID50297443 DTXSID30217503 DTXSID70542023 DTXSID80142856
DTXSID00819290	DTXSID00794972 DTXSID40773347 DTXSID60813436 DTXSID00625252 DTXSID20535622 DTXSID90283522 DTXSID40455499 DTXSID60880764 DTXSID00770579 DTXSID40462365 DTXSID40838642 DTXSID90719593 DTXSID80783304 DTXSID40802964 DTXSID10462332 DTXSID10771234 DTXSID90782323 DTXSID20557243 DTXSID90306669 DTXSID90171536
DTXSID40670408	DTXSID10547456 DTXSID10455027 DTXSID50565977 DTXSID30534449 DTXSID80401773 DTXSID40705360 DTXSID20506014 DTXSID30642134 DTXSID40610021 DTXSID30453484 DTXSID40474029 DTXSID00571482 DTXSID80509384 DTXSID10241407 DTXSID10634996 DTXSID20350337 DTXSID40666846 DTXSID40593340 DTXSID90348625 DTXSID90885863
DTXSID60443631	DTXSID60365925 DTXSID90640813 DTXSID90614711 DTXSID00472844 DTXSID00350315 DTXSID50230830 DTXSID50310747 DTXSID4060739 DTXSID40319825 DTXSID20624303 DTXSID40794991 DTXSID40598698 DTXSID90374045 DTXSID60711948 DTXSID10565357 DTXSID80817057 DTXSID80391327 DTXSID10474339 DTXSID70401020 DTXSID60157009
DTXSID80170356	DTXSID50544085 DTXSID20590251 DTXSID20437475 DTXSID30146309 DTXSID70670138 DTXSID20192491 DTXSID10340242 DTXSID30187171 DTXSID30543016 DTXSID00625858 DTXSID70651563 DTXSID80733804 DTXSID10452450 DTXSID20538310 DTXSID70308222 DTXSID00632204 DTXSID20671211 DTXSID10600479 DTXSID30490596 DTXSID60296149
DTXSID60667577	DTXSID40676425 DTXSID70281485 DTXSID60829072 DTXSID60289273 DTXSID20370717 DTXSID10732143 DTXSID80671277 DTXSID30718969 DTXSID70317031 DTXSID10314701 DTXSID00604441 DTXSID30209347 DTXSID20834607 DTXSID80713888 DTXSID60790354 DTXSID30777990 DTXSID10528048 DTXSID30714365 DTXSID40745100 DTXSID40211577
DTXSID10211569	DTXSID70789794 DTXSID70353277 DTXSID60490347 DTXSID90896171 DTXSID70209866 DTXSID70554328 DTXSID60763987 DTXSID10377134 DTXSID40623797 DTXSID70476834 DTXSID10896254 DTXSID20846467 DTXSID00567360 DTXSID50667344 DTXSID00566070 DTXSID40713743 DTXSID90739897 DTXSID30853642 DTXSID00600983 DTXSID80470843
DTXSID20352992	DTXSID80757646 DTXSID10436856 DTXSID00739949 DTXSID80450049 DTXSID90293308 DTXSID30327237 DTXSID20790592 DTXSID30586246 DTXSID90509411 DTXSID60833316 DTXSID50197510 DTXSID50397735 DTXSID20697239 DTXSID40846969 DTXSID90400712 DTXSID30536807 DTXSID50708403 DTXSID00192772 DTXSID50388229 DTXSID70550401
DTXSID70477588	DTXSID60436442 DTXSID40658504 DTXSID20677995 DTXSID10344528 DTXSID70337855 DTXSID60739460 DTXSID60745268 DTXSID70530864 DTXSID30208956 DTXSID40196774 DTXSID80465552 DTXSID60175440 DTXSID30303157 DTXSID80284886 DTXSID20238166 DTXSID60535000 DTXSID40345927 DTXSID20695831 DTXSID50473568 DTXSID50856377
DTXSID20424946	DTXSID70395576 DTXSID80481954 DTXSID00154815 DTXSID80397783 DTXSID50659820 DTXSID90317432 DTXSID20799641 DTXSID40734716 DTXSID50350724 DTXSID70896038 DTXSID70589332 DTXSID30758224 DTXSID50181954 DTXSID20316332 DTXSID10782168 DTXSID30780585 DTXSID10167355 DTXSID60855957 DTXSID00829036 DTXSID60553360
DTXSID20733227	DTXSID30392389 DTXSID80323547 DTXSID00596397 DTXSID60159780 DTXSID00575607 DTXSID70592149 DTXSID0070784 DTXSID50814391 DTXSID60463218 DTXSID90328740 DTXSID00649599 DTXSID30276034 DTXSID70717870 DTXSID90217423 DTXSID40677331 DTXSID70336909 DTXSID40163623 DTXSID40556793 DTXSID40751463 DTXSID20722459
DTXSID20434202	DTXSID60241518 DTXSID00757749 DTXSID10149196 DTXSID30544962 DTXSID70880654 DTXSID80438044 DTXSID50639889 DTXSID50527358 DTXSID60184032 DTXSID10144484 DTXSID60642041 DTXSID60881211 DTXSID20172071 DTXSID20594678 DTXSID70614092 DTXSID10579131 DTXSID80763106 DTXSID90751933 DTXSID20621973 DTXSID40759388
DTXSID60510918	DTXSID30639766 DTXSID90294037 DTXSID90720280 DTXSID50679866 DTXSID40343786 DTXSID70285706 DTXSID2037714 DTXSID00550772 DTXSID80624889 DTXSID10801287 DTXSID80442020 DTXSID20478080 DTXSID90341893 DTXSID10567932 DTXSID10213689 DTXSID10647905 DTXSID40558595 DTXSID70789032 DTXSID00635816 DTXSID10176321
DTXSID10503471	DTXSID50828135 DTXSID20210280 DTXSID4063614 DTXSID60276426 DTXSID30819268 DTXSID00527666 DTXSID70239188 DTXSID10206612 DTXSID40659197 DTXSID40770194 DTXSID1041398 DTXSID70805761 DTXSID8027872 DTXSID30714603 DTXSID30528040 DTXSID70276578 DTXSID00892301 DTXSID00841374 DTXSID30796242 DTXSID00710076
DTXSID20895511	DTXSID80464787 DTXSID30199118 DTXSID80345264 DTXSID20508230 DTXSID30583679 DTXSID40824282 DTXSID80206947 DTXSID50571472 DTXSID20797460 DTXSID80596936 DTXSID50846839 DTXSID70377711 DTXSID70341755 DTXSID90573197 DTXSID30194385 DTXSID10609068 DTXSID70277929 DTXSID60179903 DTXSID10560827 DTXSID70352922
DTXSID10511354	DTXSID90549170 DTXSID80695776 DTXSID60193361 DTXSID70739012 DTXSID10650378 DTXSID70589756 DTXSID40642226 DTXSID20781223 DTXSID60542052 DTXSID70353111 DTXSID30409264 DTXSID40466085 DTXSID00363884 DTXSID50404296 DTXSID60885855 DTXSID60473099 DTXSID10786282 DTXSID10675228 DTXSID80436888 DTXSID10733776
DTXSID70359411	DTXSID00428720 DTXSID00145324 DTXSID6044773 DTXSID60778778 DTXSID90561074 DTXSID20295613 DTXSID80673756 DTXSID70623987 DTXSID80809139 DTXSID40226601 DTXSID80342874 DTXSID00162036 DTXSID00706792 DTXSID50604052 DTXSID70522562 DTXSID00333421 DTXSID10564320 DTXSID20528397 DTXSID80343765 DTXSID90543810
DTXSID60587786	DTXSID20500895 DTXSID80879711 DTXSID50662930 DTXSID70361650 DTXSID30593950 DTXSID80696364 DTXSID10743592 DTXSID90702203 DTXSID70850630 DTXSID50354060 DTXSID20598570 DTXSID50398949 DTXSID6067549 DTXSID90510345 DTXSID30686896 DTXSID20651159 DTXSID10645249 DTXSID80784755 DTXSID30314804 DTXSID10542860
DTXSID20856708	DTXSID00727285 DTXSID50727371 DTXSID10677540 DTXSID20372610 DTXSID10743259 DTXSID60722973 DTXSID60716675 DTXSID80696900 DTXSID20728991 DTXSID60590174 DTXSID90676672 DTXSID40672548 DTXSID10640133 DTXSID40725967 DTXSID80593006 DTXSID70346321 DTXSID50372744 DTXSID70616435 DTXSID40452221 DTXSID50843904
DTXSID60813496	DTXSID00308639 DTXSID20482662 DTXSID70630050 DTXSID60670389 DTXSID50322446 DTXSID50393757 DTXSID50164641 DTXSID50672276 DTXSID00836164 DTXSID90836193 DTXSID60591924 DTXSID1042281 DTXSID20603719 DTXSID00291259 DTXSID50305239 DTXSID60818360 DTXSID50709672 DTXSID90360625 DTXSID40427616 DTXSID80620381
DTXSID40543441	DTXSID20190770 DTXSID80452144 DTXSID20653476 DTXSID30713515 DTXSID30757772 DTXSID00364578 DTXSID70418875 DTXSID70706764 DTXSID30587935 DTXSID20318013 DTXSID60150616 DTXSID30333176 DTXSID30396761 DTXSID90543436 DTXSID00706535 DTXSID40635496 DTXSID20481377 DTXSID70517771 DTXSID40408203 DTXSID7069071
DTXSID00614904	DTXSID00178112 DTXSID70857447 DTXSID40358815 DTXSID60454621 DTXSID10438850 DTXSID40279773 DTXSID90628893 DTXSID80438847 DTXSID00606703 DTXSID10361215 DTXSID60618928 DTXSID70883463 DTXSID50375432 DTXSID30642235 DTXSID20572759 DTXSID10371152 DTXSID90320648 DTXSID20222383 DTXSID00811431 DTXSID80857236
DTXSID60459171	DTXSID50333673 DTXSID70554161 DTXSID50211245 DTXSID20318553 DTXSID10815440 DTXSID80556555 DTXSID00446065 DTXSID90670418 DTXSID00326459 DTXSID60763189 DTXSID50361299 DTXSID50369997 DTXSID70440979 DTXSID60642107 DTXSID80404820 DTXSID70492352 DTXSID80679990 DTXSID70646373 DTXSID70879705 DTXSID30614917
DTXSID10223001	DTXSID90613002 DTXSID40504198 DTXSID40776999 DTXSID50328963 DTXSID70589791 DTXSID10766645 DTXSID30848593 DTXSID60203318 DTXSID70224155 DTXSID00725468 DTXSID30342460 DTXSID10794382 DTXSID00442784 DTXSID70537510 DTXSID10651885 DTXSID70894756 DTXSID90237247 DTXSID80561528 DTXSID9048194 DTXSID80200465
DTXSID50508400	DTXSID70341093 DTXSID90390240 DTXSID70541990 DTXSID70652898 DTXSID90578465 DTXSID40192418 DTXSID40210247 DTXSID20509580 DTXSID70612518 DTXSID00355800 DTXSID90473103 DTXSID40852686 DTXSID80463679 DTXSID50624255 DTXSID80485831 DTXSID40230768 DTXSID70393678 DTXSID10627005 DTXSID30544482 DTXSID00669338
DTXSID90283648	DTXSID00237177 DTXSID10708949 DTXSID30435624 DTXSID90440052 DTXSID10647703 DTXSID60651097 DTXSID60381185 DTXSID70876072 DTXSID50290813 DTXSID80310179 DTXSID90819865 DTXSID20602343 DTXSID20600723 DTXSID50632411 DTXSID30369516 DTXSID60206102 DTXSID90439542 DTXSID40751706 DTXSID40693273 DTXSID60425730
DTXSID20876269	DTXSID30300383 DTXSID80594558 DTXSID50651021 DTXSID60876662 DTXSID20162654 DTXSID50543058 DTXSID50153696 DTXSID50308280 DTXSID50681000 DTXSID80664341 DTXSID20519503 DTXSID10561894 DTXSID80399560 DTXSID70491880 DTXSID60735008 DTXSID90598663 DTXSID50556547 DTXSID50285047 DTXSID80407255 DTXSID20356910
DTXSID6033241	DTXSID80238142 DTXSID20466467 DTXSID00186792 DTXSID00839978 DTXSID10556407 DTXSID70582368 DTXSID90369390 DTXSID70476117 DTXSID40852686 DTXSID70580985 DTXSID30544482 DTXSID90473103 DTXSID20516815 DTXSID60560913 DTXSID60451877 DTXSID80463679 DTXSID60766978 DTXSID10502308 DTXSID1068302 DTXSID30433403
DTXSID40554138	DTXSID80757020 DTXSID70876532 DTXSID90548663 DTXSID1059151 DTXSID80813559 DTXSID80787403 DTXSID00239257 DTXSID10829421 DTXSID10837920 DTXSID20730135 DTXSID60711589 DTXSID70367112 DTXSID60831579 DTXSID90290716 DTXSID60182518 DTXSID20596874 DTXSID10655924 DTXSID20876901 DTXSID90719154 DTXSID50828574
DTXSID00190899	DTXSID10313532 DTXSID40544695 DTXSID70176408 DTXSID00587583 DTXSID20582919 DTXSID20550310 DTXSID90705799 DTXSID00197762 DTXSID10765032 DTXSID40239670 DTXSID80768717 DTXSID40815312 DTXSID80357468 DTXSID00223116 DTXSID30502461 DTXSID70143731 DTXSID60486664 DTXSID50724466 DTXSID30816550 DTXSID70751971
DTXSID00399345	DTXSID60876662 DTXSID50629487 DTXSID50153696 DTXSID60458689 DTXSID80594558 DTXSID10749877 DTXSID30300383 DTXSID20405275 DTXSID20876269 DTXSID90279162 DTXSID80399560 DTXSID50556547 DTXSID10561894 DTXSID40648607 DTXSID20519503 DTXSID20162654 DTXSID00358977 DTXSID30450099 DTXSID20356910 DTXSID70491880
DTXSID70787230	DTXSID00452045 DTXSID10810733 DTXSID80466488 DTXSID70659443 DTXSID70663227 DTXSID80350737 DTXSID80463452 DTXSID20478000 DTXSID60729402 DTXSID40164599 DTXSID50896096 DTXSID30490970 DTXSID50853664 DTXSID20364510 DTXSID20222787 DTXSID30642230 DTXSID40756736 DTXSID30546800 DTXSID20578539 DTXSID30856476
DTXSID60542759	DTXSID2024791 DTXSID80528671 DTXSID00305805 DTXSID0062139 DTXSID30483483 DTXSID90408576 DTXSID80444004 DTXSID20500057 DTXSID10181490 DTXSID70721134 DTXSID80457351 DTXSID50378741 DTXSID50352682 DTXSID40175741 DTXSID90483020 DTXSID70159413 DTXSID60454661 DTXSID40468009 DTXSID20838140 DTXSID10180923
DTXSID70500269	DTXSID50512103 DTXSID5068233 DTXSID80288586 DTXSID40357808 DTXSID20862849 DTXSID90200471 DTXSID40460886 DTXSID60829451 DTXSID90388561 DTXSID10455784 DTXSID90649664 DTXSID80492621 DTXSID30725633 DTXSID50474550 DTXSID20353681 DTXSID70639144 DTXSID40641996 DTXSID10280755 DTXSID60550096 DTXSID8032675
DTXSID90719896	DTXSID50542425 DTXSID40146198 DTXSID80499756 DTXSID90707511 DTXSID40546452 DTXSID40286048 DTXSID00373504 DTXSID80451819 DTXSID90524487 DTXSID40325042 DTXSID10481523 DTXSID30466877 DTXSID40802984 DTXSID00755265 DTXSID90877561 DTXSID80289457 DTXSID90295286 DTXSID40841656 DTXSID90529396 DTXSID60533122
DTXSID30672032	DTXSID10197915 DTXSID30404754 DTXSID50709672 DTXSID70745916 DTXSID90831284 DTXSID30618253 DTXSID20326638 DTXSID30382301 DTXSID40571168 DTXSID20349685 DTXSID50305239 DTXSID30631402 DTXSID80570918 DTXSID80385004 DTXSID90300187 DTXSID1042281 DTXSID20727989 DTXSID50164641 DTXSID10653687 DTXSID60167603
DTXSID60703727	DTXSID50707895 DTXSID30816550 DTXSID70751971 DTXSID70143731 DTXSID50847088 DTXSID40382796 DTXSID2041202 DTXSID10470659 DTXSID10808413 DTXSID50341511 DTXSID80768717 DTXSID20582919 DTXSID80709549 DTXSID60662507 DTXSID60874628 DTXSID40815312 DTXSID10510241 DTXSID70176408 DTXSID40544695 DTXSID90390604
DTXSID10179115	DTXSID70504686 DTXSID20718998 DTXSID80343442 DTXSID90698511 DTXSID70334960 DTXSID70744909 DTXSID6036885 DTXSID10483385 DTXSID10547673 DTXSID70449649 DTXSID60536810 DTXSID50483384 DTXSID20368295 DTXSID90547671 DTXSID50630952 DTXSID80706492 DTXSID90623222 DTXSID90461989 DTXSID30532662 DTXSID40191264
DTXSID00732571	DTXSID60526094 DTXSID00873296 DTXSID20288045 DTXSID10721299 DTXSID20459617 DTXSID30435361 DTXSID80407816 DTXSID60573543 DTXSID90595036 DTXSID60468920 DTXSID5066089 DTXSID10341658 DTXSID00325563 DTXSID00281615 DTXSID10853165 DTXSID9069849 DTXSID80612544 DTXSID90786326 DTXSID20740698 DTXSID50198300
DTXSID80404820	DTXSID50814573 DTXSID70646373 DTXSID60763189 DTXSID80679990 DTXSID50184864 DTXSID00326459 DTXSID90530907 DTXSID70354901 DTXSID60156476 DTXSID70554161 DTXSID70445500 DTXSID00446065 DTXSID80364511 DTXSID50190425 DTXSID10815440 DTXSID10676396 DTXSID50211245 DTXSID9068904 DTXSID20318553 DTXSID70299444
DTXSID70641227	DTXSID60752593 DTXSID30471305 DTXSID40283895 DTXSID30285782 DTXSID8067105 DTXSID1023447 DTXSID00781766 DTXSID20565449 DTXSID60545649 DTXSID30173534 DTXSID10241220 DTXSID10776421 DTXSID20351581 DTXSID90492910 DTXSID00361284 DTXSID10475826 DTXSID70837481 DTXSID00340756 DTXSID60460489 DTXSID20849418
DTXSID30579431	DTXSID60469452 DTXSID00767500 DTXSID10744741 DTXSID6048888 DTXSID90750941 DTXSID20797647 DTXSID30155633 DTXSID90278413 DTXSID40473875 DTXSID70800130 DTXSID50214771 DTXSID00198037 DTXSID40219538 DTXSID70574283 DTXSID10403184 DTXSID90693561 DTXSID00752693 DTXSID50804838 DTXSID30192063 DTXSID70670234
DTXSID80879397	DTXSID40357580 DTXSID10441041 DTXSID50896137 DTXSID20307184 DTXSID10491980 DTXSID7023194 DTXSID90205587 DTXSID70668075 DTXSID70853323 DTXSID10321834 DTXSID00731302 DTXSID60598918 DTXSID90405585 DTXSID90407221 DTXSID10169758 DTXSID90629749 DTXSID70283222 DTXSID60803872 DTXSID00854560 DTXSID20417959
DTXSID40213495	DTXSID60745223 DTXSID00570016 DTXSID50825200 DTXSID60357421 DTXSID20299676 DTXSID00220882 DTXSID40543966 DTXSID10505874 DTXSID50176128 DTXSID10519178 DTXSID80609398 DTXSID70526808 DTXSID8058827 DTXSID90602810 DTXSID20661056 DTXSID70438513 DTXSID90591699 DTXSID70738949 DTXSID20503104 DTXSID80711127
DTXSID00646629	DTXSID60646347 DTXSID70578549 DTXSID10298976 DTXSID70553659 DTXSID70665448 DTXSID8060298 DTXSID80700192 DTXSID60383684 DTXSID50701111 DTXSID90162424 DTXSID40432169 DTXSID70350302 DTXSID30620215 DTXSID40671112 DTXSID30646571 DTXSID60578412 DTXSID50669924 DTXSID40517460 DTXSID50528168 DTXSID10508668
DTXSID50342886	DTXSID70236692 DTXSID20409415 DTXSID70282073 DTXSID00285491 DTXSID10555314 DTXSID10634416 DTXSID80723765 DTXSID90232353 DTXSID50478058 DTXSID20322579 DTXSID50468535 DTXSID20595640 DTXSID20892085 DTXSID70774685 DTXSID10167254 DTXSID40530331 DTXSID50491545 DTXSID10321879 DTXSID00188155 DTXSID00640283
DTXSID60502116	DTXSID90342643 DTXSID30445344 DTXSID60813572 DTXSID90510688 DTXSID90154602 DTXSID50595274 DTXSID90657446 DTXSID20681875 DTXSID60297232 DTXSID30321477 DTXSID30202378 DTXSID40287813 DTXSID80384411 DTXSID60602903 DTXSID70794808 DTXSID30160883 DTXSID90884376 DTXSID80295957 DTXSID30415688 DTXSID40659632
DTXSID5070602	DTXSID10771451 DTXSID70822857 DTXSID10339095 DTXSID80853814 DTXSID90755850 DTXSID90599953 DTXSID20346750 DTXSID30393871 DTXSID00432064 DTXSID70241241 DTXSID80759781 DTXSID30146203 DTXSID60515882 DTXSID10784248 DTXSID50804111 DTXSID40887796 DTXSID80338050 DTXSID90240731 DTXSID50796865 DTXSID70785392
DTXSID60763987	DTXSID20846467 DTXSID00566070 DTXSID90896171 DTXSID10211569 DTXSID70789794 DTXSID50667344 DTXSID60490347 DTXSID90739897 DTXSID80588038 DTXSID70353277 DTXSID10896254 DTXSID40809650 DTXSID80470843 DTXSID40713743 DTXSID10377134 DTXSID70538885 DTXSID70209866 DTXSID80879473 DTXSID80232569 DTXSID70891588
DTXSID70383473	DTXSID60708712 DTXSID90612898 DTXSID90431228 DTXSID50343737 DTXSID40210161 DTXSID00315606 DTXSID90499161 DTXSID60476803 DTXSID80381783 DTXSID70607868 DTXSID90544741 DTXSID20379503 DTXSID50694418 DTXSID00184258 DTXSID20797081 DTXSID70731470 DTXSID40303103 DTXSID80876982 DTXSID30540282 DTXSID10480899
DTXSID10547456	DTXSID50565977 DTXSID40670408 DTXSID10455027 DTXSID30534449 DTXSID40610021 DTXSID20201895 DTXSID40380277 DTXSID10742247 DTXSID20350337 DTXSID80401773 DTXSID40705360 DTXSID80509384 DTXSID40474029 DTXSID40593340 DTXSID20506014 DTXSID30642134 DTXSID90885863 DTXSID50195879 DTXSID60533288 DTXSID60533889
DTXSID30282190	DTXSID50809828 DTXSID60325625 DTXSID30761213 DTXSID00156475 DTXSID50343833 DTXSID30716667 DTXSID20758435 DTXSID60401296 DTXSID60622580 DTXSID40282924 DTXSID60875796 DTXSID90435044 DTXSID10426732 DTXSID00712035 DTXSID70672798 DTXSID90373472 DTXSID00374899 DTXSID80560576 DTXSID60742111 DTXSID50761275
DTXSID90296834	DTXSID30198484 DTXSID60757260 DTXSID30288293 DTXSID30372484 DTXSID50496494 DTXSID40795125 DTXSID10180923 DTXSID00559528 DTXSID90651202 DTXSID20671716 DTXSID20838140 DTXSID70599118 DTXSID70195699 DTXSID80453838 DTXSID90483020 DTXSID50727174 DTXSID20298200 DTXSID50314442 DTXSID3057692 DTXSID00201636
DTXSID30178928	DTXSID80297436 DTXSID50629861 DTXSID50481845 DTXSID00783982 DTXSID30205465 DTXSID10484650 DTXSID90680572 DTXSID60848460 DTXSID80324014 DTXSID80744157 DTXSID30483029 DTXSID00721061 DTXSID10700589 DTXSID60757684 DTXSID70393850 DTXSID10340247 DTXSID90477242 DTXSID50321838 DTXSID30876114 DTXSID70693443
DTXSID20429017	DTXSID80291934 DTXSID00281054 DTXSID70619067 DTXSID50372082 DTXSID40444308 DTXSID40520530 DTXSID40808289 DTXSID40593845 DTXSID80378471 DTXSID20534998 DTXSID90574381 DTXSID10506922 DTXSID80492207 DTXSID20509202 DTXSID30672274 DTXSID90651646 DTXSID00821737 DTXSID50629068 DTXSID20431074 DTXSID10661166
DTXSID80778154	DTXSID40652300 DTXSID40698521 DTXSID50147792 DTXSID80222344 DTXSID30896094 DTXSID00326515 DTXSID00748632 DTXSID60160179 DTXSID70599113 DTXSID60842948 DTXSID90222451 DTXSID00557064 DTXSID80854048 DTXSID30823663 DTXSID00151203 DTXSID80736431 DTXSID70812718 DTXSID20488649 DTXSID30551237 DTXSID40640585
DTXSID10506922	DTXSID40593845 DTXSID20431074 DTXSID30672274 DTXSID00769246 DTXSID50372082 DTXSID00281054 DTXSID20534998 DTXSID10661166 DTXSID80378471 DTXSID40444308 DTXSID90574381 DTXSID10307991 DTXSID10602690 DTXSID90706165 DTXSID40520530 DTXSID10344169 DTXSID20429017 DTXSID80728891 DTXSID80291934 DTXSID50629068
DTXSID30711814	DTXSID70696934 DTXSID30303990 DTXSID40539147 DTXSID20447155 DTXSID80665454 DTXSID30592241 DTXSID10659624 DTXSID40477959 DTXSID50510164 DTXSID50446232 DTXSID40452180 DTXSID50323352 DTXSID90801907 DTXSID70655208 DTXSID20163247 DTXSID00312019 DTXSID20184699 DTXSID40186832 DTXSID60337187 DTXSID40507301
DTXSID70743932	DTXSID30815008 DTXSID50858836 DTXSID70798725 DTXSID50423907 DTXSID70563071 DTXSID50703291 DTXSID10145133 DTXSID6070560 DTXSID00203059 DTXSID50701934 DTXSID20675239 DTXSID60887995 DTXSID4059540 DTXSID20454682 DTXSID10305518 DTXSID10835749 DTXSID70502400 DTXSID60499097 DTXSID90445022 DTXSID90825880
DTXSID30837109	DTXSID40623939 DTXSID90676738 DTXSID20423292 DTXSID90879368 DTXSID10299009 DTXSID90624653 DTXSID10646857 DTXSID20813492 DTXSID40455555 DTXSID00513665 DTXSID20187983 DTXSID60383760 DTXSID70680272 DTXSID20379543 DTXSID70316448 DTXSID30355691 DTXSID30733839 DTXSID80676848 DTXSID30397253 DTXSID10770409
DTXSID00587583	DTXSID80357468 DTXSID70176408 DTXSID10313532 DTXSID40544695 DTXSID00190899 DTXSID20582919 DTXSID70143731 DTXSID90705799 DTXSID40815312 DTXSID90390604 DTXSID80768717 DTXSID70751971 DTXSID40239670 DTXSID30816550 DTXSID50847088 DTXSID40382796 DTXSID20550310 DTXSID00197762 DTXSID0046147 DTXSID50341511
DTXSID70840859	DTXSID40315180 DTXSID00744553 DTXSID20642441 DTXSID90660374 DTXSID20526914 DTXSID80345805 DTXSID50304964 DTXSID20504116 DTXSID70849943 DTXSID10798188 DTXSID60877336 DTXSID3052355 DTXSID90339654 DTXSID40286745 DTXSID10634214 DTXSID30704004 DTXSID40632869 DTXSID10820094 DTXSID40212084 DTXSID00295196
DTXSID70572300	DTXSID60227615 DTXSID10560963 DTXSID60300674 DTXSID90506566 DTXSID00623359 DTXSID90454937 DTXSID50671709 DTXSID40722214 DTXSID90581772 DTXSID30666870 DTXSID30363079 DTXSID40482427 DTXSID10642192 DTXSID10406059 DTXSID50853664 DTXSID80612226 DTXSID50381795 DTXSID70594608 DTXSID70629489 DTXSID90578703
DTXSID20793508	DTXSID20544931 DTXSID30443108 DTXSID40749587 DTXSID60806661 DTXSID40156419 DTXSID40332150 DTXSID40765540 DTXSID80441533 DTXSID10700029 DTXSID60700918 DTXSID90458399 DTXSID60640047 DTXSID5052387 DTXSID50345559 DTXSID10852996 DTXSID20877337 DTXSID40211870 DTXSID0052388 DTXSID10518727 DTXSID10594324
DTXSID30427322	DTXSID3072242 DTXSID70607767 DTXSID50601283 DTXSID70886515 DTXSID20875813 DTXSID40376130 DTXSID70201486 DTXSID50301019 DTXSID40839114 DTXSID50334625 DTXSID30192987 DTXSID10896395 DTXSID30897546 DTXSID70322903 DTXSID00851251 DTXSID90312927 DTXSID60896042 DTXSID90794628 DTXSID30789432 DTXSID00430101
DTXSID90300187	DTXSID10557050 DTXSID50429722 DTXSID50677448 DTXSID20522017 DTXSID60593347 DTXSID60145820 DTXSID70590584 DTXSID70745916 DTXSID90285046 DTXSID00158752 DTXSID90672275 DTXSID90831284 DTXSID40699437 DTXSID00145980 DTXSID70653901 DTXSID10632992 DTXSID80295533 DTXSID10653687 DTXSID30404754 DTXSID40571168
DTXSID50302824	DTXSID80471577 DTXSID00430282 DTXSID70600399 DTXSID80415456 DTXSID10478554 DTXSID70564109 DTXSID30485745 DTXSID10566046 DTXSID90214997 DTXSID60283352 DTXSID10602615 DTXSID10679943 DTXSID40282005 DTXSID60524732 DTXSID90182581 DTXSID50280274 DTXSID60466481 DTXSID10808695 DTXSID80333444 DTXSID40616866
DTXSID70288813	DTXSID40757627 DTXSID80563204 DTXSID70694839 DTXSID90440052 DTXSID50739813 DTXSID00292206 DTXSID60408361 DTXSID50601960 DTXSID40309307 DTXSID90352964 DTXSID30818135 DTXSID30435624 DTXSID90303658 DTXSID40516559 DTXSID90301614 DTXSID70214475 DTXSID00237177 DTXSID10708949 DTXSID60170258 DTXSID20391366
DTXSID80561381	DTXSID00663053 DTXSID00430464 DTXSID60768295 DTXSID90809004 DTXSID00323882 DTXSID70594865 DTXSID10345757 DTXSID90238799 DTXSID70606538 DTXSID40724415 DTXSID00553187 DTXSID60586219 DTXSID10489948 DTXSID40365761 DTXSID50847765 DTXSID00758317 DTXSID50457540 DTXSID30617640 DTXSID50534148 DTXSID20163722
DTXSID70218155	DTXSID60312176 DTXSID00409352 DTXSID40679875 DTXSID50226213 DTXSID1044514 DTXSID90618219 DTXSID00446262 DTXSID50801589 DTXSID40757804 DTXSID60415636 DTXSID30854114 DTXSID80463053 DTXSID70591854 DTXSID30583371 DTXSID70317031 DTXSID40711522 DTXSID30458691 DTXSID10672434 DTXSID40751488 DTXSID40458723
DTXSID50726783	DTXSID80681992 DTXSID20457279 DTXSID20857497 DTXSID10477784 DTXSID10682417 DTXSID80565980 DTXSID40499454 DTXSID20708778 DTXSID20646505 DTXSID50515836 DTXSID30480932 DTXSID10693482 DTXSID70588229 DTXSID20579162 DTXSID80598016 DTXSID10475068 DTXSID80733763 DTXSID50722189 DTXSID10436811 DTXSID00646467
DTXSID40148874	DTXSID30148863 DTXSID7072337 DTXSID00866926 DTXSID50816451 DTXSID40637430 DTXSID20719162 DTXSID20783666 DTXSID20336777 DTXSID40662500 DTXSID30192063 DTXSID50214771 DTXSID10403184 DTXSID20817531 DTXSID50469188 DTXSID30815164 DTXSID90723953 DTXSID30400357 DTXSID00886881 DTXSID10606310 DTXSID50173692
DTXSID70857280	DTXSID70749176 DTXSID70613904 DTXSID80627991 DTXSID80619210 DTXSID90354120 DTXSID80191703 DTXSID00651511 DTXSID70711898 DTXSID80729308 DTXSID30178327 DTXSID70619188 DTXSID90625201 DTXSID00461157 DTXSID20668222 DTXSID30628892 DTXSID80646465 DTXSID30453025 DTXSID80175922 DTXSID00528158 DTXSID50383092
DTXSID40195106	DTXSID00468540 DTXSID80580734 DTXSID10511314 DTXSID70613267 DTXSID0041773 DTXSID10856212 DTXSID70177935 DTXSID40319300 DTXSID40398938 DTXSID00823892 DTXSID50497865 DTXSID80791540 DTXSID50186363 DTXSID50605887 DTXSID70810991 DTXSID10609124 DTXSID30661047 DTXSID80646384 DTXSID90396969 DTXSID70743659
DTXSID40573142	DTXSID00528951 DTXSID10363835 DTXSID40408107 DTXSID30671762 DTXSID70621620 DTXSID40463312 DTXSID70165837 DTXSID20817016 DTXSID20216742 DTXSID20633955 DTXSID10623385 DTXSID80722112 DTXSID80358899 DTXSID60551149 DTXSID80685814 DTXSID20696449 DTXSID60555147 DTXSID00511085 DTXSID80661173 DTXSID30393856
DTXSID90501531	DTXSID40395861 DTXSID40324499 DTXSID60482388 DTXSID70182509 DTXSID90788047 DTXSID60604220 DTXSID20307866 DTXSID50677665 DTXSID80569645 DTXSID40521749 DTXSID90324500 DTXSID50627362 DTXSID20495555 DTXSID40641173 DTXSID40724556 DTXSID50500126 DTXSID90874217 DTXSID90499429 DTXSID00366178 DTXSID70333175
DTXSID60535348	DTXSID40752516 DTXSID10394967 DTXSID60769489 DTXSID40876645 DTXSID00430101 DTXSID60896042 DTXSID90294375 DTXSID90794481 DTXSID90573157 DTXSID50523178 DTXSID40602800 DTXSID00851251 DTXSID30805207 DTXSID30897546 DTXSID20311786 DTXSID10228319 DTXSID60320519 DTXSID30889002 DTXSID50488652 DTXSID60383846
DTXSID10277443	DTXSID20418481 DTXSID80484844 DTXSID50557458 DTXSID80542938 DTXSID90430256 DTXSID70280852 DTXSID40606782 DTXSID60484049 DTXSID80278947 DTXSID00832287 DTXSID70326067 DTXSID50549631 DTXSID90681564 DTXSID60589583 DTXSID1067833 DTXSID30804992 DTXSID40835055 DTXSID00444965 DTXSID00314154 DTXSID20408685
DTXSID10282456	DTXSID50804050 DTXSID60834222 DTXSID30756543 DTXSID80598596 DTXSID50433142 DTXSID40296925 DTXSID00661216 DTXSID10371692 DTXSID50761255 DTXSID10364382 DTXSID10325094 DTXSID80294248 DTXSID20595206 DTXSID50313596 DTXSID40829196 DTXSID90479640 DTXSID30541491 DTXSID20144394 DTXSID80756058 DTXSID70528064
DTXSID80816363	DTXSID00432089 DTXSID20184573 DTXSID70340864 DTXSID0062896 DTXSID00887737 DTXSID90619786 DTXSID00647136 DTXSID7063348 DTXSID80338050 DTXSID10658859 DTXSID5068237 DTXSID0074637 DTXSID80759781 DTXSID30146203 DTXSID50753837 DTXSID00432064 DTXSID30769931 DTXSID50307511 DTXSID50887767 DTXSID9060780
DTXSID80734290	DTXSID40560431 DTXSID90681564 DTXSID60623592 DTXSID60174670 DTXSID20633374 DTXSID70711914 DTXSID10799296 DTXSID00668225 DTXSID60373803 DTXSID70326067 DTXSID40597080 DTXSID00314154 DTXSID30804992 DTXSID90290650 DTXSID30452058 DTXSID40721146 DTXSID40373801 DTXSID00832287 DTXSID20876507 DTXSID70344367
DTXSID5067392	DTXSID10705317 DTXSID70445500 DTXSID80364511 DTXSID20815698 DTXSID90437447 DTXSID70290799 DTXSID60156476 DTXSID50190425 DTXSID50184864 DTXSID70646373 DTXSID90703659 DTXSID10676396 DTXSID9072286 DTXSID50814573 DTXSID80158139 DTXSID20342035 DTXSID90707354 DTXSID90530907 DTXSID70180323 DTXSID80404820
DTXSID80841231	DTXSID70578802 DTXSID90364027 DTXSID20754952 DTXSID50467164 DTXSID70484378 DTXSID60409252 DTXSID80624889 DTXSID20383281 DTXSID20293179 DTXSID90344743 DTXSID70605021 DTXSID80827797 DTXSID30813069 DTXSID30148065 DTXSID50438652 DTXSID90293828 DTXSID30851865 DTXSID50523537 DTXSID80442020 DTXSID80459037
DTXSID20278062	DTXSID20718317 DTXSID10371152 DTXSID50462957 DTXSID00372673 DTXSID50744341 DTXSID60155343 DTXSID10345131 DTXSID10426979 DTXSID80438847 DTXSID90825769 DTXSID20362556 DTXSID20367369 DTXSID20222383 DTXSID40819113 DTXSID40358815 DTXSID40443371 DTXSID60454621 DTXSID3063045 DTXSID70883463 DTXSID50545799
DTXSID90305298	DTXSID3063966 DTXSID40747503 DTXSID70582085 DTXSID70742102 DTXSID70855781 DTXSID20393587 DTXSID70697481 DTXSID60700236 DTXSID30303192 DTXSID8069648 DTXSID00745368 DTXSID70732487 DTXSID80478324 DTXSID20835659 DTXSID60744251 DTXSID00508677 DTXSID90762382 DTXSID00673753 DTXSID30620174 DTXSID70314969
DTXSID70896038	DTXSID00618321 DTXSID30823229 DTXSID30809003 DTXSID3057729 DTXSID10294832 DTXSID00429333 DTXSID20316332 DTXSID80832225 DTXSID80375703 DTXSID10154664 DTXSID20155783 DTXSID50368642 DTXSID00165648 DTXSID20424946 DTXSID00326035 DTXSID30717058 DTXSID70287447 DTXSID40734716 DTXSID90383879 DTXSID60855957
DTXSID40694386	DTXSID90727173 DTXSID20590413 DTXSID20623710 DTXSID80308177 DTXSID00486769 DTXSID70586169 DTXSID60432929 DTXSID10533536 DTXSID90757551 DTXSID00419451 DTXSID60831973 DTXSID10298456 DTXSID10548160 DTXSID40612666 DTXSID30675048 DTXSID70601927 DTXSID30277844 DTXSID00681696 DTXSID00731322 DTXSID40751468
DTXSID10492816	DTXSID50340887 DTXSID80651337 DTXSID50867463 DTXSID00425996 DTXSID90826195 DTXSID70490555 DTXSID50196164 DTXSID10801303 DTXSID80765483 DTXSID80347102 DTXSID80626000 DTXSID00500111 DTXSID70345692 DTXSID20579748 DTXSID60528215 DTXSID00773606 DTXSID10512361 DTXSID90323992 DTXSID90485165 DTXSID00811012
DTXSID70663444	DTXSID50593376 DTXSID90743297 DTXSID50352561 DTXSID10653460 DTXSID90520383 DTXSID10697122 DTXSID80601892 DTXSID10408598 DTXSID20895733 DTXSID20856622 DTXSID90315231 DTXSID00461617 DTXSID50180543 DTXSID10307178 DTXSID40729122 DTXSID70341891 DTXSID40697913 DTXSID50208236 DTXSID10627328 DTXSID80730651
DTXSID80822580	DTXSID60145840 DTXSID00656980 DTXSID60876440 DTXSID80756058 DTXSID40296925 DTXSID40876847 DTXSID80294248 DTXSID80598596 DTXSID50761255 DTXSID40414687 DTXSID70602010 DTXSID00661216 DTXSID50713451 DTXSID60537100 DTXSID40420561 DTXSID30756543 DTXSID10325094 DTXSID10547299 DTXSID70590307 DTXSID9021712
DTXSID20197946	DTXSID10182402 DTXSID80827696 DTXSID90573197 DTXSID80221599 DTXSID10182063 DTXSID50572621 DTXSID60198210 DTXSID80596936 DTXSID70341755 DTXSID70277929 DTXSID50614151 DTXSID00461576 DTXSID50703690 DTXSID40563927 DTXSID80655517 DTXSID50479863 DTXSID70352922 DTXSID20797460 DTXSID00546650 DTXSID00483556
DTXSID00508096	DTXSID20867834 DTXSID50304449 DTXSID80851239 DTXSID90370522 DTXSID80771766 DTXSID00196518 DTXSID30474098 DTXSID40280980 DTXSID90802010 DTXSID50569319 DTXSID60601471 DTXSID70837562 DTXSID60727382 DTXSID20378692 DTXSID60354011 DTXSID40696461 DTXSID70282356 DTXSID40633972 DTXSID10651542 DTXSID20679136
DTXSID20206981	DTXSID70750944 DTXSID80483231 DTXSID3063095 DTXSID70545993 DTXSID40467239 DTXSID00879551 DTXSID60601471 DTXSID80486469 DTXSID50322764 DTXSID70856511 DTXSID60647298 DTXSID60354011 DTXSID10579015 DTXSID90391712 DTXSID10537195 DTXSID20721068 DTXSID80391302 DTXSID90850894 DTXSID30190943 DTXSID40504138
DTXSID00896142	DTXSID90834472 DTXSID50369891 DTXSID30389390 DTXSID40434921 DTXSID70794808 DTXSID60297232 DTXSID40659632 DTXSID2023222 DTXSID90349995 DTXSID30415688 DTXSID90342643 DTXSID60225090 DTXSID50395377 DTXSID00216765 DTXSID60502116 DTXSID40640121 DTXSID00801993 DTXSID30202378 DTXSID30445344 DTXSID80442828
DTXSID50841546	DTXSID00830884 DTXSID80315841 DTXSID40821493 DTXSID90554224 DTXSID90298272 DTXSID50240176 DTXSID40705946 DTXSID00592273 DTXSID60826127 DTXSID40501107 DTXSID00343121 DTXSID60146670 DTXSID80579724 DTXSID40329005 DTXSID80891978 DTXSID0075027 DTXSID80833590 DTXSID40800687 DTXSID50786261 DTXSID60289112
DTXSID50509235	DTXSID10650333 DTXSID20514831 DTXSID50541579 DTXSID40712115 DTXSID20841538 DTXSID40517344 DTXSID30157793 DTXSID50680477 DTXSID80391302 DTXSID50368647 DTXSID90323199 DTXSID40545687 DTXSID80883717 DTXSID60876066 DTXSID30350808 DTXSID10579015 DTXSID60707341 DTXSID90596028 DTXSID90440991 DTXSID60647298
DTXSID70143155	DTXSID80867496 DTXSID30442510 DTXSID50872976 DTXSID00458764 DTXSID80142856 DTXSID50742468 DTXSID70170502 DTXSID90447349 DTXSID90715717 DTXSID90745079 DTXSID60598397 DTXSID60744317 DTXSID10516208 DTXSID00849057 DTXSID20378677 DTXSID20735721 DTXSID50471468 DTXSID20628588 DTXSID00604183 DTXSID70697582
DTXSID20308494	DTXSID90175897 DTXSID00239257 DTXSID90306821 DTXSID00506597 DTXSID60242525 DTXSID60228324 DTXSID60711589 DTXSID40432846 DTXSID40408768 DTXSID80813559 DTXSID70834470 DTXSID50828574 DTXSID80642422 DTXSID60182518 DTXSID70702281 DTXSID20730135 DTXSID90177215 DTXSID20596874 DTXSID30481989 DTXSID80323385
DTXSID20370833	DTXSID20541122 DTXSID00192999 DTXSID10681824 DTXSID30543314 DTXSID30791313 DTXSID90409028 DTXSID90191012 DTXSID40335101 DTXSID00334377 DTXSID50494697 DTXSID60772736 DTXSID20422326 DTXSID00490346 DTXSID30364541 DTXSID80635137 DTXSID50613285 DTXSID0052590 DTXSID5052626 DTXSID90401582 DTXSID00498387
DTXSID80824408	DTXSID60627272 DTXSID20627273 DTXSID90610016 DTXSID70840778 DTXSID60767243 DTXSID80625518 DTXSID20337941 DTXSID30768005 DTXSID60334732 DTXSID20793129 DTXSID40604041 DTXSID10579631 DTXSID60768018 DTXSID60829315 DTXSID00498408 DTXSID10338028 DTXSID40767246 DTXSID60550677 DTXSID40718915 DTXSID50309898
DTXSID50289141	DTXSID60840989 DTXSID30555654 DTXSID50623167 DTXSID50808230 DTXSID50812953 DTXSID40646461 DTXSID90396222 DTXSID90653125 DTXSID50592203 DTXSID10195335 DTXSID10397478 DTXSID40701504 DTXSID10494698 DTXSID50696210 DTXSID70496178 DTXSID90452650 DTXSID80377949 DTXSID00190172 DTXSID70464877 DTXSID10857380
DTXSID50670919	DTXSID70403367 DTXSID80528156 DTXSID60583001 DTXSID90164963 DTXSID10435248 DTXSID40538554 DTXSID30505336 DTXSID90156823 DTXSID20677798 DTXSID50546887 DTXSID80601918 DTXSID10726481 DTXSID30419742 DTXSID40634126 DTXSID20655894 DTXSID20302452 DTXSID70499149 DTXSID10586542 DTXSID60358175 DTXSID50624477
DTXSID50660638	DTXSID00726213 DTXSID60768518 DTXSID80347102 DTXSID80567565 DTXSID70345692 DTXSID10447669 DTXSID20579748 DTXSID80530991 DTXSID50196164 DTXSID90176884 DTXSID30385655 DTXSID90485165 DTXSID60570299 DTXSID80651337 DTXSID10842978 DTXSID50340887 DTXSID90718526 DTXSID70490555 DTXSID60528215 DTXSID30651120
DTXSID50568201	DTXSID70158284 DTXSID40378694 DTXSID40724415 DTXSID60402369 DTXSID10569931 DTXSID90238799 DTXSID50560684 DTXSID00805870 DTXSID60636561 DTXSID70594865 DTXSID80696829 DTXSID60820125 DTXSID70576666 DTXSID50709773 DTXSID80660101 DTXSID10489948 DTXSID00323882 DTXSID20803419 DTXSID50363339 DTXSID20479512
DTXSID20676403	DTXSID90151732 DTXSID00292362 DTXSID40385343 DTXSID90821201 DTXSID90850713 DTXSID10700887 DTXSID10498196 DTXSID70434232 DTXSID40721964 DTXSID40753881 DTXSID60667653 DTXSID90572428 DTXSID60240667 DTXSID40606308 DTXSID50297443 DTXSID9044293 DTXSID90330222 DTXSID20835432 DTXSID00452641 DTXSID10660816
DTXSID90596124	DTXSID80325723 DTXSID10144424 DTXSID00837752 DTXSID00822466 DTXSID70184189 DTXSID70875984 DTXSID70645886 DTXSID50837267 DTXSID70668959 DTXSID10384429 DTXSID60589583 DTXSID20739784 DTXSID90791359 DTXSID00487933 DTXSID20345869 DTXSID80391786 DTXSID70592240 DTXSID60190097 DTXSID90667267 DTXSID00876505
DTXSID50812918	DTXSID60211832 DTXSID60842544 DTXSID30479922 DTXSID20485153 DTXSID00541362 DTXSID30556343 DTXSID50553950 DTXSID20640866 DTXSID70589837 DTXSID80788253 DTXSID00278323 DTXSID50370902 DTXSID00705785 DTXSID90622179 DTXSID10561975 DTXSID50335233 DTXSID40811253 DTXSID60425199 DTXSID60222746 DTXSID20403231
DTXSID80323562	DTXSID70181390 DTXSID20366150 DTXSID70585778 DTXSID40797886 DTXSID20318558 DTXSID90585376 DTXSID50520142 DTXSID8059007 DTXSID10797277 DTXSID90429206 DTXSID00555646 DTXSID10349472 DTXSID40233512 DTXSID30873582 DTXSID80296106 DTXSID50603368 DTXSID80588013 DTXSID60302395 DTXSID40433691 DTXSID60819953
DTXSID40589021	DTXSID00334377 DTXSID70618434 DTXSID30364541 DTXSID20374210 DTXSID0052590 DTXSID40110056 DTXSID5052626 DTXSID80176974 DTXSID80351628 DTXSID90730905 DTXSID40325007 DTXSID40335101 DTXSID60772736 DTXSID80653997 DTXSID30476390 DTXSID80698343 DTXSID30591799 DTXSID60333760 DTXSID30543314 DTXSID30428657
DTXSID40483116	DTXSID40856184 DTXSID00182971 DTXSID70849983 DTXSID80668581 DTXSID30649502 DTXSID00485176 DTXSID40404068 DTXSID50552847 DTXSID50151738 DTXSID60831094 DTXSID50660774 DTXSID80180238 DTXSID50558329 DTXSID60769580 DTXSID10711857 DTXSID70283005 DTXSID10837763 DTXSID40857297 DTXSID80475393 DTXSID90748989
DTXSID40171485	DTXSID50640399 DTXSID70734305 DTXSID00489134 DTXSID30610111 DTXSID70739870 DTXSID50550262 DTXSID20780913 DTXSID6035156 DTXSID40467294 DTXSID40874080 DTXSID10499269 DTXSID70474259 DTXSID50439841 DTXSID30531150 DTXSID10325736 DTXSID40312371 DTXSID70323197 DTXSID10187391 DTXSID20533380 DTXSID00673733
DTXSID10842453	DTXSID40708639 DTXSID30357635 DTXSID60298688 DTXSID70609605 DTXSID60476747 DTXSID90701110 DTXSID10645244 DTXSID30420671 DTXSID90753492 DTXSID30373673 DTXSID40673171 DTXSID10389373 DTXSID90284478 DTXSID80320773 DTXSID50283649 DTXSID50650554 DTXSID80405837 DTXSID10729396 DTXSID40365680 DTXSID40436167
DTXSID40390270	DTXSID50283447 DTXSID10694595 DTXSID90594246 DTXSID00307642 DTXSID60307643 DTXSID60383684 DTXSID80428006 DTXSID30646571 DTXSID00736695 DTXSID30646551 DTXSID70350302 DTXSID90847123 DTXSID20436221 DTXSID90403440 DTXSID10427320 DTXSID00739141 DTXSID60442068 DTXSID40432169 DTXSID00211053 DTXSID70578549
DTXSID80528156	DTXSID50670919 DTXSID20302452 DTXSID90164963 DTXSID50624477 DTXSID70499149 DTXSID40634126 DTXSID30529310 DTXSID80601918 DTXSID70403367 DTXSID10726481 DTXSID20677798 DTXSID50546887 DTXSID60583001 DTXSID00241638 DTXSID10435248 DTXSID80404406 DTXSID50175959 DTXSID30505336 DTXSID40538554 DTXSID90156823
DTXSID40803118	DTXSID00795722 DTXSID70327473 DTXSID30367673 DTXSID30290316 DTXSID3044592 DTXSID30274378 DTXSID00323564 DTXSID7058048 DTXSID8058827 DTXSID80281698 DTXSID20656467 DTXSID90709196 DTXSID90361339 DTXSID20785226 DTXSID30344888 DTXSID20707923 DTXSID30288591 DTXSID00421630 DTXSID50879743 DTXSID40543966
DTXSID60818360	DTXSID60591924 DTXSID60591944 DTXSID50393757 DTXSID70743018 DTXSID20641257 DTXSID90836193 DTXSID90360625 DTXSID40518199 DTXSID00821737 DTXSID80601317 DTXSID00836164 DTXSID70630050 DTXSID90878937 DTXSID00747382 DTXSID90651646 DTXSID60813496 DTXSID40427616 DTXSID00308639 DTXSID50672276 DTXSID60670389
DTXSID80589267	DTXSID90706165 DTXSID10661166 DTXSID80896049 DTXSID20857311 DTXSID80351683 DTXSID10307991 DTXSID20431074 DTXSID80615318 DTXSID30672274 DTXSID40294108 DTXSID20324255 DTXSID70788823 DTXSID20660963 DTXSID10506922 DTXSID60716933 DTXSID90878937 DTXSID90315231 DTXSID40831017 DTXSID10602690 DTXSID80378471
DTXSID50828574	DTXSID60182518 DTXSID90720684 DTXSID80345481 DTXSID20596874 DTXSID90177215 DTXSID00239257 DTXSID60711589 DTXSID10528048 DTXSID80374337 DTXSID20308494 DTXSID10829421 DTXSID30813044 DTXSID00506597 DTXSID20370858 DTXSID40453516 DTXSID20730135 DTXSID60228324 DTXSID90175897 DTXSID80503842 DTXSID80600986
DTXSID80733465	DTXSID10615447 DTXSID50862599 DTXSID4041232 DTXSID4059540 DTXSID50761013 DTXSID10864690 DTXSID50365777 DTXSID50703291 DTXSID20642042 DTXSID90825880 DTXSID80399161 DTXSID20740698 DTXSID70502400 DTXSID10145133 DTXSID50858836 DTXSID00203059 DTXSID10853165 DTXSID5066089 DTXSID30850116 DTXSID10301010
DTXSID60829315	DTXSID60550677 DTXSID60627272 DTXSID60775181 DTXSID60767243 DTXSID80824408 DTXSID30768005 DTXSID20627273 DTXSID90610016 DTXSID80625518 DTXSID70840778 DTXSID20337941 DTXSID00498408 DTXSID60334732 DTXSID20793129 DTXSID60768018 DTXSID40604041 DTXSID50309898 DTXSID10579631 DTXSID50335016 DTXSID10338028
DTXSID60325842	DTXSID80798099 DTXSID10337657 DTXSID70327857 DTXSID10418177 DTXSID30550028 DTXSID1068807 DTXSID30451107 DTXSID6063226 DTXSID30528282 DTXSID40781063 DTXSID80553504 DTXSID90772825 DTXSID60850189 DTXSID40534975 DTXSID3068883 DTXSID40771787 DTXSID30316929 DTXSID90556268 DTXSID80789543 DTXSID00770211
DTXSID60325847	DTXSID30559379 DTXSID10618958 DTXSID50165017 DTXSID30663980 DTXSID40515688 DTXSID40680007 DTXSID60394275 DTXSID00391501 DTXSID20649430 DTXSID80656847 DTXSID80650769 DTXSID70693842 DTXSID30627002 DTXSID20383685 DTXSID80162953 DTXSID30735590 DTXSID90669140 DTXSID00377007 DTXSID20345788 DTXSID20352715
DTXSID00715541	DTXSID00701883 DTXSID40163406 DTXSID10144949 DTXSID80660707 DTXSID70487304 DTXSID00507064 DTXSID50840392 DTXSID00632961 DTXSID00616882 DTXSID20503927 DTXSID40455873 DTXSID90825880 DTXSID20540059 DTXSID50878074 DTXSID70529697 DTXSID50365777 DTXSID60761685 DTXSID30753395 DTXSID90375214 DTXSID70563071
DTXSID60179903	DTXSID10609068 DTXSID10238155 DTXSID30199118 DTXSID20797460 DTXSID70377711 DTXSID10560827 DTXSID50571472 DTXSID10610316 DTXSID70483129 DTXSID80596936 DTXSID70352922 DTXSID90187117 DTXSID50493443 DTXSID80655517 DTXSID30315977 DTXSID70548464 DTXSID70277929 DTXSID80206947 DTXSID40824282 DTXSID20895511
DTXSID90338980	DTXSID40405939 DTXSID00298647 DTXSID40595829 DTXSID30451763 DTXSID00423654 DTXSID90346101 DTXSID10824299 DTXSID80708355 DTXSID20579586 DTXSID20378874 DTXSID20381262 DTXSID9044164 DTXSID70593176 DTXSID30489122 DTXSID20511921 DTXSID40427974 DTXSID00651450 DTXSID90621465 DTXSID60399725 DTXSID10640512
DTXSID40634126	DTXSID50624477 DTXSID30529310 DTXSID00241638 DTXSID90571239 DTXSID90164963 DTXSID10642071 DTXSID10391274 DTXSID30308581 DTXSID60427815 DTXSID80528156 DTXSID10181718 DTXSID80601918 DTXSID10508668 DTXSID70403367 DTXSID00576634 DTXSID50670919 DTXSID30856658 DTXSID60477951 DTXSID30583295 DTXSID50528168
DTXSID70695260	DTXSID30734902 DTXSID30778189 DTXSID20718973 DTXSID10212470 DTXSID00694049 DTXSID30788642 DTXSID70173750 DTXSID90429862 DTXSID00571407 DTXSID10168882 DTXSID30537839 DTXSID70401363 DTXSID90609682 DTXSID60495352 DTXSID70212375 DTXSID80629490 DTXSID30787852 DTXSID20293093 DTXSID60459959 DTXSID50375033
DTXSID10556700	DTXSID00468308 DTXSID50563231 DTXSID30828774 DTXSID40796495 DTXSID4066414 DTXSID40823058 DTXSID80851436 DTXSID10640895 DTXSID50293203 DTXSID50234914 DTXSID90654910 DTXSID60818047 DTXSID50201202 DTXSID40399561 DTXSID50469729 DTXSID80889294 DTXSID60192233 DTXSID30790846 DTXSID40207955 DTXSID10189714
DTXSID80181826	DTXSID00596812 DTXSID30447287 DTXSID20362556 DTXSID10426979 DTXSID80724393 DTXSID3063045 DTXSID80791282 DTXSID10394942 DTXSID40415492 DTXSID20367369 DTXSID00343681 DTXSID20774958 DTXSID00879470 DTXSID90349172 DTXSID00372673 DTXSID50462957 DTXSID50545799 DTXSID80369369 DTXSID90598663 DTXSID90473522
DTXSID40187824	DTXSID70670451 DTXSID40176910 DTXSID50654936 DTXSID70535950 DTXSID10795415 DTXSID60177085 DTXSID60638580 DTXSID50888532 DTXSID20392636 DTXSID00522176 DTXSID20538830 DTXSID70396402 DTXSID20826289 DTXSID60747202 DTXSID10673926 DTXSID40751463 DTXSID10225444 DTXSID80783400 DTXSID40674047 DTXSID90808911
DTXSID40187829	DTXSID00855931 DTXSID00429853 DTXSID80822181 DTXSID40406567 DTXSID70353797 DTXSID50824511 DTXSID90548921 DTXSID80666542 DTXSID70705772 DTXSID90362083 DTXSID30505255 DTXSID90646759 DTXSID00488329 DTXSID50447183 DTXSID90234635 DTXSID70394983 DTXSID50679149 DTXSID40507644 DTXSID90284776 DTXSID40282005
DTXSID80828986	DTXSID10483325 DTXSID40496120 DTXSID70452133 DTXSID30780308 DTXSID50567355 DTXSID30772364 DTXSID80646728 DTXSID90494676 DTXSID00376691 DTXSID70507899 DTXSID50695420 DTXSID40832084 DTXSID80685814 DTXSID90734408 DTXSID10343637 DTXSID40857631 DTXSID80303223 DTXSID80457932 DTXSID90375138 DTXSID50403123
DTXSID70375095	DTXSID00223095 DTXSID50174189 DTXSID6023315 DTXSID30207525 DTXSID00604345 DTXSID10506866 DTXSID10589275 DTXSID40674724 DTXSID30625664 DTXSID50467003 DTXSID00657452 DTXSID40570439 DTXSID30291308 DTXSID60875736 DTXSID50509992 DTXSID40529149 DTXSID10658632 DTXSID00568731 DTXSID70477482 DTXSID80635011
DTXSID80848381	DTXSID40876983 DTXSID20444048 DTXSID30804533 DTXSID00681570 DTXSID30184524 DTXSID30278139 DTXSID90209343 DTXSID20560212 DTXSID20475751 DTXSID50694418 DTXSID20797081 DTXSID40766279 DTXSID90612898 DTXSID80524375 DTXSID90171935 DTXSID70607868 DTXSID90544741 DTXSID00315606 DTXSID40303103 DTXSID20379503
DTXSID4059253	DTXSID40736614 DTXSID40351048 DTXSID90401300 DTXSID40156813 DTXSID50751116 DTXSID50808376 DTXSID80666461 DTXSID50340180 DTXSID90331931 DTXSID50635109 DTXSID60212142 DTXSID20608365 DTXSID90507811 DTXSID50798788 DTXSID00678940 DTXSID80324913 DTXSID30310881 DTXSID40369466 DTXSID60147440 DTXSID80199027
DTXSID90675221	DTXSID10602135 DTXSID10478690 DTXSID70425569 DTXSID80308516 DTXSID10349573 DTXSID10218755 DTXSID70810077 DTXSID00472203 DTXSID70337219 DTXSID60734213 DTXSID70393850 DTXSID10496814 DTXSID10700589 DTXSID90817745 DTXSID70845187 DTXSID00748874 DTXSID70471445 DTXSID00588237 DTXSID50848994 DTXSID7057787
DTXSID4059251	DTXSID90794901 DTXSID70548964 DTXSID70186380 DTXSID00447830 DTXSID30806976 DTXSID20677536 DTXSID90767216 DTXSID70397414 DTXSID10558300 DTXSID00588297 DTXSID30175174 DTXSID50315232 DTXSID20228325 DTXSID80561866 DTXSID20465778 DTXSID60172090 DTXSID80377186 DTXSID80218944 DTXSID10876652 DTXSID10455688
DTXSID90675226	DTXSID80159287 DTXSID00732511 DTXSID30674854 DTXSID00816845 DTXSID70809300 DTXSID90819188 DTXSID00796355 DTXSID40573485 DTXSID80206381 DTXSID60448429 DTXSID60816588 DTXSID10301010 DTXSID90888152 DTXSID60283413 DTXSID30656776 DTXSID60881211 DTXSID90464773 DTXSID60642041 DTXSID00655190 DTXSID80852948
DTXSID20548313	DTXSID70560666 DTXSID60154331 DTXSID40673595 DTXSID60369660 DTXSID20293093 DTXSID80299394 DTXSID80629490 DTXSID90156141 DTXSID30788642 DTXSID3041297 DTXSID60281555 DTXSID10865142 DTXSID80381026 DTXSID30606317 DTXSID70666899 DTXSID80318034 DTXSID10708424 DTXSID90799638 DTXSID60459959 DTXSID10728889
DTXSID20708556	DTXSID40877591 DTXSID10480899 DTXSID80381783 DTXSID60476803 DTXSID70607868 DTXSID6024337 DTXSID40815115 DTXSID00494304 DTXSID00732157 DTXSID00240863 DTXSID80524375 DTXSID90280672 DTXSID40700032 DTXSID50343737 DTXSID50587654 DTXSID70731470 DTXSID20475751 DTXSID20323662 DTXSID60708712 DTXSID40854463
DTXSID00430025	DTXSID70819621 DTXSID90804993 DTXSID70567079 DTXSID20428464 DTXSID90553131 DTXSID70810274 DTXSID40243434 DTXSID40243196 DTXSID40309701 DTXSID9057979 DTXSID70197512 DTXSID50390706 DTXSID90570287 DTXSID00386154 DTXSID40828260 DTXSID60292449 DTXSID50160981 DTXSID30199370 DTXSID00568892 DTXSID60277534
DTXSID90169897	DTXSID80346397 DTXSID00145566 DTXSID10223061 DTXSID3037543 DTXSID90708543 DTXSID30225941 DTXSID10295283 DTXSID90875986 DTXSID50840074 DTXSID20646944 DTXSID30203209 DTXSID10452258 DTXSID50760081 DTXSID20300817 DTXSID60447351 DTXSID30186765 DTXSID90656353 DTXSID10718306 DTXSID10296472 DTXSID80367027
DTXSID90313636	DTXSID90783198 DTXSID90805440 DTXSID40674183 DTXSID20778436 DTXSID20465495 DTXSID30176540 DTXSID80190337 DTXSID80279131 DTXSID40450409 DTXSID60325125 DTXSID10672792 DTXSID40310872 DTXSID50467346 DTXSID20534918 DTXSID60143023 DTXSID50667248 DTXSID80631275 DTXSID50437069 DTXSID70820898 DTXSID50345014
DTXSID9069007	DTXSID70370146 DTXSID70748200 DTXSID20809198 DTXSID90309877 DTXSID30874892 DTXSID80584131 DTXSID60701102 DTXSID60437297 DTXSID10402758 DTXSID60725848 DTXSID80184812 DTXSID40724874 DTXSID1023233 DTXSID70232694 DTXSID10166383 DTXSID40562677 DTXSID40385722 DTXSID80548314 DTXSID10808392 DTXSID20394317
DTXSID40760095	DTXSID0042298 DTXSID30346908 DTXSID10516763 DTXSID10594324 DTXSID90463827 DTXSID80453999 DTXSID30437547 DTXSID30294495 DTXSID00316638 DTXSID20159786 DTXSID20312091 DTXSID10717975 DTXSID30815205 DTXSID70621488 DTXSID90743631 DTXSID10294857 DTXSID5037602 DTXSID40440103 DTXSID40577145 DTXSID40765540
DTXSID70444013	DTXSID10659745 DTXSID90480155 DTXSID30392965 DTXSID60671553 DTXSID80640322 DTXSID50458315 DTXSID60876965 DTXSID20290527 DTXSID50421640 DTXSID80339067 DTXSID50597576 DTXSID80856784 DTXSID00734893 DTXSID40388536 DTXSID30651201 DTXSID10402339 DTXSID00154719 DTXSID40289039 DTXSID30663066 DTXSID00780936
DTXSID00371126	DTXSID50419789 DTXSID80593384 DTXSID90236053 DTXSID00600882 DTXSID50736064 DTXSID90343054 DTXSID60466481 DTXSID20608365 DTXSID00678940 DTXSID90214997 DTXSID30485745 DTXSID10808695 DTXSID50798788 DTXSID30524966 DTXSID70564109 DTXSID80370950 DTXSID60857299 DTXSID10563954 DTXSID90788966 DTXSID10737794
DTXSID40785682	DTXSID70744348 DTXSID40243939 DTXSID00229310 DTXSID30473526 DTXSID60836802 DTXSID10427188 DTXSID70189210 DTXSID00593846 DTXSID20681875 DTXSID30792724 DTXSID30403500 DTXSID30321477 DTXSID40797841 DTXSID00628521 DTXSID50397371 DTXSID90535053 DTXSID10464730 DTXSID10221724 DTXSID90150427 DTXSID00493150
DTXSID80388515	DTXSID90807202 DTXSID40300394 DTXSID50616953 DTXSID90494237 DTXSID80351663 DTXSID60344275 DTXSID2062032 DTXSID40494060 DTXSID20440303 DTXSID50361299 DTXSID00455874 DTXSID20664825 DTXSID40494863 DTXSID40674401 DTXSID00332196 DTXSID50843540 DTXSID70440979 DTXSID80556555 DTXSID80308495 DTXSID10343399
DTXSID90762382	DTXSID40766118 DTXSID50275680 DTXSID90577150 DTXSID4057716 DTXSID70697481 DTXSID10829820 DTXSID3063966 DTXSID50226339 DTXSID70582085 DTXSID60701965 DTXSID4072813 DTXSID90305298 DTXSID30415608 DTXSID40747503 DTXSID70742102 DTXSID8069648 DTXSID70855781 DTXSID30276034 DTXSID20835659 DTXSID80833590
DTXSID30595277	DTXSID90824055 DTXSID90772360 DTXSID70720187 DTXSID10834858 DTXSID90650396 DTXSID5041190 DTXSID80290523 DTXSID60742252 DTXSID50427884 DTXSID1025693 DTXSID90567930 DTXSID90289180 DTXSID50341258 DTXSID10794029 DTXSID90453768 DTXSID90696310 DTXSID80407033 DTXSID60776895 DTXSID40503843 DTXSID50696972
DTXSID30308349	DTXSID80434203 DTXSID80756533 DTXSID70459480 DTXSID90656414 DTXSID90819188 DTXSID50817943 DTXSID20621973 DTXSID60471398 DTXSID30674854 DTXSID00732511 DTXSID70866998 DTXSID90446892 DTXSID10647309 DTXSID10534841 DTXSID30839224 DTXSID80159287 DTXSID50527358 DTXSID30544962 DTXSID70809300 DTXSID20172071
DTXSID40856184	DTXSID40483116 DTXSID70849983 DTXSID00182971 DTXSID80668581 DTXSID00485176 DTXSID40404068 DTXSID50151738 DTXSID30649502 DTXSID50552847 DTXSID60831094 DTXSID50660774 DTXSID80180238 DTXSID10711857 DTXSID50558329 DTXSID10837763 DTXSID40857297 DTXSID60769580 DTXSID70283005 DTXSID90748989 DTXSID80475393
DTXSID50214771	DTXSID90278413 DTXSID10403184 DTXSID30192063 DTXSID40662500 DTXSID10744741 DTXSID70574283 DTXSID20797647 DTXSID00866926 DTXSID20783666 DTXSID40219538 DTXSID20336777 DTXSID30155633 DTXSID10843167 DTXSID30579431 DTXSID50816451 DTXSID7072337 DTXSID90693561 DTXSID40473875 DTXSID00527000 DTXSID00767500
DTXSID7063348	DTXSID20184573 DTXSID80816363 DTXSID00647136 DTXSID00432089 DTXSID5052628 DTXSID0074637 DTXSID70340864 DTXSID5068237 DTXSID0062896 DTXSID70700545 DTXSID00887737 DTXSID90619786 DTXSID80793165 DTXSID30561457 DTXSID9060780 DTXSID10658859 DTXSID80338050 DTXSID50887767 DTXSID30702166 DTXSID80759781
DTXSID80354275	DTXSID40195121 DTXSID70447701 DTXSID40462946 DTXSID70751113 DTXSID90402756 DTXSID40222542 DTXSID20514770 DTXSID60612426 DTXSID00664580 DTXSID70781915 DTXSID6020012 DTXSID10380921 DTXSID00353104 DTXSID30561699 DTXSID50464178 DTXSID20676867 DTXSID40670701 DTXSID80698227 DTXSID30401122 DTXSID80639958
DTXSID20639957	DTXSID80603654 DTXSID40526577 DTXSID80369228 DTXSID40493593 DTXSID60590538 DTXSID70531472 DTXSID00802844 DTXSID30447005 DTXSID7029372 DTXSID70319419 DTXSID60377861 DTXSID90657047 DTXSID10327533 DTXSID80674147 DTXSID80336576 DTXSID00209354 DTXSID50719852 DTXSID20818982 DTXSID20765669 DTXSID10678537
DTXSID80591547	DTXSID50632259 DTXSID8066975 DTXSID20360335 DTXSID70598666 DTXSID80375086 DTXSID50795277 DTXSID40425995 DTXSID90149336 DTXSID20311463 DTXSID60395929 DTXSID60283352 DTXSID60438865 DTXSID10679943 DTXSID5073115 DTXSID40616866 DTXSID20375085 DTXSID60212142 DTXSID90507811 DTXSID60345565 DTXSID80666461
DTXSID0073291	DTXSID10651542 DTXSID90784882 DTXSID40696461 DTXSID10277524 DTXSID90325153 DTXSID70837562 DTXSID50640834 DTXSID40633972 DTXSID40280980 DTXSID90802010 DTXSID10352800 DTXSID60282168 DTXSID50485005 DTXSID50304449 DTXSID70783656 DTXSID90370522 DTXSID30704488 DTXSID70399413 DTXSID70610039 DTXSID00567961
DTXSID30650890	DTXSID30652778 DTXSID90278559 DTXSID80341241 DTXSID60653339 DTXSID60572394 DTXSID20771280 DTXSID30399353 DTXSID60439599 DTXSID50152846 DTXSID40574457 DTXSID60144510 DTXSID20213736 DTXSID70398168 DTXSID80199320 DTXSID90788825 DTXSID40435251 DTXSID80835635 DTXSID50323554 DTXSID40403172 DTXSID20307381
DTXSID60757588	DTXSID20423499 DTXSID50381977 DTXSID80792436 DTXSID60675475 DTXSID00708473 DTXSID20509929 DTXSID10755897 DTXSID70519199 DTXSID90739938 DTXSID60553981 DTXSID30549811 DTXSID40761289 DTXSID70439227 DTXSID40326736 DTXSID00443695 DTXSID50328600 DTXSID10488012 DTXSID50508066 DTXSID30849888 DTXSID80795366
DTXSID50824511	DTXSID50447183 DTXSID00488329 DTXSID00855931 DTXSID80822181 DTXSID40187829 DTXSID50679149 DTXSID00401058 DTXSID70394983 DTXSID10640052 DTXSID10228793 DTXSID00429853 DTXSID40406567 DTXSID40180239 DTXSID70353797 DTXSID90548921 DTXSID90144927 DTXSID90182581 DTXSID40616866 DTXSID30761379 DTXSID30505255
DTXSID40397264	DTXSID00722634 DTXSID10764141 DTXSID40393089 DTXSID00451331 DTXSID80175902 DTXSID50336265 DTXSID50582785 DTXSID60700392 DTXSID20881333 DTXSID20145164 DTXSID90598183 DTXSID30812719 DTXSID50308568 DTXSID70748205 DTXSID30727511 DTXSID10371410 DTXSID00398232 DTXSID40818848 DTXSID00443175 DTXSID90526002
DTXSID30291883	DTXSID20605758 DTXSID30217503 DTXSID80162079 DTXSID10470412 DTXSID90560582 DTXSID80572896 DTXSID40325507 DTXSID10303190 DTXSID20378677 DTXSID20735721 DTXSID10586047 DTXSID50471468 DTXSID20719167 DTXSID70170502 DTXSID20478323 DTXSID70697582 DTXSID00520293 DTXSID40450924 DTXSID80694466 DTXSID10673906
DTXSID00829132	DTXSID0067503 DTXSID00629477 DTXSID60276143 DTXSID20242521 DTXSID40563189 DTXSID10872659 DTXSID9072527 DTXSID60780199 DTXSID20197406 DTXSID40613991 DTXSID80274202 DTXSID60242747 DTXSID90763152 DTXSID60816366 DTXSID10890999 DTXSID60775681 DTXSID30429503 DTXSID10202674 DTXSID90602057 DTXSID30188729
DTXSID00188933	DTXSID10367090 DTXSID90763672 DTXSID60221092 DTXSID10727852 DTXSID20640881 DTXSID70327150 DTXSID10708742 DTXSID70239385 DTXSID80548516 DTXSID1060712 DTXSID10392362 DTXSID20591743 DTXSID60646120 DTXSID50351332 DTXSID80351527 DTXSID60733408 DTXSID40703664 DTXSID30290992 DTXSID30557991 DTXSID40536090
DTXSID20463411	DTXSID00552832 DTXSID20888226 DTXSID50838597 DTXSID20847353 DTXSID70817627 DTXSID30787539 DTXSID80300454 DTXSID30620179 DTXSID20567049 DTXSID40751968 DTXSID10551876 DTXSID50469825 DTXSID70439005 DTXSID90443846 DTXSID70645649 DTXSID1042659 DTXSID00655190 DTXSID0073110 DTXSID30846155 DTXSID90809145
DTXSID30876114	DTXSID30483029 DTXSID10472875 DTXSID80297436 DTXSID70473525 DTXSID00472203 DTXSID00721061 DTXSID70652439 DTXSID30205465 DTXSID30344606 DTXSID90379459 DTXSID70393850 DTXSID50629861 DTXSID50290696 DTXSID00392376 DTXSID80303985 DTXSID70693443 DTXSID10600631 DTXSID90294173 DTXSID70337219 DTXSID40433398
DTXSID50642439	DTXSID10748022 DTXSID3052220 DTXSID50757613 DTXSID60526251 DTXSID40589743 DTXSID40781200 DTXSID40889316 DTXSID90381395 DTXSID30388045 DTXSID50764246 DTXSID40286745 DTXSID70421046 DTXSID60441410 DTXSID30339597 DTXSID70240254 DTXSID40632869 DTXSID90336082 DTXSID00530115 DTXSID30595898 DTXSID10658556
DTXSID80195044	DTXSID60288589 DTXSID1066239 DTXSID5047114 DTXSID30770365 DTXSID0062921 DTXSID60598059 DTXSID1068019 DTXSID70751310 DTXSID50783437 DTXSID50410539 DTXSID5062398 DTXSID20195063 DTXSID90404730 DTXSID70394423 DTXSID30223285 DTXSID20888029 DTXSID20411452 DTXSID90216335 DTXSID00559144 DTXSID10758949
DTXSID00799866	DTXSID40774819 DTXSID00217873 DTXSID90324449 DTXSID10444416 DTXSID10275540 DTXSID80734038 DTXSID10443964 DTXSID00389746 DTXSID20591980 DTXSID70393496 DTXSID50421524 DTXSID60734738 DTXSID50841228 DTXSID50527333 DTXSID70502965 DTXSID10628991 DTXSID70224791 DTXSID20310138 DTXSID30621282 DTXSID40497511
DTXSID20476203	DTXSID70886030 DTXSID2052447 DTXSID0044153 DTXSID30201402 DTXSID20518379 DTXSID50729234 DTXSID20776098 DTXSID00550732 DTXSID60600126 DTXSID40851134 DTXSID40195489 DTXSID5061245 DTXSID00223994 DTXSID50220236 DTXSID60550733 DTXSID80783708 DTXSID30794804 DTXSID30858713 DTXSID90711198 DTXSID40379404
DTXSID30209347	DTXSID80503842 DTXSID80671277 DTXSID30813044 DTXSID40676425 DTXSID20834607 DTXSID60885395 DTXSID30777990 DTXSID10528048 DTXSID10732143 DTXSID60667577 DTXSID00604441 DTXSID50696790 DTXSID70281485 DTXSID60790354 DTXSID10175430 DTXSID70475029 DTXSID80323385 DTXSID80600986 DTXSID90177215 DTXSID20596874
DTXSID90379934	DTXSID60665472 DTXSID90578703 DTXSID40482427 DTXSID90707556 DTXSID60372553 DTXSID90454937 DTXSID30363079 DTXSID10642192 DTXSID50456533 DTXSID00557044 DTXSID30854210 DTXSID10357037 DTXSID20222787 DTXSID60184870 DTXSID80604328 DTXSID00623359 DTXSID90721373 DTXSID80463452 DTXSID40372051 DTXSID60501962
DTXSID10426095	DTXSID50747579 DTXSID20394317 DTXSID40724874 DTXSID40385722 DTXSID70580369 DTXSID40592792 DTXSID40854049 DTXSID3066267 DTXSID10672873 DTXSID50590547 DTXSID20284800 DTXSID20445797 DTXSID60364099 DTXSID90675064 DTXSID80288283 DTXSID70648998 DTXSID60725848 DTXSID80184812 DTXSID40751468 DTXSID00344971
DTXSID50451407	DTXSID70554621 DTXSID80534131 DTXSID90222719 DTXSID20522476 DTXSID30847288 DTXSID70678311 DTXSID10657206 DTXSID40487235 DTXSID80819470 DTXSID3073719 DTXSID00802844 DTXSID30546628 DTXSID60319089 DTXSID40526577 DTXSID40493593 DTXSID00508677 DTXSID20765669 DTXSID7029372 DTXSID10435480 DTXSID70619608
DTXSID10588304	DTXSID90237202 DTXSID70851167 DTXSID90876473 DTXSID80535688 DTXSID70731470 DTXSID40753407 DTXSID90819603 DTXSID50343737 DTXSID90431228 DTXSID40210161 DTXSID50694473 DTXSID10667643 DTXSID60476803 DTXSID50587654 DTXSID10630897 DTXSID00829995 DTXSID10786267 DTXSID00732157 DTXSID10804531 DTXSID80381783
DTXSID40646269	DTXSID70383211 DTXSID50345892 DTXSID30735590 DTXSID40334412 DTXSID30223841 DTXSID50627165 DTXSID10478731 DTXSID50145874 DTXSID80562318 DTXSID80701725 DTXSID30663980 DTXSID30627002 DTXSID90669140 DTXSID00391501 DTXSID20345788 DTXSID90648819 DTXSID70693842 DTXSID90725351 DTXSID70239542 DTXSID80392056
DTXSID70459546	DTXSID00705664 DTXSID80817239 DTXSID40711249 DTXSID50766987 DTXSID50528623 DTXSID60790112 DTXSID10834934 DTXSID40702713 DTXSID30514509 DTXSID70325651 DTXSID50437584 DTXSID70808616 DTXSID30503079 DTXSID10607125 DTXSID10771512 DTXSID00834226 DTXSID20660362 DTXSID6052039 DTXSID00452661 DTXSID30377777
DTXSID20417959	DTXSID70174964 DTXSID70303297 DTXSID90405585 DTXSID80182974 DTXSID10169758 DTXSID60598918 DTXSID90205587 DTXSID1070773 DTXSID80640443 DTXSID10827381 DTXSID80292163 DTXSID10494193 DTXSID10426732 DTXSID50761275 DTXSID6058972 DTXSID70283222 DTXSID10441041 DTXSID70668075 DTXSID60803872 DTXSID90373472
DTXSID00434109	DTXSID20566037 DTXSID20581402 DTXSID90443725 DTXSID60239536 DTXSID90734423 DTXSID20445318 DTXSID60390070 DTXSID80789447 DTXSID10828494 DTXSID60182598 DTXSID00613750 DTXSID00749265 DTXSID7044689 DTXSID80443794 DTXSID00441777 DTXSID20161445 DTXSID30418639 DTXSID90731876 DTXSID20239537 DTXSID50354888
DTXSID80724393	DTXSID10394942 DTXSID00596812 DTXSID60143962 DTXSID80181826 DTXSID10632250 DTXSID20367369 DTXSID00343681 DTXSID30434854 DTXSID3063045 DTXSID80426981 DTXSID80665419 DTXSID30447287 DTXSID00372673 DTXSID30218136 DTXSID10426979 DTXSID80402669 DTXSID90349172 DTXSID3042506 DTXSID10177959 DTXSID20362556
DTXSID80619210	DTXSID90625201 DTXSID70857280 DTXSID50383092 DTXSID70619188 DTXSID80175922 DTXSID70711898 DTXSID10364029 DTXSID40623494 DTXSID40371741 DTXSID60503325 DTXSID30178327 DTXSID30651887 DTXSID1063435 DTXSID30628892 DTXSID70613904 DTXSID80627991 DTXSID70749176 DTXSID00651511 DTXSID80191703 DTXSID50778944
DTXSID30223285	DTXSID1068019 DTXSID20888029 DTXSID0062921 DTXSID5062398 DTXSID60288589 DTXSID90216335 DTXSID70394423 DTXSID30575670 DTXSID80195044 DTXSID80814501 DTXSID10758949 DTXSID1066239 DTXSID30770365 DTXSID60885077 DTXSID60598059 DTXSID5047114 DTXSID1068300 DTXSID20752115 DTXSID20814500 DTXSID50783437
DTXSID20311786	DTXSID60383846 DTXSID70588108 DTXSID90794481 DTXSID60769489 DTXSID00659916 DTXSID3071278 DTXSID30356906 DTXSID50586440 DTXSID40713445 DTXSID10656012 DTXSID00371969 DTXSID30564701 DTXSID60439377 DTXSID30279363 DTXSID90518144 DTXSID20883357 DTXSID60173527 DTXSID60588177 DTXSID60320519 DTXSID90178202
DTXSID40538554	DTXSID10435248 DTXSID60583001 DTXSID20655894 DTXSID20646787 DTXSID20677798 DTXSID50670919 DTXSID10726481 DTXSID30505336 DTXSID90156823 DTXSID50206878 DTXSID00701106 DTXSID30676873 DTXSID50546887 DTXSID00199842 DTXSID30671207 DTXSID70403367 DTXSID80404406 DTXSID80528156 DTXSID10282310 DTXSID90292093
DTXSID50738568	DTXSID70614779 DTXSID20170274 DTXSID00504730 DTXSID20424360 DTXSID50490730 DTXSID20629833 DTXSID70309077 DTXSID90501470 DTXSID70742980 DTXSID00403279 DTXSID90509411 DTXSID90694952 DTXSID70578327 DTXSID90708402 DTXSID30536807 DTXSID90810493 DTXSID20739168 DTXSID70431468 DTXSID50478058 DTXSID30734048
DTXSID60646342	DTXSID60722099 DTXSID80355863 DTXSID00287899 DTXSID00181464 DTXSID30309654 DTXSID40282924 DTXSID00382030 DTXSID20369429 DTXSID30313635 DTXSID20363508 DTXSID50704788 DTXSID50343833 DTXSID00156475 DTXSID50879142 DTXSID90547797 DTXSID70369696 DTXSID90657865 DTXSID70165236 DTXSID90462572 DTXSID40793823
DTXSID00592273	DTXSID60826127 DTXSID50240176 DTXSID40800687 DTXSID80833590 DTXSID00830884 DTXSID50786261 DTXSID80315841 DTXSID60289112 DTXSID80579724 DTXSID50841546 DTXSID70477760 DTXSID80453999 DTXSID00725246 DTXSID30415608 DTXSID70283348 DTXSID70842212 DTXSID50175434 DTXSID40329005 DTXSID20312091 DTXSID60646549
DTXSID60646347	DTXSID70553659 DTXSID10298976 DTXSID00646629 DTXSID8060298 DTXSID70578549 DTXSID40671112 DTXSID50701111 DTXSID90162424 DTXSID40432169 DTXSID70665448 DTXSID10508668 DTXSID60383684 DTXSID80573368 DTXSID50528168 DTXSID80700192 DTXSID30671207 DTXSID50669924 DTXSID30583295 DTXSID60427815 DTXSID80482123
DTXSID40222542	DTXSID30401122 DTXSID80639958 DTXSID80698227 DTXSID40195121 DTXSID40684101 DTXSID00664580 DTXSID70447701 DTXSID40462946 DTXSID80354275 DTXSID70781915 DTXSID50399774 DTXSID20488386 DTXSID70885523 DTXSID60351601 DTXSID6020012 DTXSID90277769 DTXSID00353104 DTXSID50464178 DTXSID50683468 DTXSID3062029
DTXSID10736227	DTXSID00388350 DTXSID60370650 DTXSID30698318 DTXSID80708592 DTXSID40879717 DTXSID60455951 DTXSID10326081 DTXSID20417717 DTXSID80543965 DTXSID00182759 DTXSID80767386 DTXSID60540119 DTXSID10786207 DTXSID20549406 DTXSID80606589 DTXSID00418328 DTXSID60407293 DTXSID20191888 DTXSID40473991 DTXSID50664979
DTXSID70336101	DTXSID80451632 DTXSID40568598 DTXSID90661048 DTXSID50384160 DTXSID20738530 DTXSID00220160 DTXSID70291387 DTXSID20800029 DTXSID30464712 DTXSID70526808 DTXSID80661158 DTXSID70680914 DTXSID80661133 DTXSID70445949 DTXSID50825200 DTXSID00520839 DTXSID40213495 DTXSID50176128 DTXSID60745223 DTXSID00220882
DTXSID50704849	DTXSID60391663 DTXSID20808909 DTXSID90535912 DTXSID40338899 DTXSID80763666 DTXSID90534566 DTXSID30844994 DTXSID10814993 DTXSID60732693 DTXSID20315027 DTXSID40195484 DTXSID50424015 DTXSID20379280 DTXSID10212475 DTXSID90394783 DTXSID10856030 DTXSID70751153 DTXSID10601885 DTXSID50521331 DTXSID30280398
DTXSID00523527	DTXSID70193216 DTXSID30639049 DTXSID40523526 DTXSID60523528 DTXSID90750769 DTXSID10600494 DTXSID30766546 DTXSID30850858 DTXSID20523529 DTXSID50476377 DTXSID20297955 DTXSID10851661 DTXSID40739943 DTXSID20565303 DTXSID70765735 DTXSID10241806 DTXSID30848932 DTXSID50479464 DTXSID00289651 DTXSID20468941
DTXSID40576476	DTXSID50579054 DTXSID40144790 DTXSID70764920 DTXSID90344864 DTXSID20815673 DTXSID70499967 DTXSID10448853 DTXSID10876394 DTXSID80240427 DTXSID20792955 DTXSID10777655 DTXSID70780766 DTXSID70814070 DTXSID90602370 DTXSID40606005 DTXSID80611870 DTXSID60315945 DTXSID60586193 DTXSID90666356 DTXSID20876587
DTXSID10456716	DTXSID30557279 DTXSID60600166 DTXSID90369355 DTXSID10659982 DTXSID70565050 DTXSID20742359 DTXSID10633444 DTXSID50704445 DTXSID70886212 DTXSID50748066 DTXSID30368908 DTXSID20750474 DTXSID20635878 DTXSID70701077 DTXSID80876321 DTXSID90344400 DTXSID00407338 DTXSID20832224 DTXSID00681590 DTXSID20444028
DTXSID40721146	DTXSID60166439 DTXSID10799296 DTXSID60174670 DTXSID40373801 DTXSID00846344 DTXSID70344367 DTXSID20876507 DTXSID90404174 DTXSID90383692 DTXSID20631638 DTXSID00722331 DTXSID80423172 DTXSID30374882 DTXSID80202505 DTXSID60278066 DTXSID90772002 DTXSID10645683 DTXSID50590007 DTXSID80734290 DTXSID20633374
DTXSID60813572	DTXSID90510688 DTXSID50595274 DTXSID40287813 DTXSID90154602 DTXSID60502116 DTXSID50594348 DTXSID30160883 DTXSID30445344 DTXSID20681875 DTXSID20427937 DTXSID90342643 DTXSID90884376 DTXSID90657446 DTXSID80295957 DTXSID30321477 DTXSID30202378 DTXSID20879154 DTXSID60602903 DTXSID00645374 DTXSID80384411
DTXSID00405935	DTXSID70284653 DTXSID50505318 DTXSID30671323 DTXSID70612013 DTXSID10649722 DTXSID50736206 DTXSID80275936 DTXSID10560226 DTXSID40481814 DTXSID20403498 DTXSID60497336 DTXSID10463021 DTXSID00338633 DTXSID20835977 DTXSID70825242 DTXSID90573096 DTXSID50640319 DTXSID2071025 DTXSID60340393 DTXSID80776034
DTXSID50497865	DTXSID70177935 DTXSID40319300 DTXSID80791540 DTXSID40398938 DTXSID70810991 DTXSID30194007 DTXSID70314323 DTXSID20624964 DTXSID90355415 DTXSID40195106 DTXSID20705520 DTXSID80302291 DTXSID10177934 DTXSID10494698 DTXSID40701504 DTXSID80580734 DTXSID00468540 DTXSID50605887 DTXSID50808230 DTXSID10856212
DTXSID30849560	DTXSID70646651 DTXSID50301953 DTXSID40509007 DTXSID20661056 DTXSID80222783 DTXSID20299676 DTXSID20520119 DTXSID10726325 DTXSID70199334 DTXSID60357421 DTXSID10505874 DTXSID30460577 DTXSID90343534 DTXSID00302495 DTXSID40456163 DTXSID40603837 DTXSID60603455 DTXSID90628893 DTXSID70357452 DTXSID00606703
DTXSID20560777	DTXSID10600631 DTXSID80303985 DTXSID00748874 DTXSID50290696 DTXSID00451851 DTXSID10349573 DTXSID30876114 DTXSID40877455 DTXSID00472203 DTXSID10496814 DTXSID40590071 DTXSID30483029 DTXSID70393850 DTXSID40645631 DTXSID30205465 DTXSID70652439 DTXSID70425569 DTXSID10472875 DTXSID90817745 DTXSID70176266
DTXSID70848557	DTXSID60240187 DTXSID20449654 DTXSID50726480 DTXSID90485165 DTXSID00811012 DTXSID90381395 DTXSID30725638 DTXSID00216947 DTXSID90176884 DTXSID90336082 DTXSID30388045 DTXSID70421046 DTXSID60441410 DTXSID30752484 DTXSID20697451 DTXSID70240254 DTXSID30339597 DTXSID80493638 DTXSID90842471 DTXSID60526251
DTXSID20627273	DTXSID80625518 DTXSID90610016 DTXSID60334732 DTXSID70840778 DTXSID30768005 DTXSID80824408 DTXSID60627272 DTXSID60767243 DTXSID20793129 DTXSID40604041 DTXSID20337941 DTXSID60768018 DTXSID10579631 DTXSID10338028 DTXSID00498408 DTXSID40718915 DTXSID40767246 DTXSID60818128 DTXSID40338031 DTXSID50718906
DTXSID40729122	DTXSID80730651 DTXSID50238654 DTXSID90315231 DTXSID70341891 DTXSID60729604 DTXSID10697122 DTXSID40831017 DTXSID80496604 DTXSID30295169 DTXSID20324255 DTXSID70385795 DTXSID9046865 DTXSID80292143 DTXSID50593376 DTXSID90198723 DTXSID90159298 DTXSID10653460 DTXSID80618041 DTXSID90174022 DTXSID60716933
DTXSID20655571	DTXSID70237664 DTXSID80380630 DTXSID20720470 DTXSID90675923 DTXSID40152835 DTXSID80549962 DTXSID80396852 DTXSID00841995 DTXSID50300204 DTXSID20188935 DTXSID80645236 DTXSID20733565 DTXSID90284478 DTXSID00697257 DTXSID40387802 DTXSID10389373 DTXSID20405250 DTXSID70368043 DTXSID30373673 DTXSID40436167
DTXSID10142980	DTXSID60429096 DTXSID00314654 DTXSID90611508 DTXSID70238095 DTXSID30659560 DTXSID90598183 DTXSID40405636 DTXSID10292499 DTXSID30423703 DTXSID60700392 DTXSID50292099 DTXSID80724015 DTXSID80318690 DTXSID10764141 DTXSID60435793 DTXSID20881333 DTXSID70397272 DTXSID20597765 DTXSID10395035 DTXSID50308568
DTXSID60806661	DTXSID20544931 DTXSID20793508 DTXSID10852996 DTXSID40765540 DTXSID30443108 DTXSID40440103 DTXSID5052387 DTXSID40749587 DTXSID60700918 DTXSID10700029 DTXSID40332150 DTXSID20877337 DTXSID50668230 DTXSID60658369 DTXSID40156419 DTXSID80441533 DTXSID30437547 DTXSID60640047 DTXSID50696336 DTXSID10594324
DTXSID10211680	DTXSID5068158 DTXSID70353237 DTXSID10733776 DTXSID00363884 DTXSID00876742 DTXSID60473099 DTXSID60425199 DTXSID40845735 DTXSID00541362 DTXSID70739012 DTXSID50553950 DTXSID70589837 DTXSID10307496 DTXSID30718065 DTXSID70341018 DTXSID90549170 DTXSID30640913 DTXSID30385110 DTXSID10495246 DTXSID90456951
DTXSID70587777	DTXSID80770815 DTXSID90209025 DTXSID20824306 DTXSID50887767 DTXSID1062546 DTXSID4052005 DTXSID00432448 DTXSID2063765 DTXSID70559575 DTXSID30702166 DTXSID0074637 DTXSID50307511 DTXSID2027967 DTXSID10796088 DTXSID60173926 DTXSID70622612 DTXSID10348283 DTXSID90765171 DTXSID60696701 DTXSID00647136
DTXSID70835068	DTXSID70606674 DTXSID50278717 DTXSID50354606 DTXSID60363224 DTXSID50682239 DTXSID80229196 DTXSID40551980 DTXSID00874349 DTXSID10463425 DTXSID80618687 DTXSID90473582 DTXSID50277740 DTXSID90509133 DTXSID90395215 DTXSID10311119 DTXSID70667260 DTXSID90845265 DTXSID10380522 DTXSID50455440 DTXSID30651367
DTXSID30395714	DTXSID10641428 DTXSID50604471 DTXSID30671565 DTXSID50743096 DTXSID70300165 DTXSID80625058 DTXSID70366049 DTXSID20489156 DTXSID50425244 DTXSID60209350 DTXSID20450149 DTXSID30159237 DTXSID90883667 DTXSID40835055 DTXSID70280392 DTXSID90624976 DTXSID50447744 DTXSID40757268 DTXSID00735784 DTXSID50607326
DTXSID10366361	DTXSID40453379 DTXSID70165099 DTXSID10546803 DTXSID40442061 DTXSID1063512 DTXSID60486225 DTXSID70448359 DTXSID50399335 DTXSID20448329 DTXSID0051318 DTXSID60742575 DTXSID70202817 DTXSID40343822 DTXSID60285093 DTXSID30150880 DTXSID70405947 DTXSID00509104 DTXSID10405921 DTXSID70700803 DTXSID30572765
DTXSID10630059	DTXSID70876097 DTXSID40430408 DTXSID40876064 DTXSID20738797 DTXSID70317253 DTXSID90530760 DTXSID50415544 DTXSID70502324 DTXSID70219349 DTXSID40552573 DTXSID10708141 DTXSID00570430 DTXSID30618773 DTXSID80230045 DTXSID80284503 DTXSID80557643 DTXSID70191530 DTXSID80588154 DTXSID80173943 DTXSID80661557
DTXSID20552238	DTXSID40183664 DTXSID60229255 DTXSID70516729 DTXSID30573292 DTXSID00531485 DTXSID70328364 DTXSID80613339 DTXSID20513824 DTXSID60649136 DTXSID20455750 DTXSID10765572 DTXSID70668499 DTXSID10206172 DTXSID10182503 DTXSID50307490 DTXSID40235753 DTXSID3059505 DTXSID70598444 DTXSID20625698 DTXSID50287864
DTXSID20587863	DTXSID40358330 DTXSID50326560 DTXSID90280672 DTXSID40854463 DTXSID80610828 DTXSID90280854 DTXSID90728665 DTXSID6024337 DTXSID70496097 DTXSID90178843 DTXSID70720440 DTXSID40547121 DTXSID10503451 DTXSID30844257 DTXSID70333716 DTXSID00642424 DTXSID10440059 DTXSID70534660 DTXSID00598513 DTXSID30823264
DTXSID60631637	DTXSID90767079 DTXSID80538619 DTXSID60589644 DTXSID80196773 DTXSID50846172 DTXSID20193125 DTXSID90812856 DTXSID00742973 DTXSID60373803 DTXSID80787605 DTXSID20408685 DTXSID70815446 DTXSID50549631 DTXSID70280852 DTXSID90699861 DTXSID60400325 DTXSID1067833 DTXSID70344367 DTXSID50440356 DTXSID30374882
DTXSID70445500	DTXSID50184864 DTXSID20815698 DTXSID60156476 DTXSID5067392 DTXSID20342035 DTXSID10676396 DTXSID90530907 DTXSID50814573 DTXSID80364511 DTXSID90512546 DTXSID10705317 DTXSID70290799 DTXSID50190425 DTXSID70646373 DTXSID80404820 DTXSID90703659 DTXSID9072286 DTXSID90437447 DTXSID9068904 DTXSID50646715
DTXSID50696972	DTXSID90441701 DTXSID80290523 DTXSID00600140 DTXSID10794029 DTXSID40503843 DTXSID20797743 DTXSID80809139 DTXSID70711419 DTXSID30304306 DTXSID5041190 DTXSID60579661 DTXSID60742252 DTXSID70434151 DTXSID50707759 DTXSID00236589 DTXSID50835107 DTXSID30595277 DTXSID40522559 DTXSID30403904 DTXSID80673756
DTXSID40823492	DTXSID30773912 DTXSID00153661 DTXSID80436722 DTXSID30826654 DTXSID00314351 DTXSID90787090 DTXSID30155996 DTXSID90241283 DTXSID70851288 DTXSID40652547 DTXSID20302371 DTXSID30198141 DTXSID20162997 DTXSID50838375 DTXSID4070378 DTXSID50783619 DTXSID70329513 DTXSID00832722 DTXSID00428624 DTXSID70823546
DTXSID20562958	DTXSID90473522 DTXSID40311824 DTXSID00343681 DTXSID20774958 DTXSID30410198 DTXSID50735557 DTXSID40286260 DTXSID60710239 DTXSID30642472 DTXSID50345554 DTXSID50399370 DTXSID40415492 DTXSID10177959 DTXSID00611337 DTXSID70514624 DTXSID00341086 DTXSID40403172 DTXSID00596812 DTXSID80791282 DTXSID90208553
DTXSID40854463	DTXSID70496097 DTXSID90280672 DTXSID40358330 DTXSID20587863 DTXSID70534660 DTXSID90728665 DTXSID6024337 DTXSID20739229 DTXSID80524375 DTXSID40877591 DTXSID10480899 DTXSID00598513 DTXSID50326560 DTXSID90215565 DTXSID90280854 DTXSID10440059 DTXSID10403129 DTXSID10527213 DTXSID90178843 DTXSID60876900
DTXSID50568069	DTXSID80181205 DTXSID70450412 DTXSID70351511 DTXSID10876016 DTXSID30641809 DTXSID20381166 DTXSID40821519 DTXSID80306315 DTXSID50315974 DTXSID00304292 DTXSID40505180 DTXSID30642477 DTXSID50733937 DTXSID10463849 DTXSID80383500 DTXSID70843961 DTXSID60292368 DTXSID20493516 DTXSID00220968 DTXSID10430450
DTXSID60682265	DTXSID3075335 DTXSID80198656 DTXSID60866760 DTXSID60486664 DTXSID90321852 DTXSID00307829 DTXSID30502461 DTXSID00658368 DTXSID00515129 DTXSID60457071 DTXSID50210773 DTXSID50345231 DTXSID10766741 DTXSID90798186 DTXSID30675245 DTXSID20550310 DTXSID40734110 DTXSID10765032 DTXSID90565613 DTXSID30639701
DTXSID70680272	DTXSID90879368 DTXSID10573876 DTXSID10705413 DTXSID3063417 DTXSID60145820 DTXSID30733839 DTXSID00513665 DTXSID40699437 DTXSID70653901 DTXSID80676848 DTXSID70316448 DTXSID20379543 DTXSID50429722 DTXSID30284199 DTXSID00655630 DTXSID70722227 DTXSID40623939 DTXSID20423292 DTXSID40455555 DTXSID50649802
DTXSID10542860	DTXSID20717067 DTXSID20431438 DTXSID80766172 DTXSID30686896 DTXSID60424460 DTXSID50398949 DTXSID10879320 DTXSID80703825 DTXSID90688538 DTXSID20663414 DTXSID60587786 DTXSID00679770 DTXSID20651159 DTXSID20545105 DTXSID90453389 DTXSID80879711 DTXSID50364467 DTXSID00846581 DTXSID90592505 DTXSID40820466
DTXSID6039685	DTXSID50774446 DTXSID00769261 DTXSID00853295 DTXSID60243779 DTXSID10648912 DTXSID70781576 DTXSID0075027 DTXSID20594416 DTXSID90554224 DTXSID8070417 DTXSID60146670 DTXSID80821492 DTXSID70274817 DTXSID80284205 DTXSID90591033 DTXSID40821493 DTXSID80891978 DTXSID60561925 DTXSID60730634 DTXSID30578202
DTXSID00506799	DTXSID80381026 DTXSID00410983 DTXSID00748011 DTXSID3041297 DTXSID10734783 DTXSID00442188 DTXSID40278640 DTXSID70670057 DTXSID90380404 DTXSID70762047 DTXSID50600110 DTXSID10708424 DTXSID80299394 DTXSID20293093 DTXSID10728889 DTXSID60154331 DTXSID20352412 DTXSID20548313 DTXSID80813019 DTXSID60600484
DTXSID80405837	DTXSID10729396 DTXSID00371429 DTXSID50650554 DTXSID90701110 DTXSID40365680 DTXSID50879364 DTXSID20567600 DTXSID30420671 DTXSID70282316 DTXSID90753492 DTXSID40708639 DTXSID60784278 DTXSID10842453 DTXSID20384137 DTXSID50576907 DTXSID10652953 DTXSID10645244 DTXSID60812722 DTXSID20698160 DTXSID7073771
DTXSID10801287	DTXSID10176321 DTXSID10213689 DTXSID10528402 DTXSID30639766 DTXSID90720280 DTXSID80478086 DTXSID00635816 DTXSID60364059 DTXSID80542993 DTXSID60510918 DTXSID40329449 DTXSID40199745 DTXSID30406096 DTXSID40558595 DTXSID70490090 DTXSID00550772 DTXSID90341893 DTXSID40343786 DTXSID70789032 DTXSID2037714
DTXSID50469188	DTXSID90723953 DTXSID10448196 DTXSID00866926 DTXSID40780031 DTXSID40637430 DTXSID20205954 DTXSID30148863 DTXSID90542560 DTXSID30400357 DTXSID30294197 DTXSID40662500 DTXSID30824958 DTXSID60433259 DTXSID10843167 DTXSID20336777 DTXSID50173692 DTXSID40148874 DTXSID20817531 DTXSID50609507 DTXSID20719162
DTXSID30730641	DTXSID50694473 DTXSID30540282 DTXSID90554466 DTXSID4061254 DTXSID70828773 DTXSID00619277 DTXSID90205022 DTXSID10630897 DTXSID70542023 DTXSID00184258 DTXSID10786267 DTXSID70524783 DTXSID00304090 DTXSID90431228 DTXSID00698901 DTXSID60744317 DTXSID70395213 DTXSID90499641 DTXSID90237202 DTXSID40210161
DTXSID60557242	DTXSID70651568 DTXSID50766366 DTXSID80342879 DTXSID80351906 DTXSID50858472 DTXSID1051800 DTXSID50502221 DTXSID70485608 DTXSID40326877 DTXSID60606582 DTXSID80563921 DTXSID90530942 DTXSID30831086 DTXSID90328629 DTXSID10787971 DTXSID10391618 DTXSID50693663 DTXSID10880678 DTXSID50528269 DTXSID50798425
DTXSID2062032	DTXSID40494060 DTXSID60344275 DTXSID40300394 DTXSID20664825 DTXSID40674401 DTXSID90494237 DTXSID70171099 DTXSID80388515 DTXSID50616953 DTXSID00455874 DTXSID50646174 DTXSID00526659 DTXSID80351663 DTXSID50374021 DTXSID20162952 DTXSID90807202 DTXSID50581773 DTXSID10355255 DTXSID50170126 DTXSID00332196
DTXSID60456741	DTXSID00857657 DTXSID90489587 DTXSID00515240 DTXSID20599022 DTXSID40516574 DTXSID80625119 DTXSID50312908 DTXSID20620805 DTXSID20182216 DTXSID30668051 DTXSID20589302 DTXSID90663466 DTXSID30600355 DTXSID10399659 DTXSID30857029 DTXSID80224782 DTXSID50599959 DTXSID10380986 DTXSID90674537 DTXSID90291526
DTXSID00333421	DTXSID40226601 DTXSID10564320 DTXSID80673756 DTXSID20295613 DTXSID6044773 DTXSID90543810 DTXSID70751774 DTXSID00639591 DTXSID00478189 DTXSID70359411 DTXSID80528696 DTXSID80342874 DTXSID40606005 DTXSID60778778 DTXSID20832421 DTXSID70522562 DTXSID30342248 DTXSID80809139 DTXSID40390038 DTXSID10504807
DTXSID60187922	DTXSID60562356 DTXSID20452729 DTXSID90749597 DTXSID50590188 DTXSID60471338 DTXSID40845472 DTXSID00484725 DTXSID40427651 DTXSID00663871 DTXSID80348831 DTXSID60467599 DTXSID40856366 DTXSID60500859 DTXSID80437991 DTXSID60590477 DTXSID20348830 DTXSID20759801 DTXSID90239443 DTXSID20857154 DTXSID90605508
DTXSID80726635	DTXSID10157079 DTXSID20368533 DTXSID10458452 DTXSID90508585 DTXSID80831692 DTXSID1020724 DTXSID60455133 DTXSID20352937 DTXSID30725613 DTXSID20561608 DTXSID70365214 DTXSID10657448 DTXSID60733827 DTXSID1024752 DTXSID30298938 DTXSID70542503 DTXSID8059635 DTXSID00662940 DTXSID10193937 DTXSID20391189
DTXSID20379543	DTXSID40455555 DTXSID70316448 DTXSID50649802 DTXSID50634238 DTXSID80370955 DTXSID70680272 DTXSID50215001 DTXSID70722227 DTXSID40332695 DTXSID90879368 DTXSID80211218 DTXSID00655630 DTXSID80494605 DTXSID60145820 DTXSID00513665 DTXSID90624653 DTXSID10371632 DTXSID30837109 DTXSID20423292 DTXSID40623939
DTXSID80440844	DTXSID30540383 DTXSID60184532 DTXSID70873622 DTXSID00639879 DTXSID20804840 DTXSID20756234 DTXSID60494921 DTXSID70721614 DTXSID50341016 DTXSID30767634 DTXSID20204487 DTXSID30855727 DTXSID00653333 DTXSID00296961 DTXSID40852085 DTXSID80847197 DTXSID60457672 DTXSID60723581 DTXSID60813198 DTXSID10498474
DTXSID2062747	DTXSID20764253 DTXSID80666249 DTXSID40784978 DTXSID30850393 DTXSID40449914 DTXSID50519152 DTXSID40277799 DTXSID00348353 DTXSID30647583 DTXSID70329513 DTXSID20302371 DTXSID70724660 DTXSID70880417 DTXSID90895689 DTXSID70880598 DTXSID50526109 DTXSID60801696 DTXSID70851288 DTXSID00881331 DTXSID4070378
DTXSID50624477	DTXSID30529310 DTXSID40634126 DTXSID00241638 DTXSID90571239 DTXSID90164963 DTXSID30308581 DTXSID10642071 DTXSID80528156 DTXSID80601918 DTXSID10181718 DTXSID30856658 DTXSID60477951 DTXSID10508668 DTXSID10391274 DTXSID50670919 DTXSID70403367 DTXSID60427815 DTXSID50528168 DTXSID00576634 DTXSID50701111
DTXSID80675952	DTXSID80309280 DTXSID50833486 DTXSID30528383 DTXSID60390070 DTXSID00463292 DTXSID50610633 DTXSID80875894 DTXSID40725124 DTXSID80742315 DTXSID10442477 DTXSID70655208 DTXSID20239537 DTXSID60239536 DTXSID20445318 DTXSID20163247 DTXSID90734423 DTXSID80444665 DTXSID40452180 DTXSID00434109 DTXSID10525294
DTXSID80633057	DTXSID30322904 DTXSID80476729 DTXSID30298938 DTXSID80646122 DTXSID90508585 DTXSID70542503 DTXSID10833987 DTXSID20352937 DTXSID20368533 DTXSID20697678 DTXSID10458452 DTXSID30725613 DTXSID1020724 DTXSID5067500 DTXSID20656902 DTXSID10157079 DTXSID10657448 DTXSID50806832 DTXSID90772845 DTXSID20542891
DTXSID20424284	DTXSID50196028 DTXSID40596295 DTXSID30729499 DTXSID30589373 DTXSID00317766 DTXSID20660908 DTXSID10850376 DTXSID80608826 DTXSID80588290 DTXSID60462105 DTXSID80620169 DTXSID40707006 DTXSID50495023 DTXSID30675508 DTXSID60608662 DTXSID60809374 DTXSID70425867 DTXSID60621654 DTXSID80391786 DTXSID50709091
DTXSID80612887	DTXSID80395860 DTXSID70548989 DTXSID10541414 DTXSID20540610 DTXSID00474121 DTXSID60495337 DTXSID50760389 DTXSID90402498 DTXSID70846715 DTXSID80349621 DTXSID10491980 DTXSID10634274 DTXSID80712154 DTXSID20307184 DTXSID7023194 DTXSID60510635 DTXSID00854560 DTXSID50681040 DTXSID40358239 DTXSID90205587
DTXSID00873296	DTXSID60526094 DTXSID00732571 DTXSID10721299 DTXSID30435361 DTXSID80407816 DTXSID20288045 DTXSID20459617 DTXSID10341658 DTXSID60573543 DTXSID5066089 DTXSID80612544 DTXSID10853165 DTXSID00281615 DTXSID90595036 DTXSID60468920 DTXSID20740698 DTXSID50569758 DTXSID10509216 DTXSID80878082 DTXSID00325563
DTXSID40456163	DTXSID90628893 DTXSID90343534 DTXSID30460577 DTXSID10463324 DTXSID00606703 DTXSID40279773 DTXSID90439183 DTXSID60603455 DTXSID00811431 DTXSID9058155 DTXSID80704312 DTXSID70357452 DTXSID00302495 DTXSID20785226 DTXSID00178112 DTXSID90320648 DTXSID10438850 DTXSID70857447 DTXSID40509007 DTXSID80222783
DTXSID00363127	DTXSID00425279 DTXSID00640667 DTXSID40493992 DTXSID80769224 DTXSID80349606 DTXSID00615794 DTXSID80879493 DTXSID50294250 DTXSID10160386 DTXSID70623684 DTXSID30722324 DTXSID60800821 DTXSID50355557 DTXSID70651745 DTXSID90771333 DTXSID60571408 DTXSID10740400 DTXSID70879543 DTXSID00374652 DTXSID00839498
DTXSID80577280	DTXSID30632272 DTXSID30757297 DTXSID20547043 DTXSID00697813 DTXSID30818574 DTXSID30313034 DTXSID60836468 DTXSID70835922 DTXSID70529475 DTXSID60786151 DTXSID60209350 DTXSID20384071 DTXSID60695476 DTXSID30849888 DTXSID40786316 DTXSID70642456 DTXSID90578445 DTXSID10380608 DTXSID00698709 DTXSID60368299
DTXSID1066239	DTXSID5047114 DTXSID80195044 DTXSID30770365 DTXSID60598059 DTXSID50783437 DTXSID60288589 DTXSID50410539 DTXSID70751310 DTXSID90404730 DTXSID20195063 DTXSID5062398 DTXSID0062921 DTXSID70394423 DTXSID00559144 DTXSID20411452 DTXSID1068019 DTXSID80576899 DTXSID20888029 DTXSID50757335 DTXSID90216335
DTXSID40712251	DTXSID20579541 DTXSID60829037 DTXSID60715926 DTXSID7041334 DTXSID90651949 DTXSID90697367 DTXSID70496976 DTXSID80737281 DTXSID10617749 DTXSID40222441 DTXSID00308578 DTXSID80876321 DTXSID20742359 DTXSID00147227 DTXSID40177548 DTXSID20635878 DTXSID00681590 DTXSID80320612 DTXSID70607621 DTXSID70701077
DTXSID40156419	DTXSID90458399 DTXSID40749587 DTXSID30443108 DTXSID20793508 DTXSID20544931 DTXSID40332150 DTXSID50345559 DTXSID50485202 DTXSID40765540 DTXSID80441533 DTXSID60640047 DTXSID40211870 DTXSID10601885 DTXSID10700029 DTXSID60806661 DTXSID60700918 DTXSID20877630 DTXSID30755233 DTXSID50521331 DTXSID40382812
DTXSID00650544	DTXSID40657274 DTXSID30553130 DTXSID30541491 DTXSID10726820 DTXSID80604707 DTXSID50849961 DTXSID50433142 DTXSID40147746 DTXSID20144394 DTXSID10371692 DTXSID10364382 DTXSID00661216 DTXSID90479640 DTXSID30452775 DTXSID9021712 DTXSID30287620 DTXSID30756543 DTXSID50833688 DTXSID10325094 DTXSID40414687
DTXSID40195666	DTXSID10886074 DTXSID60511480 DTXSID70450674 DTXSID60822902 DTXSID40417799 DTXSID70785392 DTXSID30147033 DTXSID80195024 DTXSID10699585 DTXSID10648492 DTXSID60752952 DTXSID00752951 DTXSID90240731 DTXSID80546739 DTXSID50804111 DTXSID00699514 DTXSID70241241 DTXSID50767838 DTXSID70822857 DTXSID30710786
DTXSID90668739	DTXSID20364156 DTXSID50425981 DTXSID90227249 DTXSID70424335 DTXSID40645570 DTXSID40741081 DTXSID30234336 DTXSID4068533 DTXSID70383670 DTXSID20216883 DTXSID70618696 DTXSID00645617 DTXSID40693273 DTXSID40622548 DTXSID70657702 DTXSID20656245 DTXSID70876072 DTXSID00188155 DTXSID80234861 DTXSID50290813
DTXSID30698318	DTXSID10326081 DTXSID00388350 DTXSID80708592 DTXSID10736227 DTXSID60370650 DTXSID00418328 DTXSID80606589 DTXSID40473991 DTXSID40879717 DTXSID30319213 DTXSID60540119 DTXSID20417717 DTXSID80543965 DTXSID20766015 DTXSID20549406 DTXSID10744428 DTXSID60455951 DTXSID40241632 DTXSID50664979 DTXSID40393084
DTXSID10393657	DTXSID50697429 DTXSID60588576 DTXSID10618519 DTXSID30787357 DTXSID70202337 DTXSID20368194 DTXSID80740250 DTXSID30678938 DTXSID60739526 DTXSID20834086 DTXSID50631606 DTXSID80679718 DTXSID10716180 DTXSID20605314 DTXSID90695323 DTXSID00730012 DTXSID00356670 DTXSID70735690 DTXSID50512269 DTXSID90840538
DTXSID00341086	DTXSID70514624 DTXSID50399370 DTXSID20774958 DTXSID60681854 DTXSID80791282 DTXSID30410198 DTXSID50345554 DTXSID40415492 DTXSID90473522 DTXSID50281226 DTXSID00374536 DTXSID80369369 DTXSID50542445 DTXSID20562958 DTXSID90208553 DTXSID60710239 DTXSID40311824 DTXSID30307175 DTXSID50604451 DTXSID40396237
DTXSID00348838	DTXSID80628382 DTXSID50354368 DTXSID70726528 DTXSID50569415 DTXSID00342891 DTXSID00348297 DTXSID30180364 DTXSID30180824 DTXSID00547167 DTXSID40628489 DTXSID00196871 DTXSID80621691 DTXSID10383811 DTXSID70457502 DTXSID70788262 DTXSID60401190 DTXSID10555854 DTXSID20372933 DTXSID10280790 DTXSID00725807
DTXSID30213626	DTXSID30332528 DTXSID40775609 DTXSID00331164 DTXSID00560977 DTXSID20670305 DTXSID70305776 DTXSID70460238 DTXSID50707951 DTXSID00631297 DTXSID50813501 DTXSID30424634 DTXSID40388536 DTXSID10848359 DTXSID40289039 DTXSID50640314 DTXSID10284657 DTXSID10364529 DTXSID30521910 DTXSID20542816 DTXSID80598470
DTXSID80655517	DTXSID70352922 DTXSID80596936 DTXSID20797460 DTXSID10609068 DTXSID10610316 DTXSID50742145 DTXSID10238155 DTXSID60198210 DTXSID60179903 DTXSID10182402 DTXSID50614151 DTXSID70277929 DTXSID40563927 DTXSID10560827 DTXSID30199118 DTXSID30315977 DTXSID50481880 DTXSID90396484 DTXSID20895511 DTXSID70377711
DTXSID10616959	DTXSID90591795 DTXSID20465410 DTXSID00321565 DTXSID5073666 DTXSID80294445 DTXSID30879120 DTXSID60307108 DTXSID40492662 DTXSID60377023 DTXSID60620389 DTXSID00695157 DTXSID00377461 DTXSID40296581 DTXSID10168882 DTXSID20435693 DTXSID80645312 DTXSID20718973 DTXSID50473568 DTXSID00506916 DTXSID80336298
DTXSID50469729	DTXSID50201202 DTXSID50793056 DTXSID80676944 DTXSID4066414 DTXSID40796495 DTXSID50563231 DTXSID80149663 DTXSID50234914 DTXSID30280398 DTXSID00468308 DTXSID10640895 DTXSID10556700 DTXSID50855769 DTXSID30790846 DTXSID3022168 DTXSID60192233 DTXSID10814993 DTXSID50521331 DTXSID40399561 DTXSID40823058
DTXSID00632961	DTXSID10144949 DTXSID70822074 DTXSID80748150 DTXSID80660707 DTXSID20503927 DTXSID50840392 DTXSID50878074 DTXSID70529697 DTXSID00616882 DTXSID00701883 DTXSID00715541 DTXSID80365482 DTXSID50170787 DTXSID90375214 DTXSID90565294 DTXSID60761685 DTXSID90277789 DTXSID5026548 DTXSID40163406 DTXSID20540059
DTXSID00464688	DTXSID00356771 DTXSID50428912 DTXSID20231591 DTXSID90529871 DTXSID40307383 DTXSID20435658 DTXSID60501402 DTXSID70574046 DTXSID60402203 DTXSID30473081 DTXSID00651930 DTXSID90499202 DTXSID30382886 DTXSID50778606 DTXSID50579352 DTXSID4041236 DTXSID40507649 DTXSID4067771 DTXSID00484583 DTXSID70797415
DTXSID90591033	DTXSID70781576 DTXSID30821189 DTXSID8070417 DTXSID0075027 DTXSID80853470 DTXSID60146670 DTXSID80891978 DTXSID80708279 DTXSID90706463 DTXSID00853295 DTXSID50774446 DTXSID40501107 DTXSID40828008 DTXSID70274817 DTXSID40705946 DTXSID30707813 DTXSID00301524 DTXSID90298272 DTXSID90554224 DTXSID30763535
DTXSID30234336	DTXSID40693273 DTXSID90439542 DTXSID70383670 DTXSID50290813 DTXSID20364156 DTXSID70876072 DTXSID70424335 DTXSID40751706 DTXSID90668739 DTXSID40645570 DTXSID4068533 DTXSID50632411 DTXSID70618696 DTXSID70213504 DTXSID50425981 DTXSID90819865 DTXSID20656245 DTXSID80495753 DTXSID60206102 DTXSID20323405
DTXSID00444369	DTXSID00650185 DTXSID70543696 DTXSID30452058 DTXSID80641117 DTXSID80464702 DTXSID60623592 DTXSID50215829 DTXSID10820791 DTXSID40560431 DTXSID90290650 DTXSID00668225 DTXSID50705639 DTXSID70711914 DTXSID40597080 DTXSID90358244 DTXSID30575690 DTXSID20201895 DTXSID50293460 DTXSID90203604 DTXSID60434766
DTXSID30579375	DTXSID10727837 DTXSID30585375 DTXSID40847597 DTXSID30836834 DTXSID20146696 DTXSID70811428 DTXSID30760367 DTXSID10316184 DTXSID00696205 DTXSID10767051 DTXSID50354621 DTXSID90743974 DTXSID70145831 DTXSID90443664 DTXSID30296292 DTXSID00610163 DTXSID00401210 DTXSID90407241 DTXSID20398810 DTXSID70392484
DTXSID90613289	DTXSID60695037 DTXSID20646308 DTXSID20580753 DTXSID90625943 DTXSID40350132 DTXSID80293478 DTXSID80626181 DTXSID70489803 DTXSID90331274 DTXSID80626883 DTXSID60671114 DTXSID40407716 DTXSID10536082 DTXSID20432561 DTXSID90419162 DTXSID10593776 DTXSID50170020 DTXSID60592557 DTXSID00622620 DTXSID80482123
DTXSID70492352	DTXSID30614917 DTXSID70879705 DTXSID50211245 DTXSID90670418 DTXSID70793598 DTXSID00326459 DTXSID90437447 DTXSID60642107 DTXSID10614374 DTXSID60459171 DTXSID70554161 DTXSID70290799 DTXSID80364511 DTXSID20430340 DTXSID70180323 DTXSID10594329 DTXSID80679990 DTXSID30275143 DTXSID20318553 DTXSID90703659
DTXSID00402808	DTXSID60501967 DTXSID40767246 DTXSID90826973 DTXSID10338028 DTXSID60818128 DTXSID50718906 DTXSID40338031 DTXSID30519534 DTXSID70880614 DTXSID90423986 DTXSID40718915 DTXSID50771354 DTXSID20818129 DTXSID70477361 DTXSID60615952 DTXSID40604041 DTXSID70596485 DTXSID60768018 DTXSID20793129 DTXSID10579631
DTXSID70566345	DTXSID80333909 DTXSID30508463 DTXSID80437496 DTXSID8073637 DTXSID10296917 DTXSID90399273 DTXSID40555726 DTXSID50512320 DTXSID40390654 DTXSID80398735 DTXSID90767918 DTXSID90470157 DTXSID90816713 DTXSID50297620 DTXSID20342474 DTXSID50177630 DTXSID70540044 DTXSID20602303 DTXSID90497925 DTXSID4074271
DTXSID50600110	DTXSID40570439 DTXSID70762047 DTXSID40278640 DTXSID70670057 DTXSID30625664 DTXSID70621009 DTXSID00506799 DTXSID00748011 DTXSID10734783 DTXSID00442188 DTXSID00410983 DTXSID80813019 DTXSID20352412 DTXSID90380404 DTXSID40529149 DTXSID80381026 DTXSID60600484 DTXSID50467003 DTXSID60875877 DTXSID80820804
DTXSID50451245	DTXSID30234871 DTXSID80516331 DTXSID60281959 DTXSID80585325 DTXSID50874359 DTXSID00772053 DTXSID50637522 DTXSID30542968 DTXSID20790370 DTXSID4051740 DTXSID90758669 DTXSID80578838 DTXSID10491920 DTXSID70727494 DTXSID20678220 DTXSID60501402 DTXSID70339011 DTXSID10465429 DTXSID90400696 DTXSID20316433
DTXSID20527587	DTXSID10884631 DTXSID20477457 DTXSID10786702 DTXSID40519863 DTXSID50460130 DTXSID90302707 DTXSID20211050 DTXSID70217885 DTXSID40441716 DTXSID30396761 DTXSID00615431 DTXSID20449210 DTXSID7069071 DTXSID30531317 DTXSID20481377 DTXSID90353214 DTXSID00438884 DTXSID00364578 DTXSID2051978 DTXSID60675172
DTXSID80345264	DTXSID40824282 DTXSID30583679 DTXSID20895511 DTXSID70377711 DTXSID20357220 DTXSID30199118 DTXSID50571472 DTXSID10560827 DTXSID70341755 DTXSID90573197 DTXSID70277929 DTXSID50434311 DTXSID80596936 DTXSID50846839 DTXSID20797460 DTXSID80464787 DTXSID10609068 DTXSID80206947 DTXSID60179903 DTXSID20508230
DTXSID20447155	DTXSID30711814 DTXSID80896685 DTXSID40539147 DTXSID00312019 DTXSID30303990 DTXSID20585788 DTXSID40452180 DTXSID20163247 DTXSID00393984 DTXSID10659624 DTXSID70696934 DTXSID50510164 DTXSID80851830 DTXSID70655208 DTXSID10538581 DTXSID30592241 DTXSID10466491 DTXSID80444665 DTXSID80665454 DTXSID40477959
DTXSID60802643	DTXSID70782861 DTXSID10590482 DTXSID90450050 DTXSID70721139 DTXSID40710035 DTXSID40650068 DTXSID70243846 DTXSID10495286 DTXSID10348884 DTXSID00327365 DTXSID60646983 DTXSID50524963 DTXSID90362422 DTXSID70671842 DTXSID40508934 DTXSID70791312 DTXSID50472117 DTXSID90457286 DTXSID70291387 DTXSID90567016
DTXSID60188272	DTXSID40756958 DTXSID70212037 DTXSID00317504 DTXSID20352578 DTXSID40532698 DTXSID70757958 DTXSID70502965 DTXSID20170794 DTXSID40508272 DTXSID00186176 DTXSID30621282 DTXSID50527333 DTXSID10275540 DTXSID60734738 DTXSID40392471 DTXSID40300233 DTXSID50787394 DTXSID60580712 DTXSID10444416 DTXSID00389746
DTXSID50853169	DTXSID60661651 DTXSID70282316 DTXSID10377573 DTXSID20733565 DTXSID90753492 DTXSID7073771 DTXSID50650554 DTXSID40436167 DTXSID50283649 DTXSID40708639 DTXSID20567600 DTXSID00371429 DTXSID70609605 DTXSID40673171 DTXSID40365680 DTXSID10842453 DTXSID30357635 DTXSID50660254 DTXSID20384137 DTXSID70585475
DTXSID20649430	DTXSID80656847 DTXSID80650769 DTXSID10702806 DTXSID60325847 DTXSID40515688 DTXSID90392163 DTXSID30663980 DTXSID10618958 DTXSID50165017 DTXSID00672044 DTXSID30559379 DTXSID00391501 DTXSID60394275 DTXSID20383685 DTXSID90648819 DTXSID60731106 DTXSID50351190 DTXSID40680007 DTXSID40622947 DTXSID50474035
DTXSID70192805	DTXSID40815675 DTXSID70526065 DTXSID70527118 DTXSID80305424 DTXSID80506277 DTXSID70614431 DTXSID10734208 DTXSID30742724 DTXSID40316117 DTXSID10489847 DTXSID80175169 DTXSID70232093 DTXSID80506439 DTXSID50521457 DTXSID90632258 DTXSID20482723 DTXSID00744871 DTXSID40789600 DTXSID50495442 DTXSID40230768
DTXSID30240972	DTXSID80470368 DTXSID20667790 DTXSID70400710 DTXSID60668726 DTXSID80772011 DTXSID30175614 DTXSID50427945 DTXSID00498387 DTXSID00490346 DTXSID00372794 DTXSID90401582 DTXSID20422326 DTXSID30607723 DTXSID00632204 DTXSID30146309 DTXSID40456507 DTXSID40293651 DTXSID70670138 DTXSID70308222 DTXSID90346863
DTXSID40588251	DTXSID40567809 DTXSID70734148 DTXSID9047095 DTXSID60614763 DTXSID00175141 DTXSID80175942 DTXSID20327483 DTXSID60172398 DTXSID40351780 DTXSID80590055 DTXSID70622516 DTXSID30308384 DTXSID10696317 DTXSID80365907 DTXSID00620020 DTXSID9022100 DTXSID90736028 DTXSID80161820 DTXSID70538027 DTXSID50749917
DTXSID00609077	DTXSID60640062 DTXSID80238203 DTXSID60769580 DTXSID50436431 DTXSID70495863 DTXSID60656749 DTXSID70332567 DTXSID10865142 DTXSID90799638 DTXSID70364525 DTXSID10711857 DTXSID60281555 DTXSID50558329 DTXSID60206622 DTXSID00182971 DTXSID40404068 DTXSID30649502 DTXSID70283005 DTXSID70612538 DTXSID80668581
DTXSID10556407	DTXSID00839978 DTXSID90369390 DTXSID6033241 DTXSID90473103 DTXSID00186792 DTXSID20466467 DTXSID80238142 DTXSID40852686 DTXSID70476117 DTXSID50624255 DTXSID70582368 DTXSID70393678 DTXSID20516815 DTXSID80393503 DTXSID60560913 DTXSID1068302 DTXSID30544482 DTXSID70580985 DTXSID00844643 DTXSID40745084
DTXSID70324361	DTXSID30277485 DTXSID90596028 DTXSID90391712 DTXSID70856511 DTXSID90850894 DTXSID50322764 DTXSID90323199 DTXSID60727382 DTXSID40467239 DTXSID80391302 DTXSID80733622 DTXSID50541579 DTXSID30736769 DTXSID40712115 DTXSID20841538 DTXSID10579015 DTXSID60647298 DTXSID40517344 DTXSID20514831 DTXSID90542449
DTXSID40211577	DTXSID10314701 DTXSID90473481 DTXSID30718969 DTXSID70671600 DTXSID80533624 DTXSID60196817 DTXSID80554975 DTXSID30626050 DTXSID00410423 DTXSID70591854 DTXSID60790354 DTXSID20344438 DTXSID10732143 DTXSID30527250 DTXSID30324529 DTXSID20370717 DTXSID50876373 DTXSID30483862 DTXSID30458691 DTXSID70317677
DTXSID60172570	DTXSID60766978 DTXSID30550023 DTXSID60451877 DTXSID30767674 DTXSID80540737 DTXSID80354371 DTXSID90166301 DTXSID5021625 DTXSID70476117 DTXSID30738485 DTXSID00162071 DTXSID20516815 DTXSID50524827 DTXSID1068302 DTXSID50277442 DTXSID80568138 DTXSID00864907 DTXSID40540738 DTXSID90553656 DTXSID30402492
DTXSID40243015	DTXSID40208886 DTXSID60798678 DTXSID40455535 DTXSID40157103 DTXSID40420900 DTXSID50797539 DTXSID80335786 DTXSID8061212 DTXSID40762115 DTXSID00470865 DTXSID60844023 DTXSID70562362 DTXSID90443846 DTXSID90560906 DTXSID80658548 DTXSID80884461 DTXSID5061085 DTXSID20172399 DTXSID80851471 DTXSID10279164
DTXSID60694525	DTXSID40617191 DTXSID8064981 DTXSID40710176 DTXSID90144927 DTXSID40876185 DTXSID20482445 DTXSID10705554 DTXSID30761379 DTXSID10774023 DTXSID60850028 DTXSID90441084 DTXSID10694631 DTXSID40180239 DTXSID00565861 DTXSID10374441 DTXSID10228793 DTXSID20311463 DTXSID80582970 DTXSID70314868 DTXSID70594325
DTXSID00707608	DTXSID50473745 DTXSID50441368 DTXSID20582959 DTXSID50382722 DTXSID80397324 DTXSID10221865 DTXSID60505389 DTXSID20579647 DTXSID00645879 DTXSID40578238 DTXSID30578828 DTXSID30634231 DTXSID60375120 DTXSID7051686 DTXSID70478419 DTXSID50345019 DTXSID00667551 DTXSID40397623 DTXSID40722618 DTXSID80480689
DTXSID30176383	DTXSID80597680 DTXSID10840459 DTXSID30423223 DTXSID70344408 DTXSID40299517 DTXSID30440298 DTXSID20441052 DTXSID40681458 DTXSID00165183 DTXSID70176387 DTXSID90341590 DTXSID20460561 DTXSID20417838 DTXSID60545866 DTXSID60424440 DTXSID50214857 DTXSID60299094 DTXSID90552402 DTXSID90595591 DTXSID70326042
DTXSID20649435	DTXSID40655977 DTXSID90506566 DTXSID90454937 DTXSID50381795 DTXSID00774916 DTXSID20222787 DTXSID40164599 DTXSID50853664 DTXSID10406059 DTXSID80463452 DTXSID80466488 DTXSID20590216 DTXSID70572300 DTXSID90379934 DTXSID40144179 DTXSID20478000 DTXSID40589445 DTXSID90578703 DTXSID80350737 DTXSID10810733
DTXSID20357760	DTXSID4052423 DTXSID00562052 DTXSID70569992 DTXSID60184032 DTXSID90751933 DTXSID60877351 DTXSID10302946 DTXSID70733176 DTXSID90446897 DTXSID50465827 DTXSID00757749 DTXSID10144484 DTXSID10699207 DTXSID20434202 DTXSID00764791 DTXSID80438044 DTXSID80156756 DTXSID70880654 DTXSID10463021 DTXSID10149196
DTXSID70705999	DTXSID50846995 DTXSID20406904 DTXSID30627320 DTXSID10467160 DTXSID00540491 DTXSID30781931 DTXSID10439569 DTXSID00507589 DTXSID80282928 DTXSID80790210 DTXSID70450932 DTXSID80804386 DTXSID90778807 DTXSID20641217 DTXSID30508241 DTXSID50232172 DTXSID00501204 DTXSID90344743 DTXSID50438652 DTXSID80576238
DTXSID50481946	DTXSID20161445 DTXSID7044506 DTXSID50368783 DTXSID50709551 DTXSID30418639 DTXSID20403978 DTXSID10285503 DTXSID60183484 DTXSID10586320 DTXSID80443794 DTXSID00444965 DTXSID00642146 DTXSID40200729 DTXSID40304150 DTXSID00441777 DTXSID00603530 DTXSID60460080 DTXSID00749265 DTXSID20455836 DTXSID30612519
DTXSID30592145	DTXSID80720234 DTXSID70770268 DTXSID00844946 DTXSID00719322 DTXSID40303729 DTXSID40431657 DTXSID90737919 DTXSID40510597 DTXSID50853381 DTXSID50515371 DTXSID90675241 DTXSID00225190 DTXSID40143001 DTXSID80830084 DTXSID60694484 DTXSID10802714 DTXSID00750356 DTXSID30886990 DTXSID50887924 DTXSID30616532
DTXSID70339011	DTXSID80578838 DTXSID20678220 DTXSID90579073 DTXSID20471031 DTXSID70491845 DTXSID10465429 DTXSID8069565 DTXSID00338335 DTXSID90406754 DTXSID80516331 DTXSID40543204 DTXSID10491920 DTXSID30600178 DTXSID70727494 DTXSID60704259 DTXSID50337419 DTXSID40507649 DTXSID20790370 DTXSID70641909 DTXSID00484583
DTXSID8070960	DTXSID30694012 DTXSID40880500 DTXSID80768252 DTXSID80752378 DTXSID00707845 DTXSID70317990 DTXSID20173745 DTXSID50828832 DTXSID60561925 DTXSID60730634 DTXSID20887799 DTXSID30578202 DTXSID50724507 DTXSID80211511 DTXSID70373192 DTXSID10637361 DTXSID80821492 DTXSID10720146 DTXSID10677181 DTXSID70274817
DTXSID20450083	DTXSID10695340 DTXSID90570505 DTXSID00734090 DTXSID80594755 DTXSID30669765 DTXSID20598570 DTXSID30593950 DTXSID6067549 DTXSID60896067 DTXSID50427167 DTXSID80879711 DTXSID40562793 DTXSID80176712 DTXSID10645249 DTXSID60353524 DTXSID10534740 DTXSID60180615 DTXSID40169908 DTXSID10680579 DTXSID00587649
DTXSID80336298	DTXSID90753952 DTXSID00377461 DTXSID60620389 DTXSID50473568 DTXSID60535000 DTXSID90479908 DTXSID50487988 DTXSID10283726 DTXSID90542803 DTXSID90712105 DTXSID40571527 DTXSID90640611 DTXSID20718973 DTXSID90609682 DTXSID10212470 DTXSID60307108 DTXSID30780828 DTXSID30830751 DTXSID40345927 DTXSID30787852
DTXSID10586542	DTXSID90625963 DTXSID30727910 DTXSID00876626 DTXSID70403367 DTXSID90164963 DTXSID00806822 DTXSID10296836 DTXSID20705222 DTXSID70784229 DTXSID30799096 DTXSID80601918 DTXSID10391274 DTXSID50670919 DTXSID00566611 DTXSID30290992 DTXSID50396228 DTXSID30419742 DTXSID60477951 DTXSID00576634 DTXSID10642071
DTXSID60339080	DTXSID80771201 DTXSID20459137 DTXSID40285733 DTXSID20636986 DTXSID30340426 DTXSID60219237 DTXSID30639589 DTXSID80332674 DTXSID30737771 DTXSID50786221 DTXSID30524340 DTXSID10472219 DTXSID4062519 DTXSID40492324 DTXSID00542970 DTXSID60599405 DTXSID90755951 DTXSID50568185 DTXSID60513909 DTXSID80169801
DTXSID50757613	DTXSID40889316 DTXSID30339597 DTXSID70240254 DTXSID60526251 DTXSID50642439 DTXSID50764246 DTXSID00774698 DTXSID90381395 DTXSID60812404 DTXSID30388045 DTXSID60441410 DTXSID60283579 DTXSID60787562 DTXSID10748022 DTXSID40632869 DTXSID3052220 DTXSID90668794 DTXSID50722124 DTXSID00530115 DTXSID40286745
DTXSID30217503	DTXSID80572896 DTXSID30291883 DTXSID20378677 DTXSID10470412 DTXSID20605758 DTXSID80162079 DTXSID70697582 DTXSID70170502 DTXSID90425465 DTXSID00304090 DTXSID20735721 DTXSID40450924 DTXSID20719167 DTXSID90560582 DTXSID90205022 DTXSID10303190 DTXSID50471468 DTXSID40325507 DTXSID80142856 DTXSID70828773
DTXSID80813019	DTXSID20352412 DTXSID70621009 DTXSID10734783 DTXSID70762047 DTXSID40561645 DTXSID00748011 DTXSID00442188 DTXSID90380404 DTXSID80237675 DTXSID00694049 DTXSID40495597 DTXSID50153176 DTXSID90813020 DTXSID00506799 DTXSID10579717 DTXSID00410983 DTXSID10168882 DTXSID00371186 DTXSID10712889 DTXSID50600110
DTXSID00611337	DTXSID30642472 DTXSID00614525 DTXSID10621083 DTXSID40291475 DTXSID90208553 DTXSID30410198 DTXSID20562958 DTXSID90473522 DTXSID60424884 DTXSID00374536 DTXSID40311824 DTXSID50281226 DTXSID50388229 DTXSID70550401 DTXSID90400712 DTXSID20801894 DTXSID40286260 DTXSID10364125 DTXSID50735557 DTXSID00739949
DTXSID30851466	DTXSID40816728 DTXSID30865700 DTXSID20613499 DTXSID10577450 DTXSID70709896 DTXSID00632966 DTXSID80633759 DTXSID50816734 DTXSID60795081 DTXSID60749342 DTXSID00756111 DTXSID60536552 DTXSID00161882 DTXSID90533897 DTXSID90816733 DTXSID30326104 DTXSID10822073 DTXSID90796788 DTXSID90286816 DTXSID80783304
DTXSID20579647	DTXSID50441368 DTXSID7051686 DTXSID50473745 DTXSID80856784 DTXSID80241550 DTXSID00707608 DTXSID00645879 DTXSID50712227 DTXSID80397324 DTXSID70402698 DTXSID30578828 DTXSID00667551 DTXSID30634231 DTXSID10544889 DTXSID90193758 DTXSID80640322 DTXSID90480155 DTXSID40384679 DTXSID10831908 DTXSID50458315
DTXSID90570287	DTXSID40309701 DTXSID20285670 DTXSID40243434 DTXSID10706283 DTXSID60277534 DTXSID00568892 DTXSID90553131 DTXSID40243196 DTXSID10343531 DTXSID50160981 DTXSID60462105 DTXSID70197512 DTXSID70819621 DTXSID30590308 DTXSID80406844 DTXSID00430025 DTXSID20359360 DTXSID50390706 DTXSID50589815 DTXSID70425867
DTXSID90749330	DTXSID10501058 DTXSID5061245 DTXSID00582912 DTXSID40455419 DTXSID50179492 DTXSID30858713 DTXSID20733065 DTXSID5072486 DTXSID60654826 DTXSID40472146 DTXSID60169208 DTXSID20680227 DTXSID50729234 DTXSID40551526 DTXSID40708275 DTXSID70709538 DTXSID30405908 DTXSID00560770 DTXSID90711198 DTXSID70438497
DTXSID50472117	DTXSID70791312 DTXSID10495286 DTXSID40710035 DTXSID10357037 DTXSID30854210 DTXSID50456533 DTXSID80670260 DTXSID80661158 DTXSID10348884 DTXSID10592880 DTXSID80604328 DTXSID70291387 DTXSID00220160 DTXSID00327365 DTXSID20629590 DTXSID70782861 DTXSID60646983 DTXSID90578703 DTXSID60501962 DTXSID90721373
DTXSID90316182	DTXSID20481190 DTXSID80364490 DTXSID50282854 DTXSID80480689 DTXSID50345019 DTXSID80611310 DTXSID00154719 DTXSID30634231 DTXSID60375120 DTXSID50458315 DTXSID20582959 DTXSID50454695 DTXSID50650796 DTXSID10221865 DTXSID80289376 DTXSID00707608 DTXSID10515256 DTXSID50473745 DTXSID10659745 DTXSID40397623
DTXSID80531529	DTXSID60712218 DTXSID50524701 DTXSID70404955 DTXSID30485028 DTXSID00453451 DTXSID20752594 DTXSID40285339 DTXSID00182673 DTXSID0064672 DTXSID00282965 DTXSID50474550 DTXSID70647688 DTXSID70783414 DTXSID10561910 DTXSID00603050 DTXSID80338176 DTXSID70424719 DTXSID20645871 DTXSID00887994 DTXSID80744117
DTXSID60832561	DTXSID50478391 DTXSID00343944 DTXSID60856883 DTXSID60672065 DTXSID20342757 DTXSID40675519 DTXSID80726812 DTXSID90366162 DTXSID90515835 DTXSID30180309 DTXSID80725148 DTXSID40143824 DTXSID50803285 DTXSID80810740 DTXSID80694683 DTXSID30805005 DTXSID60630226 DTXSID50855981 DTXSID20729766 DTXSID80458641
DTXSID50368506	DTXSID10366846 DTXSID90362083 DTXSID80666542 DTXSID70705772 DTXSID20642128 DTXSID00520894 DTXSID70649283 DTXSID30711410 DTXSID20354471 DTXSID10528381 DTXSID20168772 DTXSID30708643 DTXSID40726050 DTXSID50452131 DTXSID90284776 DTXSID20310830 DTXSID00480469 DTXSID90548921 DTXSID70495707 DTXSID60351681
DTXSID10512301	DTXSID00858129 DTXSID20285195 DTXSID00651975 DTXSID80480780 DTXSID50408597 DTXSID30747895 DTXSID90293308 DTXSID50618174 DTXSID80742936 DTXSID40359589 DTXSID40291475 DTXSID60533187 DTXSID70170209 DTXSID60661131 DTXSID10621083 DTXSID10364125 DTXSID90400712 DTXSID60833316 DTXSID20697239 DTXSID80450049
DTXSID50790207	DTXSID10645683 DTXSID60278066 DTXSID80278947 DTXSID00842563 DTXSID90352303 DTXSID70356086 DTXSID80456228 DTXSID70296695 DTXSID50590007 DTXSID40610364 DTXSID20403978 DTXSID60460080 DTXSID90799633 DTXSID90404174 DTXSID40374510 DTXSID90883667 DTXSID70344367 DTXSID30612519 DTXSID50549631 DTXSID80423172
DTXSID10201521	DTXSID10338109 DTXSID80324271 DTXSID80537122 DTXSID00473578 DTXSID90577938 DTXSID70602636 DTXSID60355402 DTXSID40522559 DTXSID30185314 DTXSID70434151 DTXSID60532832 DTXSID00339443 DTXSID60146276 DTXSID90547999 DTXSID40191426 DTXSID80342814 DTXSID70711419 DTXSID80174834 DTXSID90854731 DTXSID30304306
DTXSID00475971	DTXSID60326112 DTXSID60755463 DTXSID60715522 DTXSID60344396 DTXSID00408825 DTXSID80678185 DTXSID90768723 DTXSID00355729 DTXSID00485712 DTXSID50455440 DTXSID90845265 DTXSID30290033 DTXSID00738654 DTXSID30303798 DTXSID30309250 DTXSID30568360 DTXSID70637802 DTXSID80284826 DTXSID50682239 DTXSID10463425
DTXSID70226290	DTXSID1061998 DTXSID1058006 DTXSID20354870 DTXSID50494753 DTXSID90442410 DTXSID50603368 DTXSID00669479 DTXSID50585418 DTXSID80440647 DTXSID10198205 DTXSID10349472 DTXSID50520142 DTXSID90462936 DTXSID50406932 DTXSID20647693 DTXSID20499891 DTXSID40334275 DTXSID10596368 DTXSID00610163 DTXSID40758917
DTXSID60291290	DTXSID70744343 DTXSID30207606 DTXSID10379299 DTXSID70489489 DTXSID80364915 DTXSID90150922 DTXSID10888412 DTXSID70456873 DTXSID70152843 DTXSID30217881 DTXSID20618065 DTXSID20476965 DTXSID80196273 DTXSID50627988 DTXSID20158431 DTXSID20589741 DTXSID40575409 DTXSID10705776 DTXSID60651097 DTXSID80557643
DTXSID70190700	DTXSID20696449 DTXSID00721127 DTXSID50695324 DTXSID50531132 DTXSID90175716 DTXSID00663573 DTXSID20633955 DTXSID20817016 DTXSID70357679 DTXSID50473725 DTXSID50879349 DTXSID90734408 DTXSID60501705 DTXSID8040278 DTXSID20456863 DTXSID70621620 DTXSID60300674 DTXSID20351228 DTXSID40538579 DTXSID60551149
DTXSID90364027	DTXSID80841231 DTXSID50467164 DTXSID70578802 DTXSID80624889 DTXSID20293179 DTXSID70484378 DTXSID20383281 DTXSID20754952 DTXSID50679866 DTXSID90344743 DTXSID10647905 DTXSID50438652 DTXSID60409252 DTXSID50523537 DTXSID30813069 DTXSID70285706 DTXSID80442020 DTXSID70605021 DTXSID80804386 DTXSID80459037
DTXSID80597261	DTXSID60175440 DTXSID80375586 DTXSID70530864 DTXSID40459811 DTXSID10786207 DTXSID20238166 DTXSID40388076 DTXSID10344528 DTXSID50653949 DTXSID60455951 DTXSID40658504 DTXSID80767386 DTXSID30303157 DTXSID90481965 DTXSID20677995 DTXSID60587524 DTXSID80465552 DTXSID60739460 DTXSID40196774 DTXSID00825275
DTXSID70565833	DTXSID90530942 DTXSID50693663 DTXSID10391618 DTXSID1051800 DTXSID50798425 DTXSID80506131 DTXSID50858472 DTXSID90328629 DTXSID50502221 DTXSID50528269 DTXSID80342879 DTXSID7068001 DTXSID60606582 DTXSID90847486 DTXSID10880678 DTXSID90536565 DTXSID80885913 DTXSID80795720 DTXSID70651568 DTXSID10682199
DTXSID60432868	DTXSID20801152 DTXSID80743286 DTXSID20640220 DTXSID8046791 DTXSID00651930 DTXSID00357142 DTXSID20569260 DTXSID40504178 DTXSID60175329 DTXSID40511105 DTXSID70291822 DTXSID90179198 DTXSID80392859 DTXSID30402356 DTXSID80635894 DTXSID40143485 DTXSID10160907 DTXSID10174882 DTXSID50579352 DTXSID4065604
DTXSID70471445	DTXSID70399418 DTXSID7057787 DTXSID50848994 DTXSID00588237 DTXSID00405117 DTXSID00568670 DTXSID90817745 DTXSID10478690 DTXSID60734213 DTXSID90662833 DTXSID10496814 DTXSID00293935 DTXSID70176266 DTXSID70515611 DTXSID70425569 DTXSID50303033 DTXSID10602135 DTXSID70845187 DTXSID10218755 DTXSID70308404
DTXSID20295517	DTXSID40297775 DTXSID60470523 DTXSID20377125 DTXSID90734029 DTXSID80620381 DTXSID00462684 DTXSID80358672 DTXSID70628018 DTXSID70349519 DTXSID20646803 DTXSID70295163 DTXSID60295354 DTXSID60635458 DTXSID20277075 DTXSID70724089 DTXSID80601317 DTXSID00747382 DTXSID10430157 DTXSID00631737 DTXSID90360625
DTXSID30766203	DTXSID90445749 DTXSID70388408 DTXSID80813554 DTXSID00312413 DTXSID80503569 DTXSID30191596 DTXSID70544562 DTXSID50454276 DTXSID60408361 DTXSID80200763 DTXSID90664317 DTXSID50481325 DTXSID30346367 DTXSID20189700 DTXSID20879154 DTXSID30599199 DTXSID30889784 DTXSID80563204 DTXSID80418427 DTXSID50625080
DTXSID90877304	DTXSID10364529 DTXSID40343468 DTXSID50640314 DTXSID20443399 DTXSID40775609 DTXSID50813501 DTXSID50707951 DTXSID00331164 DTXSID50783876 DTXSID00398671 DTXSID30332528 DTXSID20542816 DTXSID60893915 DTXSID00406523 DTXSID30213626 DTXSID40388536 DTXSID30424634 DTXSID20808020 DTXSID40289039 DTXSID80561528
DTXSID00460600	DTXSID00381442 DTXSID60288928 DTXSID40821059 DTXSID40437235 DTXSID10159977 DTXSID40217079 DTXSID40649518 DTXSID10500445 DTXSID00512653 DTXSID20459172 DTXSID40713748 DTXSID00408603 DTXSID50180124 DTXSID30843725 DTXSID1020770 DTXSID10511778 DTXSID30185571 DTXSID00293152 DTXSID50618790 DTXSID60544819
DTXSID80851436	DTXSID90654910 DTXSID40823058 DTXSID00468308 DTXSID10556700 DTXSID40596033 DTXSID60818047 DTXSID4066414 DTXSID50563231 DTXSID50157477 DTXSID40207955 DTXSID30828774 DTXSID30287165 DTXSID70598186 DTXSID40796495 DTXSID50201202 DTXSID20281692 DTXSID50293203 DTXSID10739314 DTXSID30790846 DTXSID80284801
DTXSID90723352	DTXSID10575971 DTXSID50814992 DTXSID70877569 DTXSID00510558 DTXSID80852645 DTXSID80694466 DTXSID00320477 DTXSID60721022 DTXSID30675003 DTXSID80208300 DTXSID90726161 DTXSID30819187 DTXSID80836369 DTXSID70393390 DTXSID10653869 DTXSID90560582 DTXSID50471468 DTXSID0060066 DTXSID50534885 DTXSID40738931
DTXSID10359354	DTXSID20682347 DTXSID80595247 DTXSID60179988 DTXSID90707096 DTXSID80729803 DTXSID30493143 DTXSID70694495 DTXSID60649297 DTXSID10289521 DTXSID20796933 DTXSID00755240 DTXSID80338510 DTXSID30701937 DTXSID10471782 DTXSID1066104 DTXSID60835597 DTXSID90706640 DTXSID50657063 DTXSID80449453 DTXSID90276212
DTXSID40439355	DTXSID50793213 DTXSID30320263 DTXSID5058199 DTXSID50728580 DTXSID70674691 DTXSID70303631 DTXSID00541322 DTXSID30411862 DTXSID40562677 DTXSID10310263 DTXSID90894031 DTXSID10328464 DTXSID50326520 DTXSID40647635 DTXSID00400920 DTXSID80756235 DTXSID50735552 DTXSID90744249 DTXSID70156705 DTXSID60823116
DTXSID70457502	DTXSID60401190 DTXSID40463534 DTXSID50609784 DTXSID00348297 DTXSID40313489 DTXSID10555854 DTXSID80628382 DTXSID20879376 DTXSID10383811 DTXSID40628489 DTXSID00725807 DTXSID30359270 DTXSID00196871 DTXSID30519731 DTXSID50354368 DTXSID00835551 DTXSID00348838 DTXSID70726528 DTXSID00810742 DTXSID90333915
DTXSID60458689	DTXSID40648607 DTXSID50629487 DTXSID00399345 DTXSID20520119 DTXSID80222783 DTXSID80594558 DTXSID60876662 DTXSID90343534 DTXSID40509007 DTXSID30460577 DTXSID80399560 DTXSID00358977 DTXSID90279162 DTXSID60603455 DTXSID30557810 DTXSID40603837 DTXSID90355798 DTXSID70646651 DTXSID30849560 DTXSID70357452
DTXSID30502461	DTXSID10765032 DTXSID60486664 DTXSID60866760 DTXSID10766741 DTXSID60682265 DTXSID10672217 DTXSID00223116 DTXSID40734110 DTXSID80198656 DTXSID00658368 DTXSID20550310 DTXSID90565613 DTXSID3075335 DTXSID50234732 DTXSID00197762 DTXSID00190899 DTXSID00307829 DTXSID60490529 DTXSID90798186 DTXSID50210773
DTXSID00151203	DTXSID60842948 DTXSID70827923 DTXSID30476911 DTXSID30896094 DTXSID50488652 DTXSID40640585 DTXSID00697494 DTXSID50401306 DTXSID30551237 DTXSID70303818 DTXSID80478263 DTXSID80232569 DTXSID00748632 DTXSID30662877 DTXSID50523178 DTXSID20488649 DTXSID10818850 DTXSID80736431 DTXSID10228319 DTXSID10896254
DTXSID40681493	DTXSID70579652 DTXSID20296483 DTXSID80793069 DTXSID70841881 DTXSID60618206 DTXSID10430339 DTXSID10556543 DTXSID80665479 DTXSID40460861 DTXSID80210827 DTXSID50154325 DTXSID60799327 DTXSID70662836 DTXSID80668364 DTXSID30797451 DTXSID30713434 DTXSID50602699 DTXSID90238173 DTXSID90747351 DTXSID10448358
DTXSID40491817	DTXSID80350570 DTXSID90702066 DTXSID50818738 DTXSID2061563 DTXSID60341123 DTXSID60209613 DTXSID70702281 DTXSID40208442 DTXSID60541126 DTXSID10831741 DTXSID10347554 DTXSID00514773 DTXSID80642422 DTXSID30588563 DTXSID80838585 DTXSID2073019 DTXSID80787403 DTXSID60693876 DTXSID80769229 DTXSID40407317
DTXSID10474798	DTXSID70397570 DTXSID90185370 DTXSID40414687 DTXSID9021712 DTXSID70584923 DTXSID60532291 DTXSID10325094 DTXSID00485015 DTXSID60876440 DTXSID40513381 DTXSID00503940 DTXSID80736618 DTXSID20776795 DTXSID40181286 DTXSID50849961 DTXSID30541491 DTXSID10726820 DTXSID80756058 DTXSID20485012 DTXSID40588413
DTXSID70628018	DTXSID70295163 DTXSID70349519 DTXSID90734029 DTXSID20277075 DTXSID00462684 DTXSID20295517 DTXSID20377125 DTXSID60635458 DTXSID60470523 DTXSID80620381 DTXSID40297775 DTXSID80358672 DTXSID30856991 DTXSID10430157 DTXSID60551669 DTXSID20646803 DTXSID30876674 DTXSID60295354 DTXSID60736257 DTXSID9064007
DTXSID00603530	DTXSID60460080 DTXSID00642146 DTXSID40392234 DTXSID90352303 DTXSID40200729 DTXSID80584818 DTXSID70281066 DTXSID30726443 DTXSID00842563 DTXSID50481946 DTXSID00444965 DTXSID50709551 DTXSID20403978 DTXSID50368960 DTXSID30418639 DTXSID90278397 DTXSID70356086 DTXSID40818449 DTXSID30612519 DTXSID60484049
DTXSID10695087	DTXSID40622947 DTXSID00464143 DTXSID90381971 DTXSID10584821 DTXSID90392163 DTXSID80703926 DTXSID00672044 DTXSID90879303 DTXSID30621202 DTXSID60731106 DTXSID00672261 DTXSID10702806 DTXSID60561703 DTXSID40292366 DTXSID10422234 DTXSID60404409 DTXSID40777906 DTXSID80656847 DTXSID30739831 DTXSID50739292
DTXSID90580922	DTXSID8040278 DTXSID40722214 DTXSID00511085 DTXSID80545883 DTXSID40463312 DTXSID00623359 DTXSID30363079 DTXSID40482427 DTXSID40508934 DTXSID70621620 DTXSID80604328 DTXSID60501962 DTXSID60300674 DTXSID60372553 DTXSID60496546 DTXSID10642192 DTXSID60227615 DTXSID30671762 DTXSID20633955 DTXSID10560963
DTXSID80763489	DTXSID00813839 DTXSID10482090 DTXSID8070542 DTXSID50738063 DTXSID50605327 DTXSID40527741 DTXSID3058371 DTXSID80765726 DTXSID20278103 DTXSID70579435 DTXSID60830143 DTXSID20364550 DTXSID60310778 DTXSID70505355 DTXSID00876525 DTXSID50576684 DTXSID50851009 DTXSID70629186 DTXSID00606627 DTXSID90513917
DTXSID90182107	DTXSID80657339 DTXSID20198655 DTXSID50709137 DTXSID60725005 DTXSID80385786 DTXSID30676414 DTXSID20696949 DTXSID00680048 DTXSID80206088 DTXSID40161482 DTXSID10784768 DTXSID20896169 DTXSID20707605 DTXSID70393719 DTXSID90398908 DTXSID10403003 DTXSID00712313 DTXSID10294599 DTXSID20226240 DTXSID20467757
DTXSID60676942	DTXSID50487822 DTXSID10165937 DTXSID20818982 DTXSID60590538 DTXSID80674147 DTXSID80223154 DTXSID70766141 DTXSID00209354 DTXSID60844886 DTXSID70531472 DTXSID10327533 DTXSID90657047 DTXSID40834083 DTXSID80648242 DTXSID80657334 DTXSID60377861 DTXSID60527743 DTXSID80336576 DTXSID80435412 DTXSID60381564
DTXSID00315606	DTXSID90544741 DTXSID20797081 DTXSID20379503 DTXSID00184258 DTXSID90612898 DTXSID80876982 DTXSID40303103 DTXSID70383473 DTXSID90431228 DTXSID20612902 DTXSID30449367 DTXSID50694418 DTXSID90499161 DTXSID30804533 DTXSID40700158 DTXSID30184524 DTXSID70592609 DTXSID50343737 DTXSID60708712 DTXSID30540282
DTXSID50616039	DTXSID00484361 DTXSID10790682 DTXSID60707962 DTXSID70394983 DTXSID20401419 DTXSID00521083 DTXSID80760438 DTXSID90646759 DTXSID60574717 DTXSID40608761 DTXSID50679149 DTXSID70826658 DTXSID70787851 DTXSID40406567 DTXSID90388102 DTXSID90780066 DTXSID10297702 DTXSID90234635 DTXSID80822181 DTXSID30505255
DTXSID80832225	DTXSID30717058 DTXSID20155783 DTXSID20306273 DTXSID10294832 DTXSID30809003 DTXSID90422898 DTXSID00165648 DTXSID70896038 DTXSID20832224 DTXSID00618321 DTXSID00429333 DTXSID30823229 DTXSID40468084 DTXSID20294181 DTXSID90722587 DTXSID70428934 DTXSID00326035 DTXSID00789368 DTXSID30535875 DTXSID40630966
DTXSID30870975	DTXSID90145474 DTXSID60428307 DTXSID40693334 DTXSID40682127 DTXSID60697410 DTXSID50188302 DTXSID30332861 DTXSID3061920 DTXSID40392951 DTXSID60519360 DTXSID50698456 DTXSID80668768 DTXSID20241751 DTXSID80543061 DTXSID20200787 DTXSID00452565 DTXSID50497966 DTXSID20476162 DTXSID40615793 DTXSID70836550
DTXSID50381154	DTXSID30170023 DTXSID50420133 DTXSID30855843 DTXSID10743870 DTXSID20680621 DTXSID50623586 DTXSID10352183 DTXSID40181286 DTXSID20776795 DTXSID00503940 DTXSID10708141 DTXSID80180798 DTXSID90200198 DTXSID40829196 DTXSID80657213 DTXSID30618773 DTXSID70876097 DTXSID10309233 DTXSID50178662 DTXSID20879593
DTXSID70345692	DTXSID80347102 DTXSID50660638 DTXSID00726213 DTXSID50196164 DTXSID80651337 DTXSID50340887 DTXSID20579748 DTXSID90485165 DTXSID10492816 DTXSID80567565 DTXSID70490555 DTXSID10447669 DTXSID30595898 DTXSID50867463 DTXSID70421046 DTXSID90176884 DTXSID30388045 DTXSID00811012 DTXSID90826195 DTXSID30725638
DTXSID30532369	DTXSID50759096 DTXSID20179000 DTXSID90199836 DTXSID80768398 DTXSID70785433 DTXSID50730860 DTXSID00750538 DTXSID60823212 DTXSID70768084 DTXSID40286023 DTXSID50533959 DTXSID00231493 DTXSID80634549 DTXSID80302756 DTXSID70322827 DTXSID00292524 DTXSID70757074 DTXSID4063870 DTXSID30281901 DTXSID50439346
DTXSID90697367	DTXSID80737281 DTXSID7041334 DTXSID10617749 DTXSID00359060 DTXSID20579541 DTXSID70157217 DTXSID00658469 DTXSID40712251 DTXSID10291624 DTXSID60715926 DTXSID80561462 DTXSID10394881 DTXSID80320612 DTXSID60829037 DTXSID50350724 DTXSID80876321 DTXSID90892294 DTXSID40176334 DTXSID50664656 DTXSID20603350
DTXSID70459480	DTXSID20621973 DTXSID80434203 DTXSID30308349 DTXSID90656414 DTXSID50817943 DTXSID70866998 DTXSID90446892 DTXSID30544962 DTXSID50527358 DTXSID20172071 DTXSID80756533 DTXSID30674854 DTXSID00732511 DTXSID10534841 DTXSID60241518 DTXSID90819188 DTXSID00577964 DTXSID20434202 DTXSID80159287 DTXSID60471398
DTXSID80847713	DTXSID80855555 DTXSID3059505 DTXSID20468406 DTXSID90604692 DTXSID50734909 DTXSID40724556 DTXSID70668499 DTXSID20174712 DTXSID00366178 DTXSID10604513 DTXSID20474022 DTXSID00655514 DTXSID50313612 DTXSID10374446 DTXSID70626953 DTXSID70598444 DTXSID80407179 DTXSID70516729 DTXSID10765572 DTXSID90167257
DTXSID40455555	DTXSID20379543 DTXSID50649802 DTXSID70316448 DTXSID50634238 DTXSID80370955 DTXSID50215001 DTXSID70680272 DTXSID90879368 DTXSID30837109 DTXSID40332695 DTXSID40623939 DTXSID90624653 DTXSID60145820 DTXSID70722227 DTXSID00513665 DTXSID20423292 DTXSID00655630 DTXSID10371632 DTXSID50857501 DTXSID80211218
DTXSID60340393	DTXSID60497336 DTXSID10649722 DTXSID50640319 DTXSID30671323 DTXSID30301456 DTXSID70488750 DTXSID40481814 DTXSID10502681 DTXSID70612013 DTXSID90573096 DTXSID20403498 DTXSID20446421 DTXSID50505318 DTXSID20835977 DTXSID70284653 DTXSID00405935 DTXSID50736206 DTXSID00708135 DTXSID90450858 DTXSID00343449
DTXSID40592792	DTXSID20284800 DTXSID70580369 DTXSID40385722 DTXSID50590547 DTXSID10426095 DTXSID40854049 DTXSID50747579 DTXSID40724874 DTXSID20337542 DTXSID70855660 DTXSID80694421 DTXSID60364099 DTXSID80548314 DTXSID70532141 DTXSID20394317 DTXSID00344971 DTXSID70526803 DTXSID80184812 DTXSID10672873 DTXSID30293963
DTXSID00698901	DTXSID70749156 DTXSID70631668 DTXSID40668567 DTXSID10533430 DTXSID70542023 DTXSID10786267 DTXSID60341603 DTXSID10630897 DTXSID10678537 DTXSID30730641 DTXSID90814597 DTXSID10358741 DTXSID10309314 DTXSID00304090 DTXSID90425465 DTXSID50694473 DTXSID30631669 DTXSID20835432 DTXSID90205022 DTXSID70319419
DTXSID90319299	DTXSID80732155 DTXSID80304336 DTXSID50669924 DTXSID60578412 DTXSID80516730 DTXSID90694957 DTXSID40478209 DTXSID50837444 DTXSID40517460 DTXSID80475919 DTXSID10653127 DTXSID80733081 DTXSID30676873 DTXSID40629911 DTXSID00199842 DTXSID30305550 DTXSID30671207 DTXSID80356057 DTXSID80700192 DTXSID60561849
DTXSID5052387	DTXSID60700918 DTXSID0052388 DTXSID50696336 DTXSID80441533 DTXSID10852996 DTXSID60806661 DTXSID10700029 DTXSID70433583 DTXSID20793508 DTXSID40332150 DTXSID30443108 DTXSID50668230 DTXSID20544931 DTXSID40209676 DTXSID80287832 DTXSID40440103 DTXSID90189358 DTXSID40749587 DTXSID20877337 DTXSID40765540
DTXSID30378325	DTXSID20507041 DTXSID80348831 DTXSID90239443 DTXSID80621691 DTXSID20452729 DTXSID60590477 DTXSID70788262 DTXSID60187922 DTXSID30346347 DTXSID00484725 DTXSID60500859 DTXSID20348830 DTXSID60562356 DTXSID00342891 DTXSID00663871 DTXSID60471338 DTXSID90749597 DTXSID00547167 DTXSID40856366 DTXSID50569415
DTXSID20223597	DTXSID50535857 DTXSID60610700 DTXSID00211053 DTXSID80500114 DTXSID10857380 DTXSID80505982 DTXSID70464877 DTXSID00736695 DTXSID60566016 DTXSID70650152 DTXSID30618536 DTXSID60301888 DTXSID00307642 DTXSID20436221 DTXSID80428006 DTXSID10427320 DTXSID90847123 DTXSID60307643 DTXSID50592203 DTXSID30575877
DTXSID40508272	DTXSID00186176 DTXSID50787672 DTXSID40756958 DTXSID70393719 DTXSID70212037 DTXSID60188272 DTXSID50527333 DTXSID70502965 DTXSID40532698 DTXSID60734738 DTXSID20198655 DTXSID10275540 DTXSID10444416 DTXSID60524575 DTXSID50787394 DTXSID70757958 DTXSID50841228 DTXSID00317504 DTXSID20352578 DTXSID00672827
DTXSID40510597	DTXSID00844946 DTXSID10802714 DTXSID00750356 DTXSID80830084 DTXSID40431657 DTXSID00225190 DTXSID50437584 DTXSID80720234 DTXSID20798912 DTXSID30592145 DTXSID00719322 DTXSID70356581 DTXSID90675241 DTXSID50850153 DTXSID70770268 DTXSID30616532 DTXSID50853381 DTXSID70675345 DTXSID30886990 DTXSID1051692
DTXSID00612400	DTXSID30819304 DTXSID30594280 DTXSID50694498 DTXSID00428568 DTXSID20185808 DTXSID10772928 DTXSID5070232 DTXSID10590381 DTXSID80637257 DTXSID90796884 DTXSID60471818 DTXSID00355729 DTXSID00802182 DTXSID10190002 DTXSID30568360 DTXSID10715779 DTXSID00678208 DTXSID30526586 DTXSID80284826 DTXSID70759654
DTXSID70372307	DTXSID10778026 DTXSID10466890 DTXSID20632246 DTXSID60343642 DTXSID30857448 DTXSID50457580 DTXSID20849776 DTXSID70424198 DTXSID10735558 DTXSID4040343 DTXSID80668985 DTXSID50535817 DTXSID10466719 DTXSID80638709 DTXSID90633644 DTXSID70650576 DTXSID10724003 DTXSID30440677 DTXSID20372110 DTXSID30787675
DTXSID10667542	DTXSID80541481 DTXSID80506732 DTXSID60834161 DTXSID20737725 DTXSID90284610 DTXSID40641234 DTXSID10390348 DTXSID40820608 DTXSID70706764 DTXSID20454682 DTXSID30333176 DTXSID20805731 DTXSID80238102 DTXSID6070560 DTXSID30713515 DTXSID30448451 DTXSID70569573 DTXSID20653476 DTXSID60887995 DTXSID00407575
DTXSID80501883	DTXSID00380238 DTXSID40523006 DTXSID40274541 DTXSID80537829 DTXSID30362789 DTXSID00392376 DTXSID40464884 DTXSID50560684 DTXSID00805870 DTXSID70217345 DTXSID80760019 DTXSID60820125 DTXSID50535852 DTXSID30402412 DTXSID10236696 DTXSID70276876 DTXSID80422286 DTXSID40433398 DTXSID40677391 DTXSID70652439
DTXSID60573543	DTXSID20459617 DTXSID90595036 DTXSID10721299 DTXSID5066089 DTXSID10853165 DTXSID00732571 DTXSID9069849 DTXSID90786326 DTXSID80729641 DTXSID30850116 DTXSID00325563 DTXSID00873296 DTXSID20740698 DTXSID30435361 DTXSID20288045 DTXSID60526094 DTXSID90562940 DTXSID70464776 DTXSID00807834 DTXSID00817918
DTXSID10587796	DTXSID80784755 DTXSID10743592 DTXSID40621798 DTXSID80696364 DTXSID50662930 DTXSID6067549 DTXSID70361650 DTXSID20598570 DTXSID30314804 DTXSID20651159 DTXSID40562793 DTXSID10631864 DTXSID10406256 DTXSID80494029 DTXSID7021366 DTXSID00679770 DTXSID90702203 DTXSID50398949 DTXSID20235433 DTXSID90510345
DTXSID00594772	DTXSID40747321 DTXSID9041445 DTXSID30653301 DTXSID90787550 DTXSID30428657 DTXSID30673064 DTXSID60711948 DTXSID30466650 DTXSID20500274 DTXSID90374045 DTXSID40794991 DTXSID70618434 DTXSID30591799 DTXSID50230830 DTXSID80593349 DTXSID40110056 DTXSID20374210 DTXSID00466667 DTXSID20626403 DTXSID20624303
DTXSID10384429	DTXSID70668959 DTXSID70875984 DTXSID90791359 DTXSID60196094 DTXSID20739784 DTXSID50837267 DTXSID70815446 DTXSID1067833 DTXSID80325723 DTXSID10144424 DTXSID70645886 DTXSID90596124 DTXSID70628795 DTXSID90699861 DTXSID20408685 DTXSID00837752 DTXSID60290586 DTXSID80391786 DTXSID00346298 DTXSID80196773
DTXSID10377573	DTXSID70585475 DTXSID50853169 DTXSID60661651 DTXSID20284688 DTXSID20733565 DTXSID70640932 DTXSID30816914 DTXSID50660254 DTXSID20188935 DTXSID40436167 DTXSID7073771 DTXSID70282316 DTXSID90753492 DTXSID50283649 DTXSID40896727 DTXSID20384137 DTXSID90387731 DTXSID50650554 DTXSID40673171 DTXSID50615385
DTXSID10219323	DTXSID70736561 DTXSID70607621 DTXSID80514418 DTXSID70672475 DTXSID50186702 DTXSID80679632 DTXSID70283207 DTXSID20542811 DTXSID40279359 DTXSID50638155 DTXSID80675154 DTXSID80451430 DTXSID80664260 DTXSID30645342 DTXSID50310126 DTXSID70723456 DTXSID30186765 DTXSID30389739 DTXSID80195726 DTXSID70320828
DTXSID50496818	DTXSID80774196 DTXSID00567961 DTXSID00303649 DTXSID10292035 DTXSID0069915 DTXSID70523034 DTXSID30542468 DTXSID60603536 DTXSID60282168 DTXSID10352800 DTXSID20462722 DTXSID40818282 DTXSID20477619 DTXSID70886191 DTXSID80820329 DTXSID50569319 DTXSID10277524 DTXSID70645684 DTXSID40633972 DTXSID10607544
DTXSID80305929	DTXSID70764187 DTXSID40763243 DTXSID70764248 DTXSID20567448 DTXSID10225964 DTXSID80839633 DTXSID80700910 DTXSID70303954 DTXSID50432918 DTXSID00300092 DTXSID60520198 DTXSID40489830 DTXSID20627031 DTXSID20563228 DTXSID80787928 DTXSID70866337 DTXSID70791993 DTXSID40748373 DTXSID20896780 DTXSID00834569
DTXSID50377476	DTXSID90177598 DTXSID90668794 DTXSID40397845 DTXSID30825243 DTXSID60787562 DTXSID10877629 DTXSID30474452 DTXSID60283579 DTXSID60812404 DTXSID00774698 DTXSID40190999 DTXSID20370398 DTXSID80760271 DTXSID30541254 DTXSID50722124 DTXSID20697451 DTXSID00439250 DTXSID90797093 DTXSID2068424 DTXSID90243843
DTXSID70855387	DTXSID90473163 DTXSID30291383 DTXSID40504658 DTXSID10446950 DTXSID20346174 DTXSID20589443 DTXSID10399351 DTXSID3042180 DTXSID20694627 DTXSID70566047 DTXSID20676923 DTXSID80593006 DTXSID00739348 DTXSID70731571 DTXSID70879341 DTXSID40452221 DTXSID00346814 DTXSID90330949 DTXSID60575966 DTXSID20345824
DTXSID40360872	DTXSID90383293 DTXSID80593349 DTXSID90626950 DTXSID50403123 DTXSID90577216 DTXSID50873509 DTXSID30466650 DTXSID90494676 DTXSID20624303 DTXSID50697161 DTXSID80303223 DTXSID50310747 DTXSID20500274 DTXSID40794991 DTXSID90374045 DTXSID00350315 DTXSID60711948 DTXSID30673064 DTXSID20180474 DTXSID70452133
DTXSID40725124	DTXSID50833486 DTXSID30528383 DTXSID80675952 DTXSID70655208 DTXSID80309280 DTXSID80742315 DTXSID90475203 DTXSID40477959 DTXSID20163247 DTXSID60390070 DTXSID40452180 DTXSID50660118 DTXSID60294322 DTXSID20445318 DTXSID50610633 DTXSID90731876 DTXSID40539147 DTXSID70193337 DTXSID00463292 DTXSID90734423
DTXSID80676767	DTXSID60558310 DTXSID60315945 DTXSID90513452 DTXSID30169250 DTXSID00820260 DTXSID90559138 DTXSID20792955 DTXSID90509850 DTXSID80629657 DTXSID40144790 DTXSID20815673 DTXSID70499967 DTXSID60740637 DTXSID50621542 DTXSID80800126 DTXSID00409610 DTXSID30707191 DTXSID70737336 DTXSID80493395 DTXSID90459442
DTXSID20499770	DTXSID10827381 DTXSID40214669 DTXSID80292163 DTXSID20875878 DTXSID80712154 DTXSID10634274 DTXSID70548989 DTXSID80182974 DTXSID20754836 DTXSID60495337 DTXSID50565290 DTXSID70846715 DTXSID70392328 DTXSID40513644 DTXSID1070773 DTXSID60805533 DTXSID80612887 DTXSID00474121 DTXSID70174964 DTXSID60284925
DTXSID30170922	DTXSID50708483 DTXSID00543068 DTXSID50775251 DTXSID10790102 DTXSID50482655 DTXSID30793837 DTXSID10805583 DTXSID80708456 DTXSID50753675 DTXSID8051706 DTXSID70711257 DTXSID50823948 DTXSID00331427 DTXSID80444544 DTXSID40886880 DTXSID90437669 DTXSID50576301 DTXSID60769626 DTXSID20735842 DTXSID10711458
DTXSID10503451	DTXSID80610828 DTXSID30823264 DTXSID70333716 DTXSID40547121 DTXSID50621542 DTXSID30707191 DTXSID30844257 DTXSID90280854 DTXSID70720440 DTXSID00642424 DTXSID50326560 DTXSID90178843 DTXSID30169250 DTXSID80800126 DTXSID10310607 DTXSID20587863 DTXSID90334321 DTXSID90490996 DTXSID70737336 DTXSID40358330
DTXSID20656927	DTXSID00896344 DTXSID80146455 DTXSID10568964 DTXSID90533993 DTXSID10680579 DTXSID40717029 DTXSID70428494 DTXSID80176712 DTXSID60733680 DTXSID60640704 DTXSID10534740 DTXSID00168679 DTXSID50493822 DTXSID70529677 DTXSID70214298 DTXSID20663297 DTXSID40655477 DTXSID30857589 DTXSID20789128 DTXSID70313634
DTXSID70586169	DTXSID00419451 DTXSID00486769 DTXSID20470721 DTXSID10533536 DTXSID60739485 DTXSID30277844 DTXSID30195973 DTXSID90727173 DTXSID10548160 DTXSID00694544 DTXSID60299054 DTXSID60524575 DTXSID70548601 DTXSID40694386 DTXSID90519676 DTXSID90873624 DTXSID20505981 DTXSID30287024 DTXSID10726305 DTXSID3070040
DTXSID10394942	DTXSID80724393 DTXSID00596812 DTXSID60143962 DTXSID00343681 DTXSID10632250 DTXSID30434854 DTXSID80181826 DTXSID10177959 DTXSID80665419 DTXSID90349172 DTXSID30447287 DTXSID3042506 DTXSID00744412 DTXSID00831917 DTXSID50323554 DTXSID3063045 DTXSID30218136 DTXSID20367369 DTXSID80402669 DTXSID80426981
DTXSID90697584	DTXSID40896005 DTXSID60895999 DTXSID70201486 DTXSID50301019 DTXSID00896425 DTXSID10814352 DTXSID40319789 DTXSID80186038 DTXSID50836972 DTXSID30192987 DTXSID30427761 DTXSID20874240 DTXSID10849982 DTXSID10814392 DTXSID00428624 DTXSID70322903 DTXSID20162997 DTXSID80470343 DTXSID30198141 DTXSID60827432
DTXSID00383582	DTXSID80371649 DTXSID20346371 DTXSID70148105 DTXSID20236506 DTXSID00344214 DTXSID90438530 DTXSID70579192 DTXSID00552711 DTXSID10875781 DTXSID50602750 DTXSID80600426 DTXSID40781189 DTXSID10668938 DTXSID30563335 DTXSID80727804 DTXSID30596103 DTXSID30279565 DTXSID30605128 DTXSID20299454 DTXSID70631249
DTXSID80752176	DTXSID70408195 DTXSID60634486 DTXSID30176388 DTXSID30157839 DTXSID60636561 DTXSID80696829 DTXSID20876002 DTXSID60739006 DTXSID80660101 DTXSID20424360 DTXSID70578327 DTXSID50709773 DTXSID60341340 DTXSID00504730 DTXSID40677391 DTXSID40846969 DTXSID90729455 DTXSID70434515 DTXSID30402412 DTXSID90509411
DTXSID90646759	DTXSID90234635 DTXSID60574717 DTXSID90548921 DTXSID70705772 DTXSID20401419 DTXSID90284776 DTXSID40406567 DTXSID00824708 DTXSID50616039 DTXSID10790682 DTXSID30505255 DTXSID70826658 DTXSID50833365 DTXSID80666542 DTXSID90780066 DTXSID70394983 DTXSID00484361 DTXSID80822181 DTXSID40187829 DTXSID10366846
DTXSID30281663	DTXSID90709590 DTXSID60711882 DTXSID70699586 DTXSID30827388 DTXSID80553504 DTXSID40534975 DTXSID80278447 DTXSID30188729 DTXSID50700528 DTXSID1068807 DTXSID80559561 DTXSID20754452 DTXSID20242521 DTXSID10890999 DTXSID50737490 DTXSID6063226 DTXSID30550028 DTXSID10337657 DTXSID9072527 DTXSID10822679
DTXSID70499624	DTXSID30438498 DTXSID10724700 DTXSID00423917 DTXSID70740461 DTXSID70603769 DTXSID30150880 DTXSID20368654 DTXSID50399335 DTXSID90365271 DTXSID20640220 DTXSID60486225 DTXSID40173409 DTXSID00635194 DTXSID70852235 DTXSID00694584 DTXSID00357142 DTXSID60428125 DTXSID80615070 DTXSID90451623 DTXSID6048096
DTXSID00295196	DTXSID40727906 DTXSID20526914 DTXSID00809530 DTXSID10820094 DTXSID30370420 DTXSID40556238 DTXSID10506048 DTXSID20530950 DTXSID30704004 DTXSID3052355 DTXSID60783822 DTXSID90660374 DTXSID70840859 DTXSID50345231 DTXSID10634214 DTXSID00744553 DTXSID60295137 DTXSID00281357 DTXSID40315180 DTXSID20642441
DTXSID70790249	DTXSID60838245 DTXSID00240863 DTXSID70720440 DTXSID40547121 DTXSID20323662 DTXSID10310607 DTXSID20280680 DTXSID90280854 DTXSID90280672 DTXSID80610828 DTXSID6024337 DTXSID20880629 DTXSID70479168 DTXSID10503451 DTXSID70333716 DTXSID30823264 DTXSID90490996 DTXSID20587863 DTXSID70737336 DTXSID40358330
DTXSID70517771	DTXSID90543436 DTXSID00491015 DTXSID20318013 DTXSID00706535 DTXSID40408203 DTXSID00343449 DTXSID60150616 DTXSID80638027 DTXSID20653476 DTXSID40635496 DTXSID20190770 DTXSID20744171 DTXSID30333176 DTXSID30587935 DTXSID30757772 DTXSID6044648 DTXSID90450858 DTXSID20475812 DTXSID90526789 DTXSID60408725
DTXSID80284826	DTXSID10212011 DTXSID30568360 DTXSID00802182 DTXSID20657292 DTXSID30651367 DTXSID00759581 DTXSID50277806 DTXSID80637257 DTXSID10463425 DTXSID90395215 DTXSID90845265 DTXSID30819304 DTXSID10661722 DTXSID60363224 DTXSID00612400 DTXSID60344396 DTXSID00475971 DTXSID50682239 DTXSID30416392 DTXSID90615809
DTXSID90714886	DTXSID30638436 DTXSID50722124 DTXSID40211794 DTXSID30704064 DTXSID40397845 DTXSID60283579 DTXSID70670234 DTXSID30474452 DTXSID40616169 DTXSID90177598 DTXSID2068424 DTXSID50377476 DTXSID60812404 DTXSID60620061 DTXSID10658374 DTXSID00198037 DTXSID60795809 DTXSID90668794 DTXSID10877629 DTXSID70849943
DTXSID30405488	DTXSID80187787 DTXSID90235405 DTXSID10845207 DTXSID50848459 DTXSID50375432 DTXSID20636340 DTXSID1044932 DTXSID60454621 DTXSID20655394 DTXSID40535245 DTXSID20572759 DTXSID20453352 DTXSID10345131 DTXSID60618928 DTXSID10371152 DTXSID40396237 DTXSID00377885 DTXSID40279773 DTXSID20222383 DTXSID40230809
DTXSID40657259	DTXSID70780645 DTXSID70593353 DTXSID70834910 DTXSID90434618 DTXSID70665004 DTXSID70392328 DTXSID30321194 DTXSID60545866 DTXSID50565290 DTXSID40352676 DTXSID20875878 DTXSID20441052 DTXSID40214669 DTXSID10739596 DTXSID60299094 DTXSID40513644 DTXSID60305467 DTXSID70291064 DTXSID10313537 DTXSID00551229
DTXSID80604429	DTXSID10461224 DTXSID70812839 DTXSID20879533 DTXSID00371020 DTXSID00192393 DTXSID60808645 DTXSID70733712 DTXSID40232909 DTXSID70157833 DTXSID60532913 DTXSID50399774 DTXSID50683468 DTXSID70885523 DTXSID90676834 DTXSID60884207 DTXSID10794125 DTXSID60447795 DTXSID20488386 DTXSID00423295 DTXSID10737693
DTXSID90238138	DTXSID50446232 DTXSID50323352 DTXSID50366244 DTXSID40211431 DTXSID40186832 DTXSID30592241 DTXSID70714723 DTXSID90288178 DTXSID10659624 DTXSID40507301 DTXSID60797262 DTXSID90801907 DTXSID80208966 DTXSID10360203 DTXSID70696934 DTXSID30511391 DTXSID70568940 DTXSID80181487 DTXSID80665454 DTXSID30209468
DTXSID80846044	DTXSID80403237 DTXSID20333044 DTXSID80316237 DTXSID60240364 DTXSID60827432 DTXSID20880987 DTXSID70607767 DTXSID90794628 DTXSID60465656 DTXSID30791999 DTXSID50301019 DTXSID60161040 DTXSID30427322 DTXSID50836972 DTXSID00881331 DTXSID3072242 DTXSID70201486 DTXSID00877198 DTXSID60896421 DTXSID60875812
DTXSID00675171	DTXSID00834226 DTXSID30675361 DTXSID40657032 DTXSID50385172 DTXSID10607125 DTXSID90561099 DTXSID10580202 DTXSID60611176 DTXSID10412998 DTXSID70525598 DTXSID20568798 DTXSID40677396 DTXSID00452661 DTXSID50766987 DTXSID4072316 DTXSID60790112 DTXSID90310261 DTXSID2068424 DTXSID70459546 DTXSID80760271
DTXSID90774102	DTXSID30202232 DTXSID40314517 DTXSID10667143 DTXSID10416330 DTXSID60804228 DTXSID00782258 DTXSID70873607 DTXSID30752702 DTXSID30734164 DTXSID10515615 DTXSID80276584 DTXSID70437263 DTXSID90456239 DTXSID70514886 DTXSID70562423 DTXSID40852085 DTXSID50457308 DTXSID80678180 DTXSID50645627 DTXSID30514887
DTXSID80156493	DTXSID50751474 DTXSID30741914 DTXSID30227566 DTXSID20430688 DTXSID50356327 DTXSID30664371 DTXSID70487647 DTXSID40743606 DTXSID90732424 DTXSID30179672 DTXSID30428359 DTXSID1046506 DTXSID50394522 DTXSID00551289 DTXSID40615596 DTXSID70350342 DTXSID60879411 DTXSID7070769 DTXSID60446788 DTXSID30521950
DTXSID40434921	DTXSID30389390 DTXSID00896142 DTXSID50369891 DTXSID90834472 DTXSID50395377 DTXSID70794808 DTXSID2023222 DTXSID40659632 DTXSID60297232 DTXSID90349995 DTXSID90310120 DTXSID70563218 DTXSID30415688 DTXSID60225090 DTXSID00216765 DTXSID10814130 DTXSID20289310 DTXSID90517016 DTXSID90342643 DTXSID00876464
DTXSID10693482	DTXSID20708778 DTXSID20646505 DTXSID60734410 DTXSID80681992 DTXSID20457279 DTXSID60214045 DTXSID80573166 DTXSID70415420 DTXSID10477784 DTXSID10436811 DTXSID10475068 DTXSID50726783 DTXSID20857497 DTXSID10682417 DTXSID50722189 DTXSID70588229 DTXSID10646473 DTXSID00646467 DTXSID90618092 DTXSID80211218
DTXSID20373501	DTXSID6070431 DTXSID7072040 DTXSID80435174 DTXSID50507599 DTXSID00234146 DTXSID10824153 DTXSID10511157 DTXSID20755202 DTXSID60872285 DTXSID20242945 DTXSID80761743 DTXSID60775681 DTXSID50782980 DTXSID40845013 DTXSID60242747 DTXSID20181421 DTXSID90763152 DTXSID70797955 DTXSID10872659 DTXSID20797061
DTXSID10185079	DTXSID2073720 DTXSID3048316 DTXSID40484168 DTXSID10756521 DTXSID70297561 DTXSID70195316 DTXSID90853663 DTXSID90602714 DTXSID40295377 DTXSID80384572 DTXSID60328237 DTXSID70224791 DTXSID90803582 DTXSID90310140 DTXSID6046264 DTXSID40891611 DTXSID40530558 DTXSID40828260 DTXSID90804993 DTXSID00386558
DTXSID20478323	DTXSID10303190 DTXSID40738931 DTXSID30675003 DTXSID90560582 DTXSID80534575 DTXSID70393390 DTXSID80162079 DTXSID40325507 DTXSID90726161 DTXSID10694474 DTXSID20593303 DTXSID00606586 DTXSID30291883 DTXSID80694466 DTXSID20605758 DTXSID20719167 DTXSID20735721 DTXSID50471468 DTXSID30217503 DTXSID00520293
DTXSID80436722	DTXSID00153661 DTXSID40823492 DTXSID90787090 DTXSID30773912 DTXSID20302371 DTXSID70851288 DTXSID00314351 DTXSID30826654 DTXSID50838375 DTXSID70329513 DTXSID30155996 DTXSID90241283 DTXSID30198141 DTXSID20162997 DTXSID40652547 DTXSID20894140 DTXSID4070378 DTXSID60801696 DTXSID70880417 DTXSID70823546
DTXSID90625201	DTXSID80619210 DTXSID30651887 DTXSID30178327 DTXSID70857280 DTXSID30628892 DTXSID80175922 DTXSID00651511 DTXSID70711898 DTXSID80627991 DTXSID40371741 DTXSID70619188 DTXSID10482131 DTXSID80191703 DTXSID50608176 DTXSID50383092 DTXSID20661910 DTXSID70749176 DTXSID60646468 DTXSID00461157 DTXSID10364029
DTXSID0072776	DTXSID70762244 DTXSID60241194 DTXSID70888296 DTXSID70177359 DTXSID10826637 DTXSID20745486 DTXSID50289404 DTXSID00768219 DTXSID40707182 DTXSID00841374 DTXSID70793856 DTXSID8027872 DTXSID00887474 DTXSID50767959 DTXSID70867364 DTXSID50288992 DTXSID50499107 DTXSID60598519 DTXSID70236576 DTXSID10712521
DTXSID6063226	DTXSID1068807 DTXSID80553504 DTXSID60325842 DTXSID30528282 DTXSID10337657 DTXSID40534975 DTXSID30550028 DTXSID80798099 DTXSID10418177 DTXSID70327857 DTXSID80789543 DTXSID80559561 DTXSID40781063 DTXSID30451107 DTXSID60850189 DTXSID10773617 DTXSID90556268 DTXSID30316929 DTXSID90823245 DTXSID40771787
DTXSID30780828	DTXSID90609682 DTXSID50487645 DTXSID90429862 DTXSID30537839 DTXSID20718973 DTXSID10212470 DTXSID60620389 DTXSID40296581 DTXSID60307108 DTXSID40352515 DTXSID20439297 DTXSID90753952 DTXSID90479908 DTXSID80336298 DTXSID50441787 DTXSID00377461 DTXSID50598124 DTXSID00695157 DTXSID30778189 DTXSID60377023
DTXSID70811428	DTXSID20398810 DTXSID50635285 DTXSID00610163 DTXSID10727837 DTXSID30579375 DTXSID70145831 DTXSID40847597 DTXSID60725101 DTXSID00696205 DTXSID90743974 DTXSID30585375 DTXSID10767051 DTXSID10596368 DTXSID00536894 DTXSID10563479 DTXSID30836834 DTXSID10363476 DTXSID70392484 DTXSID70561754 DTXSID40390932
DTXSID70331217	DTXSID20536750 DTXSID80151882 DTXSID80700137 DTXSID30444296 DTXSID2046836 DTXSID70737937 DTXSID20702716 DTXSID50601243 DTXSID70614239 DTXSID90559057 DTXSID80293251 DTXSID10839444 DTXSID20641272 DTXSID70794227 DTXSID90624532 DTXSID60192657 DTXSID70545195 DTXSID70823187 DTXSID30615166 DTXSID10767591
DTXSID30896150	DTXSID10392362 DTXSID40536090 DTXSID10727852 DTXSID20640881 DTXSID10760229 DTXSID20154993 DTXSID80351527 DTXSID50830854 DTXSID20651932 DTXSID80548516 DTXSID40703664 DTXSID60429672 DTXSID60379527 DTXSID70395778 DTXSID10708742 DTXSID70327150 DTXSID70239385 DTXSID00188933 DTXSID90611508 DTXSID60221092
DTXSID90306821	DTXSID60242525 DTXSID90175897 DTXSID20308494 DTXSID00506597 DTXSID00239257 DTXSID80642422 DTXSID40408768 DTXSID70834470 DTXSID80813559 DTXSID70702281 DTXSID60341123 DTXSID60711589 DTXSID40432846 DTXSID60228324 DTXSID80787403 DTXSID90557134 DTXSID50551618 DTXSID20370858 DTXSID30574401 DTXSID30481989
DTXSID10357037	DTXSID30854210 DTXSID80604328 DTXSID70791312 DTXSID60372553 DTXSID90578703 DTXSID50472117 DTXSID50456533 DTXSID60501962 DTXSID40482427 DTXSID90379934 DTXSID10495286 DTXSID60665472 DTXSID40710035 DTXSID00327365 DTXSID20629590 DTXSID30363079 DTXSID90721373 DTXSID90707556 DTXSID10642192 DTXSID00557044
DTXSID00529488	DTXSID10772044 DTXSID60835597 DTXSID70531250 DTXSID80338510 DTXSID7041966 DTXSID10704628 DTXSID50290732 DTXSID30789412 DTXSID90611083 DTXSID20796933 DTXSID70737932 DTXSID60649297 DTXSID90401769 DTXSID10471782 DTXSID60148270 DTXSID00706676 DTXSID10359354 DTXSID60796033 DTXSID90276212 DTXSID80595247
DTXSID50310186	DTXSID30421648 DTXSID10498474 DTXSID9057979 DTXSID80555467 DTXSID60767021 DTXSID10792868 DTXSID30767634 DTXSID40656964 DTXSID70567079 DTXSID20428464 DTXSID60292449 DTXSID60564971 DTXSID10484514 DTXSID80885534 DTXSID00653333 DTXSID40828260 DTXSID00386154 DTXSID30559278 DTXSID50341016 DTXSID70810274
DTXSID80180238	DTXSID50151738 DTXSID60831094 DTXSID30218555 DTXSID10837763 DTXSID00485176 DTXSID00646740 DTXSID40856184 DTXSID30510001 DTXSID80333444 DTXSID40857297 DTXSID50660774 DTXSID10602615 DTXSID40483116 DTXSID10694631 DTXSID60524732 DTXSID70849983 DTXSID90441084 DTXSID80582970 DTXSID80668581 DTXSID10190906
DTXSID90208699	DTXSID40609798 DTXSID80765302 DTXSID30377479 DTXSID40696128 DTXSID50879602 DTXSID10653829 DTXSID70428934 DTXSID20294181 DTXSID90422898 DTXSID60681556 DTXSID00618003 DTXSID30713434 DTXSID10803544 DTXSID30225724 DTXSID70506807 DTXSID00449339 DTXSID80441730 DTXSID20306273 DTXSID80536276 DTXSID90846131
DTXSID80647497	DTXSID20429870 DTXSID70274377 DTXSID60742111 DTXSID90629749 DTXSID80596173 DTXSID50879142 DTXSID30657804 DTXSID00382030 DTXSID50704788 DTXSID40466202 DTXSID70672798 DTXSID30761213 DTXSID00156475 DTXSID00694620 DTXSID30709610 DTXSID20656063 DTXSID50389458 DTXSID60401296 DTXSID30222415 DTXSID00287899
DTXSID80708456	DTXSID90437669 DTXSID50576301 DTXSID80444544 DTXSID00543068 DTXSID60769626 DTXSID50775251 DTXSID20240441 DTXSID50708483 DTXSID20735842 DTXSID50753675 DTXSID00331427 DTXSID50858831 DTXSID70775273 DTXSID10711458 DTXSID30170922 DTXSID80781542 DTXSID90404977 DTXSID30336546 DTXSID80526096 DTXSID50823948
DTXSID80795720	DTXSID20423873 DTXSID90328629 DTXSID10682199 DTXSID20229796 DTXSID60606582 DTXSID50846531 DTXSID30463806 DTXSID10599056 DTXSID40808082 DTXSID50766366 DTXSID90536565 DTXSID10787971 DTXSID1051800 DTXSID30753395 DTXSID20184139 DTXSID10391618 DTXSID70651568 DTXSID50693663 DTXSID00197808 DTXSID70565833
DTXSID20225894	DTXSID70704008 DTXSID00339443 DTXSID10544364 DTXSID30185314 DTXSID60355402 DTXSID1059151 DTXSID20876901 DTXSID60146276 DTXSID50697661 DTXSID80342814 DTXSID10201521 DTXSID90854731 DTXSID80324271 DTXSID70651144 DTXSID10338109 DTXSID30322383 DTXSID00394330 DTXSID30389638 DTXSID50507514 DTXSID60346279
DTXSID90879368	DTXSID70680272 DTXSID10573876 DTXSID80676848 DTXSID40623939 DTXSID00513665 DTXSID30733839 DTXSID70653901 DTXSID30284199 DTXSID3063417 DTXSID20423292 DTXSID60383760 DTXSID10705413 DTXSID10770409 DTXSID10299009 DTXSID60145820 DTXSID10650979 DTXSID40699437 DTXSID20187983 DTXSID30837109 DTXSID70316448
DTXSID30843725	DTXSID30219385 DTXSID10511778 DTXSID60288928 DTXSID50618790 DTXSID90329050 DTXSID00512653 DTXSID40649518 DTXSID10772064 DTXSID40821059 DTXSID20448142 DTXSID60278708 DTXSID00293152 DTXSID20493056 DTXSID40750774 DTXSID00460600 DTXSID60544819 DTXSID70736667 DTXSID10500445 DTXSID40217079 DTXSID50367973
DTXSID30181371	DTXSID70202690 DTXSID70651144 DTXSID00394330 DTXSID30389638 DTXSID00501264 DTXSID20616925 DTXSID70447645 DTXSID90324363 DTXSID20891139 DTXSID90547999 DTXSID50306004 DTXSID60307320 DTXSID40191426 DTXSID30407987 DTXSID00865494 DTXSID00339443 DTXSID80342814 DTXSID60146276 DTXSID60239672 DTXSID50640470
DTXSID70509131	DTXSID40396010 DTXSID60633570 DTXSID20732598 DTXSID00743021 DTXSID30382886 DTXSID10454999 DTXSID90358481 DTXSID50428912 DTXSID50579352 DTXSID90226358 DTXSID4067771 DTXSID4062646 DTXSID40801856 DTXSID50778606 DTXSID80635894 DTXSID30596401 DTXSID60403199 DTXSID60843899 DTXSID50425022 DTXSID90602815
DTXSID80358672	DTXSID80620381 DTXSID90734029 DTXSID20377125 DTXSID50305239 DTXSID40297775 DTXSID60167603 DTXSID20295517 DTXSID60295354 DTXSID70349519 DTXSID1042281 DTXSID10651305 DTXSID50164641 DTXSID60470523 DTXSID70628018 DTXSID60736257 DTXSID90360625 DTXSID20646803 DTXSID30618253 DTXSID00836164 DTXSID80601317
DTXSID40144179	DTXSID50381795 DTXSID50538580 DTXSID90427267 DTXSID40589445 DTXSID70712704 DTXSID10406059 DTXSID60674125 DTXSID20590216 DTXSID00625535 DTXSID40762559 DTXSID80346776 DTXSID40324171 DTXSID00571028 DTXSID50684233 DTXSID80407917 DTXSID60573200 DTXSID50671709 DTXSID10364706 DTXSID50818117 DTXSID00444107
DTXSID90331931	DTXSID40156813 DTXSID50751116 DTXSID80324913 DTXSID90401300 DTXSID40736614 DTXSID4059253 DTXSID20360335 DTXSID80710110 DTXSID80666461 DTXSID40351048 DTXSID50483768 DTXSID60283352 DTXSID40369466 DTXSID20162351 DTXSID60212142 DTXSID50340180 DTXSID5073115 DTXSID90507811 DTXSID80375086 DTXSID50632259
DTXSID50561439	DTXSID70733212 DTXSID80392859 DTXSID30628054 DTXSID00338097 DTXSID20464706 DTXSID40511105 DTXSID70551236 DTXSID20492625 DTXSID20728537 DTXSID30402356 DTXSID40667575 DTXSID40640606 DTXSID60876905 DTXSID50221364 DTXSID3059268 DTXSID90642514 DTXSID80696420 DTXSID60343788 DTXSID20569260 DTXSID5059296
DTXSID30705071	DTXSID50660118 DTXSID50354888 DTXSID50742746 DTXSID70193337 DTXSID90475203 DTXSID90832034 DTXSID60675511 DTXSID50639945 DTXSID90731876 DTXSID10712182 DTXSID80789447 DTXSID60294322 DTXSID30580148 DTXSID60340196 DTXSID50696457 DTXSID80405074 DTXSID10174660 DTXSID20581402 DTXSID00511328 DTXSID20721068
DTXSID0061327	DTXSID90793535 DTXSID30177557 DTXSID70597735 DTXSID70813427 DTXSID30371457 DTXSID00503783 DTXSID00277376 DTXSID50400551 DTXSID70757877 DTXSID70235529 DTXSID70299444 DTXSID80214082 DTXSID80439612 DTXSID50181656 DTXSID70873662 DTXSID20605314 DTXSID70276593 DTXSID90530907 DTXSID70354901 DTXSID40452741
DTXSID8061212	DTXSID40157103 DTXSID10279164 DTXSID40243015 DTXSID60749867 DTXSID5061085 DTXSID80884461 DTXSID80185869 DTXSID60798678 DTXSID00764377 DTXSID20776896 DTXSID40208886 DTXSID10852012 DTXSID10224790 DTXSID40455535 DTXSID80234563 DTXSID40762115 DTXSID40869951 DTXSID50797539 DTXSID20469635 DTXSID90560906
DTXSID90394783	DTXSID60744251 DTXSID10212475 DTXSID00673753 DTXSID20315027 DTXSID20587585 DTXSID7057658 DTXSID40338899 DTXSID90242250 DTXSID20808909 DTXSID00707800 DTXSID40195484 DTXSID70751153 DTXSID50704849 DTXSID90535912 DTXSID60732693 DTXSID90534566 DTXSID90164640 DTXSID80763666 DTXSID80784316 DTXSID30455463
DTXSID10867661	DTXSID50497183 DTXSID30734205 DTXSID40452140 DTXSID20830144 DTXSID80289457 DTXSID00559245 DTXSID00502372 DTXSID10552267 DTXSID60312575 DTXSID50835107 DTXSID00390094 DTXSID90577938 DTXSID70640290 DTXSID00418545 DTXSID70434151 DTXSID60532832 DTXSID40522559 DTXSID50707759 DTXSID30238455 DTXSID90524487
DTXSID40404280	DTXSID60542335 DTXSID50776829 DTXSID60233812 DTXSID60680908 DTXSID50452131 DTXSID40430160 DTXSID10506361 DTXSID10311533 DTXSID20642128 DTXSID10895944 DTXSID10361513 DTXSID00508773 DTXSID10288155 DTXSID60351681 DTXSID80292683 DTXSID9072652 DTXSID80896180 DTXSID60820660 DTXSID00480469 DTXSID10626018
DTXSID40163668	DTXSID70769793 DTXSID80634549 DTXSID50790787 DTXSID00292524 DTXSID9041023 DTXSID60823212 DTXSID70710346 DTXSID50759096 DTXSID80830605 DTXSID80768398 DTXSID70809204 DTXSID70785433 DTXSID50533959 DTXSID00804404 DTXSID20888665 DTXSID50730860 DTXSID70790805 DTXSID50780365 DTXSID10805149 DTXSID40789867
DTXSID90874217	DTXSID40521749 DTXSID10448853 DTXSID20571666 DTXSID90788047 DTXSID40324499 DTXSID50576785 DTXSID50596322 DTXSID70814070 DTXSID20730675 DTXSID80240427 DTXSID50627362 DTXSID80569645 DTXSID80283036 DTXSID90501531 DTXSID90344864 DTXSID30811328 DTXSID70780766 DTXSID60740637 DTXSID20876587 DTXSID60586193
DTXSID50369598	DTXSID60449335 DTXSID60646549 DTXSID70842212 DTXSID70477760 DTXSID30648393 DTXSID50175434 DTXSID40577145 DTXSID80303546 DTXSID20856788 DTXSID10717975 DTXSID5037602 DTXSID00725246 DTXSID7047015 DTXSID10594324 DTXSID30796267 DTXSID30815205 DTXSID20421218 DTXSID80453999 DTXSID40760095 DTXSID0042298
DTXSID40195121	DTXSID80354275 DTXSID70447701 DTXSID40462946 DTXSID40222542 DTXSID60612426 DTXSID70751113 DTXSID90402756 DTXSID6020012 DTXSID00353104 DTXSID00664580 DTXSID20514770 DTXSID70781915 DTXSID30561699 DTXSID50464178 DTXSID80639958 DTXSID80698227 DTXSID20676867 DTXSID30401122 DTXSID10380921 DTXSID30343058
DTXSID20633955	DTXSID20696449 DTXSID70621620 DTXSID20817016 DTXSID50531132 DTXSID70190700 DTXSID00721127 DTXSID50695324 DTXSID00663573 DTXSID8040278 DTXSID40463312 DTXSID50879349 DTXSID10363835 DTXSID30671762 DTXSID90175716 DTXSID00528951 DTXSID40573142 DTXSID90580922 DTXSID70165837 DTXSID60300674 DTXSID00511085
DTXSID40721469	DTXSID20716575 DTXSID60493474 DTXSID80452745 DTXSID10577576 DTXSID70177915 DTXSID10669208 DTXSID20455750 DTXSID30454996 DTXSID40577867 DTXSID10206172 DTXSID50507099 DTXSID80613339 DTXSID80553706 DTXSID90557811 DTXSID10530126 DTXSID50395812 DTXSID30301279 DTXSID60229255 DTXSID40183664 DTXSID20513824
DTXSID80302756	DTXSID30234270 DTXSID00231493 DTXSID10728622 DTXSID8034746 DTXSID50790641 DTXSID50242978 DTXSID30782781 DTXSID30281901 DTXSID00337085 DTXSID30893008 DTXSID40611977 DTXSID00200462 DTXSID60582711 DTXSID90278357 DTXSID90601904 DTXSID50439346 DTXSID70757074 DTXSID80737983 DTXSID40315307 DTXSID4063870
DTXSID00876505	DTXSID90667267 DTXSID60479238 DTXSID70184189 DTXSID40855379 DTXSID70592240 DTXSID60589583 DTXSID50564682 DTXSID60704577 DTXSID20489156 DTXSID40298565 DTXSID10641428 DTXSID40606782 DTXSID00822466 DTXSID30671565 DTXSID80625058 DTXSID80325723 DTXSID30810715 DTXSID70645886 DTXSID60642223 DTXSID90596124
DTXSID00755947	DTXSID60537100 DTXSID80588154 DTXSID90408415 DTXSID80657213 DTXSID20738797 DTXSID40420561 DTXSID40552573 DTXSID70876097 DTXSID30618773 DTXSID70590307 DTXSID30855843 DTXSID50623586 DTXSID60278708 DTXSID10708141 DTXSID50713451 DTXSID40829196 DTXSID80294248 DTXSID90530760 DTXSID10630059 DTXSID70317253
DTXSID70716782	DTXSID40852060 DTXSID70675345 DTXSID30479306 DTXSID70639043 DTXSID10292631 DTXSID30886990 DTXSID80830084 DTXSID10771512 DTXSID30377777 DTXSID70808616 DTXSID80817239 DTXSID50437584 DTXSID40711249 DTXSID10802714 DTXSID50887924 DTXSID20159342 DTXSID80241717 DTXSID40510597 DTXSID50766987 DTXSID50405900
DTXSID20657292	DTXSID30651367 DTXSID10212011 DTXSID80284826 DTXSID60363224 DTXSID00759581 DTXSID0035748 DTXSID90845265 DTXSID10463425 DTXSID10661722 DTXSID50682239 DTXSID50277806 DTXSID40551980 DTXSID90473582 DTXSID90395215 DTXSID00802182 DTXSID30460633 DTXSID10311119 DTXSID80229196 DTXSID50455440 DTXSID70447286
DTXSID80351481	DTXSID40669115 DTXSID30226478 DTXSID30167650 DTXSID70469908 DTXSID10303695 DTXSID50400490 DTXSID60896067 DTXSID30708168 DTXSID00734090 DTXSID7070769 DTXSID20815799 DTXSID80594755 DTXSID90598229 DTXSID50893606 DTXSID10551290 DTXSID30717210 DTXSID00876287 DTXSID20793821 DTXSID80291373 DTXSID40743606
DTXSID30879726	DTXSID80609398 DTXSID80711127 DTXSID00802263 DTXSID50176128 DTXSID70484191 DTXSID30718308 DTXSID40482043 DTXSID40543966 DTXSID00631772 DTXSID00421630 DTXSID00453198 DTXSID30554965 DTXSID40191269 DTXSID7058048 DTXSID60674281 DTXSID80214022 DTXSID20351187 DTXSID70438513 DTXSID00704314 DTXSID10342625
DTXSID90595036	DTXSID30850116 DTXSID20459617 DTXSID60573543 DTXSID80729641 DTXSID20740698 DTXSID5066089 DTXSID10721299 DTXSID90562940 DTXSID10853165 DTXSID4041232 DTXSID00732571 DTXSID70464776 DTXSID20642042 DTXSID30435361 DTXSID00325563 DTXSID9069849 DTXSID90786326 DTXSID10615447 DTXSID00873296 DTXSID00807834
DTXSID30857448	DTXSID20849776 DTXSID70372307 DTXSID80638709 DTXSID10778026 DTXSID80668985 DTXSID60343642 DTXSID10466890 DTXSID70424198 DTXSID50457580 DTXSID20632246 DTXSID10347115 DTXSID90456395 DTXSID10466719 DTXSID70784289 DTXSID4040343 DTXSID40444409 DTXSID30344343 DTXSID30787675 DTXSID90392042 DTXSID10735558
DTXSID40408768	DTXSID70834470 DTXSID00506597 DTXSID60242525 DTXSID20370858 DTXSID90306821 DTXSID60711589 DTXSID40278201 DTXSID90876933 DTXSID20308494 DTXSID00239257 DTXSID90175897 DTXSID00510836 DTXSID60369483 DTXSID60378691 DTXSID70367112 DTXSID80813559 DTXSID70760740 DTXSID20517180 DTXSID10829421 DTXSID80642422
DTXSID70788843	DTXSID80424169 DTXSID70528064 DTXSID50313596 DTXSID60281333 DTXSID10156704 DTXSID40804983 DTXSID30468098 DTXSID10442876 DTXSID30854634 DTXSID50275968 DTXSID80352251 DTXSID00145682 DTXSID70773471 DTXSID60321021 DTXSID90479640 DTXSID0047088 DTXSID70876870 DTXSID40373523 DTXSID10314887 DTXSID30886233
DTXSID10190906	DTXSID70787851 DTXSID80333444 DTXSID30218555 DTXSID80760438 DTXSID30510001 DTXSID80582970 DTXSID00342699 DTXSID70314868 DTXSID10478554 DTXSID80471577 DTXSID70600399 DTXSID10602615 DTXSID90388102 DTXSID90182581 DTXSID00565861 DTXSID10640052 DTXSID60524732 DTXSID00430282 DTXSID80180238 DTXSID40876185
DTXSID10241220	DTXSID8067105 DTXSID60545649 DTXSID40283895 DTXSID00340756 DTXSID10475826 DTXSID00345867 DTXSID50492532 DTXSID1023447 DTXSID5060726 DTXSID70641227 DTXSID60752593 DTXSID30173534 DTXSID20565449 DTXSID30285782 DTXSID10527511 DTXSID30471305 DTXSID80633774 DTXSID20849418 DTXSID70521479 DTXSID10776421
DTXSID10499269	DTXSID70323197 DTXSID40460846 DTXSID20703682 DTXSID20425296 DTXSID50469906 DTXSID10163594 DTXSID30610111 DTXSID6035156 DTXSID70739870 DTXSID40171485 DTXSID80506439 DTXSID70600798 DTXSID70232093 DTXSID50640399 DTXSID00663275 DTXSID70734305 DTXSID70614431 DTXSID10325736 DTXSID30282615 DTXSID00489134
DTXSID10399275	DTXSID1068437 DTXSID70883569 DTXSID40288087 DTXSID30517191 DTXSID60395601 DTXSID40490704 DTXSID00818920 DTXSID00446909 DTXSID80815270 DTXSID7067089 DTXSID30787579 DTXSID90571976 DTXSID10368683 DTXSID40367063 DTXSID80585729 DTXSID80446866 DTXSID80563921 DTXSID20674247 DTXSID70505077 DTXSID10805644
DTXSID10640299	DTXSID20887118 DTXSID20704255 DTXSID20426965 DTXSID40736417 DTXSID5044811 DTXSID00655433 DTXSID00837277 DTXSID50443483 DTXSID50590168 DTXSID70391154 DTXSID50152285 DTXSID80648545 DTXSID00337823 DTXSID00651056 DTXSID60421353 DTXSID90519151 DTXSID90390301 DTXSID60770393 DTXSID60333109 DTXSID30378148
DTXSID00455874	DTXSID90494237 DTXSID80351663 DTXSID50294013 DTXSID40494060 DTXSID60344275 DTXSID2062032 DTXSID40300394 DTXSID80388515 DTXSID70172723 DTXSID00289818 DTXSID50361299 DTXSID50369997 DTXSID90163931 DTXSID70171099 DTXSID80556555 DTXSID20664825 DTXSID50591554 DTXSID90807202 DTXSID00349547 DTXSID50170126
DTXSID50437584	DTXSID10802714 DTXSID80817239 DTXSID70808616 DTXSID40702713 DTXSID70325651 DTXSID40711249 DTXSID00705664 DTXSID20660362 DTXSID70675345 DTXSID30377777 DTXSID50887924 DTXSID40510597 DTXSID50528623 DTXSID70459546 DTXSID60827513 DTXSID30616532 DTXSID70716782 DTXSID30479306 DTXSID70356581 DTXSID00844946
DTXSID20370858	DTXSID60711589 DTXSID70760740 DTXSID60378691 DTXSID40408768 DTXSID10829421 DTXSID00506597 DTXSID70367112 DTXSID70834470 DTXSID80374337 DTXSID80345481 DTXSID90720684 DTXSID7044764 DTXSID90876933 DTXSID10758666 DTXSID00510836 DTXSID90177215 DTXSID00239257 DTXSID80405872 DTXSID40278201 DTXSID60242525
DTXSID80646728	DTXSID30780308 DTXSID90734408 DTXSID50473725 DTXSID40538579 DTXSID40857631 DTXSID80828986 DTXSID20456863 DTXSID80303223 DTXSID50403123 DTXSID10483325 DTXSID40496120 DTXSID70452133 DTXSID50567355 DTXSID90175716 DTXSID90494676 DTXSID50358169 DTXSID50695324 DTXSID80685814 DTXSID50873509 DTXSID20827933
DTXSID10809501	DTXSID10237007 DTXSID00206505 DTXSID80175861 DTXSID00341268 DTXSID10410373 DTXSID80156756 DTXSID90850096 DTXSID30852630 DTXSID60399760 DTXSID00579281 DTXSID20481099 DTXSID90424554 DTXSID20200005 DTXSID70569992 DTXSID50436936 DTXSID50762101 DTXSID40552053 DTXSID90485226 DTXSID00405955 DTXSID00338633
DTXSID50212651	DTXSID30646758 DTXSID40650583 DTXSID40827091 DTXSID40365226 DTXSID30236037 DTXSID30837225 DTXSID60646322 DTXSID20535420 DTXSID10301237 DTXSID8067602 DTXSID50734328 DTXSID90646350 DTXSID90396969 DTXSID70743659 DTXSID50346844 DTXSID10734940 DTXSID50633221 DTXSID80727324 DTXSID00409377 DTXSID00646205
DTXSID00731524	DTXSID50323438 DTXSID10172404 DTXSID20730473 DTXSID20526212 DTXSID90594948 DTXSID70791014 DTXSID90152885 DTXSID90577877 DTXSID60312631 DTXSID20513687 DTXSID20297278 DTXSID80469499 DTXSID30752045 DTXSID00341006 DTXSID40181180 DTXSID40507280 DTXSID30831501 DTXSID50757350 DTXSID90390301 DTXSID9068378
DTXSID10310263	DTXSID00400920 DTXSID40647635 DTXSID70303631 DTXSID50326520 DTXSID60813198 DTXSID80756235 DTXSID30411862 DTXSID20756234 DTXSID80430902 DTXSID30855727 DTXSID20804840 DTXSID70674691 DTXSID40562677 DTXSID90894031 DTXSID50728580 DTXSID50735552 DTXSID30320263 DTXSID60723581 DTXSID60494921 DTXSID00296961
DTXSID30735590	DTXSID40646269 DTXSID70383211 DTXSID30663980 DTXSID50345892 DTXSID10618958 DTXSID10478731 DTXSID20345788 DTXSID40334412 DTXSID50627165 DTXSID30627002 DTXSID90669140 DTXSID30223841 DTXSID00391501 DTXSID50145874 DTXSID80562318 DTXSID80701725 DTXSID90648819 DTXSID30559379 DTXSID10618170 DTXSID70693842
DTXSID90631125	DTXSID20739320 DTXSID60498388 DTXSID30671904 DTXSID50737516 DTXSID90676839 DTXSID50165017 DTXSID60394275 DTXSID10668655 DTXSID40680007 DTXSID20352715 DTXSID80657117 DTXSID00377007 DTXSID20576136 DTXSID00646886 DTXSID20383685 DTXSID00654103 DTXSID00710011 DTXSID40515688 DTXSID90559693 DTXSID80480467
DTXSID80600426	DTXSID70631249 DTXSID70579192 DTXSID00552711 DTXSID90350602 DTXSID70364282 DTXSID10668938 DTXSID20346371 DTXSID50659704 DTXSID40509345 DTXSID20607676 DTXSID50418656 DTXSID20191247 DTXSID70148105 DTXSID40459179 DTXSID00344214 DTXSID00383582 DTXSID90476876 DTXSID80371649 DTXSID90679880 DTXSID00649993
DTXSID00566611	DTXSID20705222 DTXSID50236892 DTXSID00806822 DTXSID30727910 DTXSID10536082 DTXSID40841515 DTXSID00672786 DTXSID90382428 DTXSID70784229 DTXSID30799096 DTXSID90625963 DTXSID00876626 DTXSID50396228 DTXSID00659436 DTXSID80568895 DTXSID40295776 DTXSID60477951 DTXSID10296836 DTXSID10851404 DTXSID10642071
DTXSID20477457	DTXSID20527587 DTXSID10884631 DTXSID90302707 DTXSID00615431 DTXSID80545565 DTXSID10786702 DTXSID80782812 DTXSID40483212 DTXSID90353214 DTXSID40519863 DTXSID2051978 DTXSID60675172 DTXSID20211050 DTXSID40441716 DTXSID50460130 DTXSID20567509 DTXSID80738591 DTXSID10485607 DTXSID70217885 DTXSID30396761
DTXSID30642376	DTXSID30164543 DTXSID90845982 DTXSID00579983 DTXSID20474981 DTXSID40207955 DTXSID70607161 DTXSID60443732 DTXSID80790533 DTXSID70376901 DTXSID20281692 DTXSID70598186 DTXSID50538186 DTXSID40642428 DTXSID90400696 DTXSID90385934 DTXSID50705750 DTXSID2052360 DTXSID90768041 DTXSID0052386 DTXSID00318718
DTXSID50663326	DTXSID60599107 DTXSID80570155 DTXSID80427877 DTXSID10518525 DTXSID50533277 DTXSID40388879 DTXSID00517608 DTXSID90672093 DTXSID10570168 DTXSID80663551 DTXSID20207695 DTXSID20467313 DTXSID10296831 DTXSID40721429 DTXSID50853725 DTXSID00495098 DTXSID30662913 DTXSID10459065 DTXSID20549264 DTXSID40726878
DTXSID10834934	DTXSID30514509 DTXSID50528623 DTXSID30503079 DTXSID6052039 DTXSID80552597 DTXSID40711249 DTXSID70459546 DTXSID10771512 DTXSID00705664 DTXSID10592128 DTXSID10738281 DTXSID60790112 DTXSID70808616 DTXSID30813064 DTXSID50766987 DTXSID80817239 DTXSID40702713 DTXSID20765967 DTXSID80204468 DTXSID50405900
DTXSID70527118	DTXSID40316117 DTXSID70526065 DTXSID70614431 DTXSID70192805 DTXSID50521457 DTXSID00744871 DTXSID40815675 DTXSID80305424 DTXSID80506277 DTXSID20629777 DTXSID70232093 DTXSID30825445 DTXSID10163594 DTXSID60333109 DTXSID20237477 DTXSID10489847 DTXSID10734208 DTXSID30378148 DTXSID90632258 DTXSID80506439
DTXSID50852157	DTXSID10818517 DTXSID70305695 DTXSID70452719 DTXSID60737648 DTXSID00501860 DTXSID50772104 DTXSID70729791 DTXSID40818282 DTXSID30542468 DTXSID70803545 DTXSID90567430 DTXSID60456529 DTXSID90459043 DTXSID10187391 DTXSID60226204 DTXSID10554766 DTXSID80763949 DTXSID70603527 DTXSID30744748 DTXSID60603536
DTXSID60855710	DTXSID10145572 DTXSID10676396 DTXSID70793598 DTXSID50701292 DTXSID40698844 DTXSID90703659 DTXSID50646715 DTXSID80679990 DTXSID00326459 DTXSID20342035 DTXSID80214082 DTXSID70290799 DTXSID20430340 DTXSID20815698 DTXSID90530907 DTXSID9072286 DTXSID70757877 DTXSID70445500 DTXSID30615747 DTXSID80404820
DTXSID30713434	DTXSID50154325 DTXSID90747351 DTXSID60618206 DTXSID80665479 DTXSID70428934 DTXSID10448358 DTXSID70662836 DTXSID80765302 DTXSID00618003 DTXSID80210827 DTXSID40609798 DTXSID80793069 DTXSID30797451 DTXSID90208699 DTXSID10618094 DTXSID80297118 DTXSID20296483 DTXSID60681556 DTXSID30599199 DTXSID40681493
DTXSID70642476	DTXSID90427929 DTXSID90345699 DTXSID40230026 DTXSID90711350 DTXSID40646800 DTXSID10581315 DTXSID30726822 DTXSID30651867 DTXSID60856080 DTXSID10309233 DTXSID10826758 DTXSID80482421 DTXSID50580049 DTXSID10842610 DTXSID40454922 DTXSID20879593 DTXSID70408539 DTXSID70858136 DTXSID40674385 DTXSID50535852
DTXSID20629777	DTXSID00744871 DTXSID40316117 DTXSID20237477 DTXSID70548101 DTXSID50521457 DTXSID60425230 DTXSID70527118 DTXSID90385974 DTXSID60522652 DTXSID70526065 DTXSID10163594 DTXSID30825445 DTXSID30378148 DTXSID70614431 DTXSID70179717 DTXSID80452503 DTXSID60195567 DTXSID40595667 DTXSID20703682 DTXSID10335214
DTXSID60236282	DTXSID30778609 DTXSID50817701 DTXSID70557152 DTXSID90711173 DTXSID70720485 DTXSID50766705 DTXSID50820432 DTXSID90469309 DTXSID10317277 DTXSID80840345 DTXSID00694029 DTXSID40483015 DTXSID90280773 DTXSID80793680 DTXSID40840361 DTXSID60715789 DTXSID60776815 DTXSID8051706 DTXSID70711257 DTXSID70471960
DTXSID60875736	DTXSID2068137 DTXSID20700217 DTXSID60542496 DTXSID30291308 DTXSID00597940 DTXSID20173629 DTXSID80655491 DTXSID90513997 DTXSID60768134 DTXSID40674724 DTXSID70477482 DTXSID70803782 DTXSID50509992 DTXSID10143558 DTXSID50174189 DTXSID90178202 DTXSID40288860 DTXSID00604345 DTXSID80725643 DTXSID70375095
DTXSID90187117	DTXSID70548464 DTXSID50493443 DTXSID70483129 DTXSID00442062 DTXSID90286437 DTXSID40705360 DTXSID40321226 DTXSID60179903 DTXSID30453484 DTXSID30642134 DTXSID70377711 DTXSID00571482 DTXSID30757277 DTXSID30315977 DTXSID10560827 DTXSID70528382 DTXSID40666846 DTXSID10238155 DTXSID00633796 DTXSID40610021
DTXSID10441041	DTXSID80879397 DTXSID70853323 DTXSID10321834 DTXSID00731302 DTXSID40357580 DTXSID20307184 DTXSID10491980 DTXSID90205587 DTXSID90629749 DTXSID60164793 DTXSID60598918 DTXSID7023194 DTXSID20417959 DTXSID50896137 DTXSID70667604 DTXSID90405585 DTXSID70668075 DTXSID10169758 DTXSID40358239 DTXSID70283222
DTXSID50767959	DTXSID60598519 DTXSID40707182 DTXSID70236576 DTXSID80887654 DTXSID10712521 DTXSID7070478 DTXSID60241194 DTXSID10711458 DTXSID00597728 DTXSID40880888 DTXSID50823948 DTXSID90883243 DTXSID90404977 DTXSID70177359 DTXSID9051741 DTXSID70762244 DTXSID00841374 DTXSID10826637 DTXSID0072776 DTXSID3042003
DTXSID10728667	DTXSID50586107 DTXSID10493989 DTXSID70724044 DTXSID90519474 DTXSID10454318 DTXSID30489046 DTXSID10888816 DTXSID80196374 DTXSID20533542 DTXSID30770906 DTXSID5068233 DTXSID20740911 DTXSID60645870 DTXSID80492621 DTXSID10803882 DTXSID80771185 DTXSID00184410 DTXSID00501709 DTXSID90486990 DTXSID90211683
DTXSID40183785	DTXSID30397672 DTXSID70283222 DTXSID60707765 DTXSID60803872 DTXSID00462982 DTXSID70668075 DTXSID7041625 DTXSID10494193 DTXSID50306463 DTXSID50681040 DTXSID60320630 DTXSID70805822 DTXSID00854560 DTXSID7023194 DTXSID90405585 DTXSID90205587 DTXSID10732825 DTXSID40694588 DTXSID10491980 DTXSID80279131
DTXSID30184524	DTXSID50694418 DTXSID00681570 DTXSID90209343 DTXSID30278139 DTXSID80848381 DTXSID40876983 DTXSID90544741 DTXSID20444048 DTXSID90612898 DTXSID20797081 DTXSID20379503 DTXSID70592609 DTXSID30804533 DTXSID00315606 DTXSID70607868 DTXSID10610179 DTXSID20560212 DTXSID80524375 DTXSID60407056 DTXSID20739229
DTXSID40840361	DTXSID00694029 DTXSID90469309 DTXSID00618164 DTXSID50775332 DTXSID00281130 DTXSID40886880 DTXSID60460363 DTXSID80893735 DTXSID90280773 DTXSID10805583 DTXSID10317277 DTXSID10239187 DTXSID20825196 DTXSID3026564 DTXSID60236282 DTXSID80793680 DTXSID3067231 DTXSID30793837 DTXSID70471960 DTXSID8051706
DTXSID80552653	DTXSID10847428 DTXSID10712061 DTXSID40724470 DTXSID20847232 DTXSID70392924 DTXSID40577988 DTXSID20756335 DTXSID20743427 DTXSID40676763 DTXSID60674165 DTXSID80682262 DTXSID40693233 DTXSID60435733 DTXSID50590148 DTXSID00681696 DTXSID20590413 DTXSID20623710 DTXSID20778618 DTXSID90823164 DTXSID20858505
DTXSID00441777	DTXSID8063834 DTXSID90443725 DTXSID00847053 DTXSID20161445 DTXSID60182598 DTXSID00613750 DTXSID7044506 DTXSID60183484 DTXSID50709551 DTXSID20403978 DTXSID30612519 DTXSID80443794 DTXSID50481946 DTXSID00434109 DTXSID00749265 DTXSID90734423 DTXSID30418639 DTXSID20566037 DTXSID10586320 DTXSID30575690
DTXSID80358899	DTXSID70165837 DTXSID80661173 DTXSID30393856 DTXSID00166478 DTXSID90753477 DTXSID00528951 DTXSID60441157 DTXSID50678379 DTXSID40573142 DTXSID60183868 DTXSID50879349 DTXSID00511085 DTXSID90396409 DTXSID30671762 DTXSID20295274 DTXSID80354715 DTXSID60497452 DTXSID80685814 DTXSID40697453 DTXSID70876234
DTXSID80675154	DTXSID70283207 DTXSID50186702 DTXSID40279359 DTXSID80195726 DTXSID70427821 DTXSID70723456 DTXSID00505101 DTXSID00491272 DTXSID80679632 DTXSID10219323 DTXSID70736561 DTXSID80726913 DTXSID90791516 DTXSID70672475 DTXSID90532289 DTXSID10617749 DTXSID30389739 DTXSID70607621 DTXSID00681590 DTXSID20737386
DTXSID80534131	DTXSID70554621 DTXSID50451407 DTXSID90222719 DTXSID10657206 DTXSID30546628 DTXSID20522476 DTXSID30847288 DTXSID80819470 DTXSID70678311 DTXSID60319089 DTXSID40487235 DTXSID10435480 DTXSID3073719 DTXSID00802844 DTXSID80478324 DTXSID70314969 DTXSID30631669 DTXSID70619608 DTXSID00508677 DTXSID7029372
DTXSID10653869	DTXSID60678188 DTXSID00510558 DTXSID50534885 DTXSID90302949 DTXSID00198572 DTXSID30805681 DTXSID90829782 DTXSID50814992 DTXSID60721022 DTXSID30727894 DTXSID0060066 DTXSID90702066 DTXSID20699051 DTXSID60541126 DTXSID70233722 DTXSID20734618 DTXSID10575971 DTXSID80208300 DTXSID70877569 DTXSID30819187
DTXSID20668222	DTXSID60284147 DTXSID70613904 DTXSID40528152 DTXSID80729308 DTXSID80646465 DTXSID90354120 DTXSID70857280 DTXSID00528158 DTXSID70749176 DTXSID40197327 DTXSID10282310 DTXSID40321322 DTXSID3069982 DTXSID90156823 DTXSID10564764 DTXSID30505336 DTXSID80627991 DTXSID30453025 DTXSID70619188 DTXSID60358175
DTXSID00822163	DTXSID90598229 DTXSID00663412 DTXSID50675065 DTXSID30708168 DTXSID50893606 DTXSID20815799 DTXSID80653437 DTXSID10385012 DTXSID40169908 DTXSID90731356 DTXSID20645255 DTXSID60897039 DTXSID50427167 DTXSID20545105 DTXSID00587649 DTXSID60353524 DTXSID30743498 DTXSID70318765 DTXSID40650629 DTXSID80594755
DTXSID10458452	DTXSID1020724 DTXSID20368533 DTXSID30725613 DTXSID60455133 DTXSID20561608 DTXSID10157079 DTXSID80726635 DTXSID90508585 DTXSID10193937 DTXSID10657448 DTXSID90772845 DTXSID20352937 DTXSID80831692 DTXSID00662940 DTXSID70365214 DTXSID80633057 DTXSID30298938 DTXSID90550105 DTXSID80630460 DTXSID50806832
DTXSID10798188	DTXSID3052355 DTXSID20504116 DTXSID70354880 DTXSID60877336 DTXSID90339654 DTXSID30593394 DTXSID20642441 DTXSID20530950 DTXSID70840859 DTXSID30704004 DTXSID10820094 DTXSID40315180 DTXSID80431070 DTXSID20734330 DTXSID90660374 DTXSID20526914 DTXSID50304964 DTXSID00744553 DTXSID10506048 DTXSID80345805
DTXSID50736766	DTXSID20289310 DTXSID90517016 DTXSID10150984 DTXSID10500445 DTXSID1073367 DTXSID00293152 DTXSID40713748 DTXSID40649518 DTXSID90674456 DTXSID00366613 DTXSID00153121 DTXSID40299936 DTXSID90412517 DTXSID60645335 DTXSID50395377 DTXSID90635143 DTXSID00876464 DTXSID20493056 DTXSID80499392 DTXSID20673937
DTXSID5041190	DTXSID60742252 DTXSID50707759 DTXSID50835107 DTXSID00600140 DTXSID90289180 DTXSID10834858 DTXSID10552267 DTXSID30354361 DTXSID1025693 DTXSID50696972 DTXSID50497183 DTXSID60649439 DTXSID30407987 DTXSID30595277 DTXSID20834965 DTXSID00559245 DTXSID10829527 DTXSID70711419 DTXSID60711645 DTXSID30304306
DTXSID50361274	DTXSID90478239 DTXSID90388102 DTXSID90291925 DTXSID90466833 DTXSID90313277 DTXSID60707962 DTXSID00182759 DTXSID00342699 DTXSID60407293 DTXSID90814719 DTXSID80760438 DTXSID00720978 DTXSID00521083 DTXSID00565861 DTXSID20284901 DTXSID40744315 DTXSID90474372 DTXSID20704078 DTXSID70314868 DTXSID00484361
DTXSID60333109	DTXSID50443483 DTXSID5044811 DTXSID00837277 DTXSID10489847 DTXSID90632258 DTXSID90577271 DTXSID20426965 DTXSID80648545 DTXSID40736417 DTXSID80506277 DTXSID40595667 DTXSID30825445 DTXSID30378148 DTXSID00655433 DTXSID50521457 DTXSID60770393 DTXSID90519151 DTXSID50590168 DTXSID10640299 DTXSID70527118
DTXSID30546800	DTXSID40812861 DTXSID20604968 DTXSID20364510 DTXSID70659443 DTXSID40756736 DTXSID30490970 DTXSID60729402 DTXSID10810733 DTXSID30856476 DTXSID20676827 DTXSID40611154 DTXSID60879719 DTXSID10359430 DTXSID30642230 DTXSID40555903 DTXSID90152880 DTXSID70663227 DTXSID30525099 DTXSID30303394 DTXSID80178751
DTXSID50315232	DTXSID30806976 DTXSID20346058 DTXSID50379475 DTXSID70397414 DTXSID30323890 DTXSID90794901 DTXSID4059251 DTXSID20228325 DTXSID50527373 DTXSID10455688 DTXSID20578493 DTXSID20465778 DTXSID80278381 DTXSID60172090 DTXSID40465871 DTXSID30525099 DTXSID30804639 DTXSID50404433 DTXSID70186380 DTXSID60599086
DTXSID60864504	DTXSID70816731 DTXSID80414949 DTXSID40718177 DTXSID70773512 DTXSID50712085 DTXSID80836521 DTXSID30816732 DTXSID80526894 DTXSID40714614 DTXSID00789267 DTXSID60552474 DTXSID40341646 DTXSID30342228 DTXSID80341685 DTXSID60340757 DTXSID00841233 DTXSID10710087 DTXSID10511839 DTXSID80820647 DTXSID80340739
DTXSID80223154	DTXSID70766141 DTXSID10856030 DTXSID00209354 DTXSID50487822 DTXSID80657334 DTXSID80674147 DTXSID20379280 DTXSID30524481 DTXSID60676942 DTXSID80648242 DTXSID60590538 DTXSID60377861 DTXSID10327533 DTXSID00716235 DTXSID40791662 DTXSID40195484 DTXSID10165937 DTXSID70751153 DTXSID60527743 DTXSID90534566
DTXSID80563209	DTXSID90406719 DTXSID60469614 DTXSID80627158 DTXSID80356057 DTXSID50167293 DTXSID40517460 DTXSID40478209 DTXSID30371053 DTXSID00857591 DTXSID30620215 DTXSID10557257 DTXSID10705852 DTXSID10646413 DTXSID80516730 DTXSID90403440 DTXSID40390270 DTXSID60578412 DTXSID70350302 DTXSID00646220 DTXSID10694595
DTXSID70739012	DTXSID90549170 DTXSID10511354 DTXSID10650378 DTXSID00363884 DTXSID80695776 DTXSID40845735 DTXSID00876742 DTXSID10211680 DTXSID40642226 DTXSID60473099 DTXSID60193361 DTXSID10733776 DTXSID60542052 DTXSID5068158 DTXSID70589756 DTXSID20781223 DTXSID70353111 DTXSID60885855 DTXSID10307496 DTXSID40466085
DTXSID20509762	DTXSID70649208 DTXSID50843540 DTXSID20440303 DTXSID80308495 DTXSID20812728 DTXSID10472193 DTXSID00332196 DTXSID90533993 DTXSID70214298 DTXSID90768203 DTXSID70313634 DTXSID60640704 DTXSID50616953 DTXSID90738764 DTXSID70293240 DTXSID00168679 DTXSID50505535 DTXSID00210869 DTXSID10597451 DTXSID40462022
DTXSID80563204	DTXSID60408361 DTXSID90352964 DTXSID90301614 DTXSID50739813 DTXSID90445749 DTXSID40757627 DTXSID20189700 DTXSID70694839 DTXSID80172734 DTXSID00292206 DTXSID40309307 DTXSID70288813 DTXSID40516559 DTXSID70214475 DTXSID80418427 DTXSID50601960 DTXSID90766406 DTXSID30818135 DTXSID80621994 DTXSID80724191
DTXSID7070478	DTXSID90883243 DTXSID80887654 DTXSID40707182 DTXSID40880888 DTXSID50767959 DTXSID60598519 DTXSID00841374 DTXSID00597728 DTXSID3042003 DTXSID9051741 DTXSID60300730 DTXSID00892301 DTXSID3026564 DTXSID8027872 DTXSID10826637 DTXSID40659197 DTXSID00710076 DTXSID50823948 DTXSID70762244 DTXSID60241194
DTXSID20652828	DTXSID10166661 DTXSID60632568 DTXSID10214297 DTXSID50610734 DTXSID80541527 DTXSID50632779 DTXSID80819157 DTXSID70768221 DTXSID10343415 DTXSID10594329 DTXSID70599254 DTXSID20472346 DTXSID60807198 DTXSID10189517 DTXSID40663355 DTXSID40344319 DTXSID00618124 DTXSID80458641 DTXSID20301864 DTXSID50850557
DTXSID30238455	DTXSID00390094 DTXSID60312575 DTXSID40288729 DTXSID70640290 DTXSID40452140 DTXSID9025403 DTXSID10675349 DTXSID20903968 DTXSID60532832 DTXSID70760740 DTXSID50560644 DTXSID70367112 DTXSID10338109 DTXSID80537122 DTXSID00418545 DTXSID9073628 DTXSID00651859 DTXSID80405872 DTXSID90876933 DTXSID10806994
DTXSID70832754	DTXSID50591877 DTXSID10396481 DTXSID00374011 DTXSID50849249 DTXSID50332560 DTXSID80151549 DTXSID60824108 DTXSID40879479 DTXSID20766015 DTXSID5051602 DTXSID10541111 DTXSID40646486 DTXSID30653902 DTXSID00447198 DTXSID20417717 DTXSID00294381 DTXSID40459811 DTXSID80606589 DTXSID40473991 DTXSID20549406
DTXSID60489953	DTXSID40555266 DTXSID90160344 DTXSID10580202 DTXSID50154805 DTXSID80792077 DTXSID40677396 DTXSID80221812 DTXSID00604709 DTXSID60611176 DTXSID90158322 DTXSID00886881 DTXSID70234370 DTXSID90203164 DTXSID80151569 DTXSID30660373 DTXSID50385172 DTXSID60827513 DTXSID70765270 DTXSID70884657 DTXSID00563862
DTXSID90771333	DTXSID00374652 DTXSID5022803 DTXSID60800821 DTXSID40485019 DTXSID40649795 DTXSID80349606 DTXSID00363127 DTXSID50294250 DTXSID80769224 DTXSID80879493 DTXSID70623684 DTXSID50453481 DTXSID70879543 DTXSID30722324 DTXSID70612538 DTXSID10280518 DTXSID80292582 DTXSID00833719 DTXSID10278713 DTXSID40700572
DTXSID10694474	DTXSID80534575 DTXSID70393390 DTXSID20593303 DTXSID20478323 DTXSID00606586 DTXSID40738931 DTXSID50731357 DTXSID10303190 DTXSID30675003 DTXSID90330222 DTXSID40325507 DTXSID10322225 DTXSID80162079 DTXSID20876603 DTXSID50461349 DTXSID80562398 DTXSID90560582 DTXSID90726161 DTXSID90850713 DTXSID90572428
DTXSID0062896	DTXSID00887737 DTXSID5068237 DTXSID80816363 DTXSID80338050 DTXSID80759781 DTXSID70340864 DTXSID90619786 DTXSID00432089 DTXSID00432064 DTXSID30146203 DTXSID20184573 DTXSID10658859 DTXSID90240731 DTXSID70241241 DTXSID00647136 DTXSID7063348 DTXSID50753837 DTXSID60752952 DTXSID9060780 DTXSID30561457
DTXSID90550105	DTXSID20327024 DTXSID60554776 DTXSID00846006 DTXSID40167969 DTXSID9074642 DTXSID70365214 DTXSID50729870 DTXSID50240651 DTXSID10278713 DTXSID10193937 DTXSID8059635 DTXSID60455133 DTXSID90668471 DTXSID90457963 DTXSID80416549 DTXSID80845794 DTXSID20821077 DTXSID10756167 DTXSID80279772 DTXSID20561608
DTXSID80694027	DTXSID50797998 DTXSID70276210 DTXSID70580602 DTXSID20288823 DTXSID00601051 DTXSID10431745 DTXSID00210001 DTXSID3070418 DTXSID30431328 DTXSID30851340 DTXSID90292492 DTXSID50239186 DTXSID70484939 DTXSID80232084 DTXSID00840362 DTXSID30786582 DTXSID60775383 DTXSID50752865 DTXSID20844908 DTXSID90780425
DTXSID40797886	DTXSID80323562 DTXSID70181390 DTXSID10797277 DTXSID20366150 DTXSID10349472 DTXSID20318558 DTXSID50520142 DTXSID70585778 DTXSID90585376 DTXSID20759705 DTXSID80522134 DTXSID8059007 DTXSID50285360 DTXSID30873582 DTXSID50603368 DTXSID10696150 DTXSID70561092 DTXSID90429206 DTXSID00555646 DTXSID60434766
DTXSID20559702	DTXSID30876518 DTXSID80378714 DTXSID50841824 DTXSID00721061 DTXSID70337219 DTXSID10700589 DTXSID60757684 DTXSID40243454 DTXSID90680572 DTXSID90379459 DTXSID40787722 DTXSID10472875 DTXSID70693443 DTXSID40632283 DTXSID50218754 DTXSID80297436 DTXSID70733717 DTXSID80744157 DTXSID00656147 DTXSID00513589
DTXSID9068378	DTXSID50757350 DTXSID60422946 DTXSID00766412 DTXSID60312631 DTXSID90655745 DTXSID30369379 DTXSID90152885 DTXSID40507280 DTXSID70405624 DTXSID00481779 DTXSID40430185 DTXSID90577877 DTXSID30614275 DTXSID20771341 DTXSID10172404 DTXSID90594948 DTXSID20400745 DTXSID50323438 DTXSID60446501 DTXSID20297278
DTXSID50322764	DTXSID70856511 DTXSID90850894 DTXSID90391712 DTXSID40467239 DTXSID80391302 DTXSID60727382 DTXSID70324361 DTXSID60647298 DTXSID70750944 DTXSID90596028 DTXSID90323199 DTXSID30277485 DTXSID20841538 DTXSID3063095 DTXSID10579015 DTXSID80483231 DTXSID20206981 DTXSID40517344 DTXSID60601471 DTXSID50541579
DTXSID30354361	DTXSID9057680 DTXSID90289180 DTXSID20834965 DTXSID50707759 DTXSID00719266 DTXSID10829527 DTXSID60742252 DTXSID80554157 DTXSID90529396 DTXSID70443026 DTXSID5041190 DTXSID80451819 DTXSID50497183 DTXSID10144383 DTXSID80499756 DTXSID50835107 DTXSID10552267 DTXSID60649439 DTXSID90696310 DTXSID50215283
DTXSID90502841	DTXSID50388749 DTXSID70299606 DTXSID70288277 DTXSID90178368 DTXSID00179881 DTXSID3068126 DTXSID60876142 DTXSID80753441 DTXSID00653050 DTXSID40454326 DTXSID40836047 DTXSID10597653 DTXSID40729783 DTXSID60374335 DTXSID00710657 DTXSID70589478 DTXSID00771248 DTXSID20453973 DTXSID60318532 DTXSID10398708
DTXSID50760602	DTXSID20333766 DTXSID80742315 DTXSID90615844 DTXSID80726973 DTXSID10442477 DTXSID10538581 DTXSID80875894 DTXSID10518262 DTXSID80851830 DTXSID90348625 DTXSID50610633 DTXSID30528383 DTXSID90344283 DTXSID50833486 DTXSID20163247 DTXSID10634996 DTXSID00621850 DTXSID00463292 DTXSID80675952 DTXSID70655208
DTXSID10478554	DTXSID80471577 DTXSID70600399 DTXSID10679943 DTXSID50302824 DTXSID90182581 DTXSID60524732 DTXSID10602615 DTXSID00430282 DTXSID40616866 DTXSID80333444 DTXSID30510001 DTXSID10640052 DTXSID40282005 DTXSID10190906 DTXSID30218555 DTXSID10566046 DTXSID70787851 DTXSID90149336 DTXSID80415456 DTXSID70598666
DTXSID30748145	DTXSID10629923 DTXSID30725678 DTXSID40346691 DTXSID10654715 DTXSID40656404 DTXSID80825970 DTXSID50662894 DTXSID70571636 DTXSID20873935 DTXSID20453190 DTXSID10808392 DTXSID90706185 DTXSID80296964 DTXSID90823164 DTXSID00731322 DTXSID40724470 DTXSID7063421 DTXSID40676763 DTXSID3066267 DTXSID90675064
DTXSID40722618	DTXSID70478419 DTXSID10640512 DTXSID60505389 DTXSID40578238 DTXSID90426058 DTXSID90640974 DTXSID00621330 DTXSID20582959 DTXSID40514434 DTXSID30451763 DTXSID50382722 DTXSID10824299 DTXSID3058955 DTXSID40397623 DTXSID10221865 DTXSID40576875 DTXSID40855132 DTXSID40427974 DTXSID40595829 DTXSID30578828
DTXSID40722613	DTXSID00524615 DTXSID10352582 DTXSID70837481 DTXSID10594844 DTXSID70580809 DTXSID20580571 DTXSID30471305 DTXSID00361284 DTXSID20541127 DTXSID90470930 DTXSID80808208 DTXSID40819592 DTXSID00781766 DTXSID30510329 DTXSID90359377 DTXSID20351581 DTXSID00196816 DTXSID10483209 DTXSID20663055 DTXSID20849418
DTXSID70670138	DTXSID70308222 DTXSID20590251 DTXSID20538310 DTXSID50544085 DTXSID30240972 DTXSID80170356 DTXSID90346863 DTXSID30146309 DTXSID1069952 DTXSID00632204 DTXSID10462918 DTXSID70651563 DTXSID20626403 DTXSID80470368 DTXSID20667790 DTXSID80772011 DTXSID20437475 DTXSID70400710 DTXSID60668726 DTXSID00498387
DTXSID00375386	DTXSID70505077 DTXSID00446909 DTXSID80585729 DTXSID30769214 DTXSID10805644 DTXSID60883917 DTXSID30600895 DTXSID40490704 DTXSID40775720 DTXSID80436883 DTXSID70549451 DTXSID80563921 DTXSID20383463 DTXSID00565760 DTXSID70479325 DTXSID20567408 DTXSID30787579 DTXSID70344842 DTXSID00762792 DTXSID90517319
DTXSID30289801	DTXSID80207111 DTXSID50172963 DTXSID40368631 DTXSID50178682 DTXSID00406543 DTXSID70512266 DTXSID60597663 DTXSID70845046 DTXSID10312106 DTXSID80610161 DTXSID00465372 DTXSID10474339 DTXSID40319825 DTXSID70711550 DTXSID30452679 DTXSID80210322 DTXSID70709755 DTXSID30618435 DTXSID10557297 DTXSID30199991
DTXSID20384834	DTXSID00681999 DTXSID8060610 DTXSID00646760 DTXSID30223629 DTXSID50722604 DTXSID00364013 DTXSID20143105 DTXSID00165183 DTXSID60470846 DTXSID10810950 DTXSID70176387 DTXSID90595591 DTXSID80143106 DTXSID30838752 DTXSID00299730 DTXSID90353012 DTXSID10292111 DTXSID10675647 DTXSID00274688 DTXSID70344408
DTXSID40176910	DTXSID40187824 DTXSID70670451 DTXSID60638580 DTXSID50654936 DTXSID60177085 DTXSID10795415 DTXSID10225444 DTXSID70535950 DTXSID60747202 DTXSID40751463 DTXSID20392636 DTXSID00522176 DTXSID70396402 DTXSID20538830 DTXSID50888532 DTXSID80675912 DTXSID10288877 DTXSID70284875 DTXSID90217423 DTXSID30694279
DTXSID70640290	DTXSID60312575 DTXSID60532832 DTXSID10675349 DTXSID80537122 DTXSID30238455 DTXSID40452140 DTXSID00390094 DTXSID70602636 DTXSID10338109 DTXSID00473578 DTXSID20903968 DTXSID90577938 DTXSID10201521 DTXSID40288729 DTXSID50560644 DTXSID90854731 DTXSID10867661 DTXSID80324271 DTXSID40522559 DTXSID60355402
DTXSID20876507	DTXSID90383692 DTXSID00739525 DTXSID40373801 DTXSID40433691 DTXSID80323406 DTXSID80202505 DTXSID00722331 DTXSID40721146 DTXSID00846344 DTXSID60166439 DTXSID30873582 DTXSID10875943 DTXSID00742973 DTXSID60400325 DTXSID20631638 DTXSID10799296 DTXSID80428662 DTXSID60174670 DTXSID70344367 DTXSID90772002
DTXSID30736769	DTXSID90440991 DTXSID40712115 DTXSID90596028 DTXSID50541579 DTXSID70324361 DTXSID60876066 DTXSID50509235 DTXSID90323199 DTXSID30277485 DTXSID50681601 DTXSID80343528 DTXSID90542449 DTXSID50368647 DTXSID20841538 DTXSID10650333 DTXSID20514831 DTXSID80391302 DTXSID50863142 DTXSID90391712 DTXSID80733622
DTXSID80354891	DTXSID80570276 DTXSID70309653 DTXSID50660936 DTXSID90813707 DTXSID70481504 DTXSID50733937 DTXSID30322782 DTXSID70411184 DTXSID60464760 DTXSID80383500 DTXSID20159226 DTXSID80211632 DTXSID30642477 DTXSID50315974 DTXSID50429247 DTXSID20516850 DTXSID20493516 DTXSID90808375 DTXSID00556951 DTXSID60799327
DTXSID80338510	DTXSID90611083 DTXSID60835597 DTXSID00529488 DTXSID80595247 DTXSID20796933 DTXSID10359354 DTXSID90276212 DTXSID60649297 DTXSID10471782 DTXSID90707096 DTXSID7041966 DTXSID20682347 DTXSID10704628 DTXSID10772044 DTXSID20171206 DTXSID70531250 DTXSID60179988 DTXSID80729803 DTXSID20815911 DTXSID30789412
DTXSID10208878	DTXSID00216604 DTXSID90459821 DTXSID40656964 DTXSID80885534 DTXSID80555467 DTXSID00386154 DTXSID20467757 DTXSID50700765 DTXSID20707605 DTXSID70876815 DTXSID20226240 DTXSID10403003 DTXSID80542059 DTXSID70810274 DTXSID00563342 DTXSID10484514 DTXSID70743614 DTXSID80385786 DTXSID10792868 DTXSID20144415
DTXSID60501962	DTXSID40482427 DTXSID80545883 DTXSID10357037 DTXSID90578703 DTXSID30854210 DTXSID80604328 DTXSID60496546 DTXSID30363079 DTXSID90379934 DTXSID60372553 DTXSID90454937 DTXSID00623359 DTXSID10642192 DTXSID90580922 DTXSID50456533 DTXSID90506566 DTXSID60665472 DTXSID40722214 DTXSID60227615 DTXSID50472117
DTXSID80549962	DTXSID50300204 DTXSID80380630 DTXSID60567341 DTXSID00734131 DTXSID80645236 DTXSID20655571 DTXSID30896559 DTXSID20896422 DTXSID00431279 DTXSID20720470 DTXSID90675923 DTXSID20896184 DTXSID20296241 DTXSID40387802 DTXSID70615746 DTXSID00841995 DTXSID80896423 DTXSID70237664 DTXSID40152835 DTXSID70368043
DTXSID60501967	DTXSID90826973 DTXSID00402808 DTXSID10338028 DTXSID40767246 DTXSID30519534 DTXSID80766713 DTXSID60818128 DTXSID10579631 DTXSID40604041 DTXSID50718906 DTXSID40338031 DTXSID70596485 DTXSID20793129 DTXSID70880614 DTXSID90423986 DTXSID40718915 DTXSID50771354 DTXSID60615952 DTXSID70477361 DTXSID20818129
DTXSID30378406	DTXSID70774685 DTXSID50210571 DTXSID20391366 DTXSID80603790 DTXSID70440333 DTXSID10606431 DTXSID20892085 DTXSID10579757 DTXSID40418766 DTXSID40171566 DTXSID60170258 DTXSID80724191 DTXSID80561785 DTXSID70282073 DTXSID20170390 DTXSID10634416 DTXSID40309307 DTXSID30369516 DTXSID90290453 DTXSID80456102
DTXSID70879689	DTXSID50672276 DTXSID00472607 DTXSID10702407 DTXSID40511640 DTXSID20187983 DTXSID40518199 DTXSID60285497 DTXSID00291259 DTXSID80589606 DTXSID30284199 DTXSID60383760 DTXSID30509975 DTXSID10727791 DTXSID20813492 DTXSID20303686 DTXSID80676848 DTXSID10299009 DTXSID00383284 DTXSID40427616 DTXSID50322446
DTXSID20891139	DTXSID70447645 DTXSID50306004 DTXSID30389638 DTXSID60239672 DTXSID80174834 DTXSID30304306 DTXSID40191426 DTXSID70711419 DTXSID40522559 DTXSID00339443 DTXSID30407987 DTXSID90547999 DTXSID20797743 DTXSID30181371 DTXSID70651144 DTXSID00559245 DTXSID90577938 DTXSID20616925 DTXSID00865494 DTXSID70434151
DTXSID50290696	DTXSID40877455 DTXSID70652439 DTXSID30344606 DTXSID40645631 DTXSID40770336 DTXSID10236696 DTXSID80303985 DTXSID20560777 DTXSID00748874 DTXSID00392376 DTXSID00451851 DTXSID30876114 DTXSID10472875 DTXSID70473525 DTXSID10600631 DTXSID80238243 DTXSID80492984 DTXSID80562893 DTXSID20185540 DTXSID00472203
DTXSID70278193	DTXSID60445433 DTXSID40186074 DTXSID8047717 DTXSID50788008 DTXSID40494565 DTXSID40322596 DTXSID70243806 DTXSID20560212 DTXSID60290364 DTXSID60463011 DTXSID90490996 DTXSID50845665 DTXSID20444048 DTXSID40876983 DTXSID40815115 DTXSID40809372 DTXSID00771182 DTXSID80524375 DTXSID40766279 DTXSID90171935
DTXSID80195024	DTXSID40417799 DTXSID60511480 DTXSID60822902 DTXSID00752951 DTXSID00826560 DTXSID00699514 DTXSID40195666 DTXSID70785392 DTXSID80546739 DTXSID90602057 DTXSID10886074 DTXSID80468609 DTXSID10699585 DTXSID00793728 DTXSID80278447 DTXSID10822679 DTXSID10890999 DTXSID20741069 DTXSID70233808 DTXSID30191576
DTXSID10483385	DTXSID70449649 DTXSID60536810 DTXSID00536894 DTXSID20368295 DTXSID70392484 DTXSID00559149 DTXSID50354621 DTXSID70504686 DTXSID10179115 DTXSID90698511 DTXSID90743974 DTXSID10305598 DTXSID10727837 DTXSID50395110 DTXSID80343442 DTXSID20718998 DTXSID50374804 DTXSID10316184 DTXSID10495721 DTXSID90742528
DTXSID40835055	DTXSID40606782 DTXSID50425244 DTXSID30671565 DTXSID80456228 DTXSID40757268 DTXSID40610364 DTXSID50549631 DTXSID10641428 DTXSID90799633 DTXSID60589583 DTXSID70280852 DTXSID20418481 DTXSID70356086 DTXSID70645886 DTXSID90883667 DTXSID00735784 DTXSID90430256 DTXSID80472908 DTXSID90812856 DTXSID30395714
DTXSID30702166	DTXSID90765171 DTXSID80770815 DTXSID70622612 DTXSID5052628 DTXSID80793165 DTXSID70587777 DTXSID50887767 DTXSID2063765 DTXSID90209025 DTXSID0074637 DTXSID00775887 DTXSID4052005 DTXSID1062546 DTXSID20824306 DTXSID10783438 DTXSID90660430 DTXSID00647136 DTXSID40208523 DTXSID6063511 DTXSID80560258
DTXSID90339654	DTXSID50304964 DTXSID20642441 DTXSID80345805 DTXSID20442807 DTXSID10798188 DTXSID90660374 DTXSID90398428 DTXSID3052355 DTXSID00767909 DTXSID60877336 DTXSID70840859 DTXSID10634214 DTXSID60795809 DTXSID70354880 DTXSID00744553 DTXSID40315180 DTXSID70612250 DTXSID20504116 DTXSID90570323 DTXSID30867724
DTXSID90577150	DTXSID40766118 DTXSID90762382 DTXSID10829820 DTXSID4057716 DTXSID50275680 DTXSID4072813 DTXSID70697481 DTXSID60701965 DTXSID50226339 DTXSID3063966 DTXSID70582085 DTXSID90415609 DTXSID30415608 DTXSID40329005 DTXSID90305298 DTXSID70746584 DTXSID30276034 DTXSID70742102 DTXSID40747503 DTXSID80833590
DTXSID20520119	DTXSID80222783 DTXSID20661056 DTXSID10505874 DTXSID70646651 DTXSID30849560 DTXSID60357421 DTXSID30344888 DTXSID00711265 DTXSID10519178 DTXSID60603455 DTXSID90343534 DTXSID80183441 DTXSID40509007 DTXSID60458689 DTXSID30460577 DTXSID40648607 DTXSID20299676 DTXSID00513862 DTXSID10726325 DTXSID50301953
DTXSID40143001	DTXSID1051692 DTXSID60315304 DTXSID90675241 DTXSID90737919 DTXSID40470283 DTXSID30616532 DTXSID60694484 DTXSID00815070 DTXSID30660373 DTXSID00844946 DTXSID70392702 DTXSID60827513 DTXSID00563862 DTXSID70356581 DTXSID40431657 DTXSID40303729 DTXSID80720234 DTXSID40510597 DTXSID70855069 DTXSID30592145
DTXSID10738281	DTXSID30813064 DTXSID10577213 DTXSID20765967 DTXSID80552597 DTXSID80204468 DTXSID10592128 DTXSID40494464 DTXSID10771512 DTXSID70176180 DTXSID80492267 DTXSID6052039 DTXSID10834934 DTXSID70786945 DTXSID50405900 DTXSID7071024 DTXSID30514509 DTXSID30503079 DTXSID50144802 DTXSID30782408 DTXSID70639043
DTXSID20336777	DTXSID40637430 DTXSID10843167 DTXSID20719162 DTXSID90723953 DTXSID50816451 DTXSID00866926 DTXSID20701062 DTXSID90693561 DTXSID50214771 DTXSID30400357 DTXSID10744741 DTXSID70574283 DTXSID30155633 DTXSID40662500 DTXSID20797647 DTXSID10606310 DTXSID90278413 DTXSID60430268 DTXSID00854782 DTXSID00527000
DTXSID60481972	DTXSID1025693 DTXSID50649605 DTXSID10834858 DTXSID60649439 DTXSID60635918 DTXSID10428534 DTXSID50640470 DTXSID10393859 DTXSID40191628 DTXSID10569991 DTXSID50427884 DTXSID90696310 DTXSID60540114 DTXSID70874098 DTXSID30342248 DTXSID80772016 DTXSID60711645 DTXSID10829527 DTXSID30407987 DTXSID90453768
DTXSID40455499	DTXSID90283522 DTXSID60880764 DTXSID00625252 DTXSID00794972 DTXSID00819290 DTXSID40838642 DTXSID20535622 DTXSID40773347 DTXSID00770579 DTXSID60813436 DTXSID90782323 DTXSID90306669 DTXSID30408717 DTXSID20557243 DTXSID90719593 DTXSID30306668 DTXSID80783304 DTXSID10462332 DTXSID90286816 DTXSID40462365
DTXSID90468897	DTXSID10597451 DTXSID70293240 DTXSID70403362 DTXSID20812728 DTXSID80696107 DTXSID10355255 DTXSID50875846 DTXSID50843540 DTXSID60327644 DTXSID50616953 DTXSID20152590 DTXSID50646174 DTXSID70649208 DTXSID20509762 DTXSID00332196 DTXSID20440303 DTXSID50374021 DTXSID10472193 DTXSID40459179 DTXSID00349547
DTXSID80442686	DTXSID40194558 DTXSID20798412 DTXSID20327009 DTXSID80324357 DTXSID90759338 DTXSID90445805 DTXSID20416442 DTXSID80558271 DTXSID40617934 DTXSID80631275 DTXSID50662359 DTXSID20811357 DTXSID20151705 DTXSID60510635 DTXSID40308693 DTXSID10425129 DTXSID30144305 DTXSID60291078 DTXSID40773983 DTXSID70599390
DTXSID10806994	DTXSID00412780 DTXSID50560644 DTXSID20903968 DTXSID30876912 DTXSID10180100 DTXSID60369483 DTXSID60831579 DTXSID10675349 DTXSID20876901 DTXSID90854731 DTXSID50624417 DTXSID40278201 DTXSID70367112 DTXSID90876933 DTXSID90695126 DTXSID30238455 DTXSID20656442 DTXSID70876532 DTXSID10544364 DTXSID60312575
DTXSID00559245	DTXSID40522559 DTXSID40191426 DTXSID90577938 DTXSID70434151 DTXSID10552267 DTXSID50306004 DTXSID70711419 DTXSID00865494 DTXSID90547999 DTXSID50835107 DTXSID30304306 DTXSID30407987 DTXSID70447645 DTXSID20797743 DTXSID30734205 DTXSID20891139 DTXSID10867661 DTXSID00600140 DTXSID50497183 DTXSID10201521
DTXSID20790592	DTXSID70506822 DTXSID80450049 DTXSID90509411 DTXSID60833316 DTXSID20352992 DTXSID20603496 DTXSID50708403 DTXSID50397735 DTXSID90293308 DTXSID70742980 DTXSID30678498 DTXSID00504730 DTXSID00436880 DTXSID50490730 DTXSID20697239 DTXSID60341340 DTXSID40846969 DTXSID10436856 DTXSID00513140 DTXSID80757646
DTXSID10685822	DTXSID60551669 DTXSID40596119 DTXSID80465693 DTXSID60626321 DTXSID60798719 DTXSID90407221 DTXSID40793823 DTXSID6041769 DTXSID70886858 DTXSID90626596 DTXSID40879338 DTXSID70672753 DTXSID60635458 DTXSID50896137 DTXSID30856991 DTXSID20277075 DTXSID70295163 DTXSID20770410 DTXSID70369696 DTXSID50704788
DTXSID20362990	DTXSID40393084 DTXSID10426696 DTXSID30319213 DTXSID10744428 DTXSID30618435 DTXSID00418328 DTXSID10326081 DTXSID30452679 DTXSID80606589 DTXSID80708592 DTXSID70711550 DTXSID30698318 DTXSID00465372 DTXSID20766015 DTXSID60597663 DTXSID00388350 DTXSID00745404 DTXSID10596242 DTXSID40473991 DTXSID10557297
DTXSID80594452	DTXSID80394919 DTXSID80568138 DTXSID70515318 DTXSID10693124 DTXSID90519151 DTXSID90577271 DTXSID80648545 DTXSID60770393 DTXSID5021625 DTXSID00401154 DTXSID00864907 DTXSID90844430 DTXSID10669849 DTXSID00655433 DTXSID80177047 DTXSID00651056 DTXSID40595667 DTXSID00837277 DTXSID80354371 DTXSID70473565
DTXSID40232909	DTXSID70733712 DTXSID90651621 DTXSID00423295 DTXSID60884207 DTXSID20553205 DTXSID80516533 DTXSID70885523 DTXSID40856260 DTXSID80604429 DTXSID60532913 DTXSID20238601 DTXSID90277769 DTXSID10321359 DTXSID60447795 DTXSID20349428 DTXSID50399774 DTXSID80289952 DTXSID70157833 DTXSID60808645 DTXSID20452921
DTXSID20390213	DTXSID70475029 DTXSID10781712 DTXSID00528794 DTXSID10175430 DTXSID80729803 DTXSID30384628 DTXSID60179988 DTXSID60786631 DTXSID10289521 DTXSID50610431 DTXSID80561604 DTXSID10737734 DTXSID90707096 DTXSID30481989 DTXSID20682347 DTXSID60885395 DTXSID70694495 DTXSID80595247 DTXSID30493143 DTXSID10359354
DTXSID90782323	DTXSID90306669 DTXSID30306668 DTXSID20557243 DTXSID10462332 DTXSID90171536 DTXSID80604368 DTXSID10771234 DTXSID10488239 DTXSID90719593 DTXSID20535622 DTXSID50880672 DTXSID40455499 DTXSID80496346 DTXSID70344842 DTXSID90517319 DTXSID30617185 DTXSID60340732 DTXSID00819290 DTXSID70479325 DTXSID90283522
DTXSID80718853	DTXSID40618345 DTXSID50733639 DTXSID00190172 DTXSID30555654 DTXSID90396222 DTXSID80377949 DTXSID40646461 DTXSID10397478 DTXSID80646627 DTXSID60195325 DTXSID80727324 DTXSID50289141 DTXSID70496178 DTXSID70658234 DTXSID50346844 DTXSID90405606 DTXSID60840989 DTXSID40626425 DTXSID90653125 DTXSID50808230
DTXSID50549550	DTXSID10610614 DTXSID70843961 DTXSID30482714 DTXSID70365476 DTXSID30322782 DTXSID50228333 DTXSID60464760 DTXSID40352752 DTXSID30400852 DTXSID90808375 DTXSID50290232 DTXSID90204035 DTXSID00304292 DTXSID30642477 DTXSID90354903 DTXSID30625841 DTXSID10876016 DTXSID80408227 DTXSID80632282 DTXSID50733937
DTXSID40824580	DTXSID90824994 DTXSID10174882 DTXSID80635894 DTXSID40801856 DTXSID60843899 DTXSID60447573 DTXSID10538021 DTXSID40844809 DTXSID40615793 DTXSID00743021 DTXSID10883785 DTXSID70836550 DTXSID90663507 DTXSID00534895 DTXSID70797415 DTXSID40173409 DTXSID10160907 DTXSID50698456 DTXSID50497966 DTXSID90358481
DTXSID10224790	DTXSID80185869 DTXSID40869951 DTXSID60749867 DTXSID10852012 DTXSID10322826 DTXSID20776896 DTXSID20558952 DTXSID30615146 DTXSID10279164 DTXSID00764377 DTXSID80756710 DTXSID40706170 DTXSID30307135 DTXSID8061212 DTXSID00787248 DTXSID60789344 DTXSID5061085 DTXSID30844232 DTXSID80234563 DTXSID80884461
DTXSID80756533	DTXSID30308349 DTXSID80434203 DTXSID10647309 DTXSID30839224 DTXSID90819188 DTXSID60471398 DTXSID70459480 DTXSID90656414 DTXSID30674854 DTXSID00732511 DTXSID50817943 DTXSID80399161 DTXSID60499097 DTXSID70866998 DTXSID20621973 DTXSID10534841 DTXSID90445022 DTXSID80159287 DTXSID90446892 DTXSID00203059
DTXSID10296831	DTXSID10287204 DTXSID40726878 DTXSID20207695 DTXSID40293717 DTXSID50533277 DTXSID10459065 DTXSID90473567 DTXSID30662913 DTXSID50526447 DTXSID70647749 DTXSID50846839 DTXSID80570155 DTXSID00614161 DTXSID20585788 DTXSID00495098 DTXSID50593492 DTXSID00420845 DTXSID80663551 DTXSID70561315 DTXSID80208966
DTXSID10712889	DTXSID80237675 DTXSID10199636 DTXSID50218416 DTXSID20151705 DTXSID20301783 DTXSID30144305 DTXSID40773983 DTXSID10579717 DTXSID50153176 DTXSID40308693 DTXSID50662359 DTXSID80367921 DTXSID90445805 DTXSID20327009 DTXSID60221411 DTXSID20352412 DTXSID60875877 DTXSID00371186 DTXSID40588493 DTXSID40194558
DTXSID90618219	DTXSID40711522 DTXSID10501472 DTXSID60655358 DTXSID70218155 DTXSID30494877 DTXSID1044514 DTXSID60312176 DTXSID70317031 DTXSID30583038 DTXSID30583371 DTXSID40751488 DTXSID10351257 DTXSID50226213 DTXSID60289273 DTXSID70471682 DTXSID00409352 DTXSID40679875 DTXSID90505372 DTXSID60829072 DTXSID80810068
DTXSID00377486	DTXSID30346347 DTXSID90373735 DTXSID70349413 DTXSID60590477 DTXSID20759801 DTXSID20599345 DTXSID00484725 DTXSID6069406 DTXSID40845472 DTXSID30663369 DTXSID90749597 DTXSID60562356 DTXSID20452729 DTXSID90239443 DTXSID80279373 DTXSID40530477 DTXSID60187922 DTXSID50663780 DTXSID90827869 DTXSID40427651
DTXSID70474259	DTXSID80640529 DTXSID70734305 DTXSID70523034 DTXSID10680650 DTXSID50640399 DTXSID10187391 DTXSID00489134 DTXSID10151971 DTXSID40171485 DTXSID40467294 DTXSID40818282 DTXSID70886191 DTXSID50772104 DTXSID70739870 DTXSID30368600 DTXSID40312371 DTXSID00673733 DTXSID20502738 DTXSID10696317 DTXSID20780913
DTXSID70349413	DTXSID6069406 DTXSID20599345 DTXSID90827869 DTXSID00377486 DTXSID60347781 DTXSID90373735 DTXSID80279373 DTXSID90807803 DTXSID30663369 DTXSID50663780 DTXSID00231438 DTXSID20759801 DTXSID40165147 DTXSID30346347 DTXSID40530477 DTXSID40845472 DTXSID00484725 DTXSID00757406 DTXSID10466719 DTXSID10721916
DTXSID30288293	DTXSID60757260 DTXSID90296834 DTXSID00559528 DTXSID30198484 DTXSID10180923 DTXSID30372484 DTXSID50496494 DTXSID20671716 DTXSID90651202 DTXSID40795125 DTXSID00669237 DTXSID60489296 DTXSID70195699 DTXSID00201636 DTXSID50314442 DTXSID80453838 DTXSID20838140 DTXSID50727174 DTXSID70599118 DTXSID10604336
DTXSID50575672	DTXSID90703593 DTXSID30182181 DTXSID20180393 DTXSID50203120 DTXSID80160737 DTXSID70531255 DTXSID70540524 DTXSID90344248 DTXSID70884819 DTXSID00845610 DTXSID70785579 DTXSID30556525 DTXSID20698403 DTXSID80633774 DTXSID30490839 DTXSID20222484 DTXSID80816166 DTXSID40223857 DTXSID10705918 DTXSID50344249
DTXSID40782439	DTXSID00749265 DTXSID30418639 DTXSID50819321 DTXSID50709551 DTXSID30612519 DTXSID50354888 DTXSID10828494 DTXSID7044689 DTXSID40200729 DTXSID80405074 DTXSID20522552 DTXSID80789447 DTXSID20581402 DTXSID90762589 DTXSID00613750 DTXSID50742746 DTXSID00603530 DTXSID60460080 DTXSID90832034 DTXSID40374510
DTXSID50557377	DTXSID30408732 DTXSID60472608 DTXSID80564074 DTXSID10749731 DTXSID0025442 DTXSID20345824 DTXSID60575966 DTXSID90163931 DTXSID80819157 DTXSID50768289 DTXSID70768221 DTXSID70879341 DTXSID00739348 DTXSID00375361 DTXSID10619203 DTXSID90330949 DTXSID70599254 DTXSID60642107 DTXSID6061604 DTXSID20694627
DTXSID80287832	DTXSID50668230 DTXSID50696336 DTXSID50724466 DTXSID2040280 DTXSID80484561 DTXSID2026602 DTXSID10852996 DTXSID50733073 DTXSID40440103 DTXSID00719160 DTXSID5052387 DTXSID70433583 DTXSID60658369 DTXSID70582525 DTXSID90705799 DTXSID60806661 DTXSID40209676 DTXSID20502450 DTXSID90833162 DTXSID20877337
DTXSID70511118	DTXSID70377413 DTXSID40711481 DTXSID90380868 DTXSID10652953 DTXSID10618478 DTXSID90325830 DTXSID10143472 DTXSID20384137 DTXSID70214273 DTXSID7073771 DTXSID00338355 DTXSID30694618 DTXSID50660254 DTXSID70666536 DTXSID60784278 DTXSID10177934 DTXSID30661047 DTXSID70640932 DTXSID50187552 DTXSID30816914
DTXSID10772064	DTXSID50618790 DTXSID10511778 DTXSID60544819 DTXSID40750774 DTXSID60278708 DTXSID90408415 DTXSID90329050 DTXSID40876463 DTXSID00512653 DTXSID30843725 DTXSID30219385 DTXSID20738797 DTXSID40420561 DTXSID70317253 DTXSID80588154 DTXSID40821059 DTXSID00730234 DTXSID60537100 DTXSID00755947 DTXSID20493056
DTXSID7069023	DTXSID10191478 DTXSID50341511 DTXSID90390604 DTXSID20211873 DTXSID80357468 DTXSID70283000 DTXSID40382796 DTXSID70765391 DTXSID00587583 DTXSID90833162 DTXSID70143731 DTXSID80484561 DTXSID70176408 DTXSID70751971 DTXSID50847088 DTXSID2058122 DTXSID80781800 DTXSID90463827 DTXSID10808413 DTXSID20299055
DTXSID10224533	DTXSID80613192 DTXSID90597717 DTXSID70326042 DTXSID50214857 DTXSID70300064 DTXSID60187083 DTXSID50366168 DTXSID70667604 DTXSID30843644 DTXSID80613172 DTXSID10342286 DTXSID60284925 DTXSID20708955 DTXSID80656180 DTXSID20325065 DTXSID50304707 DTXSID60305467 DTXSID00730012 DTXSID00731302 DTXSID80552613
DTXSID20568637	DTXSID20727989 DTXSID80570918 DTXSID30382301 DTXSID60427855 DTXSID60669213 DTXSID40454942 DTXSID30631402 DTXSID20326638 DTXSID90540400 DTXSID20349685 DTXSID8041323 DTXSID90622492 DTXSID30618253 DTXSID2047016 DTXSID90462572 DTXSID30672032 DTXSID80549528 DTXSID20212022 DTXSID60473115 DTXSID90831284
DTXSID20369429	DTXSID10555091 DTXSID80355863 DTXSID90547797 DTXSID00462684 DTXSID60635458 DTXSID40793823 DTXSID20212022 DTXSID60646342 DTXSID00181464 DTXSID2047016 DTXSID20363508 DTXSID70165236 DTXSID6041769 DTXSID50704788 DTXSID00287899 DTXSID90462572 DTXSID60722099 DTXSID30313635 DTXSID30309654 DTXSID00382030
DTXSID90808911	DTXSID80562398 DTXSID50731357 DTXSID70888756 DTXSID70396402 DTXSID70535950 DTXSID20876603 DTXSID20538830 DTXSID50654936 DTXSID30235823 DTXSID70717870 DTXSID90778569 DTXSID10322225 DTXSID00649599 DTXSID10669723 DTXSID10694474 DTXSID00403214 DTXSID40677331 DTXSID90328740 DTXSID00606586 DTXSID80534575
DTXSID00571028	DTXSID9068742 DTXSID70712704 DTXSID70400336 DTXSID20590216 DTXSID10364706 DTXSID30828991 DTXSID80346776 DTXSID5066748 DTXSID80407917 DTXSID10708267 DTXSID20314595 DTXSID40762559 DTXSID40589445 DTXSID90427267 DTXSID40144179 DTXSID50818117 DTXSID00701489 DTXSID00604284 DTXSID60674125 DTXSID50381795
DTXSID20232129	DTXSID10696352 DTXSID00284580 DTXSID70385937 DTXSID80175902 DTXSID20145164 DTXSID90353299 DTXSID50582785 DTXSID00451331 DTXSID00443175 DTXSID40393089 DTXSID00532750 DTXSID10371410 DTXSID20881333 DTXSID70615746 DTXSID70395778 DTXSID60429672 DTXSID20392196 DTXSID90371170 DTXSID20296241 DTXSID10760229
DTXSID30459729	DTXSID40372051 DTXSID90721373 DTXSID20547326 DTXSID00557044 DTXSID40453450 DTXSID30577331 DTXSID90707556 DTXSID20629590 DTXSID20578539 DTXSID00657250 DTXSID60184870 DTXSID7046388 DTXSID60372553 DTXSID60665472 DTXSID80350737 DTXSID30642230 DTXSID10642192 DTXSID80463452 DTXSID80604328 DTXSID00452045
DTXSID50863142	DTXSID00390958 DTXSID10371591 DTXSID40190474 DTXSID80343528 DTXSID00774294 DTXSID80360679 DTXSID70562589 DTXSID50681601 DTXSID50603343 DTXSID8036653 DTXSID80834981 DTXSID20321380 DTXSID20822403 DTXSID50404554 DTXSID30818579 DTXSID90730243 DTXSID90440991 DTXSID90306129 DTXSID90527650 DTXSID60876066
DTXSID80561785	DTXSID90204035 DTXSID30681826 DTXSID80525382 DTXSID60332177 DTXSID10606431 DTXSID80724191 DTXSID80632282 DTXSID50228333 DTXSID30625841 DTXSID70774685 DTXSID50210571 DTXSID60170258 DTXSID70365476 DTXSID30378406 DTXSID20391366 DTXSID80226706 DTXSID50171214 DTXSID80408227 DTXSID40418766 DTXSID80603790
DTXSID3058371	DTXSID70629186 DTXSID8070542 DTXSID00813839 DTXSID00606627 DTXSID80763489 DTXSID20278103 DTXSID00590557 DTXSID50738063 DTXSID80765726 DTXSID70505355 DTXSID20280680 DTXSID10277564 DTXSID20364550 DTXSID00876525 DTXSID70479168 DTXSID50605327 DTXSID10482090 DTXSID50851009 DTXSID60838245 DTXSID70579435
DTXSID40821998	DTXSID80799980 DTXSID70317677 DTXSID40238805 DTXSID90585831 DTXSID30558746 DTXSID00284505 DTXSID60196817 DTXSID80554975 DTXSID80533624 DTXSID90877561 DTXSID50642050 DTXSID70487026 DTXSID70223906 DTXSID30466877 DTXSID20503528 DTXSID20344438 DTXSID70366685 DTXSID30652637 DTXSID40453516 DTXSID90707511
DTXSID60522556	DTXSID00621052 DTXSID80493395 DTXSID70651442 DTXSID10240733 DTXSID10508168 DTXSID80629657 DTXSID30181735 DTXSID60496400 DTXSID50448771 DTXSID40488742 DTXSID70508063 DTXSID90559138 DTXSID70346129 DTXSID00385925 DTXSID30456915 DTXSID90602370 DTXSID10475568 DTXSID10421101 DTXSID40532931 DTXSID20323440
DTXSID50309898	DTXSID40795620 DTXSID90769098 DTXSID20337941 DTXSID40781609 DTXSID40334755 DTXSID10591237 DTXSID60232926 DTXSID00227472 DTXSID80824408 DTXSID70840778 DTXSID60775181 DTXSID60854566 DTXSID10579631 DTXSID00637274 DTXSID60627272 DTXSID90610016 DTXSID20793129 DTXSID20627273 DTXSID80625518 DTXSID40604041
DTXSID30763535	DTXSID20163666 DTXSID30831682 DTXSID40828008 DTXSID00301524 DTXSID80708279 DTXSID80773745 DTXSID40304615 DTXSID30707813 DTXSID80768373 DTXSID00804166 DTXSID70570841 DTXSID30821189 DTXSID40220346 DTXSID00160890 DTXSID10808413 DTXSID90706463 DTXSID10510241 DTXSID80781800 DTXSID90591033 DTXSID20447413
DTXSID60299094	DTXSID40352676 DTXSID70665004 DTXSID10313537 DTXSID20460561 DTXSID30321194 DTXSID70593353 DTXSID70291064 DTXSID60173527 DTXSID10513631 DTXSID60305467 DTXSID30176383 DTXSID90788820 DTXSID00371969 DTXSID60545866 DTXSID90434618 DTXSID70780645 DTXSID80597680 DTXSID40657259 DTXSID10840459 DTXSID20441052
DTXSID70694495	DTXSID30493143 DTXSID30701937 DTXSID00755240 DTXSID80449453 DTXSID60179988 DTXSID20682347 DTXSID10359354 DTXSID80595247 DTXSID80811237 DTXSID30431606 DTXSID80729803 DTXSID10471782 DTXSID90707096 DTXSID10289521 DTXSID60649297 DTXSID90706640 DTXSID00706676 DTXSID20796933 DTXSID50657063 DTXSID50552842
DTXSID10459469	DTXSID80661557 DTXSID50713451 DTXSID40430408 DTXSID70191530 DTXSID40552573 DTXSID30383914 DTXSID40180118 DTXSID30618773 DTXSID70737457 DTXSID00570430 DTXSID10708141 DTXSID90530760 DTXSID50808356 DTXSID00503940 DTXSID10630059 DTXSID80230045 DTXSID20776795 DTXSID80588154 DTXSID60537100 DTXSID40420561
DTXSID50425244	DTXSID40757268 DTXSID00735784 DTXSID50290212 DTXSID10641428 DTXSID40835055 DTXSID10676997 DTXSID70300165 DTXSID30671565 DTXSID30395714 DTXSID40610364 DTXSID50447744 DTXSID90223180 DTXSID70645886 DTXSID40641294 DTXSID40606782 DTXSID60290586 DTXSID00641295 DTXSID90799633 DTXSID70891442 DTXSID10144424
DTXSID20492625	DTXSID40667575 DTXSID5059296 DTXSID50221364 DTXSID00338097 DTXSID30628054 DTXSID20728537 DTXSID60343788 DTXSID70733212 DTXSID70551236 DTXSID50561439 DTXSID20339268 DTXSID90738966 DTXSID80696420 DTXSID20464706 DTXSID60876905 DTXSID30782327 DTXSID00448923 DTXSID90642514 DTXSID80485139 DTXSID3059268
DTXSID50624417	DTXSID30876912 DTXSID10180100 DTXSID00199488 DTXSID60369483 DTXSID20656442 DTXSID50560644 DTXSID20903968 DTXSID90695126 DTXSID60831579 DTXSID10806994 DTXSID40278201 DTXSID00412780 DTXSID90876933 DTXSID00514773 DTXSID60693876 DTXSID80369485 DTXSID10675349 DTXSID10347554 DTXSID3042269 DTXSID00493059
DTXSID80633077	DTXSID70768463 DTXSID90462032 DTXSID90379515 DTXSID60482060 DTXSID30624172 DTXSID20599643 DTXSID10561314 DTXSID50518867 DTXSID90557811 DTXSID10633489 DTXSID00727482 DTXSID00531006 DTXSID80595505 DTXSID70177915 DTXSID40192433 DTXSID10530126 DTXSID70879422 DTXSID50507099 DTXSID40756655 DTXSID10845828
DTXSID60562356	DTXSID60187922 DTXSID20452729 DTXSID90749597 DTXSID40845472 DTXSID00484725 DTXSID50590188 DTXSID20759801 DTXSID60471338 DTXSID40427651 DTXSID40530477 DTXSID60590477 DTXSID80348831 DTXSID30346347 DTXSID80437991 DTXSID90239443 DTXSID60467599 DTXSID00377486 DTXSID40856366 DTXSID70326108 DTXSID30663369
DTXSID30528282	DTXSID80789543 DTXSID6063226 DTXSID60325842 DTXSID80553504 DTXSID30316929 DTXSID10337657 DTXSID60850189 DTXSID80798099 DTXSID1068807 DTXSID70327857 DTXSID10418177 DTXSID30451107 DTXSID30550028 DTXSID40534975 DTXSID40771787 DTXSID40781063 DTXSID10797611 DTXSID80873118 DTXSID90772825 DTXSID30433605
DTXSID90547999	DTXSID40191426 DTXSID20616925 DTXSID60307320 DTXSID00865494 DTXSID70651144 DTXSID60146276 DTXSID50306004 DTXSID00559245 DTXSID80342814 DTXSID10338109 DTXSID40522559 DTXSID70447645 DTXSID20891139 DTXSID90577938 DTXSID10201521 DTXSID30181371 DTXSID00394330 DTXSID30389638 DTXSID30407987 DTXSID90324363
DTXSID80675972	DTXSID30788844 DTXSID70610372 DTXSID10276198 DTXSID80850904 DTXSID40392491 DTXSID40767105 DTXSID60886903 DTXSID50561257 DTXSID00190516 DTXSID90345331 DTXSID70801127 DTXSID40733941 DTXSID30795831 DTXSID50302465 DTXSID00592430 DTXSID50198623 DTXSID50561575 DTXSID50217121 DTXSID30173539 DTXSID10401781
DTXSID50653984	DTXSID40674047 DTXSID30560844 DTXSID80783400 DTXSID60796033 DTXSID30520463 DTXSID10673926 DTXSID50290732 DTXSID50888532 DTXSID70737932 DTXSID10479400 DTXSID30497308 DTXSID90401769 DTXSID10772044 DTXSID20392636 DTXSID00173001 DTXSID70531250 DTXSID20826289 DTXSID60522172 DTXSID30612413 DTXSID7041966
DTXSID90462936	DTXSID00411738 DTXSID80440647 DTXSID10198205 DTXSID40334275 DTXSID90442410 DTXSID60725101 DTXSID00669479 DTXSID00839751 DTXSID20398810 DTXSID50635285 DTXSID40758917 DTXSID1058006 DTXSID50406932 DTXSID50190021 DTXSID10471666 DTXSID70226290 DTXSID60340974 DTXSID80279919 DTXSID70315971 DTXSID00610163
DTXSID60842948	DTXSID00151203 DTXSID30896094 DTXSID70827923 DTXSID40640585 DTXSID30551237 DTXSID00748632 DTXSID70303818 DTXSID30476911 DTXSID80232569 DTXSID20488649 DTXSID80736431 DTXSID80478263 DTXSID50488652 DTXSID50401306 DTXSID70599113 DTXSID00697494 DTXSID30662877 DTXSID60160179 DTXSID80778154 DTXSID20279130
DTXSID60564971	DTXSID10792868 DTXSID50700765 DTXSID80206088 DTXSID40828260 DTXSID9057979 DTXSID40530558 DTXSID10403003 DTXSID20707605 DTXSID90398908 DTXSID80555467 DTXSID10756521 DTXSID00386154 DTXSID70297561 DTXSID2073720 DTXSID80385786 DTXSID10784768 DTXSID70876815 DTXSID90459821 DTXSID40161482 DTXSID30421648
DTXSID10383811	DTXSID30519731 DTXSID00196871 DTXSID90333915 DTXSID00348297 DTXSID40628489 DTXSID30180824 DTXSID10278874 DTXSID30359270 DTXSID40463534 DTXSID00835551 DTXSID50354368 DTXSID70457502 DTXSID20361488 DTXSID80686346 DTXSID20372933 DTXSID10280790 DTXSID80628382 DTXSID40313489 DTXSID80733804 DTXSID10454010
DTXSID10580202	DTXSID60611176 DTXSID00604709 DTXSID00834226 DTXSID10607125 DTXSID40677396 DTXSID60489953 DTXSID70325651 DTXSID00675171 DTXSID60827513 DTXSID20660362 DTXSID50887924 DTXSID90203164 DTXSID90160344 DTXSID30675361 DTXSID70884657 DTXSID30616532 DTXSID70568465 DTXSID90310261 DTXSID50385172 DTXSID50154805
DTXSID60545866	DTXSID90434618 DTXSID60305467 DTXSID70834910 DTXSID10739596 DTXSID70593353 DTXSID20441052 DTXSID70300064 DTXSID70326042 DTXSID50214857 DTXSID60284925 DTXSID10342286 DTXSID70665004 DTXSID20460561 DTXSID40513644 DTXSID00551229 DTXSID70780645 DTXSID40657259 DTXSID50565290 DTXSID30176383 DTXSID70392328
DTXSID50228318	DTXSID10395035 DTXSID40820466 DTXSID00309808 DTXSID00846581 DTXSID80724015 DTXSID10659285 DTXSID60556013 DTXSID90434118 DTXSID30423703 DTXSID50596246 DTXSID40405636 DTXSID10805306 DTXSID10879320 DTXSID10292499 DTXSID00606980 DTXSID90666452 DTXSID30588240 DTXSID70238095 DTXSID00242185 DTXSID60317383
DTXSID50213486	DTXSID80535885 DTXSID20297238 DTXSID50186787 DTXSID20823753 DTXSID70659620 DTXSID10729917 DTXSID90771979 DTXSID10400618 DTXSID20390738 DTXSID50768183 DTXSID60791689 DTXSID30673827 DTXSID80356693 DTXSID20386156 DTXSID80503882 DTXSID30546042 DTXSID20747682 DTXSID70388024 DTXSID20389647 DTXSID60633636
DTXSID80431853	DTXSID60299079 DTXSID50415004 DTXSID90791516 DTXSID00789368 DTXSID30667342 DTXSID90150427 DTXSID30739694 DTXSID30650077 DTXSID70459804 DTXSID00628521 DTXSID80726913 DTXSID70419145 DTXSID30535875 DTXSID70427821 DTXSID10221724 DTXSID00491272 DTXSID00658469 DTXSID80561462 DTXSID40797841 DTXSID60836802
DTXSID80708592	DTXSID00388350 DTXSID30698318 DTXSID10326081 DTXSID60370650 DTXSID00418328 DTXSID10736227 DTXSID80606589 DTXSID80543965 DTXSID20549406 DTXSID20417717 DTXSID10744428 DTXSID30319213 DTXSID20766015 DTXSID40473991 DTXSID60540119 DTXSID90474372 DTXSID40393084 DTXSID40879717 DTXSID60407293 DTXSID20362990
DTXSID70571398	DTXSID90171839 DTXSID20501903 DTXSID90231780 DTXSID20408963 DTXSID60437131 DTXSID10845828 DTXSID00791224 DTXSID70201941 DTXSID60621250 DTXSID30398023 DTXSID30634539 DTXSID10221340 DTXSID20365502 DTXSID40595309 DTXSID80407179 DTXSID50287864 DTXSID50179351 DTXSID20513824 DTXSID70879422 DTXSID80209251
DTXSID40845078	DTXSID90408410 DTXSID40162656 DTXSID40788759 DTXSID30276372 DTXSID10182063 DTXSID80827696 DTXSID00483556 DTXSID80221599 DTXSID50703690 DTXSID50743394 DTXSID00461576 DTXSID50479863 DTXSID20197946 DTXSID30748463 DTXSID40721429 DTXSID70341755 DTXSID90573197 DTXSID70782987 DTXSID60519461 DTXSID50614151
DTXSID20291539	DTXSID80501489 DTXSID40191264 DTXSID90461989 DTXSID20486403 DTXSID10561854 DTXSID50824718 DTXSID20654822 DTXSID50464411 DTXSID10375019 DTXSID80439197 DTXSID70744909 DTXSID00365924 DTXSID50483384 DTXSID60199601 DTXSID70211469 DTXSID20285377 DTXSID10498176 DTXSID60168776 DTXSID70504686 DTXSID30638613
DTXSID30813064	DTXSID20765967 DTXSID10738281 DTXSID80492267 DTXSID70786945 DTXSID10592128 DTXSID80552597 DTXSID10577213 DTXSID40494464 DTXSID6052039 DTXSID10771512 DTXSID30800590 DTXSID80204468 DTXSID30503079 DTXSID30782408 DTXSID50144802 DTXSID7071024 DTXSID30514509 DTXSID10834934 DTXSID30845542 DTXSID10655964
DTXSID60645870	DTXSID80771185 DTXSID30489046 DTXSID20496764 DTXSID80196374 DTXSID70876537 DTXSID10454318 DTXSID90326600 DTXSID90211683 DTXSID50625101 DTXSID80744117 DTXSID20482041 DTXSID90201286 DTXSID70724044 DTXSID1068229 DTXSID50586107 DTXSID10728667 DTXSID60671492 DTXSID80338176 DTXSID90486990 DTXSID10493989
DTXSID10612693	DTXSID90373750 DTXSID20846260 DTXSID50325992 DTXSID70315976 DTXSID20620805 DTXSID10380986 DTXSID70735498 DTXSID60743643 DTXSID60774114 DTXSID80648005 DTXSID40589748 DTXSID50286771 DTXSID70811307 DTXSID90276479 DTXSID60744413 DTXSID70594608 DTXSID80744470 DTXSID30600355 DTXSID80722112 DTXSID80612226
DTXSID20207695	DTXSID40726878 DTXSID10459065 DTXSID80570155 DTXSID80663551 DTXSID50593492 DTXSID20549264 DTXSID10518525 DTXSID10296831 DTXSID40293717 DTXSID10287204 DTXSID80181487 DTXSID80208966 DTXSID30662913 DTXSID50533277 DTXSID90473567 DTXSID20467313 DTXSID50366244 DTXSID30609247 DTXSID30599710 DTXSID40388879
DTXSID70662836	DTXSID50570960 DTXSID10556543 DTXSID80665479 DTXSID50154325 DTXSID70428934 DTXSID10618094 DTXSID60293931 DTXSID70579652 DTXSID30797451 DTXSID30713434 DTXSID20616804 DTXSID60618206 DTXSID00165648 DTXSID00431456 DTXSID10294832 DTXSID00326035 DTXSID10448358 DTXSID90722587 DTXSID40681493 DTXSID90747351
DTXSID50351190	DTXSID00482887 DTXSID50474035 DTXSID40777906 DTXSID10478731 DTXSID40508237 DTXSID90648819 DTXSID50588202 DTXSID50188105 DTXSID50145874 DTXSID50345892 DTXSID60731106 DTXSID80562318 DTXSID50627165 DTXSID90725351 DTXSID60624024 DTXSID80650769 DTXSID80656847 DTXSID10422234 DTXSID40646269 DTXSID30735590
DTXSID20774958	DTXSID50345554 DTXSID90473522 DTXSID50399370 DTXSID80791282 DTXSID00341086 DTXSID20562958 DTXSID40415492 DTXSID70514624 DTXSID30410198 DTXSID60681854 DTXSID60710239 DTXSID80181826 DTXSID90349172 DTXSID00343681 DTXSID00596812 DTXSID40311824 DTXSID30447287 DTXSID80369369 DTXSID00374536 DTXSID50281226
DTXSID30275143	DTXSID70180323 DTXSID80458641 DTXSID60807198 DTXSID30606195 DTXSID30180309 DTXSID10343415 DTXSID40663259 DTXSID10614374 DTXSID80819157 DTXSID10594329 DTXSID70290799 DTXSID70599254 DTXSID70768221 DTXSID20472346 DTXSID90437447 DTXSID10705317 DTXSID30614917 DTXSID10189517 DTXSID90703659 DTXSID20652828
DTXSID30148863	DTXSID40148874 DTXSID30815164 DTXSID00866926 DTXSID7072337 DTXSID20783666 DTXSID40662500 DTXSID00886881 DTXSID50469188 DTXSID20817531 DTXSID10448196 DTXSID20514871 DTXSID30192063 DTXSID50214771 DTXSID90723953 DTXSID40637430 DTXSID20336777 DTXSID90278413 DTXSID10403184 DTXSID60433259 DTXSID50816451
DTXSID50697207	DTXSID10471025 DTXSID70185176 DTXSID9068409 DTXSID30876674 DTXSID00617930 DTXSID9064007 DTXSID50227583 DTXSID30856991 DTXSID10430157 DTXSID00402085 DTXSID50408638 DTXSID40879338 DTXSID50412755 DTXSID90626596 DTXSID70287543 DTXSID10503052 DTXSID20277075 DTXSID80465693 DTXSID20646803 DTXSID80601317
DTXSID30460875	DTXSID1066786 DTXSID90407241 DTXSID10170304 DTXSID10316184 DTXSID70734123 DTXSID90623222 DTXSID30635122 DTXSID90443664 DTXSID30760367 DTXSID00837035 DTXSID60514936 DTXSID30418073 DTXSID00421433 DTXSID30585375 DTXSID20380033 DTXSID70513854 DTXSID20403231 DTXSID20336196 DTXSID80155062 DTXSID40706150
DTXSID70827923	DTXSID40640585 DTXSID30551237 DTXSID80478263 DTXSID70303818 DTXSID60842948 DTXSID00151203 DTXSID50401306 DTXSID30662877 DTXSID30476911 DTXSID00697494 DTXSID50488652 DTXSID30896094 DTXSID10818850 DTXSID80232569 DTXSID20488649 DTXSID80736431 DTXSID00748632 DTXSID50538646 DTXSID10228319 DTXSID10896254
DTXSID60175329	DTXSID50579352 DTXSID60432868 DTXSID00651930 DTXSID20801152 DTXSID00743021 DTXSID80635894 DTXSID20732598 DTXSID70509131 DTXSID90707415 DTXSID80743286 DTXSID00464688 DTXSID60447573 DTXSID40396010 DTXSID8046791 DTXSID20627495 DTXSID50428912 DTXSID40143485 DTXSID50425022 DTXSID10174882 DTXSID60403199
DTXSID60805391	DTXSID00751005 DTXSID00890342 DTXSID00494167 DTXSID40585765 DTXSID60446566 DTXSID30237408 DTXSID30874256 DTXSID20673937 DTXSID00620621 DTXSID10364903 DTXSID30318408 DTXSID80633850 DTXSID80320551 DTXSID40214245 DTXSID20805392 DTXSID30677421 DTXSID40760656 DTXSID40299936 DTXSID50160901 DTXSID90412517
DTXSID70489803	DTXSID60671114 DTXSID90331274 DTXSID90419162 DTXSID80626883 DTXSID00622620 DTXSID20646308 DTXSID80293478 DTXSID60695037 DTXSID60592557 DTXSID40407716 DTXSID90539399 DTXSID90646895 DTXSID90613289 DTXSID80482123 DTXSID20382350 DTXSID50170020 DTXSID80626181 DTXSID90625943 DTXSID20580753 DTXSID80573368
DTXSID40608761	DTXSID70381358 DTXSID40543961 DTXSID70709755 DTXSID20874164 DTXSID50505434 DTXSID00521083 DTXSID10297702 DTXSID70394983 DTXSID00481577 DTXSID50679149 DTXSID90814719 DTXSID10790682 DTXSID60707962 DTXSID50616039 DTXSID80610161 DTXSID00484361 DTXSID00745404 DTXSID10596242 DTXSID50312665 DTXSID70826658
DTXSID90406638	DTXSID00409610 DTXSID90666871 DTXSID50816779 DTXSID40532931 DTXSID80800126 DTXSID40289256 DTXSID90334321 DTXSID40144790 DTXSID50621542 DTXSID80346155 DTXSID80629657 DTXSID20475594 DTXSID30341251 DTXSID40606005 DTXSID50196109 DTXSID90602370 DTXSID90509850 DTXSID80774393 DTXSID70499967 DTXSID30823264
DTXSID10744428	DTXSID30319213 DTXSID10426696 DTXSID00418328 DTXSID80606589 DTXSID20766015 DTXSID30618435 DTXSID80708592 DTXSID20362990 DTXSID40393084 DTXSID00294381 DTXSID70711550 DTXSID10326081 DTXSID20549406 DTXSID30698318 DTXSID60392019 DTXSID00388350 DTXSID00465372 DTXSID40473991 DTXSID80543965 DTXSID60370650
DTXSID60383684	DTXSID10694595 DTXSID30646571 DTXSID00307642 DTXSID40432169 DTXSID70350302 DTXSID10427320 DTXSID40390270 DTXSID50283447 DTXSID70578549 DTXSID90162424 DTXSID70665448 DTXSID00646629 DTXSID10298976 DTXSID80428006 DTXSID60646347 DTXSID60610700 DTXSID80381501 DTXSID20436221 DTXSID90594246 DTXSID00736695
DTXSID70672475	DTXSID70736561 DTXSID50638155 DTXSID30645342 DTXSID40279359 DTXSID80664260 DTXSID80451430 DTXSID70283207 DTXSID10219323 DTXSID30389739 DTXSID80679632 DTXSID70320828 DTXSID20542811 DTXSID50186702 DTXSID80514418 DTXSID70607621 DTXSID20876264 DTXSID1072260 DTXSID10174761 DTXSID50310126 DTXSID70704543
DTXSID70275501	DTXSID80434162 DTXSID60451392 DTXSID70557910 DTXSID00651450 DTXSID80509708 DTXSID20609170 DTXSID00667551 DTXSID2072881 DTXSID60327528 DTXSID40334154 DTXSID40384679 DTXSID00186010 DTXSID90346101 DTXSID30578828 DTXSID20579586 DTXSID80464368 DTXSID30489122 DTXSID7051686 DTXSID10452955 DTXSID00391061
DTXSID20479512	DTXSID50187390 DTXSID10489948 DTXSID00358154 DTXSID50363339 DTXSID40378694 DTXSID30617640 DTXSID60402369 DTXSID20803419 DTXSID00323882 DTXSID10563075 DTXSID50457540 DTXSID40365761 DTXSID90667540 DTXSID90616912 DTXSID80876684 DTXSID90829020 DTXSID40724415 DTXSID70158284 DTXSID00303922 DTXSID10345757
DTXSID50337419	DTXSID60487010 DTXSID8069565 DTXSID30596401 DTXSID60704259 DTXSID40507649 DTXSID00484583 DTXSID90480958 DTXSID50639965 DTXSID60651597 DTXSID90579073 DTXSID50778606 DTXSID70641909 DTXSID50556143 DTXSID4067771 DTXSID40543204 DTXSID20678220 DTXSID80228265 DTXSID30382886 DTXSID10637523 DTXSID70491845
DTXSID70762224	DTXSID00787167 DTXSID70562488 DTXSID90275088 DTXSID30451647 DTXSID70532929 DTXSID90778665 DTXSID40181084 DTXSID00170095 DTXSID00290247 DTXSID70286738 DTXSID50816158 DTXSID40439936 DTXSID90470157 DTXSID20173321 DTXSID50778843 DTXSID90816713 DTXSID10338821 DTXSID70799712 DTXSID2022127 DTXSID00442688
DTXSID60437131	DTXSID90171839 DTXSID50287864 DTXSID20408963 DTXSID30634539 DTXSID10221340 DTXSID70571398 DTXSID90231780 DTXSID10845828 DTXSID30398023 DTXSID20513824 DTXSID70446895 DTXSID10633489 DTXSID00791224 DTXSID20501903 DTXSID40756655 DTXSID80209251 DTXSID10765572 DTXSID20365502 DTXSID10530126 DTXSID20673533
DTXSID40373523	DTXSID10314887 DTXSID30434995 DTXSID00145682 DTXSID80424169 DTXSID00541322 DTXSID90894031 DTXSID50735552 DTXSID60823116 DTXSID20625113 DTXSID50728580 DTXSID00699594 DTXSID70788843 DTXSID50275968 DTXSID0047088 DTXSID70156705 DTXSID70876870 DTXSID80352251 DTXSID50793213 DTXSID80443759 DTXSID80756235
DTXSID80885913	DTXSID10767637 DTXSID10587852 DTXSID20630964 DTXSID20604387 DTXSID00275099 DTXSID10605045 DTXSID90674855 DTXSID50798425 DTXSID80506131 DTXSID50170787 DTXSID10880678 DTXSID10391618 DTXSID70565833 DTXSID7068001 DTXSID50693663 DTXSID60749342 DTXSID50528269 DTXSID90530942 DTXSID90816733 DTXSID70822711
DTXSID10292631	DTXSID40852060 DTXSID30886990 DTXSID70716782 DTXSID70675345 DTXSID80830084 DTXSID80241717 DTXSID20159342 DTXSID70639043 DTXSID40406623 DTXSID50436936 DTXSID30563198 DTXSID30479306 DTXSID20481099 DTXSID90424554 DTXSID20798912 DTXSID70808616 DTXSID50853381 DTXSID10811083 DTXSID00341268 DTXSID10771512
DTXSID20739168	DTXSID10167254 DTXSID90501470 DTXSID90694952 DTXSID70618696 DTXSID50478058 DTXSID70309077 DTXSID70431468 DTXSID4068533 DTXSID20170274 DTXSID20600723 DTXSID70614779 DTXSID90819865 DTXSID40530331 DTXSID90708402 DTXSID90843903 DTXSID70383670 DTXSID50738568 DTXSID00403279 DTXSID40751706 DTXSID20409415
DTXSID60191488	DTXSID00707845 DTXSID80768252 DTXSID30578202 DTXSID80284205 DTXSID60561925 DTXSID80821492 DTXSID80752378 DTXSID60730634 DTXSID8070960 DTXSID60243779 DTXSID10648912 DTXSID70274817 DTXSID70243780 DTXSID80237610 DTXSID70317990 DTXSID30593753 DTXSID10677181 DTXSID50724507 DTXSID40880500 DTXSID30694012
DTXSID70538027	DTXSID80590055 DTXSID20308030 DTXSID40507301 DTXSID00620020 DTXSID90801907 DTXSID90562627 DTXSID60797262 DTXSID10360203 DTXSID30787998 DTXSID60614763 DTXSID60172398 DTXSID40186832 DTXSID00175141 DTXSID70622516 DTXSID50749917 DTXSID70642537 DTXSID70696934 DTXSID90374489 DTXSID40588251 DTXSID60337187
DTXSID20654822	DTXSID00365924 DTXSID10561854 DTXSID20573226 DTXSID70211469 DTXSID80501489 DTXSID20291539 DTXSID60526594 DTXSID60168776 DTXSID40630906 DTXSID40191264 DTXSID10661161 DTXSID10375019 DTXSID90461989 DTXSID70741539 DTXSID00566171 DTXSID40563927 DTXSID50572621 DTXSID90396484 DTXSID30344146 DTXSID20486403
DTXSID70453201	DTXSID50632714 DTXSID50198300 DTXSID00816986 DTXSID60468920 DTXSID50175070 DTXSID60658541 DTXSID30809604 DTXSID40187066 DTXSID60240440 DTXSID70799737 DTXSID40815736 DTXSID30538700 DTXSID60659735 DTXSID70564664 DTXSID20624146 DTXSID50783538 DTXSID20604342 DTXSID90560906 DTXSID20432905 DTXSID00786099
DTXSID90300667	DTXSID60524373 DTXSID80640544 DTXSID60318532 DTXSID00362579 DTXSID00393560 DTXSID40207819 DTXSID3068126 DTXSID30395390 DTXSID60621912 DTXSID10363552 DTXSID70480092 DTXSID70602333 DTXSID80810068 DTXSID0058514 DTXSID00895933 DTXSID30671560 DTXSID90733219 DTXSID10597653 DTXSID40454326 DTXSID20277151
DTXSID10672792	DTXSID40415679 DTXSID60325125 DTXSID20465495 DTXSID80558271 DTXSID50681040 DTXSID80279131 DTXSID90313636 DTXSID90783198 DTXSID00462982 DTXSID30176540 DTXSID80631275 DTXSID40194558 DTXSID60707765 DTXSID90445805 DTXSID50662359 DTXSID90794320 DTXSID80190337 DTXSID40617934 DTXSID90402498 DTXSID60143023
DTXSID80674147	DTXSID10327533 DTXSID30524481 DTXSID60590538 DTXSID00209354 DTXSID20818982 DTXSID40526577 DTXSID50487822 DTXSID70766141 DTXSID80369228 DTXSID70531472 DTXSID80223154 DTXSID80435412 DTXSID80603654 DTXSID60676942 DTXSID20639957 DTXSID60377861 DTXSID10856030 DTXSID40487235 DTXSID70678311 DTXSID20522476
DTXSID90825769	DTXSID40819113 DTXSID80438847 DTXSID50283144 DTXSID60286207 DTXSID20718317 DTXSID00311481 DTXSID10361215 DTXSID10426979 DTXSID3063045 DTXSID00372673 DTXSID70883463 DTXSID20278062 DTXSID20222383 DTXSID20362556 DTXSID70589594 DTXSID90564686 DTXSID50308280 DTXSID40358815 DTXSID50681000 DTXSID50545799
DTXSID50571472	DTXSID30199118 DTXSID80206947 DTXSID70377711 DTXSID30194385 DTXSID60179903 DTXSID20895511 DTXSID20797460 DTXSID20508230 DTXSID80464787 DTXSID40824282 DTXSID70483129 DTXSID80345264 DTXSID10609068 DTXSID10560827 DTXSID70561315 DTXSID80596936 DTXSID90187117 DTXSID30583679 DTXSID70548464 DTXSID50493443
DTXSID50473568	DTXSID60535000 DTXSID90753952 DTXSID80336298 DTXSID00377461 DTXSID90712105 DTXSID50487988 DTXSID40345927 DTXSID90640611 DTXSID70337855 DTXSID50856377 DTXSID40571527 DTXSID40637874 DTXSID60620389 DTXSID60307108 DTXSID5073666 DTXSID20677995 DTXSID30830751 DTXSID60739460 DTXSID30378209 DTXSID90591795
DTXSID30368600	DTXSID10151971 DTXSID70592765 DTXSID80640529 DTXSID70610039 DTXSID20502738 DTXSID30428374 DTXSID70474259 DTXSID90811162 DTXSID80143040 DTXSID40351780 DTXSID10277524 DTXSID20327483 DTXSID20539948 DTXSID80774196 DTXSID00480989 DTXSID10680650 DTXSID70523034 DTXSID40717822 DTXSID00567961 DTXSID40280980
DTXSID20453519	DTXSID90805965 DTXSID80241550 DTXSID80856784 DTXSID80640322 DTXSID50421640 DTXSID10515256 DTXSID50650796 DTXSID50454695 DTXSID80480689 DTXSID40822687 DTXSID30392965 DTXSID20566476 DTXSID30634231 DTXSID50552024 DTXSID80611310 DTXSID10659745 DTXSID70444013 DTXSID10544889 DTXSID20579647 DTXSID50458315
DTXSID90398428	DTXSID30867724 DTXSID90797093 DTXSID50798187 DTXSID60795809 DTXSID20442807 DTXSID90339654 DTXSID70670234 DTXSID10877629 DTXSID20370398 DTXSID6048888 DTXSID10658374 DTXSID20765467 DTXSID50304964 DTXSID00752693 DTXSID90806856 DTXSID80345805 DTXSID00828564 DTXSID10634214 DTXSID20750954 DTXSID90660374
DTXSID40384679	DTXSID90193758 DTXSID10831908 DTXSID20609170 DTXSID40720210 DTXSID40334154 DTXSID00603050 DTXSID70783414 DTXSID80509708 DTXSID50712227 DTXSID9065364 DTXSID7051686 DTXSID70275501 DTXSID00186010 DTXSID00887994 DTXSID40407377 DTXSID00667551 DTXSID80434162 DTXSID60451392 DTXSID10452955 DTXSID60327528
DTXSID70217345	DTXSID50535852 DTXSID40274541 DTXSID00380238 DTXSID30726822 DTXSID50580049 DTXSID90345699 DTXSID20797748 DTXSID80501883 DTXSID30362789 DTXSID70165938 DTXSID70276876 DTXSID40464884 DTXSID90645585 DTXSID10236696 DTXSID40523006 DTXSID90427929 DTXSID60308998 DTXSID40770336 DTXSID20277616 DTXSID30627547
DTXSID50853725	DTXSID20467313 DTXSID40388879 DTXSID10518525 DTXSID00295277 DTXSID80663551 DTXSID60475730 DTXSID80570155 DTXSID50302763 DTXSID20549264 DTXSID30566624 DTXSID30609247 DTXSID00440467 DTXSID00373721 DTXSID30554167 DTXSID80498486 DTXSID10453169 DTXSID40663532 DTXSID80181487 DTXSID20207695 DTXSID3044918
DTXSID50878074	DTXSID50840392 DTXSID00616882 DTXSID80748150 DTXSID00632961 DTXSID20540059 DTXSID10144949 DTXSID80660707 DTXSID00701883 DTXSID70822074 DTXSID70529697 DTXSID00507064 DTXSID00715541 DTXSID20503927 DTXSID90375214 DTXSID60761685 DTXSID5026548 DTXSID80365482 DTXSID40163406 DTXSID60842620 DTXSID50569758
DTXSID10831084	DTXSID40808082 DTXSID60350371 DTXSID10886357 DTXSID30831086 DTXSID10787971 DTXSID80479295 DTXSID20184139 DTXSID40326877 DTXSID20488861 DTXSID20578675 DTXSID80795720 DTXSID70523594 DTXSID20694900 DTXSID20423873 DTXSID60179645 DTXSID5059822 DTXSID90335116 DTXSID50846531 DTXSID70306869 DTXSID40367063
DTXSID80737847	DTXSID00227710 DTXSID00640905 DTXSID70434611 DTXSID60576635 DTXSID40216284 DTXSID00403350 DTXSID90316728 DTXSID10738746 DTXSID9021394 DTXSID20629893 DTXSID20730756 DTXSID30646399 DTXSID20376158 DTXSID20580733 DTXSID50186363 DTXSID0041773 DTXSID80647376 DTXSID60547421 DTXSID00823892 DTXSID90325830
DTXSID50559694	DTXSID80795366 DTXSID40786316 DTXSID30542463 DTXSID70379053 DTXSID00710657 DTXSID30496230 DTXSID10432691 DTXSID80402341 DTXSID30849888 DTXSID40276348 DTXSID30757297 DTXSID50640374 DTXSID60675475 DTXSID60786151 DTXSID70642456 DTXSID00697813 DTXSID80753441 DTXSID30874115 DTXSID30201705 DTXSID00876848
DTXSID50708403	DTXSID20697239 DTXSID90293308 DTXSID60833316 DTXSID10388588 DTXSID30617640 DTXSID80450049 DTXSID20790592 DTXSID60442705 DTXSID00513140 DTXSID40846969 DTXSID00358154 DTXSID20352992 DTXSID40365761 DTXSID60341340 DTXSID20803419 DTXSID90509411 DTXSID10563075 DTXSID80660101 DTXSID10436856 DTXSID80696829
DTXSID7073771	DTXSID70282316 DTXSID50650554 DTXSID60661651 DTXSID20384137 DTXSID20567600 DTXSID00371429 DTXSID50853169 DTXSID50660254 DTXSID40365680 DTXSID70511118 DTXSID10652953 DTXSID90753492 DTXSID80405837 DTXSID10729396 DTXSID90380868 DTXSID70640932 DTXSID10377573 DTXSID40708639 DTXSID30816914 DTXSID10618478
DTXSID10609068	DTXSID10238155 DTXSID60179903 DTXSID10560827 DTXSID80596936 DTXSID20797460 DTXSID70277929 DTXSID80655517 DTXSID10610316 DTXSID30199118 DTXSID70352922 DTXSID70377711 DTXSID30315977 DTXSID40563927 DTXSID50571472 DTXSID40824282 DTXSID50434311 DTXSID70483129 DTXSID20895511 DTXSID90187117 DTXSID10182402
DTXSID50285047	DTXSID20519503 DTXSID70516784 DTXSID70219369 DTXSID30356764 DTXSID10444037 DTXSID50651021 DTXSID30300383 DTXSID20876269 DTXSID80879731 DTXSID60608324 DTXSID80399560 DTXSID70486135 DTXSID10483789 DTXSID50543058 DTXSID20356910 DTXSID60735008 DTXSID80489637 DTXSID60204269 DTXSID20162654 DTXSID50681000
DTXSID00204985	DTXSID00176032 DTXSID00474121 DTXSID70846715 DTXSID10541414 DTXSID00290363 DTXSID20322453 DTXSID60805533 DTXSID90759338 DTXSID20811357 DTXSID20540610 DTXSID40415679 DTXSID70150627 DTXSID10425129 DTXSID20416442 DTXSID80395860 DTXSID00657073 DTXSID80612887 DTXSID60510635 DTXSID10672792 DTXSID80558271
DTXSID80349621	DTXSID90402498 DTXSID50760389 DTXSID00201055 DTXSID90794320 DTXSID00854560 DTXSID80395860 DTXSID40790019 DTXSID60325125 DTXSID10541414 DTXSID20465495 DTXSID10491980 DTXSID20307184 DTXSID50681040 DTXSID60320630 DTXSID60291078 DTXSID20540610 DTXSID60510635 DTXSID80612887 DTXSID60143023 DTXSID40617934
DTXSID10500445	DTXSID40649518 DTXSID40713748 DTXSID40437235 DTXSID90517016 DTXSID00381442 DTXSID20459172 DTXSID00512653 DTXSID00460600 DTXSID50736766 DTXSID1073367 DTXSID90674456 DTXSID60288928 DTXSID10814130 DTXSID20289310 DTXSID00293152 DTXSID00366613 DTXSID00730234 DTXSID00408603 DTXSID40821059 DTXSID10879603
DTXSID10430450	DTXSID80637712 DTXSID20381166 DTXSID20741908 DTXSID40633614 DTXSID80306315 DTXSID00220968 DTXSID80621994 DTXSID40495138 DTXSID40280460 DTXSID40505180 DTXSID80181205 DTXSID10463849 DTXSID60292368 DTXSID80418427 DTXSID80226706 DTXSID50568069 DTXSID70652636 DTXSID70351511 DTXSID80172734 DTXSID80536276
DTXSID00615794	DTXSID70651745 DTXSID00640667 DTXSID00425279 DTXSID30606317 DTXSID40493992 DTXSID80318034 DTXSID00539461 DTXSID10441586 DTXSID00363127 DTXSID50355557 DTXSID60571408 DTXSID80769224 DTXSID90805021 DTXSID80879493 DTXSID0059081 DTXSID70560666 DTXSID10796583 DTXSID60154331 DTXSID40673595 DTXSID50294250
DTXSID10462332	DTXSID90719593 DTXSID20557243 DTXSID10771234 DTXSID80604368 DTXSID90171536 DTXSID90306669 DTXSID90782323 DTXSID30306668 DTXSID80496346 DTXSID60340732 DTXSID10488239 DTXSID00819290 DTXSID00770579 DTXSID20535622 DTXSID30446093 DTXSID50880672 DTXSID50340226 DTXSID90283522 DTXSID40773347 DTXSID40330590
DTXSID50473745	DTXSID50441368 DTXSID00707608 DTXSID20579647 DTXSID80397324 DTXSID50382722 DTXSID20582959 DTXSID7051686 DTXSID30578828 DTXSID00645879 DTXSID30634231 DTXSID10221865 DTXSID00667551 DTXSID60505389 DTXSID50458315 DTXSID60375120 DTXSID80856784 DTXSID90480155 DTXSID70478419 DTXSID50712227 DTXSID40578238
DTXSID20728537	DTXSID50221364 DTXSID60343788 DTXSID90738966 DTXSID40667575 DTXSID20492625 DTXSID3059268 DTXSID70733212 DTXSID60849235 DTXSID5059296 DTXSID50561439 DTXSID90642514 DTXSID00338097 DTXSID30628054 DTXSID20290961 DTXSID40640606 DTXSID80696420 DTXSID90640535 DTXSID70551236 DTXSID20464706 DTXSID30782327
DTXSID40183664	DTXSID20552238 DTXSID60229255 DTXSID30573292 DTXSID70516729 DTXSID00531485 DTXSID80613339 DTXSID70328364 DTXSID20513824 DTXSID20455750 DTXSID60649136 DTXSID10206172 DTXSID10765572 DTXSID70668499 DTXSID3059505 DTXSID10182503 DTXSID70598444 DTXSID50287864 DTXSID40235753 DTXSID50307490 DTXSID70446895
DTXSID60364099	DTXSID40854049 DTXSID40751468 DTXSID70532141 DTXSID70526803 DTXSID50590547 DTXSID70648998 DTXSID20337542 DTXSID00344971 DTXSID80874261 DTXSID30293963 DTXSID80308177 DTXSID60725005 DTXSID40612666 DTXSID80694421 DTXSID30625048 DTXSID40592792 DTXSID80430144 DTXSID50747579 DTXSID20896169 DTXSID60236000
DTXSID8024365	DTXSID00440381 DTXSID90408475 DTXSID10154821 DTXSID50664656 DTXSID20292960 DTXSID70157217 DTXSID00308578 DTXSID40177548 DTXSID00490846 DTXSID50283927 DTXSID10291624 DTXSID50759132 DTXSID40176334 DTXSID80320612 DTXSID60876682 DTXSID40792871 DTXSID20603350 DTXSID50486638 DTXSID90485307 DTXSID70320828
DTXSID40595309	DTXSID70201941 DTXSID00483778 DTXSID60621250 DTXSID50398429 DTXSID90734084 DTXSID20365502 DTXSID40356538 DTXSID10502308 DTXSID80209251 DTXSID90231780 DTXSID70567352 DTXSID50179351 DTXSID20673533 DTXSID50704142 DTXSID60762319 DTXSID80212043 DTXSID90171839 DTXSID00844643 DTXSID40296046 DTXSID30398023
DTXSID50515578	DTXSID90178803 DTXSID20627854 DTXSID00409377 DTXSID60646307 DTXSID10734940 DTXSID90434592 DTXSID00646205 DTXSID80646384 DTXSID90670291 DTXSID00495710 DTXSID60547421 DTXSID00590153 DTXSID70743659 DTXSID10646377 DTXSID10609124 DTXSID50646593 DTXSID30236037 DTXSID30646399 DTXSID60646322 DTXSID50734328
DTXSID80294248	DTXSID50761255 DTXSID70590307 DTXSID40296925 DTXSID80822580 DTXSID90408415 DTXSID80598596 DTXSID40829196 DTXSID60145840 DTXSID00755947 DTXSID60537100 DTXSID70602010 DTXSID10282456 DTXSID80657213 DTXSID00656980 DTXSID80756058 DTXSID80588154 DTXSID30756543 DTXSID50623586 DTXSID60834222 DTXSID00661216
DTXSID40666846	DTXSID30642134 DTXSID00571482 DTXSID40610021 DTXSID20654903 DTXSID40705360 DTXSID10742247 DTXSID00442062 DTXSID00346495 DTXSID50493443 DTXSID10547456 DTXSID90344283 DTXSID40670408 DTXSID40321226 DTXSID40474029 DTXSID70548464 DTXSID40593340 DTXSID20201895 DTXSID60286045 DTXSID90187117 DTXSID00633796
DTXSID10724003	DTXSID80699496 DTXSID30787675 DTXSID50630270 DTXSID50535817 DTXSID50323675 DTXSID30440677 DTXSID90633644 DTXSID80801219 DTXSID50457580 DTXSID60655318 DTXSID90373674 DTXSID90348983 DTXSID10735558 DTXSID10406736 DTXSID80668985 DTXSID60405698 DTXSID40732550 DTXSID90392042 DTXSID30609984 DTXSID20632246
DTXSID70815446	DTXSID90699861 DTXSID1067833 DTXSID40641294 DTXSID60290586 DTXSID50846172 DTXSID90791359 DTXSID90812856 DTXSID70668959 DTXSID60631637 DTXSID70645886 DTXSID80196773 DTXSID80538619 DTXSID50837267 DTXSID10384429 DTXSID90767079 DTXSID20408685 DTXSID70875984 DTXSID70280852 DTXSID60196094 DTXSID50549631
DTXSID20217491	DTXSID10655469 DTXSID10374441 DTXSID00351640 DTXSID90836456 DTXSID80897339 DTXSID80472847 DTXSID10523215 DTXSID70188187 DTXSID40614903 DTXSID90411444 DTXSID20435693 DTXSID30323219 DTXSID40710176 DTXSID70192522 DTXSID90401946 DTXSID00542773 DTXSID00730375 DTXSID70594325 DTXSID80373608 DTXSID50303497
DTXSID80423172	DTXSID30374882 DTXSID50590007 DTXSID20631638 DTXSID70296695 DTXSID00846344 DTXSID00406381 DTXSID00722331 DTXSID70344367 DTXSID60166439 DTXSID50440356 DTXSID10645683 DTXSID10875943 DTXSID90383692 DTXSID80472908 DTXSID40721146 DTXSID70891442 DTXSID90799633 DTXSID60589644 DTXSID60278066 DTXSID00457217
DTXSID60707962	DTXSID00484361 DTXSID50616039 DTXSID00521083 DTXSID10790682 DTXSID80760438 DTXSID90388102 DTXSID10297702 DTXSID40608761 DTXSID50361274 DTXSID70394983 DTXSID90478239 DTXSID90814719 DTXSID90466833 DTXSID20401419 DTXSID70787851 DTXSID50679149 DTXSID70381358 DTXSID40543961 DTXSID00720978 DTXSID50505434
DTXSID60757684	DTXSID90680572 DTXSID60848460 DTXSID40787722 DTXSID80744157 DTXSID00513589 DTXSID50841824 DTXSID80378714 DTXSID20559702 DTXSID00373802 DTXSID10700589 DTXSID40829772 DTXSID20641272 DTXSID70191611 DTXSID40607633 DTXSID00721061 DTXSID60527804 DTXSID30876518 DTXSID30178928 DTXSID20668040 DTXSID00656147
DTXSID00668987	DTXSID70669229 DTXSID00670222 DTXSID30444993 DTXSID40845694 DTXSID50356468 DTXSID80855090 DTXSID80289396 DTXSID80593521 DTXSID50776243 DTXSID20640467 DTXSID10777554 DTXSID40175741 DTXSID60669233 DTXSID80299652 DTXSID10356469 DTXSID10354268 DTXSID20648620 DTXSID70710927 DTXSID20500057 DTXSID00389105
DTXSID10649722	DTXSID30671323 DTXSID60340393 DTXSID40481814 DTXSID50505318 DTXSID60497336 DTXSID70612013 DTXSID00405935 DTXSID90573096 DTXSID50736206 DTXSID70284653 DTXSID50640319 DTXSID20403498 DTXSID70488750 DTXSID10502681 DTXSID30301456 DTXSID90796667 DTXSID80532359 DTXSID20835977 DTXSID00708135 DTXSID10560226
DTXSID90166301	DTXSID20516815 DTXSID30402492 DTXSID50524827 DTXSID90553656 DTXSID00162071 DTXSID60172570 DTXSID60766978 DTXSID50435964 DTXSID30738485 DTXSID1068302 DTXSID50398429 DTXSID70476117 DTXSID30550023 DTXSID40745084 DTXSID60451877 DTXSID80354371 DTXSID20340490 DTXSID00839978 DTXSID50651006 DTXSID40356538
DTXSID40190474	DTXSID00774294 DTXSID50863142 DTXSID80360679 DTXSID50603343 DTXSID80834981 DTXSID00390958 DTXSID20822403 DTXSID80343528 DTXSID90730243 DTXSID10371591 DTXSID50681601 DTXSID30165636 DTXSID90366985 DTXSID70562589 DTXSID90527650 DTXSID30818579 DTXSID8036653 DTXSID80519504 DTXSID50680679 DTXSID90578445
DTXSID40325042	DTXSID10481523 DTXSID90877561 DTXSID20630368 DTXSID90707511 DTXSID30571612 DTXSID40671632 DTXSID40289458 DTXSID00373504 DTXSID00755265 DTXSID00502372 DTXSID40146198 DTXSID40841656 DTXSID30466877 DTXSID90719896 DTXSID20848446 DTXSID10239804 DTXSID40228625 DTXSID90524487 DTXSID20830144 DTXSID30652637
DTXSID20406545	DTXSID70820898 DTXSID50437069 DTXSID40430266 DTXSID70710422 DTXSID30636396 DTXSID70221568 DTXSID50412755 DTXSID00618008 DTXSID50227583 DTXSID90647221 DTXSID40674183 DTXSID50345014 DTXSID70287543 DTXSID80190337 DTXSID20778436 DTXSID40670741 DTXSID70185176 DTXSID90783198 DTXSID10181551 DTXSID10471025
DTXSID10773617	DTXSID5051311 DTXSID90556268 DTXSID30827146 DTXSID90823245 DTXSID70867364 DTXSID3051541 DTXSID70750186 DTXSID30188729 DTXSID50288992 DTXSID80559561 DTXSID40534975 DTXSID50343212 DTXSID1068807 DTXSID30550028 DTXSID60873939 DTXSID6044802 DTXSID3068883 DTXSID10337657 DTXSID30336546 DTXSID6063226
DTXSID10528402	DTXSID80478086 DTXSID10801287 DTXSID40329449 DTXSID00635816 DTXSID90359377 DTXSID40819592 DTXSID10176321 DTXSID30510329 DTXSID80808208 DTXSID10334005 DTXSID70789032 DTXSID30639766 DTXSID40199745 DTXSID70490090 DTXSID00550772 DTXSID10352582 DTXSID60510918 DTXSID10213689 DTXSID2037714 DTXSID40343786
DTXSID10835749	DTXSID00725887 DTXSID70798725 DTXSID10305518 DTXSID70203864 DTXSID50701934 DTXSID30815008 DTXSID40820608 DTXSID80740472 DTXSID70743932 DTXSID6070560 DTXSID80506732 DTXSID50846531 DTXSID00197808 DTXSID20694900 DTXSID70523594 DTXSID30448451 DTXSID20737725 DTXSID80541481 DTXSID20675239 DTXSID50423907
DTXSID80606589	DTXSID00418328 DTXSID20766015 DTXSID30319213 DTXSID40473991 DTXSID10326081 DTXSID10744428 DTXSID80708592 DTXSID30698318 DTXSID00374011 DTXSID00388350 DTXSID40241632 DTXSID60370650 DTXSID10426696 DTXSID00294381 DTXSID20549406 DTXSID20417717 DTXSID10736227 DTXSID5051602 DTXSID50332560 DTXSID20362990
DTXSID70732487	DTXSID70855781 DTXSID80478324 DTXSID70314969 DTXSID30303192 DTXSID10660816 DTXSID60319089 DTXSID80447398 DTXSID00745368 DTXSID30546628 DTXSID10498196 DTXSID40747503 DTXSID10657206 DTXSID70619608 DTXSID20393587 DTXSID20835659 DTXSID70582085 DTXSID60700236 DTXSID8069648 DTXSID30620174 DTXSID00508677
DTXSID60751309	DTXSID7066148 DTXSID90660430 DTXSID40208523 DTXSID6063511 DTXSID10783438 DTXSID20411452 DTXSID20195063 DTXSID90765171 DTXSID00775887 DTXSID80560258 DTXSID70622612 DTXSID90721252 DTXSID00559144 DTXSID80576899 DTXSID40277350 DTXSID80808061 DTXSID70751310 DTXSID40781846 DTXSID80793165 DTXSID90302606
DTXSID30866797	DTXSID40874348 DTXSID90758669 DTXSID60443732 DTXSID30616431 DTXSID30600178 DTXSID80585325 DTXSID50710086 DTXSID00318718 DTXSID80323663 DTXSID60645895 DTXSID80627658 DTXSID70607161 DTXSID40359221 DTXSID40196830 DTXSID90400696 DTXSID80516331 DTXSID20790370 DTXSID90845982 DTXSID70727494 DTXSID00338335
DTXSID60558310	DTXSID80676767 DTXSID60315945 DTXSID90513452 DTXSID00820260 DTXSID20792955 DTXSID20815673 DTXSID60740637 DTXSID40144790 DTXSID90559138 DTXSID90509850 DTXSID30169250 DTXSID70499967 DTXSID70780766 DTXSID80629657 DTXSID80240427 DTXSID00720559 DTXSID80611870 DTXSID00409610 DTXSID80800126 DTXSID80346155
DTXSID20698160	DTXSID50576907 DTXSID60784278 DTXSID10371773 DTXSID90739716 DTXSID40619211 DTXSID80302291 DTXSID10652953 DTXSID50879364 DTXSID90380868 DTXSID90444015 DTXSID50187552 DTXSID20624964 DTXSID60709284 DTXSID60400628 DTXSID70214273 DTXSID90355415 DTXSID80405837 DTXSID00576553 DTXSID30694618 DTXSID20312470
DTXSID80349702	DTXSID20234486 DTXSID70896391 DTXSID30823663 DTXSID80854048 DTXSID20476506 DTXSID10547911 DTXSID20529607 DTXSID9073676 DTXSID60327083 DTXSID80700652 DTXSID90526002 DTXSID00326515 DTXSID80744314 DTXSID10423387 DTXSID80222344 DTXSID60896421 DTXSID30812719 DTXSID40652300 DTXSID90527559 DTXSID00893454
DTXSID20384137	DTXSID50660254 DTXSID7073771 DTXSID10618478 DTXSID70640932 DTXSID70511118 DTXSID40711481 DTXSID70282316 DTXSID10652953 DTXSID90380868 DTXSID50650554 DTXSID80405837 DTXSID60661651 DTXSID70377413 DTXSID90753492 DTXSID30816914 DTXSID00371429 DTXSID60784278 DTXSID20567600 DTXSID00338355 DTXSID50853169
DTXSID20522017	DTXSID60593347 DTXSID00145980 DTXSID50677448 DTXSID90300187 DTXSID70653901 DTXSID40699437 DTXSID3063417 DTXSID10557050 DTXSID50429722 DTXSID30284199 DTXSID20603719 DTXSID60145820 DTXSID50322446 DTXSID70745916 DTXSID90285046 DTXSID60383760 DTXSID00291259 DTXSID50709672 DTXSID10632992 DTXSID60285497
DTXSID80853814	DTXSID30393871 DTXSID10339095 DTXSID90599953 DTXSID60515882 DTXSID10784248 DTXSID40887796 DTXSID10771451 DTXSID20346750 DTXSID5070602 DTXSID90755850 DTXSID20295330 DTXSID70822857 DTXSID20889036 DTXSID00432064 DTXSID30146203 DTXSID40341646 DTXSID90887963 DTXSID50804111 DTXSID40336794 DTXSID50796865
DTXSID90348968	DTXSID90722921 DTXSID40348731 DTXSID70616314 DTXSID30401026 DTXSID10308665 DTXSID80436661 DTXSID90693208 DTXSID10777190 DTXSID00214044 DTXSID30343679 DTXSID60561849 DTXSID90370966 DTXSID30371053 DTXSID80733081 DTXSID00681055 DTXSID80597943 DTXSID80475919 DTXSID00857591 DTXSID40661659 DTXSID10646413
DTXSID70491845	DTXSID40543204 DTXSID70641909 DTXSID90579073 DTXSID00606627 DTXSID00338335 DTXSID60704259 DTXSID8069565 DTXSID70339011 DTXSID70711292 DTXSID80578838 DTXSID20678220 DTXSID80627658 DTXSID50337419 DTXSID90467087 DTXSID50576684 DTXSID10465429 DTXSID90480958 DTXSID90406754 DTXSID00813839 DTXSID30600178
DTXSID70554040	DTXSID40199366 DTXSID3037549 DTXSID70771053 DTXSID60194212 DTXSID00352374 DTXSID50494990 DTXSID70465081 DTXSID10332006 DTXSID80369526 DTXSID90454396 DTXSID00641295 DTXSID60290586 DTXSID20745421 DTXSID40641294 DTXSID10794963 DTXSID00457217 DTXSID10787436 DTXSID50321954 DTXSID40707006 DTXSID90699861
DTXSID90348963	DTXSID40555903 DTXSID20852583 DTXSID30352640 DTXSID20676827 DTXSID40812861 DTXSID20297758 DTXSID20714718 DTXSID80178751 DTXSID90819507 DTXSID30856476 DTXSID40791602 DTXSID30546800 DTXSID30525099 DTXSID20604968 DTXSID90224076 DTXSID40494722 DTXSID40611154 DTXSID30303394 DTXSID90152880 DTXSID40191269
DTXSID80653997	DTXSID80176974 DTXSID80698343 DTXSID50299588 DTXSID0052590 DTXSID90730905 DTXSID30364541 DTXSID40589021 DTXSID90191012 DTXSID50494697 DTXSID80351628 DTXSID00334377 DTXSID40335101 DTXSID30543314 DTXSID1069952 DTXSID00345842 DTXSID5052626 DTXSID00490346 DTXSID30591799 DTXSID90346863 DTXSID40646486
DTXSID20477912	DTXSID60536719 DTXSID30511452 DTXSID50696412 DTXSID80299970 DTXSID70408650 DTXSID00453451 DTXSID60327528 DTXSID70708324 DTXSID00391061 DTXSID80470489 DTXSID10733074 DTXSID0064672 DTXSID40397668 DTXSID00725605 DTXSID1068229 DTXSID10485541 DTXSID90388046 DTXSID2072881 DTXSID70647688 DTXSID60800068
DTXSID70536543	DTXSID00638044 DTXSID80311045 DTXSID20320999 DTXSID50320407 DTXSID30218212 DTXSID80365482 DTXSID60842620 DTXSID5026548 DTXSID70822711 DTXSID50675348 DTXSID70822074 DTXSID80816742 DTXSID60566011 DTXSID90413625 DTXSID50569758 DTXSID80878082 DTXSID80748150 DTXSID10509216 DTXSID70529697 DTXSID00847114
DTXSID50345014	DTXSID70221568 DTXSID60823939 DTXSID90647221 DTXSID70710422 DTXSID70820898 DTXSID30636396 DTXSID20406545 DTXSID40430266 DTXSID50667248 DTXSID50437069 DTXSID50622857 DTXSID90313636 DTXSID90805440 DTXSID90783198 DTXSID40670741 DTXSID00345680 DTXSID40310872 DTXSID40674183 DTXSID20778436 DTXSID20534918
DTXSID80600986	DTXSID00606642 DTXSID10532468 DTXSID40310256 DTXSID30777990 DTXSID80323385 DTXSID90177215 DTXSID20732412 DTXSID10528048 DTXSID40745100 DTXSID80734013 DTXSID00604441 DTXSID80374337 DTXSID60885395 DTXSID60790258 DTXSID60228324 DTXSID80713888 DTXSID60424420 DTXSID30481989 DTXSID70281485 DTXSID30813044
DTXSID50345019	DTXSID40578238 DTXSID20582959 DTXSID40855132 DTXSID40397623 DTXSID10221865 DTXSID60375120 DTXSID90640974 DTXSID90316182 DTXSID60505389 DTXSID3058955 DTXSID00707608 DTXSID20791342 DTXSID40576875 DTXSID60287734 DTXSID00621330 DTXSID30634231 DTXSID40722618 DTXSID80775204 DTXSID50473745 DTXSID50282854
DTXSID10829820	DTXSID4072813 DTXSID50275680 DTXSID90577150 DTXSID40766118 DTXSID90762382 DTXSID4057716 DTXSID50226339 DTXSID30276034 DTXSID60701965 DTXSID90415609 DTXSID50814391 DTXSID70746584 DTXSID00575607 DTXSID70582085 DTXSID70697481 DTXSID50830455 DTXSID40329005 DTXSID3063966 DTXSID30415608 DTXSID8069648
DTXSID80535885	DTXSID50186787 DTXSID50213486 DTXSID20823753 DTXSID20297238 DTXSID20386156 DTXSID50768183 DTXSID80356693 DTXSID90771979 DTXSID70659620 DTXSID20390738 DTXSID80527407 DTXSID10729917 DTXSID10400618 DTXSID20389647 DTXSID20747682 DTXSID60791689 DTXSID30673827 DTXSID40620483 DTXSID30546042 DTXSID60633636
DTXSID30182181	DTXSID90703593 DTXSID70884819 DTXSID00845610 DTXSID50575672 DTXSID90344248 DTXSID70540524 DTXSID70785579 DTXSID30490839 DTXSID80816166 DTXSID70531255 DTXSID80160737 DTXSID20222484 DTXSID50344249 DTXSID50203120 DTXSID30556525 DTXSID50539234 DTXSID20180393 DTXSID10503390 DTXSID20698403 DTXSID40668648
DTXSID20579162	DTXSID10470013 DTXSID40499454 DTXSID00501648 DTXSID20857497 DTXSID00646467 DTXSID10371632 DTXSID10477784 DTXSID90406890 DTXSID40332695 DTXSID50215001 DTXSID70455785 DTXSID80370955 DTXSID50515836 DTXSID80211218 DTXSID50634238 DTXSID20457279 DTXSID60663554 DTXSID50649802 DTXSID30462975 DTXSID70569452
DTXSID90476876	DTXSID70364282 DTXSID50418656 DTXSID00649993 DTXSID20516936 DTXSID40459179 DTXSID20607676 DTXSID50374021 DTXSID80696107 DTXSID70631249 DTXSID70805004 DTXSID90389316 DTXSID10668938 DTXSID40509345 DTXSID10355255 DTXSID70403362 DTXSID80600426 DTXSID30280217 DTXSID70856415 DTXSID00332196 DTXSID50646174
DTXSID20173629	DTXSID60542496 DTXSID2068137 DTXSID90178202 DTXSID60875736 DTXSID00537482 DTXSID20700217 DTXSID30291308 DTXSID70477482 DTXSID80655491 DTXSID90513997 DTXSID00597940 DTXSID20883357 DTXSID10310521 DTXSID10143558 DTXSID40288860 DTXSID00604345 DTXSID40674724 DTXSID60768134 DTXSID70803782 DTXSID00657452
DTXSID10771759	DTXSID90499641 DTXSID10673906 DTXSID90447349 DTXSID80142856 DTXSID20605758 DTXSID00619277 DTXSID10586047 DTXSID10470412 DTXSID90715717 DTXSID20378677 DTXSID70828773 DTXSID90205022 DTXSID30291883 DTXSID90554466 DTXSID80694466 DTXSID4045682 DTXSID30217503 DTXSID50471468 DTXSID70524783 DTXSID00520293
DTXSID30280515	DTXSID10658632 DTXSID80820804 DTXSID30279207 DTXSID10494052 DTXSID80369627 DTXSID50467003 DTXSID60594132 DTXSID6023315 DTXSID30625664 DTXSID40570439 DTXSID60221411 DTXSID80367921 DTXSID30207525 DTXSID60875877 DTXSID40529149 DTXSID80781567 DTXSID40308693 DTXSID80664447 DTXSID10506866 DTXSID00223095
DTXSID20443697	DTXSID40669211 DTXSID20506514 DTXSID40549928 DTXSID3044918 DTXSID60405916 DTXSID70774943 DTXSID80498486 DTXSID30566624 DTXSID10453169 DTXSID00440467 DTXSID40663532 DTXSID70428712 DTXSID90487321 DTXSID00373721 DTXSID80655638 DTXSID50853725 DTXSID40790690 DTXSID60475730 DTXSID70608916 DTXSID80348497
DTXSID50175277	DTXSID60150590 DTXSID20680303 DTXSID40700572 DTXSID50453481 DTXSID80292582 DTXSID80661234 DTXSID80808541 DTXSID20883175 DTXSID50681767 DTXSID90645348 DTXSID10710547 DTXSID40649795 DTXSID10186102 DTXSID80679218 DTXSID90661225 DTXSID30640938 DTXSID20391189 DTXSID5022803 DTXSID30722324 DTXSID80154818
DTXSID60661651	DTXSID50853169 DTXSID70282316 DTXSID7073771 DTXSID50650554 DTXSID90753492 DTXSID10377573 DTXSID20567600 DTXSID40708639 DTXSID40436167 DTXSID00371429 DTXSID50283649 DTXSID20733565 DTXSID20384137 DTXSID40365680 DTXSID50660254 DTXSID10842453 DTXSID80405837 DTXSID70609605 DTXSID40673171 DTXSID10729396
DTXSID30179672	DTXSID50356327 DTXSID60879411 DTXSID10763412 DTXSID00274688 DTXSID20780433 DTXSID30227566 DTXSID00601031 DTXSID70799095 DTXSID80176191 DTXSID50722604 DTXSID90152845 DTXSID30521950 DTXSID10292111 DTXSID90181655 DTXSID80156493 DTXSID00646760 DTXSID40199841 DTXSID10572809 DTXSID50512269 DTXSID30422675
DTXSID70597735	DTXSID70813427 DTXSID90793535 DTXSID30177557 DTXSID00503783 DTXSID0061327 DTXSID30371457 DTXSID00277376 DTXSID70235529 DTXSID80439612 DTXSID50400551 DTXSID20605314 DTXSID70873662 DTXSID50181656 DTXSID70276593 DTXSID70757877 DTXSID70299444 DTXSID80214082 DTXSID50818157 DTXSID40452741 DTXSID00469355
DTXSID80646384	DTXSID90670291 DTXSID10609124 DTXSID60646307 DTXSID70743659 DTXSID10734940 DTXSID20627854 DTXSID50186363 DTXSID00468540 DTXSID90178803 DTXSID00409377 DTXSID50515578 DTXSID80580734 DTXSID60646322 DTXSID10511314 DTXSID50734328 DTXSID40195106 DTXSID90396969 DTXSID60547421 DTXSID90434592 DTXSID10301237
DTXSID70327473	DTXSID00795722 DTXSID40803118 DTXSID30367673 DTXSID30274378 DTXSID30290316 DTXSID90361339 DTXSID3044592 DTXSID90709196 DTXSID7058048 DTXSID20656467 DTXSID00421630 DTXSID30288591 DTXSID80281698 DTXSID30718308 DTXSID40585689 DTXSID00323564 DTXSID60728172 DTXSID00364871 DTXSID8058827 DTXSID80214022
DTXSID30772304	DTXSID70327438 DTXSID20222681 DTXSID60227594 DTXSID50739176 DTXSID70559595 DTXSID90585659 DTXSID90847724 DTXSID50857460 DTXSID50613806 DTXSID90425687 DTXSID70412616 DTXSID40856624 DTXSID30630197 DTXSID70433149 DTXSID10542067 DTXSID20542891 DTXSID60749685 DTXSID60658283 DTXSID40566796 DTXSID20697678
DTXSID80346397	DTXSID90169897 DTXSID10223061 DTXSID3037543 DTXSID10295283 DTXSID00145566 DTXSID30225941 DTXSID90875986 DTXSID30203209 DTXSID50760081 DTXSID10452258 DTXSID90708543 DTXSID20646944 DTXSID50840074 DTXSID90656353 DTXSID10296472 DTXSID30186765 DTXSID80367027 DTXSID70723456 DTXSID20300817 DTXSID60447351
DTXSID30452058	DTXSID00668225 DTXSID00650185 DTXSID60623592 DTXSID00444369 DTXSID70543696 DTXSID90290650 DTXSID40560431 DTXSID70711914 DTXSID50215829 DTXSID40597080 DTXSID80734290 DTXSID20575982 DTXSID80641117 DTXSID50705639 DTXSID80464702 DTXSID30575690 DTXSID30804992 DTXSID40629214 DTXSID00314154 DTXSID90358244
DTXSID30401122	DTXSID80639958 DTXSID40684101 DTXSID80698227 DTXSID40222542 DTXSID3062029 DTXSID20452921 DTXSID90277769 DTXSID60351601 DTXSID50399774 DTXSID70885523 DTXSID20488386 DTXSID20168772 DTXSID60884207 DTXSID50388582 DTXSID20349428 DTXSID70459046 DTXSID20310830 DTXSID00353104 DTXSID50683468 DTXSID6020012
DTXSID30806976	DTXSID20465778 DTXSID60172090 DTXSID50315232 DTXSID10455688 DTXSID70186380 DTXSID4059251 DTXSID00447830 DTXSID80278381 DTXSID90794901 DTXSID70397414 DTXSID10876652 DTXSID30323890 DTXSID10558300 DTXSID40174976 DTXSID80561866 DTXSID40465871 DTXSID90767216 DTXSID20346058 DTXSID30504920 DTXSID10672419
DTXSID00826525	DTXSID40717226 DTXSID30202090 DTXSID00703665 DTXSID60879315 DTXSID40295776 DTXSID30375511 DTXSID40561387 DTXSID00672786 DTXSID50725615 DTXSID00659436 DTXSID90373013 DTXSID40806821 DTXSID80698888 DTXSID70784229 DTXSID30188123 DTXSID50236892 DTXSID80568895 DTXSID00806822 DTXSID60415535 DTXSID80170790
DTXSID60182518	DTXSID20596874 DTXSID50828574 DTXSID00239257 DTXSID90720684 DTXSID80345481 DTXSID90177215 DTXSID30813044 DTXSID10528048 DTXSID60711589 DTXSID20730135 DTXSID20308494 DTXSID80503842 DTXSID00506597 DTXSID10829421 DTXSID80374337 DTXSID60228324 DTXSID90175897 DTXSID60885395 DTXSID20370858 DTXSID90306821
DTXSID80185869	DTXSID60749867 DTXSID10224790 DTXSID40869951 DTXSID8061212 DTXSID10852012 DTXSID20776896 DTXSID10322826 DTXSID10279164 DTXSID60789344 DTXSID00764377 DTXSID20469635 DTXSID20558952 DTXSID30307135 DTXSID80756710 DTXSID30615146 DTXSID5061085 DTXSID60832940 DTXSID40706170 DTXSID80884461 DTXSID40157103
DTXSID10667562	DTXSID00386558 DTXSID80843452 DTXSID00563342 DTXSID80542059 DTXSID90602714 DTXSID60328237 DTXSID30287665 DTXSID70876815 DTXSID70195316 DTXSID20144415 DTXSID20345869 DTXSID90634530 DTXSID40497511 DTXSID40530558 DTXSID10756521 DTXSID70808676 DTXSID60642223 DTXSID70297561 DTXSID60597325 DTXSID50841228
DTXSID90385974	DTXSID60425230 DTXSID30378148 DTXSID70548101 DTXSID20237477 DTXSID20703682 DTXSID80486404 DTXSID10163594 DTXSID20629777 DTXSID00663275 DTXSID40316117 DTXSID50439841 DTXSID70391154 DTXSID50590168 DTXSID40736417 DTXSID70600798 DTXSID00337823 DTXSID00744871 DTXSID70179717 DTXSID40460846 DTXSID70614431
DTXSID30309250	DTXSID00485712 DTXSID00738654 DTXSID90200471 DTXSID60755463 DTXSID60715522 DTXSID5068233 DTXSID30303798 DTXSID60326112 DTXSID80492621 DTXSID10728667 DTXSID00408825 DTXSID00475971 DTXSID90519474 DTXSID10493989 DTXSID50586107 DTXSID30770906 DTXSID20742031 DTXSID10630771 DTXSID70724044 DTXSID90768723
DTXSID90694497	DTXSID30560804 DTXSID3074072 DTXSID90731255 DTXSID70325712 DTXSID70376901 DTXSID30620730 DTXSID80284801 DTXSID50217681 DTXSID90630138 DTXSID20474981 DTXSID50181631 DTXSID70727494 DTXSID70598186 DTXSID90513917 DTXSID20790370 DTXSID70607161 DTXSID50538186 DTXSID10465429 DTXSID40642064 DTXSID50576684
DTXSID80638709	DTXSID60343642 DTXSID70424198 DTXSID90456395 DTXSID10466719 DTXSID30857448 DTXSID10466890 DTXSID10778026 DTXSID70372307 DTXSID4040343 DTXSID30344343 DTXSID50163578 DTXSID40165147 DTXSID20849776 DTXSID20372110 DTXSID90807803 DTXSID60744135 DTXSID50457580 DTXSID60347781 DTXSID70650576 DTXSID80668985
DTXSID50556204	DTXSID40831936 DTXSID20297278 DTXSID70405624 DTXSID60667436 DTXSID40507280 DTXSID10172404 DTXSID50716907 DTXSID20526212 DTXSID90594948 DTXSID60446768 DTXSID60422946 DTXSID10505753 DTXSID40430185 DTXSID9068378 DTXSID90577877 DTXSID10355573 DTXSID30744748 DTXSID00766412 DTXSID50311754 DTXSID50323438
DTXSID10632250	DTXSID30434854 DTXSID60143962 DTXSID3042506 DTXSID10394942 DTXSID80402669 DTXSID80665419 DTXSID80724393 DTXSID60552611 DTXSID10177959 DTXSID00343681 DTXSID50323554 DTXSID90669645 DTXSID70566264 DTXSID00596812 DTXSID30218136 DTXSID40403172 DTXSID80426981 DTXSID00744412 DTXSID90375653 DTXSID80742936
DTXSID10505874	DTXSID20661056 DTXSID60357421 DTXSID70646651 DTXSID10519178 DTXSID20520119 DTXSID80183441 DTXSID70738949 DTXSID20299676 DTXSID80222783 DTXSID30849560 DTXSID10726325 DTXSID90602810 DTXSID90591699 DTXSID00513862 DTXSID00711265 DTXSID50825200 DTXSID40213495 DTXSID30344888 DTXSID30609984 DTXSID50301953
DTXSID90850096	DTXSID10410373 DTXSID60399760 DTXSID00338633 DTXSID00405955 DTXSID80175861 DTXSID80156756 DTXSID10809501 DTXSID10560226 DTXSID10237007 DTXSID80715221 DTXSID30852630 DTXSID50286514 DTXSID80275936 DTXSID60738998 DTXSID00206505 DTXSID10436654 DTXSID50736206 DTXSID60754572 DTXSID00341268 DTXSID40701589
DTXSID30226478	DTXSID40669115 DTXSID70469908 DTXSID10303695 DTXSID80351481 DTXSID30167650 DTXSID00876287 DTXSID30717210 DTXSID7070769 DTXSID50400490 DTXSID60734490 DTXSID70373576 DTXSID90152845 DTXSID50628091 DTXSID50361411 DTXSID20793821 DTXSID80291373 DTXSID20393249 DTXSID10148321 DTXSID90551056 DTXSID40743606
DTXSID80424684	DTXSID10810950 DTXSID00551229 DTXSID10735396 DTXSID10739596 DTXSID00165183 DTXSID90353012 DTXSID90595591 DTXSID30838752 DTXSID20441052 DTXSID30747335 DTXSID10177550 DTXSID20384834 DTXSID20325065 DTXSID8060610 DTXSID80143106 DTXSID50214857 DTXSID60388351 DTXSID60545866 DTXSID20708955 DTXSID70834910
DTXSID80772016	DTXSID50427884 DTXSID50682193 DTXSID50528446 DTXSID50704142 DTXSID70720187 DTXSID30711637 DTXSID50179351 DTXSID60481972 DTXSID50165719 DTXSID1025693 DTXSID90772360 DTXSID50649605 DTXSID60540114 DTXSID10834858 DTXSID90567930 DTXSID90653105 DTXSID20340490 DTXSID90696310 DTXSID70493445 DTXSID70874098
DTXSID80772011	DTXSID00498387 DTXSID30175614 DTXSID70400710 DTXSID60668726 DTXSID00490346 DTXSID90401582 DTXSID20422326 DTXSID30240972 DTXSID40456507 DTXSID00632204 DTXSID30607723 DTXSID80470368 DTXSID90346863 DTXSID1069952 DTXSID20667790 DTXSID90409028 DTXSID60396875 DTXSID30531958 DTXSID50613285 DTXSID10462918
DTXSID40693334	DTXSID60428307 DTXSID30870975 DTXSID90145474 DTXSID50698456 DTXSID40682127 DTXSID60697410 DTXSID3061920 DTXSID60519360 DTXSID40615793 DTXSID50188302 DTXSID50497966 DTXSID40392951 DTXSID30332861 DTXSID70836550 DTXSID80668768 DTXSID10214196 DTXSID00534895 DTXSID20241751 DTXSID20200787 DTXSID40844809
DTXSID30493143	DTXSID70694495 DTXSID30701937 DTXSID00755240 DTXSID80449453 DTXSID60179988 DTXSID20682347 DTXSID10359354 DTXSID90706640 DTXSID10289521 DTXSID80595247 DTXSID60649297 DTXSID50657063 DTXSID30431606 DTXSID00706676 DTXSID80729803 DTXSID80811237 DTXSID20796933 DTXSID90707096 DTXSID10471782 DTXSID50552842
DTXSID90450050	DTXSID70243846 DTXSID60802643 DTXSID10590482 DTXSID70782861 DTXSID90457286 DTXSID70721139 DTXSID90567016 DTXSID40710035 DTXSID40508934 DTXSID90362422 DTXSID70671842 DTXSID40650068 DTXSID10348884 DTXSID40556990 DTXSID50524963 DTXSID60705544 DTXSID10495286 DTXSID60496546 DTXSID00327365 DTXSID50472117
DTXSID40315180	DTXSID70840859 DTXSID00744553 DTXSID20642441 DTXSID20504116 DTXSID20526914 DTXSID80345805 DTXSID60877336 DTXSID70849943 DTXSID50304964 DTXSID90660374 DTXSID40286745 DTXSID10798188 DTXSID40212084 DTXSID30704004 DTXSID40632869 DTXSID70676993 DTXSID90339654 DTXSID3052355 DTXSID80431070 DTXSID70354880
DTXSID70664895	DTXSID70466078 DTXSID40504491 DTXSID30733071 DTXSID50340165 DTXSID10584427 DTXSID80782413 DTXSID60671492 DTXSID80470161 DTXSID50767873 DTXSID00588454 DTXSID80876523 DTXSID20290961 DTXSID50600953 DTXSID60813077 DTXSID90388046 DTXSID90326600 DTXSID80771185 DTXSID70724044 DTXSID1068229 DTXSID60645870
DTXSID10318623	DTXSID40467916 DTXSID20794818 DTXSID1023233 DTXSID40594852 DTXSID60593084 DTXSID70232694 DTXSID00307723 DTXSID00421579 DTXSID30624394 DTXSID20873935 DTXSID10808392 DTXSID10402758 DTXSID20453190 DTXSID70571636 DTXSID60701102 DTXSID30874892 DTXSID9069007 DTXSID30584969 DTXSID70747839 DTXSID90322162
DTXSID5063605	DTXSID40187203 DTXSID10354268 DTXSID20640467 DTXSID40701403 DTXSID20468163 DTXSID20394216 DTXSID50776243 DTXSID70616516 DTXSID20705661 DTXSID90706488 DTXSID10347115 DTXSID10356469 DTXSID70784289 DTXSID20424567 DTXSID70710927 DTXSID90392042 DTXSID90611407 DTXSID10406736 DTXSID80479391 DTXSID20648620
DTXSID10772928	DTXSID60471818 DTXSID10190002 DTXSID20185808 DTXSID00612400 DTXSID30819304 DTXSID00378832 DTXSID90524068 DTXSID90796884 DTXSID10715779 DTXSID00428568 DTXSID50694498 DTXSID30594280 DTXSID60675213 DTXSID10590381 DTXSID70759654 DTXSID90189358 DTXSID00678208 DTXSID6047862 DTXSID30526586 DTXSID5070232
DTXSID10511314	DTXSID70613267 DTXSID80580734 DTXSID00468540 DTXSID0041773 DTXSID40195106 DTXSID00823892 DTXSID50186363 DTXSID10856212 DTXSID50605887 DTXSID70177935 DTXSID40319300 DTXSID40398938 DTXSID80646384 DTXSID80791540 DTXSID50497865 DTXSID10609124 DTXSID30661047 DTXSID60646307 DTXSID20580733 DTXSID90670291
DTXSID40508893	DTXSID80727804 DTXSID30279565 DTXSID20299454 DTXSID40781189 DTXSID20352715 DTXSID60319443 DTXSID90438530 DTXSID90669140 DTXSID20576136 DTXSID30627002 DTXSID10668655 DTXSID00393727 DTXSID00710011 DTXSID20345788 DTXSID50602750 DTXSID00654103 DTXSID90676839 DTXSID80657117 DTXSID70579192 DTXSID40528157
DTXSID20656902	DTXSID20352937 DTXSID70542503 DTXSID20853671 DTXSID10657448 DTXSID90508585 DTXSID50806832 DTXSID20179929 DTXSID80476729 DTXSID30298938 DTXSID20876683 DTXSID80633057 DTXSID30181270 DTXSID60749685 DTXSID30322904 DTXSID40856624 DTXSID50277765 DTXSID20368533 DTXSID30630197 DTXSID10458452 DTXSID50857460
DTXSID10380608	DTXSID50680679 DTXSID60493752 DTXSID50183731 DTXSID00698709 DTXSID60368299 DTXSID90578445 DTXSID20547043 DTXSID30313034 DTXSID20822403 DTXSID60209350 DTXSID90624976 DTXSID80577280 DTXSID30818574 DTXSID80360679 DTXSID90182288 DTXSID70588345 DTXSID10856277 DTXSID20787826 DTXSID80343528 DTXSID50603343
DTXSID00388350	DTXSID30698318 DTXSID80708592 DTXSID10736227 DTXSID60370650 DTXSID10326081 DTXSID00418328 DTXSID80606589 DTXSID80543965 DTXSID20417717 DTXSID40879717 DTXSID20549406 DTXSID40473991 DTXSID60455951 DTXSID60540119 DTXSID20766015 DTXSID00182759 DTXSID30319213 DTXSID10744428 DTXSID60407293 DTXSID90474372
DTXSID10471545	DTXSID80777521 DTXSID70655400 DTXSID00110032 DTXSID10498176 DTXSID90484012 DTXSID50742761 DTXSID40462704 DTXSID50481880 DTXSID30638613 DTXSID50378741 DTXSID20285377 DTXSID80444004 DTXSID70159413 DTXSID80742077 DTXSID60168776 DTXSID80439197 DTXSID90396484 DTXSID00546650 DTXSID40468009 DTXSID60526594
DTXSID50664858	DTXSID50217121 DTXSID50561575 DTXSID40804983 DTXSID10547299 DTXSID20595206 DTXSID90479640 DTXSID40733941 DTXSID00592430 DTXSID40147746 DTXSID20144394 DTXSID50198623 DTXSID50561257 DTXSID10371692 DTXSID40767105 DTXSID70610372 DTXSID30468098 DTXSID70528064 DTXSID30756543 DTXSID40876847 DTXSID50313596
DTXSID00778656	DTXSID90462451 DTXSID60812121 DTXSID50791274 DTXSID40811839 DTXSID70159913 DTXSID00281615 DTXSID40279031 DTXSID30538700 DTXSID70564664 DTXSID10341658 DTXSID30809604 DTXSID50482655 DTXSID60884823 DTXSID20144556 DTXSID50632714 DTXSID20288045 DTXSID60468920 DTXSID10790102 DTXSID60526094 DTXSID80612544
DTXSID80708279	DTXSID40828008 DTXSID30763535 DTXSID00301524 DTXSID30821189 DTXSID30831682 DTXSID20163666 DTXSID90591033 DTXSID40220346 DTXSID30707813 DTXSID40501107 DTXSID80853470 DTXSID80891978 DTXSID00160890 DTXSID70570841 DTXSID8070417 DTXSID70781576 DTXSID80773745 DTXSID90706463 DTXSID60146670 DTXSID40304615
DTXSID00274688	DTXSID80176191 DTXSID10292111 DTXSID50722604 DTXSID00646760 DTXSID70799095 DTXSID20143105 DTXSID30179672 DTXSID10572809 DTXSID00364013 DTXSID60470846 DTXSID50356327 DTXSID30838752 DTXSID20384834 DTXSID30747335 DTXSID10763412 DTXSID30853642 DTXSID60879411 DTXSID30422675 DTXSID70476834 DTXSID30227566
DTXSID50762101	DTXSID90446897 DTXSID60877351 DTXSID00206505 DTXSID20200005 DTXSID10302946 DTXSID10809501 DTXSID90424554 DTXSID00579281 DTXSID00341268 DTXSID80156756 DTXSID00565689 DTXSID80175861 DTXSID90850096 DTXSID10410373 DTXSID00338633 DTXSID70569992 DTXSID60399760 DTXSID80241717 DTXSID10237007 DTXSID50436936
DTXSID70602636	DTXSID00473578 DTXSID80537122 DTXSID60532832 DTXSID80324271 DTXSID10201521 DTXSID60355402 DTXSID10338109 DTXSID90577938 DTXSID70640290 DTXSID50531652 DTXSID10675349 DTXSID60312575 DTXSID90854731 DTXSID30185314 DTXSID40522559 DTXSID70434151 DTXSID00390094 DTXSID30238455 DTXSID70711419 DTXSID70704008
DTXSID90615384	DTXSID00893454 DTXSID60235114 DTXSID90527559 DTXSID00431279 DTXSID20529607 DTXSID20896422 DTXSID30896559 DTXSID10547911 DTXSID80896423 DTXSID60567341 DTXSID9073676 DTXSID00734131 DTXSID80549962 DTXSID80349702 DTXSID70896391 DTXSID20234486 DTXSID90158004 DTXSID60896421 DTXSID80645236 DTXSID90526002
DTXSID00498387	DTXSID80772011 DTXSID30175614 DTXSID90401582 DTXSID00490346 DTXSID70400710 DTXSID20422326 DTXSID90409028 DTXSID30607723 DTXSID40456507 DTXSID60668726 DTXSID30531958 DTXSID50613285 DTXSID00632204 DTXSID60396875 DTXSID90346863 DTXSID1069952 DTXSID30240972 DTXSID10462918 DTXSID80470368 DTXSID60204461
DTXSID90307398	DTXSID10713593 DTXSID40545728 DTXSID50727174 DTXSID60675071 DTXSID20206103 DTXSID10375655 DTXSID20671716 DTXSID80712533 DTXSID50496494 DTXSID20298200 DTXSID80453838 DTXSID70599118 DTXSID50464411 DTXSID3057692 DTXSID30638613 DTXSID00729865 DTXSID70463027 DTXSID40374050 DTXSID60458280 DTXSID20285377
DTXSID00438884	DTXSID80787827 DTXSID70418875 DTXSID10786702 DTXSID00364578 DTXSID00407575 DTXSID00735688 DTXSID70569573 DTXSID40441716 DTXSID50467720 DTXSID50391273 DTXSID40705805 DTXSID30396761 DTXSID70706764 DTXSID90302707 DTXSID80729287 DTXSID60162739 DTXSID50528608 DTXSID2051978 DTXSID80452144 DTXSID60675172
DTXSID80673756	DTXSID20295613 DTXSID80809139 DTXSID40226601 DTXSID00333421 DTXSID70751774 DTXSID70359411 DTXSID90543810 DTXSID00478189 DTXSID6044773 DTXSID40503843 DTXSID60778778 DTXSID30342248 DTXSID80174834 DTXSID60239672 DTXSID80342874 DTXSID00639591 DTXSID10564320 DTXSID00428720 DTXSID10794029 DTXSID00145324
DTXSID80791444	DTXSID30447181 DTXSID90767918 DTXSID80398735 DTXSID50177630 DTXSID80775204 DTXSID90497925 DTXSID50297620 DTXSID4074271 DTXSID50296032 DTXSID10521453 DTXSID70540044 DTXSID60287734 DTXSID60174953 DTXSID20602303 DTXSID50816158 DTXSID90816713 DTXSID3058955 DTXSID20791342 DTXSID40855132 DTXSID40576875
DTXSID80333909	DTXSID10296917 DTXSID70566345 DTXSID50512320 DTXSID40555726 DTXSID80437496 DTXSID80398735 DTXSID30508463 DTXSID90399273 DTXSID90497925 DTXSID90767918 DTXSID8073637 DTXSID10236494 DTXSID40390654 DTXSID50177630 DTXSID4074271 DTXSID90842799 DTXSID30447181 DTXSID80791444 DTXSID70540044 DTXSID40204681
DTXSID50315974	DTXSID20493516 DTXSID70450412 DTXSID80383500 DTXSID30642477 DTXSID50733937 DTXSID50429247 DTXSID30817062 DTXSID50568069 DTXSID10448358 DTXSID40821519 DTXSID70481504 DTXSID80354891 DTXSID5020942 DTXSID90747351 DTXSID70843961 DTXSID80181205 DTXSID10876016 DTXSID80570276 DTXSID70309653 DTXSID30641809
DTXSID60700918	DTXSID80441533 DTXSID5052387 DTXSID10700029 DTXSID40332150 DTXSID0052388 DTXSID30443108 DTXSID20793508 DTXSID40749587 DTXSID40382812 DTXSID20544931 DTXSID60806661 DTXSID50345559 DTXSID40156419 DTXSID50696336 DTXSID70433583 DTXSID10852996 DTXSID60640047 DTXSID40765540 DTXSID20877337 DTXSID70759654
DTXSID00341061	DTXSID10605303 DTXSID20415899 DTXSID30780585 DTXSID80843614 DTXSID00701489 DTXSID50670136 DTXSID10708267 DTXSID5066748 DTXSID50445684 DTXSID90724384 DTXSID40755587 DTXSID60787224 DTXSID70453488 DTXSID80509162 DTXSID80652167 DTXSID00825816 DTXSID90676834 DTXSID30606231 DTXSID00829036 DTXSID40480100
DTXSID30747335	DTXSID30838752 DTXSID40693238 DTXSID10177550 DTXSID50722604 DTXSID10292111 DTXSID70799095 DTXSID40188937 DTXSID10810950 DTXSID20143105 DTXSID80424684 DTXSID80176191 DTXSID00299730 DTXSID10675647 DTXSID30591214 DTXSID00274688 DTXSID10806398 DTXSID20384834 DTXSID00646760 DTXSID90353012 DTXSID80143106
DTXSID90594948	DTXSID20297278 DTXSID10172404 DTXSID40507280 DTXSID20526212 DTXSID60422946 DTXSID50323438 DTXSID90152885 DTXSID90567430 DTXSID00731524 DTXSID50556204 DTXSID9068378 DTXSID20513687 DTXSID50757350 DTXSID60312631 DTXSID70405624 DTXSID90390301 DTXSID60446501 DTXSID90577877 DTXSID40831936 DTXSID00416965
DTXSID0073110	DTXSID90809145 DTXSID30846155 DTXSID80851471 DTXSID20567049 DTXSID70645649 DTXSID90440214 DTXSID30620179 DTXSID60815738 DTXSID40840048 DTXSID10177015 DTXSID80658548 DTXSID20172399 DTXSID30787539 DTXSID00541968 DTXSID90443846 DTXSID80300454 DTXSID00454781 DTXSID00552832 DTXSID60240940 DTXSID90148864
DTXSID80284801	DTXSID70598186 DTXSID50181631 DTXSID40596033 DTXSID30287165 DTXSID70376901 DTXSID90654910 DTXSID90694497 DTXSID90630138 DTXSID30560804 DTXSID60818047 DTXSID70226876 DTXSID70325712 DTXSID40823058 DTXSID80851436 DTXSID30620730 DTXSID50157477 DTXSID40207955 DTXSID90731255 DTXSID20474981 DTXSID20316433
DTXSID40657274	DTXSID00650544 DTXSID30541491 DTXSID20144394 DTXSID40147746 DTXSID30553130 DTXSID50433142 DTXSID10371692 DTXSID00661216 DTXSID10726820 DTXSID50849961 DTXSID80604707 DTXSID40876847 DTXSID90479640 DTXSID40414687 DTXSID30756543 DTXSID9021712 DTXSID10325094 DTXSID80756058 DTXSID10364382 DTXSID80598596
DTXSID20421218	DTXSID70673129 DTXSID2058122 DTXSID70621488 DTXSID10294857 DTXSID70477760 DTXSID90743631 DTXSID20299055 DTXSID30294495 DTXSID70283000 DTXSID30346908 DTXSID80781800 DTXSID20312091 DTXSID50369598 DTXSID00343121 DTXSID80453999 DTXSID60289112 DTXSID20159786 DTXSID0042298 DTXSID90463827 DTXSID40760095
DTXSID10655469	DTXSID10374441 DTXSID20217491 DTXSID80897339 DTXSID00351640 DTXSID40614903 DTXSID80472847 DTXSID90836456 DTXSID70188187 DTXSID00542773 DTXSID70594325 DTXSID30323219 DTXSID10523215 DTXSID20191888 DTXSID00730375 DTXSID40710176 DTXSID80373608 DTXSID40744315 DTXSID70443980 DTXSID70192522 DTXSID90411444
DTXSID80632282	DTXSID30681826 DTXSID80525382 DTXSID90204035 DTXSID80408227 DTXSID50228333 DTXSID30625841 DTXSID80561785 DTXSID70365476 DTXSID10610614 DTXSID50171214 DTXSID50549550 DTXSID60332177 DTXSID10606431 DTXSID00304292 DTXSID60292368 DTXSID80693833 DTXSID70539892 DTXSID20429436 DTXSID70715619 DTXSID40664842
DTXSID00110032	DTXSID10498176 DTXSID70655400 DTXSID80777521 DTXSID10471545 DTXSID90484012 DTXSID50742761 DTXSID50481880 DTXSID40462704 DTXSID90396484 DTXSID30638613 DTXSID60168776 DTXSID60526594 DTXSID80439197 DTXSID20285377 DTXSID80742077 DTXSID00546650 DTXSID10375019 DTXSID50464411 DTXSID50742145 DTXSID50824718
DTXSID20751188	DTXSID80738455 DTXSID40624587 DTXSID80681634 DTXSID20511764 DTXSID90406390 DTXSID50727078 DTXSID30506146 DTXSID90706903 DTXSID80652703 DTXSID50335096 DTXSID30310881 DTXSID30593490 DTXSID50729870 DTXSID50742443 DTXSID50240651 DTXSID80326134 DTXSID80845794 DTXSID60147440 DTXSID10720308 DTXSID50180326
DTXSID00439250	DTXSID30825243 DTXSID20697451 DTXSID00216947 DTXSID20370398 DTXSID60787562 DTXSID90668794 DTXSID00774698 DTXSID90177598 DTXSID50726480 DTXSID80493638 DTXSID90842471 DTXSID50377476 DTXSID20449654 DTXSID30541254 DTXSID20442807 DTXSID70240254 DTXSID10877629 DTXSID00530115 DTXSID30339597 DTXSID90243843
DTXSID80449453	DTXSID30701937 DTXSID30431606 DTXSID80811237 DTXSID70694495 DTXSID00755240 DTXSID30493143 DTXSID50552842 DTXSID70398688 DTXSID60179988 DTXSID00706676 DTXSID20682347 DTXSID10471782 DTXSID10359354 DTXSID90706640 DTXSID30805681 DTXSID50657063 DTXSID60209613 DTXSID30727894 DTXSID70703874 DTXSID50716826
DTXSID90302707	DTXSID00615431 DTXSID10884631 DTXSID10786702 DTXSID60675172 DTXSID90353214 DTXSID00438884 DTXSID2051978 DTXSID60641211 DTXSID20527587 DTXSID20477457 DTXSID00735688 DTXSID40705805 DTXSID00364578 DTXSID40441716 DTXSID50467720 DTXSID00303785 DTXSID30396761 DTXSID70569573 DTXSID70418875 DTXSID50528608
DTXSID60425730	DTXSID90843903 DTXSID60206102 DTXSID20600723 DTXSID40751706 DTXSID10361270 DTXSID00436880 DTXSID90501470 DTXSID80310179 DTXSID70431468 DTXSID70309077 DTXSID00440826 DTXSID20739168 DTXSID90439542 DTXSID10647703 DTXSID90620534 DTXSID90819865 DTXSID20602343 DTXSID10708949 DTXSID50491545 DTXSID40530331
DTXSID50154805	DTXSID80221812 DTXSID90158322 DTXSID90160344 DTXSID80792077 DTXSID70234370 DTXSID30660373 DTXSID90203164 DTXSID00604709 DTXSID00563862 DTXSID80151569 DTXSID40555266 DTXSID70884657 DTXSID60489953 DTXSID70855069 DTXSID40677396 DTXSID60827513 DTXSID70568465 DTXSID80599947 DTXSID10580202 DTXSID30616532
DTXSID30837361	DTXSID30444615 DTXSID90829020 DTXSID60577829 DTXSID90667540 DTXSID90616912 DTXSID00587664 DTXSID80543420 DTXSID40845735 DTXSID80876684 DTXSID90456951 DTXSID50187390 DTXSID30589813 DTXSID10307496 DTXSID80772798 DTXSID20318497 DTXSID40661119 DTXSID50457540 DTXSID30385110 DTXSID5068158 DTXSID10563075
DTXSID80174874	DTXSID20306314 DTXSID70355317 DTXSID70588345 DTXSID40855379 DTXSID60816780 DTXSID60288680 DTXSID60479238 DTXSID60704577 DTXSID20489156 DTXSID40545687 DTXSID50368647 DTXSID40818449 DTXSID50183731 DTXSID50743096 DTXSID30671565 DTXSID30157793 DTXSID60876066 DTXSID50368960 DTXSID60484049 DTXSID10380608
DTXSID50568908	DTXSID50825321 DTXSID50224219 DTXSID50851665 DTXSID20614320 DTXSID30808778 DTXSID90714144 DTXSID50545613 DTXSID70203329 DTXSID10467660 DTXSID20547861 DTXSID10468334 DTXSID20813437 DTXSID60738433 DTXSID30637126 DTXSID40797200 DTXSID00551027 DTXSID30402255 DTXSID80531281 DTXSID90433782 DTXSID50786221
DTXSID60593084	DTXSID40594852 DTXSID00307723 DTXSID00421579 DTXSID20794818 DTXSID30624394 DTXSID1023233 DTXSID10318623 DTXSID70571636 DTXSID70747839 DTXSID30584969 DTXSID20873935 DTXSID40467916 DTXSID10808392 DTXSID20453190 DTXSID90322162 DTXSID3061683 DTXSID00234328 DTXSID40556793 DTXSID20722459 DTXSID40163623
DTXSID10624458	DTXSID20654908 DTXSID80630460 DTXSID40657471 DTXSID90772845 DTXSID60696569 DTXSID50277765 DTXSID30181270 DTXSID90185830 DTXSID10756167 DTXSID50806832 DTXSID10571610 DTXSID60760855 DTXSID30506146 DTXSID20602808 DTXSID40423173 DTXSID80207252 DTXSID20442145 DTXSID9074642 DTXSID80845794 DTXSID20723749
DTXSID90734029	DTXSID70349519 DTXSID20377125 DTXSID80358672 DTXSID20295517 DTXSID70628018 DTXSID80620381 DTXSID40297775 DTXSID60295354 DTXSID60167603 DTXSID00462684 DTXSID70295163 DTXSID60470523 DTXSID60736257 DTXSID10651305 DTXSID50305239 DTXSID20277075 DTXSID20646803 DTXSID1042281 DTXSID80601317 DTXSID90360625
DTXSID30588169	DTXSID60405779 DTXSID50799997 DTXSID70826239 DTXSID30733677 DTXSID60640800 DTXSID00758317 DTXSID20445999 DTXSID40697155 DTXSID70606538 DTXSID30666274 DTXSID30627507 DTXSID20781243 DTXSID60586219 DTXSID50847765 DTXSID40697812 DTXSID40661119 DTXSID70756441 DTXSID90489385 DTXSID80543420 DTXSID90787030
DTXSID50757350	DTXSID60312631 DTXSID9068378 DTXSID20771341 DTXSID90152885 DTXSID00481779 DTXSID90655745 DTXSID60422946 DTXSID60446501 DTXSID00766412 DTXSID60421353 DTXSID50152285 DTXSID40507280 DTXSID30369379 DTXSID90594948 DTXSID50323438 DTXSID90577877 DTXSID10172404 DTXSID40430185 DTXSID90390301 DTXSID00487938
DTXSID40604041	DTXSID20793129 DTXSID10338028 DTXSID60334732 DTXSID10579631 DTXSID80625518 DTXSID70840778 DTXSID60768018 DTXSID90610016 DTXSID40767246 DTXSID20627273 DTXSID20337941 DTXSID60818128 DTXSID40718915 DTXSID00402808 DTXSID60501967 DTXSID90826973 DTXSID40338031 DTXSID50718906 DTXSID30768005 DTXSID20818129
DTXSID50460130	DTXSID30396761 DTXSID40441716 DTXSID40519863 DTXSID20481377 DTXSID80452144 DTXSID10786702 DTXSID7069071 DTXSID70418875 DTXSID2060967 DTXSID20449210 DTXSID00364578 DTXSID60150616 DTXSID20527587 DTXSID60408725 DTXSID00438884 DTXSID20190770 DTXSID40543441 DTXSID80638027 DTXSID30757772 DTXSID70217885
DTXSID80554157	DTXSID20834965 DTXSID50277442 DTXSID10144383 DTXSID10829527 DTXSID70443026 DTXSID00719266 DTXSID9057680 DTXSID90696310 DTXSID90453768 DTXSID50215283 DTXSID90529396 DTXSID90289180 DTXSID60635918 DTXSID30354361 DTXSID50651006 DTXSID00162071 DTXSID70874098 DTXSID60649439 DTXSID60540114 DTXSID40540738
DTXSID90440214	DTXSID30867401 DTXSID30846155 DTXSID70645649 DTXSID20567049 DTXSID40840048 DTXSID0073110 DTXSID90809145 DTXSID50675242 DTXSID40887211 DTXSID50711134 DTXSID60240940 DTXSID30330387 DTXSID40662929 DTXSID40144795 DTXSID60816765 DTXSID50469825 DTXSID20363886 DTXSID70517256 DTXSID80844106 DTXSID40711103
DTXSID60363224	DTXSID80229196 DTXSID10463425 DTXSID70835068 DTXSID30651367 DTXSID00759581 DTXSID40551980 DTXSID50682239 DTXSID90395215 DTXSID90473582 DTXSID00874349 DTXSID50277806 DTXSID10311119 DTXSID70606674 DTXSID90509133 DTXSID20657292 DTXSID50354606 DTXSID90845265 DTXSID50278717 DTXSID50455440 DTXSID80618687
DTXSID00382853	DTXSID30583295 DTXSID80482123 DTXSID80573368 DTXSID40407716 DTXSID10181718 DTXSID50170020 DTXSID40671112 DTXSID90571239 DTXSID80293478 DTXSID80381501 DTXSID90162424 DTXSID20382350 DTXSID90646895 DTXSID10642071 DTXSID8060298 DTXSID30308581 DTXSID10298976 DTXSID50701111 DTXSID00576634 DTXSID70489803
DTXSID60475331	DTXSID60398475 DTXSID00534350 DTXSID90286270 DTXSID30660313 DTXSID50555191 DTXSID40417916 DTXSID10501255 DTXSID10856792 DTXSID70813563 DTXSID70645644 DTXSID00590274 DTXSID40585765 DTXSID70736667 DTXSID00163427 DTXSID30795831 DTXSID20448142 DTXSID20673937 DTXSID40732434 DTXSID30597130 DTXSID30173539
DTXSID70895425	DTXSID20873839 DTXSID70895420 DTXSID20189422 DTXSID30878370 DTXSID00324278 DTXSID70425009 DTXSID90610334 DTXSID60463218 DTXSID50830455 DTXSID70746584 DTXSID40615076 DTXSID90415609 DTXSID00575607 DTXSID4072813 DTXSID30392389 DTXSID40329005 DTXSID10829820 DTXSID50814391 DTXSID20733227 DTXSID80315841
DTXSID80603790	DTXSID70440333 DTXSID20391366 DTXSID50210571 DTXSID30378406 DTXSID20170390 DTXSID60170258 DTXSID70774685 DTXSID50171916 DTXSID80724191 DTXSID10816412 DTXSID50630316 DTXSID20892085 DTXSID30369516 DTXSID10606431 DTXSID70214475 DTXSID80561785 DTXSID90622311 DTXSID40757627 DTXSID40309307 DTXSID70282073
DTXSID80661557	DTXSID10459469 DTXSID70191530 DTXSID40430408 DTXSID30618773 DTXSID40552573 DTXSID40180118 DTXSID70737457 DTXSID10708141 DTXSID00503940 DTXSID20776795 DTXSID50713451 DTXSID10352183 DTXSID30383914 DTXSID70876097 DTXSID80230045 DTXSID1071743 DTXSID00645617 DTXSID20656245 DTXSID70219349 DTXSID80180798
DTXSID5026548	DTXSID60842620 DTXSID50569758 DTXSID20320999 DTXSID80311045 DTXSID80365482 DTXSID80748150 DTXSID70822074 DTXSID70529697 DTXSID00638044 DTXSID70536543 DTXSID80878082 DTXSID10509216 DTXSID10144949 DTXSID00632961 DTXSID50840392 DTXSID50878074 DTXSID80612544 DTXSID00616882 DTXSID50320407 DTXSID20144556
DTXSID70312566	DTXSID20448142 DTXSID90329050 DTXSID40732434 DTXSID30173539 DTXSID70602010 DTXSID90345331 DTXSID30219385 DTXSID10772064 DTXSID70590307 DTXSID70813563 DTXSID30843725 DTXSID70801127 DTXSID50618790 DTXSID70645644 DTXSID90408415 DTXSID10511778 DTXSID60278708 DTXSID00190516 DTXSID50761255 DTXSID80294248
DTXSID50196164	DTXSID50340887 DTXSID50867463 DTXSID70345692 DTXSID80347102 DTXSID10492816 DTXSID80651337 DTXSID00773606 DTXSID00726213 DTXSID50734888 DTXSID80567565 DTXSID60528215 DTXSID80765483 DTXSID90826195 DTXSID90407180 DTXSID20579662 DTXSID40624744 DTXSID50660638 DTXSID10801303 DTXSID20579748 DTXSID70490555
DTXSID90278559	DTXSID30650890 DTXSID30652778 DTXSID60653339 DTXSID80341241 DTXSID60572394 DTXSID20771280 DTXSID60439599 DTXSID30399353 DTXSID70398168 DTXSID60144510 DTXSID50323554 DTXSID50152846 DTXSID40764472 DTXSID40574457 DTXSID00744412 DTXSID70372524 DTXSID10177959 DTXSID80835635 DTXSID20213736 DTXSID80199320
DTXSID30639049	DTXSID70193216 DTXSID00523527 DTXSID40523526 DTXSID60523528 DTXSID30766546 DTXSID90750769 DTXSID10600494 DTXSID30850858 DTXSID20523529 DTXSID50476377 DTXSID20297955 DTXSID10851661 DTXSID40739943 DTXSID20565303 DTXSID10241806 DTXSID30848932 DTXSID70765735 DTXSID50479464 DTXSID00289651 DTXSID70784865
DTXSID80596173	DTXSID20429870 DTXSID70274377 DTXSID80647497 DTXSID50879142 DTXSID50704788 DTXSID00382030 DTXSID60742111 DTXSID90629749 DTXSID40596119 DTXSID40793823 DTXSID30709610 DTXSID60798719 DTXSID50389458 DTXSID30222415 DTXSID00287899 DTXSID40466202 DTXSID90407221 DTXSID00694620 DTXSID80355863 DTXSID00156475
DTXSID70895420	DTXSID90415609 DTXSID70746584 DTXSID50830455 DTXSID20873839 DTXSID40615076 DTXSID70895425 DTXSID30878370 DTXSID4072813 DTXSID40329005 DTXSID10829820 DTXSID00575607 DTXSID90577150 DTXSID70425009 DTXSID80315841 DTXSID50275680 DTXSID50814391 DTXSID4057716 DTXSID60463218 DTXSID90610334 DTXSID40766118
DTXSID3042506	DTXSID30434854 DTXSID10632250 DTXSID80402669 DTXSID60143962 DTXSID70566264 DTXSID10177959 DTXSID60552611 DTXSID90375653 DTXSID40403172 DTXSID80742936 DTXSID10406892 DTXSID60533187 DTXSID60439599 DTXSID10394942 DTXSID90669645 DTXSID60144510 DTXSID80665419 DTXSID00343681 DTXSID20307381 DTXSID10364125
DTXSID40697453	DTXSID60441157 DTXSID90753477 DTXSID80661173 DTXSID50879349 DTXSID50567355 DTXSID90734408 DTXSID00166478 DTXSID70876234 DTXSID00663573 DTXSID30393856 DTXSID60183868 DTXSID60497452 DTXSID80358899 DTXSID10483325 DTXSID70165837 DTXSID20295274 DTXSID50531132 DTXSID80685814 DTXSID00376691 DTXSID70326108
DTXSID80562318	DTXSID50145874 DTXSID50345892 DTXSID90725351 DTXSID30223841 DTXSID10478731 DTXSID50627165 DTXSID90648819 DTXSID70239542 DTXSID40646269 DTXSID70383211 DTXSID40334412 DTXSID50474035 DTXSID00482887 DTXSID50588202 DTXSID80701725 DTXSID60358791 DTXSID10618170 DTXSID30735590 DTXSID70693842 DTXSID70856415
DTXSID60499097	DTXSID90445022 DTXSID20675239 DTXSID10647309 DTXSID20554217 DTXSID20454682 DTXSID60471398 DTXSID60887995 DTXSID50423907 DTXSID6070560 DTXSID90284610 DTXSID80238102 DTXSID20805731 DTXSID20525381 DTXSID40820608 DTXSID80639059 DTXSID60834161 DTXSID00203059 DTXSID50858836 DTXSID80756533 DTXSID80399161
DTXSID80785585	DTXSID30348402 DTXSID70615549 DTXSID10310521 DTXSID30564701 DTXSID00896208 DTXSID20883357 DTXSID10896335 DTXSID60320519 DTXSID00537482 DTXSID20173629 DTXSID00851251 DTXSID60542496 DTXSID40839114 DTXSID60383846 DTXSID90178202 DTXSID2068137 DTXSID10143558 DTXSID90513997 DTXSID50334625 DTXSID20700217
DTXSID60550733	DTXSID00550732 DTXSID2052447 DTXSID80201174 DTXSID00223994 DTXSID90738906 DTXSID80783708 DTXSID40379404 DTXSID50729234 DTXSID20476203 DTXSID20518379 DTXSID0047741 DTXSID70886030 DTXSID0044153 DTXSID30201402 DTXSID80407876 DTXSID30858713 DTXSID40708275 DTXSID30222273 DTXSID10808953 DTXSID80448244
DTXSID80276584	DTXSID30743135 DTXSID40314517 DTXSID30514887 DTXSID40180658 DTXSID70562423 DTXSID80640842 DTXSID70514886 DTXSID60804228 DTXSID30886233 DTXSID20625113 DTXSID80678180 DTXSID00472485 DTXSID80443759 DTXSID90774102 DTXSID60457672 DTXSID70876870 DTXSID80352251 DTXSID30202232 DTXSID00699594 DTXSID10597638
DTXSID00165648	DTXSID00326035 DTXSID10294832 DTXSID30809003 DTXSID00429333 DTXSID30823229 DTXSID40468084 DTXSID90722587 DTXSID00618321 DTXSID20832224 DTXSID30797451 DTXSID3057729 DTXSID30368908 DTXSID10556543 DTXSID80375703 DTXSID80668364 DTXSID70662836 DTXSID10154664 DTXSID80832225 DTXSID90383879 DTXSID90422898
DTXSID60415636	DTXSID40679875 DTXSID70498152 DTXSID60312176 DTXSID00409352 DTXSID70602333 DTXSID70471682 DTXSID20290880 DTXSID50646674 DTXSID40279910 DTXSID70218155 DTXSID0058514 DTXSID80810068 DTXSID90596508 DTXSID10672434 DTXSID30525913 DTXSID30854114 DTXSID30583371 DTXSID00446262 DTXSID30406531 DTXSID50619383
DTXSID00887474	DTXSID10784127 DTXSID50499107 DTXSID60873939 DTXSID6044802 DTXSID20745486 DTXSID70888296 DTXSID40873937 DTXSID10764146 DTXSID50343212 DTXSID50289404 DTXSID70867364 DTXSID70177359 DTXSID3051541 DTXSID5051311 DTXSID0072776 DTXSID20797061 DTXSID70750186 DTXSID70797955 DTXSID00768219 DTXSID70793856
DTXSID70678917	DTXSID30532480 DTXSID70742607 DTXSID00649796 DTXSID00645374 DTXSID80503569 DTXSID30876412 DTXSID60876849 DTXSID50481325 DTXSID30217881 DTXSID90884376 DTXSID20879154 DTXSID80364915 DTXSID50594348 DTXSID90664317 DTXSID20427937 DTXSID80295957 DTXSID70694839 DTXSID40575409 DTXSID50454276 DTXSID40287813
DTXSID30879706	DTXSID30574885 DTXSID80552613 DTXSID90444156 DTXSID40358239 DTXSID10342286 DTXSID60164793 DTXSID80712154 DTXSID60495337 DTXSID10634274 DTXSID60305467 DTXSID50147050 DTXSID20564316 DTXSID20754836 DTXSID60284925 DTXSID70300064 DTXSID70548989 DTXSID70392328 DTXSID30321194 DTXSID80613192 DTXSID20875878
DTXSID70472139	DTXSID00427854 DTXSID70170840 DTXSID90485307 DTXSID90493144 DTXSID50663063 DTXSID40427853 DTXSID40792871 DTXSID00322673 DTXSID20876264 DTXSID20504696 DTXSID60668665 DTXSID40540213 DTXSID50310126 DTXSID60441415 DTXSID50430015 DTXSID70320828 DTXSID00490846 DTXSID00295777 DTXSID20602808 DTXSID40222441
DTXSID00876525	DTXSID20364550 DTXSID80694441 DTXSID70505355 DTXSID20278103 DTXSID70579435 DTXSID50605327 DTXSID00590557 DTXSID50738063 DTXSID2052360 DTXSID80765726 DTXSID60310778 DTXSID60381564 DTXSID60830143 DTXSID50538186 DTXSID0052386 DTXSID80763489 DTXSID80790533 DTXSID8070542 DTXSID40642064 DTXSID00813839
DTXSID20680742	DTXSID70615761 DTXSID00497850 DTXSID90740544 DTXSID50590749 DTXSID50208059 DTXSID80499110 DTXSID80374438 DTXSID60303226 DTXSID30716364 DTXSID3069982 DTXSID80556898 DTXSID30716324 DTXSID90497425 DTXSID80182510 DTXSID50364467 DTXSID60379527 DTXSID30588240 DTXSID80646465 DTXSID00606980 DTXSID1063435
DTXSID70812718	DTXSID60160179 DTXSID80392899 DTXSID10762622 DTXSID10628037 DTXSID00557064 DTXSID10354788 DTXSID90301679 DTXSID50147792 DTXSID70599113 DTXSID50352288 DTXSID00748632 DTXSID80879473 DTXSID6070435 DTXSID20279130 DTXSID20488649 DTXSID90521855 DTXSID10423387 DTXSID80736431 DTXSID40624108 DTXSID80468664
DTXSID70408195	DTXSID80752176 DTXSID60634486 DTXSID60739006 DTXSID30176388 DTXSID20876002 DTXSID30157839 DTXSID60636561 DTXSID20424360 DTXSID70434515 DTXSID50709773 DTXSID90729455 DTXSID80696829 DTXSID70578327 DTXSID00504730 DTXSID80660101 DTXSID30402412 DTXSID40677391 DTXSID60341340 DTXSID30627547 DTXSID90810493
DTXSID60586193	DTXSID20876587 DTXSID70814070 DTXSID0052330 DTXSID60776895 DTXSID80407033 DTXSID90344864 DTXSID00236589 DTXSID90313550 DTXSID30403904 DTXSID80283036 DTXSID40474807 DTXSID00564713 DTXSID30167256 DTXSID70764920 DTXSID10448853 DTXSID80611870 DTXSID70780766 DTXSID50596322 DTXSID20832421 DTXSID50579054
DTXSID50340226	DTXSID50457944 DTXSID40200784 DTXSID40330590 DTXSID20431170 DTXSID80496346 DTXSID30446093 DTXSID80466206 DTXSID70460152 DTXSID10456251 DTXSID10838811 DTXSID10404676 DTXSID00391541 DTXSID80604368 DTXSID20557243 DTXSID70792849 DTXSID20341866 DTXSID80169801 DTXSID70569078 DTXSID90719593 DTXSID10500324
DTXSID70736667	DTXSID30219385 DTXSID40299936 DTXSID00293152 DTXSID20493056 DTXSID30660313 DTXSID20448142 DTXSID00534350 DTXSID20673937 DTXSID50367973 DTXSID90412517 DTXSID30843725 DTXSID10150984 DTXSID90329050 DTXSID50736766 DTXSID00366613 DTXSID1073367 DTXSID40649518 DTXSID60288928 DTXSID60398475 DTXSID70813563
DTXSID60405698	DTXSID90827602 DTXSID60734071 DTXSID80801219 DTXSID00520839 DTXSID30464712 DTXSID60655318 DTXSID60667299 DTXSID20738530 DTXSID10724003 DTXSID90373674 DTXSID70526808 DTXSID50457580 DTXSID80699496 DTXSID30609984 DTXSID50384160 DTXSID50535817 DTXSID30787675 DTXSID90602810 DTXSID70650576 DTXSID50630270
DTXSID20408685	DTXSID80196773 DTXSID80538619 DTXSID1067833 DTXSID80787605 DTXSID90767079 DTXSID60631637 DTXSID70815446 DTXSID90791359 DTXSID20193125 DTXSID60196094 DTXSID90430256 DTXSID60589644 DTXSID80542938 DTXSID70280852 DTXSID00832287 DTXSID60373803 DTXSID50837267 DTXSID00314154 DTXSID30628918 DTXSID10384429
DTXSID00751005	DTXSID60805391 DTXSID00890342 DTXSID00494167 DTXSID40585765 DTXSID30874256 DTXSID00620621 DTXSID60446566 DTXSID30237408 DTXSID20673937 DTXSID40214245 DTXSID10364903 DTXSID80633850 DTXSID80320551 DTXSID30318408 DTXSID40299936 DTXSID90412517 DTXSID60645335 DTXSID50160901 DTXSID90635143 DTXSID30677421
DTXSID70508063	DTXSID80493395 DTXSID70737336 DTXSID10637523 DTXSID00611953 DTXSID90459442 DTXSID30181735 DTXSID30341251 DTXSID80629657 DTXSID50556143 DTXSID60522556 DTXSID10310607 DTXSID00621052 DTXSID50639965 DTXSID10508168 DTXSID70651442 DTXSID60651597 DTXSID70711292 DTXSID50196109 DTXSID50448771 DTXSID40474802
DTXSID70616314	DTXSID30401026 DTXSID90693208 DTXSID90348968 DTXSID40348731 DTXSID90722921 DTXSID00214044 DTXSID30371053 DTXSID10308665 DTXSID60561849 DTXSID90370966 DTXSID10777190 DTXSID80436661 DTXSID80733081 DTXSID00857591 DTXSID10646413 DTXSID80475919 DTXSID30343679 DTXSID80597943 DTXSID40478209 DTXSID00681055
DTXSID60694580	DTXSID80620169 DTXSID10217122 DTXSID90584728 DTXSID10525991 DTXSID00542470 DTXSID10606552 DTXSID60840166 DTXSID60809374 DTXSID00317766 DTXSID90792028 DTXSID20660908 DTXSID00541347 DTXSID80588290 DTXSID30729499 DTXSID50805002 DTXSID30331379 DTXSID00398893 DTXSID10850376 DTXSID00504230 DTXSID80649850
DTXSID60194212	DTXSID00352374 DTXSID80369526 DTXSID70554040 DTXSID10787436 DTXSID20745421 DTXSID50321954 DTXSID00457217 DTXSID3037549 DTXSID50494990 DTXSID30693106 DTXSID00810328 DTXSID00352617 DTXSID40199366 DTXSID70465081 DTXSID50846172 DTXSID70771053 DTXSID00641295 DTXSID50716063 DTXSID50440356 DTXSID10332006
DTXSID00646886	DTXSID10402258 DTXSID90365938 DTXSID60498388 DTXSID20610786 DTXSID50608176 DTXSID50453587 DTXSID40408041 DTXSID90559693 DTXSID20739320 DTXSID80480467 DTXSID4020953 DTXSID4025903 DTXSID20661910 DTXSID90676839 DTXSID30671904 DTXSID10482131 DTXSID60885815 DTXSID30178327 DTXSID00651511 DTXSID90631125
DTXSID60290364	DTXSID90490996 DTXSID8047717 DTXSID50788008 DTXSID70333716 DTXSID30823264 DTXSID40322596 DTXSID90280854 DTXSID70720440 DTXSID90334321 DTXSID40186074 DTXSID00842240 DTXSID60445433 DTXSID40547121 DTXSID20880629 DTXSID70278193 DTXSID30434511 DTXSID90178843 DTXSID10503451 DTXSID20475594 DTXSID40289256
DTXSID90440991	DTXSID60876066 DTXSID30736769 DTXSID40712115 DTXSID80343528 DTXSID50368647 DTXSID60288680 DTXSID40545687 DTXSID70588345 DTXSID50541579 DTXSID80360679 DTXSID50509235 DTXSID10650333 DTXSID50863142 DTXSID00390958 DTXSID90596028 DTXSID30157793 DTXSID50681601 DTXSID90323199 DTXSID20514831 DTXSID20306314
DTXSID60418021	DTXSID10637361 DTXSID90807484 DTXSID40286902 DTXSID70761252 DTXSID70373192 DTXSID20887799 DTXSID50828832 DTXSID2050035 DTXSID30158189 DTXSID60675950 DTXSID20173745 DTXSID30694012 DTXSID40880500 DTXSID10244236 DTXSID10720146 DTXSID10609947 DTXSID80211511 DTXSID8070960 DTXSID80764310 DTXSID70348188
DTXSID70873662	DTXSID70235529 DTXSID50181656 DTXSID80439612 DTXSID50400551 DTXSID50179518 DTXSID00503783 DTXSID30852256 DTXSID20605314 DTXSID70813427 DTXSID30371457 DTXSID60622580 DTXSID70597735 DTXSID10301277 DTXSID90435044 DTXSID80710670 DTXSID90793535 DTXSID80560576 DTXSID20368194 DTXSID00469355 DTXSID90560729
DTXSID00547167	DTXSID30180824 DTXSID50569415 DTXSID50354368 DTXSID70788262 DTXSID00348838 DTXSID80621691 DTXSID00342891 DTXSID80628382 DTXSID10280790 DTXSID20372933 DTXSID40628489 DTXSID30180364 DTXSID00196871 DTXSID00348297 DTXSID60500859 DTXSID10383811 DTXSID20348830 DTXSID00663871 DTXSID70726528 DTXSID20507041
DTXSID40568598	DTXSID80451632 DTXSID70336101 DTXSID90661048 DTXSID00220160 DTXSID70291387 DTXSID80661158 DTXSID50384160 DTXSID20800029 DTXSID70680914 DTXSID20547326 DTXSID20629590 DTXSID20738530 DTXSID60646983 DTXSID70791312 DTXSID10495286 DTXSID90721373 DTXSID80661133 DTXSID30464712 DTXSID30577331 DTXSID70445949
DTXSID00195960	DTXSID10627328 DTXSID00391167 DTXSID20895733 DTXSID10742747 DTXSID60587524 DTXSID50595032 DTXSID20734653 DTXSID40388076 DTXSID50208236 DTXSID60664203 DTXSID90481965 DTXSID20294540 DTXSID30527699 DTXSID00345842 DTXSID40697913 DTXSID40646486 DTXSID00461617 DTXSID50180543 DTXSID30742365 DTXSID20807311
DTXSID90853663	DTXSID70224791 DTXSID70297561 DTXSID60328237 DTXSID70195316 DTXSID90602714 DTXSID40484168 DTXSID10185079 DTXSID3048316 DTXSID80384572 DTXSID10756521 DTXSID2073720 DTXSID70558604 DTXSID00672827 DTXSID00386558 DTXSID90324449 DTXSID50841228 DTXSID6046264 DTXSID40774819 DTXSID00217873 DTXSID40530558
DTXSID30443108	DTXSID40332150 DTXSID20793508 DTXSID40156419 DTXSID20544931 DTXSID50345559 DTXSID80441533 DTXSID40749587 DTXSID60700918 DTXSID40765540 DTXSID90458399 DTXSID60806661 DTXSID10700029 DTXSID5052387 DTXSID20856788 DTXSID10852996 DTXSID60640047 DTXSID10594324 DTXSID40211870 DTXSID40382812 DTXSID0052388
DTXSID10404676	DTXSID70792849 DTXSID50457944 DTXSID70460152 DTXSID80466206 DTXSID40200784 DTXSID70569078 DTXSID50340226 DTXSID60319948 DTXSID90784241 DTXSID40330590 DTXSID20431170 DTXSID10500324 DTXSID80496346 DTXSID70549451 DTXSID00763380 DTXSID00391541 DTXSID20341866 DTXSID60184971 DTXSID10838811 DTXSID80578333
DTXSID9041445	DTXSID30653301 DTXSID00594772 DTXSID30428657 DTXSID70618434 DTXSID40747321 DTXSID30591799 DTXSID50230830 DTXSID90787550 DTXSID90374045 DTXSID40794991 DTXSID60711948 DTXSID80351628 DTXSID20840849 DTXSID10565357 DTXSID40589021 DTXSID40110056 DTXSID20374210 DTXSID90730905 DTXSID90614711 DTXSID40325007
DTXSID10544889	DTXSID00645879 DTXSID70528403 DTXSID50482458 DTXSID30634231 DTXSID70573993 DTXSID90426058 DTXSID60375120 DTXSID80241550 DTXSID00186010 DTXSID10221865 DTXSID7051686 DTXSID20579647 DTXSID80480689 DTXSID60505389 DTXSID50441368 DTXSID80509708 DTXSID80856784 DTXSID40397623 DTXSID30578828 DTXSID50650796
DTXSID40501203	DTXSID20342474 DTXSID30347430 DTXSID00176173 DTXSID10809122 DTXSID10296917 DTXSID80333909 DTXSID10626775 DTXSID70566345 DTXSID50342467 DTXSID90842799 DTXSID20231798 DTXSID50512320 DTXSID40390654 DTXSID90399273 DTXSID40555726 DTXSID80437496 DTXSID80398735 DTXSID80282928 DTXSID50543331 DTXSID50573193
DTXSID10349472	DTXSID50520142 DTXSID20354870 DTXSID50603368 DTXSID40797886 DTXSID20647693 DTXSID10696150 DTXSID70181390 DTXSID50494753 DTXSID80323562 DTXSID50406932 DTXSID10797277 DTXSID80522134 DTXSID8059007 DTXSID70561092 DTXSID30796606 DTXSID60819953 DTXSID90585376 DTXSID70226290 DTXSID1061998 DTXSID80440647
DTXSID10154821	DTXSID90408475 DTXSID00440381 DTXSID8024365 DTXSID50759132 DTXSID70157217 DTXSID50664656 DTXSID20603350 DTXSID20292960 DTXSID10291624 DTXSID40176334 DTXSID00308578 DTXSID40177548 DTXSID50486638 DTXSID90892294 DTXSID20282922 DTXSID0059114 DTXSID50283927 DTXSID10167355 DTXSID10660230 DTXSID50737298
DTXSID20723749	DTXSID10571610 DTXSID20654908 DTXSID30181270 DTXSID10182583 DTXSID40423173 DTXSID90474150 DTXSID20462242 DTXSID10440756 DTXSID60729821 DTXSID80630460 DTXSID80724631 DTXSID10720242 DTXSID50806832 DTXSID20442145 DTXSID50310222 DTXSID10624458 DTXSID90379454 DTXSID70433149 DTXSID90772845 DTXSID50277765
DTXSID70291387	DTXSID90661048 DTXSID80661158 DTXSID00220160 DTXSID50384160 DTXSID40568598 DTXSID10495286 DTXSID80451632 DTXSID70791312 DTXSID20800029 DTXSID70336101 DTXSID60646983 DTXSID50472117 DTXSID80670260 DTXSID40710035 DTXSID20629590 DTXSID00520839 DTXSID20738530 DTXSID80661133 DTXSID00327365 DTXSID70445949
DTXSID20514699	DTXSID30646278 DTXSID20657131 DTXSID60404409 DTXSID40292366 DTXSID50739292 DTXSID30621202 DTXSID00430803 DTXSID90879303 DTXSID40605891 DTXSID80703926 DTXSID90381971 DTXSID00464143 DTXSID10462130 DTXSID80614503 DTXSID00672261 DTXSID80729005 DTXSID80711086 DTXSID10695087 DTXSID70142845 DTXSID40622947
DTXSID70190260	DTXSID30302286 DTXSID70604958 DTXSID90784241 DTXSID10818299 DTXSID80478920 DTXSID10500324 DTXSID00763380 DTXSID70460152 DTXSID70569078 DTXSID90487604 DTXSID10404676 DTXSID20341866 DTXSID60184971 DTXSID60319948 DTXSID70792849 DTXSID20431170 DTXSID00391541 DTXSID50457944 DTXSID10544465 DTXSID80466206
DTXSID20839490	DTXSID90426730 DTXSID10658556 DTXSID10528543 DTXSID00603732 DTXSID70676993 DTXSID60640320 DTXSID40398079 DTXSID60281853 DTXSID70757352 DTXSID20651114 DTXSID10568641 DTXSID00631297 DTXSID30521910 DTXSID10784723 DTXSID20615493 DTXSID40212084 DTXSID90733890 DTXSID3052220 DTXSID40781200 DTXSID60743481
DTXSID30586387	DTXSID80200465 DTXSID60675213 DTXSID70894756 DTXSID80540772 DTXSID10190002 DTXSID40776999 DTXSID50383330 DTXSID30594280 DTXSID40504198 DTXSID30416392 DTXSID10766645 DTXSID60471818 DTXSID90613002 DTXSID00725468 DTXSID10223001 DTXSID00810702 DTXSID20742031 DTXSID00612400 DTXSID00355729 DTXSID70224155
DTXSID40595829	DTXSID80708355 DTXSID40405939 DTXSID20378874 DTXSID90338980 DTXSID10824299 DTXSID00611539 DTXSID40514434 DTXSID30451763 DTXSID70478419 DTXSID90346101 DTXSID10640512 DTXSID40722618 DTXSID00298647 DTXSID20579586 DTXSID40427974 DTXSID30489122 DTXSID00651450 DTXSID70593176 DTXSID60656901 DTXSID80464368
DTXSID90150427	DTXSID90504401 DTXSID90791516 DTXSID50415004 DTXSID60836802 DTXSID00628521 DTXSID90532289 DTXSID70189210 DTXSID40797841 DTXSID70427821 DTXSID60299079 DTXSID30473526 DTXSID30739694 DTXSID10427188 DTXSID40874106 DTXSID30785550 DTXSID80431853 DTXSID70744348 DTXSID10876293 DTXSID20737386 DTXSID00505101
DTXSID90328629	DTXSID60606582 DTXSID80795720 DTXSID10682199 DTXSID10391618 DTXSID50693663 DTXSID1051800 DTXSID20423873 DTXSID20229796 DTXSID50528269 DTXSID70565833 DTXSID90530942 DTXSID90536565 DTXSID90847486 DTXSID50858472 DTXSID50766366 DTXSID70651568 DTXSID80342879 DTXSID30753395 DTXSID50798425 DTXSID50502221
DTXSID60653339	DTXSID90278559 DTXSID30652778 DTXSID30650890 DTXSID20771280 DTXSID70398168 DTXSID30399353 DTXSID40764472 DTXSID80341241 DTXSID60572394 DTXSID70344100 DTXSID60439599 DTXSID50323554 DTXSID70372524 DTXSID00744412 DTXSID20806980 DTXSID90460452 DTXSID90308284 DTXSID60204269 DTXSID50152846 DTXSID60735008
DTXSID70642456	DTXSID00697813 DTXSID30201705 DTXSID30757297 DTXSID70379053 DTXSID70835922 DTXSID40786316 DTXSID60786151 DTXSID30818574 DTXSID60695476 DTXSID30632272 DTXSID60836468 DTXSID80577280 DTXSID30313034 DTXSID80402341 DTXSID30849888 DTXSID50404332 DTXSID20450149 DTXSID70529475 DTXSID50559694 DTXSID90182288
DTXSID00565760	DTXSID70479325 DTXSID70344842 DTXSID90517319 DTXSID30769214 DTXSID30617185 DTXSID00762792 DTXSID60883917 DTXSID20567408 DTXSID90567874 DTXSID40440067 DTXSID10488239 DTXSID30600895 DTXSID70549451 DTXSID10399917 DTXSID60340732 DTXSID80436883 DTXSID30306668 DTXSID00375386 DTXSID90306669 DTXSID40775720
DTXSID00458764	DTXSID80867496 DTXSID70143155 DTXSID70170502 DTXSID50872976 DTXSID60598397 DTXSID90745079 DTXSID70697582 DTXSID30442510 DTXSID2073019 DTXSID60541126 DTXSID20735721 DTXSID20719167 DTXSID60678188 DTXSID50471468 DTXSID80142856 DTXSID50742468 DTXSID40208442 DTXSID50818738 DTXSID30217503 DTXSID40835510
DTXSID40833733	DTXSID90587653 DTXSID10311699 DTXSID40398958 DTXSID40361622 DTXSID00667591 DTXSID30667261 DTXSID40540738 DTXSID90844430 DTXSID80302716 DTXSID70304724 DTXSID50524827 DTXSID10528447 DTXSID30550023 DTXSID80539823 DTXSID90399319 DTXSID00401154 DTXSID30738485 DTXSID20633798 DTXSID9022237 DTXSID80354371
DTXSID8040278	DTXSID90580922 DTXSID80545883 DTXSID60300674 DTXSID20633955 DTXSID40722214 DTXSID50531132 DTXSID70621620 DTXSID60496546 DTXSID40463312 DTXSID00623359 DTXSID60501962 DTXSID00511085 DTXSID70572300 DTXSID50879349 DTXSID70190700 DTXSID20696449 DTXSID60227615 DTXSID40482427 DTXSID00663573 DTXSID30363079
DTXSID20526212	DTXSID10172404 DTXSID20297278 DTXSID50323438 DTXSID90594948 DTXSID00731524 DTXSID50556204 DTXSID40507280 DTXSID90577877 DTXSID40831936 DTXSID20730473 DTXSID20513687 DTXSID90152885 DTXSID70405624 DTXSID60422946 DTXSID30831501 DTXSID9068378 DTXSID90567430 DTXSID00416965 DTXSID70791014 DTXSID60446768
DTXSID10561854	DTXSID70211469 DTXSID00365924 DTXSID20654822 DTXSID40630906 DTXSID20291539 DTXSID90461989 DTXSID80501489 DTXSID40191264 DTXSID00566171 DTXSID50824718 DTXSID10495721 DTXSID70741539 DTXSID80279919 DTXSID40757309 DTXSID90396484 DTXSID80439197 DTXSID10661161 DTXSID90238315 DTXSID60340974 DTXSID20573226
DTXSID00543245	DTXSID90474074 DTXSID20656109 DTXSID40474221 DTXSID50807743 DTXSID90825244 DTXSID80468881 DTXSID20565166 DTXSID40221893 DTXSID70383372 DTXSID20339268 DTXSID90783810 DTXSID10516460 DTXSID80522659 DTXSID50277740 DTXSID00448923 DTXSID10183595 DTXSID5059296 DTXSID00819932 DTXSID10811386 DTXSID70526161
DTXSID10283726	DTXSID90542803 DTXSID40571527 DTXSID90479908 DTXSID90469167 DTXSID40697039 DTXSID80336298 DTXSID90753952 DTXSID50487988 DTXSID30787852 DTXSID00377461 DTXSID90640611 DTXSID30830751 DTXSID60535000 DTXSID40345927 DTXSID60620389 DTXSID30378209 DTXSID50473568 DTXSID00404887 DTXSID10212470 DTXSID70876658
DTXSID00623359	DTXSID30363079 DTXSID10642192 DTXSID60227615 DTXSID40722214 DTXSID40482427 DTXSID10560963 DTXSID60372553 DTXSID70572300 DTXSID90454937 DTXSID90379934 DTXSID90578703 DTXSID90581772 DTXSID60300674 DTXSID80604328 DTXSID60665472 DTXSID90580922 DTXSID90707556 DTXSID00657250 DTXSID60501962 DTXSID00557044
DTXSID20837330	DTXSID00153121 DTXSID50160901 DTXSID30237408 DTXSID90635143 DTXSID10364903 DTXSID90310120 DTXSID90875986 DTXSID10150984 DTXSID20289310 DTXSID30225941 DTXSID50736766 DTXSID50395377 DTXSID40214245 DTXSID30677421 DTXSID00620621 DTXSID60645335 DTXSID80499392 DTXSID20857659 DTXSID30203209 DTXSID20673937
DTXSID6044648	DTXSID90547570 DTXSID40408203 DTXSID00706535 DTXSID40635496 DTXSID20744171 DTXSID30333176 DTXSID10534841 DTXSID90329454 DTXSID10528548 DTXSID70866998 DTXSID40565486 DTXSID90450858 DTXSID80639059 DTXSID20475812 DTXSID20805731 DTXSID50817943 DTXSID20525381 DTXSID70517771 DTXSID20653476 DTXSID00491015
DTXSID00588297	DTXSID30175174 DTXSID80218944 DTXSID20677536 DTXSID10188005 DTXSID80436641 DTXSID70548964 DTXSID20306137 DTXSID80377186 DTXSID90767216 DTXSID4059251 DTXSID50368642 DTXSID10558300 DTXSID70287447 DTXSID40480100 DTXSID00447830 DTXSID90794901 DTXSID70186380 DTXSID60718134 DTXSID60787224 DTXSID40415351
DTXSID50214857	DTXSID70326042 DTXSID90597717 DTXSID70300064 DTXSID50366168 DTXSID80613192 DTXSID10224533 DTXSID60545866 DTXSID60305467 DTXSID10739596 DTXSID10342286 DTXSID60284925 DTXSID00165183 DTXSID30176383 DTXSID20441052 DTXSID60187083 DTXSID20708955 DTXSID20460561 DTXSID20325065 DTXSID70344408 DTXSID00551229
DTXSID10653849	DTXSID50581773 DTXSID20355044 DTXSID50170126 DTXSID40562536 DTXSID6061604 DTXSID50591554 DTXSID70171099 DTXSID20162952 DTXSID00526659 DTXSID50646174 DTXSID00289818 DTXSID20152590 DTXSID90389316 DTXSID50625161 DTXSID20664825 DTXSID60327644 DTXSID50294013 DTXSID80314112 DTXSID10355255 DTXSID60344275
DTXSID20646505	DTXSID20708778 DTXSID10693482 DTXSID80681992 DTXSID60214045 DTXSID10475068 DTXSID50722189 DTXSID10682417 DTXSID20457279 DTXSID60734410 DTXSID80573166 DTXSID10365950 DTXSID50726783 DTXSID10646473 DTXSID30363675 DTXSID70588229 DTXSID90618092 DTXSID30782468 DTXSID10477784 DTXSID90694856 DTXSID10436811
DTXSID80478884	DTXSID80670184 DTXSID50627443 DTXSID60207018 DTXSID90526789 DTXSID60460489 DTXSID90573096 DTXSID2071025 DTXSID00652785 DTXSID40481814 DTXSID80771069 DTXSID80532359 DTXSID00343449 DTXSID80638027 DTXSID00708135 DTXSID00491015 DTXSID20835977 DTXSID60408725 DTXSID30757656 DTXSID90199053 DTXSID40734817
DTXSID00750356	DTXSID40431657 DTXSID50850153 DTXSID00225190 DTXSID00719322 DTXSID40510597 DTXSID90675241 DTXSID20798912 DTXSID00844946 DTXSID1051692 DTXSID70356581 DTXSID50853381 DTXSID40303729 DTXSID10811083 DTXSID90509214 DTXSID80830084 DTXSID70457305 DTXSID70770268 DTXSID40143001 DTXSID30592145 DTXSID80720234
DTXSID00771248	DTXSID60551285 DTXSID40326736 DTXSID10398708 DTXSID90178368 DTXSID00179881 DTXSID40695111 DTXSID20285978 DTXSID20509929 DTXSID9059541 DTXSID10692879 DTXSID00653050 DTXSID40454326 DTXSID90340548 DTXSID60675475 DTXSID60390353 DTXSID40836047 DTXSID10597653 DTXSID30874115 DTXSID70480092 DTXSID50388749
DTXSID70646373	DTXSID50814573 DTXSID80404820 DTXSID50190425 DTXSID10815440 DTXSID50184864 DTXSID00446065 DTXSID60156476 DTXSID80364511 DTXSID70554161 DTXSID20318553 DTXSID60763189 DTXSID70445500 DTXSID70354901 DTXSID80679990 DTXSID00326459 DTXSID5067392 DTXSID90530907 DTXSID90437447 DTXSID10499709 DTXSID9068904
DTXSID80311045	DTXSID20320999 DTXSID60842620 DTXSID5026548 DTXSID70536543 DTXSID00638044 DTXSID50569758 DTXSID80878082 DTXSID10509216 DTXSID80365482 DTXSID70822074 DTXSID80612544 DTXSID20144556 DTXSID80748150 DTXSID70529697 DTXSID50320407 DTXSID60566011 DTXSID30218212 DTXSID20287831 DTXSID10144949 DTXSID00632961
DTXSID90748782	DTXSID70657121 DTXSID30542746 DTXSID90705153 DTXSID60835436 DTXSID30827181 DTXSID20180474 DTXSID50873509 DTXSID10621200 DTXSID10288170 DTXSID20629934 DTXSID20827933 DTXSID60512533 DTXSID50697161 DTXSID60813951 DTXSID90291526 DTXSID60157009 DTXSID80303223 DTXSID4060739 DTXSID80593541 DTXSID80391327
DTXSID20737386	DTXSID10876293 DTXSID90532289 DTXSID30433105 DTXSID10296472 DTXSID60829754 DTXSID00505101 DTXSID70723456 DTXSID40874106 DTXSID90504401 DTXSID80195726 DTXSID70427821 DTXSID90150427 DTXSID50760081 DTXSID40797841 DTXSID80675154 DTXSID70189210 DTXSID10452258 DTXSID90791516 DTXSID60836802 DTXSID00628521
DTXSID10296472	DTXSID60829754 DTXSID10452258 DTXSID20737386 DTXSID50760081 DTXSID70723456 DTXSID90504401 DTXSID90656353 DTXSID10876293 DTXSID80195726 DTXSID90532289 DTXSID3037543 DTXSID40874106 DTXSID30433105 DTXSID70427821 DTXSID10223061 DTXSID90150427 DTXSID60836802 DTXSID00505101 DTXSID30403500 DTXSID70189210
DTXSID80640842	DTXSID40180658 DTXSID30886233 DTXSID70562423 DTXSID30743135 DTXSID0047088 DTXSID80276584 DTXSID80352251 DTXSID70514886 DTXSID80678180 DTXSID20625113 DTXSID30514887 DTXSID10442876 DTXSID60804228 DTXSID70876870 DTXSID70773471 DTXSID30468098 DTXSID40314517 DTXSID80443759 DTXSID40551263 DTXSID40145843
DTXSID80409214	DTXSID30499004 DTXSID30532662 DTXSID80706492 DTXSID90547671 DTXSID10547673 DTXSID30323618 DTXSID6036885 DTXSID30653462 DTXSID70195699 DTXSID10494693 DTXSID90651202 DTXSID00729865 DTXSID20298200 DTXSID30506823 DTXSID10761256 DTXSID00421433 DTXSID80453838 DTXSID80835635 DTXSID00534971 DTXSID60514936
DTXSID70447645	DTXSID50306004 DTXSID20891139 DTXSID30407987 DTXSID60239672 DTXSID30389638 DTXSID40191426 DTXSID00865494 DTXSID30181371 DTXSID30304306 DTXSID00501264 DTXSID90547999 DTXSID70202690 DTXSID00559245 DTXSID80174834 DTXSID70711419 DTXSID20616925 DTXSID10569991 DTXSID40522559 DTXSID70651144 DTXSID60711645
DTXSID40696461	DTXSID40280980 DTXSID10277524 DTXSID10651542 DTXSID40633972 DTXSID0073291 DTXSID70837562 DTXSID70610039 DTXSID50569319 DTXSID00196518 DTXSID50304449 DTXSID80851239 DTXSID00567961 DTXSID90784882 DTXSID20867834 DTXSID00508096 DTXSID90370522 DTXSID90802010 DTXSID50640834 DTXSID80771766 DTXSID30428374
DTXSID50395377	DTXSID90310120 DTXSID40434921 DTXSID2023222 DTXSID30389390 DTXSID70794808 DTXSID00896142 DTXSID20857659 DTXSID40659632 DTXSID70563218 DTXSID50369891 DTXSID20289310 DTXSID00153121 DTXSID90349995 DTXSID90834472 DTXSID30415688 DTXSID00216765 DTXSID90517016 DTXSID60297232 DTXSID10590306 DTXSID00876464
DTXSID80685814	DTXSID00376691 DTXSID50567355 DTXSID70507899 DTXSID30780308 DTXSID10483325 DTXSID50695420 DTXSID00528951 DTXSID40408107 DTXSID10343637 DTXSID40857631 DTXSID80828986 DTXSID70452133 DTXSID80646728 DTXSID50473725 DTXSID40538579 DTXSID90734408 DTXSID30393856 DTXSID90494676 DTXSID40573142 DTXSID60441157
DTXSID90807202	DTXSID80388515 DTXSID20440303 DTXSID50361299 DTXSID50616953 DTXSID10343399 DTXSID40494863 DTXSID10368805 DTXSID40300394 DTXSID80351663 DTXSID90494237 DTXSID80308495 DTXSID70440979 DTXSID60344275 DTXSID2062032 DTXSID40293131 DTXSID80556555 DTXSID30534747 DTXSID00455874 DTXSID90533993 DTXSID40494060
DTXSID60212142	DTXSID80666461 DTXSID90507811 DTXSID50751116 DTXSID40425995 DTXSID40351048 DTXSID30579759 DTXSID40736614 DTXSID50632259 DTXSID40156813 DTXSID4059253 DTXSID50743511 DTXSID10288332 DTXSID10563954 DTXSID80375086 DTXSID90331931 DTXSID90401300 DTXSID20360335 DTXSID10808695 DTXSID00678940 DTXSID80591547
DTXSID00830884	DTXSID50841546 DTXSID50240176 DTXSID80315841 DTXSID00592273 DTXSID60826127 DTXSID40821493 DTXSID90298272 DTXSID40705946 DTXSID40329005 DTXSID80579724 DTXSID90554224 DTXSID80833590 DTXSID40800687 DTXSID50786261 DTXSID00343121 DTXSID40501107 DTXSID60289112 DTXSID60146670 DTXSID40615076 DTXSID80891978
DTXSID80612544	DTXSID10509216 DTXSID80878082 DTXSID80407816 DTXSID60526094 DTXSID50569758 DTXSID00873296 DTXSID40279031 DTXSID20320999 DTXSID80311045 DTXSID30435361 DTXSID00732571 DTXSID60842620 DTXSID20144556 DTXSID10341658 DTXSID5026548 DTXSID00281615 DTXSID70159913 DTXSID90462451 DTXSID20288045 DTXSID10721299
DTXSID70531336	DTXSID20203379 DTXSID70507091 DTXSID60513909 DTXSID20443455 DTXSID70325893 DTXSID50568185 DTXSID00542970 DTXSID60219237 DTXSID00816724 DTXSID40285733 DTXSID00340731 DTXSID10825483 DTXSID70825323 DTXSID80615999 DTXSID60797944 DTXSID60183020 DTXSID80332674 DTXSID90825320 DTXSID60599405 DTXSID90445481
DTXSID80478086	DTXSID10528402 DTXSID40819592 DTXSID90359377 DTXSID40329449 DTXSID00635816 DTXSID10801287 DTXSID80808208 DTXSID30510329 DTXSID10334005 DTXSID10176321 DTXSID10352582 DTXSID70490090 DTXSID70789032 DTXSID40199745 DTXSID30639766 DTXSID00550772 DTXSID90470930 DTXSID10213689 DTXSID10580808 DTXSID70837481
DTXSID30304306	DTXSID70711419 DTXSID20797743 DTXSID40522559 DTXSID70434151 DTXSID80174834 DTXSID20891139 DTXSID50306004 DTXSID60239672 DTXSID90577938 DTXSID00600140 DTXSID00559245 DTXSID70447645 DTXSID40191426 DTXSID10201521 DTXSID80809139 DTXSID30407987 DTXSID80324271 DTXSID30389638 DTXSID90547999 DTXSID50835107
DTXSID70785433	DTXSID60823212 DTXSID50759096 DTXSID50533959 DTXSID20179000 DTXSID80830605 DTXSID70768084 DTXSID30532369 DTXSID70322827 DTXSID20802604 DTXSID50730860 DTXSID50780365 DTXSID60605217 DTXSID50757835 DTXSID80634549 DTXSID70757074 DTXSID40789867 DTXSID40163668 DTXSID80768398 DTXSID60832940 DTXSID20888665
DTXSID80783708	DTXSID2052447 DTXSID40379404 DTXSID90738906 DTXSID10808953 DTXSID60550733 DTXSID80201174 DTXSID00550732 DTXSID70886030 DTXSID20476203 DTXSID00223994 DTXSID30201402 DTXSID30222273 DTXSID50729234 DTXSID80448244 DTXSID50600332 DTXSID30858713 DTXSID5061245 DTXSID40708275 DTXSID20518379 DTXSID00582912
DTXSID30186765	DTXSID80679632 DTXSID30389739 DTXSID70736561 DTXSID80451430 DTXSID70723456 DTXSID30645342 DTXSID10174761 DTXSID40279359 DTXSID20300817 DTXSID80195726 DTXSID3037543 DTXSID70283207 DTXSID70672475 DTXSID10219323 DTXSID70674474 DTXSID20444104 DTXSID10452258 DTXSID50760081 DTXSID80675154 DTXSID90474150
DTXSID80234563	DTXSID00404029 DTXSID10736287 DTXSID5061085 DTXSID80884461 DTXSID60810940 DTXSID80844909 DTXSID20776896 DTXSID10388942 DTXSID10852012 DTXSID90152264 DTXSID00764377 DTXSID40869951 DTXSID60715789 DTXSID8061212 DTXSID70724408 DTXSID60776815 DTXSID40157103 DTXSID10279164 DTXSID20432905 DTXSID20844908
DTXSID80375586	DTXSID20238166 DTXSID00825275 DTXSID80597261 DTXSID60175440 DTXSID30303157 DTXSID20677995 DTXSID60739460 DTXSID10344528 DTXSID40345927 DTXSID70337855 DTXSID70530864 DTXSID10786207 DTXSID80767386 DTXSID40658504 DTXSID30378209 DTXSID90640611 DTXSID10398581 DTXSID70477588 DTXSID40571527 DTXSID60455951
DTXSID10400032	DTXSID40675236 DTXSID30326104 DTXSID10605045 DTXSID90816733 DTXSID50832151 DTXSID60749342 DTXSID90286816 DTXSID00275099 DTXSID90533897 DTXSID40802964 DTXSID80783304 DTXSID10587852 DTXSID20604387 DTXSID10767637 DTXSID50880672 DTXSID10880678 DTXSID40773347 DTXSID80633759 DTXSID20535622 DTXSID80885913
DTXSID10427188	DTXSID50397371 DTXSID60836802 DTXSID00229310 DTXSID90535053 DTXSID70744348 DTXSID30785550 DTXSID40785682 DTXSID40243939 DTXSID30403500 DTXSID90150427 DTXSID60178936 DTXSID30473526 DTXSID10464730 DTXSID90504401 DTXSID50415004 DTXSID70189210 DTXSID60231434 DTXSID00628521 DTXSID40797841 DTXSID60299079
DTXSID50325992	DTXSID30600355 DTXSID10380986 DTXSID70315976 DTXSID60573200 DTXSID30668051 DTXSID90373750 DTXSID20351228 DTXSID80354750 DTXSID70629489 DTXSID20846260 DTXSID10612693 DTXSID20620805 DTXSID00857657 DTXSID70811307 DTXSID40589748 DTXSID50684233 DTXSID00625535 DTXSID40516574 DTXSID60456741 DTXSID80625119
DTXSID50341016	DTXSID00653333 DTXSID30767634 DTXSID60767021 DTXSID10484514 DTXSID80885534 DTXSID60292449 DTXSID80847197 DTXSID60184532 DTXSID90650230 DTXSID70743614 DTXSID30421648 DTXSID00639879 DTXSID10498474 DTXSID40656964 DTXSID50242539 DTXSID30848715 DTXSID40832302 DTXSID50310186 DTXSID70567079 DTXSID20467757
DTXSID70805004	DTXSID00649993 DTXSID20607676 DTXSID20516936 DTXSID10668938 DTXSID70364282 DTXSID90476876 DTXSID70856415 DTXSID40334412 DTXSID60319443 DTXSID70631249 DTXSID50418656 DTXSID90389316 DTXSID70383211 DTXSID30280217 DTXSID40528157 DTXSID20345788 DTXSID80392056 DTXSID90669140 DTXSID30279565 DTXSID80600426
DTXSID30406096	DTXSID40558595 DTXSID90720280 DTXSID70212678 DTXSID10213689 DTXSID10647905 DTXSID80442020 DTXSID80624889 DTXSID10176321 DTXSID60364059 DTXSID90341893 DTXSID10801287 DTXSID50679866 DTXSID30639766 DTXSID80542993 DTXSID60510918 DTXSID90344743 DTXSID80640241 DTXSID30781931 DTXSID80804386 DTXSID90364027
DTXSID30318428	DTXSID9048194 DTXSID70382744 DTXSID30342460 DTXSID20406161 DTXSID80561528 DTXSID00780936 DTXSID60203318 DTXSID60396471 DTXSID50315570 DTXSID70514285 DTXSID10794382 DTXSID10402339 DTXSID90237247 DTXSID90613002 DTXSID70589791 DTXSID8032675 DTXSID00442784 DTXSID20353681 DTXSID40357808 DTXSID30663066
DTXSID50561257	DTXSID50561575 DTXSID70610372 DTXSID50217121 DTXSID40767105 DTXSID30788844 DTXSID40733941 DTXSID80675972 DTXSID50664858 DTXSID10401781 DTXSID50198623 DTXSID00592430 DTXSID40392491 DTXSID40804983 DTXSID10276198 DTXSID50275968 DTXSID60886903 DTXSID20595206 DTXSID70801127 DTXSID10547299 DTXSID70528064
DTXSID50479464	DTXSID50476377 DTXSID90750769 DTXSID10600494 DTXSID30850858 DTXSID60523528 DTXSID20523529 DTXSID80806628 DTXSID70193216 DTXSID00523527 DTXSID30639049 DTXSID50818238 DTXSID40523526 DTXSID80766713 DTXSID30766546 DTXSID20297955 DTXSID10241806 DTXSID00637274 DTXSID70596485 DTXSID70765735 DTXSID40739943
DTXSID20190770	DTXSID20653476 DTXSID40543441 DTXSID30713515 DTXSID80452144 DTXSID70418875 DTXSID30757772 DTXSID70706764 DTXSID20318013 DTXSID00364578 DTXSID30333176 DTXSID90543436 DTXSID00706535 DTXSID30587935 DTXSID70517771 DTXSID40408203 DTXSID60150616 DTXSID40635496 DTXSID30396761 DTXSID10390348 DTXSID20481377
DTXSID80601110	DTXSID00346314 DTXSID20722510 DTXSID7073486 DTXSID30419065 DTXSID50395812 DTXSID20720475 DTXSID00743384 DTXSID30757070 DTXSID70276634 DTXSID30454996 DTXSID60465696 DTXSID80553706 DTXSID90477409 DTXSID80452745 DTXSID10577576 DTXSID60493474 DTXSID10669208 DTXSID40721469 DTXSID40577867 DTXSID10482636
DTXSID90334149	DTXSID80531423 DTXSID40833839 DTXSID90509214 DTXSID70457305 DTXSID50853381 DTXSID10733817 DTXSID00597642 DTXSID00225190 DTXSID00719322 DTXSID20159342 DTXSID20798912 DTXSID40431657 DTXSID70770268 DTXSID00579281 DTXSID20630782 DTXSID40581323 DTXSID90485226 DTXSID10302946 DTXSID50515371 DTXSID40303729
DTXSID00173001	DTXSID60813476 DTXSID70531250 DTXSID10772044 DTXSID30789412 DTXSID30243488 DTXSID60796033 DTXSID70737932 DTXSID80783400 DTXSID40719366 DTXSID50290732 DTXSID60522172 DTXSID50653984 DTXSID90401769 DTXSID7041966 DTXSID10589215 DTXSID00529488 DTXSID80576374 DTXSID60148270 DTXSID40674047 DTXSID20756335
DTXSID70647688	DTXSID20645871 DTXSID70611081 DTXSID80299970 DTXSID00603050 DTXSID00453451 DTXSID10733074 DTXSID60550096 DTXSID40334154 DTXSID70708324 DTXSID40407377 DTXSID20656366 DTXSID9065364 DTXSID50474550 DTXSID80338176 DTXSID80531529 DTXSID10452955 DTXSID70783414 DTXSID00182673 DTXSID00725605 DTXSID80640201
DTXSID10668938	DTXSID70364282 DTXSID20607676 DTXSID00649993 DTXSID70631249 DTXSID80600426 DTXSID70805004 DTXSID70579192 DTXSID90476876 DTXSID50418656 DTXSID20346371 DTXSID30279565 DTXSID80371649 DTXSID00383582 DTXSID60319443 DTXSID40509345 DTXSID80727804 DTXSID70148105 DTXSID00552711 DTXSID00344214 DTXSID40459179
DTXSID50662930	DTXSID80696364 DTXSID70361650 DTXSID10743592 DTXSID90702203 DTXSID60587786 DTXSID80784755 DTXSID80879711 DTXSID30593950 DTXSID90510345 DTXSID70850630 DTXSID20500895 DTXSID20598570 DTXSID80494029 DTXSID10587796 DTXSID6067549 DTXSID7021366 DTXSID50398949 DTXSID20235433 DTXSID20651159 DTXSID40562793
DTXSID30681826	DTXSID80632282 DTXSID80525382 DTXSID90204035 DTXSID80408227 DTXSID50228333 DTXSID80561785 DTXSID70365476 DTXSID50171214 DTXSID30625841 DTXSID10610614 DTXSID10606431 DTXSID80693833 DTXSID50549550 DTXSID20429436 DTXSID60332177 DTXSID40664842 DTXSID70715619 DTXSID40418766 DTXSID80456102 DTXSID70539892
DTXSID70733212	DTXSID50561439 DTXSID30628054 DTXSID80392859 DTXSID00338097 DTXSID20728537 DTXSID40667575 DTXSID20464706 DTXSID20492625 DTXSID40640606 DTXSID3059268 DTXSID70551236 DTXSID50221364 DTXSID40511105 DTXSID90642514 DTXSID60343788 DTXSID60876905 DTXSID30402356 DTXSID5059296 DTXSID90738966 DTXSID80696420
DTXSID50722604	DTXSID00646760 DTXSID00274688 DTXSID10292111 DTXSID80176191 DTXSID20143105 DTXSID70799095 DTXSID20384834 DTXSID30838752 DTXSID30747335 DTXSID10675647 DTXSID00364013 DTXSID8060610 DTXSID60470846 DTXSID20406202 DTXSID00299730 DTXSID30179672 DTXSID10177550 DTXSID40693238 DTXSID00681999 DTXSID30591214
DTXSID80463452	DTXSID80350737 DTXSID20222787 DTXSID10810733 DTXSID60729402 DTXSID30642230 DTXSID30490970 DTXSID70659443 DTXSID00452045 DTXSID40684601 DTXSID70787230 DTXSID80466488 DTXSID60665472 DTXSID60184870 DTXSID90707556 DTXSID40756736 DTXSID40372051 DTXSID40655977 DTXSID00557044 DTXSID20364510 DTXSID40164599
DTXSID30609247	DTXSID30599710 DTXSID00295277 DTXSID20549264 DTXSID80181487 DTXSID30341913 DTXSID30209468 DTXSID30554167 DTXSID00544772 DTXSID80663551 DTXSID50593492 DTXSID60475730 DTXSID20467313 DTXSID40211431 DTXSID10518525 DTXSID40726878 DTXSID50590062 DTXSID90288178 DTXSID10459065 DTXSID50302703 DTXSID80208966
DTXSID20535420	DTXSID80727324 DTXSID40827091 DTXSID40365226 DTXSID50733639 DTXSID30837225 DTXSID00190172 DTXSID20705520 DTXSID40618345 DTXSID60195325 DTXSID50346844 DTXSID80718853 DTXSID40646461 DTXSID90396222 DTXSID30555654 DTXSID40650583 DTXSID70658234 DTXSID10301237 DTXSID50808230 DTXSID50212651 DTXSID70314323
DTXSID50435964	DTXSID40745084 DTXSID30738485 DTXSID1068302 DTXSID90166301 DTXSID90399319 DTXSID20482723 DTXSID50524827 DTXSID70304724 DTXSID80354371 DTXSID30742724 DTXSID20516815 DTXSID90587653 DTXSID40833733 DTXSID60172570 DTXSID80393503 DTXSID70393678 DTXSID60766978 DTXSID30402492 DTXSID80302716 DTXSID00162071
DTXSID90396484	DTXSID50481880 DTXSID50742145 DTXSID70211469 DTXSID00110032 DTXSID80649890 DTXSID10498176 DTXSID50742761 DTXSID10610316 DTXSID10561854 DTXSID60526594 DTXSID90238315 DTXSID80439197 DTXSID70655400 DTXSID40462704 DTXSID40563927 DTXSID90484012 DTXSID80655517 DTXSID00365924 DTXSID30315977 DTXSID20654822
DTXSID60816720	DTXSID00809999 DTXSID20536553 DTXSID20790537 DTXSID60149080 DTXSID70477528 DTXSID50811567 DTXSID40776631 DTXSID20794979 DTXSID80742456 DTXSID30816737 DTXSID70842010 DTXSID60795081 DTXSID40636908 DTXSID40767706 DTXSID00632966 DTXSID90804832 DTXSID00787066 DTXSID80615474 DTXSID10577450 DTXSID40816743
DTXSID20200787	DTXSID80668768 DTXSID60697410 DTXSID00171840 DTXSID00652780 DTXSID70849923 DTXSID4047541 DTXSID40682127 DTXSID90291501 DTXSID10214196 DTXSID20241751 DTXSID60519360 DTXSID30870975 DTXSID90759515 DTXSID3061920 DTXSID00452565 DTXSID60428307 DTXSID40693334 DTXSID10518101 DTXSID30332861 DTXSID20627495
DTXSID90787550	DTXSID40747321 DTXSID00594772 DTXSID30428657 DTXSID30653301 DTXSID30673064 DTXSID9041445 DTXSID20500274 DTXSID30466650 DTXSID20626403 DTXSID30591799 DTXSID00856726 DTXSID70618434 DTXSID5052626 DTXSID10287587 DTXSID70651563 DTXSID20374210 DTXSID40110056 DTXSID60711948 DTXSID10462918 DTXSID00466667
DTXSID70460152	DTXSID50457944 DTXSID10500324 DTXSID70569078 DTXSID00763380 DTXSID10404676 DTXSID20431170 DTXSID20341866 DTXSID90784241 DTXSID00391541 DTXSID80466206 DTXSID50340226 DTXSID70792849 DTXSID40200784 DTXSID10838811 DTXSID60184971 DTXSID90487604 DTXSID60319948 DTXSID40330590 DTXSID80169801 DTXSID30302286
DTXSID40549529	DTXSID30418917 DTXSID20622086 DTXSID00467412 DTXSID90618678 DTXSID60697394 DTXSID70197592 DTXSID50601344 DTXSID30153356 DTXSID80634847 DTXSID90762483 DTXSID10622999 DTXSID00218749 DTXSID00429272 DTXSID00356670 DTXSID10202078 DTXSID10716180 DTXSID20172415 DTXSID70735690 DTXSID00200205 DTXSID20666384
DTXSID60789344	DTXSID20469635 DTXSID70757074 DTXSID60832940 DTXSID50439346 DTXSID10724149 DTXSID60749867 DTXSID70322827 DTXSID30782781 DTXSID90601904 DTXSID50757835 DTXSID80185869 DTXSID30307135 DTXSID10279164 DTXSID10224790 DTXSID20802604 DTXSID10322826 DTXSID50790641 DTXSID00764377 DTXSID00454781 DTXSID80756710
DTXSID00196871	DTXSID40628489 DTXSID30180824 DTXSID10383811 DTXSID30519731 DTXSID20372933 DTXSID10280790 DTXSID00348297 DTXSID90333915 DTXSID30359270 DTXSID80686346 DTXSID10278874 DTXSID50354368 DTXSID20361488 DTXSID80628382 DTXSID40463534 DTXSID50604173 DTXSID00720635 DTXSID80733804 DTXSID00547167 DTXSID50569415
DTXSID40239670	DTXSID80768717 DTXSID20582919 DTXSID00197762 DTXSID70176408 DTXSID40544695 DTXSID30816550 DTXSID90751271 DTXSID00190899 DTXSID60490529 DTXSID40662505 DTXSID70143731 DTXSID80709549 DTXSID20550310 DTXSID00587583 DTXSID70751971 DTXSID50847088 DTXSID10470659 DTXSID40815312 DTXSID50707895 DTXSID50655685
DTXSID50483768	DTXSID20162351 DTXSID5073115 DTXSID80324913 DTXSID60283352 DTXSID60345565 DTXSID80475393 DTXSID90331931 DTXSID20817910 DTXSID20360335 DTXSID60315960 DTXSID50876338 DTXSID00556597 DTXSID80710110 DTXSID70598666 DTXSID40156813 DTXSID10720308 DTXSID80375086 DTXSID00243556 DTXSID90401300 DTXSID60524732
DTXSID60664203	DTXSID50208236 DTXSID00391167 DTXSID30527699 DTXSID00461617 DTXSID20807311 DTXSID10627328 DTXSID10742747 DTXSID50595032 DTXSID20856622 DTXSID20198872 DTXSID00195960 DTXSID40646486 DTXSID20294540 DTXSID80635137 DTXSID30742365 DTXSID00345842 DTXSID40697913 DTXSID50180543 DTXSID20895733 DTXSID60587524
DTXSID70588345	DTXSID60288680 DTXSID20306314 DTXSID60876066 DTXSID50368647 DTXSID80174874 DTXSID40545687 DTXSID80343528 DTXSID90440991 DTXSID80360679 DTXSID50183731 DTXSID70355317 DTXSID60816780 DTXSID30157793 DTXSID10380608 DTXSID20321380 DTXSID20822403 DTXSID40712115 DTXSID10371591 DTXSID10650333 DTXSID50863142
DTXSID30876412	DTXSID90884376 DTXSID30532480 DTXSID70742607 DTXSID20427937 DTXSID70678917 DTXSID00649796 DTXSID00645374 DTXSID50481325 DTXSID60876849 DTXSID20879154 DTXSID20589741 DTXSID10705776 DTXSID50594348 DTXSID30217881 DTXSID40575409 DTXSID90664317 DTXSID90154602 DTXSID80503569 DTXSID40287813 DTXSID80364915
DTXSID30294495	DTXSID90743631 DTXSID20312091 DTXSID70621488 DTXSID20299055 DTXSID80453999 DTXSID70673129 DTXSID90463827 DTXSID10294857 DTXSID60289112 DTXSID40760095 DTXSID30346908 DTXSID0042298 DTXSID2058122 DTXSID20159786 DTXSID10516763 DTXSID70283000 DTXSID20421218 DTXSID40800687 DTXSID70477760 DTXSID30437547
DTXSID50816158	DTXSID90816713 DTXSID50297620 DTXSID20602303 DTXSID90470157 DTXSID90778665 DTXSID50177630 DTXSID10531254 DTXSID00787167 DTXSID70799712 DTXSID40181084 DTXSID00290247 DTXSID4074271 DTXSID70762224 DTXSID8073637 DTXSID70562488 DTXSID00442688 DTXSID90399273 DTXSID50778843 DTXSID40576875 DTXSID40390654
DTXSID40663355	DTXSID20472346 DTXSID80810740 DTXSID10594329 DTXSID50610734 DTXSID20301864 DTXSID60632568 DTXSID10214297 DTXSID60672065 DTXSID80726812 DTXSID40675519 DTXSID20652828 DTXSID30180309 DTXSID50478391 DTXSID80458641 DTXSID40344319 DTXSID80694683 DTXSID10166661 DTXSID80819157 DTXSID60807198 DTXSID60856883
DTXSID30280974	DTXSID70741539 DTXSID00566171 DTXSID40757309 DTXSID60340974 DTXSID50395110 DTXSID20406141 DTXSID30750945 DTXSID50450930 DTXSID70315971 DTXSID40630906 DTXSID00839751 DTXSID00559149 DTXSID20368295 DTXSID10408856 DTXSID60725101 DTXSID10495721 DTXSID70744909 DTXSID40191264 DTXSID60536810 DTXSID80279919
DTXSID00633796	DTXSID80823330 DTXSID20654903 DTXSID00442062 DTXSID10871440 DTXSID40321226 DTXSID50190021 DTXSID30757277 DTXSID40610021 DTXSID40474029 DTXSID90238315 DTXSID40593340 DTXSID00411738 DTXSID80649890 DTXSID40705360 DTXSID70528382 DTXSID30315977 DTXSID30453484 DTXSID50493443 DTXSID70548464 DTXSID40666846
DTXSID90769098	DTXSID60232926 DTXSID00227472 DTXSID10591237 DTXSID40334755 DTXSID50309898 DTXSID60854566 DTXSID40795620 DTXSID10634658 DTXSID40781609 DTXSID10788468 DTXSID00637274 DTXSID60775181 DTXSID20337941 DTXSID10579631 DTXSID50818238 DTXSID70840778 DTXSID80824408 DTXSID20793129 DTXSID60627272 DTXSID90610016
DTXSID00356392	DTXSID30591214 DTXSID90181655 DTXSID40188937 DTXSID50409029 DTXSID10806398 DTXSID90695323 DTXSID30678938 DTXSID60879411 DTXSID40693238 DTXSID30361752 DTXSID10763412 DTXSID70735690 DTXSID80740250 DTXSID10716180 DTXSID50512269 DTXSID5070529 DTXSID50631606 DTXSID10675647 DTXSID90560729 DTXSID30521950
DTXSID90674537	DTXSID40719260 DTXSID90291526 DTXSID60512533 DTXSID80684347 DTXSID10288170 DTXSID50190364 DTXSID10621200 DTXSID30857029 DTXSID90663466 DTXSID00515240 DTXSID80593541 DTXSID30827181 DTXSID60813951 DTXSID20394832 DTXSID30542746 DTXSID20589302 DTXSID90705153 DTXSID00507084 DTXSID80676828 DTXSID80733122
DTXSID10443964	DTXSID80734038 DTXSID20591980 DTXSID00799866 DTXSID00389746 DTXSID10628991 DTXSID10444416 DTXSID50421524 DTXSID10856277 DTXSID30810715 DTXSID00217873 DTXSID90739938 DTXSID70393496 DTXSID40774819 DTXSID90324449 DTXSID80511583 DTXSID30621282 DTXSID20384071 DTXSID20787826 DTXSID20547043 DTXSID40298565
DTXSID10508168	DTXSID00621052 DTXSID70346129 DTXSID60522556 DTXSID60496400 DTXSID00385925 DTXSID70651442 DTXSID40532931 DTXSID80629657 DTXSID50196109 DTXSID80493395 DTXSID00611953 DTXSID80365068 DTXSID70508063 DTXSID80774393 DTXSID30341251 DTXSID10240733 DTXSID90666871 DTXSID90602370 DTXSID50639965 DTXSID00409610
DTXSID10495721	DTXSID80279919 DTXSID00559149 DTXSID10471666 DTXSID40757309 DTXSID60340974 DTXSID20368295 DTXSID20159423 DTXSID00566171 DTXSID40630906 DTXSID00536894 DTXSID90461989 DTXSID60536810 DTXSID10483385 DTXSID90238315 DTXSID10561854 DTXSID00411738 DTXSID50824718 DTXSID90462936 DTXSID50395110 DTXSID70741539
DTXSID90473163	DTXSID70855387 DTXSID30291383 DTXSID20589443 DTXSID10446950 DTXSID3042180 DTXSID20676923 DTXSID40452221 DTXSID40625933 DTXSID90856710 DTXSID90332584 DTXSID20694627 DTXSID40504658 DTXSID20346174 DTXSID50843904 DTXSID00618124 DTXSID50850557 DTXSID10399351 DTXSID20681991 DTXSID20680929 DTXSID30571112
DTXSID20549406	DTXSID20417717 DTXSID80543965 DTXSID60370650 DTXSID80708592 DTXSID60407293 DTXSID40879479 DTXSID00388350 DTXSID60392019 DTXSID30395072 DTXSID00418328 DTXSID20766015 DTXSID80606589 DTXSID10366962 DTXSID10736227 DTXSID00447198 DTXSID90474372 DTXSID10744428 DTXSID30698318 DTXSID50591877 DTXSID10541111
DTXSID40288087	DTXSID60395601 DTXSID7067089 DTXSID80446866 DTXSID10368683 DTXSID00818920 DTXSID80815270 DTXSID40367063 DTXSID00446909 DTXSID80563921 DTXSID10399275 DTXSID90571976 DTXSID80351906 DTXSID40490704 DTXSID70485608 DTXSID40326877 DTXSID80585729 DTXSID30831086 DTXSID50383592 DTXSID70505077 DTXSID00375386
DTXSID70487304	DTXSID30753395 DTXSID40163406 DTXSID90536565 DTXSID10599056 DTXSID40455873 DTXSID80660707 DTXSID00715541 DTXSID60761685 DTXSID20503927 DTXSID90847486 DTXSID90375214 DTXSID20229796 DTXSID30463806 DTXSID00507064 DTXSID10682199 DTXSID90565294 DTXSID00197808 DTXSID00701883 DTXSID90277789 DTXSID00632961
DTXSID90557553	DTXSID40356114 DTXSID20670047 DTXSID70307316 DTXSID30288591 DTXSID40585689 DTXSID70509853 DTXSID30718308 DTXSID00330692 DTXSID00370699 DTXSID40618926 DTXSID30274378 DTXSID30554965 DTXSID80281698 DTXSID50345498 DTXSID60154018 DTXSID30375137 DTXSID00220882 DTXSID70507379 DTXSID40620145 DTXSID60825514
DTXSID50743511	DTXSID10288332 DTXSID10563954 DTXSID30579759 DTXSID00678940 DTXSID70446597 DTXSID90507811 DTXSID10808695 DTXSID50736064 DTXSID50280274 DTXSID60212142 DTXSID00600882 DTXSID80666461 DTXSID40896121 DTXSID70742783 DTXSID50798788 DTXSID50419789 DTXSID00353104 DTXSID50388582 DTXSID50635109 DTXSID90343054
DTXSID80360679	DTXSID80343528 DTXSID20822403 DTXSID40190474 DTXSID50603343 DTXSID50863142 DTXSID00390958 DTXSID10371591 DTXSID00774294 DTXSID50680679 DTXSID60288680 DTXSID90440991 DTXSID70588345 DTXSID50681601 DTXSID60876066 DTXSID80834981 DTXSID10380608 DTXSID20321380 DTXSID90578445 DTXSID70562589 DTXSID90730243
DTXSID90506566	DTXSID90454937 DTXSID20649435 DTXSID70572300 DTXSID40655977 DTXSID60227615 DTXSID90578703 DTXSID40482427 DTXSID90379934 DTXSID30363079 DTXSID00623359 DTXSID10560963 DTXSID60300674 DTXSID50381795 DTXSID10642192 DTXSID60501962 DTXSID60665472 DTXSID50853664 DTXSID00774916 DTXSID50671709 DTXSID10406059
DTXSID90788825	DTXSID40435251 DTXSID50846970 DTXSID40574457 DTXSID50152846 DTXSID30627507 DTXSID80341241 DTXSID20380033 DTXSID70513854 DTXSID30418073 DTXSID70826239 DTXSID20213736 DTXSID20336196 DTXSID40829530 DTXSID60572394 DTXSID90513437 DTXSID70734123 DTXSID80199320 DTXSID80835635 DTXSID00421433 DTXSID40697812
DTXSID90788820	DTXSID70291064 DTXSID10611146 DTXSID40352676 DTXSID10313537 DTXSID60424440 DTXSID90341590 DTXSID60299094 DTXSID60700534 DTXSID30805207 DTXSID10513631 DTXSID60173527 DTXSID90552402 DTXSID10329471 DTXSID40299517 DTXSID70593353 DTXSID70665004 DTXSID30423223 DTXSID30176383 DTXSID80597680 DTXSID30440298
DTXSID00802263	DTXSID00453198 DTXSID80214022 DTXSID00421630 DTXSID20351187 DTXSID10342625 DTXSID30879726 DTXSID80711127 DTXSID7058048 DTXSID40482043 DTXSID40559067 DTXSID1065899 DTXSID40543966 DTXSID60674281 DTXSID30718308 DTXSID40287797 DTXSID30554965 DTXSID70438513 DTXSID80609398 DTXSID00464704 DTXSID00631772
DTXSID10886357	DTXSID10787971 DTXSID10831084 DTXSID30831086 DTXSID40326877 DTXSID40367063 DTXSID40808082 DTXSID60350371 DTXSID80351906 DTXSID80479295 DTXSID20184139 DTXSID80446866 DTXSID00818920 DTXSID50766366 DTXSID7067089 DTXSID70651568 DTXSID90335116 DTXSID80815270 DTXSID10368683 DTXSID90571976 DTXSID70306869
DTXSID80485831	DTXSID80655638 DTXSID10627005 DTXSID40192418 DTXSID40613335 DTXSID00480065 DTXSID80348497 DTXSID20707948 DTXSID30418775 DTXSID00669338 DTXSID70341093 DTXSID20835912 DTXSID70428712 DTXSID70608916 DTXSID50508400 DTXSID50342306 DTXSID90700688 DTXSID30811020 DTXSID40348579 DTXSID40663532 DTXSID20509580
DTXSID10740400	DTXSID00556597 DTXSID20229236 DTXSID20817910 DTXSID60571408 DTXSID00313622 DTXSID80627799 DTXSID40485337 DTXSID40493992 DTXSID00425279 DTXSID10720308 DTXSID50876338 DTXSID0059081 DTXSID40188098 DTXSID80769224 DTXSID70879543 DTXSID60358195 DTXSID90875966 DTXSID50742443 DTXSID50552847 DTXSID00640667
DTXSID10303695	DTXSID70469908 DTXSID30226478 DTXSID30167650 DTXSID40669115 DTXSID20793821 DTXSID80291373 DTXSID30717210 DTXSID70373576 DTXSID80351481 DTXSID60734490 DTXSID00876287 DTXSID10148321 DTXSID50628091 DTXSID70318765 DTXSID50400490 DTXSID7070769 DTXSID30743498 DTXSID10830875 DTXSID20393249 DTXSID50361411
DTXSID30519731	DTXSID10383811 DTXSID90333915 DTXSID00196871 DTXSID10278874 DTXSID30359270 DTXSID20361488 DTXSID00835551 DTXSID80686346 DTXSID80733804 DTXSID10454010 DTXSID00720635 DTXSID40628489 DTXSID30855949 DTXSID00348297 DTXSID60296149 DTXSID30543016 DTXSID20192491 DTXSID10340242 DTXSID40463534 DTXSID8024787
DTXSID3044592	DTXSID30290316 DTXSID30367673 DTXSID00323564 DTXSID70327473 DTXSID40803118 DTXSID6040371 DTXSID20707923 DTXSID00795722 DTXSID90709196 DTXSID60508234 DTXSID20656467 DTXSID90361339 DTXSID60728172 DTXSID20785226 DTXSID10599536 DTXSID7058048 DTXSID00364871 DTXSID20428787 DTXSID80857236 DTXSID50879743
DTXSID70848471	DTXSID50808356 DTXSID00570430 DTXSID40622548 DTXSID80557643 DTXSID50415544 DTXSID30383914 DTXSID70456873 DTXSID80230045 DTXSID40741081 DTXSID40645570 DTXSID70657702 DTXSID80196273 DTXSID70191530 DTXSID40180118 DTXSID60471474 DTXSID70744343 DTXSID70152843 DTXSID20656245 DTXSID10379299 DTXSID90150922
DTXSID0070784	DTXSID00649599 DTXSID70592149 DTXSID90328740 DTXSID70717870 DTXSID40677331 DTXSID30235823 DTXSID90217423 DTXSID70396402 DTXSID70888756 DTXSID90778569 DTXSID80323547 DTXSID90808911 DTXSID20538830 DTXSID40751463 DTXSID00596397 DTXSID50654936 DTXSID60747202 DTXSID60159780 DTXSID50731357 DTXSID9044293
DTXSID70641909	DTXSID40543204 DTXSID70491845 DTXSID70711292 DTXSID60704259 DTXSID00606627 DTXSID8069565 DTXSID00338335 DTXSID90579073 DTXSID50337419 DTXSID90480958 DTXSID70479168 DTXSID50639965 DTXSID10637523 DTXSID50556143 DTXSID90467087 DTXSID60487010 DTXSID70584509 DTXSID20678220 DTXSID70339011 DTXSID80578838
DTXSID30341913	DTXSID90288178 DTXSID40211431 DTXSID30511391 DTXSID20148115 DTXSID00641119 DTXSID00361249 DTXSID40528556 DTXSID70568940 DTXSID90374489 DTXSID90642135 DTXSID30209468 DTXSID00544772 DTXSID50590062 DTXSID10360203 DTXSID30554167 DTXSID90238138 DTXSID70622516 DTXSID30599710 DTXSID30609247 DTXSID20563844
DTXSID40349703	DTXSID10181056 DTXSID10646857 DTXSID10408598 DTXSID10727791 DTXSID30397253 DTXSID20303686 DTXSID80589606 DTXSID50352561 DTXSID40513705 DTXSID70341891 DTXSID60729604 DTXSID10650979 DTXSID90676738 DTXSID70601548 DTXSID80496604 DTXSID10770409 DTXSID20324558 DTXSID90743297 DTXSID20187983 DTXSID80601892
DTXSID70803782	DTXSID80655491 DTXSID80725643 DTXSID00597940 DTXSID10143558 DTXSID90513997 DTXSID30379473 DTXSID20700217 DTXSID10875923 DTXSID2068137 DTXSID60875736 DTXSID60768134 DTXSID60542496 DTXSID50509992 DTXSID70314449 DTXSID20173629 DTXSID10896335 DTXSID80427291 DTXSID30291308 DTXSID40814724 DTXSID40674724
DTXSID20814500	DTXSID60885077 DTXSID1068300 DTXSID60790970 DTXSID20752115 DTXSID20230322 DTXSID30575670 DTXSID90766845 DTXSID60388215 DTXSID80814501 DTXSID1040247 DTXSID50404352 DTXSID20888029 DTXSID90216335 DTXSID80437850 DTXSID40601636 DTXSID30223285 DTXSID70394423 DTXSID20837451 DTXSID70399014 DTXSID50718047
DTXSID60456529	DTXSID40874080 DTXSID30758921 DTXSID60226204 DTXSID60737648 DTXSID70452719 DTXSID30577437 DTXSID70729791 DTXSID10187391 DTXSID50772104 DTXSID70603527 DTXSID20780913 DTXSID50852157 DTXSID90567430 DTXSID10818517 DTXSID00489134 DTXSID70305695 DTXSID20533380 DTXSID10554766 DTXSID40818282 DTXSID00337823
DTXSID50408638	DTXSID9068409 DTXSID40670741 DTXSID40294108 DTXSID00402085 DTXSID20660963 DTXSID50227583 DTXSID00617930 DTXSID50697207 DTXSID30876674 DTXSID70310608 DTXSID10471025 DTXSID9064007 DTXSID70185176 DTXSID50412755 DTXSID90626596 DTXSID70710422 DTXSID30856991 DTXSID80896049 DTXSID30636396 DTXSID80337326
DTXSID70540524	DTXSID90344248 DTXSID30556525 DTXSID80160737 DTXSID70531255 DTXSID20222484 DTXSID70884819 DTXSID50203120 DTXSID20698403 DTXSID40668648 DTXSID10705918 DTXSID30182181 DTXSID40223857 DTXSID9044790 DTXSID70490090 DTXSID40199745 DTXSID80633774 DTXSID10503390 DTXSID50539234 DTXSID80542993 DTXSID30530426
DTXSID00317766	DTXSID30729499 DTXSID20660908 DTXSID80620169 DTXSID20424284 DTXSID10850376 DTXSID50196028 DTXSID80608826 DTXSID80588290 DTXSID40596295 DTXSID30589373 DTXSID60809374 DTXSID10217122 DTXSID60694580 DTXSID90584728 DTXSID60621654 DTXSID30675508 DTXSID70425867 DTXSID40308254 DTXSID20525200 DTXSID00487933
DTXSID20815673	DTXSID80240427 DTXSID60315945 DTXSID40144790 DTXSID20792955 DTXSID40576476 DTXSID10876394 DTXSID90513452 DTXSID60558310 DTXSID10448853 DTXSID00820260 DTXSID90602370 DTXSID70780766 DTXSID50576785 DTXSID00720559 DTXSID70499967 DTXSID10777655 DTXSID60740637 DTXSID80676767 DTXSID60417812 DTXSID50579054
DTXSID50288992	DTXSID70867364 DTXSID30336546 DTXSID5051311 DTXSID90556268 DTXSID10773617 DTXSID70750186 DTXSID70177359 DTXSID70236576 DTXSID70775273 DTXSID60241194 DTXSID3068883 DTXSID3051541 DTXSID10712521 DTXSID90823245 DTXSID30827146 DTXSID0072776 DTXSID50767959 DTXSID50343212 DTXSID10711458 DTXSID70888296
DTXSID80237675	DTXSID50153176 DTXSID20352412 DTXSID40495597 DTXSID20301783 DTXSID10712889 DTXSID90380404 DTXSID50218416 DTXSID40588493 DTXSID40561645 DTXSID00442188 DTXSID00371186 DTXSID50441787 DTXSID80813019 DTXSID70762047 DTXSID70621009 DTXSID40168219 DTXSID10199636 DTXSID00694049 DTXSID10579717 DTXSID80367921
DTXSID50759132	DTXSID10154821 DTXSID90408475 DTXSID0059114 DTXSID00440381 DTXSID8024365 DTXSID20603350 DTXSID20282922 DTXSID20292960 DTXSID50486638 DTXSID10841668 DTXSID10167355 DTXSID50737298 DTXSID10660230 DTXSID70157217 DTXSID10782168 DTXSID30217321 DTXSID50812190 DTXSID10291624 DTXSID90693228 DTXSID40177548
DTXSID00638044	DTXSID70536543 DTXSID50320407 DTXSID20320999 DTXSID80311045 DTXSID80365482 DTXSID60842620 DTXSID30218212 DTXSID5026548 DTXSID70822711 DTXSID70822074 DTXSID50675348 DTXSID80816742 DTXSID80748150 DTXSID50569758 DTXSID70529697 DTXSID80878082 DTXSID60566011 DTXSID90413625 DTXSID10509216 DTXSID00632961
DTXSID30756543	DTXSID80598596 DTXSID10371692 DTXSID00661216 DTXSID50433142 DTXSID40296925 DTXSID50804050 DTXSID10282456 DTXSID20144394 DTXSID20595206 DTXSID90479640 DTXSID40876847 DTXSID80756058 DTXSID30541491 DTXSID40657274 DTXSID60834222 DTXSID10547299 DTXSID10325094 DTXSID40147746 DTXSID9021712 DTXSID00650544
DTXSID40756655	DTXSID10633489 DTXSID20673533 DTXSID10221340 DTXSID80209251 DTXSID30634539 DTXSID40192433 DTXSID10561314 DTXSID00727482 DTXSID70567352 DTXSID30398023 DTXSID60437131 DTXSID90379515 DTXSID10845828 DTXSID90734084 DTXSID10502308 DTXSID20365502 DTXSID40595309 DTXSID90171839 DTXSID00844643 DTXSID60560913
DTXSID40494060	DTXSID2062032 DTXSID60344275 DTXSID20664825 DTXSID40300394 DTXSID40674401 DTXSID90494237 DTXSID70171099 DTXSID00526659 DTXSID00455874 DTXSID50646174 DTXSID80388515 DTXSID50616953 DTXSID50374021 DTXSID80351663 DTXSID50581773 DTXSID20162952 DTXSID50170126 DTXSID10355255 DTXSID50294013 DTXSID10653849
DTXSID90419526	DTXSID30176540 DTXSID20778436 DTXSID40450409 DTXSID40674183 DTXSID90805440 DTXSID80279131 DTXSID80282226 DTXSID90313636 DTXSID90783198 DTXSID50667248 DTXSID30311595 DTXSID70471389 DTXSID80190337 DTXSID70805822 DTXSID50467346 DTXSID10672792 DTXSID80321321 DTXSID50315419 DTXSID90813020 DTXSID50437069
DTXSID00292524	DTXSID9041023 DTXSID80634549 DTXSID50790787 DTXSID40163668 DTXSID70769793 DTXSID80768398 DTXSID50730860 DTXSID70809204 DTXSID50759096 DTXSID00750538 DTXSID70348188 DTXSID90199836 DTXSID60823212 DTXSID70710346 DTXSID50533959 DTXSID10609947 DTXSID30532369 DTXSID20179000 DTXSID70785433 DTXSID80830605
DTXSID20656467	DTXSID00364871 DTXSID20428787 DTXSID60728172 DTXSID90361339 DTXSID90709196 DTXSID70327473 DTXSID90629724 DTXSID30274378 DTXSID30290316 DTXSID30288591 DTXSID20857598 DTXSID3044592 DTXSID00795722 DTXSID90826519 DTXSID40620145 DTXSID10211645 DTXSID20524016 DTXSID90782383 DTXSID40803118 DTXSID00421630
DTXSID50361411	DTXSID20393249 DTXSID70538885 DTXSID50628091 DTXSID90551056 DTXSID70373576 DTXSID40713743 DTXSID50667344 DTXSID80588038 DTXSID60734490 DTXSID00876287 DTXSID90739897 DTXSID30717210 DTXSID80470843 DTXSID10148321 DTXSID70469908 DTXSID30226478 DTXSID10572809 DTXSID10303695 DTXSID20846467 DTXSID30422675
DTXSID70748301	DTXSID80615075 DTXSID90339417 DTXSID60780356 DTXSID20695831 DTXSID90527695 DTXSID80284886 DTXSID10656335 DTXSID30311434 DTXSID50664979 DTXSID90805602 DTXSID80465552 DTXSID40241632 DTXSID50303497 DTXSID40473991 DTXSID80422327 DTXSID5051602 DTXSID90624390 DTXSID30742365 DTXSID50653949 DTXSID80373608
DTXSID90444555	DTXSID90773276 DTXSID90638174 DTXSID40813393 DTXSID10280770 DTXSID10769772 DTXSID30787630 DTXSID20878369 DTXSID40771787 DTXSID80526096 DTXSID60850189 DTXSID80763020 DTXSID00847114 DTXSID60566011 DTXSID90500261 DTXSID10797611 DTXSID80873118 DTXSID00770211 DTXSID30316929 DTXSID90750981 DTXSID00787066
DTXSID90666356	DTXSID40672402 DTXSID70510161 DTXSID10876394 DTXSID90602370 DTXSID10777655 DTXSID20887052 DTXSID90801861 DTXSID20323440 DTXSID60496400 DTXSID60417812 DTXSID90666871 DTXSID40576476 DTXSID20815673 DTXSID70333175 DTXSID40488742 DTXSID80240427 DTXSID40144790 DTXSID20495555 DTXSID40532931 DTXSID00522010
DTXSID00520839	DTXSID50384160 DTXSID20738530 DTXSID90827602 DTXSID30464712 DTXSID60734071 DTXSID60405698 DTXSID90661048 DTXSID70291387 DTXSID60667299 DTXSID70220874 DTXSID70526808 DTXSID80801219 DTXSID70336101 DTXSID40586070 DTXSID60802643 DTXSID40568598 DTXSID60655318 DTXSID70445949 DTXSID80451632 DTXSID80661158
DTXSID50652836	DTXSID20307225 DTXSID80551161 DTXSID30558488 DTXSID90733638 DTXSID00318455 DTXSID50421786 DTXSID60649212 DTXSID30553978 DTXSID10398268 DTXSID80436888 DTXSID30409264 DTXSID50300042 DTXSID50178708 DTXSID40466085 DTXSID70741615 DTXSID60214121 DTXSID40811253 DTXSID8047509 DTXSID20781223 DTXSID00728974
DTXSID50153696	DTXSID10561894 DTXSID50556547 DTXSID60876662 DTXSID20162654 DTXSID70491880 DTXSID20876269 DTXSID50543058 DTXSID00399345 DTXSID20356910 DTXSID60735008 DTXSID80594558 DTXSID30300383 DTXSID40831916 DTXSID10749877 DTXSID50651021 DTXSID40489330 DTXSID10607802 DTXSID60204269 DTXSID90279162 DTXSID80664341
DTXSID80637712	DTXSID20741908 DTXSID10430450 DTXSID40495138 DTXSID40280460 DTXSID80621994 DTXSID80418427 DTXSID40633614 DTXSID00220968 DTXSID80226706 DTXSID80172734 DTXSID20381166 DTXSID00762277 DTXSID20189700 DTXSID80306315 DTXSID10463849 DTXSID40505180 DTXSID50454276 DTXSID30427584 DTXSID60696529 DTXSID70652636
DTXSID90143531	DTXSID40614266 DTXSID70324861 DTXSID60608662 DTXSID70349170 DTXSID50495023 DTXSID50738205 DTXSID20359360 DTXSID10794963 DTXSID40531863 DTXSID40707006 DTXSID10343531 DTXSID30675508 DTXSID90803582 DTXSID60190097 DTXSID10706283 DTXSID40891611 DTXSID40295377 DTXSID10332006 DTXSID00568892 DTXSID90310140
DTXSID10527213	DTXSID30874352 DTXSID70534660 DTXSID20739229 DTXSID80765908 DTXSID90215565 DTXSID00598513 DTXSID20886929 DTXSID10866598 DTXSID60407056 DTXSID70496097 DTXSID60831938 DTXSID70670577 DTXSID60346279 DTXSID30589575 DTXSID10403129 DTXSID90728665 DTXSID00818667 DTXSID50694418 DTXSID50697661 DTXSID50604052
DTXSID60421353	DTXSID50152285 DTXSID20771341 DTXSID20704255 DTXSID00651056 DTXSID00481779 DTXSID20887118 DTXSID90390301 DTXSID80784659 DTXSID50757350 DTXSID00655433 DTXSID10640299 DTXSID90152885 DTXSID60446501 DTXSID60312631 DTXSID10669849 DTXSID90655745 DTXSID60770393 DTXSID90519151 DTXSID20426965 DTXSID5044811
DTXSID30668051	DTXSID20351228 DTXSID30600355 DTXSID10380986 DTXSID70629489 DTXSID80354750 DTXSID70357679 DTXSID70315976 DTXSID50325992 DTXSID90489587 DTXSID60573200 DTXSID60501705 DTXSID00857657 DTXSID60456741 DTXSID80744470 DTXSID20182216 DTXSID50599959 DTXSID80625119 DTXSID10876213 DTXSID50312908 DTXSID60444502
DTXSID40630966	DTXSID90846131 DTXSID30535875 DTXSID70886212 DTXSID20294181 DTXSID70459804 DTXSID20306273 DTXSID00789368 DTXSID90422898 DTXSID70506807 DTXSID30717058 DTXSID20832224 DTXSID70419145 DTXSID20155783 DTXSID30667342 DTXSID30739694 DTXSID30368908 DTXSID50704445 DTXSID10803544 DTXSID10633444 DTXSID60299079
DTXSID50675242	DTXSID80844106 DTXSID60816765 DTXSID40711103 DTXSID30867401 DTXSID20363886 DTXSID00764791 DTXSID10699207 DTXSID70517256 DTXSID90440214 DTXSID50340948 DTXSID1042659 DTXSID30846155 DTXSID70645649 DTXSID50469825 DTXSID40887211 DTXSID10551876 DTXSID40751968 DTXSID20567049 DTXSID70439005 DTXSID40581323
DTXSID00651450	DTXSID60451392 DTXSID90346101 DTXSID20579586 DTXSID80434162 DTXSID70275501 DTXSID70557910 DTXSID30489122 DTXSID10824299 DTXSID40427974 DTXSID80509708 DTXSID00667551 DTXSID30451763 DTXSID30578828 DTXSID80464368 DTXSID00186010 DTXSID90346141 DTXSID20609170 DTXSID40508111 DTXSID70478419 DTXSID2072881
DTXSID00568731	DTXSID00856766 DTXSID80619876 DTXSID40814724 DTXSID40529149 DTXSID50174189 DTXSID50509992 DTXSID10710663 DTXSID80553342 DTXSID60600484 DTXSID70795315 DTXSID30625664 DTXSID40278640 DTXSID70670057 DTXSID6023315 DTXSID70547371 DTXSID50467003 DTXSID10728889 DTXSID80820804 DTXSID90661225 DTXSID40570439
DTXSID20832421	DTXSID80528696 DTXSID00639591 DTXSID90543810 DTXSID7067401 DTXSID70493445 DTXSID40390038 DTXSID90313550 DTXSID50165719 DTXSID30711637 DTXSID60776895 DTXSID00564713 DTXSID00236589 DTXSID70764920 DTXSID60586193 DTXSID70751774 DTXSID20876587 DTXSID40503843 DTXSID10794029 DTXSID80342874 DTXSID00333421
DTXSID40759388	DTXSID50296299 DTXSID80763106 DTXSID90464773 DTXSID30656776 DTXSID70880654 DTXSID30544962 DTXSID70809300 DTXSID60816588 DTXSID90656414 DTXSID60184032 DTXSID60241518 DTXSID60448429 DTXSID20434202 DTXSID60881211 DTXSID80159287 DTXSID60642041 DTXSID10149196 DTXSID20621973 DTXSID70439005 DTXSID30674854
DTXSID20482041	DTXSID70876537 DTXSID20496764 DTXSID90211683 DTXSID60645870 DTXSID70511451 DTXSID90734347 DTXSID80196374 DTXSID90639247 DTXSID30489046 DTXSID40459098 DTXSID60671492 DTXSID90326600 DTXSID50600953 DTXSID1068229 DTXSID80470161 DTXSID80771185 DTXSID10454318 DTXSID70664895 DTXSID90201286 DTXSID00588454
DTXSID40711481	DTXSID10618478 DTXSID70377413 DTXSID00338355 DTXSID70511118 DTXSID90325830 DTXSID10143472 DTXSID20384137 DTXSID90380868 DTXSID70214273 DTXSID50660254 DTXSID70640932 DTXSID10652953 DTXSID70666536 DTXSID30816914 DTXSID30694618 DTXSID30661047 DTXSID50187552 DTXSID10177934 DTXSID7073771 DTXSID20580733
DTXSID40616866	DTXSID90149336 DTXSID90182581 DTXSID10679943 DTXSID50795277 DTXSID10640052 DTXSID60395929 DTXSID8066975 DTXSID40282005 DTXSID10478554 DTXSID90608771 DTXSID10228793 DTXSID20375085 DTXSID80471577 DTXSID20311463 DTXSID60438865 DTXSID80375086 DTXSID70598666 DTXSID80591547 DTXSID70600399 DTXSID00429853
DTXSID50228333	DTXSID70365476 DTXSID90204035 DTXSID30681826 DTXSID80632282 DTXSID10610614 DTXSID80525382 DTXSID80408227 DTXSID30625841 DTXSID50549550 DTXSID40664842 DTXSID80561785 DTXSID10606431 DTXSID30400852 DTXSID60332177 DTXSID40516559 DTXSID30482714 DTXSID90766406 DTXSID40309307 DTXSID90301614 DTXSID60292368
DTXSID00236589	DTXSID0052330 DTXSID30403904 DTXSID10794029 DTXSID00564713 DTXSID20876587 DTXSID60586193 DTXSID80407033 DTXSID60776895 DTXSID40474807 DTXSID80290523 DTXSID40503843 DTXSID20832421 DTXSID90543810 DTXSID30167256 DTXSID70814070 DTXSID7067401 DTXSID00639591 DTXSID80611870 DTXSID80283036 DTXSID90313550
DTXSID20294540	DTXSID30742365 DTXSID50208236 DTXSID10742747 DTXSID80422327 DTXSID80465552 DTXSID20807311 DTXSID60664203 DTXSID50653949 DTXSID30527699 DTXSID90624390 DTXSID30311434 DTXSID40196774 DTXSID00195960 DTXSID20198872 DTXSID60587524 DTXSID70530864 DTXSID90198723 DTXSID90805602 DTXSID20695831 DTXSID90174022
DTXSID60174670	DTXSID10799296 DTXSID40721146 DTXSID40373801 DTXSID60166439 DTXSID90404174 DTXSID80734290 DTXSID20633374 DTXSID70344367 DTXSID20876507 DTXSID60278066 DTXSID00846344 DTXSID90772002 DTXSID80202505 DTXSID90681564 DTXSID90383692 DTXSID40560431 DTXSID10645683 DTXSID20631638 DTXSID40433691 DTXSID6041501
DTXSID50757835	DTXSID70322827 DTXSID20802604 DTXSID70757074 DTXSID50439346 DTXSID60789344 DTXSID20469635 DTXSID60832940 DTXSID70785433 DTXSID30307135 DTXSID30782781 DTXSID30844232 DTXSID60823212 DTXSID80756710 DTXSID20179000 DTXSID70768084 DTXSID40706170 DTXSID20675951 DTXSID50533959 DTXSID50759096 DTXSID30532369
DTXSID30175614	DTXSID70400710 DTXSID80772011 DTXSID60668726 DTXSID90401582 DTXSID00498387 DTXSID30607723 DTXSID60396875 DTXSID20422326 DTXSID30240972 DTXSID00490346 DTXSID80470368 DTXSID20667790 DTXSID40456507 DTXSID50427945 DTXSID70353035 DTXSID30531958 DTXSID00632204 DTXSID90409028 DTXSID10215002 DTXSID40293651
DTXSID10682417	DTXSID90694856 DTXSID50722189 DTXSID70588229 DTXSID20646505 DTXSID80724732 DTXSID80681992 DTXSID50726783 DTXSID20415399 DTXSID20708778 DTXSID30782468 DTXSID10475068 DTXSID10693482 DTXSID20457279 DTXSID30363675 DTXSID50369735 DTXSID30478859 DTXSID10365950 DTXSID60214045 DTXSID80178953 DTXSID10477784
DTXSID20213736	DTXSID80199320 DTXSID40574457 DTXSID0024397 DTXSID30668910 DTXSID90787030 DTXSID40697812 DTXSID80835635 DTXSID90489385 DTXSID60572394 DTXSID60144510 DTXSID80341241 DTXSID10761256 DTXSID50152846 DTXSID90788825 DTXSID40435251 DTXSID50846970 DTXSID10406892 DTXSID70826239 DTXSID10437121 DTXSID30399353
DTXSID60739526	DTXSID50631606 DTXSID90695323 DTXSID10618519 DTXSID50697429 DTXSID20834086 DTXSID30787357 DTXSID20368194 DTXSID90840538 DTXSID10806398 DTXSID5070529 DTXSID00299730 DTXSID00730012 DTXSID60588576 DTXSID50179518 DTXSID10675647 DTXSID10393657 DTXSID70202337 DTXSID80656180 DTXSID50646755 DTXSID30678938
DTXSID20470721	DTXSID30195973 DTXSID60739485 DTXSID70586169 DTXSID00694544 DTXSID00419451 DTXSID10533536 DTXSID60524575 DTXSID60148593 DTXSID30450579 DTXSID60299054 DTXSID70807240 DTXSID10726305 DTXSID00598957 DTXSID10277741 DTXSID00486769 DTXSID30287024 DTXSID70548601 DTXSID20505981 DTXSID50787394 DTXSID40300233
DTXSID60467599	DTXSID90605508 DTXSID20857154 DTXSID40652067 DTXSID70651068 DTXSID50590188 DTXSID50274133 DTXSID60175162 DTXSID00663871 DTXSID80437991 DTXSID3068592 DTXSID40856366 DTXSID10343637 DTXSID60500859 DTXSID60471338 DTXSID60187922 DTXSID20324518 DTXSID70326108 DTXSID20348830 DTXSID40427651 DTXSID30772364
DTXSID50728005	DTXSID20509883 DTXSID50354681 DTXSID50709910 DTXSID30567075 DTXSID50527777 DTXSID70241625 DTXSID70877089 DTXSID50621249 DTXSID40462249 DTXSID70359395 DTXSID00444344 DTXSID60716493 DTXSID00452565 DTXSID10518101 DTXSID30805747 DTXSID70559191 DTXSID80502759 DTXSID00225771 DTXSID50174083 DTXSID00186636
DTXSID80771766	DTXSID80851239 DTXSID80143040 DTXSID00508096 DTXSID90811162 DTXSID50569319 DTXSID00196518 DTXSID40280980 DTXSID20867834 DTXSID70282356 DTXSID30474098 DTXSID30428374 DTXSID70545993 DTXSID60601471 DTXSID80801294 DTXSID50304449 DTXSID70610039 DTXSID60354011 DTXSID40696461 DTXSID10601360 DTXSID40633972
DTXSID20640866	DTXSID20485153 DTXSID50534148 DTXSID00541362 DTXSID40697155 DTXSID30479922 DTXSID50812918 DTXSID60211832 DTXSID20163722 DTXSID30640913 DTXSID70341018 DTXSID50553950 DTXSID60425199 DTXSID70589837 DTXSID50335233 DTXSID60842544 DTXSID20445999 DTXSID30556343 DTXSID30385110 DTXSID5069912 DTXSID70353237
DTXSID40621798	DTXSID10587796 DTXSID80784755 DTXSID00679770 DTXSID10743592 DTXSID50398949 DTXSID80670922 DTXSID90592505 DTXSID20651159 DTXSID70361650 DTXSID20235433 DTXSID70850630 DTXSID90688538 DTXSID80696364 DTXSID50662930 DTXSID70513637 DTXSID30314804 DTXSID10406256 DTXSID90510345 DTXSID20483593 DTXSID6067549
DTXSID0064672	DTXSID10561910 DTXSID80470489 DTXSID00887994 DTXSID00282965 DTXSID00453451 DTXSID60327528 DTXSID50524701 DTXSID80531529 DTXSID70783414 DTXSID00603050 DTXSID40334154 DTXSID50712227 DTXSID70404955 DTXSID20477912 DTXSID60712218 DTXSID60536719 DTXSID80299970 DTXSID70647688 DTXSID80464368 DTXSID20752594
DTXSID50365777	DTXSID90825880 DTXSID50761013 DTXSID10145133 DTXSID50703291 DTXSID10615447 DTXSID80733465 DTXSID70563071 DTXSID50858836 DTXSID4041232 DTXSID00701883 DTXSID4059540 DTXSID00203059 DTXSID00715541 DTXSID00507064 DTXSID50862599 DTXSID20740698 DTXSID20540059 DTXSID70743932 DTXSID00616882 DTXSID40163406
DTXSID50557458	DTXSID80542938 DTXSID10277443 DTXSID70326067 DTXSID80484844 DTXSID00832287 DTXSID90681564 DTXSID30804992 DTXSID70280852 DTXSID00314154 DTXSID80278947 DTXSID20418481 DTXSID90430256 DTXSID60278066 DTXSID60484049 DTXSID50549631 DTXSID80538619 DTXSID60373803 DTXSID60631637 DTXSID20408685 DTXSID00444965
DTXSID80275936	DTXSID10560226 DTXSID00338633 DTXSID00405955 DTXSID50465827 DTXSID50505318 DTXSID50736206 DTXSID60399760 DTXSID10463021 DTXSID00405935 DTXSID80156756 DTXSID10410373 DTXSID90850096 DTXSID10579131 DTXSID00562052 DTXSID10144484 DTXSID70284653 DTXSID10649722 DTXSID30671323 DTXSID60877351 DTXSID20403498
DTXSID40408041	DTXSID10482131 DTXSID90365938 DTXSID20610786 DTXSID50608176 DTXSID20180252 DTXSID4020953 DTXSID00646886 DTXSID20661910 DTXSID10402258 DTXSID30628892 DTXSID00461157 DTXSID20371406 DTXSID80191703 DTXSID30178327 DTXSID60885815 DTXSID00651511 DTXSID00279294 DTXSID80627991 DTXSID60427936 DTXSID30596103
DTXSID60226204	DTXSID70729791 DTXSID60737648 DTXSID30577437 DTXSID60456529 DTXSID30758921 DTXSID70603527 DTXSID70452719 DTXSID10554766 DTXSID50772104 DTXSID60446501 DTXSID50852157 DTXSID40874080 DTXSID10187391 DTXSID90567430 DTXSID10818517 DTXSID70305695 DTXSID20704255 DTXSID50152285 DTXSID90390301 DTXSID20780913
DTXSID00331164	DTXSID50707951 DTXSID30213626 DTXSID50813501 DTXSID20542816 DTXSID10364529 DTXSID40775609 DTXSID00631297 DTXSID30332528 DTXSID20670305 DTXSID00560977 DTXSID90877304 DTXSID40343468 DTXSID40388536 DTXSID70398406 DTXSID30521910 DTXSID50783876 DTXSID20443399 DTXSID50640314 DTXSID00398671 DTXSID10848359
DTXSID5052626	DTXSID30364541 DTXSID50613285 DTXSID60772736 DTXSID00334377 DTXSID10462918 DTXSID1069952 DTXSID20374210 DTXSID90346863 DTXSID20626403 DTXSID00192999 DTXSID40589021 DTXSID40110056 DTXSID30543314 DTXSID30428657 DTXSID60204461 DTXSID70618434 DTXSID20541122 DTXSID30791313 DTXSID30591799 DTXSID80176974
DTXSID40776631	DTXSID50811567 DTXSID70842010 DTXSID40636908 DTXSID80873118 DTXSID00787066 DTXSID10797611 DTXSID60816720 DTXSID00809999 DTXSID20536553 DTXSID30433605 DTXSID70477528 DTXSID60149080 DTXSID00632966 DTXSID30316929 DTXSID10577450 DTXSID20794979 DTXSID20790537 DTXSID60795081 DTXSID60536552 DTXSID80742456
DTXSID40308254	DTXSID20525200 DTXSID00291855 DTXSID00346298 DTXSID80608826 DTXSID20660908 DTXSID10839444 DTXSID30729499 DTXSID10767591 DTXSID60192657 DTXSID00317766 DTXSID20739784 DTXSID70628795 DTXSID40654925 DTXSID80391786 DTXSID40596295 DTXSID00427450 DTXSID20424284 DTXSID50601243 DTXSID30241787 DTXSID50196028
DTXSID30709812	DTXSID70333175 DTXSID20495555 DTXSID10439620 DTXSID30596148 DTXSID60417812 DTXSID00720559 DTXSID50576785 DTXSID90693223 DTXSID70182509 DTXSID20323440 DTXSID30456915 DTXSID40395861 DTXSID50460438 DTXSID40488742 DTXSID40324499 DTXSID10240733 DTXSID40521749 DTXSID20307866 DTXSID80240427 DTXSID00445639
DTXSID20846260	DTXSID20620805 DTXSID90373750 DTXSID60743643 DTXSID70811307 DTXSID40589748 DTXSID70735498 DTXSID90276479 DTXSID10612693 DTXSID50325992 DTXSID80648005 DTXSID40516574 DTXSID60820660 DTXSID00857657 DTXSID40509623 DTXSID20419099 DTXSID80718212 DTXSID60744413 DTXSID10380986 DTXSID60456741 DTXSID20394832
DTXSID90280672	DTXSID6024337 DTXSID40854463 DTXSID40358330 DTXSID20587863 DTXSID40877591 DTXSID90280854 DTXSID70720440 DTXSID00240863 DTXSID10480899 DTXSID70496097 DTXSID80524375 DTXSID40547121 DTXSID20708556 DTXSID70790249 DTXSID90728665 DTXSID80610828 DTXSID50326560 DTXSID70534660 DTXSID50788008 DTXSID70333716
DTXSID00507084	DTXSID20394832 DTXSID20629934 DTXSID70735498 DTXSID30827181 DTXSID30542746 DTXSID80684347 DTXSID10621200 DTXSID60512533 DTXSID90291526 DTXSID80744470 DTXSID90674537 DTXSID20620805 DTXSID60743643 DTXSID60555147 DTXSID80722112 DTXSID00515240 DTXSID40719260 DTXSID10288170 DTXSID50599959 DTXSID90705153
DTXSID70197592	DTXSID30153356 DTXSID00429272 DTXSID00218749 DTXSID10879688 DTXSID50368041 DTXSID00467412 DTXSID90279182 DTXSID40549529 DTXSID90618678 DTXSID50601344 DTXSID60771643 DTXSID20622086 DTXSID10622999 DTXSID80451172 DTXSID10289940 DTXSID20405593 DTXSID30418917 DTXSID00598078 DTXSID10202078 DTXSID20172415
DTXSID40701504	DTXSID90396222 DTXSID50808230 DTXSID70314323 DTXSID30194007 DTXSID50289141 DTXSID30555654 DTXSID50812953 DTXSID70810991 DTXSID20705520 DTXSID60840989 DTXSID10494698 DTXSID50623167 DTXSID60400628 DTXSID90452650 DTXSID10195335 DTXSID90444015 DTXSID00190172 DTXSID50733639 DTXSID80718853 DTXSID40646461
DTXSID30675508	DTXSID30589373 DTXSID00487933 DTXSID40596295 DTXSID80608826 DTXSID70324861 DTXSID50495023 DTXSID80391786 DTXSID10850376 DTXSID40707006 DTXSID10642415 DTXSID20424284 DTXSID80588290 DTXSID60190097 DTXSID60608662 DTXSID90143531 DTXSID70425867 DTXSID00837752 DTXSID50196028 DTXSID60462105 DTXSID30729499
DTXSID20285978	DTXSID90340548 DTXSID10692879 DTXSID90330247 DTXSID9059541 DTXSID40620483 DTXSID00771248 DTXSID10363552 DTXSID10398708 DTXSID60551285 DTXSID70480092 DTXSID60390353 DTXSID80527407 DTXSID50885905 DTXSID40454326 DTXSID10597653 DTXSID90178368 DTXSID40326736 DTXSID20509929 DTXSID80356693 DTXSID20386156
DTXSID50581773	DTXSID10653849 DTXSID50170126 DTXSID40562536 DTXSID20162952 DTXSID00526659 DTXSID70171099 DTXSID20355044 DTXSID6061604 DTXSID50591554 DTXSID20664825 DTXSID50646174 DTXSID90389316 DTXSID40494060 DTXSID40674401 DTXSID00289818 DTXSID60358791 DTXSID60344275 DTXSID20152590 DTXSID2062032 DTXSID50625161
DTXSID90535912	DTXSID10814993 DTXSID40338899 DTXSID90534566 DTXSID50704849 DTXSID30844994 DTXSID20808909 DTXSID60391663 DTXSID50424015 DTXSID50521331 DTXSID20379280 DTXSID50855769 DTXSID80149663 DTXSID10617880 DTXSID10601885 DTXSID30280398 DTXSID60732693 DTXSID50793056 DTXSID20315027 DTXSID50485202 DTXSID40195484
DTXSID10590306	DTXSID80367027 DTXSID90656353 DTXSID70563218 DTXSID20857659 DTXSID90310120 DTXSID10223061 DTXSID30403500 DTXSID50395377 DTXSID80499392 DTXSID00153121 DTXSID30203209 DTXSID30225941 DTXSID40659632 DTXSID90635143 DTXSID2023222 DTXSID90535053 DTXSID50160901 DTXSID90349995 DTXSID40434921 DTXSID90875986
DTXSID70731470	DTXSID40210161 DTXSID10588304 DTXSID50343737 DTXSID60476803 DTXSID90431228 DTXSID90237202 DTXSID80535688 DTXSID90876473 DTXSID80381783 DTXSID60708712 DTXSID70383473 DTXSID10480899 DTXSID70851167 DTXSID20708556 DTXSID50587654 DTXSID40877591 DTXSID00732157 DTXSID70607868 DTXSID90612898 DTXSID10667643
DTXSID20745486	DTXSID70888296 DTXSID50289404 DTXSID00768219 DTXSID00887474 DTXSID50499107 DTXSID0072776 DTXSID10784127 DTXSID70793856 DTXSID10764146 DTXSID70177359 DTXSID70762244 DTXSID10826637 DTXSID60241194 DTXSID60873939 DTXSID40873937 DTXSID70867364 DTXSID6044802 DTXSID8027872 DTXSID00841374 DTXSID50343212
DTXSID80392056	DTXSID40528157 DTXSID80701725 DTXSID90679880 DTXSID60319443 DTXSID30223841 DTXSID70856415 DTXSID90669140 DTXSID20607676 DTXSID00383860 DTXSID30280217 DTXSID30627002 DTXSID80162953 DTXSID30745058 DTXSID70693842 DTXSID40334412 DTXSID70805004 DTXSID00393727 DTXSID70383211 DTXSID70579192 DTXSID80727804
DTXSID70616435	DTXSID70725576 DTXSID80696900 DTXSID80499195 DTXSID40508237 DTXSID60624024 DTXSID50372744 DTXSID90676672 DTXSID50188105 DTXSID40777906 DTXSID00346814 DTXSID50727371 DTXSID30739831 DTXSID10422234 DTXSID60561703 DTXSID80593006 DTXSID70566047 DTXSID90621804 DTXSID50351190 DTXSID00482887 DTXSID50588202
DTXSID20879472	DTXSID20325065 DTXSID20708955 DTXSID30843644 DTXSID50304707 DTXSID00712035 DTXSID2071071 DTXSID90584703 DTXSID50646755 DTXSID60187083 DTXSID80560576 DTXSID50310520 DTXSID80613172 DTXSID20656063 DTXSID6058972 DTXSID50809828 DTXSID70672798 DTXSID80656180 DTXSID00730012 DTXSID20834086 DTXSID10426732
DTXSID90291526	DTXSID90674537 DTXSID40719260 DTXSID10288170 DTXSID10621200 DTXSID30827181 DTXSID60512533 DTXSID50190364 DTXSID80684347 DTXSID30857029 DTXSID00515240 DTXSID90705153 DTXSID80593541 DTXSID30542746 DTXSID90663466 DTXSID80676828 DTXSID50599959 DTXSID20394832 DTXSID60813951 DTXSID70657121 DTXSID20629934
DTXSID80178953	DTXSID50369735 DTXSID30363675 DTXSID30782468 DTXSID10365950 DTXSID50722189 DTXSID90694856 DTXSID70460591 DTXSID10475068 DTXSID10646473 DTXSID30478859 DTXSID80724732 DTXSID10469624 DTXSID10682417 DTXSID60214045 DTXSID60725808 DTXSID20646505 DTXSID20415399 DTXSID00629715 DTXSID60717162 DTXSID90618092
DTXSID30566341	DTXSID50184647 DTXSID90766845 DTXSID30575670 DTXSID60790970 DTXSID10758949 DTXSID60885077 DTXSID50903911 DTXSID30223285 DTXSID20814500 DTXSID1068019 DTXSID20230322 DTXSID0062921 DTXSID1068300 DTXSID20888029 DTXSID20752115 DTXSID60288589 DTXSID90216335 DTXSID80814501 DTXSID80195044 DTXSID5062398
DTXSID80612226	DTXSID90581772 DTXSID70594608 DTXSID30666870 DTXSID50392846 DTXSID10560963 DTXSID80344898 DTXSID50286771 DTXSID50671709 DTXSID60774114 DTXSID60227615 DTXSID50853664 DTXSID00657250 DTXSID7046388 DTXSID2060387 DTXSID40722214 DTXSID10406059 DTXSID00623359 DTXSID20478000 DTXSID50896096 DTXSID70572300
DTXSID20378677	DTXSID80572896 DTXSID30217503 DTXSID00304090 DTXSID10470412 DTXSID90205022 DTXSID90425465 DTXSID70828773 DTXSID30291883 DTXSID20605758 DTXSID80142856 DTXSID90499641 DTXSID60744317 DTXSID70542023 DTXSID30442510 DTXSID70395213 DTXSID90715717 DTXSID70170502 DTXSID60329183 DTXSID00619277 DTXSID10771759
DTXSID80303546	DTXSID30648393 DTXSID40577145 DTXSID5037602 DTXSID60449335 DTXSID10717975 DTXSID30455463 DTXSID30755233 DTXSID70842212 DTXSID7047015 DTXSID50175434 DTXSID20856788 DTXSID60646549 DTXSID7020211 DTXSID50369598 DTXSID10594324 DTXSID60732693 DTXSID40211870 DTXSID40765540 DTXSID50345559 DTXSID30796267
DTXSID80541527	DTXSID10166661 DTXSID20652828 DTXSID60632568 DTXSID50632779 DTXSID10214297 DTXSID00618124 DTXSID50610734 DTXSID50850557 DTXSID40344319 DTXSID70768221 DTXSID70599254 DTXSID80819157 DTXSID10189517 DTXSID10343415 DTXSID90332584 DTXSID00725569 DTXSID20301864 DTXSID60807198 DTXSID10594329 DTXSID20676923
DTXSID80744470	DTXSID60551149 DTXSID50599959 DTXSID10380986 DTXSID20629934 DTXSID70315976 DTXSID60373409 DTXSID80722112 DTXSID20827933 DTXSID30668051 DTXSID20351228 DTXSID00507084 DTXSID10623385 DTXSID90489587 DTXSID20216742 DTXSID70357679 DTXSID60555147 DTXSID20394832 DTXSID50427622 DTXSID30827181 DTXSID20817016
DTXSID30433605	DTXSID60239677 DTXSID50792261 DTXSID10892094 DTXSID20794979 DTXSID10347973 DTXSID50700528 DTXSID80789543 DTXSID20754452 DTXSID90804832 DTXSID20536553 DTXSID70477528 DTXSID10783832 DTXSID40341666 DTXSID40776631 DTXSID40341661 DTXSID60149080 DTXSID10797611 DTXSID80341660 DTXSID30297769 DTXSID00809999
DTXSID80634549	DTXSID00292524 DTXSID40163668 DTXSID9041023 DTXSID50790787 DTXSID70769793 DTXSID50730860 DTXSID50759096 DTXSID80768398 DTXSID50533959 DTXSID60823212 DTXSID80830605 DTXSID00750538 DTXSID70785433 DTXSID70710346 DTXSID20888665 DTXSID50780365 DTXSID20179000 DTXSID40789867 DTXSID30532369 DTXSID10805149
DTXSID60457071	DTXSID50346667 DTXSID80198656 DTXSID20612381 DTXSID60682265 DTXSID30639701 DTXSID90321852 DTXSID60486664 DTXSID00307829 DTXSID20550310 DTXSID30675245 DTXSID80630541 DTXSID40337105 DTXSID50210773 DTXSID20502450 DTXSID4034817 DTXSID3075335 DTXSID30502461 DTXSID40847052 DTXSID50555378 DTXSID60866760
DTXSID50473503	DTXSID10529858 DTXSID70282538 DTXSID80440703 DTXSID90718526 DTXSID50701217 DTXSID30385655 DTXSID90213687 DTXSID70360269 DTXSID10568641 DTXSID80786658 DTXSID00781261 DTXSID70421046 DTXSID40386395 DTXSID50462639 DTXSID70858070 DTXSID10698513 DTXSID40589743 DTXSID30595898 DTXSID10185514 DTXSID40398079
DTXSID10837041	DTXSID50606874 DTXSID80442828 DTXSID40613158 DTXSID50180124 DTXSID00420305 DTXSID00413191 DTXSID40640121 DTXSID30202378 DTXSID90767615 DTXSID20476965 DTXSID00801993 DTXSID80211677 DTXSID30185571 DTXSID90774940 DTXSID60471474 DTXSID10705776 DTXSID1020770 DTXSID80536458 DTXSID10159977 DTXSID90834472
DTXSID60312631	DTXSID50757350 DTXSID90655745 DTXSID20771341 DTXSID90152885 DTXSID9068378 DTXSID00481779 DTXSID50323438 DTXSID60422946 DTXSID90577877 DTXSID20730473 DTXSID60655595 DTXSID60421353 DTXSID10172404 DTXSID50152285 DTXSID00731524 DTXSID90594948 DTXSID40181180 DTXSID40507280 DTXSID00766412 DTXSID80469499
DTXSID20493516	DTXSID50315974 DTXSID30817062 DTXSID10448358 DTXSID80383500 DTXSID70450412 DTXSID10812313 DTXSID50429247 DTXSID5020942 DTXSID90747351 DTXSID30759337 DTXSID70481504 DTXSID60618206 DTXSID30642477 DTXSID80665479 DTXSID50154325 DTXSID00556951 DTXSID80297118 DTXSID80354891 DTXSID50733937 DTXSID60799327
DTXSID90388288	DTXSID50589017 DTXSID70488816 DTXSID90506460 DTXSID40749345 DTXSID90337312 DTXSID00496606 DTXSID00143623 DTXSID90512026 DTXSID90352929 DTXSID00428225 DTXSID70353035 DTXSID50590582 DTXSID10452450 DTXSID10600479 DTXSID90719730 DTXSID90624653 DTXSID50427945 DTXSID00797266 DTXSID20324558 DTXSID10215002
DTXSID30596401	DTXSID4067771 DTXSID80228265 DTXSID50337419 DTXSID60651597 DTXSID60487010 DTXSID10454999 DTXSID40507649 DTXSID60633570 DTXSID00484583 DTXSID50778606 DTXSID30382886 DTXSID20732598 DTXSID50556143 DTXSID90480958 DTXSID40307383 DTXSID4041236 DTXSID8069565 DTXSID10475568 DTXSID60704259 DTXSID0065933
DTXSID80528696	DTXSID20832421 DTXSID00639591 DTXSID90543810 DTXSID40390038 DTXSID70493445 DTXSID7067401 DTXSID90313550 DTXSID70764920 DTXSID50165719 DTXSID30711637 DTXSID00564713 DTXSID00333421 DTXSID70751774 DTXSID40226601 DTXSID60776895 DTXSID10564320 DTXSID50579054 DTXSID00236589 DTXSID60586193 DTXSID80342874
DTXSID10145133	DTXSID90825880 DTXSID50365777 DTXSID70563071 DTXSID50858836 DTXSID50703291 DTXSID50761013 DTXSID00203059 DTXSID70743932 DTXSID50423907 DTXSID4059540 DTXSID80733465 DTXSID30815008 DTXSID10615447 DTXSID80399161 DTXSID60887995 DTXSID70798725 DTXSID00507064 DTXSID4041232 DTXSID70502400 DTXSID6070560
DTXSID20481099	DTXSID50436936 DTXSID00341268 DTXSID40406623 DTXSID90424554 DTXSID30852630 DTXSID40552053 DTXSID30563198 DTXSID20200005 DTXSID80284725 DTXSID80241717 DTXSID80175861 DTXSID90485226 DTXSID10237007 DTXSID10809501 DTXSID00206505 DTXSID10838553 DTXSID10292631 DTXSID20159342 DTXSID00579281 DTXSID00565689
DTXSID80514776	DTXSID00534971 DTXSID30685400 DTXSID50809005 DTXSID30283405 DTXSID10494693 DTXSID70398168 DTXSID90308284 DTXSID60552611 DTXSID70372524 DTXSID30399353 DTXSID80835635 DTXSID30668910 DTXSID50314442 DTXSID60572394 DTXSID80312456 DTXSID20545261 DTXSID10761256 DTXSID60439599 DTXSID50323554 DTXSID00201636
DTXSID10856212	DTXSID70613267 DTXSID50605887 DTXSID0041773 DTXSID00823892 DTXSID80580734 DTXSID10511314 DTXSID40195106 DTXSID30661047 DTXSID40398938 DTXSID00468540 DTXSID70666536 DTXSID40319300 DTXSID70177935 DTXSID20580733 DTXSID80791540 DTXSID10177934 DTXSID30694618 DTXSID50187552 DTXSID50186363 DTXSID50497865
DTXSID10390348	DTXSID30333176 DTXSID40641234 DTXSID20805731 DTXSID20737725 DTXSID80238102 DTXSID80541481 DTXSID20744171 DTXSID80506732 DTXSID10667542 DTXSID70706764 DTXSID90284610 DTXSID40408203 DTXSID40820608 DTXSID30713515 DTXSID00706535 DTXSID20653476 DTXSID80639059 DTXSID60834161 DTXSID6044648 DTXSID00407575
DTXSID90609682	DTXSID90429862 DTXSID10212470 DTXSID20718973 DTXSID30537839 DTXSID90479908 DTXSID30780828 DTXSID30787852 DTXSID60620389 DTXSID30778189 DTXSID00571407 DTXSID40352515 DTXSID70401363 DTXSID80336298 DTXSID00377461 DTXSID90753952 DTXSID90469167 DTXSID70695260 DTXSID70173750 DTXSID90542803 DTXSID40296581
DTXSID80484561	DTXSID90833162 DTXSID00719160 DTXSID80287832 DTXSID20159786 DTXSID70765391 DTXSID40440103 DTXSID50724466 DTXSID2040280 DTXSID10852996 DTXSID50668230 DTXSID30437547 DTXSID90705799 DTXSID10191478 DTXSID10516763 DTXSID90463827 DTXSID30346908 DTXSID0046147 DTXSID50696336 DTXSID80357468 DTXSID0042298
DTXSID30402255	DTXSID60303887 DTXSID90449848 DTXSID80531281 DTXSID00560311 DTXSID40633255 DTXSID70825323 DTXSID70545211 DTXSID60738433 DTXSID8060537 DTXSID40532956 DTXSID80615999 DTXSID70203329 DTXSID60183020 DTXSID10468334 DTXSID10825483 DTXSID50224219 DTXSID20813437 DTXSID90825320 DTXSID50786221 DTXSID00542970
DTXSID30886990	DTXSID80830084 DTXSID20159342 DTXSID10292631 DTXSID40852060 DTXSID50853381 DTXSID70675345 DTXSID20798912 DTXSID70716782 DTXSID80241717 DTXSID00225190 DTXSID40510597 DTXSID00844946 DTXSID10811083 DTXSID30479306 DTXSID40833839 DTXSID30592145 DTXSID90485226 DTXSID70639043 DTXSID70770268 DTXSID00597642
DTXSID4072233	DTXSID30574648 DTXSID40341469 DTXSID80785949 DTXSID10896214 DTXSID60829355 DTXSID30207207 DTXSID20876805 DTXSID60896542 DTXSID80382194 DTXSID90808572 DTXSID90275528 DTXSID10814392 DTXSID40186675 DTXSID5067500 DTXSID50732122 DTXSID1024752 DTXSID60733827 DTXSID30640938 DTXSID80470343 DTXSID0020492
DTXSID80308374	DTXSID40306199 DTXSID40852085 DTXSID50316123 DTXSID70721614 DTXSID80811232 DTXSID10725737 DTXSID30516765 DTXSID90697544 DTXSID70846614 DTXSID30817906 DTXSID40832302 DTXSID10416330 DTXSID30202232 DTXSID20746397 DTXSID30204953 DTXSID30734164 DTXSID50338880 DTXSID80847197 DTXSID90346222 DTXSID70437263
DTXSID60767243	DTXSID30768005 DTXSID60627272 DTXSID20627273 DTXSID80824408 DTXSID80625518 DTXSID90610016 DTXSID60334732 DTXSID00498408 DTXSID70840778 DTXSID60768018 DTXSID20337941 DTXSID40604041 DTXSID20793129 DTXSID60829315 DTXSID40718915 DTXSID10579631 DTXSID10338028 DTXSID40767246 DTXSID60818128 DTXSID20818129
DTXSID40430160	DTXSID60542335 DTXSID50776829 DTXSID10895944 DTXSID10288155 DTXSID10311533 DTXSID40404280 DTXSID80292683 DTXSID60233812 DTXSID30173276 DTXSID9072652 DTXSID80896180 DTXSID10626018 DTXSID30189978 DTXSID20599022 DTXSID10361513 DTXSID20216666 DTXSID50452131 DTXSID80625119 DTXSID40507644 DTXSID40516574
DTXSID40561387	DTXSID30375511 DTXSID40717226 DTXSID00826525 DTXSID00703665 DTXSID80170790 DTXSID30202090 DTXSID60415535 DTXSID50725615 DTXSID60879315 DTXSID40295776 DTXSID00659436 DTXSID00672786 DTXSID60557545 DTXSID90373013 DTXSID40806821 DTXSID70368043 DTXSID80698888 DTXSID20405250 DTXSID80568895 DTXSID10533314
DTXSID70548989	DTXSID60495337 DTXSID80612887 DTXSID80712154 DTXSID80395860 DTXSID10634274 DTXSID20540610 DTXSID00474121 DTXSID10541414 DTXSID20499770 DTXSID60164793 DTXSID40358239 DTXSID10827381 DTXSID70846715 DTXSID60805533 DTXSID20754836 DTXSID80552613 DTXSID20307184 DTXSID10491980 DTXSID80292163 DTXSID30879706
DTXSID80527407	DTXSID40620483 DTXSID20386156 DTXSID50885905 DTXSID80356693 DTXSID60390353 DTXSID70436675 DTXSID90330247 DTXSID20285978 DTXSID90340548 DTXSID9059541 DTXSID50186787 DTXSID10692879 DTXSID20389647 DTXSID10398708 DTXSID20823753 DTXSID40513801 DTXSID80535885 DTXSID00443695 DTXSID00509528 DTXSID20747682
DTXSID00508773	DTXSID60351681 DTXSID60618529 DTXSID10565317 DTXSID10506361 DTXSID50342189 DTXSID80896180 DTXSID40404280 DTXSID9072652 DTXSID20354471 DTXSID60680908 DTXSID70781915 DTXSID30479725 DTXSID00825816 DTXSID00664580 DTXSID10311533 DTXSID50452131 DTXSID10895944 DTXSID20642128 DTXSID20676867 DTXSID50225620
DTXSID00793728	DTXSID80468609 DTXSID00699514 DTXSID80546739 DTXSID30543410 DTXSID70233808 DTXSID20741069 DTXSID10822679 DTXSID70242536 DTXSID80278447 DTXSID30191576 DTXSID50737490 DTXSID20280781 DTXSID80705607 DTXSID80195024 DTXSID60711882 DTXSID30827388 DTXSID20341664 DTXSID50796865 DTXSID70346765 DTXSID60511480
DTXSID00486769	DTXSID00419451 DTXSID30277844 DTXSID70586169 DTXSID90519676 DTXSID20590413 DTXSID10548160 DTXSID20470721 DTXSID40694386 DTXSID10533536 DTXSID80304871 DTXSID90873624 DTXSID90727173 DTXSID20623710 DTXSID80284760 DTXSID20505981 DTXSID30195973 DTXSID30400877 DTXSID90626591 DTXSID3070040 DTXSID60739485
DTXSID40171566	DTXSID20892085 DTXSID90290453 DTXSID10579757 DTXSID40439279 DTXSID20602343 DTXSID50491545 DTXSID30369516 DTXSID30378406 DTXSID80310179 DTXSID50210571 DTXSID10647703 DTXSID10634416 DTXSID60792898 DTXSID20243255 DTXSID00829056 DTXSID40418766 DTXSID20391366 DTXSID70440333 DTXSID50468535 DTXSID70774685
DTXSID40376130	DTXSID10896395 DTXSID3072242 DTXSID90312927 DTXSID20875813 DTXSID30789432 DTXSID30897546 DTXSID60896042 DTXSID50601283 DTXSID00430101 DTXSID70886515 DTXSID40877197 DTXSID70607767 DTXSID70889001 DTXSID30427322 DTXSID90794628 DTXSID40839114 DTXSID00851251 DTXSID60161040 DTXSID60875812 DTXSID30889002
DTXSID50681040	DTXSID00854560 DTXSID00462982 DTXSID60707765 DTXSID20540610 DTXSID60320630 DTXSID10672792 DTXSID40415679 DTXSID60325125 DTXSID7023194 DTXSID80395860 DTXSID00201055 DTXSID90794320 DTXSID10541414 DTXSID90402498 DTXSID10491980 DTXSID70668075 DTXSID80349621 DTXSID20465495 DTXSID70283222 DTXSID40183785
DTXSID80831692	DTXSID20391189 DTXSID10157079 DTXSID80279772 DTXSID80154818 DTXSID80726635 DTXSID00662940 DTXSID50681767 DTXSID20368533 DTXSID10186102 DTXSID70576904 DTXSID0020492 DTXSID40237176 DTXSID1020724 DTXSID10458452 DTXSID20561608 DTXSID70365214 DTXSID60733827 DTXSID60455133 DTXSID40167969 DTXSID30725613
DTXSID00571407	DTXSID70401363 DTXSID30787852 DTXSID30778189 DTXSID10212470 DTXSID90429862 DTXSID70876658 DTXSID70173750 DTXSID90609682 DTXSID30616810 DTXSID30537839 DTXSID90469167 DTXSID60495352 DTXSID20718973 DTXSID70695260 DTXSID90479908 DTXSID80588412 DTXSID60206622 DTXSID70212375 DTXSID70332567 DTXSID90799638
DTXSID90400712	DTXSID50397735 DTXSID20801894 DTXSID00277659 DTXSID10621083 DTXSID70170209 DTXSID60415939 DTXSID80450049 DTXSID20352992 DTXSID00225594 DTXSID00858129 DTXSID10512301 DTXSID30327237 DTXSID00739949 DTXSID60609316 DTXSID60833316 DTXSID90293308 DTXSID10703373 DTXSID40291475 DTXSID80757646 DTXSID00614525
DTXSID9064007	DTXSID30876674 DTXSID10430157 DTXSID80601317 DTXSID30856991 DTXSID20646803 DTXSID90360625 DTXSID50697207 DTXSID00617930 DTXSID20277075 DTXSID9068409 DTXSID00747382 DTXSID60470523 DTXSID60591944 DTXSID20377125 DTXSID10471025 DTXSID70295163 DTXSID40879338 DTXSID60591924 DTXSID70724089 DTXSID80620381
DTXSID20582959	DTXSID40578238 DTXSID00707608 DTXSID10221865 DTXSID50345019 DTXSID60505389 DTXSID40397623 DTXSID60375120 DTXSID50473745 DTXSID40855132 DTXSID50382722 DTXSID50441368 DTXSID40722618 DTXSID30634231 DTXSID90640974 DTXSID00645879 DTXSID90426058 DTXSID70478419 DTXSID90316182 DTXSID3058955 DTXSID40576875
DTXSID50770943	DTXSID10849982 DTXSID00428624 DTXSID30427761 DTXSID80186038 DTXSID00148017 DTXSID60895999 DTXSID00896425 DTXSID20874240 DTXSID80857317 DTXSID50896339 DTXSID20162997 DTXSID50303917 DTXSID80470343 DTXSID90241283 DTXSID30198141 DTXSID10896214 DTXSID40896005 DTXSID80785949 DTXSID20819292 DTXSID00314351
DTXSID30810715	DTXSID40298565 DTXSID50564682 DTXSID20787826 DTXSID70393496 DTXSID40497511 DTXSID60704577 DTXSID70592240 DTXSID10443964 DTXSID60642223 DTXSID80734038 DTXSID00217873 DTXSID00876505 DTXSID90667267 DTXSID60479238 DTXSID40855379 DTXSID00799866 DTXSID90324449 DTXSID80625058 DTXSID50183731 DTXSID20489156
DTXSID10883785	DTXSID00538116 DTXSID40801856 DTXSID00848106 DTXSID30791772 DTXSID90720189 DTXSID00743021 DTXSID4062646 DTXSID20456106 DTXSID10538021 DTXSID50343292 DTXSID90448755 DTXSID60447573 DTXSID50425022 DTXSID60843899 DTXSID50562800 DTXSID90339295 DTXSID90226358 DTXSID10421101 DTXSID90358481 DTXSID40824580
DTXSID30388904	DTXSID50150201 DTXSID9058941 DTXSID1052664 DTXSID10698513 DTXSID70360269 DTXSID40720078 DTXSID00827012 DTXSID10521453 DTXSID60174953 DTXSID10335956 DTXSID60570299 DTXSID70801288 DTXSID60651118 DTXSID80440703 DTXSID50296032 DTXSID50701217 DTXSID30385655 DTXSID70282538 DTXSID00781261 DTXSID00667490
DTXSID20846467	DTXSID90739897 DTXSID50667344 DTXSID80588038 DTXSID60763987 DTXSID80470843 DTXSID40713743 DTXSID00566070 DTXSID40809650 DTXSID70538885 DTXSID20393249 DTXSID70789794 DTXSID60490347 DTXSID10211569 DTXSID50628091 DTXSID90896171 DTXSID90551056 DTXSID70373576 DTXSID70891588 DTXSID70476834 DTXSID50361411
DTXSID70886212	DTXSID90846131 DTXSID40630966 DTXSID70506807 DTXSID30535875 DTXSID10633444 DTXSID50748066 DTXSID20832224 DTXSID30739694 DTXSID30368908 DTXSID10803544 DTXSID00407338 DTXSID70459804 DTXSID20294181 DTXSID10659982 DTXSID10456716 DTXSID50704445 DTXSID90422898 DTXSID90722587 DTXSID00628521 DTXSID40797841
DTXSID00181227	DTXSID9060780 DTXSID80336930 DTXSID30561457 DTXSID80755203 DTXSID10767839 DTXSID60752952 DTXSID7062829 DTXSID10648492 DTXSID5068237 DTXSID20544754 DTXSID70450674 DTXSID30147033 DTXSID3064437 DTXSID30710786 DTXSID90240731 DTXSID90759777 DTXSID0062896 DTXSID70700545 DTXSID10166560 DTXSID7063348
DTXSID30631669	DTXSID10435480 DTXSID00452641 DTXSID60667653 DTXSID70749156 DTXSID70631668 DTXSID40721964 DTXSID20835432 DTXSID60240667 DTXSID00698901 DTXSID80819470 DTXSID80534131 DTXSID30546628 DTXSID70434232 DTXSID80205258 DTXSID40668567 DTXSID60341603 DTXSID10574121 DTXSID40606308 DTXSID90151732 DTXSID70542023
DTXSID00757749	DTXSID80438044 DTXSID20434202 DTXSID10149196 DTXSID50639889 DTXSID60241518 DTXSID10144484 DTXSID20594678 DTXSID30544962 DTXSID70880654 DTXSID50527358 DTXSID20172071 DTXSID70614092 DTXSID00577964 DTXSID10579131 DTXSID60642041 DTXSID60881211 DTXSID60184032 DTXSID90751933 DTXSID50465827 DTXSID10463021
DTXSID20754836	DTXSID60284925 DTXSID10827381 DTXSID40513644 DTXSID80292163 DTXSID80613172 DTXSID60164793 DTXSID50565290 DTXSID90444156 DTXSID40214669 DTXSID80182974 DTXSID70300064 DTXSID10342286 DTXSID20499770 DTXSID60495337 DTXSID1070773 DTXSID80712154 DTXSID80552613 DTXSID60305467 DTXSID90434618 DTXSID90584703
DTXSID70737457	DTXSID20656245 DTXSID40180118 DTXSID70191530 DTXSID00645617 DTXSID80230045 DTXSID40380191 DTXSID80661557 DTXSID70219349 DTXSID40430408 DTXSID50808356 DTXSID70424335 DTXSID70213504 DTXSID80557643 DTXSID40645570 DTXSID10708141 DTXSID30383914 DTXSID50425981 DTXSID1071743 DTXSID10459469 DTXSID30618773
DTXSID50651304	DTXSID20218842 DTXSID10310021 DTXSID40546790 DTXSID10321879 DTXSID20801894 DTXSID6062672 DTXSID20595640 DTXSID00749821 DTXSID00614525 DTXSID60609316 DTXSID90208553 DTXSID50281226 DTXSID00374536 DTXSID00225594 DTXSID60415939 DTXSID60424884 DTXSID00829056 DTXSID20243255 DTXSID80723765 DTXSID30615328
DTXSID10651305	DTXSID1042281 DTXSID60167603 DTXSID50164641 DTXSID60736257 DTXSID50305239 DTXSID30310427 DTXSID80358672 DTXSID30350186 DTXSID00836164 DTXSID80620381 DTXSID90734029 DTXSID10197915 DTXSID20377125 DTXSID30618253 DTXSID70349519 DTXSID80468563 DTXSID30404754 DTXSID50709672 DTXSID40571168 DTXSID70630050
DTXSID70756441	DTXSID10754289 DTXSID60301085 DTXSID10473549 DTXSID90489385 DTXSID30735378 DTXSID80748231 DTXSID60661131 DTXSID30733677 DTXSID20781243 DTXSID50408597 DTXSID70606538 DTXSID40359589 DTXSID10406892 DTXSID30588169 DTXSID20307381 DTXSID70826239 DTXSID00651975 DTXSID60405779 DTXSID40694669 DTXSID10364125
DTXSID90626596	DTXSID80465693 DTXSID00617930 DTXSID30856991 DTXSID00402085 DTXSID70886858 DTXSID40879338 DTXSID20277075 DTXSID9068409 DTXSID60551669 DTXSID30876674 DTXSID10685822 DTXSID10430157 DTXSID50697207 DTXSID70295163 DTXSID50412755 DTXSID10471025 DTXSID20770410 DTXSID9064007 DTXSID60626321 DTXSID50408638
DTXSID90626591	DTXSID70736602 DTXSID80513800 DTXSID70496658 DTXSID30873623 DTXSID10306424 DTXSID20847232 DTXSID20761262 DTXSID40581646 DTXSID80284760 DTXSID90519676 DTXSID20590413 DTXSID10846613 DTXSID40577988 DTXSID30277844 DTXSID80682262 DTXSID70657227 DTXSID10548160 DTXSID00486769 DTXSID50768183 DTXSID50488016
DTXSID40832302	DTXSID90650230 DTXSID30848715 DTXSID40306199 DTXSID20746397 DTXSID70751779 DTXSID80811232 DTXSID90697544 DTXSID40852085 DTXSID50316123 DTXSID00639879 DTXSID80847197 DTXSID80308374 DTXSID70730145 DTXSID60702573 DTXSID50341016 DTXSID70743614 DTXSID60292449 DTXSID70721614 DTXSID70846614 DTXSID50242539
DTXSID60400325	DTXSID80428662 DTXSID00742973 DTXSID00739525 DTXSID20193125 DTXSID60373803 DTXSID30628918 DTXSID60589644 DTXSID80323406 DTXSID80787605 DTXSID90767079 DTXSID90383692 DTXSID20876507 DTXSID80538619 DTXSID60631637 DTXSID40629214 DTXSID50623344 DTXSID80196773 DTXSID30853743 DTXSID30824690 DTXSID10875943
DTXSID60634123	DTXSID00569783 DTXSID90561630 DTXSID30606231 DTXSID40322470 DTXSID00604284 DTXSID00384771 DTXSID20445712 DTXSID90668592 DTXSID00825816 DTXSID10794125 DTXSID60680908 DTXSID00444107 DTXSID00508773 DTXSID70400336 DTXSID20419099 DTXSID50818117 DTXSID10506361 DTXSID60820660 DTXSID80718212 DTXSID90676834
DTXSID00604709	DTXSID70884657 DTXSID90203164 DTXSID20660362 DTXSID60827513 DTXSID70568465 DTXSID10580202 DTXSID70325651 DTXSID50154805 DTXSID40677396 DTXSID60611176 DTXSID00563862 DTXSID30616532 DTXSID90310261 DTXSID70855069 DTXSID90160344 DTXSID90158322 DTXSID30660373 DTXSID60489953 DTXSID80221812 DTXSID80792077
DTXSID60833316	DTXSID80450049 DTXSID90293308 DTXSID20790592 DTXSID50708403 DTXSID50397735 DTXSID20352992 DTXSID20697239 DTXSID70506822 DTXSID00513140 DTXSID00858129 DTXSID10512301 DTXSID90400712 DTXSID10388588 DTXSID30747895 DTXSID90509411 DTXSID20285195 DTXSID60442705 DTXSID20603496 DTXSID70170209 DTXSID40846969
DTXSID80452144	DTXSID20190770 DTXSID40543441 DTXSID70418875 DTXSID00364578 DTXSID30713515 DTXSID30396761 DTXSID20653476 DTXSID70706764 DTXSID30757772 DTXSID60150616 DTXSID50460130 DTXSID20481377 DTXSID90543436 DTXSID20318013 DTXSID30587935 DTXSID40441716 DTXSID70517771 DTXSID30333176 DTXSID00438884 DTXSID7069071
DTXSID40602800	DTXSID10228319 DTXSID90573157 DTXSID30805207 DTXSID90294375 DTXSID10818850 DTXSID10329471 DTXSID10394967 DTXSID00697494 DTXSID50401306 DTXSID10611146 DTXSID30662877 DTXSID60700534 DTXSID90794481 DTXSID80478263 DTXSID90788820 DTXSID10513631 DTXSID50523178 DTXSID50488652 DTXSID90341590 DTXSID40876645
DTXSID30631402	DTXSID90540400 DTXSID80570918 DTXSID30618253 DTXSID60295354 DTXSID40454942 DTXSID30382301 DTXSID60669213 DTXSID80549528 DTXSID50170540 DTXSID20727989 DTXSID2047016 DTXSID00700114 DTXSID50305239 DTXSID10197915 DTXSID20568637 DTXSID20212022 DTXSID30672032 DTXSID80358672 DTXSID60167603 DTXSID40297775
DTXSID80549528	DTXSID60669213 DTXSID90540400 DTXSID50170540 DTXSID40454942 DTXSID90152749 DTXSID00700114 DTXSID00174816 DTXSID30631402 DTXSID00287793 DTXSID20356697 DTXSID80570918 DTXSID2047016 DTXSID10619405 DTXSID20212022 DTXSID90462572 DTXSID90622492 DTXSID60295354 DTXSID10555091 DTXSID00676663 DTXSID60618160
DTXSID20800029	DTXSID00220160 DTXSID80661133 DTXSID70445949 DTXSID70291387 DTXSID80451632 DTXSID40568598 DTXSID80661158 DTXSID10403669 DTXSID90661048 DTXSID70336101 DTXSID70509853 DTXSID70675103 DTXSID10592880 DTXSID80670260 DTXSID60670142 DTXSID70680914 DTXSID20503104 DTXSID50384160 DTXSID50220892 DTXSID50472117
DTXSID90201286	DTXSID50625101 DTXSID80196374 DTXSID10454318 DTXSID30489046 DTXSID40474524 DTXSID60645870 DTXSID80744117 DTXSID90211683 DTXSID20496764 DTXSID70656250 DTXSID70876537 DTXSID80771185 DTXSID10630771 DTXSID10728667 DTXSID50586107 DTXSID50421261 DTXSID10493989 DTXSID30485028 DTXSID80492621 DTXSID80338176
DTXSID60217359	DTXSID40588413 DTXSID80736618 DTXSID80572891 DTXSID20485012 DTXSID30395633 DTXSID60842746 DTXSID40513381 DTXSID80604707 DTXSID60284824 DTXSID00485015 DTXSID60532291 DTXSID10726820 DTXSID90185572 DTXSID30452775 DTXSID50849961 DTXSID60856080 DTXSID10826758 DTXSID40674385 DTXSID90185370 DTXSID80290306
DTXSID60308751	DTXSID30507638 DTXSID70741615 DTXSID20876047 DTXSID50178708 DTXSID40382933 DTXSID10561975 DTXSID60214121 DTXSID80700798 DTXSID40642488 DTXSID00769266 DTXSID90518543 DTXSID30558488 DTXSID80788253 DTXSID50652836 DTXSID70561754 DTXSID40811253 DTXSID30553978 DTXSID10803483 DTXSID30661188 DTXSID10363476
DTXSID80814501	DTXSID90216335 DTXSID20888029 DTXSID70394423 DTXSID5062398 DTXSID50552443 DTXSID20752115 DTXSID40601636 DTXSID1040247 DTXSID1068300 DTXSID40194710 DTXSID30772566 DTXSID30223285 DTXSID80275835 DTXSID80331586 DTXSID80437850 DTXSID60598059 DTXSID60885077 DTXSID60388215 DTXSID80601635 DTXSID60478428
DTXSID80516730	DTXSID60578412 DTXSID40478209 DTXSID40517460 DTXSID80304336 DTXSID80732155 DTXSID90319299 DTXSID80356057 DTXSID80627158 DTXSID30620215 DTXSID50669924 DTXSID80733081 DTXSID90406719 DTXSID50837444 DTXSID80700192 DTXSID60561849 DTXSID10653127 DTXSID80475919 DTXSID00646629 DTXSID90694957 DTXSID70578549
DTXSID90457286	DTXSID90567016 DTXSID60705544 DTXSID40556990 DTXSID90362422 DTXSID90450050 DTXSID70671842 DTXSID40508934 DTXSID70243846 DTXSID10590482 DTXSID90396409 DTXSID70721139 DTXSID50524963 DTXSID50678379 DTXSID70782861 DTXSID80354715 DTXSID60802643 DTXSID40650068 DTXSID60497452 DTXSID60496546 DTXSID30350580
DTXSID00568892	DTXSID10706283 DTXSID10343531 DTXSID70197512 DTXSID20359360 DTXSID40243434 DTXSID20285670 DTXSID40531863 DTXSID40309701 DTXSID70808676 DTXSID90553131 DTXSID90570287 DTXSID80406844 DTXSID40614266 DTXSID40295377 DTXSID60597325 DTXSID70324861 DTXSID90143531 DTXSID90803582 DTXSID60462105 DTXSID60608662
DTXSID30674854	DTXSID00732511 DTXSID80159287 DTXSID90819188 DTXSID70809300 DTXSID80434203 DTXSID90675226 DTXSID30308349 DTXSID90656414 DTXSID60816588 DTXSID50527358 DTXSID60448429 DTXSID60881211 DTXSID90464773 DTXSID80756533 DTXSID70459480 DTXSID30656776 DTXSID30544962 DTXSID80206381 DTXSID60642041 DTXSID60241518
DTXSID30772364	DTXSID40832084 DTXSID10483325 DTXSID80828986 DTXSID3068592 DTXSID80457932 DTXSID10343637 DTXSID40496120 DTXSID50567355 DTXSID70452133 DTXSID00376691 DTXSID60615215 DTXSID60175162 DTXSID70507899 DTXSID70651068 DTXSID50274133 DTXSID90494676 DTXSID50695420 DTXSID40652067 DTXSID30780308 DTXSID90605508
DTXSID20837451	DTXSID70399014 DTXSID80437850 DTXSID80766536 DTXSID1070856 DTXSID40601636 DTXSID50404352 DTXSID80275835 DTXSID1040247 DTXSID50718047 DTXSID20801632 DTXSID60388215 DTXSID40194710 DTXSID0046513 DTXSID60478428 DTXSID20806607 DTXSID6066862 DTXSID50552443 DTXSID70477361 DTXSID80331586 DTXSID20752115
DTXSID50151738	DTXSID80180238 DTXSID10837763 DTXSID00485176 DTXSID40857297 DTXSID40856184 DTXSID00646740 DTXSID40483116 DTXSID50660774 DTXSID80668581 DTXSID90748989 DTXSID40404068 DTXSID50807309 DTXSID60831094 DTXSID70849983 DTXSID50763875 DTXSID10711857 DTXSID10694631 DTXSID30218555 DTXSID60646089 DTXSID30649502
DTXSID20612902	DTXSID30449367 DTXSID70395213 DTXSID00184258 DTXSID60329183 DTXSID40700158 DTXSID60744317 DTXSID20379503 DTXSID20797081 DTXSID00849057 DTXSID00315606 DTXSID90544741 DTXSID30442510 DTXSID10358741 DTXSID80876982 DTXSID50742468 DTXSID40303103 DTXSID30540282 DTXSID70828773 DTXSID00304090 DTXSID90425465
DTXSID40180330	DTXSID40661119 DTXSID30666274 DTXSID30544023 DTXSID00302733 DTXSID30385110 DTXSID50799997 DTXSID50335233 DTXSID10307496 DTXSID70341018 DTXSID50450374 DTXSID70403246 DTXSID10403725 DTXSID60425199 DTXSID40697155 DTXSID30314602 DTXSID60640800 DTXSID1063691 DTXSID30588169 DTXSID60405779 DTXSID20445999
DTXSID60497038	DTXSID30510687 DTXSID90284453 DTXSID00406482 DTXSID40828184 DTXSID80611193 DTXSID70367879 DTXSID50568807 DTXSID60718134 DTXSID70296791 DTXSID20444028 DTXSID10820953 DTXSID80780196 DTXSID40460861 DTXSID80668364 DTXSID10737693 DTXSID10188005 DTXSID00576694 DTXSID80436641 DTXSID20306137 DTXSID60855957
DTXSID90387731	DTXSID50615385 DTXSID50704006 DTXSID40896727 DTXSID60550516 DTXSID70585475 DTXSID10303817 DTXSID50161635 DTXSID90161639 DTXSID20188935 DTXSID20284688 DTXSID10377573 DTXSID90675923 DTXSID20733565 DTXSID80722556 DTXSID30816914 DTXSID70640932 DTXSID30634736 DTXSID80647376 DTXSID40436167 DTXSID50853169
DTXSID30378360	DTXSID70203107 DTXSID90586161 DTXSID10876516 DTXSID70831702 DTXSID90396883 DTXSID60571706 DTXSID70461260 DTXSID70821062 DTXSID40161003 DTXSID20856506 DTXSID90185572 DTXSID60897135 DTXSID40588519 DTXSID60842746 DTXSID30287620 DTXSID80572891 DTXSID80211571 DTXSID00568670 DTXSID00293935 DTXSID60284824
DTXSID8070542	DTXSID80765726 DTXSID3058371 DTXSID80763489 DTXSID10277564 DTXSID00813839 DTXSID70629186 DTXSID20278103 DTXSID50851009 DTXSID20364550 DTXSID20280680 DTXSID00876525 DTXSID00590557 DTXSID50738063 DTXSID70505355 DTXSID00494304 DTXSID10482090 DTXSID40527741 DTXSID50605327 DTXSID00606627 DTXSID80694441
DTXSID90703659	DTXSID50701292 DTXSID70290799 DTXSID10676396 DTXSID70180323 DTXSID9072286 DTXSID20815698 DTXSID70793598 DTXSID90707354 DTXSID60855710 DTXSID30615747 DTXSID40652860 DTXSID10705317 DTXSID90437447 DTXSID70445500 DTXSID10145572 DTXSID40698844 DTXSID20430340 DTXSID50646715 DTXSID20342035 DTXSID5067392
DTXSID90191875	DTXSID70503573 DTXSID70574046 DTXSID80468881 DTXSID50807743 DTXSID80696420 DTXSID70551236 DTXSID30628054 DTXSID70383372 DTXSID90825244 DTXSID30402356 DTXSID60501402 DTXSID00338097 DTXSID40694346 DTXSID00651930 DTXSID60876905 DTXSID30473081 DTXSID80392859 DTXSID20569260 DTXSID00464688 DTXSID50561439
DTXSID30280398	DTXSID50793056 DTXSID20877630 DTXSID3022168 DTXSID10814993 DTXSID50521331 DTXSID50424015 DTXSID50469729 DTXSID60192233 DTXSID50234914 DTXSID10640895 DTXSID40796495 DTXSID50485202 DTXSID80149663 DTXSID10601885 DTXSID50855769 DTXSID80676944 DTXSID90535912 DTXSID00552054 DTXSID50563231 DTXSID50201202
DTXSID40831017	DTXSID90198723 DTXSID90174022 DTXSID60716933 DTXSID80351683 DTXSID00622867 DTXSID80730651 DTXSID90315231 DTXSID10697122 DTXSID70788823 DTXSID50238654 DTXSID40729122 DTXSID50629068 DTXSID40429296 DTXSID10653460 DTXSID10307991 DTXSID20431074 DTXSID80292143 DTXSID9046865 DTXSID20324255 DTXSID60745268
DTXSID20519503	DTXSID50285047 DTXSID30356764 DTXSID10444037 DTXSID30300383 DTXSID70516784 DTXSID50651021 DTXSID70219369 DTXSID20876269 DTXSID80879731 DTXSID20356910 DTXSID10749877 DTXSID80399560 DTXSID20162654 DTXSID60876662 DTXSID50543058 DTXSID60608324 DTXSID40560350 DTXSID20405275 DTXSID60735008 DTXSID00429050
DTXSID00406543	DTXSID70512266 DTXSID30289801 DTXSID50172963 DTXSID80207111 DTXSID60597663 DTXSID80610161 DTXSID40368631 DTXSID50178682 DTXSID30452679 DTXSID10557297 DTXSID10474339 DTXSID10312106 DTXSID80506515 DTXSID00465372 DTXSID90193915 DTXSID70845046 DTXSID00524776 DTXSID70709755 DTXSID20874164 DTXSID70401020
DTXSID10478690	DTXSID10602135 DTXSID70425569 DTXSID90675221 DTXSID10218755 DTXSID90817745 DTXSID70471445 DTXSID60734213 DTXSID10496814 DTXSID70845187 DTXSID10349573 DTXSID7057787 DTXSID00588237 DTXSID70399418 DTXSID50848994 DTXSID70810077 DTXSID80308516 DTXSID00405117 DTXSID90662833 DTXSID00472203 DTXSID70176266
DTXSID90459043	DTXSID20502738 DTXSID10818517 DTXSID30542468 DTXSID50772104 DTXSID00850087 DTXSID50852157 DTXSID70452719 DTXSID70305695 DTXSID70603527 DTXSID10187391 DTXSID10554766 DTXSID60603536 DTXSID70729791 DTXSID60737648 DTXSID10352800 DTXSID40818282 DTXSID60282168 DTXSID00501860 DTXSID60226204 DTXSID60456529
DTXSID90390240	DTXSID70652898 DTXSID00355800 DTXSID20509580 DTXSID70341093 DTXSID50508400 DTXSID30544482 DTXSID80463679 DTXSID70541990 DTXSID40852686 DTXSID60560913 DTXSID90473103 DTXSID50518867 DTXSID40210247 DTXSID50624255 DTXSID40192418 DTXSID10539896 DTXSID70582368 DTXSID90578465 DTXSID30624172 DTXSID00727482
DTXSID90526623	DTXSID10436654 DTXSID30195034 DTXSID70527512 DTXSID60764510 DTXSID20880720 DTXSID90447248 DTXSID80715221 DTXSID30739033 DTXSID10307355 DTXSID80284725 DTXSID00366512 DTXSID70874477 DTXSID30852630 DTXSID80175861 DTXSID50483425 DTXSID20580571 DTXSID70580809 DTXSID10525618 DTXSID10594844 DTXSID70571818
DTXSID90309877	DTXSID20809198 DTXSID80584131 DTXSID60437297 DTXSID70370146 DTXSID70748200 DTXSID40562677 DTXSID80184812 DTXSID9069007 DTXSID80548314 DTXSID30320263 DTXSID80430902 DTXSID40724874 DTXSID40647635 DTXSID40385722 DTXSID40439355 DTXSID60701102 DTXSID10166383 DTXSID10310263 DTXSID60725848 DTXSID70674691
DTXSID00352374	DTXSID60194212 DTXSID00457217 DTXSID20745421 DTXSID70554040 DTXSID80369526 DTXSID00641295 DTXSID50846172 DTXSID50321954 DTXSID50440356 DTXSID30693106 DTXSID3037549 DTXSID10787436 DTXSID40641294 DTXSID70771053 DTXSID90699861 DTXSID60290586 DTXSID90812856 DTXSID40199366 DTXSID70465081 DTXSID50494990
DTXSID20355044	DTXSID40562536 DTXSID10653849 DTXSID50581773 DTXSID50170126 DTXSID20162952 DTXSID6061604 DTXSID50625161 DTXSID00526659 DTXSID70171099 DTXSID50591554 DTXSID60358791 DTXSID10619203 DTXSID90389316 DTXSID00289818 DTXSID80169381 DTXSID00653257 DTXSID50646174 DTXSID20664825 DTXSID20152590 DTXSID70239542
DTXSID40146198	DTXSID00373504 DTXSID90719896 DTXSID80499756 DTXSID00755265 DTXSID60533122 DTXSID10588026 DTXSID90707511 DTXSID50542425 DTXSID40802984 DTXSID80451819 DTXSID40325042 DTXSID10481523 DTXSID90529396 DTXSID30466877 DTXSID40228625 DTXSID90295286 DTXSID40286048 DTXSID40841656 DTXSID30571612 DTXSID40546452
DTXSID0059114	DTXSID10841668 DTXSID50737298 DTXSID50759132 DTXSID90657128 DTXSID10660230 DTXSID50486638 DTXSID80370950 DTXSID40896121 DTXSID90788966 DTXSID50812190 DTXSID30217321 DTXSID50798788 DTXSID50635109 DTXSID30561699 DTXSID00678940 DTXSID80199027 DTXSID00712717 DTXSID90408475 DTXSID0069705 DTXSID10154821
DTXSID60696105	DTXSID90478072 DTXSID10377159 DTXSID60180615 DTXSID20286440 DTXSID30669765 DTXSID80451172 DTXSID10534740 DTXSID50368041 DTXSID10695340 DTXSID80176712 DTXSID10551290 DTXSID90279182 DTXSID10289940 DTXSID80146455 DTXSID10680579 DTXSID30534747 DTXSID00429272 DTXSID80637939 DTXSID10840136 DTXSID60771643
DTXSID80885534	DTXSID10484514 DTXSID70743614 DTXSID60292449 DTXSID40656964 DTXSID90459821 DTXSID80555467 DTXSID60767021 DTXSID00386154 DTXSID30421648 DTXSID70810274 DTXSID50341016 DTXSID10208878 DTXSID20467757 DTXSID30199370 DTXSID70567079 DTXSID50390706 DTXSID10792868 DTXSID30767634 DTXSID90650230 DTXSID00653333
DTXSID60732693	DTXSID20808909 DTXSID30455463 DTXSID40338899 DTXSID7047015 DTXSID10601885 DTXSID50704849 DTXSID10617880 DTXSID50424015 DTXSID80303546 DTXSID30796267 DTXSID50485202 DTXSID90535912 DTXSID20587585 DTXSID80784316 DTXSID30648393 DTXSID60391663 DTXSID7020211 DTXSID10212475 DTXSID50521331 DTXSID90394783
DTXSID50662894	DTXSID40656404 DTXSID10654715 DTXSID10629923 DTXSID30725678 DTXSID90823164 DTXSID40724470 DTXSID20743427 DTXSID40346691 DTXSID40676763 DTXSID60674165 DTXSID80825970 DTXSID30748145 DTXSID50590148 DTXSID10712061 DTXSID7063421 DTXSID90706185 DTXSID80552653 DTXSID00681696 DTXSID00731322 DTXSID80296964
DTXSID30739831	DTXSID10422234 DTXSID60561703 DTXSID60624024 DTXSID80499195 DTXSID40777906 DTXSID60731106 DTXSID40508237 DTXSID70725576 DTXSID50188105 DTXSID50351190 DTXSID70616435 DTXSID90392163 DTXSID50372744 DTXSID10584821 DTXSID80696900 DTXSID90676672 DTXSID00672044 DTXSID00482887 DTXSID10695087 DTXSID40622947
DTXSID00679558	DTXSID20307866 DTXSID90324500 DTXSID20495555 DTXSID70182509 DTXSID60482388 DTXSID80569645 DTXSID50500126 DTXSID20887052 DTXSID60417812 DTXSID20456106 DTXSID40395861 DTXSID70333175 DTXSID60604220 DTXSID90720189 DTXSID70510161 DTXSID00848106 DTXSID30791772 DTXSID90801861 DTXSID20323440 DTXSID30709812
DTXSID40292366	DTXSID60404409 DTXSID50739292 DTXSID30621202 DTXSID90879303 DTXSID90381971 DTXSID80703926 DTXSID20657131 DTXSID20514699 DTXSID00464143 DTXSID30646278 DTXSID00430803 DTXSID10695087 DTXSID40605891 DTXSID00672261 DTXSID40622947 DTXSID10584821 DTXSID00672044 DTXSID70142845 DTXSID90392163 DTXSID80711086
DTXSID00447198	DTXSID50591877 DTXSID40879479 DTXSID60824108 DTXSID30395072 DTXSID30653902 DTXSID20417717 DTXSID20549406 DTXSID10541111 DTXSID10366962 DTXSID70832754 DTXSID80543965 DTXSID60370650 DTXSID60407293 DTXSID20473212 DTXSID20766015 DTXSID60392019 DTXSID80151549 DTXSID10396481 DTXSID30199991 DTXSID40459811
DTXSID70510161	DTXSID10777655 DTXSID40672402 DTXSID90666356 DTXSID10876394 DTXSID20887052 DTXSID60417812 DTXSID20323440 DTXSID90801861 DTXSID90324500 DTXSID70333175 DTXSID20495555 DTXSID90602370 DTXSID80569645 DTXSID00522010 DTXSID00679558 DTXSID80240427 DTXSID50500126 DTXSID40576476 DTXSID20815673 DTXSID60496400
DTXSID70879705	DTXSID30614917 DTXSID70492352 DTXSID90670418 DTXSID10614374 DTXSID50211245 DTXSID60642107 DTXSID90437447 DTXSID70554161 DTXSID80564074 DTXSID40663259 DTXSID00635871 DTXSID80364511 DTXSID60459171 DTXSID20318553 DTXSID30275143 DTXSID00326459 DTXSID50768289 DTXSID80819157 DTXSID70290799 DTXSID0025442
DTXSID50847088	DTXSID60662507 DTXSID50707895 DTXSID80768717 DTXSID30816550 DTXSID60703727 DTXSID90390604 DTXSID70176408 DTXSID20582919 DTXSID70143731 DTXSID40239670 DTXSID70751971 DTXSID80357468 DTXSID00587583 DTXSID10510241 DTXSID50341511 DTXSID40544695 DTXSID2041202 DTXSID10470659 DTXSID40382796 DTXSID80709549
DTXSID40765540	DTXSID10594324 DTXSID20544931 DTXSID30443108 DTXSID20793508 DTXSID60806661 DTXSID40211870 DTXSID40332150 DTXSID20856788 DTXSID10717975 DTXSID40156419 DTXSID10852996 DTXSID50345559 DTXSID10516763 DTXSID40440103 DTXSID5037602 DTXSID40749587 DTXSID0042298 DTXSID00316638 DTXSID90458399 DTXSID30755233
DTXSID50280032	DTXSID70438179 DTXSID40312371 DTXSID80763949 DTXSID00416965 DTXSID60634906 DTXSID20533380 DTXSID20780913 DTXSID50550262 DTXSID30531150 DTXSID70886191 DTXSID40818282 DTXSID90567430 DTXSID30831501 DTXSID20477619 DTXSID70523034 DTXSID20513687 DTXSID30610111 DTXSID10325736 DTXSID70452719 DTXSID40874080
DTXSID00541968	DTXSID00454781 DTXSID40144795 DTXSID10177015 DTXSID80851471 DTXSID90148864 DTXSID0073110 DTXSID40840048 DTXSID90809145 DTXSID60815738 DTXSID10724149 DTXSID80658548 DTXSID90601904 DTXSID30330387 DTXSID60790692 DTXSID60240940 DTXSID90440214 DTXSID20172399 DTXSID90837201 DTXSID30846155 DTXSID90711875
DTXSID40452741	DTXSID50818157 DTXSID00469355 DTXSID80214082 DTXSID70757877 DTXSID80626202 DTXSID90556708 DTXSID20217613 DTXSID00503783 DTXSID50369230 DTXSID40533160 DTXSID00374899 DTXSID50181656 DTXSID90793535 DTXSID70235529 DTXSID20438164 DTXSID50646715 DTXSID50401109 DTXSID90375774 DTXSID80439612 DTXSID70597735
DTXSID20605314	DTXSID80439612 DTXSID70276593 DTXSID70235529 DTXSID00503783 DTXSID70873662 DTXSID60588576 DTXSID70813427 DTXSID70597735 DTXSID20368194 DTXSID00356670 DTXSID80710670 DTXSID00277376 DTXSID50179518 DTXSID30371457 DTXSID50181656 DTXSID30177557 DTXSID50400551 DTXSID70202337 DTXSID90793535 DTXSID80679718
DTXSID90768203	DTXSID50505535 DTXSID80308495 DTXSID00168679 DTXSID90232919 DTXSID70313634 DTXSID70428494 DTXSID50493822 DTXSID60640704 DTXSID20509762 DTXSID10568964 DTXSID70649208 DTXSID70214298 DTXSID20440303 DTXSID90738764 DTXSID50659704 DTXSID40462022 DTXSID90350602 DTXSID90533993 DTXSID00332196 DTXSID20435577
DTXSID60590174	DTXSID60716675 DTXSID30618738 DTXSID30363392 DTXSID20856708 DTXSID40672548 DTXSID50727371 DTXSID10677540 DTXSID00843535 DTXSID40725967 DTXSID10743259 DTXSID20372610 DTXSID80696900 DTXSID00727285 DTXSID70646277 DTXSID20728991 DTXSID90676672 DTXSID60722973 DTXSID70616435 DTXSID70725576 DTXSID70346321
DTXSID50512103	DTXSID80288586 DTXSID40357808 DTXSID70500269 DTXSID90649664 DTXSID40641996 DTXSID30725633 DTXSID60829451 DTXSID10455784 DTXSID8032675 DTXSID30848593 DTXSID20353681 DTXSID80492621 DTXSID90200471 DTXSID40460886 DTXSID5068233 DTXSID10794382 DTXSID70589791 DTXSID40579149 DTXSID70224155 DTXSID90388561
DTXSID40450924	DTXSID30217503 DTXSID80162079 DTXSID40325507 DTXSID70697582 DTXSID20593303 DTXSID30291883 DTXSID10303190 DTXSID40606308 DTXSID80572896 DTXSID10470412 DTXSID20378677 DTXSID90425465 DTXSID20605758 DTXSID60667653 DTXSID90560582 DTXSID20478323 DTXSID20719167 DTXSID00452641 DTXSID40738931 DTXSID70434232
DTXSID00501709	DTXSID30770906 DTXSID20740911 DTXSID70667260 DTXSID40885595 DTXSID10803882 DTXSID00489119 DTXSID00408825 DTXSID90519474 DTXSID70606674 DTXSID40591346 DTXSID90741551 DTXSID10493989 DTXSID10888816 DTXSID80618687 DTXSID50586107 DTXSID50682239 DTXSID50455440 DTXSID10728667 DTXSID60344396 DTXSID50277740
DTXSID60148593	DTXSID10277741 DTXSID40300233 DTXSID40392471 DTXSID30195973 DTXSID60299054 DTXSID00317504 DTXSID20470721 DTXSID30287024 DTXSID30450579 DTXSID00694544 DTXSID70757958 DTXSID20170794 DTXSID20352578 DTXSID60739485 DTXSID70807240 DTXSID60188272 DTXSID60580712 DTXSID70212037 DTXSID50328600 DTXSID3070040
DTXSID40776999	DTXSID40504198 DTXSID10766645 DTXSID80200465 DTXSID10223001 DTXSID90613002 DTXSID30586387 DTXSID60675213 DTXSID10190002 DTXSID00725468 DTXSID70894756 DTXSID10482878 DTXSID60203318 DTXSID80540772 DTXSID50383330 DTXSID7066643 DTXSID10651885 DTXSID70537510 DTXSID00442784 DTXSID70224155 DTXSID30594280
DTXSID7020211	DTXSID80784316 DTXSID30455463 DTXSID30755233 DTXSID10617880 DTXSID5037602 DTXSID80303546 DTXSID30815205 DTXSID7047015 DTXSID40577145 DTXSID00316638 DTXSID10717975 DTXSID40211870 DTXSID60732693 DTXSID70842212 DTXSID50175434 DTXSID10601885 DTXSID40338899 DTXSID50485202 DTXSID60449335 DTXSID30648393
DTXSID90809145	DTXSID0073110 DTXSID60815738 DTXSID40840048 DTXSID10177015 DTXSID30846155 DTXSID20567049 DTXSID60240940 DTXSID20172399 DTXSID80658548 DTXSID90440214 DTXSID90148864 DTXSID70645649 DTXSID80851471 DTXSID60790692 DTXSID30620179 DTXSID50711134 DTXSID40144795 DTXSID00454781 DTXSID00541968 DTXSID90443846
DTXSID60856883	DTXSID00343944 DTXSID90366162 DTXSID60672065 DTXSID60832561 DTXSID80810740 DTXSID50478391 DTXSID20430340 DTXSID30180309 DTXSID80726812 DTXSID40143824 DTXSID40675519 DTXSID20729766 DTXSID20342757 DTXSID80458641 DTXSID40663355 DTXSID00680563 DTXSID50855981 DTXSID80694683 DTXSID90515835 DTXSID20472346
DTXSID9074642	DTXSID50240651 DTXSID50729870 DTXSID80845794 DTXSID20327024 DTXSID00846006 DTXSID90550105 DTXSID80416549 DTXSID60760855 DTXSID10756167 DTXSID20821077 DTXSID60554776 DTXSID90668471 DTXSID70365214 DTXSID50180326 DTXSID30506146 DTXSID70325696 DTXSID60696569 DTXSID80812845 DTXSID00366532 DTXSID40167969
DTXSID30564701	DTXSID60320519 DTXSID70615549 DTXSID80785585 DTXSID60383846 DTXSID30348402 DTXSID20883357 DTXSID00851251 DTXSID10310521 DTXSID20311786 DTXSID60769489 DTXSID10896335 DTXSID40839114 DTXSID00537482 DTXSID90178202 DTXSID20173629 DTXSID70588108 DTXSID40752516 DTXSID30897546 DTXSID60542496 DTXSID00896208
DTXSID80725148	DTXSID20342757 DTXSID50478391 DTXSID30642078 DTXSID30180309 DTXSID60492366 DTXSID60832561 DTXSID50803285 DTXSID80458641 DTXSID80694683 DTXSID40675519 DTXSID30805005 DTXSID60807198 DTXSID40165465 DTXSID80726812 DTXSID90515835 DTXSID60672065 DTXSID10343415 DTXSID40344319 DTXSID50632779 DTXSID80810740
DTXSID90155270	DTXSID40874762 DTXSID40837933 DTXSID90162823 DTXSID80142896 DTXSID40469056 DTXSID40333127 DTXSID60874764 DTXSID40823497 DTXSID40201938 DTXSID70850690 DTXSID10166383 DTXSID10218654 DTXSID40823513 DTXSID90214876 DTXSID30851507 DTXSID80773083 DTXSID40156575 DTXSID70300044 DTXSID30874892 DTXSID80584131
DTXSID30844994	DTXSID90534566 DTXSID20379280 DTXSID50855769 DTXSID90535912 DTXSID10814993 DTXSID40791662 DTXSID40399561 DTXSID00716235 DTXSID60391663 DTXSID50704849 DTXSID10497361 DTXSID60192233 DTXSID10856030 DTXSID80657334 DTXSID80223154 DTXSID70766141 DTXSID40195484 DTXSID40796495 DTXSID40550190 DTXSID3022168
DTXSID90542803	DTXSID10283726 DTXSID90469167 DTXSID90479908 DTXSID40571527 DTXSID40697039 DTXSID30787852 DTXSID80336298 DTXSID90753952 DTXSID00377461 DTXSID50487988 DTXSID90640611 DTXSID30830751 DTXSID60620389 DTXSID70876658 DTXSID10212470 DTXSID60206622 DTXSID60535000 DTXSID70401363 DTXSID90609682 DTXSID00404887
DTXSID90581772	DTXSID30666870 DTXSID80612226 DTXSID10560963 DTXSID50671709 DTXSID70594608 DTXSID60227615 DTXSID50392846 DTXSID50853664 DTXSID10406059 DTXSID70572300 DTXSID50286771 DTXSID40722214 DTXSID00623359 DTXSID80344898 DTXSID20478000 DTXSID10642192 DTXSID70629489 DTXSID7046388 DTXSID00657250 DTXSID60774114
DTXSID30618374	DTXSID00810742 DTXSID30775971 DTXSID20879376 DTXSID50745414 DTXSID30550669 DTXSID90618092 DTXSID90857282 DTXSID40313489 DTXSID80573166 DTXSID10646473 DTXSID20702812 DTXSID60214045 DTXSID90352929 DTXSID60734410 DTXSID10475068 DTXSID50609784 DTXSID90719730 DTXSID80494605 DTXSID00797266 DTXSID10436811
DTXSID50730860	DTXSID00750538 DTXSID50759096 DTXSID20179000 DTXSID80768398 DTXSID50533959 DTXSID70768084 DTXSID80634549 DTXSID00292524 DTXSID30532369 DTXSID70785433 DTXSID80830605 DTXSID60823212 DTXSID90199836 DTXSID9041023 DTXSID40163668 DTXSID50780365 DTXSID40286023 DTXSID50790787 DTXSID20888665 DTXSID4063870
DTXSID80397783	DTXSID20799641 DTXSID90317432 DTXSID00154815 DTXSID10167355 DTXSID10782168 DTXSID50659820 DTXSID20424946 DTXSID60553360 DTXSID50484710 DTXSID80481954 DTXSID70395576 DTXSID50350724 DTXSID70589332 DTXSID20282922 DTXSID30758224 DTXSID60447795 DTXSID70157833 DTXSID40670701 DTXSID20603350 DTXSID50181954
DTXSID50623167	DTXSID60840989 DTXSID50289141 DTXSID30555654 DTXSID50808230 DTXSID50592203 DTXSID10494698 DTXSID40646461 DTXSID50812953 DTXSID70469226 DTXSID10195335 DTXSID90452650 DTXSID10397478 DTXSID50696210 DTXSID90653125 DTXSID90396222 DTXSID10857380 DTXSID40701504 DTXSID70314323 DTXSID80377949 DTXSID00190172
DTXSID10441586	DTXSID30606317 DTXSID90805021 DTXSID10708424 DTXSID00615794 DTXSID80299394 DTXSID60154331 DTXSID10728889 DTXSID70560666 DTXSID70651745 DTXSID10280518 DTXSID00640667 DTXSID20548313 DTXSID80879493 DTXSID80318034 DTXSID40673595 DTXSID50294250 DTXSID80381026 DTXSID30722324 DTXSID70795315 DTXSID60369660
DTXSID70438179	DTXSID50280032 DTXSID80763949 DTXSID60634906 DTXSID40312371 DTXSID00416965 DTXSID20533380 DTXSID20780913 DTXSID20477619 DTXSID90567430 DTXSID40818282 DTXSID70886191 DTXSID50550262 DTXSID30531150 DTXSID30831501 DTXSID00501860 DTXSID70803545 DTXSID70305695 DTXSID20513687 DTXSID70452719 DTXSID70523034
DTXSID00660507	DTXSID90187596 DTXSID90558984 DTXSID90323992 DTXSID00592137 DTXSID90243843 DTXSID00425996 DTXSID20829639 DTXSID30541254 DTXSID00811012 DTXSID70490555 DTXSID30725638 DTXSID90338627 DTXSID50726480 DTXSID80626000 DTXSID90440375 DTXSID80651337 DTXSID20449654 DTXSID10492816 DTXSID9070612 DTXSID00216947
DTXSID40321322	DTXSID40528152 DTXSID70499149 DTXSID60284147 DTXSID80646465 DTXSID80729308 DTXSID90354120 DTXSID20302452 DTXSID20668222 DTXSID30453025 DTXSID50546887 DTXSID70613904 DTXSID60358175 DTXSID70749176 DTXSID90156823 DTXSID30505336 DTXSID10282310 DTXSID80191703 DTXSID00528158 DTXSID50175959 DTXSID30419742
DTXSID60625556	DTXSID90433782 DTXSID50545613 DTXSID00405738 DTXSID10467660 DTXSID10198806 DTXSID30346509 DTXSID50851665 DTXSID00551027 DTXSID40797200 DTXSID10627489 DTXSID30525231 DTXSID90464854 DTXSID10633424 DTXSID00171365 DTXSID10510948 DTXSID50568908 DTXSID60762692 DTXSID80450948 DTXSID60523124 DTXSID20148998
DTXSID20482723	DTXSID30742724 DTXSID40745084 DTXSID90399319 DTXSID1068302 DTXSID50435964 DTXSID30738485 DTXSID10734208 DTXSID40815675 DTXSID40230768 DTXSID70304724 DTXSID70612518 DTXSID70192805 DTXSID80506277 DTXSID80175169 DTXSID80354371 DTXSID40789600 DTXSID80302716 DTXSID70393678 DTXSID40210247 DTXSID70526065
DTXSID40697812	DTXSID0024397 DTXSID90787030 DTXSID70513854 DTXSID10761256 DTXSID30668910 DTXSID20213736 DTXSID10437121 DTXSID80199320 DTXSID20380033 DTXSID30506823 DTXSID20336196 DTXSID60640800 DTXSID40574457 DTXSID10403725 DTXSID30314602 DTXSID30588169 DTXSID30627507 DTXSID30635122 DTXSID70826239 DTXSID80835635
DTXSID10618958	DTXSID30663980 DTXSID30559379 DTXSID60325847 DTXSID30735590 DTXSID00391501 DTXSID20345788 DTXSID30627002 DTXSID50165017 DTXSID90669140 DTXSID40680007 DTXSID40515688 DTXSID40646269 DTXSID60394275 DTXSID70693842 DTXSID80701725 DTXSID40508893 DTXSID20352715 DTXSID70383211 DTXSID80162953 DTXSID00654103
DTXSID20666384	DTXSID50601344 DTXSID10696599 DTXSID60664208 DTXSID20172415 DTXSID80650360 DTXSID70593398 DTXSID70730968 DTXSID30679061 DTXSID10368805 DTXSID40293131 DTXSID10289940 DTXSID10499709 DTXSID20849918 DTXSID30418917 DTXSID8029072 DTXSID90218415 DTXSID40549529 DTXSID60697394 DTXSID30534747 DTXSID10840136
DTXSID80639059	DTXSID20525381 DTXSID20805731 DTXSID80238102 DTXSID20744171 DTXSID60471398 DTXSID20554217 DTXSID90445022 DTXSID6044648 DTXSID10390348 DTXSID60499097 DTXSID40408203 DTXSID20737725 DTXSID10528548 DTXSID30333176 DTXSID10534841 DTXSID90284610 DTXSID90547570 DTXSID00706535 DTXSID10647309 DTXSID20675239
DTXSID70403367	DTXSID90164963 DTXSID10586542 DTXSID50670919 DTXSID80601918 DTXSID90625963 DTXSID30727910 DTXSID80528156 DTXSID10391274 DTXSID40634126 DTXSID30419742 DTXSID00241638 DTXSID10435248 DTXSID00876626 DTXSID60583001 DTXSID30529310 DTXSID60477951 DTXSID50624477 DTXSID40538554 DTXSID60358175 DTXSID10642071
DTXSID80480780	DTXSID50618174 DTXSID30747895 DTXSID20285195 DTXSID00858129 DTXSID10512301 DTXSID40359589 DTXSID00651975 DTXSID80742936 DTXSID90669645 DTXSID60533187 DTXSID50408597 DTXSID70170209 DTXSID60661131 DTXSID10364125 DTXSID70409389 DTXSID90375653 DTXSID90696739 DTXSID80402669 DTXSID90293308 DTXSID10621083
DTXSID40399561	DTXSID10497361 DTXSID50855769 DTXSID40796495 DTXSID50293203 DTXSID60192233 DTXSID40791662 DTXSID10189714 DTXSID50705750 DTXSID60818047 DTXSID00489694 DTXSID4066414 DTXSID80753941 DTXSID10556700 DTXSID30828774 DTXSID70226876 DTXSID3022168 DTXSID00468308 DTXSID70509818 DTXSID40823058 DTXSID00716235
DTXSID70403362	DTXSID80696107 DTXSID90468897 DTXSID70293240 DTXSID10355255 DTXSID10597451 DTXSID40459179 DTXSID20812728 DTXSID50374021 DTXSID50843540 DTXSID50418656 DTXSID70649208 DTXSID00332196 DTXSID50646174 DTXSID90476876 DTXSID60327644 DTXSID20152590 DTXSID40509345 DTXSID50616953 DTXSID20509762 DTXSID00210869
DTXSID80230045	DTXSID20656245 DTXSID80557643 DTXSID70737457 DTXSID70213504 DTXSID50808356 DTXSID40645570 DTXSID70219349 DTXSID70191530 DTXSID40180118 DTXSID40622548 DTXSID70848471 DTXSID00645617 DTXSID40430408 DTXSID00570430 DTXSID50415544 DTXSID70424335 DTXSID50425981 DTXSID80284503 DTXSID30383914 DTXSID70456873
DTXSID60725101	DTXSID00839751 DTXSID50635285 DTXSID20406141 DTXSID20398810 DTXSID50450930 DTXSID30750945 DTXSID10198205 DTXSID90462936 DTXSID50406932 DTXSID70811428 DTXSID80440647 DTXSID70315971 DTXSID00610163 DTXSID40758917 DTXSID60340974 DTXSID00559149 DTXSID40390932 DTXSID10408856 DTXSID40757309 DTXSID00536894
DTXSID30600355	DTXSID30668051 DTXSID20351228 DTXSID80354750 DTXSID50325992 DTXSID60573200 DTXSID10380986 DTXSID70629489 DTXSID70315976 DTXSID00857657 DTXSID20182216 DTXSID90489587 DTXSID60501705 DTXSID10876213 DTXSID80625119 DTXSID70357679 DTXSID60456741 DTXSID40324171 DTXSID00625535 DTXSID40516574 DTXSID20620805
DTXSID70659620	DTXSID10400618 DTXSID60791689 DTXSID50213486 DTXSID90771979 DTXSID10752705 DTXSID80503882 DTXSID50233720 DTXSID80819899 DTXSID80535885 DTXSID60633636 DTXSID50186787 DTXSID20297238 DTXSID30673827 DTXSID30471749 DTXSID60612921 DTXSID40526072 DTXSID00511303 DTXSID70484651 DTXSID20374336 DTXSID90490436
DTXSID60345565	DTXSID60315960 DTXSID00243556 DTXSID5073115 DTXSID80475393 DTXSID70598666 DTXSID60524732 DTXSID10774023 DTXSID50483768 DTXSID60831094 DTXSID90441084 DTXSID10602615 DTXSID20360335 DTXSID60850028 DTXSID20162351 DTXSID10679943 DTXSID20482445 DTXSID60283352 DTXSID50795277 DTXSID8066975 DTXSID80591547
DTXSID50533959	DTXSID80830605 DTXSID70768084 DTXSID70785433 DTXSID20179000 DTXSID50759096 DTXSID60823212 DTXSID50780365 DTXSID50730860 DTXSID40789867 DTXSID80634549 DTXSID20888665 DTXSID60605217 DTXSID30532369 DTXSID70322827 DTXSID70790805 DTXSID10805149 DTXSID00750538 DTXSID40830606 DTXSID00804404 DTXSID80768398
DTXSID60192935	DTXSID40553949 DTXSID70593232 DTXSID90274879 DTXSID20314595 DTXSID80509162 DTXSID70367879 DTXSID50568807 DTXSID40755587 DTXSID50445684 DTXSID10737693 DTXSID40480100 DTXSID80780196 DTXSID30828991 DTXSID60359485 DTXSID50374208 DTXSID40828184 DTXSID60718134 DTXSID9068742 DTXSID20372958 DTXSID40322470
DTXSID30303798	DTXSID00810702 DTXSID90768723 DTXSID00355729 DTXSID00738654 DTXSID70224155 DTXSID60715522 DTXSID60326112 DTXSID50383330 DTXSID60755463 DTXSID40641996 DTXSID00485712 DTXSID30848593 DTXSID30309250 DTXSID00475971 DTXSID90200471 DTXSID10157478 DTXSID70894756 DTXSID20742031 DTXSID30594280 DTXSID80288586
DTXSID50753837	DTXSID30769931 DTXSID10658859 DTXSID90619786 DTXSID80338050 DTXSID30146203 DTXSID20889036 DTXSID10605267 DTXSID00432064 DTXSID80759781 DTXSID00887737 DTXSID00432089 DTXSID30210675 DTXSID80872661 DTXSID80816363 DTXSID60423817 DTXSID0062896 DTXSID20184573 DTXSID70340864 DTXSID50307511 DTXSID40887796
DTXSID10840136	DTXSID20663297 DTXSID80650360 DTXSID70593398 DTXSID30534747 DTXSID40293131 DTXSID50648810 DTXSID90279182 DTXSID20172415 DTXSID10343399 DTXSID10368805 DTXSID30857589 DTXSID10696599 DTXSID20849918 DTXSID80146455 DTXSID60771643 DTXSID60733680 DTXSID50368041 DTXSID20666384 DTXSID10680579 DTXSID10534740
DTXSID00491015	DTXSID00343449 DTXSID90450858 DTXSID60207018 DTXSID20475812 DTXSID70517771 DTXSID20446421 DTXSID90543436 DTXSID40565486 DTXSID20318013 DTXSID40635496 DTXSID00706535 DTXSID80638027 DTXSID40408203 DTXSID70488750 DTXSID90526789 DTXSID6044648 DTXSID90573096 DTXSID30587935 DTXSID60150616 DTXSID20835977
DTXSID00461238	DTXSID70147895 DTXSID10503052 DTXSID80354876 DTXSID50818359 DTXSID70165236 DTXSID6041769 DTXSID60626321 DTXSID40879338 DTXSID30313635 DTXSID70369696 DTXSID70724089 DTXSID60470523 DTXSID10430157 DTXSID30309654 DTXSID60635458 DTXSID80355863 DTXSID60551669 DTXSID00631737 DTXSID20646803 DTXSID00181464
DTXSID40163623	DTXSID40556793 DTXSID70336909 DTXSID90783517 DTXSID20722459 DTXSID90322162 DTXSID40751463 DTXSID90217423 DTXSID10288877 DTXSID10225444 DTXSID70747839 DTXSID30584969 DTXSID60747202 DTXSID60159780 DTXSID80323547 DTXSID80675912 DTXSID40176910 DTXSID60638580 DTXSID50654936 DTXSID00234328 DTXSID40875118
DTXSID90352303	DTXSID60460080 DTXSID00842563 DTXSID70356086 DTXSID50790207 DTXSID80278947 DTXSID00603530 DTXSID80456228 DTXSID70281066 DTXSID20403978 DTXSID60484049 DTXSID80584818 DTXSID00642146 DTXSID90883667 DTXSID00444965 DTXSID60278066 DTXSID50368960 DTXSID40392234 DTXSID10645683 DTXSID30612519 DTXSID40818449
DTXSID50443483	DTXSID60333109 DTXSID00837277 DTXSID5044811 DTXSID20426965 DTXSID80648545 DTXSID40736417 DTXSID90577271 DTXSID40595667 DTXSID30378148 DTXSID10640299 DTXSID00655433 DTXSID10489847 DTXSID90519151 DTXSID90632258 DTXSID50590168 DTXSID30825445 DTXSID20887118 DTXSID60770393 DTXSID50521457 DTXSID70391154
DTXSID00706792	DTXSID70623987 DTXSID80616800 DTXSID00145324 DTXSID20528397 DTXSID30541572 DTXSID60579661 DTXSID00428720 DTXSID60876900 DTXSID00818667 DTXSID90561074 DTXSID50604052 DTXSID70359411 DTXSID30589575 DTXSID80343765 DTXSID60778778 DTXSID80809139 DTXSID90215565 DTXSID70670577 DTXSID00598513 DTXSID70645881
DTXSID00399320	DTXSID30190943 DTXSID10537195 DTXSID70358808 DTXSID30242911 DTXSID20721068 DTXSID70470251 DTXSID70445343 DTXSID50816810 DTXSID10712182 DTXSID60675511 DTXSID00879551 DTXSID3063095 DTXSID90321837 DTXSID20578554 DTXSID30562621 DTXSID70545993 DTXSID00480989 DTXSID20206981 DTXSID70558563 DTXSID40365145
DTXSID40359589	DTXSID60661131 DTXSID00651975 DTXSID50408597 DTXSID80742936 DTXSID60533187 DTXSID20285195 DTXSID10364125 DTXSID70566264 DTXSID60301085 DTXSID80480780 DTXSID10473549 DTXSID10406892 DTXSID10512301 DTXSID20781243 DTXSID70409389 DTXSID90375653 DTXSID80748231 DTXSID00276940 DTXSID50618174 DTXSID10754289
DTXSID00298647	DTXSID30451763 DTXSID90338980 DTXSID20579586 DTXSID30489122 DTXSID40427974 DTXSID40405939 DTXSID10824299 DTXSID90346101 DTXSID10640512 DTXSID00423654 DTXSID60399725 DTXSID00170095 DTXSID40595829 DTXSID70532929 DTXSID20511921 DTXSID00651450 DTXSID20381262 DTXSID9044164 DTXSID70573993 DTXSID50482458
DTXSID4051740	DTXSID00772053 DTXSID60281959 DTXSID70325712 DTXSID30234871 DTXSID20316433 DTXSID90630138 DTXSID90768041 DTXSID30560804 DTXSID50451245 DTXSID50821545 DTXSID80516331 DTXSID80522659 DTXSID30542968 DTXSID90400696 DTXSID20565166 DTXSID20790370 DTXSID50874359 DTXSID70526161 DTXSID50771132 DTXSID70727494
DTXSID30625048	DTXSID40222108 DTXSID50193279 DTXSID50709137 DTXSID80874261 DTXSID00680048 DTXSID30676414 DTXSID80308177 DTXSID40612666 DTXSID60725005 DTXSID80699299 DTXSID70393719 DTXSID70532141 DTXSID20198655 DTXSID80430144 DTXSID60739485 DTXSID00344971 DTXSID90727173 DTXSID30293963 DTXSID10533536 DTXSID60524575
DTXSID30146203	DTXSID00432064 DTXSID80338050 DTXSID80759781 DTXSID90619786 DTXSID50753837 DTXSID00887737 DTXSID10658859 DTXSID0062896 DTXSID30769931 DTXSID70241241 DTXSID5070602 DTXSID20889036 DTXSID00432089 DTXSID80816363 DTXSID90240731 DTXSID90599953 DTXSID70340864 DTXSID80853814 DTXSID40887796 DTXSID10605267
DTXSID80222480	DTXSID1052585 DTXSID00303785 DTXSID60179645 DTXSID80196490 DTXSID70306869 DTXSID40552058 DTXSID80483211 DTXSID60641211 DTXSID10485607 DTXSID00164439 DTXSID90335116 DTXSID90353214 DTXSID60675172 DTXSID50528608 DTXSID90809448 DTXSID40705805 DTXSID2051978 DTXSID80729287 DTXSID50467720 DTXSID5059822
DTXSID40571527	DTXSID10283726 DTXSID90640611 DTXSID90542803 DTXSID40345927 DTXSID50487988 DTXSID00825275 DTXSID60535000 DTXSID30378209 DTXSID90753952 DTXSID80336298 DTXSID40697039 DTXSID50473568 DTXSID00377461 DTXSID30830751 DTXSID90712105 DTXSID20238166 DTXSID90479908 DTXSID1047071 DTXSID90469167 DTXSID10398581
DTXSID10354788	DTXSID50352288 DTXSID80468664 DTXSID10762622 DTXSID90163234 DTXSID20559469 DTXSID6070435 DTXSID80879473 DTXSID70891588 DTXSID1041764 DTXSID60714878 DTXSID20802265 DTXSID80326235 DTXSID60327023 DTXSID10830875 DTXSID40737303 DTXSID90521855 DTXSID70812718 DTXSID40809650 DTXSID90301679 DTXSID70318765
DTXSID20698403	DTXSID10705918 DTXSID70531255 DTXSID80633774 DTXSID80160737 DTXSID50203120 DTXSID30556525 DTXSID10475826 DTXSID40223857 DTXSID70540524 DTXSID40283895 DTXSID60545649 DTXSID10241220 DTXSID8067105 DTXSID70490090 DTXSID70641227 DTXSID5060726 DTXSID40329449 DTXSID00345867 DTXSID10527511 DTXSID90344248
DTXSID40541644	DTXSID60378590 DTXSID40706014 DTXSID90520141 DTXSID10569931 DTXSID30718065 DTXSID10495246 DTXSID40449691 DTXSID30241545 DTXSID00637734 DTXSID80772798 DTXSID30589813 DTXSID00783982 DTXSID5069912 DTXSID90456951 DTXSID70353237 DTXSID20163722 DTXSID70158284 DTXSID60402369 DTXSID00553187 DTXSID50568201
DTXSID70680914	DTXSID20714718 DTXSID9061178 DTXSID80451632 DTXSID60670142 DTXSID70484191 DTXSID80178751 DTXSID50345498 DTXSID20800029 DTXSID60154018 DTXSID50176128 DTXSID00220160 DTXSID40568598 DTXSID30352640 DTXSID70336101 DTXSID30577331 DTXSID20547326 DTXSID40191269 DTXSID70509853 DTXSID60184870 DTXSID80609398
DTXSID60524575	DTXSID10533536 DTXSID10726305 DTXSID60739485 DTXSID00694544 DTXSID00598957 DTXSID20470721 DTXSID50787394 DTXSID40508272 DTXSID70393719 DTXSID30195973 DTXSID30450579 DTXSID70807240 DTXSID50787672 DTXSID70586169 DTXSID00186176 DTXSID70757958 DTXSID60188272 DTXSID40756958 DTXSID50508066 DTXSID70212037
DTXSID70399413	DTXSID40734014 DTXSID00183887 DTXSID70837562 DTXSID40607855 DTXSID20679136 DTXSID60546777 DTXSID00368516 DTXSID90784882 DTXSID90802010 DTXSID20867834 DTXSID10651542 DTXSID0073291 DTXSID70693201 DTXSID00574332 DTXSID50841309 DTXSID40696461 DTXSID90616634 DTXSID30428374 DTXSID50304449 DTXSID10280659
DTXSID70736602	DTXSID80513800 DTXSID70496658 DTXSID90626591 DTXSID40581646 DTXSID20761262 DTXSID10846613 DTXSID10306424 DTXSID30873623 DTXSID90519676 DTXSID70657227 DTXSID50488016 DTXSID80284760 DTXSID20847232 DTXSID60184956 DTXSID20532696 DTXSID70153153 DTXSID10548160 DTXSID30400877 DTXSID50768183 DTXSID90873624
DTXSID00243556	DTXSID60315960 DTXSID60345565 DTXSID10774023 DTXSID80475393 DTXSID60850028 DTXSID20482445 DTXSID5073115 DTXSID90441084 DTXSID60744312 DTXSID70598666 DTXSID60831094 DTXSID60524732 DTXSID8064981 DTXSID10694631 DTXSID50483768 DTXSID50660774 DTXSID90401946 DTXSID40710176 DTXSID10602615 DTXSID10679943
DTXSID80618687	DTXSID90741551 DTXSID50354606 DTXSID90763758 DTXSID10175637 DTXSID50682239 DTXSID50455440 DTXSID70637802 DTXSID70667260 DTXSID70606674 DTXSID70835068 DTXSID50278717 DTXSID90845265 DTXSID70447286 DTXSID40885595 DTXSID60344396 DTXSID50277740 DTXSID80678185 DTXSID10433567 DTXSID40551980 DTXSID00408825
DTXSID50646674	DTXSID70498152 DTXSID20290880 DTXSID30406531 DTXSID60338038 DTXSID10672434 DTXSID20275490 DTXSID30854114 DTXSID60415636 DTXSID40279910 DTXSID40431016 DTXSID40510698 DTXSID40679875 DTXSID00409352 DTXSID50589754 DTXSID60652327 DTXSID20536457 DTXSID60201778 DTXSID50538207 DTXSID80664725 DTXSID10501119
DTXSID50757335	DTXSID10757336 DTXSID60794897 DTXSID90404730 DTXSID50410539 DTXSID50783437 DTXSID30772566 DTXSID00559144 DTXSID90302606 DTXSID60598059 DTXSID80576899 DTXSID80601635 DTXSID5047114 DTXSID30770365 DTXSID80560258 DTXSID70751310 DTXSID80331586 DTXSID1066239 DTXSID60173926 DTXSID5062398 DTXSID40208523
DTXSID20675239	DTXSID90445022 DTXSID60499097 DTXSID20554217 DTXSID50423907 DTXSID10647309 DTXSID6070560 DTXSID60887995 DTXSID20454682 DTXSID40820608 DTXSID70743932 DTXSID50858836 DTXSID70502400 DTXSID30815008 DTXSID00203059 DTXSID80238102 DTXSID80399161 DTXSID90284610 DTXSID20805731 DTXSID60471398 DTXSID20737725
DTXSID40719366	DTXSID60522172 DTXSID60148270 DTXSID90401769 DTXSID70737932 DTXSID80576374 DTXSID60796033 DTXSID30243488 DTXSID30789412 DTXSID10479400 DTXSID60813476 DTXSID70531250 DTXSID10772044 DTXSID00173001 DTXSID20858505 DTXSID00529488 DTXSID30612413 DTXSID50290732 DTXSID50653984 DTXSID20778618 DTXSID40674047
DTXSID10195335	DTXSID50812953 DTXSID90452650 DTXSID50696210 DTXSID60400628 DTXSID20312470 DTXSID90653125 DTXSID50592203 DTXSID30575877 DTXSID90444015 DTXSID50289141 DTXSID60840989 DTXSID70469226 DTXSID50623167 DTXSID70464877 DTXSID40619211 DTXSID10494698 DTXSID70496178 DTXSID30555654 DTXSID90739716 DTXSID50808230
DTXSID00887636	DTXSID40579149 DTXSID20581644 DTXSID30663066 DTXSID10284657 DTXSID10455784 DTXSID70460238 DTXSID30725633 DTXSID60671553 DTXSID50315570 DTXSID30342460 DTXSID10848359 DTXSID40289039 DTXSID10280755 DTXSID90237247 DTXSID10402339 DTXSID00560977 DTXSID60876965 DTXSID30506707 DTXSID50421640 DTXSID70305776
DTXSID80505982	DTXSID60566016 DTXSID50535857 DTXSID60610700 DTXSID20436221 DTXSID60301888 DTXSID10753257 DTXSID00736695 DTXSID80500114 DTXSID20223597 DTXSID00307642 DTXSID80428006 DTXSID10427320 DTXSID90847123 DTXSID40432169 DTXSID70464877 DTXSID30575877 DTXSID20382350 DTXSID10336307 DTXSID40674643 DTXSID80626181
DTXSID90571976	DTXSID80815270 DTXSID50383592 DTXSID40367063 DTXSID10368683 DTXSID00818920 DTXSID40288087 DTXSID80446866 DTXSID7067089 DTXSID60395601 DTXSID90335116 DTXSID10886357 DTXSID10399275 DTXSID30831086 DTXSID40326877 DTXSID60350371 DTXSID80351906 DTXSID10831084 DTXSID00446909 DTXSID80563921 DTXSID70306869
DTXSID90383692	DTXSID20876507 DTXSID00722331 DTXSID80323406 DTXSID10875943 DTXSID00846344 DTXSID20631638 DTXSID00739525 DTXSID00742973 DTXSID30374882 DTXSID60166439 DTXSID70344367 DTXSID50623344 DTXSID60589644 DTXSID60400325 DTXSID40721146 DTXSID40373801 DTXSID80428662 DTXSID80423172 DTXSID40545147 DTXSID60373803
DTXSID10403184	DTXSID30192063 DTXSID50214771 DTXSID90278413 DTXSID40219538 DTXSID40473875 DTXSID20783666 DTXSID7072337 DTXSID50816451 DTXSID10744741 DTXSID40662500 DTXSID00527000 DTXSID00866926 DTXSID30579431 DTXSID20797647 DTXSID20336777 DTXSID70574283 DTXSID30155633 DTXSID20568798 DTXSID00198037 DTXSID50804838
DTXSID10506048	DTXSID10820094 DTXSID30704004 DTXSID00515129 DTXSID40727906 DTXSID00809530 DTXSID20530950 DTXSID20526914 DTXSID00295196 DTXSID30593394 DTXSID90398180 DTXSID40556238 DTXSID3052355 DTXSID50345231 DTXSID3075335 DTXSID10798188 DTXSID70836510 DTXSID00658368 DTXSID60783822 DTXSID80472403 DTXSID20667735
DTXSID10239187	DTXSID3067231 DTXSID20825196 DTXSID90771570 DTXSID80893735 DTXSID00618164 DTXSID00281130 DTXSID30336900 DTXSID00694029 DTXSID30609742 DTXSID80793680 DTXSID60460363 DTXSID70471960 DTXSID30300722 DTXSID90634898 DTXSID40840361 DTXSID50775332 DTXSID30528040 DTXSID50191093 DTXSID90469309 DTXSID00884246
DTXSID90758669	DTXSID30866797 DTXSID00318718 DTXSID90400696 DTXSID80585325 DTXSID70607161 DTXSID40874348 DTXSID20790370 DTXSID60645895 DTXSID50821545 DTXSID90768041 DTXSID80516331 DTXSID20316433 DTXSID80323663 DTXSID60443732 DTXSID30234871 DTXSID70727494 DTXSID50710086 DTXSID50451245 DTXSID00772053 DTXSID20474981
DTXSID60876900	DTXSID30541572 DTXSID20528397 DTXSID30589575 DTXSID90215565 DTXSID00598513 DTXSID90728665 DTXSID00706792 DTXSID80616800 DTXSID70623987 DTXSID10440059 DTXSID50326560 DTXSID00818667 DTXSID00145324 DTXSID70496097 DTXSID90561074 DTXSID00428720 DTXSID80343765 DTXSID00642424 DTXSID20886929 DTXSID50604052
DTXSID60876905	DTXSID20464706 DTXSID70551236 DTXSID00338097 DTXSID30628054 DTXSID30402356 DTXSID80485139 DTXSID50561439 DTXSID80392859 DTXSID40694346 DTXSID20339268 DTXSID40667575 DTXSID5059296 DTXSID70733212 DTXSID40511105 DTXSID20492625 DTXSID20569260 DTXSID90640535 DTXSID90825244 DTXSID70503573 DTXSID00448923
DTXSID60798719	DTXSID90407221 DTXSID60626321 DTXSID40793823 DTXSID40596119 DTXSID6041769 DTXSID10685822 DTXSID70369696 DTXSID60551669 DTXSID50704788 DTXSID30313635 DTXSID50879142 DTXSID60635458 DTXSID50896137 DTXSID30309654 DTXSID90657865 DTXSID80355863 DTXSID80465693 DTXSID00287899 DTXSID00382030 DTXSID70672753
DTXSID90676672	DTXSID80696900 DTXSID50372744 DTXSID50727371 DTXSID80593006 DTXSID20372610 DTXSID70616435 DTXSID80499195 DTXSID10677540 DTXSID70725576 DTXSID60624024 DTXSID50188105 DTXSID40508237 DTXSID20856708 DTXSID90621804 DTXSID20346174 DTXSID00346814 DTXSID30739831 DTXSID70566047 DTXSID00727285 DTXSID70855387
DTXSID70313634	DTXSID60640704 DTXSID00168679 DTXSID70214298 DTXSID90738764 DTXSID40462022 DTXSID90768203 DTXSID70428494 DTXSID20789128 DTXSID10568964 DTXSID60395247 DTXSID70529677 DTXSID10472193 DTXSID20509762 DTXSID70649208 DTXSID80308495 DTXSID00210869 DTXSID50505535 DTXSID40655477 DTXSID90232919 DTXSID90533993
DTXSID10728622	DTXSID30234270 DTXSID80302756 DTXSID8034746 DTXSID00231493 DTXSID40611977 DTXSID90278357 DTXSID80737983 DTXSID30893008 DTXSID60582711 DTXSID00337085 DTXSID00200462 DTXSID50242978 DTXSID60886165 DTXSID00885839 DTXSID50790641 DTXSID80327409 DTXSID4063870 DTXSID70467883 DTXSID30281901 DTXSID60611979
DTXSID80418427	DTXSID80172734 DTXSID20189700 DTXSID80621994 DTXSID90766406 DTXSID40495138 DTXSID10463849 DTXSID70214475 DTXSID20741908 DTXSID00220968 DTXSID50454276 DTXSID80637712 DTXSID50739813 DTXSID80226706 DTXSID80306315 DTXSID60408361 DTXSID40505180 DTXSID90445749 DTXSID40280460 DTXSID70388408 DTXSID80563204
DTXSID9022237	DTXSID30667261 DTXSID20633798 DTXSID10528447 DTXSID40361622 DTXSID10588026 DTXSID70849443 DTXSID20501347 DTXSID60533122 DTXSID50506067 DTXSID10707634 DTXSID00667591 DTXSID50383239 DTXSID40398958 DTXSID10239804 DTXSID10311699 DTXSID40833733 DTXSID50215283 DTXSID40181180 DTXSID80239336 DTXSID00341006
DTXSID90702066	DTXSID20699051 DTXSID30727894 DTXSID60209613 DTXSID90302949 DTXSID00198572 DTXSID30588563 DTXSID30805681 DTXSID70398688 DTXSID40491817 DTXSID60541126 DTXSID10653869 DTXSID70703874 DTXSID50552842 DTXSID20734618 DTXSID10711433 DTXSID50534885 DTXSID50716826 DTXSID80350570 DTXSID60678188 DTXSID70793053
DTXSID40191264	DTXSID80501489 DTXSID70744909 DTXSID90461989 DTXSID20291539 DTXSID10561854 DTXSID70504686 DTXSID50483384 DTXSID20486403 DTXSID20368295 DTXSID50824718 DTXSID50395110 DTXSID10179115 DTXSID00566171 DTXSID40757309 DTXSID70741539 DTXSID20654822 DTXSID30280974 DTXSID60536810 DTXSID20718998 DTXSID10495721
DTXSID20180393	DTXSID50203120 DTXSID80160737 DTXSID70531255 DTXSID80633774 DTXSID50575672 DTXSID40790857 DTXSID10527511 DTXSID20698403 DTXSID3027116 DTXSID30556525 DTXSID70540524 DTXSID50492532 DTXSID00345867 DTXSID10475826 DTXSID70521479 DTXSID90344248 DTXSID40223857 DTXSID60545649 DTXSID5060726 DTXSID10241220
DTXSID00162036	DTXSID70522562 DTXSID30322383 DTXSID10504807 DTXSID50604052 DTXSID00428720 DTXSID70359411 DTXSID90561074 DTXSID70670577 DTXSID00145324 DTXSID60831938 DTXSID10403129 DTXSID20295613 DTXSID10440059 DTXSID90665021 DTXSID60407056 DTXSID00598513 DTXSID30589575 DTXSID90215565 DTXSID30434511 DTXSID50697661
DTXSID60800068	DTXSID90848559 DTXSID10343814 DTXSID70408650 DTXSID10519254 DTXSID2072881 DTXSID10452955 DTXSID00391061 DTXSID20439196 DTXSID90346141 DTXSID80299970 DTXSID60536719 DTXSID10733074 DTXSID70708324 DTXSID60327528 DTXSID40397668 DTXSID20656366 DTXSID70557910 DTXSID40446064 DTXSID20477912 DTXSID40334154
DTXSID40191269	DTXSID00704314 DTXSID00631772 DTXSID70484191 DTXSID20297758 DTXSID10710163 DTXSID50345498 DTXSID60674281 DTXSID40482043 DTXSID30879726 DTXSID30352640 DTXSID30554965 DTXSID00464704 DTXSID10365975 DTXSID80609398 DTXSID50176128 DTXSID60825514 DTXSID80711127 DTXSID80642068 DTXSID00802263 DTXSID30718308
DTXSID50518509	DTXSID80295533 DTXSID10632992 DTXSID90831284 DTXSID60390974 DTXSID90285046 DTXSID20326638 DTXSID70745916 DTXSID60663554 DTXSID40656126 DTXSID60312318 DTXSID90300187 DTXSID80856466 DTXSID30672032 DTXSID10653687 DTXSID40758639 DTXSID30382301 DTXSID90647988 DTXSID10857249 DTXSID30404754 DTXSID50709672
DTXSID80516533	DTXSID80289952 DTXSID20238601 DTXSID20349428 DTXSID60884207 DTXSID90651621 DTXSID10737794 DTXSID20553205 DTXSID20452921 DTXSID70733712 DTXSID90277769 DTXSID40232909 DTXSID3062029 DTXSID60351601 DTXSID40856260 DTXSID90343054 DTXSID70885523 DTXSID30664199 DTXSID50388582 DTXSID40684101 DTXSID00423295
DTXSID20189700	DTXSID80418427 DTXSID80172734 DTXSID80621994 DTXSID50739813 DTXSID60408361 DTXSID50454276 DTXSID70214475 DTXSID90445749 DTXSID70694839 DTXSID70388408 DTXSID80563204 DTXSID50601960 DTXSID40495138 DTXSID90766406 DTXSID10463849 DTXSID00312413 DTXSID80813554 DTXSID40757627 DTXSID20741908 DTXSID30427584
DTXSID40650629	DTXSID10517078 DTXSID60897039 DTXSID40393488 DTXSID1041764 DTXSID80326235 DTXSID90163234 DTXSID70318765 DTXSID60714878 DTXSID70488179 DTXSID10830875 DTXSID20802265 DTXSID00242185 DTXSID80468664 DTXSID6070435 DTXSID90598229 DTXSID00822163 DTXSID00773323 DTXSID60443191 DTXSID20815799 DTXSID90731356
DTXSID70202337	DTXSID30787357 DTXSID50697429 DTXSID20834086 DTXSID60588576 DTXSID10393657 DTXSID00585347 DTXSID20368194 DTXSID60739526 DTXSID50631606 DTXSID10618519 DTXSID50646755 DTXSID80439612 DTXSID20605314 DTXSID80560576 DTXSID50179518 DTXSID20656063 DTXSID40533160 DTXSID70873662 DTXSID70235529 DTXSID00730012
DTXSID10653829	DTXSID30377479 DTXSID00449339 DTXSID90208699 DTXSID40609798 DTXSID50879602 DTXSID30225724 DTXSID80765302 DTXSID40696128 DTXSID10221724 DTXSID20294181 DTXSID30667342 DTXSID70419145 DTXSID10803544 DTXSID80441730 DTXSID40243939 DTXSID70459804 DTXSID30473526 DTXSID90846131 DTXSID90422898 DTXSID70506807
DTXSID10724700	DTXSID00423917 DTXSID30438498 DTXSID70499624 DTXSID30150880 DTXSID50399335 DTXSID40173409 DTXSID70700803 DTXSID60486225 DTXSID20618883 DTXSID10160907 DTXSID60428125 DTXSID20640220 DTXSID40773322 DTXSID6048096 DTXSID70740461 DTXSID00694584 DTXSID70852235 DTXSID00635194 DTXSID80615070 DTXSID70603769
DTXSID60188550	DTXSID70240355 DTXSID20148998 DTXSID40413276 DTXSID40748373 DTXSID30793711 DTXSID60704451 DTXSID20627031 DTXSID60520198 DTXSID50572782 DTXSID10627489 DTXSID60523124 DTXSID40797200 DTXSID70791993 DTXSID20547861 DTXSID00300092 DTXSID00171365 DTXSID10467660 DTXSID80700910 DTXSID20563228 DTXSID30808778
DTXSID60355402	DTXSID00473578 DTXSID80324271 DTXSID30185314 DTXSID90854731 DTXSID70602636 DTXSID10201521 DTXSID70704008 DTXSID10544364 DTXSID10338109 DTXSID80537122 DTXSID50531652 DTXSID20876901 DTXSID20225894 DTXSID60532832 DTXSID00339443 DTXSID00412780 DTXSID10675349 DTXSID90577938 DTXSID60146276 DTXSID40522559
DTXSID70411184	DTXSID50660936 DTXSID20159226 DTXSID60799327 DTXSID00709662 DTXSID80354891 DTXSID70481504 DTXSID10711913 DTXSID80570276 DTXSID90316763 DTXSID90343418 DTXSID00801599 DTXSID70309653 DTXSID00556951 DTXSID90813707 DTXSID50429247 DTXSID20516850 DTXSID8075413 DTXSID30817062 DTXSID20493516 DTXSID20612189
DTXSID20296241	DTXSID20896184 DTXSID70615746 DTXSID40387802 DTXSID90295367 DTXSID20392196 DTXSID00532750 DTXSID10696352 DTXSID90195772 DTXSID90841565 DTXSID60193826 DTXSID50300204 DTXSID00585105 DTXSID90371170 DTXSID80645236 DTXSID00284580 DTXSID20651932 DTXSID60429672 DTXSID20232129 DTXSID40806821 DTXSID70385937
DTXSID70441289	DTXSID90610334 DTXSID30593753 DTXSID00324278 DTXSID70243780 DTXSID70425009 DTXSID20594416 DTXSID10648912 DTXSID20873839 DTXSID60243779 DTXSID70895425 DTXSID80284205 DTXSID10663766 DTXSID60191488 DTXSID00769261 DTXSID20189422 DTXSID80821492 DTXSID6039685 DTXSID80237610 DTXSID30578202 DTXSID00707845
DTXSID90564686	DTXSID00311481 DTXSID50283144 DTXSID60286207 DTXSID50681000 DTXSID50308280 DTXSID30218136 DTXSID90825769 DTXSID3063045 DTXSID10483789 DTXSID50651021 DTXSID60670046 DTXSID40819113 DTXSID10855821 DTXSID70597831 DTXSID70766489 DTXSID80664341 DTXSID90598663 DTXSID00372673 DTXSID10426979 DTXSID50543058
DTXSID10722665	DTXSID10607544 DTXSID40717822 DTXSID10601360 DTXSID20462722 DTXSID80820329 DTXSID80365907 DTXSID80143040 DTXSID00721268 DTXSID80801294 DTXSID00303649 DTXSID70282356 DTXSID80771766 DTXSID80774196 DTXSID50569319 DTXSID80851239 DTXSID00480989 DTXSID00196518 DTXSID90864779 DTXSID90811162 DTXSID70558563
DTXSID10729396	DTXSID40365680 DTXSID00371429 DTXSID20567600 DTXSID30420671 DTXSID80405837 DTXSID60812722 DTXSID50650554 DTXSID50879364 DTXSID40708639 DTXSID90701110 DTXSID70282316 DTXSID00576553 DTXSID10842453 DTXSID60784278 DTXSID10645244 DTXSID80228902 DTXSID10652953 DTXSID70444331 DTXSID50576907 DTXSID60298688
DTXSID30323618	DTXSID60514936 DTXSID90623222 DTXSID30635122 DTXSID30506823 DTXSID6036885 DTXSID20740779 DTXSID80409214 DTXSID10547673 DTXSID80343442 DTXSID00837035 DTXSID30532662 DTXSID30499004 DTXSID30653462 DTXSID10403725 DTXSID90698511 DTXSID80706492 DTXSID90547671 DTXSID30343396 DTXSID50450374 DTXSID00421433
DTXSID20488386	DTXSID50683468 DTXSID50399774 DTXSID50225620 DTXSID60532913 DTXSID20168772 DTXSID70885523 DTXSID40222542 DTXSID60618529 DTXSID00664580 DTXSID30401122 DTXSID70781915 DTXSID20354471 DTXSID00371020 DTXSID3062029 DTXSID40684101 DTXSID60884207 DTXSID70459046 DTXSID90277769 DTXSID80639958 DTXSID60808645
DTXSID10680650	DTXSID80640529 DTXSID70474259 DTXSID10187391 DTXSID50439841 DTXSID70603527 DTXSID50772104 DTXSID00489134 DTXSID40467294 DTXSID70734305 DTXSID10592481 DTXSID50640399 DTXSID30758921 DTXSID40171485 DTXSID30577437 DTXSID40874080 DTXSID60456529 DTXSID20502738 DTXSID10151971 DTXSID00663275 DTXSID90459043
DTXSID00865494	DTXSID30407987 DTXSID60711645 DTXSID40191426 DTXSID10552267 DTXSID60307320 DTXSID90547999 DTXSID50306004 DTXSID00559245 DTXSID70447645 DTXSID20616925 DTXSID50835107 DTXSID70202690 DTXSID90324363 DTXSID00501264 DTXSID30734205 DTXSID20891139 DTXSID30181371 DTXSID20830144 DTXSID50640470 DTXSID00502372
DTXSID70505355	DTXSID20278103 DTXSID00590557 DTXSID50738063 DTXSID20364550 DTXSID00876525 DTXSID50605327 DTXSID70579435 DTXSID80790533 DTXSID50538186 DTXSID2052360 DTXSID70629186 DTXSID90513917 DTXSID80763489 DTXSID80694441 DTXSID0052386 DTXSID3058371 DTXSID00813839 DTXSID60830143 DTXSID60310778 DTXSID50217681
DTXSID60668726	DTXSID30175614 DTXSID20667790 DTXSID50427945 DTXSID70400710 DTXSID80772011 DTXSID30240972 DTXSID90401582 DTXSID00498387 DTXSID70353035 DTXSID30607723 DTXSID80470368 DTXSID40456507 DTXSID60396875 DTXSID50590582 DTXSID10215002 DTXSID00632204 DTXSID20422326 DTXSID00490346 DTXSID30146309 DTXSID30531958
DTXSID30440298	DTXSID40299517 DTXSID30423223 DTXSID70176387 DTXSID20417838 DTXSID10840459 DTXSID90341590 DTXSID80597680 DTXSID70344408 DTXSID30176383 DTXSID00567360 DTXSID40681458 DTXSID60424440 DTXSID00165183 DTXSID60388351 DTXSID90552402 DTXSID40623797 DTXSID60700534 DTXSID70554328 DTXSID90595591 DTXSID20441052
DTXSID20826289	DTXSID20392636 DTXSID10669723 DTXSID10795415 DTXSID50888532 DTXSID00403214 DTXSID00522176 DTXSID40674047 DTXSID80783400 DTXSID20876603 DTXSID30497308 DTXSID10673926 DTXSID50653984 DTXSID20538830 DTXSID80562398 DTXSID70670451 DTXSID30520463 DTXSID60177085 DTXSID50461349 DTXSID40187824 DTXSID30560844
DTXSID40532355	DTXSID8051706 DTXSID10790102 DTXSID50482655 DTXSID70711257 DTXSID70564664 DTXSID10317277 DTXSID50766705 DTXSID60884823 DTXSID30793837 DTXSID80840345 DTXSID40811839 DTXSID50817701 DTXSID40815736 DTXSID00339069 DTXSID90280773 DTXSID60236282 DTXSID20604342 DTXSID30778609 DTXSID10805583 DTXSID00786099
DTXSID00600140	DTXSID20797743 DTXSID70711419 DTXSID30304306 DTXSID5041190 DTXSID50835107 DTXSID50696972 DTXSID60742252 DTXSID70434151 DTXSID00559245 DTXSID40503843 DTXSID50306004 DTXSID30407987 DTXSID60239672 DTXSID40522559 DTXSID10552267 DTXSID50707759 DTXSID70447645 DTXSID90441701 DTXSID20891139 DTXSID10393859
DTXSID50384589	DTXSID00556951 DTXSID30504920 DTXSID80278381 DTXSID10812313 DTXSID90343418 DTXSID30817062 DTXSID40174976 DTXSID80768257 DTXSID90316763 DTXSID40465871 DTXSID00801599 DTXSID10455688 DTXSID00425214 DTXSID30759337 DTXSID8075413 DTXSID00145708 DTXSID70526828 DTXSID20612189 DTXSID30323890 DTXSID20493516
DTXSID6040371	DTXSID60508234 DTXSID80857236 DTXSID00768097 DTXSID10599536 DTXSID30290316 DTXSID3044592 DTXSID20183001 DTXSID90709196 DTXSID20707923 DTXSID10289445 DTXSID10845207 DTXSID00323564 DTXSID40535245 DTXSID60728172 DTXSID30367673 DTXSID60618928 DTXSID80214022 DTXSID00567820 DTXSID00364871 DTXSID10342625
DTXSID20867834	DTXSID00508096 DTXSID50304449 DTXSID70837562 DTXSID90802010 DTXSID80851239 DTXSID00183887 DTXSID20679136 DTXSID90370522 DTXSID80771766 DTXSID40280980 DTXSID20378692 DTXSID10651542 DTXSID00196518 DTXSID40696461 DTXSID60727382 DTXSID40734014 DTXSID60601471 DTXSID70399413 DTXSID90811162 DTXSID50569319
DTXSID90154602	DTXSID60813572 DTXSID30445344 DTXSID90884376 DTXSID60502116 DTXSID30202378 DTXSID20427937 DTXSID90510688 DTXSID40287813 DTXSID50595274 DTXSID50594348 DTXSID90342643 DTXSID80384411 DTXSID40613158 DTXSID90774940 DTXSID30160883 DTXSID80442828 DTXSID60602903 DTXSID40640121 DTXSID90657446 DTXSID20681875
DTXSID10738746	DTXSID40216284 DTXSID30646399 DTXSID9021394 DTXSID70434611 DTXSID50186363 DTXSID60547421 DTXSID20629893 DTXSID90316728 DTXSID0041773 DTXSID60646307 DTXSID60576635 DTXSID70613267 DTXSID10511314 DTXSID90434592 DTXSID00823892 DTXSID00403350 DTXSID10856212 DTXSID20580733 DTXSID80580734 DTXSID00468540
DTXSID90533897	DTXSID80783304 DTXSID90286816 DTXSID30326104 DTXSID40675236 DTXSID40773347 DTXSID10400032 DTXSID90816733 DTXSID00161882 DTXSID40802964 DTXSID40838642 DTXSID60813436 DTXSID70709896 DTXSID30851466 DTXSID20535622 DTXSID30408717 DTXSID50832151 DTXSID60749342 DTXSID40462365 DTXSID10770565 DTXSID00819290
DTXSID30344888	DTXSID00711265 DTXSID60603455 DTXSID8058827 DTXSID20785226 DTXSID80222783 DTXSID20520119 DTXSID90343534 DTXSID50879743 DTXSID00323564 DTXSID30367673 DTXSID9058155 DTXSID10519178 DTXSID10463324 DTXSID40803118 DTXSID60357421 DTXSID10505874 DTXSID40456163 DTXSID80431818 DTXSID20661056 DTXSID80281698
DTXSID90200471	DTXSID5068233 DTXSID30309250 DTXSID00738654 DTXSID80492621 DTXSID00485712 DTXSID50512103 DTXSID70500269 DTXSID40641996 DTXSID80288586 DTXSID10630771 DTXSID20742031 DTXSID20862849 DTXSID30303798 DTXSID30848593 DTXSID90649664 DTXSID20533542 DTXSID70224155 DTXSID10728667 DTXSID60715522 DTXSID00810702
DTXSID4062519	DTXSID30524340 DTXSID10472219 DTXSID30639589 DTXSID90464854 DTXSID00551027 DTXSID20636986 DTXSID20495494 DTXSID30346509 DTXSID20459137 DTXSID80552279 DTXSID30340426 DTXSID00814942 DTXSID60339080 DTXSID30525231 DTXSID80771201 DTXSID50786221 DTXSID80450948 DTXSID30737771 DTXSID40534915 DTXSID20813437
DTXSID60609316	DTXSID10321879 DTXSID30327237 DTXSID80723765 DTXSID60424884 DTXSID60415939 DTXSID00739949 DTXSID20218842 DTXSID50651304 DTXSID40530331 DTXSID80757646 DTXSID90400712 DTXSID20801894 DTXSID40546790 DTXSID00614525 DTXSID70236692 DTXSID70550401 DTXSID10310021 DTXSID50478058 DTXSID30586246 DTXSID50397735
DTXSID90530760	DTXSID60544819 DTXSID40420561 DTXSID20738797 DTXSID80588154 DTXSID70502324 DTXSID40217079 DTXSID10630059 DTXSID40876064 DTXSID40430408 DTXSID60537100 DTXSID60278708 DTXSID40821059 DTXSID70317253 DTXSID50713451 DTXSID10511778 DTXSID50618790 DTXSID40552573 DTXSID00570430 DTXSID50415544 DTXSID10459469
DTXSID60829072	DTXSID60289273 DTXSID20370717 DTXSID70281485 DTXSID60667577 DTXSID1044514 DTXSID40751488 DTXSID30714365 DTXSID40396919 DTXSID70317031 DTXSID40676425 DTXSID30494877 DTXSID80713888 DTXSID50226213 DTXSID40745100 DTXSID70671600 DTXSID40711522 DTXSID10314701 DTXSID30718969 DTXSID00604441 DTXSID00533141
DTXSID20425296	DTXSID50469906 DTXSID70323197 DTXSID10499269 DTXSID40460846 DTXSID30282615 DTXSID80506439 DTXSID6035156 DTXSID10163594 DTXSID20703682 DTXSID70739870 DTXSID30610111 DTXSID70179717 DTXSID70614431 DTXSID30531150 DTXSID70232093 DTXSID70600798 DTXSID40171485 DTXSID00730714 DTXSID50550262 DTXSID80305424
DTXSID30874352	DTXSID10527213 DTXSID80765908 DTXSID10866598 DTXSID60346279 DTXSID70534660 DTXSID20739229 DTXSID60407056 DTXSID60831938 DTXSID20886929 DTXSID50694418 DTXSID50507514 DTXSID70670577 DTXSID10610179 DTXSID90215565 DTXSID00598513 DTXSID70496097 DTXSID50697661 DTXSID70592609 DTXSID30589575 DTXSID30184524
DTXSID90215565	DTXSID00598513 DTXSID30589575 DTXSID90728665 DTXSID60876900 DTXSID70496097 DTXSID20528397 DTXSID10440059 DTXSID20886929 DTXSID70670577 DTXSID30541572 DTXSID70534660 DTXSID00818667 DTXSID10527213 DTXSID10403129 DTXSID20739229 DTXSID50604052 DTXSID90561074 DTXSID80616800 DTXSID00145324 DTXSID00428720
DTXSID60561925	DTXSID30578202 DTXSID80821492 DTXSID60730634 DTXSID00707845 DTXSID70274817 DTXSID80768252 DTXSID80284205 DTXSID8070960 DTXSID60191488 DTXSID50724507 DTXSID00853295 DTXSID50774446 DTXSID60243779 DTXSID80752378 DTXSID40880500 DTXSID10648912 DTXSID30694012 DTXSID6039685 DTXSID80853470 DTXSID70781576
DTXSID70615549	DTXSID80785585 DTXSID30564701 DTXSID30348402 DTXSID10310521 DTXSID20883357 DTXSID60320519 DTXSID00851251 DTXSID60383846 DTXSID00537482 DTXSID00896208 DTXSID10896335 DTXSID40839114 DTXSID60769489 DTXSID20173629 DTXSID20311786 DTXSID90178202 DTXSID30897546 DTXSID60542496 DTXSID70588108 DTXSID40752516
DTXSID3063417	DTXSID40699437 DTXSID10573876 DTXSID70653901 DTXSID10705413 DTXSID30284199 DTXSID00145980 DTXSID80676848 DTXSID20522017 DTXSID60145820 DTXSID60593347 DTXSID70680272 DTXSID50429722 DTXSID90879368 DTXSID10557050 DTXSID60383760 DTXSID90300187 DTXSID90285046 DTXSID50677448 DTXSID00291259 DTXSID30733839
DTXSID20660362	DTXSID70325651 DTXSID60827513 DTXSID00604709 DTXSID30616532 DTXSID70884657 DTXSID50437584 DTXSID10802714 DTXSID40702713 DTXSID00563862 DTXSID70855069 DTXSID70568465 DTXSID70356581 DTXSID00705664 DTXSID60611176 DTXSID90203164 DTXSID50887924 DTXSID80817239 DTXSID70459546 DTXSID10580202 DTXSID40711249
DTXSID10472193	DTXSID70214298 DTXSID20812728 DTXSID20509762 DTXSID90738764 DTXSID70649208 DTXSID60640704 DTXSID70313634 DTXSID70529677 DTXSID40462022 DTXSID40655477 DTXSID90533993 DTXSID00210869 DTXSID60395247 DTXSID50843540 DTXSID80308495 DTXSID20440303 DTXSID20789128 DTXSID00168679 DTXSID70293240 DTXSID90768203
DTXSID20641272	DTXSID20702716 DTXSID70545195 DTXSID70737937 DTXSID2046836 DTXSID20536750 DTXSID40607633 DTXSID60848460 DTXSID40593183 DTXSID20668040 DTXSID70823187 DTXSID90559057 DTXSID80744157 DTXSID00513589 DTXSID40829772 DTXSID80293251 DTXSID90358168 DTXSID70794227 DTXSID80700137 DTXSID60757684 DTXSID70331217
DTXSID80176712	DTXSID10534740 DTXSID10680579 DTXSID00896344 DTXSID10695340 DTXSID40717029 DTXSID20656927 DTXSID60180615 DTXSID30593950 DTXSID90702203 DTXSID40562793 DTXSID60280841 DTXSID90478072 DTXSID80146455 DTXSID30857589 DTXSID10568964 DTXSID30669765 DTXSID20450083 DTXSID60733680 DTXSID70428494 DTXSID80494029
DTXSID60170258	DTXSID80724191 DTXSID20391366 DTXSID70214475 DTXSID50630316 DTXSID80603790 DTXSID50210571 DTXSID40757627 DTXSID10816412 DTXSID20170390 DTXSID70440333 DTXSID60332177 DTXSID80226706 DTXSID40309307 DTXSID30378406 DTXSID50601960 DTXSID80561785 DTXSID90766406 DTXSID50171916 DTXSID80172734 DTXSID30356901
DTXSID60519461	DTXSID40446483 DTXSID30748463 DTXSID20597482 DTXSID40549185 DTXSID60365268 DTXSID70721432 DTXSID80505523 DTXSID90571577 DTXSID70721134 DTXSID70632195 DTXSID40468009 DTXSID60454661 DTXSID50311390 DTXSID50479863 DTXSID10181490 DTXSID50622817 DTXSID10172580 DTXSID80444004 DTXSID30483483 DTXSID80827696
DTXSID90434618	DTXSID60545866 DTXSID70834910 DTXSID70593353 DTXSID60305467 DTXSID70392328 DTXSID70780645 DTXSID70665004 DTXSID40657259 DTXSID50565290 DTXSID60284925 DTXSID40513644 DTXSID30321194 DTXSID10342286 DTXSID70300064 DTXSID10739596 DTXSID20875878 DTXSID40214669 DTXSID90444156 DTXSID20441052 DTXSID20754836
DTXSID00699594	DTXSID00472485 DTXSID20625113 DTXSID50735552 DTXSID30743135 DTXSID30434995 DTXSID60457672 DTXSID90894031 DTXSID60823116 DTXSID30514887 DTXSID80756235 DTXSID80276584 DTXSID80443759 DTXSID80640842 DTXSID10314887 DTXSID0047088 DTXSID30411862 DTXSID50310146 DTXSID70876870 DTXSID40373523 DTXSID60723581
DTXSID50234378	DTXSID90407807 DTXSID60463576 DTXSID80793680 DTXSID70471960 DTXSID40483015 DTXSID20840329 DTXSID30786582 DTXSID50191093 DTXSID50239186 DTXSID10431745 DTXSID20825196 DTXSID50752865 DTXSID90758447 DTXSID90711173 DTXSID60772473 DTXSID70557152 DTXSID70720485 DTXSID00601051 DTXSID80232084 DTXSID90292492
DTXSID90836193	DTXSID50393757 DTXSID20641257 DTXSID70630050 DTXSID60670389 DTXSID00308639 DTXSID60813496 DTXSID60818360 DTXSID40427616 DTXSID20482662 DTXSID60591944 DTXSID60591924 DTXSID50322446 DTXSID00747382 DTXSID70743018 DTXSID00291259 DTXSID50672276 DTXSID90360625 DTXSID00631737 DTXSID20603719 DTXSID70724089
DTXSID60444305	DTXSID30725810 DTXSID40493270 DTXSID6044858 DTXSID50729193 DTXSID60671937 DTXSID40626425 DTXSID30351057 DTXSID90405606 DTXSID70355690 DTXSID20168616 DTXSID80723543 DTXSID00739141 DTXSID90403440 DTXSID00671936 DTXSID40585927 DTXSID80648161 DTXSID10557257 DTXSID80646627 DTXSID90626273 DTXSID70658234
DTXSID00704314	DTXSID00631772 DTXSID40191269 DTXSID10710163 DTXSID20297758 DTXSID60674281 DTXSID70484191 DTXSID40482043 DTXSID10365975 DTXSID80642068 DTXSID50345498 DTXSID00464704 DTXSID30879726 DTXSID30554965 DTXSID30352640 DTXSID40319603 DTXSID80711127 DTXSID60825514 DTXSID80380034 DTXSID80609398 DTXSID1065899
DTXSID70461260	DTXSID90396883 DTXSID90586161 DTXSID70203107 DTXSID30287620 DTXSID60365844 DTXSID30378360 DTXSID70831702 DTXSID10876516 DTXSID90185572 DTXSID50833688 DTXSID20856506 DTXSID60284824 DTXSID40161003 DTXSID90147751 DTXSID90626394 DTXSID70821062 DTXSID80572891 DTXSID10364382 DTXSID40674385 DTXSID60571706
DTXSID10537195	DTXSID30190943 DTXSID20721068 DTXSID70358808 DTXSID00399320 DTXSID00879551 DTXSID3063095 DTXSID30242911 DTXSID60675511 DTXSID20206981 DTXSID90321837 DTXSID60647298 DTXSID80486469 DTXSID70750944 DTXSID70470251 DTXSID10712182 DTXSID50879561 DTXSID70445343 DTXSID70545993 DTXSID60193508 DTXSID50742746
DTXSID40646289	DTXSID30734407 DTXSID10238817 DTXSID20680929 DTXSID90856710 DTXSID80733763 DTXSID70588229 DTXSID30571112 DTXSID20545827 DTXSID80598016 DTXSID40625933 DTXSID20681991 DTXSID70302644 DTXSID00725569 DTXSID80565980 DTXSID40165465 DTXSID30480932 DTXSID90332584 DTXSID50843904 DTXSID50515836 DTXSID3042180
DTXSID40593340	DTXSID40474029 DTXSID40610021 DTXSID10871440 DTXSID40380277 DTXSID50190021 DTXSID10742247 DTXSID40334275 DTXSID20654903 DTXSID00411738 DTXSID80814102 DTXSID00633796 DTXSID40321226 DTXSID90442410 DTXSID00442062 DTXSID10547456 DTXSID60286045 DTXSID40705360 DTXSID10455027 DTXSID40758917 DTXSID80440647
DTXSID40851134	DTXSID30794804 DTXSID40195489 DTXSID8022169 DTXSID50220236 DTXSID90527776 DTXSID20776098 DTXSID30201402 DTXSID70886030 DTXSID9044164 DTXSID2022127 DTXSID0044153 DTXSID60656901 DTXSID20476203 DTXSID60232421 DTXSID20381262 DTXSID20378874 DTXSID30453383 DTXSID60600126 DTXSID40439936 DTXSID70286738
DTXSID1059151	DTXSID80757020 DTXSID70876532 DTXSID50832292 DTXSID20876901 DTXSID10837920 DTXSID10544364 DTXSID20225894 DTXSID00775105 DTXSID50759410 DTXSID70525891 DTXSID40554138 DTXSID30545994 DTXSID90719154 DTXSID00412780 DTXSID70704008 DTXSID90290716 DTXSID80342814 DTXSID60146276 DTXSID80661118 DTXSID90854731
DTXSID70828995	DTXSID30641187 DTXSID80482421 DTXSID80495753 DTXSID00440826 DTXSID60308998 DTXSID40523066 DTXSID10345656 DTXSID10842610 DTXSID90397557 DTXSID80604000 DTXSID90345699 DTXSID90843903 DTXSID40230026 DTXSID50580049 DTXSID30726822 DTXSID60206102 DTXSID10572526 DTXSID70431468 DTXSID40751706 DTXSID70858136
DTXSID2068424	DTXSID30474452 DTXSID60620061 DTXSID60812404 DTXSID60283579 DTXSID40397845 DTXSID50377476 DTXSID80760271 DTXSID50722124 DTXSID90714886 DTXSID10412998 DTXSID90177598 DTXSID40657032 DTXSID30541254 DTXSID40190999 DTXSID00774698 DTXSID20829639 DTXSID00198037 DTXSID90243843 DTXSID90668794 DTXSID60787562
DTXSID90315231	DTXSID10697122 DTXSID80730651 DTXSID40729122 DTXSID10653460 DTXSID40831017 DTXSID20324255 DTXSID60716933 DTXSID50238654 DTXSID90198723 DTXSID90174022 DTXSID50593376 DTXSID80351683 DTXSID70663444 DTXSID70788823 DTXSID70341891 DTXSID70385795 DTXSID10307178 DTXSID00622867 DTXSID60729604 DTXSID80589267
DTXSID0069915	DTXSID20477619 DTXSID00303649 DTXSID80820329 DTXSID50496818 DTXSID10292035 DTXSID20462722 DTXSID80774196 DTXSID70645684 DTXSID70886191 DTXSID10607544 DTXSID60634906 DTXSID00567961 DTXSID30755016 DTXSID8061133 DTXSID70523034 DTXSID80763949 DTXSID50569319 DTXSID40818282 DTXSID00390236 DTXSID40312371
DTXSID20593303	DTXSID10694474 DTXSID80534575 DTXSID10303190 DTXSID20478323 DTXSID40738931 DTXSID40450924 DTXSID40325507 DTXSID40606308 DTXSID90330222 DTXSID80162079 DTXSID90850713 DTXSID70434232 DTXSID30675003 DTXSID70393390 DTXSID90560582 DTXSID30291883 DTXSID50461349 DTXSID90572428 DTXSID00606586 DTXSID70697582
DTXSID50750765	DTXSID30730989 DTXSID90220432 DTXSID00748374 DTXSID50188948 DTXSID00289651 DTXSID60708676 DTXSID00834569 DTXSID50572782 DTXSID20563228 DTXSID60704451 DTXSID30848932 DTXSID50768805 DTXSID20762693 DTXSID40413276 DTXSID20627031 DTXSID70784865 DTXSID40763243 DTXSID50837207 DTXSID60523124 DTXSID60520198
DTXSID60241194	DTXSID70177359 DTXSID0072776 DTXSID70762244 DTXSID40707182 DTXSID10826637 DTXSID70888296 DTXSID50767959 DTXSID70236576 DTXSID00841374 DTXSID10712521 DTXSID60598519 DTXSID20745486 DTXSID50288992 DTXSID7070478 DTXSID8027872 DTXSID50289404 DTXSID00768219 DTXSID80887654 DTXSID70793856 DTXSID70867364
DTXSID90468857	DTXSID50421524 DTXSID20384071 DTXSID60836468 DTXSID10628991 DTXSID60580712 DTXSID50328600 DTXSID30621282 DTXSID20170794 DTXSID60786151 DTXSID70558604 DTXSID30849888 DTXSID30821164 DTXSID20591980 DTXSID70529475 DTXSID00852122 DTXSID20352578 DTXSID00708473 DTXSID30632272 DTXSID00389746 DTXSID00317504
DTXSID90473103	DTXSID50624255 DTXSID40852686 DTXSID70393678 DTXSID10556407 DTXSID60560913 DTXSID30544482 DTXSID80393503 DTXSID40210247 DTXSID70652898 DTXSID00355800 DTXSID70582368 DTXSID90369390 DTXSID10539896 DTXSID00839978 DTXSID00844643 DTXSID6033241 DTXSID70541990 DTXSID80463679 DTXSID00186792 DTXSID90390240
DTXSID60190097	DTXSID70324861 DTXSID40614266 DTXSID40531863 DTXSID30675508 DTXSID20359360 DTXSID10642415 DTXSID70808676 DTXSID00837752 DTXSID90634530 DTXSID90143531 DTXSID20345869 DTXSID60597325 DTXSID00487933 DTXSID90310140 DTXSID80406844 DTXSID00822466 DTXSID30589373 DTXSID10343531 DTXSID40891611 DTXSID70349170
DTXSID60671553	DTXSID60876965 DTXSID30663066 DTXSID70444013 DTXSID10402339 DTXSID20406161 DTXSID30651201 DTXSID50315570 DTXSID20581644 DTXSID50597576 DTXSID50421640 DTXSID40289039 DTXSID00780936 DTXSID10280755 DTXSID40579149 DTXSID00887636 DTXSID90480155 DTXSID80339067 DTXSID30506707 DTXSID20353681 DTXSID80640322
DTXSID10757336	DTXSID50757335 DTXSID60794897 DTXSID60173926 DTXSID60696701 DTXSID90302606 DTXSID5074472 DTXSID2027967 DTXSID90780526 DTXSID40855490 DTXSID80576899 DTXSID00559144 DTXSID80601635 DTXSID30772566 DTXSID90404730 DTXSID80560258 DTXSID90443907 DTXSID2063765 DTXSID50410539 DTXSID4052005 DTXSID1062546
DTXSID30318408	DTXSID80320551 DTXSID20805392 DTXSID30874256 DTXSID60805391 DTXSID40566796 DTXSID00751005 DTXSID00494167 DTXSID00890342 DTXSID40585765 DTXSID60658283 DTXSID60446566 DTXSID40760656 DTXSID80633850 DTXSID40219053 DTXSID00590274 DTXSID70317233 DTXSID70559595 DTXSID00620621 DTXSID30237408 DTXSID10718306
DTXSID40777906	DTXSID10422234 DTXSID40508237 DTXSID60624024 DTXSID50351190 DTXSID30739831 DTXSID60731106 DTXSID80499195 DTXSID70725576 DTXSID50188105 DTXSID60561703 DTXSID90392163 DTXSID00482887 DTXSID70616435 DTXSID50474035 DTXSID50588202 DTXSID80650769 DTXSID80656847 DTXSID10584821 DTXSID00346814 DTXSID10478731
DTXSID00371186	DTXSID30311595 DTXSID80282226 DTXSID40168219 DTXSID40374030 DTXSID40588493 DTXSID90813020 DTXSID40450409 DTXSID50467346 DTXSID50218416 DTXSID40561645 DTXSID80237675 DTXSID30176540 DTXSID10579717 DTXSID10712889 DTXSID20439297 DTXSID40773983 DTXSID50441787 DTXSID50598124 DTXSID40495597 DTXSID90805440
DTXSID70173750	DTXSID70212375 DTXSID70876658 DTXSID50375033 DTXSID70401363 DTXSID30787852 DTXSID20718973 DTXSID10212470 DTXSID80645312 DTXSID00571407 DTXSID00404887 DTXSID70695260 DTXSID60206622 DTXSID00374031 DTXSID60620389 DTXSID00425552 DTXSID90469167 DTXSID90479908 DTXSID90799638 DTXSID90429862 DTXSID70364525
DTXSID10394967	DTXSID90294375 DTXSID90573157 DTXSID60535348 DTXSID40876645 DTXSID40602800 DTXSID50523178 DTXSID40752516 DTXSID60769489 DTXSID30805207 DTXSID10228319 DTXSID90794481 DTXSID50488652 DTXSID00697494 DTXSID10818850 DTXSID00430101 DTXSID50401306 DTXSID10611146 DTXSID60896042 DTXSID80478263 DTXSID10329471
DTXSID10640895	DTXSID50234914 DTXSID50563231 DTXSID10556700 DTXSID30828774 DTXSID00468308 DTXSID60812328 DTXSID00552054 DTXSID40796495 DTXSID50293203 DTXSID50469729 DTXSID60192233 DTXSID3022168 DTXSID80889294 DTXSID4066414 DTXSID80444347 DTXSID30790846 DTXSID80851436 DTXSID50201202 DTXSID50793056 DTXSID40823058
DTXSID30321917	DTXSID40313303 DTXSID50382641 DTXSID70651861 DTXSID90372783 DTXSID70434515 DTXSID60569264 DTXSID40646800 DTXSID90711350 DTXSID70858136 DTXSID20277616 DTXSID60739006 DTXSID40590071 DTXSID10842610 DTXSID90645585 DTXSID30734048 DTXSID10345656 DTXSID30651867 DTXSID40513381 DTXSID10826758 DTXSID40716512
DTXSID00405955	DTXSID60399760 DTXSID10560226 DTXSID00338633 DTXSID10410373 DTXSID90850096 DTXSID80275936 DTXSID80156756 DTXSID50736206 DTXSID50505318 DTXSID50286514 DTXSID10809501 DTXSID00405935 DTXSID80175861 DTXSID50465827 DTXSID10237007 DTXSID60738998 DTXSID00562052 DTXSID10463021 DTXSID60754572 DTXSID70569992
DTXSID60174711	DTXSID50313056 DTXSID90556965 DTXSID50505358 DTXSID10778389 DTXSID40472146 DTXSID40298348 DTXSID90152446 DTXSID10297585 DTXSID40392951 DTXSID20212729 DTXSID20342752 DTXSID30805747 DTXSID80423814 DTXSID40455419 DTXSID80543061 DTXSID30332861 DTXSID20733065 DTXSID20167826 DTXSID00186636 DTXSID50188302
DTXSID70592149	DTXSID0070784 DTXSID00649599 DTXSID70717870 DTXSID90328740 DTXSID40677331 DTXSID30235823 DTXSID90778569 DTXSID00596397 DTXSID70888756 DTXSID70396402 DTXSID80323547 DTXSID90217423 DTXSID90808911 DTXSID20538830 DTXSID9044293 DTXSID90572428 DTXSID40751463 DTXSID50731357 DTXSID30276034 DTXSID90330222
DTXSID90346222	DTXSID30516765 DTXSID70873607 DTXSID70437263 DTXSID10416330 DTXSID00782258 DTXSID00372219 DTXSID30734164 DTXSID00593189 DTXSID20804082 DTXSID10597638 DTXSID80308374 DTXSID20856506 DTXSID70332168 DTXSID20840788 DTXSID10725737 DTXSID10667143 DTXSID10515615 DTXSID30817906 DTXSID90147751 DTXSID30752702
DTXSID70502965	DTXSID60734738 DTXSID10444416 DTXSID80511583 DTXSID40756958 DTXSID00389746 DTXSID50787672 DTXSID60188272 DTXSID00186176 DTXSID10275540 DTXSID70757958 DTXSID40508272 DTXSID50527333 DTXSID30621282 DTXSID50787394 DTXSID50508066 DTXSID40774819 DTXSID00799866 DTXSID80734038 DTXSID70212037 DTXSID50421524
DTXSID50460438	DTXSID00445639 DTXSID10439620 DTXSID70182509 DTXSID70167255 DTXSID40395861 DTXSID10443666 DTXSID30709812 DTXSID20307866 DTXSID90499429 DTXSID30596148 DTXSID90291501 DTXSID00202365 DTXSID20495555 DTXSID90501531 DTXSID60604220 DTXSID00652780 DTXSID70849923 DTXSID90693223 DTXSID00679558 DTXSID40324499
DTXSID20790537	DTXSID60149080 DTXSID30816737 DTXSID00809999 DTXSID20536553 DTXSID60816720 DTXSID40767706 DTXSID70477528 DTXSID80615474 DTXSID40816743 DTXSID20794979 DTXSID80742456 DTXSID90804832 DTXSID50816739 DTXSID60746876 DTXSID40776631 DTXSID90445481 DTXSID50811567 DTXSID60795081 DTXSID60797944 DTXSID60340757
DTXSID20877630	DTXSID30280398 DTXSID50793056 DTXSID50521331 DTXSID50424015 DTXSID50485202 DTXSID10601885 DTXSID90458399 DTXSID3022168 DTXSID10814993 DTXSID80456728 DTXSID50469729 DTXSID40382812 DTXSID40156419 DTXSID40682364 DTXSID50345559 DTXSID50234914 DTXSID30325278 DTXSID80441533 DTXSID00552054 DTXSID40749587
DTXSID00303649	DTXSID20462722 DTXSID80820329 DTXSID80774196 DTXSID10607544 DTXSID50496818 DTXSID0069915 DTXSID10292035 DTXSID00567961 DTXSID70886191 DTXSID50569319 DTXSID10722665 DTXSID20477619 DTXSID70523034 DTXSID80143040 DTXSID00196518 DTXSID10601360 DTXSID70282356 DTXSID70645684 DTXSID40818282 DTXSID00390236
DTXSID40462365	DTXSID60813436 DTXSID10770565 DTXSID00794972 DTXSID00819290 DTXSID40838642 DTXSID00625252 DTXSID60880764 DTXSID30408717 DTXSID40773347 DTXSID90283522 DTXSID80783304 DTXSID00161882 DTXSID00340731 DTXSID00770579 DTXSID90533897 DTXSID70325893 DTXSID90445481 DTXSID40455499 DTXSID50816739 DTXSID20535622
DTXSID70613267	DTXSID10511314 DTXSID0041773 DTXSID80580734 DTXSID10856212 DTXSID00823892 DTXSID40195106 DTXSID00468540 DTXSID50186363 DTXSID50605887 DTXSID70177935 DTXSID40398938 DTXSID40319300 DTXSID80791540 DTXSID20580733 DTXSID30661047 DTXSID70666536 DTXSID50497865 DTXSID20629893 DTXSID10177934 DTXSID80646384
DTXSID90404730	DTXSID50410539 DTXSID50783437 DTXSID5047114 DTXSID70751310 DTXSID60598059 DTXSID00559144 DTXSID1066239 DTXSID30770365 DTXSID80576899 DTXSID50757335 DTXSID80560258 DTXSID90302606 DTXSID40208523 DTXSID80195044 DTXSID6063511 DTXSID10783438 DTXSID00775887 DTXSID20195063 DTXSID60288589 DTXSID90660430
DTXSID3061920	DTXSID60519360 DTXSID60428307 DTXSID50497966 DTXSID40682127 DTXSID30332861 DTXSID60697410 DTXSID40693334 DTXSID40143485 DTXSID20212729 DTXSID80668768 DTXSID30870975 DTXSID70836550 DTXSID90145474 DTXSID40392951 DTXSID10214196 DTXSID40615793 DTXSID00534895 DTXSID50698456 DTXSID20342752 DTXSID40844809
DTXSID30686896	DTXSID20431438 DTXSID50636555 DTXSID80766172 DTXSID50354060 DTXSID50398949 DTXSID70850630 DTXSID60588132 DTXSID00766437 DTXSID10542860 DTXSID00151728 DTXSID60587786 DTXSID20663414 DTXSID80496402 DTXSID70361650 DTXSID90688538 DTXSID90592505 DTXSID30462596 DTXSID80407659 DTXSID30162665 DTXSID90510345
DTXSID00411738	DTXSID10871440 DTXSID50190021 DTXSID40334275 DTXSID90462936 DTXSID80823330 DTXSID80279919 DTXSID60340974 DTXSID80440647 DTXSID10471666 DTXSID40593340 DTXSID90442410 DTXSID00633796 DTXSID70315971 DTXSID10198205 DTXSID40758917 DTXSID80814102 DTXSID90238315 DTXSID00669479 DTXSID40474029 DTXSID20654903
DTXSID30620174	DTXSID60700236 DTXSID00745368 DTXSID70619608 DTXSID20393587 DTXSID00508677 DTXSID70855781 DTXSID70314969 DTXSID30303192 DTXSID60319089 DTXSID70742102 DTXSID30847288 DTXSID40747503 DTXSID3073719 DTXSID70732487 DTXSID50450490 DTXSID80478324 DTXSID90222719 DTXSID70751153 DTXSID80435412 DTXSID10657206
DTXSID10317277	DTXSID8051706 DTXSID70711257 DTXSID50766705 DTXSID90280773 DTXSID90469309 DTXSID60236282 DTXSID40532355 DTXSID40886880 DTXSID00694029 DTXSID40840361 DTXSID50817701 DTXSID80840345 DTXSID30778609 DTXSID30793837 DTXSID10805583 DTXSID70557152 DTXSID70720485 DTXSID10790102 DTXSID50482655 DTXSID90711173
DTXSID30620179	DTXSID80300454 DTXSID30787539 DTXSID00552832 DTXSID20847353 DTXSID20463411 DTXSID90443846 DTXSID20567049 DTXSID0073110 DTXSID70645649 DTXSID80851471 DTXSID00470865 DTXSID30846155 DTXSID90809145 DTXSID20888226 DTXSID60844023 DTXSID50469825 DTXSID60660361 DTXSID50838597 DTXSID10551876 DTXSID40455535
DTXSID00523683	DTXSID20476162 DTXSID40339083 DTXSID20241751 DTXSID70559191 DTXSID10518101 DTXSID00452565 DTXSID30567075 DTXSID70359395 DTXSID70466457 DTXSID40462249 DTXSID30870975 DTXSID80502759 DTXSID90145474 DTXSID50621249 DTXSID70167255 DTXSID00377183 DTXSID00444344 DTXSID40693334 DTXSID90499429 DTXSID50354681
DTXSID40472146	DTXSID80169503 DTXSID50179492 DTXSID10501058 DTXSID60654826 DTXSID60169208 DTXSID80423814 DTXSID40455419 DTXSID00560770 DTXSID90749330 DTXSID00582912 DTXSID60174711 DTXSID20733065 DTXSID60834747 DTXSID80179102 DTXSID10778389 DTXSID70709538 DTXSID30572765 DTXSID10297585 DTXSID70405947 DTXSID50505358
DTXSID40453379	DTXSID10366361 DTXSID70165099 DTXSID10546803 DTXSID40442061 DTXSID1063512 DTXSID60486225 DTXSID60742575 DTXSID70202817 DTXSID0051318 DTXSID50399335 DTXSID40343822 DTXSID70448359 DTXSID60285093 DTXSID30150880 DTXSID10405921 DTXSID20448329 DTXSID00509104 DTXSID70700803 DTXSID60849235 DTXSID20290961
DTXSID00366178	DTXSID00655514 DTXSID50734909 DTXSID30811328 DTXSID20468406 DTXSID40724556 DTXSID20174712 DTXSID90788047 DTXSID70626953 DTXSID60177267 DTXSID40641173 DTXSID90604692 DTXSID50313612 DTXSID50627362 DTXSID80847713 DTXSID60569385 DTXSID10374446 DTXSID30510223 DTXSID90501531 DTXSID10604513 DTXSID50677665
DTXSID20468163	DTXSID70616516 DTXSID5063605 DTXSID00358977 DTXSID90355798 DTXSID20394216 DTXSID80440283 DTXSID30587354 DTXSID40187203 DTXSID10354268 DTXSID90611407 DTXSID20424567 DTXSID30356764 DTXSID80402306 DTXSID30450099 DTXSID10406736 DTXSID80479391 DTXSID10356469 DTXSID70710927 DTXSID90706488 DTXSID20705661
DTXSID00216947	DTXSID50726480 DTXSID20697451 DTXSID20449654 DTXSID00439250 DTXSID70848557 DTXSID60787562 DTXSID60240187 DTXSID00774698 DTXSID00811012 DTXSID90668794 DTXSID70240254 DTXSID80493638 DTXSID30339597 DTXSID90842471 DTXSID30825243 DTXSID30725638 DTXSID60441410 DTXSID90243843 DTXSID00530115 DTXSID90485165
DTXSID50450374	DTXSID10403725 DTXSID20740779 DTXSID00837035 DTXSID30506823 DTXSID30635122 DTXSID60514936 DTXSID1036886 DTXSID30343396 DTXSID20732210 DTXSID30314602 DTXSID40180330 DTXSID30544023 DTXSID30323618 DTXSID70437465 DTXSID40697812 DTXSID90623222 DTXSID30653462 DTXSID10761256 DTXSID70403246 DTXSID10437121
DTXSID90539399	DTXSID90646895 DTXSID20382350 DTXSID90331274 DTXSID40674643 DTXSID80500114 DTXSID70489803 DTXSID10336307 DTXSID10753257 DTXSID50535857 DTXSID60671114 DTXSID80381501 DTXSID60301888 DTXSID60610700 DTXSID80626181 DTXSID90419162 DTXSID10427320 DTXSID80505982 DTXSID90162424 DTXSID70444331 DTXSID80482123
DTXSID80478324	DTXSID30303192 DTXSID70314969 DTXSID10657206 DTXSID30546628 DTXSID60319089 DTXSID70732487 DTXSID00745368 DTXSID70855781 DTXSID80447398 DTXSID70619608 DTXSID00508677 DTXSID20393587 DTXSID80534131 DTXSID70554621 DTXSID90222719 DTXSID30847288 DTXSID20835659 DTXSID50451407 DTXSID10498196 DTXSID40747503
DTXSID70609605	DTXSID30357635 DTXSID30373673 DTXSID10842453 DTXSID40673171 DTXSID10389373 DTXSID60476747 DTXSID90284478 DTXSID00697257 DTXSID50283649 DTXSID40436167 DTXSID40708639 DTXSID40152835 DTXSID60298688 DTXSID90753492 DTXSID80396852 DTXSID60557545 DTXSID90701110 DTXSID10645244 DTXSID70237664 DTXSID80320773
DTXSID00158752	DTXSID70590584 DTXSID90672275 DTXSID10557050 DTXSID50677448 DTXSID50429722 DTXSID60593347 DTXSID90300187 DTXSID30350186 DTXSID80468563 DTXSID60145820 DTXSID70653901 DTXSID60383760 DTXSID20522017 DTXSID60285497 DTXSID40571168 DTXSID10299009 DTXSID10653687 DTXSID90647988 DTXSID80370955 DTXSID40332695
DTXSID30568360	DTXSID80284826 DTXSID00802182 DTXSID30416392 DTXSID10212011 DTXSID90615809 DTXSID30594280 DTXSID00612400 DTXSID30819304 DTXSID30651367 DTXSID50277806 DTXSID00759581 DTXSID60715522 DTXSID00355729 DTXSID90395215 DTXSID80637257 DTXSID20657292 DTXSID00184410 DTXSID50383330 DTXSID10463425 DTXSID70894756
DTXSID40818282	DTXSID70523034 DTXSID10818517 DTXSID40312371 DTXSID80763949 DTXSID70886191 DTXSID70305695 DTXSID50852157 DTXSID70452719 DTXSID30542468 DTXSID10187391 DTXSID00501860 DTXSID20780913 DTXSID50496818 DTXSID50772104 DTXSID60634906 DTXSID50280032 DTXSID70438179 DTXSID70803545 DTXSID20477619 DTXSID70474259
DTXSID50528269	DTXSID10391618 DTXSID50798425 DTXSID50693663 DTXSID60606582 DTXSID1051800 DTXSID50858472 DTXSID90328629 DTXSID80342879 DTXSID70565833 DTXSID90847486 DTXSID90530942 DTXSID10880678 DTXSID90277789 DTXSID90565294 DTXSID10682199 DTXSID80506131 DTXSID20604387 DTXSID20229796 DTXSID90536565 DTXSID10587852
DTXSID20735721	DTXSID50471468 DTXSID20719167 DTXSID70170502 DTXSID90560582 DTXSID80694466 DTXSID50872976 DTXSID20605758 DTXSID70697582 DTXSID30291883 DTXSID30217503 DTXSID10303190 DTXSID40738931 DTXSID30675003 DTXSID80162079 DTXSID00458764 DTXSID80142856 DTXSID70143155 DTXSID90726161 DTXSID20378677 DTXSID40835510
DTXSID50188948	DTXSID50750765 DTXSID30730989 DTXSID90220432 DTXSID00748374 DTXSID00289651 DTXSID50768805 DTXSID20762693 DTXSID60708676 DTXSID70784865 DTXSID30848932 DTXSID50572782 DTXSID00834569 DTXSID60704451 DTXSID20563228 DTXSID50837207 DTXSID40413276 DTXSID60523124 DTXSID80737746 DTXSID40543047 DTXSID20627031
DTXSID90847724	DTXSID20222681 DTXSID50613806 DTXSID90585659 DTXSID30772304 DTXSID30630197 DTXSID50857460 DTXSID60749685 DTXSID40856624 DTXSID60658283 DTXSID70559595 DTXSID70327438 DTXSID60227594 DTXSID90425687 DTXSID10542067 DTXSID50739176 DTXSID20179929 DTXSID50400233 DTXSID80857317 DTXSID40883091 DTXSID40760656
DTXSID50588202	DTXSID00482887 DTXSID90725351 DTXSID50145874 DTXSID00653257 DTXSID10478731 DTXSID50627165 DTXSID80169381 DTXSID80562318 DTXSID30444372 DTXSID70857629 DTXSID10618170 DTXSID70239542 DTXSID60358791 DTXSID50345892 DTXSID60640668 DTXSID50625161 DTXSID50474035 DTXSID00346814 DTXSID50351190 DTXSID90497142
DTXSID20892085	DTXSID40171566 DTXSID10579757 DTXSID30369516 DTXSID30378406 DTXSID10634416 DTXSID50491545 DTXSID20602343 DTXSID90290453 DTXSID70440333 DTXSID70774685 DTXSID50210571 DTXSID40439279 DTXSID20409415 DTXSID80310179 DTXSID70282073 DTXSID20391366 DTXSID50468535 DTXSID80603790 DTXSID60381185 DTXSID20243255
DTXSID10368683	DTXSID80815270 DTXSID80446866 DTXSID7067089 DTXSID40288087 DTXSID40367063 DTXSID90571976 DTXSID00818920 DTXSID60395601 DTXSID30831086 DTXSID40326877 DTXSID00446909 DTXSID80351906 DTXSID80563921 DTXSID50383592 DTXSID10886357 DTXSID10399275 DTXSID40490704 DTXSID10831084 DTXSID70485608 DTXSID10787971
DTXSID30157839	DTXSID60636561 DTXSID80696829 DTXSID80660101 DTXSID60341340 DTXSID40677391 DTXSID30176388 DTXSID80752176 DTXSID60634486 DTXSID20876002 DTXSID20803419 DTXSID70408195 DTXSID50560684 DTXSID30402412 DTXSID40378694 DTXSID90729455 DTXSID50709773 DTXSID30627547 DTXSID50568201 DTXSID30362789 DTXSID70158284
DTXSID40876463	DTXSID40750774 DTXSID00730234 DTXSID00366613 DTXSID20493056 DTXSID90674456 DTXSID00512653 DTXSID50367973 DTXSID10879603 DTXSID1073367 DTXSID10772064 DTXSID20812723 DTXSID20596511 DTXSID00408603 DTXSID40649518 DTXSID30219385 DTXSID20459172 DTXSID60544819 DTXSID10511778 DTXSID10814130 DTXSID50618790
DTXSID20656063	DTXSID70672798 DTXSID30657804 DTXSID50646755 DTXSID2071071 DTXSID00585347 DTXSID50304707 DTXSID80560576 DTXSID60401296 DTXSID30843644 DTXSID20834086 DTXSID50809828 DTXSID00712035 DTXSID30761213 DTXSID60742111 DTXSID30716667 DTXSID00730012 DTXSID30787357 DTXSID20879472 DTXSID90629749 DTXSID70202337
DTXSID90668794	DTXSID60787562 DTXSID00774698 DTXSID90177598 DTXSID30825243 DTXSID50377476 DTXSID30339597 DTXSID70240254 DTXSID20697451 DTXSID60812404 DTXSID60283579 DTXSID00439250 DTXSID00216947 DTXSID20370398 DTXSID80493638 DTXSID00530115 DTXSID20442807 DTXSID30474452 DTXSID50722124 DTXSID90842471 DTXSID40397845
DTXSID00536894	DTXSID70392484 DTXSID70449649 DTXSID10483385 DTXSID00559149 DTXSID90743974 DTXSID60536810 DTXSID50354621 DTXSID70145831 DTXSID20368295 DTXSID20398810 DTXSID70811428 DTXSID10727837 DTXSID10495721 DTXSID50374804 DTXSID00610163 DTXSID50635285 DTXSID60725101 DTXSID30579375 DTXSID10316184 DTXSID30750945
DTXSID80545883	DTXSID60496546 DTXSID8040278 DTXSID60501962 DTXSID90580922 DTXSID40482427 DTXSID60300674 DTXSID40722214 DTXSID00623359 DTXSID30363079 DTXSID30854210 DTXSID80604328 DTXSID10357037 DTXSID40508934 DTXSID90578703 DTXSID70572300 DTXSID60372553 DTXSID60227615 DTXSID00511085 DTXSID90454937 DTXSID90567016
DTXSID00576634	DTXSID10391274 DTXSID60427815 DTXSID20432561 DTXSID50170020 DTXSID30799096 DTXSID90571239 DTXSID10642071 DTXSID30583295 DTXSID40407716 DTXSID20580753 DTXSID80573368 DTXSID10536082 DTXSID80293478 DTXSID10181718 DTXSID40634126 DTXSID80482123 DTXSID30727910 DTXSID00241638 DTXSID60695037 DTXSID00566611
DTXSID70851167	DTXSID90237202 DTXSID10588304 DTXSID40753407 DTXSID80535688 DTXSID90876473 DTXSID90819603 DTXSID00829995 DTXSID70731470 DTXSID50694473 DTXSID10786267 DTXSID10667643 DTXSID50491904 DTXSID10630897 DTXSID40210161 DTXSID50343737 DTXSID10309314 DTXSID90431228 DTXSID30730641 DTXSID50587654 DTXSID10804531
DTXSID30297769	DTXSID40341661 DTXSID20341664 DTXSID40647397 DTXSID70346765 DTXSID10347973 DTXSID10783832 DTXSID80341660 DTXSID40341666 DTXSID50792261 DTXSID10892094 DTXSID80705607 DTXSID20754452 DTXSID60239677 DTXSID70242536 DTXSID10324880 DTXSID20280781 DTXSID50737490 DTXSID50700528 DTXSID60826960 DTXSID30543410
DTXSID5072486	DTXSID70709538 DTXSID70438497 DTXSID30544588 DTXSID60654826 DTXSID30405908 DTXSID50179492 DTXSID40551526 DTXSID90711198 DTXSID60488421 DTXSID10525310 DTXSID30572765 DTXSID60169208 DTXSID60336195 DTXSID3061552 DTXSID10442659 DTXSID20448329 DTXSID10518868 DTXSID90749330 DTXSID10501058 DTXSID20680227
DTXSID70762047	DTXSID70621009 DTXSID20352412 DTXSID00442188 DTXSID50600110 DTXSID00748011 DTXSID80813019 DTXSID90380404 DTXSID10734783 DTXSID50153176 DTXSID00506799 DTXSID80237675 DTXSID40570439 DTXSID00410983 DTXSID40495597 DTXSID10712889 DTXSID20301783 DTXSID40278640 DTXSID10199636 DTXSID40561645 DTXSID60875877
DTXSID7041334	DTXSID90697367 DTXSID80876321 DTXSID20579541 DTXSID60829037 DTXSID80737281 DTXSID40712251 DTXSID10617749 DTXSID20750474 DTXSID80561462 DTXSID00681590 DTXSID00658469 DTXSID70701077 DTXSID60715926 DTXSID70565050 DTXSID00359060 DTXSID20742359 DTXSID90651949 DTXSID20635878 DTXSID50704445 DTXSID80320612
DTXSID00789267	DTXSID80341685 DTXSID10710087 DTXSID30342228 DTXSID60340757 DTXSID10511839 DTXSID80414949 DTXSID30816732 DTXSID10324880 DTXSID60864504 DTXSID70816731 DTXSID40718177 DTXSID80341660 DTXSID40341661 DTXSID90804832 DTXSID40341646 DTXSID40341666 DTXSID80615474 DTXSID00816744 DTXSID40647397 DTXSID10347973
DTXSID70891942	DTXSID50456093 DTXSID20199061 DTXSID60277236 DTXSID1069825 DTXSID30196965 DTXSID00577909 DTXSID40835535 DTXSID00160532 DTXSID30796242 DTXSID80773922 DTXSID30153558 DTXSID40818368 DTXSID60562871 DTXSID80198156 DTXSID70399812 DTXSID2065757 DTXSID50762621 DTXSID50828135 DTXSID6069826 DTXSID50853942
DTXSID60752593	DTXSID30285782 DTXSID1023447 DTXSID30173534 DTXSID10776421 DTXSID30471305 DTXSID70641227 DTXSID8067105 DTXSID00361284 DTXSID40283895 DTXSID10241220 DTXSID00781766 DTXSID20849418 DTXSID90492910 DTXSID20565449 DTXSID20351581 DTXSID60545649 DTXSID60460489 DTXSID10475826 DTXSID40722613 DTXSID70837481
DTXSID10876213	DTXSID40324171 DTXSID30189978 DTXSID20182216 DTXSID00625535 DTXSID80625119 DTXSID80354750 DTXSID60674125 DTXSID60573200 DTXSID50538580 DTXSID30600355 DTXSID00444107 DTXSID40516574 DTXSID00857657 DTXSID10288155 DTXSID30668051 DTXSID60820660 DTXSID50325992 DTXSID40144179 DTXSID20599022 DTXSID50684233
DTXSID60183020	DTXSID80615999 DTXSID70825323 DTXSID00542970 DTXSID50568185 DTXSID90449848 DTXSID30402255 DTXSID20203379 DTXSID50786221 DTXSID60738433 DTXSID80332674 DTXSID70507091 DTXSID40285733 DTXSID60303887 DTXSID10825483 DTXSID60219237 DTXSID40633255 DTXSID70545211 DTXSID10468334 DTXSID80531281 DTXSID20443455
DTXSID60552474	DTXSID40714614 DTXSID80340739 DTXSID20295330 DTXSID70816731 DTXSID80836521 DTXSID60864504 DTXSID40341646 DTXSID40819355 DTXSID60880648 DTXSID00841233 DTXSID60515882 DTXSID10784248 DTXSID60759845 DTXSID70773512 DTXSID50662258 DTXSID40887796 DTXSID30393871 DTXSID80526894 DTXSID50712085 DTXSID40718177
DTXSID00533141	DTXSID60558138 DTXSID40396919 DTXSID30149274 DTXSID80713888 DTXSID50460918 DTXSID00511303 DTXSID90330909 DTXSID60790258 DTXSID00604441 DTXSID40745100 DTXSID90213187 DTXSID90490436 DTXSID40738597 DTXSID10737734 DTXSID70281485 DTXSID50325735 DTXSID30494877 DTXSID80819899 DTXSID60289273 DTXSID60829072
DTXSID70649586	DTXSID50657063 DTXSID90706640 DTXSID40481793 DTXSID9051745 DTXSID40528793 DTXSID60649297 DTXSID20796933 DTXSID00706676 DTXSID1066104 DTXSID10704628 DTXSID70703874 DTXSID00755240 DTXSID10289521 DTXSID00724456 DTXSID20734618 DTXSID30701937 DTXSID70787391 DTXSID30493143 DTXSID50148269 DTXSID10359354
DTXSID00695157	DTXSID60377023 DTXSID60307108 DTXSID40296581 DTXSID80294445 DTXSID20439297 DTXSID30726064 DTXSID50487645 DTXSID80487471 DTXSID10616959 DTXSID00506916 DTXSID70677208 DTXSID30780828 DTXSID80728891 DTXSID90278690 DTXSID40637874 DTXSID60620389 DTXSID90591795 DTXSID10582342 DTXSID00321565 DTXSID5073666
DTXSID40815736	DTXSID20604342 DTXSID60658541 DTXSID80840345 DTXSID00786099 DTXSID70453201 DTXSID50817701 DTXSID60240440 DTXSID20432905 DTXSID60659735 DTXSID90152264 DTXSID70724408 DTXSID60884823 DTXSID60776815 DTXSID00339069 DTXSID50766705 DTXSID70564664 DTXSID50632714 DTXSID00816986 DTXSID40532355 DTXSID90560906
DTXSID30653301	DTXSID9041445 DTXSID00594772 DTXSID70618434 DTXSID30428657 DTXSID40747321 DTXSID90787550 DTXSID40110056 DTXSID20374210 DTXSID60711948 DTXSID30591799 DTXSID40589021 DTXSID50230830 DTXSID30476390 DTXSID40325007 DTXSID60772736 DTXSID80523868 DTXSID10565357 DTXSID90374045 DTXSID40794991 DTXSID5052626
DTXSID60716675	DTXSID40672548 DTXSID60590174 DTXSID40725967 DTXSID30618738 DTXSID20856708 DTXSID10743259 DTXSID20728991 DTXSID10677540 DTXSID50727371 DTXSID60722973 DTXSID00727285 DTXSID20372610 DTXSID30363392 DTXSID70346321 DTXSID80696900 DTXSID10640133 DTXSID00843535 DTXSID90676672 DTXSID60717162 DTXSID70646277
DTXSID90651202	DTXSID70195699 DTXSID80453838 DTXSID20298200 DTXSID90547671 DTXSID80706492 DTXSID60757260 DTXSID20671716 DTXSID10547673 DTXSID50496494 DTXSID80409214 DTXSID90296834 DTXSID30532662 DTXSID30499004 DTXSID30198484 DTXSID40795125 DTXSID70599118 DTXSID80712533 DTXSID50483384 DTXSID30288293 DTXSID60675071
DTXSID30306209	DTXSID70799434 DTXSID10485541 DTXSID10405921 DTXSID40397668 DTXSID50696412 DTXSID50321555 DTXSID40566478 DTXSID60336195 DTXSID10442659 DTXSID70448359 DTXSID00633478 DTXSID00509104 DTXSID1063512 DTXSID10343814 DTXSID60285093 DTXSID00391061 DTXSID50281206 DTXSID70408650 DTXSID10546803 DTXSID90346141
DTXSID30410198	DTXSID70514624 DTXSID90473522 DTXSID40311824 DTXSID50399370 DTXSID20562958 DTXSID00341086 DTXSID20774958 DTXSID90208553 DTXSID00374536 DTXSID50281226 DTXSID30642472 DTXSID00611337 DTXSID40415492 DTXSID00614525 DTXSID60710239 DTXSID50345554 DTXSID60681854 DTXSID80791282 DTXSID50735557 DTXSID80369369
DTXSID00418328	DTXSID80606589 DTXSID30319213 DTXSID20766015 DTXSID10744428 DTXSID80708592 DTXSID10326081 DTXSID30698318 DTXSID40473991 DTXSID00388350 DTXSID10426696 DTXSID60370650 DTXSID00374011 DTXSID20549406 DTXSID00294381 DTXSID40241632 DTXSID20417717 DTXSID20362990 DTXSID10736227 DTXSID40393084 DTXSID80543965
DTXSID20857311	DTXSID80896049 DTXSID90706165 DTXSID80615318 DTXSID80589267 DTXSID10307991 DTXSID40294108 DTXSID70310608 DTXSID80337326 DTXSID10602690 DTXSID30672274 DTXSID10661166 DTXSID20431074 DTXSID10344169 DTXSID80351683 DTXSID00769246 DTXSID10506922 DTXSID20418305 DTXSID20660963 DTXSID70788823 DTXSID40593845
DTXSID00835551	DTXSID30359270 DTXSID30543016 DTXSID90333915 DTXSID10340242 DTXSID10278874 DTXSID90352929 DTXSID10600479 DTXSID10452450 DTXSID00797266 DTXSID90512026 DTXSID40313489 DTXSID30519731 DTXSID20361488 DTXSID80733804 DTXSID30187171 DTXSID60296149 DTXSID50402570 DTXSID20192491 DTXSID40463534 DTXSID20702812
DTXSID10422234	DTXSID30739831 DTXSID60561703 DTXSID40777906 DTXSID60731106 DTXSID60624024 DTXSID80499195 DTXSID40508237 DTXSID70725576 DTXSID90392163 DTXSID50188105 DTXSID50351190 DTXSID10584821 DTXSID70616435 DTXSID00672044 DTXSID10695087 DTXSID40622947 DTXSID80650769 DTXSID00482887 DTXSID50372744 DTXSID80656847
DTXSID20349685	DTXSID50709672 DTXSID50305239 DTXSID10197915 DTXSID30672032 DTXSID30382301 DTXSID70745916 DTXSID30618253 DTXSID20482662 DTXSID90831284 DTXSID50164641 DTXSID60670389 DTXSID70630050 DTXSID80570918 DTXSID50322446 DTXSID20568637 DTXSID20727989 DTXSID00308639 DTXSID20326638 DTXSID30404754 DTXSID80358672
DTXSID50816734	DTXSID60536552 DTXSID20613499 DTXSID00632966 DTXSID10577450 DTXSID60795081 DTXSID70709896 DTXSID30865700 DTXSID30851466 DTXSID40816728 DTXSID00756111 DTXSID90500261 DTXSID10822073 DTXSID70842010 DTXSID00787066 DTXSID40636908 DTXSID00161882 DTXSID30787630 DTXSID90750981 DTXSID50811567 DTXSID80633759
DTXSID20788974	DTXSID20815911 DTXSID90276212 DTXSID1069453 DTXSID60327649 DTXSID60378075 DTXSID70382865 DTXSID50280395 DTXSID20171206 DTXSID90611083 DTXSID60873611 DTXSID1066104 DTXSID70388024 DTXSID30284694 DTXSID80338510 DTXSID80497510 DTXSID00438283 DTXSID70787391 DTXSID20532696 DTXSID60835597 DTXSID60612825
DTXSID20280781	DTXSID70346765 DTXSID70242536 DTXSID40647397 DTXSID60826960 DTXSID20341664 DTXSID30543410 DTXSID20741069 DTXSID70233808 DTXSID50737490 DTXSID10783832 DTXSID30191576 DTXSID80705607 DTXSID30297769 DTXSID40336794 DTXSID50796865 DTXSID00793728 DTXSID80468609 DTXSID80546739 DTXSID10822679 DTXSID90887963
DTXSID80342879	DTXSID50858472 DTXSID1051800 DTXSID50502221 DTXSID60557242 DTXSID90530942 DTXSID70651568 DTXSID50798425 DTXSID10391618 DTXSID50693663 DTXSID10880678 DTXSID50528269 DTXSID80506131 DTXSID7068001 DTXSID70565833 DTXSID50766366 DTXSID60606582 DTXSID90328629 DTXSID80351906 DTXSID70485608 DTXSID80795720
DTXSID80308177	DTXSID40612666 DTXSID90727173 DTXSID40751468 DTXSID30625048 DTXSID70648998 DTXSID80874261 DTXSID40694386 DTXSID10533536 DTXSID30675048 DTXSID90757551 DTXSID40222108 DTXSID60364099 DTXSID20726376 DTXSID50193279 DTXSID10298456 DTXSID70532141 DTXSID30293963 DTXSID50709137 DTXSID70586169 DTXSID60739485
DTXSID50351332	DTXSID60646120 DTXSID30188123 DTXSID10367090 DTXSID00585105 DTXSID90373013 DTXSID30557991 DTXSID10708742 DTXSID30290992 DTXSID90763672 DTXSID60193826 DTXSID70178265 DTXSID40806821 DTXSID90195772 DTXSID90284579 DTXSID30202090 DTXSID00188933 DTXSID10296836 DTXSID40727163 DTXSID1060712 DTXSID60879315
DTXSID20170274	DTXSID70614779 DTXSID50738568 DTXSID20629833 DTXSID00403279 DTXSID90694952 DTXSID20739168 DTXSID90501470 DTXSID70309077 DTXSID10167254 DTXSID00285491 DTXSID50478058 DTXSID00504730 DTXSID20424360 DTXSID50490730 DTXSID90708402 DTXSID30536807 DTXSID70742980 DTXSID40530331 DTXSID80723765 DTXSID70431468
DTXSID50816739	DTXSID90445481 DTXSID80742456 DTXSID60797944 DTXSID40816743 DTXSID90796788 DTXSID10770565 DTXSID00161882 DTXSID00816724 DTXSID30408717 DTXSID40462365 DTXSID60795081 DTXSID70709896 DTXSID60746876 DTXSID20790537 DTXSID30816737 DTXSID20443455 DTXSID40838642 DTXSID60816740 DTXSID70325893 DTXSID60813436
DTXSID90449848	DTXSID60303887 DTXSID30402255 DTXSID40633255 DTXSID70545211 DTXSID8060537 DTXSID70825323 DTXSID80531281 DTXSID40532956 DTXSID00560311 DTXSID80615999 DTXSID10825483 DTXSID60183020 DTXSID90825320 DTXSID60738433 DTXSID70203329 DTXSID20443455 DTXSID10468334 DTXSID00542970 DTXSID20203379 DTXSID70507091
DTXSID20833716	DTXSID10832697 DTXSID50755018 DTXSID30350843 DTXSID90505372 DTXSID10191993 DTXSID30413629 DTXSID70471682 DTXSID20886101 DTXSID60616843 DTXSID90596508 DTXSID60374335 DTXSID60621912 DTXSID10351257 DTXSID40328396 DTXSID30751750 DTXSID40761729 DTXSID50619383 DTXSID70484651 DTXSID20177142 DTXSID0058514
DTXSID50528608	DTXSID80729287 DTXSID50467720 DTXSID40705805 DTXSID60162739 DTXSID90809448 DTXSID00164439 DTXSID60641211 DTXSID40552058 DTXSID2051978 DTXSID50391273 DTXSID00303785 DTXSID00735688 DTXSID5059822 DTXSID90353214 DTXSID70569573 DTXSID00407575 DTXSID00438884 DTXSID60675172 DTXSID80787827 DTXSID30448451
DTXSID20170390	DTXSID50171916 DTXSID10816412 DTXSID80603790 DTXSID70440333 DTXSID50630316 DTXSID30356901 DTXSID60170258 DTXSID20391366 DTXSID90622311 DTXSID20720415 DTXSID50210571 DTXSID50627988 DTXSID80724191 DTXSID30378406 DTXSID70214475 DTXSID70774685 DTXSID40757627 DTXSID80234861 DTXSID50601960 DTXSID30427584
DTXSID00810742	DTXSID30618374 DTXSID20879376 DTXSID30775971 DTXSID50745414 DTXSID90618092 DTXSID30550669 DTXSID90857282 DTXSID80573166 DTXSID10646473 DTXSID40313489 DTXSID20702812 DTXSID60214045 DTXSID10475068 DTXSID50609784 DTXSID90352929 DTXSID60734410 DTXSID50402570 DTXSID00797266 DTXSID10436811 DTXSID80494605
DTXSID80476729	DTXSID80633057 DTXSID30322904 DTXSID20697678 DTXSID30298938 DTXSID90508585 DTXSID50806832 DTXSID70542503 DTXSID20656902 DTXSID30181270 DTXSID20352937 DTXSID40856624 DTXSID20853671 DTXSID80646122 DTXSID20542891 DTXSID90772845 DTXSID10657448 DTXSID10458452 DTXSID80630460 DTXSID20179929 DTXSID30725613
DTXSID90373674	DTXSID60655318 DTXSID80801219 DTXSID80699496 DTXSID90591699 DTXSID50323675 DTXSID80183441 DTXSID70738949 DTXSID90602810 DTXSID30609984 DTXSID10724003 DTXSID70526808 DTXSID50630270 DTXSID50535817 DTXSID10519178 DTXSID00513862 DTXSID90633644 DTXSID30464712 DTXSID60405698 DTXSID40621910 DTXSID20738530
DTXSID00550732	DTXSID60550733 DTXSID2052447 DTXSID20476203 DTXSID00223994 DTXSID20518379 DTXSID50729234 DTXSID0044153 DTXSID70886030 DTXSID30201402 DTXSID90738906 DTXSID80201174 DTXSID40379404 DTXSID80783708 DTXSID80407876 DTXSID30858713 DTXSID0047741 DTXSID60600126 DTXSID40708275 DTXSID20776098 DTXSID50220236
DTXSID00844946	DTXSID80720234 DTXSID30592145 DTXSID40510597 DTXSID70770268 DTXSID10802714 DTXSID40431657 DTXSID90737919 DTXSID00719322 DTXSID40143001 DTXSID90675241 DTXSID30616532 DTXSID40303729 DTXSID00750356 DTXSID80830084 DTXSID50887924 DTXSID50853381 DTXSID1051692 DTXSID00225190 DTXSID30886990 DTXSID50437584
DTXSID20173846	DTXSID60847019 DTXSID10804531 DTXSID10667643 DTXSID80466281 DTXSID50587654 DTXSID00732157 DTXSID00494304 DTXSID40834083 DTXSID80535688 DTXSID50757779 DTXSID10277564 DTXSID90876473 DTXSID80765726 DTXSID90819603 DTXSID40700032 DTXSID60381564 DTXSID40790731 DTXSID80694441 DTXSID8070542 DTXSID40815115
DTXSID20798912	DTXSID00225190 DTXSID10811083 DTXSID80830084 DTXSID50850153 DTXSID50853381 DTXSID00597642 DTXSID20159342 DTXSID30886990 DTXSID00750356 DTXSID90485226 DTXSID40510597 DTXSID00719322 DTXSID10838553 DTXSID40431657 DTXSID90334149 DTXSID40833839 DTXSID70675345 DTXSID40852060 DTXSID10292631 DTXSID00844946
DTXSID40197327	DTXSID40703664 DTXSID70327150 DTXSID80351527 DTXSID70239385 DTXSID3069982 DTXSID60379527 DTXSID60284147 DTXSID20668222 DTXSID50590749 DTXSID30716324 DTXSID40528152 DTXSID20591743 DTXSID80548516 DTXSID10564764 DTXSID10727852 DTXSID50208059 DTXSID30716364 DTXSID60221092 DTXSID00188933 DTXSID60358175
DTXSID5021625	DTXSID80568138 DTXSID10693124 DTXSID80354371 DTXSID80594452 DTXSID60451877 DTXSID30550023 DTXSID00864907 DTXSID80540737 DTXSID70473565 DTXSID60172570 DTXSID80394919 DTXSID60766978 DTXSID70515318 DTXSID90577271 DTXSID30767674 DTXSID40595667 DTXSID90844430 DTXSID30738485 DTXSID80648545 DTXSID40540738
DTXSID20307866	DTXSID70182509 DTXSID60482388 DTXSID40395861 DTXSID90324500 DTXSID00679558 DTXSID60604220 DTXSID80569645 DTXSID90501531 DTXSID20495555 DTXSID50500126 DTXSID60417812 DTXSID70333175 DTXSID40324499 DTXSID50460438 DTXSID90499429 DTXSID10439620 DTXSID30709812 DTXSID00445639 DTXSID70167255 DTXSID50677665
DTXSID10677181	DTXSID70317990 DTXSID80211511 DTXSID80752378 DTXSID00236246 DTXSID00276107 DTXSID30694012 DTXSID70669921 DTXSID80768252 DTXSID8070960 DTXSID40210747 DTXSID40880500 DTXSID80237610 DTXSID30158189 DTXSID20887799 DTXSID10637361 DTXSID60418021 DTXSID60191488 DTXSID00707845 DTXSID40880989 DTXSID50828832
DTXSID60805533	DTXSID00176032 DTXSID10634274 DTXSID50147050 DTXSID80712154 DTXSID70150627 DTXSID00657073 DTXSID00290363 DTXSID00474121 DTXSID00204985 DTXSID70548989 DTXSID10425129 DTXSID60785200 DTXSID70846715 DTXSID20811357 DTXSID80612887 DTXSID20499770 DTXSID20875878 DTXSID10541414 DTXSID00304196 DTXSID60495337
DTXSID90236053	DTXSID80593384 DTXSID00371126 DTXSID90214997 DTXSID50419789 DTXSID70564109 DTXSID20608365 DTXSID30485745 DTXSID30593490 DTXSID60466481 DTXSID00600882 DTXSID80415456 DTXSID30310881 DTXSID30524966 DTXSID50736064 DTXSID10808695 DTXSID60857299 DTXSID50335096 DTXSID00678940 DTXSID90343054 DTXSID50798788
DTXSID80158139	DTXSID30375718 DTXSID00635871 DTXSID40663259 DTXSID10614374 DTXSID80364511 DTXSID20318553 DTXSID90670418 DTXSID50597137 DTXSID90437447 DTXSID10705317 DTXSID00349547 DTXSID5067392 DTXSID70554161 DTXSID50190425 DTXSID10815440 DTXSID50768289 DTXSID70646373 DTXSID50369997 DTXSID70879705 DTXSID70172723
DTXSID20171206	DTXSID90611083 DTXSID50280395 DTXSID60873611 DTXSID20815911 DTXSID20532696 DTXSID90276212 DTXSID60327649 DTXSID80338510 DTXSID60612825 DTXSID20788974 DTXSID10729917 DTXSID60184956 DTXSID70388024 DTXSID30789412 DTXSID70153153 DTXSID00529488 DTXSID60835597 DTXSID60378075 DTXSID30873623 DTXSID70382865
DTXSID00162071	DTXSID50524827 DTXSID30402492 DTXSID50277442 DTXSID50651006 DTXSID90166301 DTXSID90553656 DTXSID70874098 DTXSID60172570 DTXSID60540114 DTXSID20340490 DTXSID30550023 DTXSID80554157 DTXSID90453768 DTXSID20516815 DTXSID60766978 DTXSID40356538 DTXSID90696310 DTXSID20145200 DTXSID40398958 DTXSID50528446
DTXSID60746876	DTXSID60816740 DTXSID80615474 DTXSID00816724 DTXSID90825320 DTXSID30816737 DTXSID00816744 DTXSID40816743 DTXSID40767706 DTXSID60797944 DTXSID10825483 DTXSID90445481 DTXSID50816739 DTXSID20443455 DTXSID20790537 DTXSID80742456 DTXSID60340757 DTXSID60149080 DTXSID70477528 DTXSID70545211 DTXSID8060537
DTXSID30394525	DTXSID80615616 DTXSID70789032 DTXSID00550772 DTXSID2037714 DTXSID90339518 DTXSID10334005 DTXSID90223322 DTXSID10580808 DTXSID40343786 DTXSID20478080 DTXSID70675643 DTXSID10525618 DTXSID70571818 DTXSID00334771 DTXSID80340113 DTXSID90294037 DTXSID00635816 DTXSID30510329 DTXSID20342651 DTXSID4052051
DTXSID30544482	DTXSID40852686 DTXSID60560913 DTXSID00355800 DTXSID70582368 DTXSID80463679 DTXSID70652898 DTXSID90473103 DTXSID00727482 DTXSID50624255 DTXSID10556407 DTXSID90390240 DTXSID6033241 DTXSID40192433 DTXSID80238142 DTXSID10539896 DTXSID90369390 DTXSID20509580 DTXSID00839978 DTXSID40210247 DTXSID20466467
DTXSID20818129	DTXSID40338031 DTXSID50718906 DTXSID40718915 DTXSID60818128 DTXSID50771354 DTXSID90423986 DTXSID40767246 DTXSID70880614 DTXSID70477361 DTXSID50718047 DTXSID20801632 DTXSID60768018 DTXSID50404352 DTXSID00402808 DTXSID60388215 DTXSID20230322 DTXSID60615952 DTXSID80766536 DTXSID80437850 DTXSID10338028
DTXSID90592505	DTXSID90688538 DTXSID00679770 DTXSID20663414 DTXSID80407659 DTXSID60424460 DTXSID20431438 DTXSID50398949 DTXSID90453389 DTXSID20483593 DTXSID30595075 DTXSID40623494 DTXSID60503325 DTXSID80766172 DTXSID00766437 DTXSID40621798 DTXSID1063435 DTXSID80496402 DTXSID70513637 DTXSID10879320 DTXSID80670922
DTXSID10615447	DTXSID80733465 DTXSID4041232 DTXSID50862599 DTXSID50761013 DTXSID20740698 DTXSID50365777 DTXSID90825880 DTXSID20642042 DTXSID5066089 DTXSID10853165 DTXSID4059540 DTXSID10864690 DTXSID50703291 DTXSID10145133 DTXSID30850116 DTXSID10721299 DTXSID90595036 DTXSID80399161 DTXSID30435361 DTXSID00203059
DTXSID40309645	DTXSID50518761 DTXSID10291689 DTXSID10349912 DTXSID50290232 DTXSID20831939 DTXSID30400852 DTXSID30482714 DTXSID30616294 DTXSID40664842 DTXSID40278382 DTXSID90808375 DTXSID40230809 DTXSID40660980 DTXSID60703924 DTXSID10734102 DTXSID50549550 DTXSID00768471 DTXSID90303658 DTXSID30818135 DTXSID30489420
DTXSID70357679	DTXSID20351228 DTXSID30668051 DTXSID60501705 DTXSID00721127 DTXSID60444502 DTXSID50599959 DTXSID10380986 DTXSID90175716 DTXSID90489587 DTXSID30600355 DTXSID70629489 DTXSID80744470 DTXSID50427622 DTXSID70315976 DTXSID50695324 DTXSID70190700 DTXSID80354750 DTXSID20817016 DTXSID50312908 DTXSID50358169
DTXSID10651542	DTXSID40696461 DTXSID0073291 DTXSID70837562 DTXSID40280980 DTXSID40633972 DTXSID10277524 DTXSID90802010 DTXSID50304449 DTXSID90784882 DTXSID90370522 DTXSID20867834 DTXSID00196518 DTXSID50640834 DTXSID20679136 DTXSID00508096 DTXSID90325153 DTXSID50569319 DTXSID00183887 DTXSID80851239 DTXSID70399413
DTXSID10771451	DTXSID20346750 DTXSID90755850 DTXSID70822857 DTXSID5070602 DTXSID80853814 DTXSID90599953 DTXSID10339095 DTXSID50804111 DTXSID30393871 DTXSID10784248 DTXSID50796865 DTXSID60515882 DTXSID90887963 DTXSID40336794 DTXSID40887796 DTXSID30191576 DTXSID70241241 DTXSID60826960 DTXSID70785392 DTXSID00432064
DTXSID30542968	DTXSID50637522 DTXSID60281959 DTXSID50874359 DTXSID90319355 DTXSID50451245 DTXSID30234871 DTXSID00772053 DTXSID10491920 DTXSID80162392 DTXSID80516331 DTXSID4051740 DTXSID00872860 DTXSID30473081 DTXSID20471031 DTXSID90529871 DTXSID90499202 DTXSID20435658 DTXSID80585325 DTXSID60501402 DTXSID40694346
DTXSID90291501	DTXSID00652780 DTXSID70849923 DTXSID00171840 DTXSID4047541 DTXSID90759515 DTXSID10443666 DTXSID20627495 DTXSID00202365 DTXSID00445639 DTXSID70167255 DTXSID50562800 DTXSID50460438 DTXSID90707415 DTXSID10214196 DTXSID50343292 DTXSID20200787 DTXSID20241751 DTXSID90499429 DTXSID40339083 DTXSID60697410
DTXSID40415917	DTXSID60707361 DTXSID20324518 DTXSID50596746 DTXSID50274133 DTXSID50604173 DTXSID3068592 DTXSID30306426 DTXSID70478257 DTXSID10280790 DTXSID20372933 DTXSID60615215 DTXSID80457932 DTXSID80373744 DTXSID20857154 DTXSID40832084 DTXSID10749579 DTXSID8024787 DTXSID10340949 DTXSID80686346 DTXSID70651068
DTXSID80224782	DTXSID10626018 DTXSID40311142 DTXSID90663466 DTXSID10361513 DTXSID50392285 DTXSID10609765 DTXSID20216666 DTXSID20599022 DTXSID00515240 DTXSID00488824 DTXSID40509623 DTXSID50776829 DTXSID70494230 DTXSID10399659 DTXSID30572083 DTXSID30173276 DTXSID60233812 DTXSID60388210 DTXSID30857029 DTXSID20589302
DTXSID20445797	DTXSID80288283 DTXSID90675064 DTXSID10672873 DTXSID3066267 DTXSID20394317 DTXSID20726376 DTXSID80296964 DTXSID50747579 DTXSID30842718 DTXSID30675048 DTXSID00731322 DTXSID90706185 DTXSID10426095 DTXSID30293963 DTXSID70648998 DTXSID80825970 DTXSID40612666 DTXSID40751468 DTXSID00681696 DTXSID60432929
DTXSID90205587	DTXSID70668075 DTXSID7023194 DTXSID70283222 DTXSID10491980 DTXSID90405585 DTXSID40357580 DTXSID70174964 DTXSID60803872 DTXSID20417959 DTXSID10494193 DTXSID00854560 DTXSID10169758 DTXSID80879397 DTXSID60598918 DTXSID20540610 DTXSID10441041 DTXSID40183785 DTXSID20307184 DTXSID80395860 DTXSID7041625
DTXSID70309077	DTXSID90501470 DTXSID70742980 DTXSID50490730 DTXSID70431468 DTXSID50738568 DTXSID20739168 DTXSID90843903 DTXSID90708402 DTXSID20170274 DTXSID90694952 DTXSID00436880 DTXSID00504730 DTXSID70614779 DTXSID00440826 DTXSID10361270 DTXSID20603496 DTXSID90509411 DTXSID90810493 DTXSID70506822 DTXSID50478058
DTXSID10528447	DTXSID70849443 DTXSID30667261 DTXSID50215283 DTXSID40398958 DTXSID9022237 DTXSID40361622 DTXSID10311699 DTXSID10144383 DTXSID10588026 DTXSID60533122 DTXSID40833733 DTXSID10428534 DTXSID20633798 DTXSID40540738 DTXSID10239804 DTXSID00667591 DTXSID10829527 DTXSID50651006 DTXSID60635918 DTXSID90529396
DTXSID60669213	DTXSID40454942 DTXSID80549528 DTXSID90540400 DTXSID90152749 DTXSID80570918 DTXSID00700114 DTXSID30631402 DTXSID00174816 DTXSID50170540 DTXSID20727989 DTXSID90622492 DTXSID60427855 DTXSID20568637 DTXSID90462572 DTXSID00287793 DTXSID2047016 DTXSID30382301 DTXSID60618160 DTXSID20212022 DTXSID20356697
DTXSID00234146	DTXSID50507599 DTXSID10511157 DTXSID40845013 DTXSID60242747 DTXSID90763152 DTXSID70797955 DTXSID20797061 DTXSID60775681 DTXSID10872659 DTXSID40613991 DTXSID60780199 DTXSID40873937 DTXSID20755202 DTXSID80274202 DTXSID60872285 DTXSID00829132 DTXSID60276143 DTXSID10764146 DTXSID0067503 DTXSID60816366
DTXSID90527559	DTXSID00893454 DTXSID20529607 DTXSID9073676 DTXSID90615384 DTXSID60235114 DTXSID10547911 DTXSID00431279 DTXSID80349702 DTXSID60896421 DTXSID20896422 DTXSID30896559 DTXSID20234486 DTXSID70896391 DTXSID80896423 DTXSID60567341 DTXSID90526002 DTXSID80700652 DTXSID00734131 DTXSID20476506 DTXSID30823663
DTXSID30848472	DTXSID10484650 DTXSID80293251 DTXSID70548767 DTXSID60527804 DTXSID90477242 DTXSID80744157 DTXSID60444729 DTXSID40829772 DTXSID50601243 DTXSID90281785 DTXSID2046836 DTXSID70737937 DTXSID10700589 DTXSID90680572 DTXSID60848460 DTXSID20640624 DTXSID70660978 DTXSID20641272 DTXSID60757684 DTXSID90559057
DTXSID30344949	DTXSID70593176 DTXSID90621465 DTXSID30278654 DTXSID00633478 DTXSID3061552 DTXSID70799434 DTXSID40508111 DTXSID30544588 DTXSID00423654 DTXSID60336195 DTXSID90346141 DTXSID40397668 DTXSID10518868 DTXSID10525310 DTXSID40405939 DTXSID60232421 DTXSID30306209 DTXSID00391061 DTXSID90711198 DTXSID80464368
DTXSID70393719	DTXSID20198655 DTXSID30676414 DTXSID40508272 DTXSID00712313 DTXSID00680048 DTXSID00186176 DTXSID40532698 DTXSID70212037 DTXSID50709137 DTXSID40161482 DTXSID10294599 DTXSID90182107 DTXSID10784768 DTXSID60524575 DTXSID60739485 DTXSID60188272 DTXSID40756958 DTXSID80699299 DTXSID30625048 DTXSID50193279
DTXSID30544588	DTXSID3061552 DTXSID60336195 DTXSID5072486 DTXSID70438497 DTXSID90711198 DTXSID60488421 DTXSID30405908 DTXSID10525310 DTXSID30344949 DTXSID10518868 DTXSID10442659 DTXSID70709538 DTXSID90621465 DTXSID40551526 DTXSID70593176 DTXSID70799434 DTXSID00423654 DTXSID30278654 DTXSID00633478 DTXSID30572765
DTXSID80341241	DTXSID60572394 DTXSID50152846 DTXSID40574457 DTXSID30650890 DTXSID30399353 DTXSID30652778 DTXSID90278559 DTXSID40435251 DTXSID20771280 DTXSID80835635 DTXSID90788825 DTXSID20213736 DTXSID60653339 DTXSID80199320 DTXSID60144510 DTXSID60439599 DTXSID50402671 DTXSID90513437 DTXSID50846970 DTXSID20806980
DTXSID00307829	DTXSID50210773 DTXSID90321852 DTXSID80198656 DTXSID20167427 DTXSID60682265 DTXSID20612381 DTXSID90565613 DTXSID40734110 DTXSID60486664 DTXSID60457071 DTXSID50346667 DTXSID3075335 DTXSID60866760 DTXSID10766741 DTXSID90284832 DTXSID4034817 DTXSID40525565 DTXSID10672217 DTXSID00658368 DTXSID40337105
DTXSID20415899	DTXSID10605303 DTXSID80843614 DTXSID00341061 DTXSID50670136 DTXSID50445684 DTXSID40755587 DTXSID60787224 DTXSID00701489 DTXSID30780585 DTXSID80652167 DTXSID80509162 DTXSID70453488 DTXSID40480100 DTXSID00829036 DTXSID5066748 DTXSID60718134 DTXSID10708267 DTXSID60855957 DTXSID30606231 DTXSID20306137
DTXSID60204461	DTXSID20671211 DTXSID50613285 DTXSID00632204 DTXSID00856726 DTXSID30531958 DTXSID40456507 DTXSID10462918 DTXSID90346863 DTXSID1069952 DTXSID00498387 DTXSID10215002 DTXSID5052626 DTXSID20626403 DTXSID80772011 DTXSID90409028 DTXSID00192999 DTXSID60772736 DTXSID30364541 DTXSID00490346 DTXSID90401582
DTXSID50767838	DTXSID50782980 DTXSID30710786 DTXSID20181421 DTXSID10699585 DTXSID90759777 DTXSID20242945 DTXSID60872285 DTXSID10824153 DTXSID30147033 DTXSID10767839 DTXSID20544754 DTXSID20755202 DTXSID10886074 DTXSID00752951 DTXSID10202674 DTXSID30429503 DTXSID70450674 DTXSID40417799 DTXSID80761743 DTXSID60822902
DTXSID80601635	DTXSID80331586 DTXSID30772566 DTXSID60478428 DTXSID0046513 DTXSID50552443 DTXSID90443907 DTXSID40194710 DTXSID60794897 DTXSID20806607 DTXSID90780526 DTXSID80275835 DTXSID50757335 DTXSID70592886 DTXSID40601636 DTXSID70399014 DTXSID10757336 DTXSID80814501 DTXSID70394423 DTXSID90539798 DTXSID20837451
DTXSID30777990	DTXSID00604441 DTXSID60885395 DTXSID80323385 DTXSID80600986 DTXSID80503842 DTXSID30481989 DTXSID10532468 DTXSID00606642 DTXSID30813044 DTXSID80713888 DTXSID30209347 DTXSID60228324 DTXSID10528048 DTXSID70281485 DTXSID40310256 DTXSID40745100 DTXSID60790258 DTXSID60667577 DTXSID40432846 DTXSID10175430
DTXSID10334005	DTXSID70789032 DTXSID10580808 DTXSID80615616 DTXSID70675643 DTXSID30510329 DTXSID30394525 DTXSID70571818 DTXSID00635816 DTXSID10525618 DTXSID00550772 DTXSID90359377 DTXSID90339518 DTXSID2037714 DTXSID80808208 DTXSID80478086 DTXSID10528402 DTXSID40819592 DTXSID50483425 DTXSID40343786 DTXSID90562960
DTXSID90342643	DTXSID60502116 DTXSID30445344 DTXSID60297232 DTXSID60813572 DTXSID30321477 DTXSID70794808 DTXSID90510688 DTXSID90154602 DTXSID90657446 DTXSID20681875 DTXSID40659632 DTXSID50595274 DTXSID90349995 DTXSID80384411 DTXSID30415688 DTXSID00216765 DTXSID30202378 DTXSID90834472 DTXSID00896142 DTXSID60602903
DTXSID70282073	DTXSID20409415 DTXSID50342886 DTXSID70236692 DTXSID20892085 DTXSID70774685 DTXSID10634416 DTXSID00188155 DTXSID70440333 DTXSID30369516 DTXSID30378406 DTXSID10555314 DTXSID00285491 DTXSID10167254 DTXSID90232353 DTXSID80603790 DTXSID50478058 DTXSID80723765 DTXSID50491545 DTXSID50210571 DTXSID20322579
DTXSID20724312	DTXSID60657655 DTXSID80435174 DTXSID6070431 DTXSID60827836 DTXSID20373501 DTXSID40847931 DTXSID30196965 DTXSID60277236 DTXSID30707171 DTXSID7072040 DTXSID80761743 DTXSID10166560 DTXSID20199061 DTXSID3064437 DTXSID80847470 DTXSID10758949 DTXSID7062829 DTXSID90801740 DTXSID10824153 DTXSID70891942
DTXSID40392951	DTXSID50188302 DTXSID30332861 DTXSID20212729 DTXSID60428307 DTXSID20342752 DTXSID90145474 DTXSID40682127 DTXSID30870975 DTXSID40693334 DTXSID3061920 DTXSID80543061 DTXSID90556965 DTXSID60519360 DTXSID50497966 DTXSID50505358 DTXSID00534895 DTXSID70682094 DTXSID50698456 DTXSID60697410 DTXSID40615793
DTXSID00829036	DTXSID70453488 DTXSID60855957 DTXSID80652167 DTXSID60787224 DTXSID80611193 DTXSID50181954 DTXSID60718134 DTXSID30758224 DTXSID20306137 DTXSID80436641 DTXSID90317432 DTXSID40828184 DTXSID70367879 DTXSID50445684 DTXSID20415899 DTXSID50368642 DTXSID10605303 DTXSID70157833 DTXSID70589332 DTXSID10737693
DTXSID90749597	DTXSID50590188 DTXSID40845472 DTXSID60471338 DTXSID60562356 DTXSID40427651 DTXSID60187922 DTXSID20452729 DTXSID20759801 DTXSID80437991 DTXSID40856366 DTXSID40530477 DTXSID70326108 DTXSID00484725 DTXSID60590477 DTXSID60467599 DTXSID20348830 DTXSID00663871 DTXSID60500859 DTXSID90605508 DTXSID40652067
DTXSID60671492	DTXSID1068229 DTXSID90388046 DTXSID90326600 DTXSID80782413 DTXSID90734347 DTXSID10439589 DTXSID60813077 DTXSID30511452 DTXSID80771185 DTXSID00725605 DTXSID20496764 DTXSID70664895 DTXSID40459098 DTXSID40504491 DTXSID60645870 DTXSID70876537 DTXSID20482041 DTXSID70708324 DTXSID50520026 DTXSID20477912
DTXSID60294322	DTXSID50660118 DTXSID60159886 DTXSID90832034 DTXSID80789447 DTXSID70676711 DTXSID70193337 DTXSID40638942 DTXSID90475203 DTXSID30705071 DTXSID20239537 DTXSID80444665 DTXSID20184699 DTXSID60239536 DTXSID30580148 DTXSID20581402 DTXSID50354888 DTXSID90731876 DTXSID40452180 DTXSID20522552 DTXSID20566037
DTXSID10532468	DTXSID00606642 DTXSID80600986 DTXSID20732412 DTXSID40745100 DTXSID40310256 DTXSID60790258 DTXSID60424420 DTXSID80713888 DTXSID80734013 DTXSID30777990 DTXSID00604441 DTXSID80323385 DTXSID70281485 DTXSID90177215 DTXSID90209803 DTXSID00510836 DTXSID10528048 DTXSID20517180 DTXSID80374337 DTXSID60667577
DTXSID1060712	DTXSID90474094 DTXSID20429673 DTXSID60733408 DTXSID30557991 DTXSID10174948 DTXSID30290992 DTXSID90763672 DTXSID50396228 DTXSID10296836 DTXSID00188933 DTXSID40727163 DTXSID30419742 DTXSID60221092 DTXSID10851404 DTXSID50351332 DTXSID60358175 DTXSID10367090 DTXSID20591743 DTXSID80601918 DTXSID30188123
DTXSID00825275	DTXSID20238166 DTXSID80375586 DTXSID40345927 DTXSID40571527 DTXSID90640611 DTXSID30378209 DTXSID30303157 DTXSID20677995 DTXSID70337855 DTXSID60739460 DTXSID50487988 DTXSID60535000 DTXSID10398581 DTXSID10344528 DTXSID60175440 DTXSID80597261 DTXSID50473568 DTXSID10210118 DTXSID10283726 DTXSID1047071
DTXSID70578327	DTXSID20424360 DTXSID30536807 DTXSID00504730 DTXSID50197510 DTXSID90509411 DTXSID10436856 DTXSID30586246 DTXSID50738568 DTXSID40846969 DTXSID80752176 DTXSID80757646 DTXSID20352992 DTXSID00192772 DTXSID70408195 DTXSID70614779 DTXSID20629833 DTXSID30176388 DTXSID00739949 DTXSID50490730 DTXSID20170274
DTXSID60567341	DTXSID00431279 DTXSID00734131 DTXSID80549962 DTXSID20896422 DTXSID30896559 DTXSID60235114 DTXSID80645236 DTXSID50300204 DTXSID90615384 DTXSID00893454 DTXSID80380630 DTXSID80896423 DTXSID10547911 DTXSID70615746 DTXSID20529607 DTXSID20145164 DTXSID20655571 DTXSID20296241 DTXSID00451331 DTXSID20896184
DTXSID80786658	DTXSID00781261 DTXSID90213687 DTXSID40386395 DTXSID70858070 DTXSID70342626 DTXSID60651118 DTXSID10448414 DTXSID70282538 DTXSID80440703 DTXSID00441171 DTXSID80517949 DTXSID10698513 DTXSID50473503 DTXSID10842978 DTXSID50462639 DTXSID10529858 DTXSID40826463 DTXSID40625731 DTXSID10568641 DTXSID20615493
DTXSID30175038	DTXSID80817057 DTXSID00465372 DTXSID40368631 DTXSID80523868 DTXSID10565357 DTXSID70513152 DTXSID50178682 DTXSID10426696 DTXSID00472844 DTXSID60597663 DTXSID00294381 DTXSID40325007 DTXSID40598698 DTXSID30289801 DTXSID30618435 DTXSID60333760 DTXSID10744428 DTXSID30452679 DTXSID50172963 DTXSID40319825
DTXSID50879743	DTXSID9058155 DTXSID20785226 DTXSID10463324 DTXSID60603455 DTXSID00323564 DTXSID20707923 DTXSID80704312 DTXSID90343534 DTXSID30344888 DTXSID40279773 DTXSID3044592 DTXSID30367673 DTXSID40456163 DTXSID20636340 DTXSID40803118 DTXSID90439183 DTXSID30290316 DTXSID30460577 DTXSID90320648 DTXSID90279162
DTXSID20465778	DTXSID30806976 DTXSID80561866 DTXSID00447830 DTXSID70186380 DTXSID60172090 DTXSID4059251 DTXSID10223829 DTXSID10455688 DTXSID90767216 DTXSID80278381 DTXSID50315232 DTXSID70397414 DTXSID90516105 DTXSID30759337 DTXSID10876652 DTXSID00431456 DTXSID10558300 DTXSID10672419 DTXSID30504920 DTXSID40174976
DTXSID70327438	DTXSID30772304 DTXSID50739176 DTXSID60227594 DTXSID20222681 DTXSID70559595 DTXSID70412616 DTXSID90585659 DTXSID70433149 DTXSID90425687 DTXSID50857460 DTXSID10542067 DTXSID90847724 DTXSID50613806 DTXSID30630197 DTXSID40856624 DTXSID40883091 DTXSID60749685 DTXSID20542891 DTXSID10182583 DTXSID50400233
DTXSID70805963	DTXSID10178941 DTXSID00321702 DTXSID90286755 DTXSID50491904 DTXSID50450490 DTXSID80205258 DTXSID80435412 DTXSID10309314 DTXSID80819470 DTXSID40487235 DTXSID7029372 DTXSID70678311 DTXSID3073719 DTXSID10574121 DTXSID40753407 DTXSID00829995 DTXSID20818982 DTXSID60341603 DTXSID10327533 DTXSID70531472
DTXSID90591699	DTXSID10519178 DTXSID50825200 DTXSID40621910 DTXSID90373674 DTXSID80183441 DTXSID70738949 DTXSID80431818 DTXSID60626947 DTXSID10505874 DTXSID20503104 DTXSID70526808 DTXSID50220892 DTXSID60357421 DTXSID90602810 DTXSID70445949 DTXSID30468391 DTXSID00711265 DTXSID30609984 DTXSID20661056 DTXSID60655318
DTXSID60358791	DTXSID70239542 DTXSID40562536 DTXSID00653257 DTXSID50625161 DTXSID20162952 DTXSID20355044 DTXSID00526659 DTXSID50581773 DTXSID70856415 DTXSID90725351 DTXSID80169381 DTXSID50170126 DTXSID30280217 DTXSID10653849 DTXSID50145874 DTXSID30223841 DTXSID10618170 DTXSID70171099 DTXSID40334412 DTXSID50627165
DTXSID20172399	DTXSID80658548 DTXSID60815738 DTXSID10177015 DTXSID90148864 DTXSID50797539 DTXSID60844023 DTXSID90809145 DTXSID0073110 DTXSID90443846 DTXSID60240940 DTXSID60790692 DTXSID00454781 DTXSID60798678 DTXSID40840048 DTXSID80851471 DTXSID00541968 DTXSID40144795 DTXSID40455535 DTXSID00470865 DTXSID40208886
DTXSID00806822	DTXSID20705222 DTXSID00876626 DTXSID70784229 DTXSID30727910 DTXSID90625963 DTXSID00566611 DTXSID00672786 DTXSID30799096 DTXSID10296836 DTXSID40295776 DTXSID10586542 DTXSID50236892 DTXSID10536082 DTXSID60879315 DTXSID30290992 DTXSID50396228 DTXSID00703665 DTXSID40841515 DTXSID00659436 DTXSID00826525
DTXSID30856658	DTXSID60477951 DTXSID00241638 DTXSID10851404 DTXSID30529310 DTXSID80601918 DTXSID10642071 DTXSID90382428 DTXSID10181718 DTXSID90164963 DTXSID90571239 DTXSID50624477 DTXSID40634126 DTXSID50396228 DTXSID30727910 DTXSID00566611 DTXSID40841515 DTXSID20429673 DTXSID50236892 DTXSID70403367 DTXSID90474094
DTXSID70195316	DTXSID90602714 DTXSID60328237 DTXSID40484168 DTXSID90853663 DTXSID10756521 DTXSID70297561 DTXSID3048316 DTXSID00386558 DTXSID10185079 DTXSID2073720 DTXSID70224791 DTXSID80384572 DTXSID10667562 DTXSID90310140 DTXSID40295377 DTXSID40891611 DTXSID6046264 DTXSID20345869 DTXSID60642223 DTXSID40530558
DTXSID80317547	DTXSID10466491 DTXSID80444665 DTXSID00463292 DTXSID90376448 DTXSID70676711 DTXSID20239537 DTXSID80896685 DTXSID60777408 DTXSID2061480 DTXSID50610633 DTXSID40452180 DTXSID60239536 DTXSID20163247 DTXSID70655208 DTXSID60159886 DTXSID20522552 DTXSID40638942 DTXSID80875894 DTXSID50510164 DTXSID60294322
DTXSID50366168	DTXSID50214857 DTXSID30223629 DTXSID70326042 DTXSID00681999 DTXSID10224533 DTXSID90597717 DTXSID70344408 DTXSID8060610 DTXSID80613192 DTXSID60187083 DTXSID70300064 DTXSID80656180 DTXSID90840538 DTXSID20384834 DTXSID30176383 DTXSID10840459 DTXSID80597680 DTXSID00165183 DTXSID40681458 DTXSID20325065
DTXSID90437669	DTXSID50576301 DTXSID80708456 DTXSID20240441 DTXSID70775273 DTXSID00543068 DTXSID60769626 DTXSID80444544 DTXSID50775251 DTXSID10711458 DTXSID50858831 DTXSID50753675 DTXSID30336546 DTXSID20735842 DTXSID00331427 DTXSID50708483 DTXSID90404977 DTXSID10712521 DTXSID70236576 DTXSID80781542 DTXSID30170922
DTXSID40615374	DTXSID40629911 DTXSID4025903 DTXSID20879053 DTXSID30305550 DTXSID90559693 DTXSID70382567 DTXSID00199842 DTXSID10379411 DTXSID90694957 DTXSID50453587 DTXSID30676873 DTXSID70560101 DTXSID10402258 DTXSID00701106 DTXSID30671904 DTXSID20477518 DTXSID80475919 DTXSID80404406 DTXSID20610786 DTXSID90292093
DTXSID20880720	DTXSID70527512 DTXSID00366512 DTXSID30195034 DTXSID90526623 DTXSID10525618 DTXSID70874477 DTXSID90447248 DTXSID70571818 DTXSID50483425 DTXSID10580808 DTXSID60764510 DTXSID10436654 DTXSID20580571 DTXSID10307355 DTXSID80284725 DTXSID70580809 DTXSID30739033 DTXSID80715221 DTXSID10594844 DTXSID70675643
DTXSID70158284	DTXSID50568201 DTXSID40378694 DTXSID60402369 DTXSID40724415 DTXSID10569931 DTXSID90238799 DTXSID00805870 DTXSID10489948 DTXSID70594865 DTXSID60820125 DTXSID00323882 DTXSID50560684 DTXSID60636561 DTXSID80696829 DTXSID80660101 DTXSID20803419 DTXSID20479512 DTXSID50363339 DTXSID30589813 DTXSID00553187
DTXSID70506822	DTXSID20603496 DTXSID20790592 DTXSID00436880 DTXSID80450049 DTXSID30678498 DTXSID60833316 DTXSID90509411 DTXSID50397735 DTXSID70742980 DTXSID90620534 DTXSID50490730 DTXSID10361270 DTXSID20352992 DTXSID70309077 DTXSID00440826 DTXSID80438903 DTXSID90501470 DTXSID50708403 DTXSID00504730 DTXSID00513140
DTXSID40656126	DTXSID10653687 DTXSID90647988 DTXSID80295533 DTXSID20590599 DTXSID90406890 DTXSID70569452 DTXSID90672275 DTXSID40571168 DTXSID70590584 DTXSID30488256 DTXSID80385004 DTXSID90300187 DTXSID90831284 DTXSID30404754 DTXSID20326638 DTXSID50518509 DTXSID30672032 DTXSID00501648 DTXSID70745916 DTXSID60663554
DTXSID30821189	DTXSID8070417 DTXSID90591033 DTXSID80891978 DTXSID70781576 DTXSID40828008 DTXSID60146670 DTXSID0075027 DTXSID80708279 DTXSID30707813 DTXSID40501107 DTXSID90706463 DTXSID40220346 DTXSID30763535 DTXSID40705946 DTXSID80853470 DTXSID50774446 DTXSID00853295 DTXSID90298272 DTXSID00301524 DTXSID90554224
DTXSID30157793	DTXSID40545687 DTXSID50368647 DTXSID10650333 DTXSID50509235 DTXSID60816780 DTXSID50680477 DTXSID60876066 DTXSID20514831 DTXSID80883717 DTXSID40712115 DTXSID50541579 DTXSID70588345 DTXSID90440991 DTXSID70355317 DTXSID20306314 DTXSID20455836 DTXSID50368960 DTXSID10285503 DTXSID40818449 DTXSID60288680
DTXSID10646857	DTXSID90676738 DTXSID40349703 DTXSID10181056 DTXSID30397253 DTXSID40513705 DTXSID20423292 DTXSID10650979 DTXSID20187983 DTXSID50352561 DTXSID10770409 DTXSID80589606 DTXSID40623939 DTXSID10727791 DTXSID10408598 DTXSID20303686 DTXSID00513665 DTXSID30837109 DTXSID20813492 DTXSID50561535 DTXSID20324558
DTXSID30627507	DTXSID60640800 DTXSID20380033 DTXSID70513854 DTXSID20445999 DTXSID70826239 DTXSID70734123 DTXSID50846970 DTXSID90788825 DTXSID30588169 DTXSID40697812 DTXSID00758317 DTXSID30418073 DTXSID20403231 DTXSID50799997 DTXSID50335233 DTXSID20336196 DTXSID40697155 DTXSID60405779 DTXSID40574457 DTXSID10170304
DTXSID5066748	DTXSID00701489 DTXSID10708267 DTXSID9068742 DTXSID00571028 DTXSID80843614 DTXSID70400336 DTXSID20314595 DTXSID70712704 DTXSID40755587 DTXSID20415899 DTXSID30828991 DTXSID10605303 DTXSID50670136 DTXSID00341061 DTXSID40480100 DTXSID30606231 DTXSID80509162 DTXSID40421230 DTXSID80346776 DTXSID50445684
DTXSID30616810	DTXSID80588412 DTXSID60495352 DTXSID90156141 DTXSID00571407 DTXSID90228155 DTXSID30778189 DTXSID70401363 DTXSID10865142 DTXSID60369660 DTXSID00609077 DTXSID30787852 DTXSID60640062 DTXSID90799638 DTXSID50436431 DTXSID70876658 DTXSID20293093 DTXSID30788642 DTXSID80629490 DTXSID20548313 DTXSID70332567
DTXSID50602750	DTXSID40781189 DTXSID00710011 DTXSID20576136 DTXSID90438530 DTXSID70148105 DTXSID00393727 DTXSID60885815 DTXSID20236506 DTXSID20299454 DTXSID80727804 DTXSID60646468 DTXSID30745058 DTXSID90676839 DTXSID40508893 DTXSID20352715 DTXSID00383582 DTXSID20661910 DTXSID70579192 DTXSID10668655 DTXSID20346371
DTXSID90224076	DTXSID40791602 DTXSID40401158 DTXSID80456122 DTXSID60648740 DTXSID20852583 DTXSID20578493 DTXSID90819507 DTXSID20612189 DTXSID30323890 DTXSID40319603 DTXSID40465871 DTXSID00878988 DTXSID40555903 DTXSID10820953 DTXSID30525099 DTXSID40340250 DTXSID30303394 DTXSID00801599 DTXSID00576694 DTXSID20676827
DTXSID50396228	DTXSID20429673 DTXSID10851404 DTXSID40841515 DTXSID10296836 DTXSID50236892 DTXSID90474094 DTXSID30290992 DTXSID1060712 DTXSID30727910 DTXSID90382428 DTXSID00566611 DTXSID70784229 DTXSID60477951 DTXSID90625963 DTXSID80601918 DTXSID40727163 DTXSID20705222 DTXSID00806822 DTXSID30557991 DTXSID30856658
DTXSID80873118	DTXSID10797611 DTXSID30316929 DTXSID70842010 DTXSID00787066 DTXSID40776631 DTXSID50811567 DTXSID40636908 DTXSID60850189 DTXSID90773276 DTXSID90638174 DTXSID10280770 DTXSID90444555 DTXSID30528282 DTXSID40771787 DTXSID80789543 DTXSID30433605 DTXSID60536552 DTXSID30451107 DTXSID60816720 DTXSID40813393
DTXSID50582785	DTXSID40393089 DTXSID80175902 DTXSID20881333 DTXSID10764141 DTXSID90353299 DTXSID30727511 DTXSID10371410 DTXSID00451331 DTXSID20232129 DTXSID20145164 DTXSID00443175 DTXSID00284580 DTXSID50336265 DTXSID70385937 DTXSID90598183 DTXSID60700392 DTXSID40397264 DTXSID00722634 DTXSID80318690 DTXSID70395778
DTXSID60826960	DTXSID40336794 DTXSID90887963 DTXSID50796865 DTXSID20280781 DTXSID30191576 DTXSID70242536 DTXSID70346765 DTXSID20341664 DTXSID20741069 DTXSID40647397 DTXSID50804111 DTXSID70233808 DTXSID30543410 DTXSID20346750 DTXSID80705607 DTXSID10511839 DTXSID80546739 DTXSID30297769 DTXSID10324880 DTXSID10822679
DTXSID60696701	DTXSID2027967 DTXSID40855490 DTXSID60173926 DTXSID10348283 DTXSID1062546 DTXSID4052005 DTXSID20285832 DTXSID2063765 DTXSID90209025 DTXSID80770815 DTXSID10757336 DTXSID70587777 DTXSID40484941 DTXSID90302606 DTXSID10796088 DTXSID20824306 DTXSID5074472 DTXSID70559575 DTXSID70622612 DTXSID40511600
DTXSID50290732	DTXSID10772044 DTXSID30560844 DTXSID70737932 DTXSID70531250 DTXSID7041966 DTXSID00529488 DTXSID60796033 DTXSID90401769 DTXSID50653984 DTXSID30520463 DTXSID60835597 DTXSID10704628 DTXSID10471782 DTXSID40674047 DTXSID10479400 DTXSID00706676 DTXSID30612413 DTXSID30789412 DTXSID60649297 DTXSID20796933
DTXSID00485176	DTXSID50660774 DTXSID50151738 DTXSID80668581 DTXSID40404068 DTXSID90748989 DTXSID40857297 DTXSID10837763 DTXSID40856184 DTXSID50807309 DTXSID40483116 DTXSID10711857 DTXSID70283005 DTXSID00646740 DTXSID50558329 DTXSID80180238 DTXSID30649502 DTXSID50191730 DTXSID20593989 DTXSID30323219 DTXSID10694631
DTXSID40821493	DTXSID90298272 DTXSID90554224 DTXSID40705946 DTXSID60146670 DTXSID0075027 DTXSID50841546 DTXSID40501107 DTXSID80891978 DTXSID00830884 DTXSID70781576 DTXSID00769261 DTXSID8070417 DTXSID30821189 DTXSID6039685 DTXSID90591033 DTXSID00343121 DTXSID50774446 DTXSID40220346 DTXSID80579724 DTXSID30707813
DTXSID10157079	DTXSID20368533 DTXSID80726635 DTXSID10458452 DTXSID1020724 DTXSID80831692 DTXSID90508585 DTXSID30725613 DTXSID60455133 DTXSID20561608 DTXSID60733827 DTXSID00662940 DTXSID20352937 DTXSID70576904 DTXSID1024752 DTXSID30298938 DTXSID10657448 DTXSID10193937 DTXSID70365214 DTXSID70542503 DTXSID20391189
DTXSID40663259	DTXSID10614374 DTXSID00635871 DTXSID80158139 DTXSID30375718 DTXSID90437447 DTXSID30275143 DTXSID10705317 DTXSID90670418 DTXSID30606195 DTXSID10749731 DTXSID80364511 DTXSID70879705 DTXSID30614917 DTXSID70180323 DTXSID50768289 DTXSID70290799 DTXSID70768221 DTXSID70599254 DTXSID5067392 DTXSID10343415
DTXSID70714723	DTXSID80181487 DTXSID50366244 DTXSID50593492 DTXSID90238138 DTXSID90288178 DTXSID40211431 DTXSID80208966 DTXSID50323352 DTXSID20549264 DTXSID50446232 DTXSID10659624 DTXSID10459065 DTXSID30341913 DTXSID20148115 DTXSID30592241 DTXSID40186832 DTXSID00361249 DTXSID40293717 DTXSID80665454 DTXSID30511391
DTXSID90604177	DTXSID30510223 DTXSID00219099 DTXSID80671813 DTXSID20662927 DTXSID50341258 DTXSID70720187 DTXSID90650396 DTXSID30822737 DTXSID20730675 DTXSID70626953 DTXSID90653105 DTXSID50313612 DTXSID90772360 DTXSID60177267 DTXSID00655514 DTXSID30811328 DTXSID80407179 DTXSID80212043 DTXSID40481576 DTXSID20365502
DTXSID00653333	DTXSID50341016 DTXSID10498474 DTXSID60184532 DTXSID30767634 DTXSID40656964 DTXSID20467757 DTXSID60767021 DTXSID30421648 DTXSID80885534 DTXSID50310186 DTXSID30559278 DTXSID10484514 DTXSID80555467 DTXSID60292449 DTXSID60236000 DTXSID00639879 DTXSID80440844 DTXSID90459821 DTXSID70743614 DTXSID80847197
DTXSID10218654	DTXSID60874764 DTXSID40823513 DTXSID80773083 DTXSID30851507 DTXSID70300044 DTXSID40333127 DTXSID40823497 DTXSID40874762 DTXSID60152170 DTXSID40471876 DTXSID40201938 DTXSID90155270 DTXSID90162823 DTXSID10166383 DTXSID40715661 DTXSID40837933 DTXSID5058199 DTXSID30597130 DTXSID00454862 DTXSID10328464
DTXSID40458723	DTXSID10505753 DTXSID40757804 DTXSID6065052 DTXSID80463053 DTXSID40544115 DTXSID70597659 DTXSID00446262 DTXSID50801589 DTXSID50716907 DTXSID30458691 DTXSID50226213 DTXSID70591854 DTXSID80467394 DTXSID70671600 DTXSID60667436 DTXSID90473481 DTXSID00409352 DTXSID70218155 DTXSID30324529 DTXSID40831936
DTXSID40477959	DTXSID30303990 DTXSID40539147 DTXSID20184699 DTXSID60337187 DTXSID40452180 DTXSID70696934 DTXSID70655208 DTXSID70642537 DTXSID50510164 DTXSID30711814 DTXSID40725124 DTXSID70193337 DTXSID20163247 DTXSID80665454 DTXSID90801907 DTXSID00465357 DTXSID30580148 DTXSID60294322 DTXSID20308030 DTXSID90562627
DTXSID30653462	DTXSID10761256 DTXSID30506823 DTXSID80409214 DTXSID30323618 DTXSID30668910 DTXSID30283405 DTXSID10437121 DTXSID10403725 DTXSID0024397 DTXSID30314602 DTXSID30499004 DTXSID10494693 DTXSID30635122 DTXSID00534971 DTXSID50450374 DTXSID20740779 DTXSID60514936 DTXSID80835635 DTXSID30532662 DTXSID90547671
DTXSID50280274	DTXSID10808695 DTXSID50736064 DTXSID10563954 DTXSID00600882 DTXSID90608771 DTXSID90507811 DTXSID30485745 DTXSID60466481 DTXSID50743511 DTXSID10288332 DTXSID60395929 DTXSID30579759 DTXSID40282005 DTXSID80375086 DTXSID90214997 DTXSID50419789 DTXSID90149336 DTXSID30524966 DTXSID70742783 DTXSID60438865
DTXSID10156704	DTXSID60281333 DTXSID50313596 DTXSID70528064 DTXSID70788843 DTXSID30854634 DTXSID60321021 DTXSID50833688 DTXSID10364382 DTXSID50804050 DTXSID30468098 DTXSID30287620 DTXSID10442876 DTXSID90479640 DTXSID90147751 DTXSID70773471 DTXSID40804983 DTXSID10282456 DTXSID60834222 DTXSID30553130 DTXSID50433142
DTXSID70507899	DTXSID50695420 DTXSID00376691 DTXSID80685814 DTXSID70452133 DTXSID90494676 DTXSID90375138 DTXSID10343637 DTXSID10483325 DTXSID50567355 DTXSID80828986 DTXSID30780308 DTXSID40857631 DTXSID40496120 DTXSID70651068 DTXSID30772364 DTXSID50873509 DTXSID80303223 DTXSID80646728 DTXSID20180474 DTXSID40538579
DTXSID90203604	DTXSID70561092 DTXSID60434766 DTXSID10820791 DTXSID50494753 DTXSID80464702 DTXSID60533288 DTXSID50705639 DTXSID50603368 DTXSID10797277 DTXSID60286045 DTXSID90358244 DTXSID80588013 DTXSID20201895 DTXSID70543696 DTXSID50322305 DTXSID10696150 DTXSID1061998 DTXSID20354870 DTXSID50195879 DTXSID50285360
DTXSID10288877	DTXSID10225444 DTXSID80675912 DTXSID60747202 DTXSID90783517 DTXSID40751463 DTXSID70336909 DTXSID60638580 DTXSID70747839 DTXSID20722459 DTXSID00234328 DTXSID30584969 DTXSID70284875 DTXSID40163623 DTXSID90217423 DTXSID40176910 DTXSID3061683 DTXSID40556793 DTXSID00522176 DTXSID60177085 DTXSID10795415
DTXSID70773512	DTXSID80526894 DTXSID40718177 DTXSID50712085 DTXSID60864504 DTXSID80820647 DTXSID80414949 DTXSID00841233 DTXSID70816731 DTXSID40714614 DTXSID00816744 DTXSID60552474 DTXSID40532956 DTXSID80836521 DTXSID30816732 DTXSID60195587 DTXSID60759845 DTXSID00789267 DTXSID00560311 DTXSID8060537 DTXSID40633255
DTXSID60866760	DTXSID30502461 DTXSID60682265 DTXSID00658368 DTXSID10766741 DTXSID60486664 DTXSID10765032 DTXSID3075335 DTXSID40734110 DTXSID00515129 DTXSID80198656 DTXSID90798186 DTXSID90565613 DTXSID10672217 DTXSID00307829 DTXSID60490529 DTXSID50210773 DTXSID90321852 DTXSID20550310 DTXSID00197762 DTXSID30798185
DTXSID50418656	DTXSID40509345 DTXSID70364282 DTXSID40459179 DTXSID90476876 DTXSID70631249 DTXSID00210869 DTXSID80696107 DTXSID70403362 DTXSID00649993 DTXSID80600426 DTXSID10668938 DTXSID90350602 DTXSID70649208 DTXSID20607676 DTXSID00332196 DTXSID50843540 DTXSID50374021 DTXSID60395247 DTXSID20812728 DTXSID20516936
DTXSID70612518	DTXSID90578465 DTXSID40210247 DTXSID40230768 DTXSID70541990 DTXSID40789600 DTXSID10734208 DTXSID20482723 DTXSID70393678 DTXSID30742724 DTXSID50508400 DTXSID90473103 DTXSID70580985 DTXSID40745084 DTXSID30433403 DTXSID50624255 DTXSID40852686 DTXSID1068302 DTXSID80393503 DTXSID70652898 DTXSID60522652
DTXSID60523528	DTXSID10600494 DTXSID00523527 DTXSID90750769 DTXSID30639049 DTXSID70193216 DTXSID30850858 DTXSID20523529 DTXSID40523526 DTXSID50476377 DTXSID30766546 DTXSID50479464 DTXSID40739943 DTXSID20297955 DTXSID70765735 DTXSID10851661 DTXSID20565303 DTXSID80766713 DTXSID10241806 DTXSID20468941 DTXSID30848932
DTXSID30805005	DTXSID50803285 DTXSID50239863 DTXSID60832561 DTXSID80383383 DTXSID80725148 DTXSID20342757 DTXSID50855981 DTXSID40143824 DTXSID60492366 DTXSID30462975 DTXSID50478391 DTXSID70569452 DTXSID20590599 DTXSID90515835 DTXSID80760539 DTXSID60630226 DTXSID00343944 DTXSID20556857 DTXSID30642078 DTXSID80856466
DTXSID90669140	DTXSID30627002 DTXSID60319443 DTXSID80701725 DTXSID20345788 DTXSID40508893 DTXSID80727804 DTXSID30279565 DTXSID40528157 DTXSID00391501 DTXSID80392056 DTXSID20352715 DTXSID70693842 DTXSID80162953 DTXSID40781189 DTXSID10668655 DTXSID40646269 DTXSID00393727 DTXSID20299454 DTXSID30663980 DTXSID70383211
DTXSID7068001	DTXSID80506131 DTXSID90530942 DTXSID50858472 DTXSID10880678 DTXSID50798425 DTXSID80342879 DTXSID50502221 DTXSID70565833 DTXSID1051800 DTXSID50693663 DTXSID10391618 DTXSID80885913 DTXSID90567874 DTXSID10767637 DTXSID50528269 DTXSID00762792 DTXSID30617185 DTXSID10587852 DTXSID60557242 DTXSID50832151
DTXSID50719852	DTXSID70319419 DTXSID10678537 DTXSID90814597 DTXSID40668567 DTXSID10533430 DTXSID40493593 DTXSID00802844 DTXSID00809813 DTXSID20639957 DTXSID60341603 DTXSID7029372 DTXSID80603654 DTXSID80369228 DTXSID10309314 DTXSID70531472 DTXSID70631668 DTXSID00829995 DTXSID60790435 DTXSID40526577 DTXSID10630897
DTXSID30809604	DTXSID50632714 DTXSID30538700 DTXSID00816986 DTXSID00281615 DTXSID50791274 DTXSID50198300 DTXSID60240440 DTXSID60468920 DTXSID20288045 DTXSID70453201 DTXSID40811839 DTXSID50783538 DTXSID60659735 DTXSID60884823 DTXSID70564664 DTXSID10341658 DTXSID70799737 DTXSID00778656 DTXSID90462451 DTXSID00786099
DTXSID70639144	DTXSID30506707 DTXSID10280755 DTXSID90388561 DTXSID40460886 DTXSID20581644 DTXSID9065364 DTXSID10455784 DTXSID10831908 DTXSID20353681 DTXSID30651201 DTXSID40720210 DTXSID60829451 DTXSID30725633 DTXSID90193758 DTXSID70500269 DTXSID00182673 DTXSID50474550 DTXSID60876965 DTXSID40579149 DTXSID40357808
DTXSID70591854	DTXSID30458691 DTXSID70671600 DTXSID50801589 DTXSID50226213 DTXSID00410423 DTXSID90473481 DTXSID20370717 DTXSID10314701 DTXSID40458723 DTXSID40211577 DTXSID1044514 DTXSID70317031 DTXSID60228965 DTXSID30483862 DTXSID70218155 DTXSID30718969 DTXSID30714365 DTXSID80463053 DTXSID30854114 DTXSID00409352
DTXSID40713445	DTXSID30356906 DTXSID00659916 DTXSID90518144 DTXSID70588108 DTXSID30311237 DTXSID3071278 DTXSID60439377 DTXSID30279363 DTXSID60424546 DTXSID60785200 DTXSID00657452 DTXSID10656012 DTXSID60588177 DTXSID00304196 DTXSID30782766 DTXSID90178202 DTXSID50586440 DTXSID30465820 DTXSID20311786 DTXSID40617772
DTXSID80174834	DTXSID20891139 DTXSID30304306 DTXSID60239672 DTXSID20797743 DTXSID70711419 DTXSID00339443 DTXSID30389638 DTXSID50306004 DTXSID40522559 DTXSID20295613 DTXSID70447645 DTXSID80809139 DTXSID10201521 DTXSID80324271 DTXSID70434151 DTXSID90577938 DTXSID00478189 DTXSID30185314 DTXSID80673756 DTXSID40191426
DTXSID30755233	DTXSID5037602 DTXSID40211870 DTXSID00316638 DTXSID10717975 DTXSID7020211 DTXSID80303546 DTXSID10617880 DTXSID80784316 DTXSID40577145 DTXSID30455463 DTXSID30815205 DTXSID50485202 DTXSID40765540 DTXSID10594324 DTXSID10601885 DTXSID90458399 DTXSID40156419 DTXSID60449335 DTXSID70842212 DTXSID30648393
DTXSID70580809	DTXSID20580571 DTXSID10594844 DTXSID90447248 DTXSID40722613 DTXSID00524615 DTXSID30510329 DTXSID10352582 DTXSID30739033 DTXSID00196816 DTXSID10307355 DTXSID50483425 DTXSID10580808 DTXSID20880720 DTXSID90359377 DTXSID20663055 DTXSID80808208 DTXSID70571818 DTXSID90526623 DTXSID40819592 DTXSID70837481
DTXSID90462572	DTXSID90622492 DTXSID20363508 DTXSID90547797 DTXSID20212022 DTXSID2047016 DTXSID60618160 DTXSID00181464 DTXSID10555091 DTXSID60669213 DTXSID80549528 DTXSID20438164 DTXSID20369429 DTXSID60722099 DTXSID90375774 DTXSID60427855 DTXSID60473115 DTXSID60646342 DTXSID80570918 DTXSID60295354 DTXSID70165236
DTXSID60469452	DTXSID00767500 DTXSID70800130 DTXSID30579431 DTXSID30155633 DTXSID6048888 DTXSID10744741 DTXSID00752693 DTXSID20797647 DTXSID90806856 DTXSID30174849 DTXSID50798187 DTXSID10658374 DTXSID90693561 DTXSID30867724 DTXSID50709955 DTXSID00828564 DTXSID40473875 DTXSID70670234 DTXSID20750954 DTXSID60795809
DTXSID8027872	DTXSID00841374 DTXSID10826637 DTXSID70239188 DTXSID30819268 DTXSID40770194 DTXSID70762244 DTXSID00768219 DTXSID40707182 DTXSID70793856 DTXSID7070478 DTXSID70805761 DTXSID90883243 DTXSID40659197 DTXSID00892301 DTXSID60276426 DTXSID0072776 DTXSID60241194 DTXSID70888296 DTXSID50289404 DTXSID80887654
DTXSID60795809	DTXSID10658374 DTXSID20765467 DTXSID70670234 DTXSID90398428 DTXSID50798187 DTXSID10634214 DTXSID90797093 DTXSID30867724 DTXSID30174849 DTXSID50304964 DTXSID00828564 DTXSID20442807 DTXSID40616169 DTXSID40211794 DTXSID80345805 DTXSID90660374 DTXSID00281357 DTXSID30638436 DTXSID6048888 DTXSID90339654
DTXSID20654908	DTXSID30181270 DTXSID10571610 DTXSID20723749 DTXSID80630460 DTXSID50806832 DTXSID10624458 DTXSID90772845 DTXSID50277765 DTXSID40423173 DTXSID90185830 DTXSID20442145 DTXSID60729821 DTXSID50310222 DTXSID40657471 DTXSID20876683 DTXSID10720242 DTXSID10657448 DTXSID90379454 DTXSID60696569 DTXSID10182583
DTXSID10678537	DTXSID70319419 DTXSID50719852 DTXSID40668567 DTXSID10533430 DTXSID90814597 DTXSID60341603 DTXSID10309314 DTXSID40493593 DTXSID7029372 DTXSID00802844 DTXSID70631668 DTXSID00698901 DTXSID10786267 DTXSID80369228 DTXSID80819470 DTXSID00829995 DTXSID10630897 DTXSID20639957 DTXSID70531472 DTXSID70749156
DTXSID20654903	DTXSID00633796 DTXSID40610021 DTXSID00442062 DTXSID50190021 DTXSID10871440 DTXSID40321226 DTXSID40593340 DTXSID40474029 DTXSID40666846 DTXSID10742247 DTXSID40705360 DTXSID80823330 DTXSID00411738 DTXSID30757277 DTXSID50493443 DTXSID30642134 DTXSID70548464 DTXSID60286045 DTXSID90442410 DTXSID30453484
DTXSID20544931	DTXSID20793508 DTXSID60806661 DTXSID30443108 DTXSID40765540 DTXSID40749587 DTXSID40156419 DTXSID40332150 DTXSID90458399 DTXSID40211870 DTXSID10700029 DTXSID80441533 DTXSID60700918 DTXSID10852996 DTXSID60640047 DTXSID10594324 DTXSID5052387 DTXSID50345559 DTXSID40440103 DTXSID20877337 DTXSID20856788
DTXSID50528168	DTXSID10508668 DTXSID50701111 DTXSID30308581 DTXSID10653127 DTXSID30671207 DTXSID80700192 DTXSID40634126 DTXSID50624477 DTXSID70553659 DTXSID50669924 DTXSID50837444 DTXSID10298976 DTXSID60646347 DTXSID00646629 DTXSID30676873 DTXSID20677798 DTXSID20646787 DTXSID90571239 DTXSID30583295 DTXSID70665448
DTXSID00629477	DTXSID60276143 DTXSID00829132 DTXSID40563189 DTXSID20197406 DTXSID0067503 DTXSID60780199 DTXSID9072527 DTXSID10872659 DTXSID20242521 DTXSID10890999 DTXSID80274202 DTXSID60816366 DTXSID30429503 DTXSID10202674 DTXSID60242747 DTXSID40613991 DTXSID90763152 DTXSID90602057 DTXSID60775681 DTXSID00826560
DTXSID50509992	DTXSID80619876 DTXSID50174189 DTXSID40814724 DTXSID00856766 DTXSID00568731 DTXSID60768134 DTXSID80553342 DTXSID40674724 DTXSID00597940 DTXSID40529149 DTXSID60875736 DTXSID10875923 DTXSID80655491 DTXSID6023315 DTXSID20700217 DTXSID80725643 DTXSID50467003 DTXSID70803782 DTXSID70547371 DTXSID10710663
DTXSID80593384	DTXSID00371126 DTXSID90236053 DTXSID50419789 DTXSID20608365 DTXSID90214997 DTXSID00600882 DTXSID60857299 DTXSID60466481 DTXSID70564109 DTXSID90343054 DTXSID00678940 DTXSID50736064 DTXSID30485745 DTXSID50798788 DTXSID30310881 DTXSID10808695 DTXSID30524966 DTXSID80370950 DTXSID90788966 DTXSID10737794
DTXSID30177557	DTXSID0061327 DTXSID70597735 DTXSID70813427 DTXSID00277376 DTXSID90793535 DTXSID30371457 DTXSID00503783 DTXSID70299444 DTXSID70276593 DTXSID70757877 DTXSID50400551 DTXSID20605314 DTXSID80439612 DTXSID70235529 DTXSID70354901 DTXSID20415915 DTXSID70873662 DTXSID90530907 DTXSID80214082 DTXSID00356670
DTXSID50591877	DTXSID00447198 DTXSID40879479 DTXSID70832754 DTXSID60824108 DTXSID30653902 DTXSID10541111 DTXSID20417717 DTXSID20549406 DTXSID80151549 DTXSID10396481 DTXSID20766015 DTXSID30395072 DTXSID00374011 DTXSID10366962 DTXSID50332560 DTXSID60370650 DTXSID40459811 DTXSID50849249 DTXSID00294381 DTXSID80606589
DTXSID90358244	DTXSID80588013 DTXSID50322305 DTXSID50705639 DTXSID80445339 DTXSID80464702 DTXSID60434766 DTXSID50323731 DTXSID40597080 DTXSID30853743 DTXSID80741368 DTXSID30824690 DTXSID70543696 DTXSID70561092 DTXSID90203604 DTXSID00555646 DTXSID10797277 DTXSID60623592 DTXSID30465800 DTXSID50603368 DTXSID00650185
DTXSID60204269	DTXSID60735008 DTXSID40764472 DTXSID20356910 DTXSID50543058 DTXSID20162654 DTXSID70372524 DTXSID70491880 DTXSID50556547 DTXSID20545261 DTXSID50651021 DTXSID90308284 DTXSID10483789 DTXSID00744412 DTXSID70398168 DTXSID10561894 DTXSID00831917 DTXSID50323554 DTXSID10855821 DTXSID70486135 DTXSID50153696
DTXSID00758317	DTXSID70606538 DTXSID60405779 DTXSID50534148 DTXSID30588169 DTXSID70826239 DTXSID40697155 DTXSID20445999 DTXSID60586219 DTXSID30733677 DTXSID50799997 DTXSID60640800 DTXSID50847765 DTXSID00663053 DTXSID30627507 DTXSID80561381 DTXSID50846970 DTXSID50457540 DTXSID20640866 DTXSID70756441 DTXSID10345757
DTXSID00631772	DTXSID00704314 DTXSID40191269 DTXSID60674281 DTXSID40482043 DTXSID10710163 DTXSID70484191 DTXSID10365975 DTXSID20297758 DTXSID30879726 DTXSID00464704 DTXSID80642068 DTXSID80711127 DTXSID1065899 DTXSID00802263 DTXSID80380034 DTXSID80609398 DTXSID30554965 DTXSID00453198 DTXSID10342625 DTXSID40287797
DTXSID70823187	DTXSID70794227 DTXSID40593183 DTXSID40607633 DTXSID30566720 DTXSID50404296 DTXSID70693504 DTXSID10675228 DTXSID10786282 DTXSID20668040 DTXSID90559057 DTXSID70737937 DTXSID20641272 DTXSID80181841 DTXSID50321838 DTXSID20536750 DTXSID20702716 DTXSID30444296 DTXSID90518543 DTXSID00769266 DTXSID10340247
DTXSID70471389	DTXSID50667248 DTXSID70325535 DTXSID90647221 DTXSID70677208 DTXSID00618008 DTXSID20778436 DTXSID40430266 DTXSID30726064 DTXSID90574381 DTXSID70221568 DTXSID80728891 DTXSID70820898 DTXSID90805440 DTXSID20534998 DTXSID40674183 DTXSID40808289 DTXSID50437069 DTXSID70710422 DTXSID10181551 DTXSID80487471
DTXSID10366846	DTXSID50368506 DTXSID70705772 DTXSID90362083 DTXSID90284776 DTXSID80666542 DTXSID30711410 DTXSID10589058 DTXSID70495707 DTXSID70649283 DTXSID90548921 DTXSID90234635 DTXSID00520894 DTXSID00824708 DTXSID90646759 DTXSID20310830 DTXSID30708643 DTXSID60574717 DTXSID30505255 DTXSID90780066 DTXSID20642128
DTXSID30516765	DTXSID10725737 DTXSID30734164 DTXSID20804082 DTXSID10416330 DTXSID50338880 DTXSID90346222 DTXSID70846614 DTXSID30817906 DTXSID20840788 DTXSID80308374 DTXSID50645627 DTXSID30204953 DTXSID00372219 DTXSID90456239 DTXSID70873607 DTXSID10515615 DTXSID20278163 DTXSID00782258 DTXSID80298887 DTXSID00504230
DTXSID30507638	DTXSID20876047 DTXSID60308751 DTXSID40382933 DTXSID70741615 DTXSID10561975 DTXSID50178708 DTXSID40642488 DTXSID60214121 DTXSID80700798 DTXSID10803483 DTXSID90518543 DTXSID00769266 DTXSID80788253 DTXSID10316220 DTXSID30661188 DTXSID30676515 DTXSID70561754 DTXSID20742591 DTXSID30553978 DTXSID30558488
DTXSID10829421	DTXSID70367112 DTXSID80405872 DTXSID7044764 DTXSID60711589 DTXSID80345481 DTXSID20370858 DTXSID70760740 DTXSID90720684 DTXSID10655924 DTXSID50828574 DTXSID90702268 DTXSID00506597 DTXSID80374337 DTXSID9025403 DTXSID00239257 DTXSID60378691 DTXSID40408768 DTXSID30652637 DTXSID20848446 DTXSID60182518
DTXSID90562960	DTXSID50483425 DTXSID70675643 DTXSID70571818 DTXSID00366512 DTXSID30799591 DTXSID10525618 DTXSID00334771 DTXSID00523148 DTXSID90447248 DTXSID10655964 DTXSID10334005 DTXSID80615616 DTXSID60764510 DTXSID30782408 DTXSID20880720 DTXSID40494464 DTXSID70527512 DTXSID70874477 DTXSID10580808 DTXSID20580571
DTXSID80754296	DTXSID70666899 DTXSID60722519 DTXSID90156141 DTXSID50294250 DTXSID10865142 DTXSID10280518 DTXSID80879493 DTXSID70612538 DTXSID00833719 DTXSID60369660 DTXSID70560666 DTXSID60154331 DTXSID20548313 DTXSID10728889 DTXSID90805021 DTXSID80588412 DTXSID50436431 DTXSID30616810 DTXSID10708424 DTXSID60600484
DTXSID80210827	DTXSID20296483 DTXSID80793069 DTXSID10430339 DTXSID00618003 DTXSID30713434 DTXSID3061263 DTXSID30797451 DTXSID50748066 DTXSID40681493 DTXSID60618206 DTXSID10659982 DTXSID80765302 DTXSID30599199 DTXSID50625080 DTXSID70506807 DTXSID50154325 DTXSID90722587 DTXSID10803544 DTXSID80665479 DTXSID90747351
DTXSID00649599	DTXSID70717870 DTXSID0070784 DTXSID70592149 DTXSID40677331 DTXSID90328740 DTXSID30235823 DTXSID90778569 DTXSID70888756 DTXSID90808911 DTXSID70396402 DTXSID90217423 DTXSID20538830 DTXSID9044293 DTXSID50731357 DTXSID90572428 DTXSID80323547 DTXSID80562398 DTXSID00596397 DTXSID50654936 DTXSID90330222
DTXSID6035156	DTXSID70739870 DTXSID30610111 DTXSID50550262 DTXSID70323197 DTXSID00730714 DTXSID30531150 DTXSID40171485 DTXSID50640399 DTXSID10499269 DTXSID70734305 DTXSID20425296 DTXSID00489134 DTXSID40460846 DTXSID40467294 DTXSID00673733 DTXSID40312371 DTXSID10325736 DTXSID50469906 DTXSID70886191 DTXSID20780913
DTXSID70511451	DTXSID90639247 DTXSID50600953 DTXSID20482041 DTXSID30782327 DTXSID80470161 DTXSID00819932 DTXSID00588454 DTXSID40459098 DTXSID90850495 DTXSID60343788 DTXSID60337061 DTXSID90211683 DTXSID70664895 DTXSID70876537 DTXSID70466078 DTXSID90642514 DTXSID90783810 DTXSID80696420 DTXSID20496764 DTXSID30733071
DTXSID60621654	DTXSID00398893 DTXSID00427450 DTXSID40654925 DTXSID10525991 DTXSID20660908 DTXSID80620169 DTXSID30331379 DTXSID30241787 DTXSID50196028 DTXSID50345716 DTXSID90281785 DTXSID30729499 DTXSID70660978 DTXSID80649850 DTXSID20424284 DTXSID90584728 DTXSID00317766 DTXSID50805002 DTXSID60444729 DTXSID10217122
DTXSID00738098	DTXSID30290033 DTXSID10788827 DTXSID0035748 DTXSID70447286 DTXSID70637802 DTXSID10739314 DTXSID30790846 DTXSID10175637 DTXSID80678185 DTXSID10433567 DTXSID90763758 DTXSID90845265 DTXSID50455440 DTXSID60344396 DTXSID20657292 DTXSID30460633 DTXSID50682239 DTXSID80618687 DTXSID00475971 DTXSID10212011
DTXSID10599536	DTXSID20183001 DTXSID10289445 DTXSID60508234 DTXSID6040371 DTXSID40535245 DTXSID70539892 DTXSID70283828 DTXSID00567820 DTXSID60703924 DTXSID00768097 DTXSID10845207 DTXSID60728172 DTXSID80187787 DTXSID30616294 DTXSID20428787 DTXSID00364871 DTXSID80199264 DTXSID80857236 DTXSID90709196 DTXSID30290316
DTXSID50853942	DTXSID60775383 DTXSID50762621 DTXSID60181147 DTXSID40818368 DTXSID2065757 DTXSID50778626 DTXSID00210001 DTXSID70276210 DTXSID80198156 DTXSID60562871 DTXSID20337704 DTXSID50797998 DTXSID90780425 DTXSID30431328 DTXSID70580602 DTXSID80694027 DTXSID00601051 DTXSID60635099 DTXSID70395056 DTXSID50652477
DTXSID80727804	DTXSID40781189 DTXSID40508893 DTXSID30279565 DTXSID20299454 DTXSID90438530 DTXSID60319443 DTXSID20352715 DTXSID00393727 DTXSID20576136 DTXSID50602750 DTXSID00710011 DTXSID70579192 DTXSID90669140 DTXSID10668655 DTXSID30627002 DTXSID70148105 DTXSID00383582 DTXSID30745058 DTXSID20345788 DTXSID40528157
DTXSID70766489	DTXSID40603837 DTXSID80399560 DTXSID10361215 DTXSID70199334 DTXSID70357452 DTXSID00606703 DTXSID40509007 DTXSID50283144 DTXSID80594558 DTXSID00302495 DTXSID10438850 DTXSID50681000 DTXSID00311481 DTXSID50301953 DTXSID90564686 DTXSID50308280 DTXSID30460577 DTXSID30300383 DTXSID20876269 DTXSID90825769
DTXSID10820953	DTXSID40340250 DTXSID00576694 DTXSID30510687 DTXSID80780196 DTXSID00406482 DTXSID90284453 DTXSID20578493 DTXSID60648740 DTXSID90819507 DTXSID00878988 DTXSID90224076 DTXSID40791602 DTXSID40786952 DTXSID80456122 DTXSID50602699 DTXSID20612189 DTXSID60497038 DTXSID10558300 DTXSID70296791 DTXSID90794901
DTXSID30642134	DTXSID00571482 DTXSID40666846 DTXSID40705360 DTXSID90344283 DTXSID40670408 DTXSID90348625 DTXSID40610021 DTXSID70548464 DTXSID10634996 DTXSID10547456 DTXSID50493443 DTXSID00442062 DTXSID90187117 DTXSID30534449 DTXSID90615844 DTXSID90286437 DTXSID10518262 DTXSID40321226 DTXSID70483129 DTXSID20654903
DTXSID60424420	DTXSID10532468 DTXSID00606642 DTXSID20732412 DTXSID40745100 DTXSID60790258 DTXSID80734013 DTXSID80600986 DTXSID80713888 DTXSID10608990 DTXSID40310256 DTXSID30714365 DTXSID00510836 DTXSID70281485 DTXSID70317677 DTXSID10758666 DTXSID20517180 DTXSID80374337 DTXSID80533624 DTXSID20370717 DTXSID60667577
DTXSID60522652	DTXSID60195567 DTXSID30433403 DTXSID00744871 DTXSID70580985 DTXSID50521457 DTXSID80742835 DTXSID20629777 DTXSID30825445 DTXSID70473565 DTXSID40230768 DTXSID30742724 DTXSID20237477 DTXSID10734208 DTXSID40595667 DTXSID40316117 DTXSID70527118 DTXSID40789600 DTXSID70526065 DTXSID40538872 DTXSID40210247
DTXSID90345331	DTXSID00190516 DTXSID30173539 DTXSID60886903 DTXSID30795831 DTXSID70801127 DTXSID80850904 DTXSID80675972 DTXSID40732434 DTXSID40392491 DTXSID70312566 DTXSID10276198 DTXSID70610372 DTXSID30788844 DTXSID70645644 DTXSID70602010 DTXSID40767105 DTXSID70813563 DTXSID20448142 DTXSID40733941 DTXSID00592430
DTXSID10420715	DTXSID50538646 DTXSID00600983 DTXSID10377134 DTXSID60490347 DTXSID30662877 DTXSID70353277 DTXSID70789794 DTXSID10818850 DTXSID10211569 DTXSID60424440 DTXSID60388351 DTXSID90552402 DTXSID80478263 DTXSID10329471 DTXSID40299517 DTXSID00567360 DTXSID90341590 DTXSID70554328 DTXSID10896254 DTXSID90896171
DTXSID90243843	DTXSID30541254 DTXSID90187596 DTXSID90558984 DTXSID20829639 DTXSID00592137 DTXSID20697451 DTXSID00660507 DTXSID00774698 DTXSID60787562 DTXSID00216947 DTXSID50726480 DTXSID30825243 DTXSID60812404 DTXSID50377476 DTXSID90668794 DTXSID90338627 DTXSID00439250 DTXSID90177598 DTXSID30474452 DTXSID20449654
DTXSID80509162	DTXSID50445684 DTXSID50670136 DTXSID80843614 DTXSID40755587 DTXSID80652167 DTXSID10737693 DTXSID60192935 DTXSID20415899 DTXSID40322470 DTXSID90274879 DTXSID60787224 DTXSID30606231 DTXSID40480100 DTXSID9068742 DTXSID30828991 DTXSID70367879 DTXSID20314595 DTXSID00192393 DTXSID50568807 DTXSID00569783
DTXSID20759801	DTXSID40845472 DTXSID40530477 DTXSID30663369 DTXSID20599345 DTXSID90749597 DTXSID40427651 DTXSID60562356 DTXSID80279373 DTXSID00377486 DTXSID00231438 DTXSID50663780 DTXSID00484725 DTXSID50590188 DTXSID60187922 DTXSID70349413 DTXSID70326108 DTXSID6069406 DTXSID60471338 DTXSID20452729 DTXSID30885241
DTXSID90156823	DTXSID30505336 DTXSID10282310 DTXSID50546887 DTXSID00528158 DTXSID60583001 DTXSID50206878 DTXSID20655894 DTXSID00701106 DTXSID10564764 DTXSID50670919 DTXSID90354120 DTXSID70499149 DTXSID40538554 DTXSID90292093 DTXSID10726481 DTXSID60358175 DTXSID60284147 DTXSID70749176 DTXSID30419742 DTXSID40321322
DTXSID10767637	DTXSID80885913 DTXSID10587852 DTXSID20630964 DTXSID00275099 DTXSID10605045 DTXSID20604387 DTXSID90674855 DTXSID50798425 DTXSID60749342 DTXSID80506131 DTXSID10880678 DTXSID50170787 DTXSID90816733 DTXSID7068001 DTXSID70822711 DTXSID10400032 DTXSID80633759 DTXSID10391618 DTXSID50693663 DTXSID70565833
DTXSID60192657	DTXSID10767591 DTXSID2046836 DTXSID50601243 DTXSID00427450 DTXSID20702716 DTXSID50716063 DTXSID30241787 DTXSID70545195 DTXSID80700137 DTXSID10839444 DTXSID20525200 DTXSID40829772 DTXSID90420798 DTXSID40654925 DTXSID40308254 DTXSID20536750 DTXSID00291855 DTXSID00346298 DTXSID70331217 DTXSID30615166
DTXSID20211050	DTXSID30531317 DTXSID70217885 DTXSID00561282 DTXSID3027116 DTXSID20449210 DTXSID20527587 DTXSID7069071 DTXSID40519863 DTXSID10448353 DTXSID20481377 DTXSID20477457 DTXSID50460130 DTXSID10884631 DTXSID90199053 DTXSID80782812 DTXSID30631149 DTXSID40790857 DTXSID70521479 DTXSID30757656 DTXSID80771069
DTXSID60832940	DTXSID70322827 DTXSID70757074 DTXSID60789344 DTXSID30782781 DTXSID50439346 DTXSID50757835 DTXSID10724149 DTXSID70768084 DTXSID90601904 DTXSID30307135 DTXSID20802604 DTXSID20179000 DTXSID10322826 DTXSID70785433 DTXSID20469635 DTXSID60749867 DTXSID50790641 DTXSID80185869 DTXSID50533959 DTXSID30844232
DTXSID2037714	DTXSID00550772 DTXSID40343786 DTXSID20478080 DTXSID70789032 DTXSID90294037 DTXSID90339518 DTXSID80615616 DTXSID30394525 DTXSID10567932 DTXSID60510918 DTXSID80340113 DTXSID70285706 DTXSID00635816 DTXSID10334005 DTXSID20342651 DTXSID30639766 DTXSID4052051 DTXSID60202720 DTXSID00334771 DTXSID90720280
DTXSID60726476	DTXSID10462130 DTXSID80614503 DTXSID50743874 DTXSID40496029 DTXSID50342720 DTXSID20514699 DTXSID80711086 DTXSID30646278 DTXSID30754024 DTXSID10646251 DTXSID80729005 DTXSID20657131 DTXSID30370783 DTXSID40605891 DTXSID90487361 DTXSID00430803 DTXSID60404409 DTXSID50739292 DTXSID40292366 DTXSID70442433
DTXSID50374208	DTXSID60359485 DTXSID00681035 DTXSID70593232 DTXSID10364706 DTXSID80407917 DTXSID90585790 DTXSID30828991 DTXSID40762559 DTXSID60744413 DTXSID40322470 DTXSID50818117 DTXSID50896096 DTXSID2060387 DTXSID80718212 DTXSID80346776 DTXSID00604284 DTXSID9068742 DTXSID60192935 DTXSID70400336 DTXSID50684233
DTXSID60178936	DTXSID30785550 DTXSID50397371 DTXSID30650077 DTXSID10427188 DTXSID90535053 DTXSID50415004 DTXSID10295283 DTXSID60231434 DTXSID10464730 DTXSID60836802 DTXSID30203209 DTXSID90150427 DTXSID50760081 DTXSID90504401 DTXSID90791516 DTXSID20857659 DTXSID00229310 DTXSID60299079 DTXSID80726913 DTXSID10221724
DTXSID2073720	DTXSID10185079 DTXSID10756521 DTXSID70297561 DTXSID40484168 DTXSID3048316 DTXSID70195316 DTXSID90853663 DTXSID90602714 DTXSID40828260 DTXSID40295377 DTXSID40530558 DTXSID60328237 DTXSID90804993 DTXSID60564971 DTXSID9057979 DTXSID80384572 DTXSID70224791 DTXSID10792868 DTXSID90803582 DTXSID70197512
DTXSID50464411	DTXSID30638613 DTXSID20206103 DTXSID80439197 DTXSID20285377 DTXSID50824718 DTXSID70599118 DTXSID3057692 DTXSID90461989 DTXSID20291539 DTXSID20486403 DTXSID90484012 DTXSID40795125 DTXSID10498176 DTXSID40545728 DTXSID70655400 DTXSID10713593 DTXSID50727174 DTXSID60199601 DTXSID50496494 DTXSID90307398
DTXSID90509133	DTXSID10311119 DTXSID90473582 DTXSID40551980 DTXSID10380522 DTXSID60363224 DTXSID70835068 DTXSID50354606 DTXSID30460633 DTXSID80444347 DTXSID50278717 DTXSID00874349 DTXSID80229196 DTXSID10811386 DTXSID40619296 DTXSID70606674 DTXSID30651367 DTXSID50682239 DTXSID10463425 DTXSID00759581 DTXSID20657292
DTXSID70443980	DTXSID1063140 DTXSID00730375 DTXSID10210118 DTXSID60151047 DTXSID00542773 DTXSID10398581 DTXSID80373608 DTXSID30303157 DTXSID20191888 DTXSID80767386 DTXSID00241971 DTXSID1047071 DTXSID10786207 DTXSID40879717 DTXSID30378209 DTXSID80897339 DTXSID00351640 DTXSID40614903 DTXSID20238166 DTXSID50664979
DTXSID70377413	DTXSID40711481 DTXSID70511118 DTXSID10618478 DTXSID90325830 DTXSID00338355 DTXSID10143472 DTXSID70214273 DTXSID90380868 DTXSID70666536 DTXSID30694618 DTXSID20384137 DTXSID30661047 DTXSID10652953 DTXSID20580733 DTXSID10177934 DTXSID50660254 DTXSID50187552 DTXSID70640932 DTXSID30816914 DTXSID7073771
DTXSID50614151	DTXSID60198210 DTXSID70352922 DTXSID80655517 DTXSID00461576 DTXSID20797460 DTXSID80596936 DTXSID50742145 DTXSID10182402 DTXSID80221599 DTXSID20508230 DTXSID20197946 DTXSID80464787 DTXSID10182063 DTXSID10609068 DTXSID50481880 DTXSID10610316 DTXSID70277929 DTXSID20895511 DTXSID60179903 DTXSID80206947
DTXSID50397371	DTXSID90535053 DTXSID10427188 DTXSID30785550 DTXSID60231434 DTXSID60178936 DTXSID00229310 DTXSID60836802 DTXSID10464730 DTXSID70744348 DTXSID00216765 DTXSID20857659 DTXSID40243939 DTXSID90349995 DTXSID40785682 DTXSID30403500 DTXSID50415004 DTXSID90150427 DTXSID30415688 DTXSID40659632 DTXSID90504401
DTXSID80815270	DTXSID10368683 DTXSID90571976 DTXSID80446866 DTXSID40367063 DTXSID40288087 DTXSID7067089 DTXSID00818920 DTXSID60395601 DTXSID50383592 DTXSID30831086 DTXSID40326877 DTXSID10886357 DTXSID80351906 DTXSID00446909 DTXSID10399275 DTXSID80563921 DTXSID90335116 DTXSID10831084 DTXSID40490704 DTXSID60350371
DTXSID80611870	DTXSID30167256 DTXSID70780766 DTXSID20792955 DTXSID70499967 DTXSID80283036 DTXSID40474807 DTXSID00564713 DTXSID60740637 DTXSID20876587 DTXSID50579054 DTXSID0052330 DTXSID60586193 DTXSID70645881 DTXSID60315945 DTXSID90509850 DTXSID80342874 DTXSID50596322 DTXSID70814070 DTXSID10448853 DTXSID80346155
DTXSID90199053	DTXSID00652785 DTXSID80771069 DTXSID30757656 DTXSID00561282 DTXSID60344770 DTXSID10448353 DTXSID80670184 DTXSID70521479 DTXSID90526789 DTXSID2060967 DTXSID60408725 DTXSID40790857 DTXSID10527511 DTXSID20449210 DTXSID00345867 DTXSID20481377 DTXSID50492532 DTXSID00340756 DTXSID80638027 DTXSID7069071
DTXSID70663227	DTXSID70787230 DTXSID40611154 DTXSID30856476 DTXSID70659443 DTXSID10810733 DTXSID30546800 DTXSID20372958 DTXSID00452045 DTXSID20578539 DTXSID60729402 DTXSID40812861 DTXSID20364510 DTXSID80466488 DTXSID80350737 DTXSID30490970 DTXSID30642230 DTXSID20604968 DTXSID50896096 DTXSID20478000 DTXSID40756736
DTXSID10177550	DTXSID00299730 DTXSID30838752 DTXSID30747335 DTXSID10806398 DTXSID90695323 DTXSID10675647 DTXSID5070529 DTXSID50310520 DTXSID40693238 DTXSID10810950 DTXSID8060610 DTXSID30591214 DTXSID40188937 DTXSID50722604 DTXSID60739526 DTXSID00356392 DTXSID50631606 DTXSID20406202 DTXSID90840538 DTXSID80424684
DTXSID40640585	DTXSID70827923 DTXSID30551237 DTXSID70303818 DTXSID80478263 DTXSID60842948 DTXSID00151203 DTXSID30662877 DTXSID50401306 DTXSID80736431 DTXSID30896094 DTXSID20488649 DTXSID30476911 DTXSID80232569 DTXSID00748632 DTXSID50488652 DTXSID10818850 DTXSID00697494 DTXSID50538646 DTXSID70599113 DTXSID20279130
DTXSID90365271	DTXSID70179095 DTXSID60277670 DTXSID20368654 DTXSID80179102 DTXSID50632214 DTXSID60834747 DTXSID00560770 DTXSID70499624 DTXSID70603769 DTXSID20167826 DTXSID70740461 DTXSID00635194 DTXSID10297585 DTXSID70405947 DTXSID60169208 DTXSID70448359 DTXSID80169503 DTXSID30438498 DTXSID60428125 DTXSID00509104
DTXSID90731255	DTXSID30620730 DTXSID40642064 DTXSID90694497 DTXSID50217681 DTXSID50181631 DTXSID60310778 DTXSID60830143 DTXSID3074072 DTXSID70579435 DTXSID90513917 DTXSID50538186 DTXSID50844996 DTXSID50605327 DTXSID80284801 DTXSID50576684 DTXSID20474981 DTXSID30357014 DTXSID70376901 DTXSID30560804 DTXSID80790533
DTXSID00501441	DTXSID30740462 DTXSID80618041 DTXSID00197560 DTXSID70601548 DTXSID80635137 DTXSID20198872 DTXSID10681824 DTXSID20856622 DTXSID70341891 DTXSID90624390 DTXSID60729604 DTXSID50208236 DTXSID60664203 DTXSID10408598 DTXSID2025428 DTXSID00461617 DTXSID80422327 DTXSID50238654 DTXSID40293651 DTXSID40729122
DTXSID90400696	DTXSID90768041 DTXSID20316433 DTXSID50821545 DTXSID00318718 DTXSID90758669 DTXSID70607161 DTXSID90630138 DTXSID60645895 DTXSID70376901 DTXSID80323663 DTXSID30560804 DTXSID20790370 DTXSID20474981 DTXSID50771132 DTXSID00772053 DTXSID20281692 DTXSID70727494 DTXSID40874348 DTXSID30234871 DTXSID50710086
DTXSID40629370	DTXSID40443371 DTXSID60514991 DTXSID40660980 DTXSID60519486 DTXSID00768471 DTXSID50744341 DTXSID1044932 DTXSID40230809 DTXSID30489420 DTXSID50848459 DTXSID40278382 DTXSID20831939 DTXSID70715619 DTXSID40439279 DTXSID00625136 DTXSID10345131 DTXSID60155343 DTXSID10734102 DTXSID20655394 DTXSID90290453
DTXSID30452775	DTXSID30541491 DTXSID10726820 DTXSID80604707 DTXSID80572891 DTXSID80736618 DTXSID10325094 DTXSID9021712 DTXSID90185370 DTXSID60284824 DTXSID60217359 DTXSID50433142 DTXSID60532291 DTXSID40588413 DTXSID10364382 DTXSID50849961 DTXSID40181286 DTXSID00661216 DTXSID50833688 DTXSID40674385 DTXSID00650544
DTXSID10658859	DTXSID90619786 DTXSID50753837 DTXSID30769931 DTXSID80338050 DTXSID00432089 DTXSID30146203 DTXSID80816363 DTXSID00887737 DTXSID20184573 DTXSID70340864 DTXSID10605267 DTXSID80759781 DTXSID00432064 DTXSID0062896 DTXSID20889036 DTXSID50307511 DTXSID80872661 DTXSID0074637 DTXSID00647136 DTXSID30210675
DTXSID10710663	DTXSID40814724 DTXSID00856766 DTXSID90661225 DTXSID00568731 DTXSID70795315 DTXSID80619876 DTXSID80679218 DTXSID10710547 DTXSID50174189 DTXSID60600484 DTXSID50509992 DTXSID80553342 DTXSID10875923 DTXSID40529149 DTXSID10728889 DTXSID60848061 DTXSID70670057 DTXSID70799373 DTXSID40585508 DTXSID10708424
DTXSID90374045	DTXSID40794991 DTXSID50230830 DTXSID60625354 DTXSID60365925 DTXSID90614711 DTXSID20840849 DTXSID9041445 DTXSID00594772 DTXSID50697161 DTXSID60443631 DTXSID4060739 DTXSID90626950 DTXSID60711948 DTXSID40747321 DTXSID30653301 DTXSID20624303 DTXSID10565357 DTXSID50310747 DTXSID00350315 DTXSID90640813
DTXSID20184573	DTXSID00432089 DTXSID80816363 DTXSID0074637 DTXSID00647136 DTXSID7063348 DTXSID70340864 DTXSID90619786 DTXSID10658859 DTXSID00887737 DTXSID0062896 DTXSID80338050 DTXSID50307511 DTXSID5068237 DTXSID50753837 DTXSID50887767 DTXSID30769931 DTXSID30146203 DTXSID5052628 DTXSID80759781 DTXSID00432448
DTXSID90727173	DTXSID40694386 DTXSID90757551 DTXSID80308177 DTXSID70586169 DTXSID40612666 DTXSID10298456 DTXSID10533536 DTXSID20623710 DTXSID60831973 DTXSID00486769 DTXSID00419451 DTXSID60739485 DTXSID30625048 DTXSID50193279 DTXSID10548160 DTXSID70548601 DTXSID20470721 DTXSID20590413 DTXSID40222108 DTXSID70601927
DTXSID70591172	DTXSID30482754 DTXSID5062425 DTXSID60528538 DTXSID90557492 DTXSID90170084 DTXSID40159763 DTXSID00850007 DTXSID90293828 DTXSID20641217 DTXSID30441386 DTXSID80459037 DTXSID30148065 DTXSID70342469 DTXSID50609340 DTXSID00712999 DTXSID50438652 DTXSID20406242 DTXSID00540491 DTXSID80827797 DTXSID40640242
DTXSID20883175	DTXSID80661234 DTXSID40649795 DTXSID50681767 DTXSID50453481 DTXSID30722324 DTXSID80154818 DTXSID80349606 DTXSID20680303 DTXSID50175277 DTXSID40237176 DTXSID70623684 DTXSID00374652 DTXSID40700572 DTXSID80279772 DTXSID10160386 DTXSID80292582 DTXSID5022803 DTXSID40405393 DTXSID10186102 DTXSID60150590
DTXSID40753881	DTXSID50297443 DTXSID00520293 DTXSID4045682 DTXSID20835432 DTXSID40721964 DTXSID20676403 DTXSID10574121 DTXSID60240667 DTXSID90151732 DTXSID10586047 DTXSID90850713 DTXSID60667653 DTXSID40325507 DTXSID00292362 DTXSID70434232 DTXSID40385343 DTXSID80162079 DTXSID10673906 DTXSID80205258 DTXSID10470412
DTXSID50361299	DTXSID80556555 DTXSID70440979 DTXSID50369997 DTXSID80351663 DTXSID50333673 DTXSID40494863 DTXSID10499709 DTXSID90807202 DTXSID00446065 DTXSID80388515 DTXSID10815440 DTXSID00455874 DTXSID60459171 DTXSID90494237 DTXSID20318553 DTXSID70554161 DTXSID50294013 DTXSID00349547 DTXSID10368805 DTXSID70176185
DTXSID40781609	DTXSID00637274 DTXSID40334755 DTXSID10591237 DTXSID60854566 DTXSID40795620 DTXSID00227472 DTXSID50818238 DTXSID50309898 DTXSID80806628 DTXSID10579631 DTXSID90769098 DTXSID20337941 DTXSID90826973 DTXSID60232926 DTXSID60501967 DTXSID20793129 DTXSID70840778 DTXSID40604041 DTXSID10338028 DTXSID80766713
DTXSID20187983	DTXSID20813492 DTXSID80589606 DTXSID90676738 DTXSID40623939 DTXSID10181056 DTXSID10299009 DTXSID00383284 DTXSID70879689 DTXSID60383760 DTXSID00472607 DTXSID80676848 DTXSID30284199 DTXSID10727791 DTXSID10702407 DTXSID20303686 DTXSID40511640 DTXSID10646857 DTXSID60285497 DTXSID10307178 DTXSID90879368
DTXSID80711086	DTXSID50739292 DTXSID20514699 DTXSID30646278 DTXSID30621202 DTXSID40292366 DTXSID10462130 DTXSID60404409 DTXSID90381971 DTXSID20657131 DTXSID70646277 DTXSID90879303 DTXSID80703926 DTXSID40605891 DTXSID00430803 DTXSID00464143 DTXSID10695087 DTXSID00843535 DTXSID80614503 DTXSID60726476 DTXSID00672261
DTXSID70765270	DTXSID80599947 DTXSID70234370 DTXSID00886881 DTXSID40555266 DTXSID80221812 DTXSID80327409 DTXSID80151569 DTXSID50154805 DTXSID80792077 DTXSID30815164 DTXSID30893008 DTXSID90160344 DTXSID90158322 DTXSID80723124 DTXSID60489953 DTXSID30660373 DTXSID00337085 DTXSID70467883 DTXSID60611979 DTXSID30148863
DTXSID40544695	DTXSID20582919 DTXSID70176408 DTXSID40815312 DTXSID00190899 DTXSID70143731 DTXSID00587583 DTXSID10313532 DTXSID80768717 DTXSID40239670 DTXSID70751971 DTXSID20550310 DTXSID30816550 DTXSID80357468 DTXSID00197762 DTXSID90705799 DTXSID80630541 DTXSID30639701 DTXSID50707895 DTXSID40382796 DTXSID30675245
DTXSID10195315	DTXSID50524201 DTXSID10584765 DTXSID80404426 DTXSID70614239 DTXSID30465800 DTXSID80597524 DTXSID80151882 DTXSID20742591 DTXSID10367292 DTXSID90344526 DTXSID10316220 DTXSID80741368 DTXSID70725612 DTXSID80449256 DTXSID30824690 DTXSID50323731 DTXSID30676515 DTXSID40233512 DTXSID30444296 DTXSID70802775
DTXSID80502870	DTXSID00646740 DTXSID40744315 DTXSID40614903 DTXSID20704078 DTXSID30323219 DTXSID10739854 DTXSID00565861 DTXSID60151047 DTXSID70594325 DTXSID80897339 DTXSID10694631 DTXSID50763875 DTXSID00241971 DTXSID50807309 DTXSID10210118 DTXSID60646089 DTXSID20593989 DTXSID20284901 DTXSID70314868 DTXSID00342699
DTXSID70873622	DTXSID30540383 DTXSID80440844 DTXSID60184532 DTXSID70721614 DTXSID20756234 DTXSID60494921 DTXSID20204487 DTXSID20804840 DTXSID30767634 DTXSID00639879 DTXSID30855727 DTXSID80847197 DTXSID50341016 DTXSID00296961 DTXSID00653333 DTXSID50242539 DTXSID10498474 DTXSID50316123 DTXSID40852085 DTXSID70332168
DTXSID70449765	DTXSID10627181 DTXSID50637769 DTXSID10510948 DTXSID60481437 DTXSID40791748 DTXSID10198806 DTXSID80450948 DTXSID30525231 DTXSID20495494 DTXSID40534915 DTXSID60228420 DTXSID80552279 DTXSID30346509 DTXSID4022076 DTXSID00814942 DTXSID60625556 DTXSID90433782 DTXSID00551027 DTXSID00405738 DTXSID10633424
DTXSID70668499	DTXSID10765572 DTXSID10604513 DTXSID3059505 DTXSID90167257 DTXSID30573292 DTXSID70516729 DTXSID90604692 DTXSID60649136 DTXSID80855555 DTXSID80847713 DTXSID70598444 DTXSID20468406 DTXSID70446895 DTXSID50210814 DTXSID00531485 DTXSID60830062 DTXSID50734909 DTXSID00791224 DTXSID20513824 DTXSID70626953
DTXSID80640201	DTXSID20656366 DTXSID70611081 DTXSID40446064 DTXSID60550096 DTXSID10733074 DTXSID60813077 DTXSID70708324 DTXSID00725605 DTXSID10519254 DTXSID20645871 DTXSID90486990 DTXSID20862849 DTXSID40407377 DTXSID70647688 DTXSID40504491 DTXSID20533542 DTXSID80338176 DTXSID80299970 DTXSID80876523 DTXSID10452955
DTXSID70768084	DTXSID20179000 DTXSID50533959 DTXSID70785433 DTXSID50759096 DTXSID80830605 DTXSID50730860 DTXSID60823212 DTXSID70322827 DTXSID60832940 DTXSID50780365 DTXSID30532369 DTXSID70757074 DTXSID00750538 DTXSID60605217 DTXSID80634549 DTXSID80768398 DTXSID40789867 DTXSID20802604 DTXSID50757835 DTXSID20888665
DTXSID40496120	DTXSID80828986 DTXSID70452133 DTXSID10483325 DTXSID90494676 DTXSID30780308 DTXSID80646728 DTXSID30772364 DTXSID40832084 DTXSID80457932 DTXSID50567355 DTXSID50695420 DTXSID50403123 DTXSID80303223 DTXSID60615215 DTXSID70507899 DTXSID90375138 DTXSID90383293 DTXSID40360872 DTXSID40857631 DTXSID00376691
DTXSID00786099	DTXSID60659735 DTXSID00339069 DTXSID60240440 DTXSID20432905 DTXSID70724408 DTXSID60884823 DTXSID80840345 DTXSID20604342 DTXSID40815736 DTXSID00816986 DTXSID50766705 DTXSID90152264 DTXSID60658541 DTXSID60715789 DTXSID50817701 DTXSID70453201 DTXSID30809604 DTXSID00404029 DTXSID70564664 DTXSID70720485
DTXSID60498388	DTXSID20739320 DTXSID00646886 DTXSID90676839 DTXSID90631125 DTXSID80480467 DTXSID10402258 DTXSID30671904 DTXSID50608176 DTXSID00710011 DTXSID4020953 DTXSID90365938 DTXSID90559693 DTXSID20661910 DTXSID00654103 DTXSID50453587 DTXSID60885815 DTXSID20576136 DTXSID50737516 DTXSID4025903 DTXSID20610786
DTXSID80336930	DTXSID00181227 DTXSID9060780 DTXSID30561457 DTXSID60752952 DTXSID70450674 DTXSID80755203 DTXSID10767839 DTXSID10648492 DTXSID90240731 DTXSID5068237 DTXSID30147033 DTXSID90759777 DTXSID20544754 DTXSID30710786 DTXSID40195666 DTXSID0062896 DTXSID70241241 DTXSID7062829 DTXSID10886074 DTXSID80759781
DTXSID20386156	DTXSID80527407 DTXSID80356693 DTXSID40620483 DTXSID50186787 DTXSID90330247 DTXSID80535885 DTXSID20389647 DTXSID50885905 DTXSID90340548 DTXSID90771979 DTXSID20823753 DTXSID9059541 DTXSID20285978 DTXSID50213486 DTXSID60390353 DTXSID20390738 DTXSID50768183 DTXSID70436675 DTXSID20747682 DTXSID10398708
DTXSID90544741	DTXSID20379503 DTXSID00315606 DTXSID20797081 DTXSID00184258 DTXSID90612898 DTXSID50694418 DTXSID70383473 DTXSID40700158 DTXSID80876982 DTXSID30184524 DTXSID40303103 DTXSID20612902 DTXSID70592609 DTXSID30449367 DTXSID90499161 DTXSID30804533 DTXSID30278139 DTXSID90431228 DTXSID90209343 DTXSID60708712
DTXSID90715717	DTXSID60744317 DTXSID90447349 DTXSID80142856 DTXSID90499641 DTXSID70828773 DTXSID50742468 DTXSID70524783 DTXSID70221826 DTXSID30442510 DTXSID90205022 DTXSID30540282 DTXSID90554466 DTXSID20628588 DTXSID90499161 DTXSID00604183 DTXSID70143155 DTXSID10516208 DTXSID70395213 DTXSID00619277 DTXSID20378677
DTXSID80646122	DTXSID5067500 DTXSID10833987 DTXSID30322904 DTXSID80633057 DTXSID30298938 DTXSID20876805 DTXSID60896542 DTXSID60733827 DTXSID80476729 DTXSID90508585 DTXSID1024752 DTXSID70542503 DTXSID20819292 DTXSID20368533 DTXSID40341469 DTXSID20697678 DTXSID30725613 DTXSID10157079 DTXSID1020724 DTXSID10458452
DTXSID00302495	DTXSID00606703 DTXSID10438850 DTXSID90628893 DTXSID50301953 DTXSID40456163 DTXSID30460577 DTXSID40509007 DTXSID10361215 DTXSID70199334 DTXSID00178112 DTXSID70357452 DTXSID30849560 DTXSID70857447 DTXSID70766489 DTXSID00811431 DTXSID90343534 DTXSID40603837 DTXSID90439183 DTXSID00614904 DTXSID90320648
DTXSID50853664	DTXSID20478000 DTXSID80466488 DTXSID50392846 DTXSID00452045 DTXSID50896096 DTXSID10406059 DTXSID30666870 DTXSID90581772 DTXSID40655977 DTXSID50286771 DTXSID2060387 DTXSID40589445 DTXSID70787230 DTXSID40762559 DTXSID7046388 DTXSID50671709 DTXSID10560963 DTXSID80612226 DTXSID60227615 DTXSID80344898
DTXSID90499202	DTXSID20435658 DTXSID00872860 DTXSID50428912 DTXSID90319355 DTXSID70797415 DTXSID90529871 DTXSID30473081 DTXSID80162392 DTXSID90358481 DTXSID40694346 DTXSID30382886 DTXSID10491920 DTXSID60843899 DTXSID20231591 DTXSID50778606 DTXSID00464688 DTXSID50637522 DTXSID00484583 DTXSID80635894 DTXSID60501402
DTXSID90706165	DTXSID80896049 DTXSID20857311 DTXSID80615318 DTXSID80589267 DTXSID10307991 DTXSID20431074 DTXSID10661166 DTXSID30672274 DTXSID10602690 DTXSID80351683 DTXSID40294108 DTXSID10506922 DTXSID00769246 DTXSID10344169 DTXSID70788823 DTXSID80337326 DTXSID70310608 DTXSID40593845 DTXSID80378471 DTXSID20660963
DTXSID20720475	DTXSID00346314 DTXSID00743384 DTXSID60465696 DTXSID80601110 DTXSID10495741 DTXSID10669208 DTXSID80452745 DTXSID20722510 DTXSID30419065 DTXSID60493474 DTXSID30700546 DTXSID7073486 DTXSID30301279 DTXSID30454996 DTXSID50395812 DTXSID40721469 DTXSID90557811 DTXSID80553706 DTXSID10577576 DTXSID20716575
DTXSID20720470	DTXSID00841995 DTXSID80396852 DTXSID20405250 DTXSID40387802 DTXSID70237664 DTXSID70368043 DTXSID70342328 DTXSID90841565 DTXSID20655571 DTXSID80170790 DTXSID00697257 DTXSID50300204 DTXSID20896184 DTXSID80645236 DTXSID60557545 DTXSID10389373 DTXSID90284478 DTXSID50725615 DTXSID30373673 DTXSID70615746
DTXSID1023233	DTXSID20794818 DTXSID10808392 DTXSID20873935 DTXSID20453190 DTXSID40594852 DTXSID70571636 DTXSID30624394 DTXSID60593084 DTXSID10318623 DTXSID60701102 DTXSID00421579 DTXSID00307723 DTXSID30748145 DTXSID60725848 DTXSID40467916 DTXSID3066267 DTXSID40346691 DTXSID30725678 DTXSID9069007 DTXSID10629923
DTXSID00462684	DTXSID60635458 DTXSID70628018 DTXSID20295517 DTXSID20369429 DTXSID40297775 DTXSID70349519 DTXSID70295163 DTXSID90734029 DTXSID6041769 DTXSID40793823 DTXSID10555091 DTXSID60470523 DTXSID60295354 DTXSID20277075 DTXSID60551669 DTXSID2047016 DTXSID20212022 DTXSID90547797 DTXSID20377125 DTXSID70165236
DTXSID40420561	DTXSID80588154 DTXSID60537100 DTXSID60278708 DTXSID00755947 DTXSID90530760 DTXSID50618790 DTXSID50713451 DTXSID90408415 DTXSID10511778 DTXSID60544819 DTXSID20738797 DTXSID40552573 DTXSID00656980 DTXSID40217079 DTXSID80657213 DTXSID40821059 DTXSID10772064 DTXSID10459469 DTXSID30618773 DTXSID70317253
DTXSID50174083	DTXSID00186636 DTXSID00225771 DTXSID70297602 DTXSID90590243 DTXSID60716493 DTXSID40298348 DTXSID10482636 DTXSID70877089 DTXSID50600332 DTXSID90152446 DTXSID90556965 DTXSID60174711 DTXSID50728005 DTXSID50313056 DTXSID20509883 DTXSID30805747 DTXSID80448244 DTXSID90477409 DTXSID50709910 DTXSID70241625
DTXSID20503927	DTXSID80660707 DTXSID90565294 DTXSID00632961 DTXSID50170787 DTXSID90847486 DTXSID90375214 DTXSID90277789 DTXSID70487304 DTXSID10144949 DTXSID60761685 DTXSID90536565 DTXSID30753395 DTXSID00715541 DTXSID70822074 DTXSID40163406 DTXSID80748150 DTXSID50840392 DTXSID50878074 DTXSID00701883 DTXSID70529697
DTXSID70759654	DTXSID00678208 DTXSID80877338 DTXSID90796884 DTXSID40682364 DTXSID20185808 DTXSID40382812 DTXSID80637257 DTXSID70477947 DTXSID10700029 DTXSID30819304 DTXSID90179991 DTXSID0052388 DTXSID5070232 DTXSID00802182 DTXSID10772928 DTXSID10518727 DTXSID30325278 DTXSID80456728 DTXSID60640047 DTXSID50694498
DTXSID00585105	DTXSID40806821 DTXSID90373013 DTXSID60646120 DTXSID90195772 DTXSID50351332 DTXSID30188123 DTXSID60193826 DTXSID90295367 DTXSID50725615 DTXSID70178265 DTXSID10708742 DTXSID10367090 DTXSID30202090 DTXSID20392196 DTXSID20651932 DTXSID60879315 DTXSID40717226 DTXSID30557991 DTXSID00826525 DTXSID90284579
DTXSID50595032	DTXSID00391167 DTXSID10627328 DTXSID00345842 DTXSID40697913 DTXSID00195960 DTXSID20895733 DTXSID40646486 DTXSID50180543 DTXSID20734653 DTXSID60664203 DTXSID00461617 DTXSID10742747 DTXSID60587524 DTXSID30527699 DTXSID50208236 DTXSID90481965 DTXSID90520383 DTXSID40388076 DTXSID20856622 DTXSID20807311
DTXSID60475730	DTXSID00373721 DTXSID30554167 DTXSID00295277 DTXSID50302703 DTXSID30811020 DTXSID40663532 DTXSID50853725 DTXSID00544772 DTXSID50302763 DTXSID30609247 DTXSID30418775 DTXSID20467313 DTXSID30566624 DTXSID30465360 DTXSID3044918 DTXSID80348497 DTXSID20835912 DTXSID50590062 DTXSID00480065 DTXSID00641119
DTXSID60855957	DTXSID00829036 DTXSID20306137 DTXSID80611193 DTXSID80436641 DTXSID60787224 DTXSID60718134 DTXSID50368642 DTXSID70453488 DTXSID50181954 DTXSID70287447 DTXSID10188005 DTXSID80652167 DTXSID40828184 DTXSID30758224 DTXSID70367879 DTXSID10154664 DTXSID00588297 DTXSID90317432 DTXSID10605303 DTXSID30175174
DTXSID2041963	DTXSID3073397 DTXSID90411444 DTXSID40501208 DTXSID70366605 DTXSID30844757 DTXSID90401946 DTXSID00425552 DTXSID20390950 DTXSID50375033 DTXSID10796583 DTXSID80645312 DTXSID70283005 DTXSID60744312 DTXSID60459959 DTXSID30649502 DTXSID00374031 DTXSID70188187 DTXSID50558329 DTXSID70212375 DTXSID90836456
DTXSID10174660	DTXSID80740972 DTXSID50639945 DTXSID60340196 DTXSID00511328 DTXSID90475203 DTXSID90731876 DTXSID50810611 DTXSID80486469 DTXSID10307537 DTXSID30705071 DTXSID50660118 DTXSID70193337 DTXSID40504138 DTXSID80589580 DTXSID00879551 DTXSID40304150 DTXSID00465357 DTXSID20721068 DTXSID50742746 DTXSID10712182
DTXSID40633614	DTXSID80536276 DTXSID80441730 DTXSID70729352 DTXSID70652636 DTXSID60696529 DTXSID10430450 DTXSID30225724 DTXSID50879602 DTXSID80637712 DTXSID60681556 DTXSID00449339 DTXSID20381166 DTXSID50179311 DTXSID30889784 DTXSID00312413 DTXSID20741908 DTXSID40505180 DTXSID70388408 DTXSID50454276 DTXSID40495138
DTXSID50704788	DTXSID50879142 DTXSID00382030 DTXSID00287899 DTXSID80355863 DTXSID30313635 DTXSID40793823 DTXSID60798719 DTXSID30309654 DTXSID70369696 DTXSID70274377 DTXSID90407221 DTXSID80596173 DTXSID90657865 DTXSID60646342 DTXSID40596119 DTXSID20369429 DTXSID60742111 DTXSID20429870 DTXSID6041769 DTXSID60626321
DTXSID50678379	DTXSID90396409 DTXSID00166478 DTXSID80354715 DTXSID60183868 DTXSID20295274 DTXSID60705544 DTXSID60497452 DTXSID80661173 DTXSID80358899 DTXSID70876234 DTXSID90362422 DTXSID70165837 DTXSID90457286 DTXSID40556990 DTXSID90567016 DTXSID00511085 DTXSID90753477 DTXSID30393856 DTXSID30885241 DTXSID40508934
DTXSID60173527	DTXSID10313537 DTXSID00371969 DTXSID40352676 DTXSID50586440 DTXSID60299094 DTXSID10656012 DTXSID3071278 DTXSID30321194 DTXSID40617772 DTXSID70665004 DTXSID60588177 DTXSID20564316 DTXSID10513631 DTXSID70291064 DTXSID90788820 DTXSID70593353 DTXSID70780645 DTXSID90794481 DTXSID40657259 DTXSID70392328
DTXSID00832722	DTXSID40652547 DTXSID50783619 DTXSID30825102 DTXSID30155996 DTXSID00454862 DTXSID10782320 DTXSID40219053 DTXSID70823546 DTXSID30851507 DTXSID4070378 DTXSID60152170 DTXSID00823534 DTXSID40156575 DTXSID80773083 DTXSID00590274 DTXSID10856792 DTXSID40471876 DTXSID10501255 DTXSID70880598 DTXSID30826654
DTXSID80354876	DTXSID70724089 DTXSID70147895 DTXSID50818359 DTXSID00631737 DTXSID00747382 DTXSID60470523 DTXSID20646803 DTXSID10503052 DTXSID00461238 DTXSID80601317 DTXSID10430157 DTXSID70165236 DTXSID20295517 DTXSID20641257 DTXSID60473115 DTXSID40879338 DTXSID90360625 DTXSID9064007 DTXSID60591944 DTXSID80620381
DTXSID60315945	DTXSID90513452 DTXSID00820260 DTXSID60558310 DTXSID20792955 DTXSID60740637 DTXSID20815673 DTXSID80676767 DTXSID70780766 DTXSID80240427 DTXSID40144790 DTXSID70499967 DTXSID00720559 DTXSID80611870 DTXSID10448853 DTXSID50576785 DTXSID30167256 DTXSID90509850 DTXSID90559138 DTXSID80283036 DTXSID40576476
DTXSID00768219	DTXSID50289404 DTXSID70793856 DTXSID20745486 DTXSID10826637 DTXSID70888296 DTXSID8027872 DTXSID0072776 DTXSID70762244 DTXSID50499107 DTXSID00841374 DTXSID70239188 DTXSID60241194 DTXSID10764146 DTXSID70177359 DTXSID00887474 DTXSID10784127 DTXSID30819268 DTXSID40707182 DTXSID00527666 DTXSID40770194
DTXSID20302371	DTXSID70329513 DTXSID80436722 DTXSID70851288 DTXSID00153661 DTXSID90787090 DTXSID40823492 DTXSID30773912 DTXSID50838375 DTXSID60801696 DTXSID30647583 DTXSID4070378 DTXSID70880417 DTXSID20894140 DTXSID00314351 DTXSID30826654 DTXSID30155996 DTXSID70823546 DTXSID70880598 DTXSID90241283 DTXSID10782320
DTXSID60783822	DTXSID60295137 DTXSID10211044 DTXSID00809530 DTXSID50761336 DTXSID30370420 DTXSID00504311 DTXSID30798185 DTXSID30336223 DTXSID40727906 DTXSID40556238 DTXSID20793487 DTXSID90798186 DTXSID50658550 DTXSID50378827 DTXSID40662505 DTXSID00295196 DTXSID20530950 DTXSID30398346 DTXSID50345231 DTXSID10820094
DTXSID00290247	DTXSID90778665 DTXSID70799712 DTXSID00442688 DTXSID00787167 DTXSID70562488 DTXSID10531254 DTXSID50816158 DTXSID70762224 DTXSID40576875 DTXSID70532929 DTXSID00170095 DTXSID10640512 DTXSID20602303 DTXSID00621330 DTXSID90816713 DTXSID50297620 DTXSID40181084 DTXSID70573993 DTXSID90426058 DTXSID90470157
DTXSID40573485	DTXSID60283413 DTXSID00816845 DTXSID90888152 DTXSID80206381 DTXSID90718102 DTXSID80852948 DTXSID20847353 DTXSID90675226 DTXSID00796355 DTXSID60816588 DTXSID60660361 DTXSID30656776 DTXSID00817918 DTXSID70809300 DTXSID90464773 DTXSID10301010 DTXSID60448429 DTXSID20463411 DTXSID00552832 DTXSID70464776
DTXSID20462722	DTXSID80820329 DTXSID10607544 DTXSID00303649 DTXSID10722665 DTXSID80774196 DTXSID0069915 DTXSID50496818 DTXSID10601360 DTXSID10292035 DTXSID80143040 DTXSID50569319 DTXSID70886191 DTXSID80365907 DTXSID40717822 DTXSID70282356 DTXSID00567961 DTXSID20477619 DTXSID70523034 DTXSID00196518 DTXSID80771766
DTXSID20641257	DTXSID90836193 DTXSID70743018 DTXSID60591944 DTXSID60818360 DTXSID00747382 DTXSID50393757 DTXSID90651646 DTXSID60591924 DTXSID70724089 DTXSID00821737 DTXSID80354876 DTXSID80601317 DTXSID00631737 DTXSID70630050 DTXSID90360625 DTXSID40427616 DTXSID20646803 DTXSID00308639 DTXSID60813496 DTXSID60670389
DTXSID10799296	DTXSID60174670 DTXSID40721146 DTXSID40373801 DTXSID60166439 DTXSID90404174 DTXSID20633374 DTXSID80734290 DTXSID20876507 DTXSID70344367 DTXSID90772002 DTXSID80202505 DTXSID00846344 DTXSID90383692 DTXSID60278066 DTXSID40433691 DTXSID20631638 DTXSID40560431 DTXSID00722331 DTXSID10645683 DTXSID6041501
DTXSID70842010	DTXSID00787066 DTXSID50811567 DTXSID40636908 DTXSID80873118 DTXSID40776631 DTXSID10797611 DTXSID60536552 DTXSID00632966 DTXSID10577450 DTXSID50816734 DTXSID20613499 DTXSID90773276 DTXSID60816720 DTXSID90638174 DTXSID60795081 DTXSID00809999 DTXSID90500261 DTXSID30316929 DTXSID30865700 DTXSID00756111
DTXSID40767246	DTXSID60818128 DTXSID50718906 DTXSID40718915 DTXSID40338031 DTXSID10338028 DTXSID00402808 DTXSID20818129 DTXSID60768018 DTXSID40604041 DTXSID90423986 DTXSID60501967 DTXSID20793129 DTXSID50771354 DTXSID60334732 DTXSID70880614 DTXSID90826973 DTXSID70477361 DTXSID30519534 DTXSID10579631 DTXSID80625518
DTXSID60172090	DTXSID10455688 DTXSID10876652 DTXSID70186380 DTXSID30806976 DTXSID10672419 DTXSID40174976 DTXSID10558300 DTXSID40786952 DTXSID00447830 DTXSID80278381 DTXSID20465778 DTXSID00576694 DTXSID90238173 DTXSID4059251 DTXSID40465871 DTXSID40340250 DTXSID20677536 DTXSID90767216 DTXSID90794901 DTXSID00431456
DTXSID10289940	DTXSID60664208 DTXSID30679061 DTXSID50368041 DTXSID90218415 DTXSID80451172 DTXSID50601344 DTXSID00429272 DTXSID20666384 DTXSID10879688 DTXSID70197592 DTXSID30534747 DTXSID8029072 DTXSID90279182 DTXSID30153356 DTXSID80650360 DTXSID10368805 DTXSID00218749 DTXSID10840136 DTXSID40293131 DTXSID00598078
DTXSID40536090	DTXSID50830854 DTXSID10392362 DTXSID10760229 DTXSID30896150 DTXSID20640881 DTXSID10727852 DTXSID70395778 DTXSID80548516 DTXSID20651932 DTXSID00384039 DTXSID10708742 DTXSID60429672 DTXSID20154993 DTXSID80351527 DTXSID60221092 DTXSID20611374 DTXSID80318690 DTXSID70239385 DTXSID60379527 DTXSID00188933
DTXSID50215283	DTXSID10144383 DTXSID10829527 DTXSID10528447 DTXSID70849443 DTXSID60635918 DTXSID10428534 DTXSID80554157 DTXSID40398958 DTXSID20834965 DTXSID50651006 DTXSID00719266 DTXSID90529396 DTXSID60649439 DTXSID70874098 DTXSID10311699 DTXSID50277442 DTXSID40361622 DTXSID30667261 DTXSID50649605 DTXSID40540738
DTXSID20642042	DTXSID4041232 DTXSID10864690 DTXSID10301010 DTXSID30850116 DTXSID80729641 DTXSID80733465 DTXSID20740698 DTXSID30839224 DTXSID00796355 DTXSID10615447 DTXSID50862599 DTXSID80399161 DTXSID4059540 DTXSID50761013 DTXSID90595036 DTXSID00816845 DTXSID5066089 DTXSID10853165 DTXSID80852948 DTXSID00203059
DTXSID40889316	DTXSID50757613 DTXSID50764246 DTXSID60526251 DTXSID30339597 DTXSID70240254 DTXSID60812404 DTXSID30388045 DTXSID00774698 DTXSID90381395 DTXSID50642439 DTXSID60283579 DTXSID60787562 DTXSID60620061 DTXSID90668794 DTXSID60441410 DTXSID40589743 DTXSID50722124 DTXSID30474452 DTXSID10748022 DTXSID20829639
DTXSID30450099	DTXSID60356272 DTXSID50629487 DTXSID20424567 DTXSID80402306 DTXSID70616516 DTXSID30557810 DTXSID20405275 DTXSID40648607 DTXSID90706488 DTXSID80479391 DTXSID90355798 DTXSID20394216 DTXSID40732550 DTXSID90611407 DTXSID20468163 DTXSID40504113 DTXSID00358977 DTXSID10356469 DTXSID20705661 DTXSID90348983
DTXSID90799633	DTXSID40610364 DTXSID50549631 DTXSID80472908 DTXSID70891442 DTXSID70296695 DTXSID80456228 DTXSID00406381 DTXSID90812856 DTXSID50590007 DTXSID10645683 DTXSID40835055 DTXSID50440356 DTXSID70280852 DTXSID50790207 DTXSID70356086 DTXSID90883667 DTXSID60278066 DTXSID80423172 DTXSID30374882 DTXSID00641295
DTXSID20614320	DTXSID90714144 DTXSID20547861 DTXSID50825321 DTXSID30637126 DTXSID30808778 DTXSID50568908 DTXSID50224219 DTXSID70203329 DTXSID50851665 DTXSID10467660 DTXSID30793711 DTXSID60195587 DTXSID50545613 DTXSID60738433 DTXSID80599205 DTXSID40797200 DTXSID10468334 DTXSID80820647 DTXSID00560311 DTXSID20813437
DTXSID90799638	DTXSID60281555 DTXSID60459959 DTXSID80629490 DTXSID70495863 DTXSID30788642 DTXSID70876658 DTXSID20390950 DTXSID50375033 DTXSID50558329 DTXSID40673595 DTXSID20293093 DTXSID70283005 DTXSID60640062 DTXSID30649502 DTXSID00609077 DTXSID70364525 DTXSID70212375 DTXSID60769580 DTXSID60206622 DTXSID00539461
DTXSID70319419	DTXSID10678537 DTXSID50719852 DTXSID40493593 DTXSID00802844 DTXSID7029372 DTXSID40668567 DTXSID80369228 DTXSID60341603 DTXSID20639957 DTXSID90814597 DTXSID10533430 DTXSID80603654 DTXSID10309314 DTXSID40526577 DTXSID80819470 DTXSID70531472 DTXSID70631668 DTXSID00829995 DTXSID00698901 DTXSID50491904
DTXSID80377949	DTXSID10397478 DTXSID10857380 DTXSID80646627 DTXSID70650152 DTXSID70496178 DTXSID40646461 DTXSID40677533 DTXSID70355690 DTXSID30555654 DTXSID40626425 DTXSID70464877 DTXSID60195325 DTXSID00190172 DTXSID90405606 DTXSID80718853 DTXSID90653125 DTXSID50289141 DTXSID30618536 DTXSID60840989 DTXSID50623167
DTXSID70353237	DTXSID10211680 DTXSID5068158 DTXSID30718065 DTXSID10733776 DTXSID60473099 DTXSID10495246 DTXSID50553950 DTXSID60378590 DTXSID00541362 DTXSID60425199 DTXSID30640913 DTXSID90456951 DTXSID40845735 DTXSID20163722 DTXSID40706014 DTXSID00876742 DTXSID00363884 DTXSID30589813 DTXSID00637734 DTXSID80772798
DTXSID70392924	DTXSID60435733 DTXSID10847428 DTXSID80552653 DTXSID70601927 DTXSID20761262 DTXSID20847232 DTXSID20623710 DTXSID00681696 DTXSID60831973 DTXSID10846613 DTXSID40724470 DTXSID10548160 DTXSID40577988 DTXSID40693233 DTXSID20590413 DTXSID40676763 DTXSID20778618 DTXSID60674165 DTXSID70736602 DTXSID40581646
DTXSID40561645	DTXSID00694049 DTXSID40495597 DTXSID20352412 DTXSID80237675 DTXSID80813019 DTXSID10168882 DTXSID40588493 DTXSID40296581 DTXSID90380404 DTXSID00371186 DTXSID90813020 DTXSID50441787 DTXSID00442188 DTXSID30311595 DTXSID50153176 DTXSID40168219 DTXSID80282226 DTXSID10734783 DTXSID00748011 DTXSID50218416
DTXSID80479391	DTXSID90611407 DTXSID10356469 DTXSID70710927 DTXSID40560350 DTXSID20394216 DTXSID00429050 DTXSID20405275 DTXSID80879731 DTXSID90706488 DTXSID30450099 DTXSID20424567 DTXSID20468163 DTXSID70616516 DTXSID80855090 DTXSID40845694 DTXSID30356764 DTXSID10749877 DTXSID20648620 DTXSID10444037 DTXSID50629487
DTXSID00363884	DTXSID00876742 DTXSID70739012 DTXSID10211680 DTXSID10650378 DTXSID90549170 DTXSID5068158 DTXSID80695776 DTXSID60542052 DTXSID60222746 DTXSID70589837 DTXSID20781223 DTXSID10733776 DTXSID60473099 DTXSID60425199 DTXSID40845735 DTXSID40642226 DTXSID10307496 DTXSID10511354 DTXSID70353237 DTXSID70353111
DTXSID60808645	DTXSID00192393 DTXSID90676834 DTXSID70812839 DTXSID00371020 DTXSID80604429 DTXSID50683468 DTXSID20879533 DTXSID60447795 DTXSID50399774 DTXSID20488386 DTXSID60532913 DTXSID70885523 DTXSID10461224 DTXSID70157833 DTXSID70733712 DTXSID00825816 DTXSID10380921 DTXSID40232909 DTXSID90724384 DTXSID90402756
DTXSID80380630	DTXSID80549962 DTXSID20655571 DTXSID90675923 DTXSID50300204 DTXSID60567341 DTXSID20188935 DTXSID80645236 DTXSID30896559 DTXSID20896422 DTXSID20720470 DTXSID40152835 DTXSID70237664 DTXSID00734131 DTXSID20733565 DTXSID30634736 DTXSID00841995 DTXSID80896423 DTXSID80396852 DTXSID40387802 DTXSID00431279
DTXSID40509623	DTXSID40311142 DTXSID80224782 DTXSID20419099 DTXSID00480469 DTXSID60743643 DTXSID10361513 DTXSID50392285 DTXSID60680908 DTXSID40655230 DTXSID70649283 DTXSID10626018 DTXSID60820660 DTXSID40516574 DTXSID90663466 DTXSID20620805 DTXSID00515240 DTXSID50776829 DTXSID90276479 DTXSID20846260 DTXSID20642128
DTXSID80369228	DTXSID40526577 DTXSID40493593 DTXSID7029372 DTXSID80603654 DTXSID00802844 DTXSID20639957 DTXSID70531472 DTXSID10327533 DTXSID80674147 DTXSID70319419 DTXSID80819470 DTXSID20522476 DTXSID20818982 DTXSID70678311 DTXSID90286755 DTXSID40487235 DTXSID60590538 DTXSID10309314 DTXSID00829995 DTXSID00321702
DTXSID00176173	DTXSID30347430 DTXSID50573193 DTXSID10626775 DTXSID40501203 DTXSID50342467 DTXSID20669335 DTXSID40390654 DTXSID80407876 DTXSID90399273 DTXSID30453383 DTXSID30451647 DTXSID0047741 DTXSID10338821 DTXSID20173321 DTXSID20342474 DTXSID2022127 DTXSID00223994 DTXSID70566345 DTXSID90275088 DTXSID90738906
DTXSID10557050	DTXSID50429722 DTXSID60145820 DTXSID90300187 DTXSID60593347 DTXSID70590584 DTXSID00158752 DTXSID50677448 DTXSID70653901 DTXSID20522017 DTXSID90672275 DTXSID40699437 DTXSID3063417 DTXSID60383760 DTXSID00145980 DTXSID30284199 DTXSID90285046 DTXSID40332695 DTXSID70680272 DTXSID10371632 DTXSID80370955
DTXSID40818848	DTXSID00398232 DTXSID40624108 DTXSID00773323 DTXSID70488179 DTXSID70748205 DTXSID50308568 DTXSID60443191 DTXSID50303811 DTXSID50336265 DTXSID20190891 DTXSID60700392 DTXSID10628037 DTXSID60435793 DTXSID50292099 DTXSID80392899 DTXSID40650629 DTXSID10517078 DTXSID30659560 DTXSID6070435 DTXSID00722634
DTXSID80298887	DTXSID40806220 DTXSID20278163 DTXSID00504230 DTXSID70308404 DTXSID60642405 DTXSID50645627 DTXSID50496595 DTXSID70845187 DTXSID00541347 DTXSID70515611 DTXSID10725737 DTXSID00542470 DTXSID70846614 DTXSID20804082 DTXSID00588237 DTXSID90792028 DTXSID60840166 DTXSID90456239 DTXSID50810676 DTXSID60646943
DTXSID50325735	DTXSID40761729 DTXSID10351257 DTXSID50460918 DTXSID40396919 DTXSID40751488 DTXSID30751750 DTXSID90505372 DTXSID00533141 DTXSID70876552 DTXSID00511303 DTXSID30350843 DTXSID1044514 DTXSID30494877 DTXSID60558138 DTXSID10752705 DTXSID60289273 DTXSID30714365 DTXSID40711522 DTXSID60829072 DTXSID90330909
DTXSID90645348	DTXSID80808541 DTXSID20680303 DTXSID50175277 DTXSID80292582 DTXSID10186102 DTXSID60150590 DTXSID30640938 DTXSID50453481 DTXSID40700572 DTXSID70576904 DTXSID50681767 DTXSID40649795 DTXSID5022803 DTXSID20391189 DTXSID70799373 DTXSID30207207 DTXSID00662940 DTXSID80427291 DTXSID20883175 DTXSID80661234
DTXSID00390958	DTXSID50863142 DTXSID10371591 DTXSID00774294 DTXSID40190474 DTXSID80343528 DTXSID70562589 DTXSID80360679 DTXSID8036653 DTXSID50404554 DTXSID90306129 DTXSID50681601 DTXSID20321380 DTXSID30818579 DTXSID80834981 DTXSID90527650 DTXSID90730243 DTXSID70674131 DTXSID50603343 DTXSID80519504 DTXSID20822403
DTXSID6044858	DTXSID60671937 DTXSID90405606 DTXSID50729193 DTXSID40626425 DTXSID20168616 DTXSID70355690 DTXSID60444305 DTXSID80646627 DTXSID70658234 DTXSID30725810 DTXSID40493270 DTXSID30351057 DTXSID40677533 DTXSID60195325 DTXSID80648161 DTXSID00739141 DTXSID70650152 DTXSID80377949 DTXSID30618536 DTXSID00671936
DTXSID50406932	DTXSID20647693 DTXSID10198205 DTXSID40758917 DTXSID80440647 DTXSID80814102 DTXSID00839751 DTXSID70315971 DTXSID40334275 DTXSID50450930 DTXSID60725101 DTXSID10349472 DTXSID20354870 DTXSID20406141 DTXSID50635285 DTXSID90462936 DTXSID10696150 DTXSID70226290 DTXSID90442410 DTXSID40380277 DTXSID30796606
DTXSID50662359	DTXSID90445805 DTXSID80631275 DTXSID80558271 DTXSID40194558 DTXSID40773983 DTXSID20327009 DTXSID20151705 DTXSID80442686 DTXSID10579717 DTXSID10712889 DTXSID30176540 DTXSID40450409 DTXSID10199636 DTXSID30144305 DTXSID90759338 DTXSID50218416 DTXSID20798412 DTXSID40415679 DTXSID80780792 DTXSID10672792
DTXSID0074637	DTXSID20184573 DTXSID50887767 DTXSID00647136 DTXSID00432089 DTXSID50307511 DTXSID80816363 DTXSID70587777 DTXSID20824306 DTXSID70340864 DTXSID7063348 DTXSID00432448 DTXSID80770815 DTXSID30702166 DTXSID10658859 DTXSID5052628 DTXSID90619786 DTXSID70559575 DTXSID90209025 DTXSID00887737 DTXSID30769931
DTXSID50345559	DTXSID40332150 DTXSID30443108 DTXSID40156419 DTXSID20856788 DTXSID90458399 DTXSID80441533 DTXSID40765540 DTXSID20793508 DTXSID60700918 DTXSID20544931 DTXSID40749587 DTXSID50485202 DTXSID10601885 DTXSID80303546 DTXSID10594324 DTXSID20877630 DTXSID30648393 DTXSID60806661 DTXSID10717975 DTXSID5052387
DTXSID00481779	DTXSID50757350 DTXSID20771341 DTXSID60446501 DTXSID60421353 DTXSID9068378 DTXSID60312631 DTXSID90655745 DTXSID00487938 DTXSID90152885 DTXSID60422946 DTXSID3046166 DTXSID50152285 DTXSID00766412 DTXSID70439989 DTXSID30369379 DTXSID40430185 DTXSID40507280 DTXSID90390301 DTXSID20704255 DTXSID50462472
DTXSID50345554	DTXSID20774958 DTXSID50399370 DTXSID60710239 DTXSID90349172 DTXSID40489330 DTXSID90473522 DTXSID00341086 DTXSID20562958 DTXSID80791282 DTXSID20572976 DTXSID40831916 DTXSID10607802 DTXSID30410198 DTXSID40311824 DTXSID70514624 DTXSID30447287 DTXSID00831917 DTXSID00596812 DTXSID00343681 DTXSID40415492
DTXSID00392376	DTXSID70473525 DTXSID70652439 DTXSID40433398 DTXSID90294173 DTXSID30344606 DTXSID00380238 DTXSID80501883 DTXSID50290696 DTXSID30241545 DTXSID30876114 DTXSID30483029 DTXSID80303985 DTXSID10236696 DTXSID40645631 DTXSID40770336 DTXSID90379459 DTXSID70693443 DTXSID40274541 DTXSID40877455 DTXSID10472875
DTXSID00743384	DTXSID20720475 DTXSID10495741 DTXSID60465696 DTXSID00346314 DTXSID80601110 DTXSID30301279 DTXSID10669208 DTXSID60493474 DTXSID80452745 DTXSID90557811 DTXSID70667068 DTXSID30700546 DTXSID40721469 DTXSID50395812 DTXSID30454996 DTXSID20716575 DTXSID20722510 DTXSID10577576 DTXSID7073486 DTXSID80553706
DTXSID30350186	DTXSID80468563 DTXSID50677448 DTXSID60285497 DTXSID10651305 DTXSID40571168 DTXSID1042281 DTXSID00158752 DTXSID30404754 DTXSID50164641 DTXSID60593347 DTXSID90672275 DTXSID60167603 DTXSID10197915 DTXSID10702407 DTXSID30310427 DTXSID20522017 DTXSID70590584 DTXSID10557050 DTXSID60383760 DTXSID50709672
DTXSID20368194	DTXSID60588576 DTXSID50631606 DTXSID50697429 DTXSID50179518 DTXSID60739526 DTXSID80710670 DTXSID10618519 DTXSID30787357 DTXSID20834086 DTXSID70202337 DTXSID10393657 DTXSID20605314 DTXSID30852256 DTXSID10301277 DTXSID5070529 DTXSID90695323 DTXSID70735690 DTXSID90560729 DTXSID10806398 DTXSID10716180
DTXSID60594132	DTXSID30279207 DTXSID10658632 DTXSID80781567 DTXSID80664447 DTXSID30280515 DTXSID80369627 DTXSID40310175 DTXSID10506866 DTXSID80635011 DTXSID40225492 DTXSID30782766 DTXSID50467003 DTXSID30207525 DTXSID00223095 DTXSID80820804 DTXSID6023315 DTXSID00604345 DTXSID70599390 DTXSID30465820 DTXSID80324357
DTXSID20218842	DTXSID50651304 DTXSID10310021 DTXSID40546790 DTXSID20801894 DTXSID60415939 DTXSID10321879 DTXSID60609316 DTXSID00225594 DTXSID30615328 DTXSID00749821 DTXSID00829056 DTXSID20243255 DTXSID00277659 DTXSID20595640 DTXSID00614525 DTXSID10703373 DTXSID6062672 DTXSID80723765 DTXSID90400712 DTXSID40530331
DTXSID20664825	DTXSID40494060 DTXSID40674401 DTXSID2062032 DTXSID60344275 DTXSID40300394 DTXSID70171099 DTXSID00526659 DTXSID50646174 DTXSID50374021 DTXSID90494237 DTXSID20162952 DTXSID50581773 DTXSID50616953 DTXSID50170126 DTXSID10355255 DTXSID30280217 DTXSID00455874 DTXSID10653849 DTXSID80388515 DTXSID90389316
DTXSID10511157	DTXSID00234146 DTXSID60775681 DTXSID20755202 DTXSID50507599 DTXSID60242747 DTXSID90763152 DTXSID60872285 DTXSID80274202 DTXSID10872659 DTXSID60816366 DTXSID60780199 DTXSID20181421 DTXSID30429503 DTXSID10824153 DTXSID40845013 DTXSID40613991 DTXSID60276143 DTXSID40563189 DTXSID00829132 DTXSID0067503
DTXSID00725246	DTXSID50175434 DTXSID30796267 DTXSID60646549 DTXSID70283348 DTXSID7047015 DTXSID70842212 DTXSID60449335 DTXSID40577145 DTXSID30455463 DTXSID30648393 DTXSID50369598 DTXSID80303546 DTXSID50786261 DTXSID20587585 DTXSID7020211 DTXSID70477760 DTXSID5037602 DTXSID80784316 DTXSID30815205 DTXSID60732693
DTXSID30280217	DTXSID70856415 DTXSID20516936 DTXSID00383860 DTXSID90389316 DTXSID40674401 DTXSID00526659 DTXSID50374021 DTXSID20607676 DTXSID20664825 DTXSID70239542 DTXSID90476876 DTXSID20162952 DTXSID80392056 DTXSID90679880 DTXSID70171099 DTXSID60358791 DTXSID50581773 DTXSID00649993 DTXSID50646174 DTXSID70805004
DTXSID50469906	DTXSID20425296 DTXSID30282615 DTXSID10499269 DTXSID70323197 DTXSID40460846 DTXSID10163594 DTXSID70179717 DTXSID20703682 DTXSID80506439 DTXSID80452503 DTXSID70614431 DTXSID70600798 DTXSID60425230 DTXSID6035156 DTXSID70232093 DTXSID70526065 DTXSID70739870 DTXSID40316117 DTXSID00663275 DTXSID30610111
DTXSID40529149	DTXSID00568731 DTXSID30625664 DTXSID00856766 DTXSID60600484 DTXSID50467003 DTXSID80820804 DTXSID80619876 DTXSID6023315 DTXSID80553342 DTXSID50174189 DTXSID40278640 DTXSID70547371 DTXSID40570439 DTXSID50509992 DTXSID70670057 DTXSID40814724 DTXSID50600110 DTXSID70795315 DTXSID10494052 DTXSID10728889
DTXSID60428307	DTXSID30870975 DTXSID90145474 DTXSID40693334 DTXSID40682127 DTXSID3061920 DTXSID30332861 DTXSID60697410 DTXSID40392951 DTXSID50188302 DTXSID60519360 DTXSID50698456 DTXSID80668768 DTXSID50497966 DTXSID20212729 DTXSID40615793 DTXSID70836550 DTXSID80543061 DTXSID10214196 DTXSID20200787 DTXSID00534895
DTXSID20345788	DTXSID30627002 DTXSID90669140 DTXSID30279565 DTXSID40508893 DTXSID30735590 DTXSID80727804 DTXSID10618958 DTXSID60319443 DTXSID30663980 DTXSID40646269 DTXSID20299454 DTXSID70805004 DTXSID80701725 DTXSID70383211 DTXSID20352715 DTXSID00391501 DTXSID40781189 DTXSID30559379 DTXSID90438530 DTXSID10668938
DTXSID40670741	DTXSID70310608 DTXSID50408638 DTXSID70710422 DTXSID50227583 DTXSID80337326 DTXSID30636396 DTXSID00402085 DTXSID20406545 DTXSID9068409 DTXSID40430266 DTXSID50412755 DTXSID40294108 DTXSID70221568 DTXSID50345014 DTXSID70820898 DTXSID90647221 DTXSID20418305 DTXSID50697207 DTXSID50437069 DTXSID80896049
DTXSID10483325	DTXSID80828986 DTXSID50567355 DTXSID30780308 DTXSID70452133 DTXSID40496120 DTXSID00376691 DTXSID30772364 DTXSID70507899 DTXSID80646728 DTXSID80685814 DTXSID90494676 DTXSID50695420 DTXSID10343637 DTXSID90734408 DTXSID40832084 DTXSID40857631 DTXSID90375138 DTXSID80457932 DTXSID80303223 DTXSID40697453
DTXSID8075413	DTXSID90316763 DTXSID00801599 DTXSID40319603 DTXSID90343418 DTXSID00425214 DTXSID00709662 DTXSID00556951 DTXSID40401158 DTXSID80642068 DTXSID40465871 DTXSID20159226 DTXSID50384589 DTXSID40666346 DTXSID70708046 DTXSID80456122 DTXSID20612189 DTXSID10710163 DTXSID20516850 DTXSID00145708 DTXSID50551916
DTXSID30716667	DTXSID60401296 DTXSID00374899 DTXSID60325625 DTXSID60622580 DTXSID30282190 DTXSID50809828 DTXSID40533160 DTXSID00156475 DTXSID80560576 DTXSID50181656 DTXSID30761213 DTXSID90435044 DTXSID00469355 DTXSID70672798 DTXSID40466202 DTXSID60875796 DTXSID40282924 DTXSID50818157 DTXSID70235529 DTXSID70873662
DTXSID40675519	DTXSID80726812 DTXSID80694683 DTXSID20301864 DTXSID50478391 DTXSID90515835 DTXSID60672065 DTXSID80810740 DTXSID60832561 DTXSID40663355 DTXSID20342757 DTXSID40165465 DTXSID40344319 DTXSID80725148 DTXSID60856883 DTXSID30180309 DTXSID00343944 DTXSID70302644 DTXSID20545827 DTXSID50610734 DTXSID60630226
DTXSID30760367	DTXSID30585375 DTXSID10316184 DTXSID90443664 DTXSID30836834 DTXSID30579375 DTXSID40706150 DTXSID00696205 DTXSID90407241 DTXSID20146696 DTXSID50354621 DTXSID10170304 DTXSID30460875 DTXSID60385961 DTXSID50374804 DTXSID90743974 DTXSID10767051 DTXSID1066786 DTXSID10727837 DTXSID40847597 DTXSID70145831
DTXSID40852686	DTXSID30544482 DTXSID90473103 DTXSID70582368 DTXSID00355800 DTXSID80463679 DTXSID60560913 DTXSID10556407 DTXSID70652898 DTXSID50624255 DTXSID40210247 DTXSID6033241 DTXSID80238142 DTXSID70541990 DTXSID70580985 DTXSID00186792 DTXSID20466467 DTXSID90369390 DTXSID00839978 DTXSID70393678 DTXSID90390240
DTXSID20337941	DTXSID70840778 DTXSID90610016 DTXSID10579631 DTXSID20793129 DTXSID80625518 DTXSID80824408 DTXSID20627273 DTXSID40604041 DTXSID60627272 DTXSID60334732 DTXSID10338028 DTXSID30768005 DTXSID60768018 DTXSID60767243 DTXSID40767246 DTXSID40795620 DTXSID50309898 DTXSID90826973 DTXSID60501967 DTXSID60818128
DTXSID50593376	DTXSID70663444 DTXSID10653460 DTXSID90743297 DTXSID10697122 DTXSID50352561 DTXSID80601892 DTXSID90315231 DTXSID10307178 DTXSID40729122 DTXSID10408598 DTXSID90520383 DTXSID80730651 DTXSID70341891 DTXSID20895733 DTXSID20856622 DTXSID60716933 DTXSID90198723 DTXSID20324255 DTXSID90174022 DTXSID50238654
DTXSID90221166	DTXSID70484939 DTXSID90176243 DTXSID70580602 DTXSID30431328 DTXSID30851340 DTXSID00210001 DTXSID50778626 DTXSID50797998 DTXSID3070418 DTXSID50812175 DTXSID20675951 DTXSID30615146 DTXSID80694027 DTXSID70276210 DTXSID00840362 DTXSID30844232 DTXSID40706170 DTXSID00787248 DTXSID20558952 DTXSID60775383
DTXSID20615493	DTXSID30336703 DTXSID40398079 DTXSID50462639 DTXSID70858070 DTXSID60640320 DTXSID10448414 DTXSID10784723 DTXSID10185514 DTXSID70342626 DTXSID10617229 DTXSID50590385 DTXSID90426730 DTXSID60281853 DTXSID80699370 DTXSID40886941 DTXSID10568641 DTXSID20651114 DTXSID80517949 DTXSID60743481 DTXSID00603732
DTXSID90402756	DTXSID70751113 DTXSID10380921 DTXSID80354275 DTXSID40670701 DTXSID40195121 DTXSID20514770 DTXSID70447701 DTXSID60447795 DTXSID60553360 DTXSID40462946 DTXSID50812190 DTXSID40222542 DTXSID00664580 DTXSID90724384 DTXSID70781915 DTXSID50484710 DTXSID70885523 DTXSID90676834 DTXSID30561699 DTXSID60808645
DTXSID70349519	DTXSID90734029 DTXSID70628018 DTXSID20377125 DTXSID20295517 DTXSID70295163 DTXSID80358672 DTXSID00462684 DTXSID60295354 DTXSID40297775 DTXSID80620381 DTXSID60167603 DTXSID20277075 DTXSID60736257 DTXSID60470523 DTXSID60635458 DTXSID10619405 DTXSID10651305 DTXSID50305239 DTXSID20646803 DTXSID1042281
DTXSID60490529	DTXSID00197762 DTXSID30798185 DTXSID90798186 DTXSID40662505 DTXSID50761336 DTXSID40239670 DTXSID90751271 DTXSID60866760 DTXSID10211044 DTXSID10765032 DTXSID30502461 DTXSID00658368 DTXSID80768717 DTXSID3075335 DTXSID00515129 DTXSID20793487 DTXSID30336223 DTXSID20550310 DTXSID60682265 DTXSID60783822
DTXSID60333760	DTXSID30476390 DTXSID40325007 DTXSID40110056 DTXSID30791313 DTXSID70513152 DTXSID20374210 DTXSID40335101 DTXSID00334377 DTXSID80523868 DTXSID40589021 DTXSID60772736 DTXSID70618434 DTXSID00294381 DTXSID80151549 DTXSID0052590 DTXSID30543314 DTXSID90191012 DTXSID10565357 DTXSID80817057 DTXSID20541122
DTXSID20733565	DTXSID20188935 DTXSID40436167 DTXSID50283649 DTXSID50853169 DTXSID40152835 DTXSID90675923 DTXSID10377573 DTXSID60661651 DTXSID40673171 DTXSID70609605 DTXSID70585475 DTXSID90753492 DTXSID70237664 DTXSID20655571 DTXSID70282316 DTXSID90284478 DTXSID30357635 DTXSID40708639 DTXSID30373673 DTXSID00697257
DTXSID50875846	DTXSID50597137 DTXSID10597451 DTXSID70176185 DTXSID90468897 DTXSID40494863 DTXSID70293240 DTXSID00349547 DTXSID20849918 DTXSID70440979 DTXSID50369997 DTXSID80556555 DTXSID10499709 DTXSID20812728 DTXSID50361299 DTXSID50294013 DTXSID10815440 DTXSID70593398 DTXSID60327644 DTXSID40293131 DTXSID10343399
DTXSID10606310	DTXSID60430268 DTXSID20719162 DTXSID10448999 DTXSID30400357 DTXSID50173692 DTXSID40637430 DTXSID30294197 DTXSID70848835 DTXSID00854782 DTXSID40719149 DTXSID20701062 DTXSID20336777 DTXSID50816451 DTXSID3060667 DTXSID30662498 DTXSID90723953 DTXSID80241994 DTXSID90738901 DTXSID40148874 DTXSID10843167
DTXSID10786207	DTXSID80767386 DTXSID60455951 DTXSID70443980 DTXSID30303157 DTXSID40879717 DTXSID00241971 DTXSID1063140 DTXSID10736227 DTXSID80597261 DTXSID20238166 DTXSID60151047 DTXSID10210118 DTXSID60175440 DTXSID40459811 DTXSID80375586 DTXSID00182759 DTXSID80373608 DTXSID00542773 DTXSID10344528 DTXSID20191888
DTXSID40628489	DTXSID00196871 DTXSID30180824 DTXSID00348297 DTXSID80628382 DTXSID10383811 DTXSID50569415 DTXSID50354368 DTXSID00348838 DTXSID20372933 DTXSID10280790 DTXSID30519731 DTXSID70457502 DTXSID00547167 DTXSID40463534 DTXSID30359270 DTXSID70788262 DTXSID90333915 DTXSID70726528 DTXSID60401190 DTXSID80686346
DTXSID30456915	DTXSID70436918 DTXSID50448771 DTXSID10240733 DTXSID90693223 DTXSID00720559 DTXSID30596148 DTXSID40488742 DTXSID90559138 DTXSID10475568 DTXSID30709812 DTXSID60522556 DTXSID30181735 DTXSID60403199 DTXSID10421101 DTXSID70651442 DTXSID80493395 DTXSID20323440 DTXSID70333175 DTXSID10439620 DTXSID90339295
DTXSID10675349	DTXSID20903968 DTXSID70640290 DTXSID60312575 DTXSID50560644 DTXSID60532832 DTXSID10806994 DTXSID30238455 DTXSID90854731 DTXSID10180100 DTXSID80537122 DTXSID00390094 DTXSID60369483 DTXSID00412780 DTXSID70602636 DTXSID10338109 DTXSID30876912 DTXSID00473578 DTXSID20876901 DTXSID40452140 DTXSID60355402
DTXSID30850393	DTXSID40449914 DTXSID20764253 DTXSID80666249 DTXSID30647583 DTXSID70329513 DTXSID20302371 DTXSID50519152 DTXSID70880417 DTXSID2062747 DTXSID70851288 DTXSID70880598 DTXSID80436722 DTXSID60801696 DTXSID4070378 DTXSID00153661 DTXSID00348353 DTXSID70823546 DTXSID90436112 DTXSID10782320 DTXSID00823534
DTXSID30428359	DTXSID70487647 DTXSID50512269 DTXSID30521950 DTXSID20405593 DTXSID80740250 DTXSID10622999 DTXSID40199841 DTXSID30678938 DTXSID10202078 DTXSID50356327 DTXSID60879411 DTXSID30227566 DTXSID10716180 DTXSID80156493 DTXSID10763412 DTXSID20430688 DTXSID00467412 DTXSID20406202 DTXSID1046506 DTXSID40615596
DTXSID8069565	DTXSID60704259 DTXSID90579073 DTXSID50337419 DTXSID40543204 DTXSID50639965 DTXSID60487010 DTXSID70641909 DTXSID70491845 DTXSID70339011 DTXSID00352677 DTXSID70711292 DTXSID20678220 DTXSID00514839 DTXSID00505505 DTXSID40507649 DTXSID00484583 DTXSID20471031 DTXSID80578838 DTXSID00338335 DTXSID10637523
DTXSID00408825	DTXSID60344396 DTXSID50455440 DTXSID00501709 DTXSID70667260 DTXSID30770906 DTXSID80678185 DTXSID90741551 DTXSID90845265 DTXSID60755463 DTXSID50682239 DTXSID40885595 DTXSID00475971 DTXSID20740911 DTXSID00485712 DTXSID70606674 DTXSID80618687 DTXSID60326112 DTXSID70637802 DTXSID60715522 DTXSID10463425
DTXSID80696107	DTXSID70403362 DTXSID10355255 DTXSID50374021 DTXSID40459179 DTXSID90468897 DTXSID90476876 DTXSID50418656 DTXSID70293240 DTXSID50646174 DTXSID10597451 DTXSID20152590 DTXSID60327644 DTXSID50843540 DTXSID90389316 DTXSID20812728 DTXSID00332196 DTXSID40509345 DTXSID20516936 DTXSID50616953 DTXSID70649208
DTXSID90353299	DTXSID00443175 DTXSID10371410 DTXSID20881333 DTXSID40393089 DTXSID00284580 DTXSID60429672 DTXSID70385937 DTXSID70395778 DTXSID50582785 DTXSID10760229 DTXSID20232129 DTXSID80175902 DTXSID10764141 DTXSID80318690 DTXSID20145164 DTXSID90598183 DTXSID50830854 DTXSID00451331 DTXSID10696352 DTXSID60429096
DTXSID60816740	DTXSID60746876 DTXSID90825320 DTXSID00816724 DTXSID00816744 DTXSID10825483 DTXSID20443455 DTXSID40816743 DTXSID80615474 DTXSID60797944 DTXSID70545211 DTXSID30816737 DTXSID8060537 DTXSID40767706 DTXSID40532956 DTXSID90445481 DTXSID40633255 DTXSID50816739 DTXSID90449848 DTXSID70507091 DTXSID70531336
DTXSID80753502	DTXSID50646593 DTXSID00590153 DTXSID10646377 DTXSID90434592 DTXSID50515578 DTXSID60547421 DTXSID90178803 DTXSID00495710 DTXSID20627854 DTXSID00646205 DTXSID30646399 DTXSID80508716 DTXSID00409377 DTXSID60646307 DTXSID90736407 DTXSID10734940 DTXSID00515588 DTXSID80646384 DTXSID90670291 DTXSID30236037
DTXSID60649136	DTXSID70598444 DTXSID10182503 DTXSID40235753 DTXSID10604513 DTXSID70668499 DTXSID00836962 DTXSID50307490 DTXSID70516729 DTXSID10765572 DTXSID90167257 DTXSID00531485 DTXSID50210814 DTXSID30573292 DTXSID3059505 DTXSID20552238 DTXSID50734909 DTXSID40183664 DTXSID70446895 DTXSID50677665 DTXSID60830062
DTXSID70477760	DTXSID50369598 DTXSID70842212 DTXSID60449335 DTXSID60646549 DTXSID50175434 DTXSID20421218 DTXSID40577145 DTXSID80453999 DTXSID40800687 DTXSID70673129 DTXSID30648393 DTXSID70621488 DTXSID30294495 DTXSID10717975 DTXSID00725246 DTXSID20312091 DTXSID60289112 DTXSID40760095 DTXSID10294857 DTXSID30815205
DTXSID70192522	DTXSID50303497 DTXSID10523215 DTXSID00351640 DTXSID30879120 DTXSID80373608 DTXSID20435693 DTXSID90836456 DTXSID00730375 DTXSID00542773 DTXSID10398581 DTXSID20217491 DTXSID5073666 DTXSID10655469 DTXSID00321565 DTXSID20465410 DTXSID90591795 DTXSID80472847 DTXSID70443980 DTXSID10656335 DTXSID50664979
DTXSID90284832	DTXSID50783876 DTXSID8068171 DTXSID20808020 DTXSID40525565 DTXSID60893915 DTXSID00406523 DTXSID00720110 DTXSID20167427 DTXSID30424634 DTXSID50210773 DTXSID40343468 DTXSID90398180 DTXSID90565613 DTXSID50813501 DTXSID10378500 DTXSID70537510 DTXSID20667735 DTXSID00307829 DTXSID70836510 DTXSID40734110
DTXSID10826637	DTXSID00841374 DTXSID8027872 DTXSID70762244 DTXSID00768219 DTXSID0072776 DTXSID40707182 DTXSID70793856 DTXSID60241194 DTXSID70888296 DTXSID70239188 DTXSID70177359 DTXSID50289404 DTXSID7070478 DTXSID20745486 DTXSID40770194 DTXSID90883243 DTXSID30819268 DTXSID50767959 DTXSID80887654 DTXSID60598519
DTXSID00452661	DTXSID4072316 DTXSID70525598 DTXSID30845542 DTXSID60790112 DTXSID30503079 DTXSID50766987 DTXSID10592128 DTXSID6052039 DTXSID90440375 DTXSID30514509 DTXSID00834226 DTXSID10607125 DTXSID80492267 DTXSID50144802 DTXSID70459546 DTXSID00675171 DTXSID80552597 DTXSID00592137 DTXSID10834934 DTXSID30813064
DTXSID90440052	DTXSID30435624 DTXSID00237177 DTXSID10708949 DTXSID90283648 DTXSID10647703 DTXSID60381185 DTXSID60651097 DTXSID30369516 DTXSID70288813 DTXSID80310179 DTXSID20602343 DTXSID90622311 DTXSID40757627 DTXSID40171566 DTXSID90819865 DTXSID70440333 DTXSID70876072 DTXSID20892085 DTXSID20391366 DTXSID20600723
DTXSID80834981	DTXSID90730243 DTXSID30165636 DTXSID90366985 DTXSID00774294 DTXSID40190474 DTXSID90527650 DTXSID80519504 DTXSID30818579 DTXSID50603343 DTXSID20449336 DTXSID50681601 DTXSID30496230 DTXSID50863142 DTXSID00390958 DTXSID20822403 DTXSID70562589 DTXSID1071458 DTXSID80360679 DTXSID8036653 DTXSID50404554
DTXSID50201202	DTXSID4066414 DTXSID80676944 DTXSID50469729 DTXSID30790846 DTXSID00468308 DTXSID50563231 DTXSID40796495 DTXSID80149663 DTXSID10556700 DTXSID40823058 DTXSID80851436 DTXSID50855769 DTXSID90654910 DTXSID10640895 DTXSID50234914 DTXSID50793056 DTXSID40596033 DTXSID40399561 DTXSID50293203 DTXSID60192233
DTXSID80648005	DTXSID60744413 DTXSID40589748 DTXSID80718212 DTXSID90276479 DTXSID90373750 DTXSID90585790 DTXSID70811307 DTXSID90561630 DTXSID20846260 DTXSID50684233 DTXSID50818117 DTXSID20419099 DTXSID00681035 DTXSID10612693 DTXSID00384771 DTXSID60820660 DTXSID00604284 DTXSID60774114 DTXSID60743643 DTXSID00444107
DTXSID30648393	DTXSID80303546 DTXSID60449335 DTXSID60646549 DTXSID50369598 DTXSID40577145 DTXSID50175434 DTXSID7047015 DTXSID70842212 DTXSID20856788 DTXSID10717975 DTXSID5037602 DTXSID30796267 DTXSID30455463 DTXSID00725246 DTXSID60732693 DTXSID50345559 DTXSID10594324 DTXSID30755233 DTXSID40765540 DTXSID7020211
DTXSID40405636	DTXSID70238095 DTXSID80724015 DTXSID30423703 DTXSID00314654 DTXSID60556013 DTXSID70397272 DTXSID10292499 DTXSID10395035 DTXSID10142980 DTXSID90611508 DTXSID00606980 DTXSID30659560 DTXSID60429096 DTXSID50228318 DTXSID20597765 DTXSID10805306 DTXSID50292099 DTXSID60435793 DTXSID30588240 DTXSID40349804
DTXSID40322470	DTXSID00604284 DTXSID00569783 DTXSID60634123 DTXSID30828991 DTXSID30606231 DTXSID70400336 DTXSID90561630 DTXSID10794125 DTXSID9068742 DTXSID10364706 DTXSID80509162 DTXSID80346776 DTXSID50818117 DTXSID50374208 DTXSID60359485 DTXSID70593232 DTXSID80718212 DTXSID90585790 DTXSID00384771 DTXSID00444107
DTXSID70720485	DTXSID70557152 DTXSID90711173 DTXSID30778609 DTXSID50820432 DTXSID40483015 DTXSID60236282 DTXSID60715789 DTXSID50817701 DTXSID80840345 DTXSID50766705 DTXSID20840329 DTXSID60772473 DTXSID60776815 DTXSID50752865 DTXSID50234378 DTXSID60463576 DTXSID80793680 DTXSID90407807 DTXSID10317277 DTXSID90280773
DTXSID00184410	DTXSID90615809 DTXSID10888816 DTXSID90395215 DTXSID50277806 DTXSID60715522 DTXSID10493989 DTXSID70656250 DTXSID20742031 DTXSID10630771 DTXSID10463425 DTXSID30416392 DTXSID10454318 DTXSID10728667 DTXSID50586107 DTXSID00759581 DTXSID80229196 DTXSID00738654 DTXSID80196374 DTXSID30568360 DTXSID30489046
DTXSID50772104	DTXSID10187391 DTXSID70603527 DTXSID70452719 DTXSID10818517 DTXSID90459043 DTXSID50852157 DTXSID60456529 DTXSID60737648 DTXSID70729791 DTXSID60226204 DTXSID30577437 DTXSID30758921 DTXSID70305695 DTXSID40818282 DTXSID10554766 DTXSID40874080 DTXSID10680650 DTXSID30542468 DTXSID20502738 DTXSID20780913
DTXSID10698513	DTXSID10335956 DTXSID60651118 DTXSID60570299 DTXSID40386395 DTXSID70360269 DTXSID30385655 DTXSID90213687 DTXSID30388904 DTXSID80786658 DTXSID1052664 DTXSID80530991 DTXSID70801288 DTXSID9058941 DTXSID50150201 DTXSID70282538 DTXSID80440703 DTXSID00781261 DTXSID10405885 DTXSID10842978 DTXSID00827012
DTXSID90509850	DTXSID80346155 DTXSID70499967 DTXSID30169250 DTXSID80800126 DTXSID30707191 DTXSID50621542 DTXSID80343765 DTXSID80676767 DTXSID20792955 DTXSID40144790 DTXSID00642424 DTXSID60558310 DTXSID30844257 DTXSID80611870 DTXSID70645881 DTXSID80342874 DTXSID40606005 DTXSID50579054 DTXSID60315945 DTXSID00409610
DTXSID30790846	DTXSID50201202 DTXSID50563231 DTXSID0035748 DTXSID00738098 DTXSID00468308 DTXSID10739314 DTXSID80676944 DTXSID50469729 DTXSID4066414 DTXSID10556700 DTXSID10788827 DTXSID80851436 DTXSID10640895 DTXSID10433567 DTXSID70447286 DTXSID40823058 DTXSID50234914 DTXSID40796495 DTXSID90654910 DTXSID30460633
DTXSID70202817	DTXSID60742575 DTXSID40343822 DTXSID20290961 DTXSID60849235 DTXSID0051318 DTXSID40453379 DTXSID1063512 DTXSID10546803 DTXSID40442061 DTXSID60486225 DTXSID50520026 DTXSID70165099 DTXSID3059268 DTXSID90738966 DTXSID10366361 DTXSID50399335 DTXSID80782413 DTXSID10439589 DTXSID60285093 DTXSID10405921
DTXSID00520293	DTXSID4045682 DTXSID10586047 DTXSID50297443 DTXSID10673906 DTXSID40325507 DTXSID10470412 DTXSID80162079 DTXSID20605758 DTXSID40753881 DTXSID30291883 DTXSID20835432 DTXSID70542023 DTXSID00619277 DTXSID10771759 DTXSID90726161 DTXSID30217503 DTXSID80572896 DTXSID20378677 DTXSID20478323 DTXSID90205022
DTXSID70428712	DTXSID70608916 DTXSID80655638 DTXSID70774943 DTXSID80485831 DTXSID60503446 DTXSID80462369 DTXSID40348579 DTXSID20506514 DTXSID50342306 DTXSID40192418 DTXSID00480065 DTXSID40663532 DTXSID80348497 DTXSID20707948 DTXSID30566624 DTXSID40613335 DTXSID60405916 DTXSID3044918 DTXSID00440467 DTXSID70341093
DTXSID70525598	DTXSID00452661 DTXSID4072316 DTXSID30845542 DTXSID60790112 DTXSID90440375 DTXSID30503079 DTXSID50766987 DTXSID10592128 DTXSID6052039 DTXSID00834226 DTXSID10607125 DTXSID00675171 DTXSID00592137 DTXSID30514509 DTXSID50144802 DTXSID80492267 DTXSID70459546 DTXSID80552597 DTXSID30675361 DTXSID10412998
DTXSID70239188	DTXSID30819268 DTXSID8027872 DTXSID40770194 DTXSID00841374 DTXSID60276426 DTXSID4063614 DTXSID10826637 DTXSID70805761 DTXSID40659197 DTXSID20210280 DTXSID00892301 DTXSID00768219 DTXSID10503471 DTXSID50828135 DTXSID70762244 DTXSID70793856 DTXSID00527666 DTXSID8070128 DTXSID00710076 DTXSID90883243
DTXSID30583679	DTXSID80345264 DTXSID40824282 DTXSID20895511 DTXSID20357220 DTXSID70341755 DTXSID70377711 DTXSID90573197 DTXSID30199118 DTXSID50846839 DTXSID50571472 DTXSID10560827 DTXSID70277929 DTXSID50434311 DTXSID80596936 DTXSID80464787 DTXSID20797460 DTXSID80206947 DTXSID10609068 DTXSID70561315 DTXSID20508230
DTXSID70240355	DTXSID20148998 DTXSID60188550 DTXSID30793711 DTXSID40748373 DTXSID40413276 DTXSID60520198 DTXSID20627031 DTXSID70791993 DTXSID60704451 DTXSID10627489 DTXSID40797200 DTXSID50572782 DTXSID00300092 DTXSID20547861 DTXSID60523124 DTXSID80700910 DTXSID10467660 DTXSID30808778 DTXSID20614320 DTXSID00171365
DTXSID90803582	DTXSID40295377 DTXSID50738205 DTXSID70349170 DTXSID40891611 DTXSID40614266 DTXSID90310140 DTXSID90143531 DTXSID00568892 DTXSID40484168 DTXSID20359360 DTXSID3048316 DTXSID90223180 DTXSID10706283 DTXSID40531863 DTXSID90454396 DTXSID70808676 DTXSID70324861 DTXSID10343531 DTXSID10794963 DTXSID10676997
DTXSID00374652	DTXSID5022803 DTXSID90771333 DTXSID40649795 DTXSID50453481 DTXSID30722324 DTXSID40700572 DTXSID80292582 DTXSID80661234 DTXSID80349606 DTXSID20883175 DTXSID00833719 DTXSID10280518 DTXSID50294250 DTXSID80879493 DTXSID00363127 DTXSID70623684 DTXSID40585508 DTXSID20680303 DTXSID60800821 DTXSID50681767
DTXSID90585831	DTXSID70223906 DTXSID20503528 DTXSID90702268 DTXSID40821998 DTXSID10758666 DTXSID80799980 DTXSID10608990 DTXSID30558746 DTXSID30652637 DTXSID00651859 DTXSID9073628 DTXSID70317677 DTXSID90877561 DTXSID40453516 DTXSID20848446 DTXSID40289458 DTXSID00418545 DTXSID90524487 DTXSID50642050 DTXSID9025403
DTXSID90330909	DTXSID40738597 DTXSID90213187 DTXSID30149274 DTXSID60558138 DTXSID00533141 DTXSID50460918 DTXSID90209803 DTXSID80735383 DTXSID90790605 DTXSID60790258 DTXSID90490436 DTXSID80713888 DTXSID10737734 DTXSID00511303 DTXSID40396919 DTXSID50148269 DTXSID40745100 DTXSID80561604 DTXSID50325735 DTXSID80819899
DTXSID40481576	DTXSID20346755 DTXSID80212043 DTXSID60762319 DTXSID80671813 DTXSID90567930 DTXSID90734084 DTXSID50580983 DTXSID40296046 DTXSID80892809 DTXSID70567352 DTXSID20145200 DTXSID90824055 DTXSID70720187 DTXSID20365502 DTXSID00483778 DTXSID00219099 DTXSID90604177 DTXSID70201941 DTXSID90650396 DTXSID10502308
DTXSID80378714	DTXSID50841824 DTXSID20559702 DTXSID30876518 DTXSID40787722 DTXSID60757684 DTXSID00373802 DTXSID90680572 DTXSID00721061 DTXSID00656147 DTXSID00513589 DTXSID70693443 DTXSID90379459 DTXSID60848460 DTXSID10700589 DTXSID70337219 DTXSID70191611 DTXSID40243454 DTXSID80744157 DTXSID70733717 DTXSID10472875
DTXSID60831579	DTXSID10806994 DTXSID30876912 DTXSID00412780 DTXSID10837920 DTXSID60693876 DTXSID00199488 DTXSID10180100 DTXSID80787403 DTXSID80813559 DTXSID50624417 DTXSID60369483 DTXSID00514773 DTXSID50560644 DTXSID20876901 DTXSID70876532 DTXSID3042269 DTXSID50832292 DTXSID20903968 DTXSID80369485 DTXSID90695126
DTXSID90373735	DTXSID00377486 DTXSID30346347 DTXSID70349413 DTXSID6069406 DTXSID00484725 DTXSID90827869 DTXSID00757406 DTXSID60590477 DTXSID20599345 DTXSID90239443 DTXSID20759801 DTXSID80279373 DTXSID40845472 DTXSID30663369 DTXSID60347781 DTXSID60562356 DTXSID20452729 DTXSID00231438 DTXSID90807803 DTXSID80348831
DTXSID80726812	DTXSID40675519 DTXSID80694683 DTXSID60672065 DTXSID20301864 DTXSID90515835 DTXSID80810740 DTXSID50478391 DTXSID60832561 DTXSID40663355 DTXSID60856883 DTXSID20342757 DTXSID00343944 DTXSID40165465 DTXSID40344319 DTXSID30180309 DTXSID70302644 DTXSID60630226 DTXSID80725148 DTXSID20545827 DTXSID90366162
DTXSID30181270	DTXSID20654908 DTXSID50806832 DTXSID10571610 DTXSID20723749 DTXSID80630460 DTXSID90772845 DTXSID10624458 DTXSID50277765 DTXSID20876683 DTXSID10657448 DTXSID90185830 DTXSID10720242 DTXSID10182583 DTXSID40423173 DTXSID20442145 DTXSID80476729 DTXSID90379454 DTXSID60729821 DTXSID20462242 DTXSID50310222
DTXSID60608662	DTXSID50495023 DTXSID10794963 DTXSID40707006 DTXSID60462105 DTXSID90143531 DTXSID40596295 DTXSID80488645 DTXSID20285670 DTXSID30589373 DTXSID10706283 DTXSID70324861 DTXSID30675508 DTXSID50709091 DTXSID10343531 DTXSID50196028 DTXSID20424284 DTXSID10332006 DTXSID40614266 DTXSID80391786 DTXSID20359360
DTXSID80896685	DTXSID10466491 DTXSID20447155 DTXSID00393984 DTXSID80317547 DTXSID80444665 DTXSID40452180 DTXSID80851830 DTXSID20163247 DTXSID50510164 DTXSID40539147 DTXSID10538581 DTXSID70655208 DTXSID50610633 DTXSID70676711 DTXSID00463292 DTXSID90376448 DTXSID30711814 DTXSID20333766 DTXSID60777408 DTXSID30303990
DTXSID30669765	DTXSID10695340 DTXSID60180615 DTXSID00734090 DTXSID20450083 DTXSID40562793 DTXSID60896067 DTXSID90478072 DTXSID10377159 DTXSID60696105 DTXSID80176712 DTXSID10534740 DTXSID20286440 DTXSID10551290 DTXSID10680579 DTXSID80594755 DTXSID60446788 DTXSID80637939 DTXSID00551289 DTXSID20598570 DTXSID90570505
DTXSID00590153	DTXSID80753502 DTXSID50646593 DTXSID10646377 DTXSID90434592 DTXSID50515578 DTXSID60547421 DTXSID90178803 DTXSID30646399 DTXSID20627854 DTXSID60646307 DTXSID00495710 DTXSID00646205 DTXSID00409377 DTXSID10734940 DTXSID80646384 DTXSID90670291 DTXSID90736407 DTXSID30236037 DTXSID00515588 DTXSID50186363
DTXSID90329454	DTXSID10528548 DTXSID40565486 DTXSID50318526 DTXSID90450858 DTXSID20475812 DTXSID90446892 DTXSID50817943 DTXSID70488750 DTXSID80776034 DTXSID6044648 DTXSID50640319 DTXSID70866998 DTXSID20403498 DTXSID20446421 DTXSID20172071 DTXSID90547570 DTXSID30301456 DTXSID00577964 DTXSID10534841 DTXSID00343449
DTXSID80447398	DTXSID20835659 DTXSID70732487 DTXSID80478324 DTXSID10498196 DTXSID30546628 DTXSID10649883 DTXSID40385343 DTXSID8069648 DTXSID10657206 DTXSID70314969 DTXSID60319089 DTXSID30303192 DTXSID10660816 DTXSID70855781 DTXSID90821201 DTXSID90151732 DTXSID20676403 DTXSID70582085 DTXSID10700887 DTXSID00745368
DTXSID50580049	DTXSID30726822 DTXSID70858136 DTXSID10842610 DTXSID20277616 DTXSID60308998 DTXSID90645585 DTXSID90345699 DTXSID70276876 DTXSID10345656 DTXSID40646800 DTXSID90711350 DTXSID30627547 DTXSID50535852 DTXSID90427929 DTXSID70217345 DTXSID90729455 DTXSID70642476 DTXSID90397557 DTXSID50382641 DTXSID30651867
DTXSID20177142	DTXSID1058393 DTXSID20697072 DTXSID40729783 DTXSID40468781 DTXSID5059163 DTXSID10191993 DTXSID50802031 DTXSID50755018 DTXSID30413629 DTXSID40836047 DTXSID60633636 DTXSID60616843 DTXSID70484651 DTXSID20389647 DTXSID30546042 DTXSID20833716 DTXSID40328396 DTXSID70359355 DTXSID60374335 DTXSID70876552
DTXSID40442061	DTXSID70165099 DTXSID1063512 DTXSID10546803 DTXSID40453379 DTXSID10366361 DTXSID70448359 DTXSID0051318 DTXSID60285093 DTXSID00509104 DTXSID60486225 DTXSID10405921 DTXSID60742575 DTXSID70202817 DTXSID40566478 DTXSID50281206 DTXSID50399335 DTXSID30150880 DTXSID50321555 DTXSID20183980 DTXSID40343822
DTXSID70711257	DTXSID8051706 DTXSID10317277 DTXSID90280773 DTXSID50482655 DTXSID50766705 DTXSID40532355 DTXSID10790102 DTXSID40886880 DTXSID10805583 DTXSID30793837 DTXSID80840345 DTXSID60884823 DTXSID00339069 DTXSID90469309 DTXSID60236282 DTXSID30170922 DTXSID00694029 DTXSID40840361 DTXSID50817701 DTXSID00281130
DTXSID60790970	DTXSID20814500 DTXSID60885077 DTXSID90766845 DTXSID20230322 DTXSID30575670 DTXSID1068300 DTXSID20752115 DTXSID30223285 DTXSID80814501 DTXSID20888029 DTXSID60388215 DTXSID30566341 DTXSID90216335 DTXSID50404352 DTXSID1040247 DTXSID80437850 DTXSID1068019 DTXSID70394423 DTXSID40601636 DTXSID5062398
DTXSID50528623	DTXSID00705664 DTXSID40711249 DTXSID40702713 DTXSID10834934 DTXSID70459546 DTXSID70808616 DTXSID80817239 DTXSID10771512 DTXSID50437584 DTXSID30514509 DTXSID50766987 DTXSID70325651 DTXSID60790112 DTXSID30503079 DTXSID70675345 DTXSID6052039 DTXSID20660362 DTXSID80552597 DTXSID70639043 DTXSID10592128
DTXSID20680227	DTXSID20733065 DTXSID40455419 DTXSID60277670 DTXSID00560770 DTXSID50632214 DTXSID60169208 DTXSID80179102 DTXSID40551526 DTXSID5061245 DTXSID10525310 DTXSID70709538 DTXSID5072486 DTXSID70179095 DTXSID90749330 DTXSID60654826 DTXSID30405908 DTXSID10442659 DTXSID90365271 DTXSID10501058 DTXSID10518868
DTXSID10534841	DTXSID70866998 DTXSID90547570 DTXSID50817943 DTXSID60471398 DTXSID6044648 DTXSID10528548 DTXSID90284610 DTXSID90329454 DTXSID70459480 DTXSID30308349 DTXSID10647309 DTXSID20525381 DTXSID20805731 DTXSID80639059 DTXSID40408203 DTXSID90446892 DTXSID80756533 DTXSID00706535 DTXSID20621973 DTXSID80238102
DTXSID00387843	DTXSID90185830 DTXSID80207252 DTXSID80284285 DTXSID20876683 DTXSID70791059 DTXSID50277765 DTXSID90379454 DTXSID20442145 DTXSID20602808 DTXSID40657471 DTXSID10720242 DTXSID50310222 DTXSID40427853 DTXSID1072260 DTXSID60668665 DTXSID90672497 DTXSID40297356 DTXSID60876682 DTXSID10645305 DTXSID50430015
DTXSID60651097	DTXSID70876072 DTXSID30435624 DTXSID70152843 DTXSID50290813 DTXSID90283648 DTXSID50632411 DTXSID20618065 DTXSID90440052 DTXSID90622311 DTXSID00237177 DTXSID90819865 DTXSID60381185 DTXSID10708949 DTXSID90150922 DTXSID20720415 DTXSID80196273 DTXSID60291290 DTXSID30234336 DTXSID70744343 DTXSID30207606
DTXSID0069705	DTXSID40645858 DTXSID80370950 DTXSID40856260 DTXSID10737794 DTXSID20553205 DTXSID90710484 DTXSID90343054 DTXSID50486638 DTXSID60857299 DTXSID50737298 DTXSID90651621 DTXSID20238601 DTXSID90788966 DTXSID00147227 DTXSID10321359 DTXSID60658162 DTXSID80516533 DTXSID90385338 DTXSID40177548 DTXSID90657128
DTXSID1061998	DTXSID70226290 DTXSID50494753 DTXSID20354870 DTXSID1058006 DTXSID50603368 DTXSID50585418 DTXSID90442410 DTXSID00669479 DTXSID70561092 DTXSID80440647 DTXSID60286045 DTXSID90203604 DTXSID50520142 DTXSID10349472 DTXSID60434766 DTXSID40334275 DTXSID20647693 DTXSID10198205 DTXSID00555646 DTXSID50406932
DTXSID10794029	DTXSID40503843 DTXSID80290523 DTXSID00236589 DTXSID00564713 DTXSID50696972 DTXSID30403904 DTXSID0052330 DTXSID90543810 DTXSID80809139 DTXSID90441701 DTXSID40474807 DTXSID60778778 DTXSID7067401 DTXSID80673756 DTXSID20832421 DTXSID80407033 DTXSID60776895 DTXSID20876587 DTXSID00600140 DTXSID00639591
DTXSID20415915	DTXSID70299444 DTXSID70354901 DTXSID00356670 DTXSID00277376 DTXSID70730968 DTXSID80634847 DTXSID70276593 DTXSID9068904 DTXSID60697394 DTXSID80679718 DTXSID20585925 DTXSID30177557 DTXSID40549529 DTXSID30418917 DTXSID50601344 DTXSID20605314 DTXSID70676397 DTXSID00200205 DTXSID50814573 DTXSID70597735
DTXSID50876015	DTXSID00441090 DTXSID80200763 DTXSID30160883 DTXSID00593846 DTXSID30191596 DTXSID50595274 DTXSID40287813 DTXSID50594348 DTXSID80295957 DTXSID30889784 DTXSID90664317 DTXSID20681875 DTXSID90510688 DTXSID30792724 DTXSID70544562 DTXSID00493150 DTXSID20879154 DTXSID30321477 DTXSID90657446 DTXSID60813572
DTXSID30639701	DTXSID80630541 DTXSID30675245 DTXSID20550310 DTXSID60457071 DTXSID40815312 DTXSID20793487 DTXSID60682265 DTXSID50655685 DTXSID40544695 DTXSID80198656 DTXSID50345231 DTXSID30385716 DTXSID60486664 DTXSID40662505 DTXSID90798186 DTXSID3075335 DTXSID50346667 DTXSID00190899 DTXSID20582919 DTXSID40556238
DTXSID40789600	DTXSID10734208 DTXSID40230768 DTXSID90578465 DTXSID70526065 DTXSID70612518 DTXSID10335214 DTXSID70192805 DTXSID60522652 DTXSID70527118 DTXSID30742724 DTXSID40210247 DTXSID40316117 DTXSID30433403 DTXSID20629777 DTXSID00744871 DTXSID70541990 DTXSID20482723 DTXSID40815675 DTXSID80452503 DTXSID00669338
DTXSID90743297	DTXSID70663444 DTXSID90520383 DTXSID50352561 DTXSID50593376 DTXSID10408598 DTXSID20856622 DTXSID50180543 DTXSID00461617 DTXSID40697913 DTXSID20895733 DTXSID40681973 DTXSID10653460 DTXSID50457707 DTXSID10627328 DTXSID80601892 DTXSID50740727 DTXSID50208236 DTXSID70341891 DTXSID10697122 DTXSID70601548
DTXSID00402085	DTXSID90626596 DTXSID9068409 DTXSID00617930 DTXSID50412755 DTXSID50408638 DTXSID70886858 DTXSID30636396 DTXSID50697207 DTXSID40670741 DTXSID30856991 DTXSID10471025 DTXSID80465693 DTXSID30876674 DTXSID50227583 DTXSID20770410 DTXSID40879338 DTXSID20406545 DTXSID70185176 DTXSID10430157 DTXSID9064007
DTXSID70424719	DTXSID60829451 DTXSID50474550 DTXSID00182673 DTXSID20353681 DTXSID40285339 DTXSID40460886 DTXSID90388561 DTXSID40357808 DTXSID20752594 DTXSID90649664 DTXSID20406161 DTXSID8032675 DTXSID80531529 DTXSID70404955 DTXSID60396471 DTXSID9065364 DTXSID30651201 DTXSID10280755 DTXSID50421261 DTXSID60712218
DTXSID40367063	DTXSID00818920 DTXSID80815270 DTXSID60395601 DTXSID80446866 DTXSID7067089 DTXSID90571976 DTXSID10368683 DTXSID40288087 DTXSID10886357 DTXSID30831086 DTXSID50383592 DTXSID80351906 DTXSID40326877 DTXSID10787971 DTXSID80563921 DTXSID90335116 DTXSID10399275 DTXSID00446909 DTXSID10831084 DTXSID70485608
DTXSID50364467	DTXSID60303226 DTXSID50596246 DTXSID00606980 DTXSID20717067 DTXSID60424460 DTXSID90453389 DTXSID30588240 DTXSID80556898 DTXSID00497850 DTXSID00846581 DTXSID80499110 DTXSID60556013 DTXSID20663414 DTXSID10879320 DTXSID80182510 DTXSID90740544 DTXSID40820466 DTXSID30716364 DTXSID10542860 DTXSID70397272
DTXSID20674247	DTXSID10805644 DTXSID1068437 DTXSID60319948 DTXSID20383463 DTXSID70505077 DTXSID30787579 DTXSID40775720 DTXSID80436883 DTXSID80585729 DTXSID80578333 DTXSID70883569 DTXSID30600895 DTXSID40490704 DTXSID00375386 DTXSID70792849 DTXSID70549451 DTXSID60883917 DTXSID10399275 DTXSID00446909 DTXSID80466206
DTXSID90382428	DTXSID40841515 DTXSID10851404 DTXSID60477951 DTXSID50236892 DTXSID30856658 DTXSID00566611 DTXSID50396228 DTXSID80568895 DTXSID10642071 DTXSID10536082 DTXSID10181718 DTXSID30727910 DTXSID20429673 DTXSID00241638 DTXSID20705222 DTXSID80601918 DTXSID00672786 DTXSID00659436 DTXSID00806822 DTXSID90571239
DTXSID40495597	DTXSID80237675 DTXSID50441787 DTXSID90380404 DTXSID50153176 DTXSID40561645 DTXSID40588493 DTXSID20301783 DTXSID20352412 DTXSID00694049 DTXSID00442188 DTXSID50218416 DTXSID30537839 DTXSID50598124 DTXSID40296581 DTXSID00371186 DTXSID40168219 DTXSID80813019 DTXSID10712889 DTXSID40352515 DTXSID00748011
DTXSID50722124	DTXSID60283579 DTXSID90714886 DTXSID30638436 DTXSID40211794 DTXSID60812404 DTXSID30474452 DTXSID40397845 DTXSID90177598 DTXSID50377476 DTXSID90668794 DTXSID60620061 DTXSID30339597 DTXSID00774698 DTXSID60787562 DTXSID2068424 DTXSID70240254 DTXSID40632869 DTXSID50757613 DTXSID30704064 DTXSID70670234
DTXSID30237408	DTXSID10364903 DTXSID00620621 DTXSID20837330 DTXSID00890342 DTXSID50160901 DTXSID60446566 DTXSID40214245 DTXSID00494167 DTXSID20673937 DTXSID90635143 DTXSID30677421 DTXSID00751005 DTXSID00153121 DTXSID60805391 DTXSID80633850 DTXSID60645335 DTXSID10150984 DTXSID90412517 DTXSID80499392 DTXSID40299936
DTXSID40664842	DTXSID10734102 DTXSID40516559 DTXSID30818135 DTXSID70365476 DTXSID40309307 DTXSID50228333 DTXSID40278382 DTXSID90301614 DTXSID30400852 DTXSID00292206 DTXSID90303658 DTXSID10606431 DTXSID50290232 DTXSID40309645 DTXSID40418766 DTXSID10610614 DTXSID30482714 DTXSID50549550 DTXSID30681826 DTXSID50518761
DTXSID80294445	DTXSID60377023 DTXSID00695157 DTXSID10616959 DTXSID40296581 DTXSID10168882 DTXSID60307108 DTXSID20465410 DTXSID30726064 DTXSID90591795 DTXSID00321565 DTXSID00506916 DTXSID80487471 DTXSID20439297 DTXSID5073666 DTXSID00694049 DTXSID70677208 DTXSID90813020 DTXSID40561645 DTXSID30734902 DTXSID60620389
DTXSID10794125	DTXSID00569783 DTXSID90668592 DTXSID40322470 DTXSID20879533 DTXSID00384771 DTXSID20445712 DTXSID60634123 DTXSID00192393 DTXSID10461224 DTXSID00371020 DTXSID90561630 DTXSID80509162 DTXSID30606231 DTXSID90274879 DTXSID10737693 DTXSID80604429 DTXSID00604284 DTXSID70812839 DTXSID50670136 DTXSID50445684
DTXSID20582919	DTXSID40544695 DTXSID70176408 DTXSID80768717 DTXSID70143731 DTXSID30816550 DTXSID40239670 DTXSID70751971 DTXSID00587583 DTXSID40815312 DTXSID00190899 DTXSID10313532 DTXSID50707895 DTXSID80357468 DTXSID00197762 DTXSID20550310 DTXSID50847088 DTXSID60703727 DTXSID90751271 DTXSID40382796 DTXSID80709549
DTXSID40465871	DTXSID30323890 DTXSID80278381 DTXSID80456122 DTXSID30504920 DTXSID10455688 DTXSID40174976 DTXSID50404433 DTXSID50384589 DTXSID40401158 DTXSID70526828 DTXSID40319603 DTXSID90343418 DTXSID00801599 DTXSID20612189 DTXSID60172090 DTXSID90224076 DTXSID30806976 DTXSID40791602 DTXSID8075413 DTXSID20578493
DTXSID10432691	DTXSID00710657 DTXSID70439227 DTXSID50559694 DTXSID80795366 DTXSID60876142 DTXSID10488012 DTXSID40695111 DTXSID40786316 DTXSID30542463 DTXSID70299606 DTXSID60675475 DTXSID10755897 DTXSID00653050 DTXSID80753441 DTXSID70379053 DTXSID00179881 DTXSID40326736 DTXSID30849888 DTXSID40276348 DTXSID50388749
DTXSID00725807	DTXSID10555854 DTXSID70307896 DTXSID60401190 DTXSID50609784 DTXSID70457502 DTXSID60725808 DTXSID70726528 DTXSID10377992 DTXSID70720864 DTXSID40394612 DTXSID80628382 DTXSID00348297 DTXSID40463534 DTXSID00348838 DTXSID50354368 DTXSID20879376 DTXSID40313489 DTXSID50211184 DTXSID30180364 DTXSID40628489
DTXSID50681000	DTXSID50308280 DTXSID50283144 DTXSID60286207 DTXSID90564686 DTXSID00311481 DTXSID80664341 DTXSID50651021 DTXSID90598663 DTXSID20876269 DTXSID50543058 DTXSID80407255 DTXSID40819113 DTXSID3063045 DTXSID20162654 DTXSID70589594 DTXSID10483789 DTXSID90825769 DTXSID30218136 DTXSID70766489 DTXSID30447287
DTXSID10495246	DTXSID30718065 DTXSID00637734 DTXSID40706014 DTXSID40449691 DTXSID00783982 DTXSID60378590 DTXSID70353237 DTXSID40541644 DTXSID90622179 DTXSID90520141 DTXSID10733776 DTXSID50553950 DTXSID60473099 DTXSID5069912 DTXSID10340247 DTXSID10211680 DTXSID20163722 DTXSID30479922 DTXSID90456951 DTXSID00541362
DTXSID20477518	DTXSID10379411 DTXSID70560101 DTXSID90559693 DTXSID00681055 DTXSID30671904 DTXSID00377007 DTXSID70382567 DTXSID50737516 DTXSID20383685 DTXSID4025903 DTXSID30305550 DTXSID30343679 DTXSID40661659 DTXSID40615374 DTXSID80475919 DTXSID80597943 DTXSID10402258 DTXSID20739320 DTXSID00646886 DTXSID90365938
DTXSID80383383	DTXSID80241196 DTXSID50239863 DTXSID40143824 DTXSID80760539 DTXSID00366416 DTXSID30805005 DTXSID40312593 DTXSID20831095 DTXSID40652860 DTXSID20372397 DTXSID30615747 DTXSID50855981 DTXSID90707354 DTXSID60832561 DTXSID90405863 DTXSID20342757 DTXSID50803285 DTXSID30488256 DTXSID00343944 DTXSID90366162
DTXSID70762244	DTXSID0072776 DTXSID10826637 DTXSID60241194 DTXSID40707182 DTXSID00841374 DTXSID70177359 DTXSID8027872 DTXSID70888296 DTXSID00768219 DTXSID20745486 DTXSID50767959 DTXSID7070478 DTXSID50289404 DTXSID70793856 DTXSID60598519 DTXSID9051741 DTXSID70239188 DTXSID80887654 DTXSID40770194 DTXSID90883243
DTXSID90655745	DTXSID60312631 DTXSID50757350 DTXSID20771341 DTXSID9068378 DTXSID00481779 DTXSID20400745 DTXSID90152885 DTXSID30369379 DTXSID90577877 DTXSID60655595 DTXSID30614275 DTXSID00766412 DTXSID40181180 DTXSID20730473 DTXSID60422946 DTXSID3046166 DTXSID80469499 DTXSID30551136 DTXSID70439989 DTXSID90473840
DTXSID4025903	DTXSID90559693 DTXSID50453587 DTXSID40615374 DTXSID10402258 DTXSID30671904 DTXSID00646886 DTXSID50737516 DTXSID70382567 DTXSID90365938 DTXSID20610786 DTXSID10379411 DTXSID60498388 DTXSID20879053 DTXSID40629911 DTXSID20477518 DTXSID20739320 DTXSID30305550 DTXSID90292093 DTXSID00199842 DTXSID00701106
DTXSID90290650	DTXSID70711914 DTXSID50215829 DTXSID20575982 DTXSID30575690 DTXSID30452058 DTXSID8063834 DTXSID40560431 DTXSID00668225 DTXSID60623592 DTXSID30804992 DTXSID90182445 DTXSID00650185 DTXSID80734290 DTXSID00444369 DTXSID70326067 DTXSID70543696 DTXSID80641117 DTXSID50293460 DTXSID90681564 DTXSID00314154
DTXSID70765735	DTXSID40581924 DTXSID30239664 DTXSID20468941 DTXSID40739943 DTXSID90539798 DTXSID70592886 DTXSID20565303 DTXSID90303673 DTXSID0068026 DTXSID70596485 DTXSID80217295 DTXSID10851661 DTXSID20806607 DTXSID90780526 DTXSID40523526 DTXSID90443907 DTXSID30766546 DTXSID6066862 DTXSID1070856 DTXSID40489830
DTXSID90651621	DTXSID20553205 DTXSID40232909 DTXSID40856260 DTXSID00423295 DTXSID20238601 DTXSID80516533 DTXSID10321359 DTXSID70733712 DTXSID60884207 DTXSID40645858 DTXSID90277769 DTXSID20349428 DTXSID0069705 DTXSID70885523 DTXSID10737794 DTXSID60351601 DTXSID80289952 DTXSID60447795 DTXSID50388582 DTXSID20452921
DTXSID5074472	DTXSID40484941 DTXSID40855490 DTXSID20285832 DTXSID80217295 DTXSID10757336 DTXSID60696701 DTXSID90303673 DTXSID40489830 DTXSID90780526 DTXSID2027967 DTXSID70303954 DTXSID70592886 DTXSID10348283 DTXSID60794897 DTXSID60173926 DTXSID20567448 DTXSID90443907 DTXSID70764187 DTXSID0068026 DTXSID50757335
DTXSID70822857	DTXSID90755850 DTXSID10771451 DTXSID50804111 DTXSID5070602 DTXSID20346750 DTXSID50796865 DTXSID70785392 DTXSID70241241 DTXSID90599953 DTXSID80853814 DTXSID30191576 DTXSID10339095 DTXSID30393871 DTXSID90887963 DTXSID90240731 DTXSID10784248 DTXSID00432064 DTXSID40336794 DTXSID10648492 DTXSID80759781
DTXSID20428464	DTXSID70567079 DTXSID70819621 DTXSID00430025 DTXSID50242539 DTXSID60292449 DTXSID60767021 DTXSID50390706 DTXSID40243196 DTXSID80847197 DTXSID10484514 DTXSID70810274 DTXSID70743614 DTXSID30421648 DTXSID30767634 DTXSID90804993 DTXSID90553131 DTXSID9057979 DTXSID30199370 DTXSID00386154 DTXSID50310186
DTXSID60743643	DTXSID20620805 DTXSID70735498 DTXSID20846260 DTXSID90373750 DTXSID90276479 DTXSID40509623 DTXSID20394832 DTXSID70811307 DTXSID40589748 DTXSID00507084 DTXSID00515240 DTXSID10612693 DTXSID20419099 DTXSID40516574 DTXSID00857657 DTXSID80648005 DTXSID60456741 DTXSID60820660 DTXSID50325992 DTXSID80684347
DTXSID40388879	DTXSID10518525 DTXSID20467313 DTXSID50853725 DTXSID80570155 DTXSID80663551 DTXSID20549264 DTXSID80181487 DTXSID50663326 DTXSID50302763 DTXSID00295277 DTXSID20207695 DTXSID50593492 DTXSID70714723 DTXSID00440467 DTXSID30609247 DTXSID10459065 DTXSID10453169 DTXSID60599107 DTXSID80498486 DTXSID60475730
DTXSID40640242	DTXSID70342469 DTXSID40159763 DTXSID90170084 DTXSID90545091 DTXSID40204681 DTXSID60528538 DTXSID90557492 DTXSID10236494 DTXSID30482754 DTXSID50609340 DTXSID00540491 DTXSID30441386 DTXSID20406242 DTXSID70591172 DTXSID80459037 DTXSID30627320 DTXSID40555726 DTXSID5062425 DTXSID30798923 DTXSID50438652
DTXSID00541362	DTXSID70589837 DTXSID60425199 DTXSID50553950 DTXSID20485153 DTXSID70341018 DTXSID20640866 DTXSID50812918 DTXSID10211680 DTXSID30479922 DTXSID60211832 DTXSID70353237 DTXSID5068158 DTXSID60842544 DTXSID50335233 DTXSID30385110 DTXSID30640913 DTXSID00363884 DTXSID40697155 DTXSID00876742 DTXSID00705785
DTXSID10421101	DTXSID90448755 DTXSID40488742 DTXSID00538116 DTXSID90693223 DTXSID90339295 DTXSID40396010 DTXSID70651442 DTXSID30596148 DTXSID10240733 DTXSID50425022 DTXSID00385925 DTXSID60496400 DTXSID20323440 DTXSID90801861 DTXSID70346129 DTXSID30456915 DTXSID00621052 DTXSID60522556 DTXSID20887052 DTXSID00848106
DTXSID40717226	DTXSID00826525 DTXSID30202090 DTXSID00703665 DTXSID60879315 DTXSID30375511 DTXSID40295776 DTXSID40561387 DTXSID00672786 DTXSID50725615 DTXSID00659436 DTXSID90373013 DTXSID80698888 DTXSID40806821 DTXSID30188123 DTXSID50236892 DTXSID70784229 DTXSID80568895 DTXSID80170790 DTXSID60415535 DTXSID00806822
DTXSID30787852	DTXSID70401363 DTXSID90469167 DTXSID90479908 DTXSID00571407 DTXSID10212470 DTXSID70876658 DTXSID90609682 DTXSID90429862 DTXSID70173750 DTXSID20718973 DTXSID90542803 DTXSID30778189 DTXSID10283726 DTXSID60206622 DTXSID30537839 DTXSID60620389 DTXSID70212375 DTXSID70332567 DTXSID80336298 DTXSID00377461
DTXSID90571239	DTXSID10642071 DTXSID10181718 DTXSID40634126 DTXSID00241638 DTXSID00576634 DTXSID10391274 DTXSID30583295 DTXSID30529310 DTXSID50624477 DTXSID60427815 DTXSID50170020 DTXSID60477951 DTXSID30856658 DTXSID90164963 DTXSID00382853 DTXSID30308581 DTXSID80573368 DTXSID40407716 DTXSID80482123 DTXSID30799096
DTXSID40869951	DTXSID10852012 DTXSID20776896 DTXSID20558952 DTXSID10224790 DTXSID10322826 DTXSID30615146 DTXSID00787248 DTXSID40706170 DTXSID80756710 DTXSID60749867 DTXSID80185869 DTXSID00764377 DTXSID10279164 DTXSID30307135 DTXSID10736287 DTXSID80234563 DTXSID30844232 DTXSID5061085 DTXSID80884461 DTXSID8061212
DTXSID70676711	DTXSID60159886 DTXSID80444665 DTXSID40638942 DTXSID10466491 DTXSID60294322 DTXSID20239537 DTXSID80317547 DTXSID90832034 DTXSID20522552 DTXSID50510164 DTXSID40452180 DTXSID60239536 DTXSID80789447 DTXSID50660118 DTXSID00463292 DTXSID20184699 DTXSID80896685 DTXSID70655208 DTXSID70193337 DTXSID50696457
DTXSID20538830	DTXSID70396402 DTXSID00522176 DTXSID50654936 DTXSID10795415 DTXSID60747202 DTXSID90808911 DTXSID20826289 DTXSID80562398 DTXSID70670451 DTXSID20392636 DTXSID40187824 DTXSID70535950 DTXSID40751463 DTXSID90328740 DTXSID90217423 DTXSID10669723 DTXSID20876603 DTXSID40176910 DTXSID70717870 DTXSID60638580
DTXSID30465800	DTXSID80741368 DTXSID50323731 DTXSID30824690 DTXSID10584765 DTXSID80404426 DTXSID80445339 DTXSID80449256 DTXSID30853743 DTXSID10195315 DTXSID50322305 DTXSID00555646 DTXSID10367292 DTXSID20742591 DTXSID80296106 DTXSID50524201 DTXSID40233512 DTXSID30676515 DTXSID80588013 DTXSID90358244 DTXSID40629214
DTXSID30278654	DTXSID30344949 DTXSID00633478 DTXSID70593176 DTXSID90621465 DTXSID40508111 DTXSID70799434 DTXSID40397668 DTXSID3061552 DTXSID90346141 DTXSID80464368 DTXSID00611539 DTXSID00391061 DTXSID00423654 DTXSID40405939 DTXSID30306209 DTXSID60336195 DTXSID70557910 DTXSID90346101 DTXSID30544588 DTXSID10518868
DTXSID70328364	DTXSID80502759 DTXSID20552238 DTXSID60229255 DTXSID40183664 DTXSID50621249 DTXSID70516729 DTXSID70559191 DTXSID30573292 DTXSID80613339 DTXSID50527777 DTXSID20625698 DTXSID70466457 DTXSID50307490 DTXSID40235753 DTXSID00531485 DTXSID70359395 DTXSID10182503 DTXSID60649136 DTXSID20455750 DTXSID80553706
DTXSID50461349	DTXSID10669723 DTXSID00403214 DTXSID20876603 DTXSID80836369 DTXSID40738931 DTXSID30497308 DTXSID30675003 DTXSID80534575 DTXSID70393390 DTXSID60721022 DTXSID10694474 DTXSID80562398 DTXSID20593303 DTXSID10303190 DTXSID20478323 DTXSID00606586 DTXSID10322225 DTXSID30520463 DTXSID90560582 DTXSID50731357
DTXSID20896422	DTXSID30896559 DTXSID80896423 DTXSID60567341 DTXSID90615384 DTXSID00431279 DTXSID60235114 DTXSID80549962 DTXSID00893454 DTXSID80380630 DTXSID30634736 DTXSID00734131 DTXSID90527559 DTXSID20529607 DTXSID80645236 DTXSID10547911 DTXSID50300204 DTXSID90158004 DTXSID20655571 DTXSID90675923 DTXSID9073676
DTXSID40642064	DTXSID60310778 DTXSID60830143 DTXSID30620730 DTXSID50844996 DTXSID70579435 DTXSID90731255 DTXSID50217681 DTXSID50605327 DTXSID50538186 DTXSID00876525 DTXSID80694441 DTXSID20364550 DTXSID90513917 DTXSID50181631 DTXSID80790533 DTXSID2052360 DTXSID60844886 DTXSID70554121 DTXSID30357014 DTXSID90418019
DTXSID70712704	DTXSID80346776 DTXSID00571028 DTXSID60674125 DTXSID70400336 DTXSID40144179 DTXSID9068742 DTXSID10708267 DTXSID90427267 DTXSID10364706 DTXSID00444107 DTXSID50818117 DTXSID00625535 DTXSID20590216 DTXSID30828991 DTXSID00604284 DTXSID5066748 DTXSID40589445 DTXSID80407917 DTXSID50684233 DTXSID40762559
DTXSID20676923	DTXSID3042180 DTXSID10446950 DTXSID00618124 DTXSID50850557 DTXSID20589443 DTXSID20694627 DTXSID90332584 DTXSID00725569 DTXSID80541527 DTXSID30291383 DTXSID50632779 DTXSID90856710 DTXSID10166661 DTXSID40344319 DTXSID90473163 DTXSID70879341 DTXSID40165465 DTXSID20680929 DTXSID20652828 DTXSID10189517
DTXSID50465827	DTXSID10579131 DTXSID10144484 DTXSID80275936 DTXSID10463021 DTXSID00562052 DTXSID20594678 DTXSID50505318 DTXSID00757749 DTXSID20172071 DTXSID10560226 DTXSID20403498 DTXSID20434202 DTXSID00405935 DTXSID80776034 DTXSID20357760 DTXSID50736206 DTXSID60184032 DTXSID00405955 DTXSID80438044 DTXSID00338633
DTXSID40528152	DTXSID60284147 DTXSID40321322 DTXSID20668222 DTXSID80729308 DTXSID80646465 DTXSID70613904 DTXSID3069982 DTXSID60358175 DTXSID70499149 DTXSID90354120 DTXSID40197327 DTXSID10564764 DTXSID30419742 DTXSID10282310 DTXSID60733408 DTXSID00528158 DTXSID70749176 DTXSID20591743 DTXSID30505336 DTXSID70239385
DTXSID40581323	DTXSID20630782 DTXSID70517256 DTXSID60580217 DTXSID30575872 DTXSID70457305 DTXSID90509214 DTXSID40887211 DTXSID50340948 DTXSID20363886 DTXSID80531423 DTXSID50711134 DTXSID40741889 DTXSID40662929 DTXSID50515371 DTXSID90334149 DTXSID80844106 DTXSID10733817 DTXSID00719322 DTXSID40303729 DTXSID70280034
DTXSID20435658	DTXSID90529871 DTXSID00872860 DTXSID30382886 DTXSID50778606 DTXSID90499202 DTXSID20231591 DTXSID50428912 DTXSID10491920 DTXSID80162392 DTXSID00484583 DTXSID00464688 DTXSID40507649 DTXSID30473081 DTXSID90319355 DTXSID50637522 DTXSID90358481 DTXSID00356771 DTXSID60501402 DTXSID90602815 DTXSID70797415
DTXSID50427622	DTXSID50358169 DTXSID50599959 DTXSID60444502 DTXSID80676828 DTXSID90705153 DTXSID20827933 DTXSID90489587 DTXSID60373409 DTXSID50312908 DTXSID60835436 DTXSID90291526 DTXSID20456863 DTXSID70357679 DTXSID40538579 DTXSID80744470 DTXSID30827181 DTXSID90674537 DTXSID30857029 DTXSID40719260 DTXSID60456741
DTXSID40382796	DTXSID50341511 DTXSID70751971 DTXSID70143731 DTXSID40815312 DTXSID50707895 DTXSID60703727 DTXSID30816550 DTXSID10191478 DTXSID7069023 DTXSID80357468 DTXSID90390604 DTXSID20582919 DTXSID40544695 DTXSID00587583 DTXSID70176408 DTXSID10808413 DTXSID50847088 DTXSID0046147 DTXSID80768717 DTXSID10313532
DTXSID30170023	DTXSID50381154 DTXSID50420133 DTXSID10743870 DTXSID20680621 DTXSID30855843 DTXSID40181286 DTXSID50623586 DTXSID10352183 DTXSID10309233 DTXSID20776795 DTXSID90200198 DTXSID40829196 DTXSID00503940 DTXSID40454922 DTXSID80180798 DTXSID10708141 DTXSID40230026 DTXSID80657213 DTXSID20879593 DTXSID60532291
DTXSID7072040	DTXSID10824153 DTXSID20242945 DTXSID80761743 DTXSID60872285 DTXSID20755202 DTXSID50782980 DTXSID20373501 DTXSID80435174 DTXSID6070431 DTXSID50767838 DTXSID20181421 DTXSID50507599 DTXSID90759777 DTXSID30710786 DTXSID20544754 DTXSID10511157 DTXSID60775681 DTXSID10767839 DTXSID00234146 DTXSID40847931
DTXSID30341251	DTXSID00611953 DTXSID70737336 DTXSID50196109 DTXSID70508063 DTXSID10310607 DTXSID80629657 DTXSID80774393 DTXSID50621542 DTXSID20880629 DTXSID00409610 DTXSID40532931 DTXSID90459442 DTXSID40474802 DTXSID30823264 DTXSID90334321 DTXSID80800126 DTXSID10508168 DTXSID80493395 DTXSID50816779 DTXSID80769784
DTXSID90490436	DTXSID80819899 DTXSID10737734 DTXSID00511303 DTXSID30384628 DTXSID50460918 DTXSID80561604 DTXSID60558138 DTXSID00533141 DTXSID50610431 DTXSID30149274 DTXSID00438283 DTXSID10175430 DTXSID90213187 DTXSID00528794 DTXSID10752705 DTXSID10781712 DTXSID90330909 DTXSID50233720 DTXSID40526072 DTXSID60378075
DTXSID80470343	DTXSID20874240 DTXSID10814392 DTXSID80186038 DTXSID00896425 DTXSID10896214 DTXSID10849982 DTXSID80785949 DTXSID60895999 DTXSID30427761 DTXSID30574648 DTXSID4072233 DTXSID20876805 DTXSID90808572 DTXSID60896542 DTXSID40341469 DTXSID50770943 DTXSID5067500 DTXSID20819292 DTXSID00428624 DTXSID10833987
DTXSID90497425	DTXSID50208059 DTXSID30716324 DTXSID20611374 DTXSID60379527 DTXSID50590749 DTXSID80499110 DTXSID80548516 DTXSID3069982 DTXSID20597765 DTXSID70239385 DTXSID00384039 DTXSID90740544 DTXSID20154993 DTXSID20680742 DTXSID80351527 DTXSID30716364 DTXSID70397272 DTXSID80556898 DTXSID40703664 DTXSID60221092
DTXSID40330590	DTXSID40200784 DTXSID50340226 DTXSID30446093 DTXSID50457944 DTXSID10838811 DTXSID80496346 DTXSID60764858 DTXSID80604368 DTXSID20431170 DTXSID10456251 DTXSID20557243 DTXSID40574018 DTXSID10404676 DTXSID60785886 DTXSID00391541 DTXSID90719593 DTXSID80466206 DTXSID70460152 DTXSID60184971 DTXSID80169801
DTXSID50488016	DTXSID60184956 DTXSID20747682 DTXSID80534075 DTXSID60612825 DTXSID70496658 DTXSID70642214 DTXSID40694422 DTXSID80513800 DTXSID20823753 DTXSID40581646 DTXSID20390738 DTXSID10729917 DTXSID50768183 DTXSID40741864 DTXSID70657227 DTXSID20297238 DTXSID70736602 DTXSID10306424 DTXSID30388585 DTXSID10468758
DTXSID00745368	DTXSID70619608 DTXSID30303192 DTXSID00508677 DTXSID70314969 DTXSID20393587 DTXSID30620174 DTXSID60700236 DTXSID70855781 DTXSID60319089 DTXSID80478324 DTXSID30847288 DTXSID10657206 DTXSID70732487 DTXSID90222719 DTXSID40747503 DTXSID30546628 DTXSID3073719 DTXSID70554621 DTXSID40487235 DTXSID70678311
DTXSID90888152	DTXSID40573485 DTXSID60283413 DTXSID00817918 DTXSID20847353 DTXSID00816845 DTXSID60660361 DTXSID90675226 DTXSID00796355 DTXSID80852948 DTXSID80206381 DTXSID00552832 DTXSID90718102 DTXSID70464776 DTXSID10301010 DTXSID20463411 DTXSID90820815 DTXSID80729641 DTXSID90786326 DTXSID90562940 DTXSID80300454
DTXSID10165497	DTXSID70280034 DTXSID00815070 DTXSID80737983 DTXSID60580217 DTXSID40470283 DTXSID70316685 DTXSID60694484 DTXSID60315304 DTXSID00885839 DTXSID60886165 DTXSID90675241 DTXSID40303729 DTXSID1051692 DTXSID40741889 DTXSID90278357 DTXSID40143001 DTXSID70392702 DTXSID60582711 DTXSID50515371 DTXSID40315307
DTXSID70561315	DTXSID00614161 DTXSID50526447 DTXSID00420845 DTXSID30194385 DTXSID20357220 DTXSID90473567 DTXSID50571472 DTXSID50846839 DTXSID10663509 DTXSID80206947 DTXSID30199118 DTXSID10287204 DTXSID70377711 DTXSID70647749 DTXSID80345264 DTXSID80726973 DTXSID20585788 DTXSID20895511 DTXSID40824282 DTXSID30583679
DTXSID70787851	DTXSID10190906 DTXSID80760438 DTXSID70314868 DTXSID80582970 DTXSID30218555 DTXSID10640052 DTXSID80333444 DTXSID90182581 DTXSID00342699 DTXSID00565861 DTXSID90388102 DTXSID00484361 DTXSID40180239 DTXSID40876185 DTXSID10478554 DTXSID60707962 DTXSID50616039 DTXSID80471577 DTXSID30510001 DTXSID10679943
DTXSID70560040	DTXSID80150532 DTXSID20669335 DTXSID50573193 DTXSID0047741 DTXSID00176173 DTXSID30347430 DTXSID00767464 DTXSID90738906 DTXSID80201174 DTXSID30222273 DTXSID40379404 DTXSID00223994 DTXSID60550733 DTXSID20449876 DTXSID80407876 DTXSID40501203 DTXSID00550732 DTXSID80783708 DTXSID10626775 DTXSID30201402
DTXSID80369485	DTXSID00493059 DTXSID3042269 DTXSID40802181 DTXSID00514773 DTXSID60693876 DTXSID00534259 DTXSID00199488 DTXSID10552787 DTXSID90760646 DTXSID2061563 DTXSID80661118 DTXSID20656442 DTXSID10837920 DTXSID70525891 DTXSID90695126 DTXSID60831579 DTXSID50832292 DTXSID50624417 DTXSID10347554 DTXSID10699722
DTXSID90559057	DTXSID40593183 DTXSID70737937 DTXSID50321838 DTXSID80324014 DTXSID20536750 DTXSID70823187 DTXSID40607633 DTXSID80293251 DTXSID20641272 DTXSID70331217 DTXSID70794227 DTXSID30566720 DTXSID10340247 DTXSID20702716 DTXSID70693504 DTXSID2046836 DTXSID60848460 DTXSID10484650 DTXSID80744157 DTXSID30444296
DTXSID10518727	DTXSID60640047 DTXSID50767131 DTXSID90179991 DTXSID20877337 DTXSID0024266 DTXSID90796884 DTXSID10700029 DTXSID40749587 DTXSID80456728 DTXSID40682364 DTXSID5070232 DTXSID30526586 DTXSID20185808 DTXSID70759654 DTXSID70477947 DTXSID00678208 DTXSID50694498 DTXSID20793508 DTXSID70582525 DTXSID80637257
DTXSID80428662	DTXSID60400325 DTXSID00742973 DTXSID00739525 DTXSID30628918 DTXSID60373803 DTXSID20193125 DTXSID60589644 DTXSID80787605 DTXSID80323406 DTXSID90767079 DTXSID40629214 DTXSID90383692 DTXSID20876507 DTXSID30853743 DTXSID80538619 DTXSID30824690 DTXSID50623344 DTXSID80196773 DTXSID60631637 DTXSID10584765
DTXSID90477409	DTXSID10482636 DTXSID70276634 DTXSID7073486 DTXSID70877089 DTXSID30757070 DTXSID20722510 DTXSID60716493 DTXSID00225771 DTXSID90590243 DTXSID20509883 DTXSID30419065 DTXSID50174083 DTXSID00186636 DTXSID00346738 DTXSID70297602 DTXSID50527777 DTXSID50728005 DTXSID50395812 DTXSID70241625 DTXSID50709910
DTXSID00374011	DTXSID5051602 DTXSID50332560 DTXSID40473991 DTXSID20766015 DTXSID70832754 DTXSID10396481 DTXSID50849249 DTXSID80606589 DTXSID40241632 DTXSID00418328 DTXSID00294381 DTXSID30319213 DTXSID80151549 DTXSID40459811 DTXSID10326081 DTXSID90805602 DTXSID30698318 DTXSID20417717 DTXSID50591877 DTXSID60370650
DTXSID30399353	DTXSID60572394 DTXSID20771280 DTXSID80341241 DTXSID80835635 DTXSID50152846 DTXSID90278559 DTXSID40574457 DTXSID30650890 DTXSID00534971 DTXSID30652778 DTXSID40435251 DTXSID20806980 DTXSID60653339 DTXSID90460452 DTXSID80514776 DTXSID50402671 DTXSID60458280 DTXSID20213736 DTXSID30668910 DTXSID70398168
DTXSID00371020	DTXSID20879533 DTXSID00192393 DTXSID60532913 DTXSID50683468 DTXSID80604429 DTXSID60808645 DTXSID20488386 DTXSID10461224 DTXSID50225620 DTXSID50399774 DTXSID90676834 DTXSID70812839 DTXSID90668592 DTXSID70733712 DTXSID20445712 DTXSID00569783 DTXSID10794125 DTXSID70885523 DTXSID20354471 DTXSID60618529
DTXSID80773922	DTXSID30153558 DTXSID70399812 DTXSID80237610 DTXSID70669921 DTXSID00236246 DTXSID40210747 DTXSID00577909 DTXSID60444229 DTXSID00276107 DTXSID10677181 DTXSID40880989 DTXSID50456093 DTXSID60282305 DTXSID70317990 DTXSID80211511 DTXSID80752378 DTXSID70243780 DTXSID60191488 DTXSID40193041 DTXSID60635099
DTXSID00720978	DTXSID90814719 DTXSID10297702 DTXSID60407293 DTXSID90474372 DTXSID40543961 DTXSID60392019 DTXSID30395072 DTXSID00521083 DTXSID80543965 DTXSID10596242 DTXSID50505434 DTXSID70381358 DTXSID90291925 DTXSID10366962 DTXSID50361274 DTXSID40608761 DTXSID20549406 DTXSID00745404 DTXSID80210322 DTXSID90478239
DTXSID90876473	DTXSID80535688 DTXSID10588304 DTXSID90237202 DTXSID10667643 DTXSID70851167 DTXSID90819603 DTXSID10804531 DTXSID70731470 DTXSID40753407 DTXSID50587654 DTXSID20173846 DTXSID50343737 DTXSID00829995 DTXSID00732157 DTXSID60476803 DTXSID90431228 DTXSID60847019 DTXSID10630897 DTXSID90814597 DTXSID60790435
DTXSID70557152	DTXSID70720485 DTXSID90711173 DTXSID30778609 DTXSID50820432 DTXSID60236282 DTXSID50817701 DTXSID40483015 DTXSID60715789 DTXSID80840345 DTXSID50766705 DTXSID20840329 DTXSID60772473 DTXSID60776815 DTXSID50752865 DTXSID50234378 DTXSID60463576 DTXSID80793680 DTXSID90407807 DTXSID10317277 DTXSID30786582
DTXSID30628892	DTXSID70711898 DTXSID10482131 DTXSID80175922 DTXSID80191703 DTXSID70619188 DTXSID30453025 DTXSID90625201 DTXSID30178327 DTXSID80627991 DTXSID40354256 DTXSID00461157 DTXSID60427936 DTXSID40371741 DTXSID20180252 DTXSID00651511 DTXSID70857280 DTXSID40408041 DTXSID70749176 DTXSID00619752 DTXSID50383092
DTXSID70484939	DTXSID90221166 DTXSID30851340 DTXSID3070418 DTXSID70580602 DTXSID30431328 DTXSID30615146 DTXSID90176243 DTXSID50797998 DTXSID00787248 DTXSID00840362 DTXSID20558952 DTXSID80694027 DTXSID00210001 DTXSID40706170 DTXSID20675951 DTXSID30844232 DTXSID70276210 DTXSID80756710 DTXSID50778626 DTXSID50812175
DTXSID60225090	DTXSID10814130 DTXSID50369891 DTXSID00801993 DTXSID90834472 DTXSID40640121 DTXSID20812723 DTXSID20596511 DTXSID30389390 DTXSID00896142 DTXSID80536458 DTXSID20459172 DTXSID1020770 DTXSID10879603 DTXSID00420305 DTXSID40434921 DTXSID50180124 DTXSID30185571 DTXSID90767615 DTXSID40437235 DTXSID60297232
DTXSID40874762	DTXSID90155270 DTXSID90162823 DTXSID40333127 DTXSID40837933 DTXSID80142896 DTXSID60874764 DTXSID40823497 DTXSID40469056 DTXSID10218654 DTXSID40201938 DTXSID10166383 DTXSID40823513 DTXSID30851507 DTXSID70850690 DTXSID80773083 DTXSID90214876 DTXSID40156575 DTXSID70300044 DTXSID00454862 DTXSID80584131
DTXSID00614161	DTXSID00420845 DTXSID90473567 DTXSID50526447 DTXSID70561315 DTXSID00312019 DTXSID20585788 DTXSID10287204 DTXSID00621850 DTXSID40293717 DTXSID30662913 DTXSID80851830 DTXSID30194385 DTXSID20357220 DTXSID00393984 DTXSID10663509 DTXSID20333766 DTXSID70647749 DTXSID80726973 DTXSID10538581 DTXSID50846839
DTXSID20437475	DTXSID70651563 DTXSID30490596 DTXSID00625858 DTXSID00513983 DTXSID80170356 DTXSID20590251 DTXSID20538310 DTXSID20192491 DTXSID00466667 DTXSID30789876 DTXSID20626403 DTXSID80733804 DTXSID50544085 DTXSID70308222 DTXSID70721437 DTXSID30218010 DTXSID70670138 DTXSID30673064 DTXSID90787550 DTXSID10672237
DTXSID10295283	DTXSID30203209 DTXSID80346397 DTXSID30225941 DTXSID3037543 DTXSID50760081 DTXSID90875986 DTXSID10223061 DTXSID90169897 DTXSID60178936 DTXSID50561611 DTXSID30785550 DTXSID20444104 DTXSID30650077 DTXSID10452258 DTXSID00145566 DTXSID20857659 DTXSID50397371 DTXSID20646944 DTXSID90656353 DTXSID00532730
DTXSID50704445	DTXSID20316332 DTXSID90344400 DTXSID80561462 DTXSID30535875 DTXSID20155783 DTXSID80876321 DTXSID10456716 DTXSID80737281 DTXSID20750474 DTXSID70886212 DTXSID10633444 DTXSID40630966 DTXSID30368908 DTXSID30717058 DTXSID20832224 DTXSID00359060 DTXSID20635878 DTXSID00658469 DTXSID60600166 DTXSID70565050
DTXSID00504730	DTXSID20424360 DTXSID90509411 DTXSID50738568 DTXSID50490730 DTXSID70578327 DTXSID70742980 DTXSID30176388 DTXSID70614779 DTXSID70309077 DTXSID30536807 DTXSID90810493 DTXSID20170274 DTXSID20790592 DTXSID20629833 DTXSID80752176 DTXSID90501470 DTXSID70408195 DTXSID10436856 DTXSID90708402 DTXSID20352992
DTXSID30821164	DTXSID00852122 DTXSID30159237 DTXSID70558604 DTXSID20384071 DTXSID10628991 DTXSID70529475 DTXSID70224791 DTXSID70280392 DTXSID70393496 DTXSID90468857 DTXSID60836468 DTXSID80384572 DTXSID6046264 DTXSID30632272 DTXSID50447744 DTXSID50421524 DTXSID50604471 DTXSID80625058 DTXSID40298565 DTXSID90853663
DTXSID40706014	DTXSID40541644 DTXSID10495246 DTXSID60378590 DTXSID30718065 DTXSID40449691 DTXSID90520141 DTXSID00637734 DTXSID00783982 DTXSID10569931 DTXSID5069912 DTXSID70353237 DTXSID90456951 DTXSID10733776 DTXSID80772798 DTXSID30589813 DTXSID30241545 DTXSID60473099 DTXSID20163722 DTXSID90622179 DTXSID50553950
DTXSID10822073	DTXSID00756111 DTXSID90500261 DTXSID90750981 DTXSID20613499 DTXSID30787630 DTXSID20878369 DTXSID90413625 DTXSID40816728 DTXSID60536552 DTXSID80633759 DTXSID50816734 DTXSID80816742 DTXSID00847114 DTXSID30851466 DTXSID10280770 DTXSID30218212 DTXSID10577450 DTXSID50675348 DTXSID30865700 DTXSID00787066
DTXSID70734148	DTXSID9047095 DTXSID40567809 DTXSID40588251 DTXSID60614763 DTXSID80365907 DTXSID00175141 DTXSID20327483 DTXSID80175942 DTXSID90736028 DTXSID50749917 DTXSID40351780 DTXSID80590055 DTXSID00730714 DTXSID40717822 DTXSID00620020 DTXSID60172398 DTXSID10696317 DTXSID90562627 DTXSID70622516 DTXSID40341904
DTXSID60198210	DTXSID50614151 DTXSID50742145 DTXSID10182402 DTXSID80655517 DTXSID70352922 DTXSID50481880 DTXSID50742761 DTXSID20197946 DTXSID80596936 DTXSID40462704 DTXSID80221599 DTXSID20797460 DTXSID00461576 DTXSID50572621 DTXSID50479863 DTXSID40563927 DTXSID10610316 DTXSID70277929 DTXSID10182063 DTXSID10609068
DTXSID10756167	DTXSID60760855 DTXSID00366532 DTXSID90672497 DTXSID9074642 DTXSID80845794 DTXSID50240651 DTXSID20821077 DTXSID40657471 DTXSID80416549 DTXSID10657448 DTXSID20327024 DTXSID60455133 DTXSID70325696 DTXSID70365214 DTXSID50277765 DTXSID80812845 DTXSID20317288 DTXSID10624458 DTXSID00846006 DTXSID50729870
DTXSID30198484	DTXSID30372484 DTXSID90296834 DTXSID40795125 DTXSID60757260 DTXSID30288293 DTXSID50496494 DTXSID20838140 DTXSID70599118 DTXSID10180923 DTXSID90651202 DTXSID90483020 DTXSID20671716 DTXSID00559528 DTXSID3057692 DTXSID80453838 DTXSID50727174 DTXSID70195699 DTXSID20486403 DTXSID90408576 DTXSID50483384
DTXSID20881333	DTXSID10371410 DTXSID90353299 DTXSID40393089 DTXSID10764141 DTXSID00443175 DTXSID90598183 DTXSID50582785 DTXSID00722634 DTXSID60700392 DTXSID60429096 DTXSID10142980 DTXSID80175902 DTXSID60429672 DTXSID80318690 DTXSID30727511 DTXSID70395778 DTXSID10760229 DTXSID00284580 DTXSID50336265 DTXSID00451331
DTXSID60293931	DTXSID50570960 DTXSID00431456 DTXSID10223829 DTXSID10556543 DTXSID70662836 DTXSID10618094 DTXSID90383879 DTXSID10672419 DTXSID20616804 DTXSID90516105 DTXSID80665479 DTXSID70579652 DTXSID30759337 DTXSID40415351 DTXSID10876652 DTXSID50154325 DTXSID10154664 DTXSID10294832 DTXSID80561866 DTXSID00447830
DTXSID80391786	DTXSID40707006 DTXSID80608826 DTXSID00487933 DTXSID50495023 DTXSID30675508 DTXSID10332006 DTXSID20739784 DTXSID40596295 DTXSID30589373 DTXSID70465081 DTXSID00837752 DTXSID3037549 DTXSID70875984 DTXSID60608662 DTXSID90143531 DTXSID70668959 DTXSID20424284 DTXSID10144424 DTXSID70324861 DTXSID50196028
DTXSID70670451	DTXSID40187824 DTXSID40176910 DTXSID10795415 DTXSID50654936 DTXSID60177085 DTXSID70535950 DTXSID20392636 DTXSID50888532 DTXSID60638580 DTXSID00522176 DTXSID20826289 DTXSID20538830 DTXSID70396402 DTXSID10673926 DTXSID80783400 DTXSID40674047 DTXSID60747202 DTXSID10241008 DTXSID10225444 DTXSID60522172
DTXSID10699585	DTXSID10886074 DTXSID30147033 DTXSID50767838 DTXSID00752951 DTXSID40417799 DTXSID60822902 DTXSID60511480 DTXSID40195666 DTXSID20181421 DTXSID50782980 DTXSID80195024 DTXSID30710786 DTXSID70450674 DTXSID90602057 DTXSID10202674 DTXSID90759777 DTXSID00826560 DTXSID30429503 DTXSID60816366 DTXSID10767839
DTXSID30726064	DTXSID80487471 DTXSID70677208 DTXSID00506916 DTXSID60377023 DTXSID00695157 DTXSID70325535 DTXSID80728891 DTXSID70471389 DTXSID90574381 DTXSID10582342 DTXSID60307108 DTXSID80294445 DTXSID90278690 DTXSID20439297 DTXSID20534998 DTXSID40808289 DTXSID50667248 DTXSID00769246 DTXSID40296581 DTXSID40637874
DTXSID50383092	DTXSID1063435 DTXSID80175922 DTXSID60503325 DTXSID70619188 DTXSID50778944 DTXSID00407818 DTXSID40371741 DTXSID80407659 DTXSID70711898 DTXSID80619210 DTXSID40354256 DTXSID10364029 DTXSID80374438 DTXSID40623494 DTXSID80496402 DTXSID20483593 DTXSID00186358 DTXSID30595075 DTXSID80182510 DTXSID00766437
DTXSID10448853	DTXSID70814070 DTXSID70780766 DTXSID80240427 DTXSID90874217 DTXSID90344864 DTXSID20815673 DTXSID50596322 DTXSID40576476 DTXSID20792955 DTXSID20876587 DTXSID80283036 DTXSID20571666 DTXSID60740637 DTXSID60586193 DTXSID50576785 DTXSID60315945 DTXSID40521749 DTXSID80611870 DTXSID30167256 DTXSID90513452
DTXSID40546452	DTXSID50542425 DTXSID40286048 DTXSID30558746 DTXSID40238805 DTXSID90707511 DTXSID90719896 DTXSID30466877 DTXSID90281846 DTXSID80322656 DTXSID90524487 DTXSID90877561 DTXSID40821998 DTXSID70366685 DTXSID90473840 DTXSID80799980 DTXSID00284505 DTXSID10391810 DTXSID90585831 DTXSID40146198 DTXSID40841656
DTXSID90445749	DTXSID60408361 DTXSID30766203 DTXSID80813554 DTXSID30346367 DTXSID20189700 DTXSID80563204 DTXSID70388408 DTXSID00312413 DTXSID80418427 DTXSID50454276 DTXSID90352964 DTXSID80172734 DTXSID10463849 DTXSID40505180 DTXSID80621994 DTXSID50739813 DTXSID90301614 DTXSID70694839 DTXSID80503569 DTXSID80211632
DTXSID80342814	DTXSID60146276 DTXSID70651144 DTXSID00394330 DTXSID10338109 DTXSID20616925 DTXSID90547999 DTXSID00339443 DTXSID40191426 DTXSID10201521 DTXSID60307320 DTXSID20876901 DTXSID10655924 DTXSID30181371 DTXSID30389638 DTXSID20225894 DTXSID80405872 DTXSID00390094 DTXSID60355402 DTXSID90854731 DTXSID80537122
DTXSID60612426	DTXSID6020012 DTXSID40462946 DTXSID50464178 DTXSID20676867 DTXSID40195121 DTXSID80354275 DTXSID00664580 DTXSID70781915 DTXSID70447701 DTXSID30343058 DTXSID20514770 DTXSID40222542 DTXSID40551667 DTXSID80639958 DTXSID00353104 DTXSID9072652 DTXSID70353797 DTXSID30401122 DTXSID50342189 DTXSID70742783
DTXSID90547671	DTXSID10547673 DTXSID80706492 DTXSID6036885 DTXSID80409214 DTXSID30532662 DTXSID30499004 DTXSID90651202 DTXSID20718998 DTXSID70195699 DTXSID70334960 DTXSID30323618 DTXSID80343442 DTXSID50483384 DTXSID20298200 DTXSID80453838 DTXSID10179115 DTXSID00729865 DTXSID70504686 DTXSID30653462 DTXSID90698511
DTXSID00733169	DTXSID90226358 DTXSID90602815 DTXSID4062646 DTXSID90358481 DTXSID00352677 DTXSID00872860 DTXSID30382886 DTXSID60633570 DTXSID00385925 DTXSID70346129 DTXSID80162392 DTXSID70509131 DTXSID50778606 DTXSID00484583 DTXSID20435658 DTXSID60487010 DTXSID90499202 DTXSID60843899 DTXSID80365068 DTXSID00514839
DTXSID20627031	DTXSID60520198 DTXSID40413276 DTXSID60704451 DTXSID50572782 DTXSID60188550 DTXSID70240355 DTXSID40748373 DTXSID20563228 DTXSID40763243 DTXSID00300092 DTXSID70791993 DTXSID80700910 DTXSID30793711 DTXSID20148998 DTXSID80305929 DTXSID90220432 DTXSID10225964 DTXSID50750765 DTXSID30730989 DTXSID60708676
DTXSID00656147	DTXSID00373802 DTXSID70693443 DTXSID20275814 DTXSID50841824 DTXSID90187238 DTXSID30667468 DTXSID80378714 DTXSID90294173 DTXSID40433398 DTXSID00721061 DTXSID60885855 DTXSID60757684 DTXSID40787722 DTXSID90379459 DTXSID20559702 DTXSID90680572 DTXSID60848460 DTXSID70473525 DTXSID30178928 DTXSID20496845
DTXSID10342286	DTXSID60305467 DTXSID70300064 DTXSID90444156 DTXSID60284925 DTXSID30574885 DTXSID80613192 DTXSID70326042 DTXSID90597717 DTXSID30879706 DTXSID80552613 DTXSID60545866 DTXSID90434618 DTXSID20754836 DTXSID20460561 DTXSID50214857 DTXSID70392328 DTXSID30321194 DTXSID10224533 DTXSID60164793 DTXSID70665004
DTXSID60829037	DTXSID40712251 DTXSID20579541 DTXSID7041334 DTXSID60715926 DTXSID90651949 DTXSID90697367 DTXSID20742359 DTXSID80737281 DTXSID80876321 DTXSID20635878 DTXSID70496976 DTXSID10617749 DTXSID70701077 DTXSID00681590 DTXSID20750474 DTXSID40222441 DTXSID20448384 DTXSID70565050 DTXSID60600166 DTXSID70607621
DTXSID00656142	DTXSID10468758 DTXSID3070040 DTXSID30400877 DTXSID30287024 DTXSID90873624 DTXSID60299054 DTXSID70642214 DTXSID20768771 DTXSID90519676 DTXSID40741864 DTXSID30790189 DTXSID10846613 DTXSID10277741 DTXSID00509528 DTXSID80513800 DTXSID80534075 DTXSID80304871 DTXSID10548160 DTXSID70496658 DTXSID50488016
DTXSID70697582	DTXSID70170502 DTXSID20719167 DTXSID30217503 DTXSID20735721 DTXSID50471468 DTXSID30291883 DTXSID40450924 DTXSID90560582 DTXSID00458764 DTXSID80572896 DTXSID10303190 DTXSID20378677 DTXSID20605758 DTXSID50872976 DTXSID80162079 DTXSID70143155 DTXSID40738931 DTXSID90425465 DTXSID10470412 DTXSID30442510
DTXSID20830144	DTXSID00502372 DTXSID30734205 DTXSID00418545 DTXSID80289457 DTXSID00651859 DTXSID10867661 DTXSID50497183 DTXSID9025403 DTXSID40289458 DTXSID10552267 DTXSID40452140 DTXSID90524487 DTXSID00390094 DTXSID20848446 DTXSID00865494 DTXSID60307320 DTXSID10481523 DTXSID00559245 DTXSID20503528 DTXSID20630368
DTXSID0065933	DTXSID4041236 DTXSID40359221 DTXSID40307383 DTXSID60402203 DTXSID40507649 DTXSID00356771 DTXSID30600178 DTXSID90480958 DTXSID20231591 DTXSID00338335 DTXSID30616431 DTXSID4067771 DTXSID20678220 DTXSID00484583 DTXSID50337419 DTXSID30596401 DTXSID50778606 DTXSID60501402 DTXSID80578838 DTXSID10491920
DTXSID50157477	DTXSID10739314 DTXSID10433567 DTXSID80851436 DTXSID40596033 DTXSID90654910 DTXSID30460633 DTXSID70447286 DTXSID90630138 DTXSID50771132 DTXSID20281692 DTXSID80284801 DTXSID10175637 DTXSID40207955 DTXSID90768041 DTXSID80444347 DTXSID20316433 DTXSID40823058 DTXSID50821545 DTXSID70598186 DTXSID90763758
DTXSID90501470	DTXSID70309077 DTXSID20739168 DTXSID70742980 DTXSID50490730 DTXSID50738568 DTXSID70431468 DTXSID20170274 DTXSID10361270 DTXSID50478058 DTXSID40530331 DTXSID90843903 DTXSID70614779 DTXSID90694952 DTXSID90708402 DTXSID00436880 DTXSID10167254 DTXSID20600723 DTXSID00504730 DTXSID90509411 DTXSID60425730
DTXSID60626321	DTXSID6041769 DTXSID60551669 DTXSID60798719 DTXSID10685822 DTXSID40793823 DTXSID90407221 DTXSID40879338 DTXSID80465693 DTXSID70369696 DTXSID60635458 DTXSID30313635 DTXSID40596119 DTXSID00461238 DTXSID10503052 DTXSID70886858 DTXSID30309654 DTXSID70672753 DTXSID50704788 DTXSID30856991 DTXSID10430157
DTXSID00681035	DTXSID60359485 DTXSID50374208 DTXSID2060387 DTXSID90585790 DTXSID50896096 DTXSID60774114 DTXSID60744413 DTXSID50286771 DTXSID80407917 DTXSID80344898 DTXSID70593232 DTXSID80718212 DTXSID40762559 DTXSID10364706 DTXSID20478000 DTXSID80648005 DTXSID50818117 DTXSID50684233 DTXSID30828991 DTXSID50392846
DTXSID20796933	DTXSID60649297 DTXSID10704628 DTXSID60835597 DTXSID10359354 DTXSID00706676 DTXSID20682347 DTXSID80338510 DTXSID00755240 DTXSID30493143 DTXSID00529488 DTXSID80595247 DTXSID10471782 DTXSID50657063 DTXSID30701937 DTXSID70649586 DTXSID70694495 DTXSID60179988 DTXSID90706640 DTXSID90707096 DTXSID1066104
DTXSID00429272	DTXSID50368041 DTXSID70197592 DTXSID10879688 DTXSID30153356 DTXSID00218749 DTXSID80451172 DTXSID90279182 DTXSID50601344 DTXSID10289940 DTXSID60771643 DTXSID90618678 DTXSID00598078 DTXSID00467412 DTXSID40549529 DTXSID60664208 DTXSID90218415 DTXSID10622999 DTXSID20622086 DTXSID40615596 DTXSID30668930
DTXSID30589813	DTXSID90456951 DTXSID80772798 DTXSID60402369 DTXSID00587664 DTXSID90667540 DTXSID60378590 DTXSID60577829 DTXSID10569931 DTXSID00553187 DTXSID90520141 DTXSID30640913 DTXSID20163722 DTXSID40541644 DTXSID60820125 DTXSID10345757 DTXSID90829020 DTXSID10489948 DTXSID80876684 DTXSID70353237 DTXSID70158284
DTXSID80814102	DTXSID40758917 DTXSID70315971 DTXSID20647693 DTXSID40334275 DTXSID50406932 DTXSID80440647 DTXSID10198205 DTXSID40380277 DTXSID30796606 DTXSID10696150 DTXSID40593340 DTXSID00839751 DTXSID00411738 DTXSID50450930 DTXSID90442410 DTXSID10871440 DTXSID20406141 DTXSID90462936 DTXSID40474029 DTXSID60725101
DTXSID10426732	DTXSID90373472 DTXSID00712035 DTXSID20758435 DTXSID70303297 DTXSID30761213 DTXSID50761275 DTXSID6058972 DTXSID50809828 DTXSID30282190 DTXSID60598918 DTXSID20417959 DTXSID50343833 DTXSID80640443 DTXSID90584703 DTXSID10169758 DTXSID2071071 DTXSID1070773 DTXSID70672798 DTXSID00156475 DTXSID60875796
DTXSID00804404	DTXSID70790805 DTXSID40830606 DTXSID40789867 DTXSID60605217 DTXSID20888665 DTXSID10805149 DTXSID50780365 DTXSID10819029 DTXSID50812175 DTXSID80830605 DTXSID30805762 DTXSID20808722 DTXSID60823212 DTXSID70710346 DTXSID50533959 DTXSID40163668 DTXSID40867432 DTXSID20675951 DTXSID70785433 DTXSID80634549
DTXSID50609784	DTXSID60401190 DTXSID20879376 DTXSID70457502 DTXSID40463534 DTXSID40313489 DTXSID10555854 DTXSID00810742 DTXSID00725807 DTXSID30618374 DTXSID90857282 DTXSID10646473 DTXSID30550669 DTXSID00348297 DTXSID90618092 DTXSID30775971 DTXSID50745414 DTXSID70307896 DTXSID60725808 DTXSID20702812 DTXSID30359270
DTXSID70465081	DTXSID10332006 DTXSID3037549 DTXSID70771053 DTXSID70554040 DTXSID40199366 DTXSID80391786 DTXSID50494990 DTXSID60290586 DTXSID40707006 DTXSID80369526 DTXSID50495023 DTXSID40641294 DTXSID10144424 DTXSID90454396 DTXSID10794963 DTXSID20739784 DTXSID60608662 DTXSID90699861 DTXSID70668959 DTXSID00352374
DTXSID30854634	DTXSID60281333 DTXSID60321021 DTXSID70773471 DTXSID70876870 DTXSID90147751 DTXSID10156704 DTXSID40551263 DTXSID80352251 DTXSID70788843 DTXSID40145843 DTXSID10442876 DTXSID00593189 DTXSID30886233 DTXSID80443759 DTXSID30468098 DTXSID80424169 DTXSID50310146 DTXSID70437263 DTXSID50833688 DTXSID10314887
DTXSID20293179	DTXSID70484378 DTXSID20383281 DTXSID50523537 DTXSID90364027 DTXSID70578802 DTXSID50467164 DTXSID80841231 DTXSID60524616 DTXSID90514803 DTXSID70285706 DTXSID60406004 DTXSID80624889 DTXSID70518021 DTXSID50679866 DTXSID30813069 DTXSID30851865 DTXSID60409252 DTXSID10567932 DTXSID90294037 DTXSID20754952
DTXSID7071024	DTXSID20765967 DTXSID50144802 DTXSID90592080 DTXSID10577213 DTXSID20342651 DTXSID80552597 DTXSID10738281 DTXSID50805163 DTXSID80492267 DTXSID30813064 DTXSID4052051 DTXSID6052039 DTXSID2059275 DTXSID10592128 DTXSID80340113 DTXSID9070612 DTXSID90520888 DTXSID10326566 DTXSID60524616 DTXSID30503079
DTXSID00223095	DTXSID30207525 DTXSID10506866 DTXSID00604345 DTXSID10589275 DTXSID70375095 DTXSID6023315 DTXSID80664447 DTXSID10658632 DTXSID30782766 DTXSID80635011 DTXSID50467003 DTXSID40674724 DTXSID30465820 DTXSID00657452 DTXSID80781567 DTXSID60594132 DTXSID30279207 DTXSID40570439 DTXSID30625664 DTXSID40288860
DTXSID10586047	DTXSID00520293 DTXSID4045682 DTXSID10673906 DTXSID10470412 DTXSID20605758 DTXSID80162079 DTXSID50297443 DTXSID30291883 DTXSID40325507 DTXSID10771759 DTXSID00619277 DTXSID20378677 DTXSID30217503 DTXSID90726161 DTXSID80572896 DTXSID90499641 DTXSID90205022 DTXSID70542023 DTXSID40753881 DTXSID20835432
DTXSID30600895	DTXSID80436883 DTXSID40775720 DTXSID20383463 DTXSID80585729 DTXSID60883917 DTXSID70505077 DTXSID30769214 DTXSID20567408 DTXSID80578333 DTXSID70549451 DTXSID10805644 DTXSID40440067 DTXSID00565760 DTXSID00375386 DTXSID00762792 DTXSID70479325 DTXSID70344842 DTXSID90517319 DTXSID10399917 DTXSID60340732
DTXSID70172723	DTXSID00289818 DTXSID50768289 DTXSID0025442 DTXSID50294013 DTXSID50591554 DTXSID90163931 DTXSID80564074 DTXSID60642107 DTXSID00349547 DTXSID00635871 DTXSID00455874 DTXSID6061604 DTXSID80351663 DTXSID80314112 DTXSID50369997 DTXSID30408732 DTXSID90670418 DTXSID20669517 DTXSID90494237 DTXSID20318553
DTXSID80444004	DTXSID50378741 DTXSID40468009 DTXSID2024791 DTXSID70159413 DTXSID60542759 DTXSID60454661 DTXSID00305805 DTXSID10181490 DTXSID80742077 DTXSID70721134 DTXSID3057692 DTXSID80777521 DTXSID50311390 DTXSID60365268 DTXSID70655400 DTXSID10471545 DTXSID70721432 DTXSID90483020 DTXSID90408576 DTXSID30483483
DTXSID90711350	DTXSID40646800 DTXSID30651867 DTXSID10826758 DTXSID70858136 DTXSID90427929 DTXSID30726822 DTXSID10842610 DTXSID70642476 DTXSID50580049 DTXSID20277616 DTXSID90345699 DTXSID90645585 DTXSID60856080 DTXSID70651861 DTXSID40716512 DTXSID50382641 DTXSID40313303 DTXSID20797748 DTXSID10345656 DTXSID20879593
DTXSID70152843	DTXSID70456873 DTXSID70744343 DTXSID20618065 DTXSID90150922 DTXSID80557643 DTXSID60291290 DTXSID30207606 DTXSID70489489 DTXSID60651097 DTXSID80196273 DTXSID40622548 DTXSID10379299 DTXSID40645570 DTXSID50632411 DTXSID40741081 DTXSID70848471 DTXSID80230045 DTXSID70213504 DTXSID50415544 DTXSID70876072
DTXSID50729234	DTXSID20518379 DTXSID30858713 DTXSID2052447 DTXSID20476203 DTXSID00550732 DTXSID5061245 DTXSID60600126 DTXSID90749330 DTXSID00582912 DTXSID10501058 DTXSID40708275 DTXSID0044153 DTXSID60550733 DTXSID70886030 DTXSID60488421 DTXSID90711198 DTXSID20776098 DTXSID30405908 DTXSID40551526 DTXSID50179492
DTXSID70434611	DTXSID60576635 DTXSID00403350 DTXSID40216284 DTXSID90316728 DTXSID80737847 DTXSID9021394 DTXSID10738746 DTXSID20629893 DTXSID20730756 DTXSID00227710 DTXSID00640905 DTXSID20580733 DTXSID20376158 DTXSID0041773 DTXSID90325830 DTXSID50186363 DTXSID30646399 DTXSID00823892 DTXSID70613267 DTXSID00338355
DTXSID10824299	DTXSID30451763 DTXSID40427974 DTXSID30489122 DTXSID90346101 DTXSID20579586 DTXSID00651450 DTXSID70478419 DTXSID60451392 DTXSID40595829 DTXSID90338980 DTXSID80434162 DTXSID40405939 DTXSID00298647 DTXSID30578828 DTXSID00667551 DTXSID10640512 DTXSID40514434 DTXSID70557910 DTXSID40722618 DTXSID70275501
DTXSID1052664	DTXSID30388904 DTXSID9058941 DTXSID50150201 DTXSID40720078 DTXSID10698513 DTXSID60651118 DTXSID00667490 DTXSID00781261 DTXSID50296032 DTXSID80786658 DTXSID60174953 DTXSID70360269 DTXSID10521453 DTXSID80440703 DTXSID20566476 DTXSID10335956 DTXSID40386395 DTXSID70282538 DTXSID00827012 DTXSID70832254
DTXSID5062398	DTXSID70394423 DTXSID20888029 DTXSID90216335 DTXSID80814501 DTXSID60598059 DTXSID30223285 DTXSID30770365 DTXSID60288589 DTXSID1066239 DTXSID80195044 DTXSID5047114 DTXSID30772566 DTXSID1068019 DTXSID50552443 DTXSID50783437 DTXSID50410539 DTXSID90404730 DTXSID0062921 DTXSID50757335 DTXSID80331586
DTXSID80299652	DTXSID50352682 DTXSID0062139 DTXSID80593521 DTXSID40175741 DTXSID50356468 DTXSID80528671 DTXSID60489296 DTXSID80289396 DTXSID80855090 DTXSID80457351 DTXSID50534365 DTXSID20500057 DTXSID00305805 DTXSID60542759 DTXSID00670222 DTXSID00502857 DTXSID00669237 DTXSID00668987 DTXSID10604336 DTXSID70669229
DTXSID20838140	DTXSID90483020 DTXSID90408576 DTXSID30372484 DTXSID30198484 DTXSID40795125 DTXSID2024791 DTXSID10180923 DTXSID3057692 DTXSID60199601 DTXSID90296834 DTXSID10181490 DTXSID80742077 DTXSID60542759 DTXSID70599118 DTXSID60454661 DTXSID30288293 DTXSID50496494 DTXSID30483483 DTXSID00559528 DTXSID20486403
DTXSID00398671	DTXSID20443399 DTXSID80339067 DTXSID40388536 DTXSID00734893 DTXSID10364529 DTXSID70390667 DTXSID40289039 DTXSID90877304 DTXSID20290527 DTXSID40775609 DTXSID70514285 DTXSID00331164 DTXSID50640314 DTXSID10402339 DTXSID50707951 DTXSID00780936 DTXSID00560977 DTXSID70444013 DTXSID30392965 DTXSID30663066
DTXSID60369660	DTXSID20548313 DTXSID70560666 DTXSID40673595 DTXSID60154331 DTXSID90156141 DTXSID10865142 DTXSID20293093 DTXSID80629490 DTXSID60281555 DTXSID70666899 DTXSID80299394 DTXSID30788642 DTXSID90799638 DTXSID70612538 DTXSID60640062 DTXSID70495863 DTXSID80754296 DTXSID80879493 DTXSID30616810 DTXSID80588412
DTXSID50615385	DTXSID90387731 DTXSID50704006 DTXSID60550516 DTXSID40896727 DTXSID10303817 DTXSID50161635 DTXSID70585475 DTXSID90161639 DTXSID20188935 DTXSID20284688 DTXSID90675923 DTXSID10377573 DTXSID20733565 DTXSID30634736 DTXSID80722556 DTXSID30816914 DTXSID70640932 DTXSID80647376 DTXSID80380630 DTXSID40436167
DTXSID30314804	DTXSID20651159 DTXSID6067549 DTXSID20598570 DTXSID80703825 DTXSID10743592 DTXSID80879711 DTXSID00587649 DTXSID00679770 DTXSID10587796 DTXSID60317383 DTXSID10879320 DTXSID80784755 DTXSID20590271 DTXSID50662930 DTXSID60353524 DTXSID50398949 DTXSID60587786 DTXSID40621798 DTXSID80594755 DTXSID70361650
DTXSID70232093	DTXSID80305424 DTXSID70614431 DTXSID40460846 DTXSID80506439 DTXSID10325736 DTXSID10163594 DTXSID20703682 DTXSID70527118 DTXSID30752045 DTXSID50495442 DTXSID10499269 DTXSID40316117 DTXSID70323197 DTXSID80356315 DTXSID30378148 DTXSID70526065 DTXSID70791014 DTXSID50590168 DTXSID60333109 DTXSID10489847
DTXSID10470659	DTXSID80709549 DTXSID60874628 DTXSID30662498 DTXSID90751271 DTXSID3060667 DTXSID30816550 DTXSID50707895 DTXSID30385716 DTXSID50655685 DTXSID80768717 DTXSID60703727 DTXSID60662507 DTXSID00813511 DTXSID30336223 DTXSID40239670 DTXSID40662505 DTXSID70751971 DTXSID70848835 DTXSID70143731 DTXSID20582919
DTXSID70619608	DTXSID00745368 DTXSID00508677 DTXSID70314969 DTXSID60319089 DTXSID30847288 DTXSID30303192 DTXSID30620174 DTXSID90222719 DTXSID3073719 DTXSID10657206 DTXSID20393587 DTXSID60700236 DTXSID80478324 DTXSID40487235 DTXSID70554621 DTXSID70855781 DTXSID70678311 DTXSID50450490 DTXSID30546628 DTXSID20522476
DTXSID90626394	DTXSID40161003 DTXSID70821062 DTXSID70408539 DTXSID70165938 DTXSID60365844 DTXSID70203107 DTXSID90185572 DTXSID70831702 DTXSID10581315 DTXSID70461260 DTXSID80492984 DTXSID60897135 DTXSID60576312 DTXSID40674385 DTXSID10876516 DTXSID60284824 DTXSID80562893 DTXSID30378360 DTXSID20797748 DTXSID10236696
DTXSID80724191	DTXSID60170258 DTXSID20391366 DTXSID60332177 DTXSID70214475 DTXSID50210571 DTXSID80226706 DTXSID80561785 DTXSID80603790 DTXSID90766406 DTXSID40309307 DTXSID50630316 DTXSID30378406 DTXSID80172734 DTXSID40757627 DTXSID10606431 DTXSID00220968 DTXSID70440333 DTXSID10816412 DTXSID20170390 DTXSID80621994
DTXSID80561462	DTXSID00658469 DTXSID80876321 DTXSID20750474 DTXSID00359060 DTXSID10617749 DTXSID7041334 DTXSID00681590 DTXSID50704445 DTXSID10394881 DTXSID90697367 DTXSID10633444 DTXSID80737281 DTXSID70565050 DTXSID30739694 DTXSID70701077 DTXSID30535875 DTXSID00491272 DTXSID90369355 DTXSID00505101 DTXSID20316332
DTXSID20797081	DTXSID90544741 DTXSID00315606 DTXSID20379503 DTXSID90612898 DTXSID80876982 DTXSID00184258 DTXSID40303103 DTXSID30804533 DTXSID30449367 DTXSID20612902 DTXSID40700158 DTXSID30184524 DTXSID50694418 DTXSID70383473 DTXSID30278139 DTXSID90431228 DTXSID40876983 DTXSID80848381 DTXSID20475751 DTXSID70592609
DTXSID50851009	DTXSID40809372 DTXSID10578240 DTXSID40527741 DTXSID70243806 DTXSID20323662 DTXSID20280680 DTXSID40494565 DTXSID10482090 DTXSID8070542 DTXSID00494304 DTXSID60463011 DTXSID80763489 DTXSID00813839 DTXSID40700032 DTXSID40186074 DTXSID80765726 DTXSID00240863 DTXSID60838245 DTXSID80466281 DTXSID50757779
DTXSID70350302	DTXSID30646571 DTXSID70665448 DTXSID10694595 DTXSID60383684 DTXSID30620215 DTXSID40390270 DTXSID80700192 DTXSID80627158 DTXSID10427320 DTXSID00307642 DTXSID50283447 DTXSID00646629 DTXSID70578549 DTXSID90162424 DTXSID80356057 DTXSID40432169 DTXSID80381501 DTXSID10298976 DTXSID40517460 DTXSID60646347
DTXSID20390950	DTXSID10796583 DTXSID30844757 DTXSID60459959 DTXSID00539461 DTXSID2041963 DTXSID60281555 DTXSID80318034 DTXSID70366605 DTXSID3073397 DTXSID90799638 DTXSID00425552 DTXSID40501208 DTXSID50375033 DTXSID80629490 DTXSID30649502 DTXSID30788642 DTXSID40673595 DTXSID90411444 DTXSID80645312 DTXSID70283005
DTXSID10805583	DTXSID40886880 DTXSID30793837 DTXSID50775332 DTXSID40840361 DTXSID8051706 DTXSID90280773 DTXSID70711257 DTXSID10317277 DTXSID50823948 DTXSID00281130 DTXSID00618164 DTXSID90469309 DTXSID60460363 DTXSID00597728 DTXSID30170922 DTXSID00694029 DTXSID50775251 DTXSID3026564 DTXSID10790102 DTXSID40880888
DTXSID30826654	DTXSID00314351 DTXSID30773912 DTXSID40823492 DTXSID90241283 DTXSID30155996 DTXSID00153661 DTXSID30198141 DTXSID20162997 DTXSID90787090 DTXSID40652547 DTXSID80436722 DTXSID50783619 DTXSID00428624 DTXSID00148017 DTXSID50770943 DTXSID70851288 DTXSID00832722 DTXSID30427761 DTXSID50838375 DTXSID40896005
DTXSID90185370	DTXSID70397570 DTXSID10474798 DTXSID9021712 DTXSID40414687 DTXSID10325094 DTXSID60532291 DTXSID00485015 DTXSID70584923 DTXSID30452775 DTXSID80736618 DTXSID30541491 DTXSID10726820 DTXSID40181286 DTXSID50849961 DTXSID40588413 DTXSID40513381 DTXSID80604707 DTXSID20485012 DTXSID60217359 DTXSID00661216
DTXSID50642050	DTXSID40453516 DTXSID60196817 DTXSID30652637 DTXSID50876373 DTXSID90702268 DTXSID20344438 DTXSID80533624 DTXSID80799980 DTXSID40821998 DTXSID20503528 DTXSID70317677 DTXSID20848446 DTXSID90720684 DTXSID70223906 DTXSID90585831 DTXSID80345481 DTXSID80374337 DTXSID7044764 DTXSID40289458 DTXSID10758666
DTXSID30176388	DTXSID60634486 DTXSID70408195 DTXSID30157839 DTXSID80752176 DTXSID30627547 DTXSID90729455 DTXSID20876002 DTXSID00504730 DTXSID20424360 DTXSID60636561 DTXSID60739006 DTXSID60341340 DTXSID40677391 DTXSID80696829 DTXSID80660101 DTXSID90397557 DTXSID50490730 DTXSID90509411 DTXSID70578327 DTXSID70434515
DTXSID50381795	DTXSID40144179 DTXSID10406059 DTXSID50538580 DTXSID40589445 DTXSID90427267 DTXSID50671709 DTXSID20590216 DTXSID20649435 DTXSID40762559 DTXSID40655977 DTXSID70712704 DTXSID50853664 DTXSID30666870 DTXSID80407917 DTXSID60674125 DTXSID90506566 DTXSID00625535 DTXSID40324171 DTXSID00571028 DTXSID60573200
DTXSID00735784	DTXSID50425244 DTXSID40757268 DTXSID50290212 DTXSID00641295 DTXSID10676997 DTXSID70891442 DTXSID70300165 DTXSID80472908 DTXSID40641294 DTXSID90454396 DTXSID40610364 DTXSID60290586 DTXSID40835055 DTXSID90799633 DTXSID90812856 DTXSID70771053 DTXSID10641428 DTXSID50549631 DTXSID90699861 DTXSID00406381
DTXSID90407807	DTXSID50234378 DTXSID60463576 DTXSID20840329 DTXSID40483015 DTXSID80793680 DTXSID50239186 DTXSID70471960 DTXSID10431745 DTXSID90758447 DTXSID30786582 DTXSID80232084 DTXSID50752865 DTXSID60772473 DTXSID50191093 DTXSID90711173 DTXSID20825196 DTXSID00601051 DTXSID70720485 DTXSID70557152 DTXSID90292492
DTXSID10455688	DTXSID60172090 DTXSID40174976 DTXSID80278381 DTXSID30806976 DTXSID10876652 DTXSID40465871 DTXSID10672419 DTXSID70186380 DTXSID40786952 DTXSID30323890 DTXSID80456122 DTXSID30504920 DTXSID20465778 DTXSID90238173 DTXSID20612189 DTXSID10558300 DTXSID10812313 DTXSID50315232 DTXSID50384589 DTXSID00447830
DTXSID8036653	DTXSID70562589 DTXSID50656218 DTXSID90306129 DTXSID80519504 DTXSID10371591 DTXSID00774294 DTXSID70674131 DTXSID90527650 DTXSID80402341 DTXSID00390958 DTXSID90578445 DTXSID30496230 DTXSID90182288 DTXSID40490688 DTXSID50863142 DTXSID20321380 DTXSID40190474 DTXSID30537475 DTXSID00462285 DTXSID40276348
DTXSID70710422	DTXSID40430266 DTXSID90647221 DTXSID70221568 DTXSID20406545 DTXSID70820898 DTXSID40670741 DTXSID50437069 DTXSID00618008 DTXSID50227583 DTXSID50345014 DTXSID70310608 DTXSID30636396 DTXSID80337326 DTXSID80492207 DTXSID10344169 DTXSID50412755 DTXSID20418305 DTXSID70471389 DTXSID50667248 DTXSID20778436
DTXSID10167254	DTXSID20739168 DTXSID70618696 DTXSID4068533 DTXSID00188155 DTXSID90694952 DTXSID20409415 DTXSID90819865 DTXSID50478058 DTXSID20170274 DTXSID70383670 DTXSID20600723 DTXSID60381185 DTXSID00403279 DTXSID90501470 DTXSID70614779 DTXSID70282073 DTXSID30369516 DTXSID70431468 DTXSID20629833 DTXSID40530331
DTXSID60424440	DTXSID90552402 DTXSID40299517 DTXSID60388351 DTXSID70291064 DTXSID30423223 DTXSID90341590 DTXSID90788820 DTXSID20441052 DTXSID30440298 DTXSID80597680 DTXSID30176383 DTXSID90595591 DTXSID10840459 DTXSID00600983 DTXSID70176387 DTXSID00165183 DTXSID90353012 DTXSID40352676 DTXSID80143106 DTXSID70593353
DTXSID50287864	DTXSID60437131 DTXSID20513824 DTXSID70446895 DTXSID10765572 DTXSID00531485 DTXSID20408963 DTXSID10206172 DTXSID10530126 DTXSID30634539 DTXSID50210814 DTXSID10221340 DTXSID30573292 DTXSID70668499 DTXSID90167257 DTXSID60830062 DTXSID90171839 DTXSID70571398 DTXSID30398023 DTXSID10845828 DTXSID50507099
DTXSID50225620	DTXSID20354471 DTXSID20488386 DTXSID20168772 DTXSID50683468 DTXSID60618529 DTXSID00520894 DTXSID60351681 DTXSID50399774 DTXSID60532913 DTXSID70459046 DTXSID00371020 DTXSID40726050 DTXSID30711410 DTXSID70781915 DTXSID00664580 DTXSID30664199 DTXSID00508773 DTXSID30401122 DTXSID20445712 DTXSID20879533
DTXSID10513631	DTXSID60700534 DTXSID00371969 DTXSID10313537 DTXSID60299094 DTXSID40352676 DTXSID60173527 DTXSID30805207 DTXSID90788820 DTXSID20460561 DTXSID90341590 DTXSID70291064 DTXSID40681458 DTXSID10329471 DTXSID90794481 DTXSID70665004 DTXSID20417838 DTXSID30321194 DTXSID30176383 DTXSID80597680 DTXSID10840459
DTXSID90372783	DTXSID40590071 DTXSID70651861 DTXSID00451851 DTXSID70434515 DTXSID80290306 DTXSID30321917 DTXSID40716512 DTXSID40645631 DTXSID40877455 DTXSID90645585 DTXSID70276876 DTXSID20560777 DTXSID40313303 DTXSID20277616 DTXSID40770336 DTXSID80303985 DTXSID50382641 DTXSID10600631 DTXSID80492984 DTXSID30651867
DTXSID80291934	DTXSID40520530 DTXSID20429017 DTXSID50372082 DTXSID40444308 DTXSID00281054 DTXSID70619067 DTXSID80378471 DTXSID40593845 DTXSID40808289 DTXSID20509202 DTXSID20534998 DTXSID00821737 DTXSID10506922 DTXSID90651646 DTXSID80492207 DTXSID30672274 DTXSID90574381 DTXSID50629068 DTXSID10661166 DTXSID20431074
DTXSID30848932	DTXSID00289651 DTXSID70784865 DTXSID20297955 DTXSID00748374 DTXSID50188948 DTXSID50768805 DTXSID30730989 DTXSID50750765 DTXSID90220432 DTXSID60708676 DTXSID00834569 DTXSID10851661 DTXSID20182615 DTXSID80737746 DTXSID20762693 DTXSID20565303 DTXSID10241806 DTXSID30766546 DTXSID20563228 DTXSID40543047
DTXSID00514773	DTXSID60693876 DTXSID80369485 DTXSID00493059 DTXSID00199488 DTXSID3042269 DTXSID2061563 DTXSID40802181 DTXSID10347554 DTXSID60831579 DTXSID80787403 DTXSID80661118 DTXSID10837920 DTXSID90760646 DTXSID00534259 DTXSID50624417 DTXSID90290716 DTXSID10552787 DTXSID50832292 DTXSID20656442 DTXSID30876912
DTXSID90666452	DTXSID00309808 DTXSID10659285 DTXSID20545105 DTXSID10385012 DTXSID80653437 DTXSID40820466 DTXSID10805306 DTXSID00846581 DTXSID20717067 DTXSID00663412 DTXSID50228318 DTXSID80703825 DTXSID00587649 DTXSID00606980 DTXSID10879320 DTXSID50596246 DTXSID40349804 DTXSID10542860 DTXSID50364467 DTXSID60556013
DTXSID20349428	DTXSID20452921 DTXSID20238601 DTXSID90277769 DTXSID3062029 DTXSID80289952 DTXSID60884207 DTXSID60351601 DTXSID80516533 DTXSID40684101 DTXSID50388582 DTXSID80698227 DTXSID70885523 DTXSID20553205 DTXSID30401122 DTXSID70733712 DTXSID30664199 DTXSID90343054 DTXSID90651621 DTXSID70459046 DTXSID80639958
DTXSID00190172	DTXSID50733639 DTXSID40618345 DTXSID80718853 DTXSID80727324 DTXSID40646461 DTXSID30555654 DTXSID60195325 DTXSID90396222 DTXSID80377949 DTXSID20535420 DTXSID50289141 DTXSID80646627 DTXSID50808230 DTXSID10397478 DTXSID60840989 DTXSID70658234 DTXSID50623167 DTXSID20705520 DTXSID90405606 DTXSID40701504
DTXSID40719149	DTXSID10448999 DTXSID70848835 DTXSID10606310 DTXSID60430268 DTXSID50173692 DTXSID00678763 DTXSID30662498 DTXSID3060667 DTXSID30294197 DTXSID30400357 DTXSID20719162 DTXSID60874628 DTXSID00854782 DTXSID70546066 DTXSID2041202 DTXSID40637430 DTXSID20701062 DTXSID10470659 DTXSID20748694 DTXSID30824958
DTXSID70748200	DTXSID60437297 DTXSID20809198 DTXSID70370146 DTXSID90309877 DTXSID60701102 DTXSID60725848 DTXSID9069007 DTXSID40724874 DTXSID80184812 DTXSID40385722 DTXSID40562677 DTXSID80584131 DTXSID80548314 DTXSID10426095 DTXSID70580369 DTXSID20394317 DTXSID80430902 DTXSID40592792 DTXSID3066267 DTXSID30320263
DTXSID90739716	DTXSID40619211 DTXSID90444015 DTXSID50576907 DTXSID10371773 DTXSID60400628 DTXSID20698160 DTXSID60709284 DTXSID90452650 DTXSID20312470 DTXSID80302291 DTXSID60784278 DTXSID50879364 DTXSID00576553 DTXSID20624964 DTXSID50812953 DTXSID90355415 DTXSID10195335 DTXSID10494698 DTXSID30194007 DTXSID10652953
DTXSID10739596	DTXSID00551229 DTXSID10735396 DTXSID20441052 DTXSID80424684 DTXSID60545866 DTXSID70834910 DTXSID00165183 DTXSID10810950 DTXSID90434618 DTXSID40513644 DTXSID50214857 DTXSID50565290 DTXSID70593353 DTXSID70326042 DTXSID90353012 DTXSID90595591 DTXSID30176383 DTXSID70300064 DTXSID40657259 DTXSID60284925
DTXSID80502759	DTXSID50621249 DTXSID70559191 DTXSID70328364 DTXSID40462249 DTXSID50527777 DTXSID70359395 DTXSID30567075 DTXSID50709910 DTXSID00523683 DTXSID50354681 DTXSID10518101 DTXSID70241625 DTXSID20476162 DTXSID00444344 DTXSID00452565 DTXSID50728005 DTXSID20552238 DTXSID70466457 DTXSID60229255 DTXSID40339083
DTXSID10327533	DTXSID80674147 DTXSID30524481 DTXSID40526577 DTXSID80369228 DTXSID20818982 DTXSID40487235 DTXSID80435412 DTXSID70531472 DTXSID60590538 DTXSID90286755 DTXSID70678311 DTXSID00321702 DTXSID50487822 DTXSID20522476 DTXSID3073719 DTXSID80603654 DTXSID00209354 DTXSID20639957 DTXSID7029372 DTXSID40493593
DTXSID30419742	DTXSID60358175 DTXSID20591743 DTXSID10564764 DTXSID60733408 DTXSID10174948 DTXSID30505336 DTXSID70499149 DTXSID60284147 DTXSID70403367 DTXSID50670919 DTXSID90156823 DTXSID40528152 DTXSID1060712 DTXSID80601918 DTXSID10282310 DTXSID10586542 DTXSID90164963 DTXSID20302452 DTXSID70327150 DTXSID00528158
DTXSID20280680	DTXSID20323662 DTXSID00240863 DTXSID60838245 DTXSID50851009 DTXSID70790249 DTXSID8070542 DTXSID40809372 DTXSID00494304 DTXSID3058371 DTXSID70243806 DTXSID00813839 DTXSID10277564 DTXSID80765726 DTXSID80763489 DTXSID40527741 DTXSID70629186 DTXSID70479168 DTXSID10578240 DTXSID70720440 DTXSID40186074
DTXSID00659436	DTXSID80568895 DTXSID00672786 DTXSID40295776 DTXSID00703665 DTXSID50236892 DTXSID40717226 DTXSID00826525 DTXSID40841515 DTXSID00566611 DTXSID30375511 DTXSID30202090 DTXSID60879315 DTXSID40561387 DTXSID20705222 DTXSID10536082 DTXSID80698888 DTXSID00806822 DTXSID60592557 DTXSID70784229 DTXSID90382428
DTXSID70199334	DTXSID50301953 DTXSID40509007 DTXSID40603837 DTXSID30849560 DTXSID10726325 DTXSID00302495 DTXSID70646651 DTXSID70766489 DTXSID80399560 DTXSID30460577 DTXSID80440283 DTXSID30587354 DTXSID20299676 DTXSID00606703 DTXSID00358977 DTXSID80222783 DTXSID20661056 DTXSID70357452 DTXSID90343534 DTXSID40456163
DTXSID00192999	DTXSID20541122 DTXSID30543314 DTXSID20370833 DTXSID90409028 DTXSID30791313 DTXSID60772736 DTXSID00334377 DTXSID50613285 DTXSID30364541 DTXSID5052626 DTXSID90191012 DTXSID00490346 DTXSID20374210 DTXSID40335101 DTXSID10681824 DTXSID20422326 DTXSID00498387 DTXSID40110056 DTXSID1069952 DTXSID30531958
DTXSID10560963	DTXSID60227615 DTXSID90581772 DTXSID40722214 DTXSID00623359 DTXSID70572300 DTXSID30666870 DTXSID10642192 DTXSID30363079 DTXSID80612226 DTXSID50671709 DTXSID70594608 DTXSID60300674 DTXSID50853664 DTXSID40482427 DTXSID50392846 DTXSID90454937 DTXSID00657250 DTXSID10406059 DTXSID7046388 DTXSID90506566
DTXSID40478209	DTXSID80516730 DTXSID60578412 DTXSID40517460 DTXSID80733081 DTXSID80304336 DTXSID80356057 DTXSID90406719 DTXSID80732155 DTXSID60561849 DTXSID90319299 DTXSID90370966 DTXSID80627158 DTXSID10646413 DTXSID30620215 DTXSID30371053 DTXSID80475919 DTXSID80563209 DTXSID50669924 DTXSID50837444 DTXSID90693208
DTXSID40446483	DTXSID60519461 DTXSID40549185 DTXSID80505523 DTXSID20597482 DTXSID90571577 DTXSID70632195 DTXSID60365268 DTXSID30748463 DTXSID70721134 DTXSID10172580 DTXSID50622817 DTXSID70721432 DTXSID40468009 DTXSID60454661 DTXSID10181490 DTXSID80457351 DTXSID70576984 DTXSID30483483 DTXSID20500057 DTXSID80444004
DTXSID90721373	DTXSID40372051 DTXSID20547326 DTXSID30459729 DTXSID00557044 DTXSID90707556 DTXSID20629590 DTXSID60184870 DTXSID40453450 DTXSID60665472 DTXSID30577331 DTXSID60372553 DTXSID90379934 DTXSID80604328 DTXSID30854210 DTXSID80661158 DTXSID10357037 DTXSID50456533 DTXSID70791312 DTXSID20578539 DTXSID80350737
DTXSID50203120	DTXSID70531255 DTXSID80160737 DTXSID80633774 DTXSID20180393 DTXSID20698403 DTXSID70540524 DTXSID30556525 DTXSID90344248 DTXSID40223857 DTXSID10475826 DTXSID10705918 DTXSID50575672 DTXSID60545649 DTXSID10527511 DTXSID40790857 DTXSID40283895 DTXSID00345867 DTXSID10241220 DTXSID50492532 DTXSID5060726
DTXSID00611539	DTXSID40514434 DTXSID40595829 DTXSID80708355 DTXSID80464368 DTXSID40508111 DTXSID30278654 DTXSID40405939 DTXSID20378874 DTXSID10824299 DTXSID70478419 DTXSID70593176 DTXSID90621465 DTXSID90338980 DTXSID80470489 DTXSID00633478 DTXSID30344949 DTXSID80434162 DTXSID90346101 DTXSID70557910 DTXSID00651450
DTXSID30634231	DTXSID80480689 DTXSID60375120 DTXSID00645879 DTXSID70528403 DTXSID10221865 DTXSID50650796 DTXSID50282854 DTXSID10544889 DTXSID10515256 DTXSID80856784 DTXSID80611310 DTXSID90805965 DTXSID50441368 DTXSID00707608 DTXSID40397623 DTXSID50473745 DTXSID80241550 DTXSID20579647 DTXSID60505389 DTXSID20582959
DTXSID10511778	DTXSID50618790 DTXSID60544819 DTXSID60278708 DTXSID10772064 DTXSID40821059 DTXSID00512653 DTXSID40420561 DTXSID30843725 DTXSID40217079 DTXSID40750774 DTXSID90530760 DTXSID80588154 DTXSID90408415 DTXSID20738797 DTXSID60537100 DTXSID70317253 DTXSID00408603 DTXSID40649518 DTXSID40876463 DTXSID90329050
DTXSID90562940	DTXSID70464776 DTXSID00807834 DTXSID00817918 DTXSID00325563 DTXSID9069849 DTXSID80852948 DTXSID90786326 DTXSID60660361 DTXSID80729641 DTXSID90595036 DTXSID30850116 DTXSID20624146 DTXSID60283413 DTXSID60573543 DTXSID90820815 DTXSID20459617 DTXSID90718102 DTXSID00816845 DTXSID00796355 DTXSID40573485
DTXSID00391501	DTXSID70693842 DTXSID80162953 DTXSID80701725 DTXSID30663980 DTXSID60394275 DTXSID30627002 DTXSID90669140 DTXSID40515688 DTXSID50165017 DTXSID90648819 DTXSID10618958 DTXSID40646269 DTXSID60325847 DTXSID50345892 DTXSID30735590 DTXSID10668655 DTXSID30223841 DTXSID20345788 DTXSID20352715 DTXSID80657117
DTXSID00651511	DTXSID80627991 DTXSID30178327 DTXSID00461157 DTXSID80191703 DTXSID70749176 DTXSID70857280 DTXSID90354120 DTXSID10482131 DTXSID90292093 DTXSID90625201 DTXSID20610786 DTXSID30628892 DTXSID20371406 DTXSID50206878 DTXSID20180252 DTXSID30453025 DTXSID70711898 DTXSID50608176 DTXSID90365938 DTXSID00701106
DTXSID40339083	DTXSID20241751 DTXSID00523683 DTXSID20476162 DTXSID70167255 DTXSID00377183 DTXSID10518101 DTXSID90499429 DTXSID00452565 DTXSID70359395 DTXSID70466457 DTXSID90291501 DTXSID4047541 DTXSID00202365 DTXSID00171840 DTXSID00652780 DTXSID20200787 DTXSID70849923 DTXSID60697410 DTXSID40235753 DTXSID70559191
DTXSID80621994	DTXSID80172734 DTXSID80418427 DTXSID90766406 DTXSID00220968 DTXSID80306315 DTXSID20189700 DTXSID10463849 DTXSID80226706 DTXSID20741908 DTXSID40495138 DTXSID60332177 DTXSID40505180 DTXSID80637712 DTXSID70214475 DTXSID40280460 DTXSID60292368 DTXSID10430450 DTXSID80724191 DTXSID30625841 DTXSID20381166
DTXSID70153153	DTXSID70657227 DTXSID20532696 DTXSID60873611 DTXSID40581646 DTXSID50280395 DTXSID60184956 DTXSID60327649 DTXSID10846613 DTXSID60612825 DTXSID70496658 DTXSID50488016 DTXSID70736602 DTXSID20815911 DTXSID80513800 DTXSID20761262 DTXSID20171206 DTXSID20858505 DTXSID10729917 DTXSID90626591 DTXSID20788974
DTXSID70524783	DTXSID70221826 DTXSID30540282 DTXSID90554466 DTXSID90499161 DTXSID90715717 DTXSID90499641 DTXSID00619277 DTXSID4061254 DTXSID60744317 DTXSID70828773 DTXSID40210161 DTXSID30730641 DTXSID90447349 DTXSID00184258 DTXSID50694473 DTXSID90205022 DTXSID70383473 DTXSID60708712 DTXSID80142856 DTXSID20379503
DTXSID50590582	DTXSID10215002 DTXSID30146309 DTXSID70353035 DTXSID20667790 DTXSID40456507 DTXSID50427945 DTXSID60668726 DTXSID90512026 DTXSID10452450 DTXSID90506460 DTXSID00632204 DTXSID30175614 DTXSID50544085 DTXSID10600479 DTXSID80772011 DTXSID30240972 DTXSID20671211 DTXSID90337312 DTXSID30531958 DTXSID60396875
DTXSID20237477	DTXSID20629777 DTXSID00744871 DTXSID50521457 DTXSID30378148 DTXSID40316117 DTXSID90385974 DTXSID70548101 DTXSID30825445 DTXSID60425230 DTXSID40595667 DTXSID00837277 DTXSID50443483 DTXSID70527118 DTXSID60333109 DTXSID70473565 DTXSID40736417 DTXSID60522652 DTXSID10163594 DTXSID70391154 DTXSID60195567
DTXSID10712182	DTXSID20578554 DTXSID30562621 DTXSID30190943 DTXSID00399320 DTXSID20721068 DTXSID30580148 DTXSID70445343 DTXSID70470251 DTXSID10537195 DTXSID50696457 DTXSID30705071 DTXSID40365145 DTXSID60675511 DTXSID70558563 DTXSID00879551 DTXSID70193337 DTXSID50816810 DTXSID70358808 DTXSID30242911 DTXSID00480989
DTXSID10590381	DTXSID00428568 DTXSID10715779 DTXSID50694498 DTXSID10157478 DTXSID30526586 DTXSID00612400 DTXSID20185808 DTXSID30594280 DTXSID5070232 DTXSID30819304 DTXSID00355729 DTXSID90796884 DTXSID90768723 DTXSID10772928 DTXSID00725468 DTXSID10190002 DTXSID90179991 DTXSID90524068 DTXSID60471818 DTXSID00810702
DTXSID60490347	DTXSID70789794 DTXSID10211569 DTXSID10377134 DTXSID70353277 DTXSID70476834 DTXSID90896171 DTXSID40623797 DTXSID70209866 DTXSID60763987 DTXSID50667344 DTXSID20846467 DTXSID70554328 DTXSID00600983 DTXSID00567360 DTXSID40713743 DTXSID10420715 DTXSID00566070 DTXSID10896254 DTXSID90739897 DTXSID50538646
DTXSID00206505	DTXSID10809501 DTXSID20200005 DTXSID00579281 DTXSID50762101 DTXSID00341268 DTXSID90424554 DTXSID10302946 DTXSID10237007 DTXSID90446897 DTXSID80175861 DTXSID20481099 DTXSID60877351 DTXSID80156756 DTXSID90485226 DTXSID50436936 DTXSID70569992 DTXSID30852630 DTXSID10410373 DTXSID90850096 DTXSID80241717
DTXSID30505119	DTXSID70385795 DTXSID30295169 DTXSID90669564 DTXSID00567946 DTXSID90878937 DTXSID80738773 DTXSID80496604 DTXSID40427616 DTXSID40511640 DTXSID80292143 DTXSID00472607 DTXSID00821737 DTXSID20324255 DTXSID40518199 DTXSID9046865 DTXSID60729604 DTXSID10727791 DTXSID20303686 DTXSID90159298 DTXSID60818360
DTXSID30796267	DTXSID7047015 DTXSID00725246 DTXSID60646549 DTXSID50175434 DTXSID70283348 DTXSID30455463 DTXSID30648393 DTXSID60732693 DTXSID20587585 DTXSID80303546 DTXSID70842212 DTXSID60449335 DTXSID40577145 DTXSID50369598 DTXSID7020211 DTXSID80784316 DTXSID20808909 DTXSID5037602 DTXSID7057658 DTXSID50786261
DTXSID70715619	DTXSID20429436 DTXSID80693833 DTXSID20655394 DTXSID00768471 DTXSID20453352 DTXSID80456102 DTXSID50171214 DTXSID40230809 DTXSID60519486 DTXSID70539892 DTXSID40418766 DTXSID80187787 DTXSID60514991 DTXSID00625136 DTXSID80408227 DTXSID40660980 DTXSID00640283 DTXSID90235405 DTXSID30400852 DTXSID50848459
DTXSID20632246	DTXSID10735558 DTXSID30440677 DTXSID50535817 DTXSID90633644 DTXSID70372307 DTXSID50630270 DTXSID20849776 DTXSID90392042 DTXSID10724003 DTXSID50457580 DTXSID40504113 DTXSID30787675 DTXSID50323675 DTXSID80668985 DTXSID40732550 DTXSID80699496 DTXSID10466890 DTXSID10712405 DTXSID20705661 DTXSID90348983
DTXSID70359355	DTXSID40694422 DTXSID30546042 DTXSID40468781 DTXSID5059163 DTXSID30673827 DTXSID20697072 DTXSID20390738 DTXSID80534075 DTXSID1058393 DTXSID50802031 DTXSID30388585 DTXSID20177142 DTXSID20747682 DTXSID70443223 DTXSID80503882 DTXSID80497510 DTXSID20374336 DTXSID20297238 DTXSID50233720 DTXSID70642214
DTXSID90343418	DTXSID00556951 DTXSID00801599 DTXSID90316763 DTXSID00709662 DTXSID50384589 DTXSID40174976 DTXSID20612189 DTXSID10711913 DTXSID10812313 DTXSID30817062 DTXSID90238173 DTXSID20159226 DTXSID8075413 DTXSID40465871 DTXSID60799327 DTXSID80278381 DTXSID70411184 DTXSID50660936 DTXSID10455688 DTXSID80456122
DTXSID70873607	DTXSID00782258 DTXSID10667143 DTXSID10416330 DTXSID30752702 DTXSID70437263 DTXSID30734164 DTXSID10515615 DTXSID90774102 DTXSID90346222 DTXSID00593189 DTXSID20856506 DTXSID40551263 DTXSID40145843 DTXSID60804228 DTXSID50457308 DTXSID30202232 DTXSID90147751 DTXSID00372219 DTXSID90456239 DTXSID10597638
DTXSID10241806	DTXSID20297955 DTXSID20182615 DTXSID70784865 DTXSID30848932 DTXSID80737746 DTXSID50768805 DTXSID50440755 DTXSID90177972 DTXSID40543047 DTXSID30766546 DTXSID00289651 DTXSID50188948 DTXSID00748374 DTXSID30639049 DTXSID70193216 DTXSID20762693 DTXSID50837207 DTXSID50750765 DTXSID40523526 DTXSID30730989
DTXSID20572759	DTXSID50375432 DTXSID70883463 DTXSID20222383 DTXSID90320648 DTXSID40279773 DTXSID80438847 DTXSID40358815 DTXSID10441061 DTXSID90439183 DTXSID20636340 DTXSID60454621 DTXSID30405488 DTXSID20718317 DTXSID40396237 DTXSID00377885 DTXSID50545799 DTXSID70589594 DTXSID80704312 DTXSID40819113 DTXSID00614904
DTXSID30506707	DTXSID70639144 DTXSID10280755 DTXSID20581644 DTXSID90388561 DTXSID40460886 DTXSID10831908 DTXSID30651201 DTXSID40720210 DTXSID10455784 DTXSID9065364 DTXSID60876965 DTXSID90193758 DTXSID20353681 DTXSID60671553 DTXSID40579149 DTXSID30725633 DTXSID60829451 DTXSID00887636 DTXSID00182673 DTXSID50421640
DTXSID70170840	DTXSID70472139 DTXSID40540213 DTXSID40427853 DTXSID50430015 DTXSID60668665 DTXSID00427854 DTXSID60441415 DTXSID20504696 DTXSID90485307 DTXSID00295777 DTXSID50663063 DTXSID20602808 DTXSID90493144 DTXSID00322673 DTXSID90193935 DTXSID20876264 DTXSID40792871 DTXSID80284285 DTXSID10645305 DTXSID90525914
DTXSID70751310	DTXSID50783437 DTXSID50410539 DTXSID5047114 DTXSID90404730 DTXSID30770365 DTXSID00559144 DTXSID1066239 DTXSID20195063 DTXSID80576899 DTXSID40208523 DTXSID20411452 DTXSID80560258 DTXSID6063511 DTXSID60598059 DTXSID90660430 DTXSID80195044 DTXSID10783438 DTXSID60751309 DTXSID7066148 DTXSID90302606
DTXSID20590599	DTXSID70569452 DTXSID90406890 DTXSID40656126 DTXSID90647988 DTXSID10653687 DTXSID50239863 DTXSID30462975 DTXSID00501648 DTXSID30488256 DTXSID90672275 DTXSID80385004 DTXSID50855981 DTXSID80856466 DTXSID80295533 DTXSID60663554 DTXSID30805005 DTXSID70590584 DTXSID80760539 DTXSID10371632 DTXSID50803285
DTXSID30618536	DTXSID70650152 DTXSID00739141 DTXSID00211053 DTXSID30646551 DTXSID40677533 DTXSID60307643 DTXSID60442068 DTXSID10857380 DTXSID70355690 DTXSID90403440 DTXSID80428006 DTXSID90847123 DTXSID00736695 DTXSID40626425 DTXSID50283447 DTXSID20223597 DTXSID30725810 DTXSID80646627 DTXSID80377949 DTXSID10397478
DTXSID1072260	DTXSID90379454 DTXSID70674474 DTXSID70791059 DTXSID20462242 DTXSID80451430 DTXSID40297356 DTXSID50310222 DTXSID20442145 DTXSID30645342 DTXSID60729821 DTXSID10720242 DTXSID50638155 DTXSID90474150 DTXSID70672475 DTXSID30389739 DTXSID10174761 DTXSID70704543 DTXSID10440756 DTXSID70736561 DTXSID80724631
DTXSID70607868	DTXSID80381783 DTXSID60476803 DTXSID90612898 DTXSID80524375 DTXSID10480899 DTXSID20475751 DTXSID60708712 DTXSID70383473 DTXSID20708556 DTXSID50343737 DTXSID40877591 DTXSID50694418 DTXSID40876983 DTXSID30184524 DTXSID90431228 DTXSID80848381 DTXSID40815115 DTXSID00315606 DTXSID6024337 DTXSID20560212
DTXSID00299730	DTXSID10675647 DTXSID8060610 DTXSID90695323 DTXSID90840538 DTXSID20406202 DTXSID10177550 DTXSID30223629 DTXSID60739526 DTXSID50722604 DTXSID10806398 DTXSID10618519 DTXSID50631606 DTXSID20384834 DTXSID30591214 DTXSID00681999 DTXSID30838752 DTXSID5070529 DTXSID80656180 DTXSID10810950 DTXSID00730012
DTXSID90693208	DTXSID70616314 DTXSID90370966 DTXSID60561849 DTXSID30401026 DTXSID10308665 DTXSID90348968 DTXSID80733081 DTXSID90722921 DTXSID40348731 DTXSID30371053 DTXSID10646413 DTXSID80436661 DTXSID00214044 DTXSID10777190 DTXSID80597943 DTXSID40478209 DTXSID80475919 DTXSID00857591 DTXSID30343679 DTXSID40661659
DTXSID70523034	DTXSID40818282 DTXSID70886191 DTXSID40312371 DTXSID70474259 DTXSID50496818 DTXSID80763949 DTXSID80774196 DTXSID10818517 DTXSID10187391 DTXSID30542468 DTXSID20780913 DTXSID00303649 DTXSID70452719 DTXSID70305695 DTXSID50640399 DTXSID50852157 DTXSID70734305 DTXSID20477619 DTXSID50550262 DTXSID50280032
DTXSID40328396	DTXSID70484651 DTXSID80337720 DTXSID60612921 DTXSID60633636 DTXSID60616843 DTXSID30413629 DTXSID30471749 DTXSID90771979 DTXSID60621912 DTXSID20886101 DTXSID90596508 DTXSID90505372 DTXSID20833716 DTXSID30501474 DTXSID30751750 DTXSID70471682 DTXSID20389647 DTXSID30583038 DTXSID60791689 DTXSID20177142
DTXSID10742747	DTXSID60587524 DTXSID00195960 DTXSID30527699 DTXSID40388076 DTXSID30742365 DTXSID00391167 DTXSID90481965 DTXSID20807311 DTXSID20294540 DTXSID50653949 DTXSID20734653 DTXSID60664203 DTXSID50208236 DTXSID10627328 DTXSID40646486 DTXSID50595032 DTXSID00345842 DTXSID20895733 DTXSID80465552 DTXSID70530864
DTXSID60143023	DTXSID40310872 DTXSID40790019 DTXSID20534918 DTXSID00345680 DTXSID20465495 DTXSID90794320 DTXSID00201055 DTXSID90783198 DTXSID60320630 DTXSID20770410 DTXSID60325125 DTXSID90313636 DTXSID30636396 DTXSID80190337 DTXSID50412755 DTXSID80349621 DTXSID70672753 DTXSID90402498 DTXSID00854560 DTXSID80279131
DTXSID20717067	DTXSID10542860 DTXSID50364467 DTXSID60424460 DTXSID50596246 DTXSID80766172 DTXSID20431438 DTXSID10879320 DTXSID90453389 DTXSID20663414 DTXSID60303226 DTXSID00846581 DTXSID00606980 DTXSID90666452 DTXSID40820466 DTXSID90688538 DTXSID80556898 DTXSID00497850 DTXSID20545105 DTXSID80703825 DTXSID80496402
DTXSID60625354	DTXSID50697161 DTXSID90626950 DTXSID90374045 DTXSID40794991 DTXSID4060739 DTXSID20840849 DTXSID60365925 DTXSID90614711 DTXSID50230830 DTXSID60443631 DTXSID80391327 DTXSID90640813 DTXSID20180474 DTXSID9041445 DTXSID40598698 DTXSID00350315 DTXSID70657121 DTXSID40319825 DTXSID90748782 DTXSID00594772
DTXSID50522469	DTXSID40303103 DTXSID80876982 DTXSID60790435 DTXSID00771182 DTXSID10630897 DTXSID20475751 DTXSID90814597 DTXSID30804533 DTXSID90431228 DTXSID90612898 DTXSID50343737 DTXSID00809813 DTXSID60476803 DTXSID20797081 DTXSID40815115 DTXSID00315606 DTXSID80381783 DTXSID30449367 DTXSID40876983 DTXSID10533430
DTXSID30164543	DTXSID30642376 DTXSID90845982 DTXSID80790533 DTXSID20474981 DTXSID60443732 DTXSID50538186 DTXSID70607161 DTXSID40642428 DTXSID2052360 DTXSID0052386 DTXSID00579983 DTXSID70376901 DTXSID50217681 DTXSID40207955 DTXSID30620730 DTXSID90400696 DTXSID70598186 DTXSID20281692 DTXSID70505355 DTXSID90385934
DTXSID20844908	DTXSID20288823 DTXSID50752865 DTXSID90292492 DTXSID60810940 DTXSID80844909 DTXSID10388942 DTXSID10736287 DTXSID60772473 DTXSID60715789 DTXSID80232084 DTXSID60776815 DTXSID50820432 DTXSID3070418 DTXSID30786582 DTXSID10431745 DTXSID20840329 DTXSID40483015 DTXSID60463576 DTXSID90711173 DTXSID70557152
DTXSID90780425	DTXSID50652477 DTXSID90758447 DTXSID20337704 DTXSID00601051 DTXSID50239186 DTXSID60181147 DTXSID80198156 DTXSID2065757 DTXSID6069826 DTXSID70276210 DTXSID10431745 DTXSID50762621 DTXSID80694027 DTXSID60562871 DTXSID90634898 DTXSID50797998 DTXSID50853942 DTXSID30609742 DTXSID90407807 DTXSID60463576
DTXSID50491904	DTXSID10309314 DTXSID10178941 DTXSID70805963 DTXSID60341603 DTXSID90286755 DTXSID7029372 DTXSID00321702 DTXSID10786267 DTXSID80205258 DTXSID00829995 DTXSID40753407 DTXSID80819470 DTXSID70531472 DTXSID80369228 DTXSID00802844 DTXSID50450490 DTXSID10574121 DTXSID40493593 DTXSID90819603 DTXSID10678537
DTXSID00513140	DTXSID10388588 DTXSID60442705 DTXSID60833316 DTXSID50708403 DTXSID80450049 DTXSID30747895 DTXSID00358154 DTXSID90696739 DTXSID90293308 DTXSID20697239 DTXSID20790592 DTXSID20285195 DTXSID10563075 DTXSID00858129 DTXSID30617640 DTXSID20318497 DTXSID70506822 DTXSID30678498 DTXSID50363339 DTXSID20803419
DTXSID50835107	DTXSID10552267 DTXSID5041190 DTXSID60742252 DTXSID00559245 DTXSID00600140 DTXSID30407987 DTXSID50497183 DTXSID50707759 DTXSID00865494 DTXSID60711645 DTXSID30734205 DTXSID50306004 DTXSID70711419 DTXSID70447645 DTXSID10867661 DTXSID30304306 DTXSID70434151 DTXSID40191426 DTXSID40522559 DTXSID20797743
DTXSID60721022	DTXSID80836369 DTXSID00510558 DTXSID50814992 DTXSID70233722 DTXSID10653869 DTXSID70877569 DTXSID60678188 DTXSID10575971 DTXSID90723352 DTXSID50534885 DTXSID0060066 DTXSID90829782 DTXSID30675003 DTXSID00320477 DTXSID90302949 DTXSID00198572 DTXSID30805681 DTXSID20719167 DTXSID30225522 DTXSID40738931
DTXSID60354011	DTXSID60601471 DTXSID40467239 DTXSID80483231 DTXSID70545993 DTXSID60727382 DTXSID80801294 DTXSID70282356 DTXSID20206981 DTXSID00721268 DTXSID00508096 DTXSID70750944 DTXSID3063095 DTXSID90391712 DTXSID80771766 DTXSID70856511 DTXSID50322764 DTXSID30474098 DTXSID30277485 DTXSID10601360 DTXSID90850894
DTXSID30204953	DTXSID30817906 DTXSID50338880 DTXSID70846614 DTXSID80180894 DTXSID50833527 DTXSID10725737 DTXSID50316123 DTXSID40306199 DTXSID00542470 DTXSID10606552 DTXSID30516765 DTXSID20746397 DTXSID40243196 DTXSID60840166 DTXSID80308374 DTXSID00504230 DTXSID50390706 DTXSID50242539 DTXSID60277534 DTXSID80847197
DTXSID80208966	DTXSID50366244 DTXSID10659624 DTXSID50593492 DTXSID50446232 DTXSID10459065 DTXSID30592241 DTXSID50323352 DTXSID90238138 DTXSID40293717 DTXSID80181487 DTXSID70714723 DTXSID20549264 DTXSID00312019 DTXSID20585788 DTXSID40726878 DTXSID80665454 DTXSID10287204 DTXSID30711814 DTXSID30599710 DTXSID20207695
DTXSID70874477	DTXSID00366512 DTXSID70527512 DTXSID30195034 DTXSID20880720 DTXSID00523148 DTXSID80284725 DTXSID10525618 DTXSID70176180 DTXSID90526623 DTXSID70571818 DTXSID30563198 DTXSID50483425 DTXSID60764510 DTXSID30799591 DTXSID10436654 DTXSID40406623 DTXSID90223322 DTXSID80204468 DTXSID90447248 DTXSID30852630
DTXSID70548601	DTXSID60299054 DTXSID90757551 DTXSID30287024 DTXSID60831973 DTXSID10548160 DTXSID50193279 DTXSID10298456 DTXSID20470721 DTXSID10277741 DTXSID60739485 DTXSID30195973 DTXSID70586169 DTXSID3070040 DTXSID80699299 DTXSID00419451 DTXSID60148593 DTXSID70601927 DTXSID90727173 DTXSID40222108 DTXSID90873624
DTXSID30848593	DTXSID70224155 DTXSID40641996 DTXSID80288586 DTXSID00810702 DTXSID10794382 DTXSID70589791 DTXSID8032675 DTXSID90649664 DTXSID50512103 DTXSID50383330 DTXSID20742031 DTXSID70894756 DTXSID90613002 DTXSID10223001 DTXSID40357808 DTXSID30303798 DTXSID00738654 DTXSID80492621 DTXSID30725633 DTXSID10630771
DTXSID80816742	DTXSID30218212 DTXSID90413625 DTXSID50675348 DTXSID90750981 DTXSID70822711 DTXSID70536543 DTXSID50320407 DTXSID30787630 DTXSID90500261 DTXSID00638044 DTXSID10822073 DTXSID90674855 DTXSID60566011 DTXSID80633759 DTXSID00756111 DTXSID00275099 DTXSID20630964 DTXSID60749342 DTXSID20878369 DTXSID00847114
DTXSID90392163	DTXSID40622947 DTXSID00672044 DTXSID10584821 DTXSID60731106 DTXSID10702806 DTXSID80656847 DTXSID80650769 DTXSID10695087 DTXSID20649430 DTXSID10422234 DTXSID40777906 DTXSID00464143 DTXSID50351190 DTXSID60561703 DTXSID30739831 DTXSID80703926 DTXSID50474035 DTXSID90381971 DTXSID60624024 DTXSID40508237
DTXSID4052051	DTXSID80340113 DTXSID90520888 DTXSID20342651 DTXSID70826875 DTXSID60202720 DTXSID2059275 DTXSID90339518 DTXSID00334771 DTXSID10655964 DTXSID10567932 DTXSID20478080 DTXSID70518021 DTXSID90514803 DTXSID90500923 DTXSID7071024 DTXSID00667394 DTXSID80615616 DTXSID20765967 DTXSID90592080 DTXSID2037714
DTXSID90819507	DTXSID00878988 DTXSID20852583 DTXSID40791602 DTXSID20372958 DTXSID40611154 DTXSID30303394 DTXSID90224076 DTXSID40555903 DTXSID20578493 DTXSID10820953 DTXSID90348963 DTXSID80780196 DTXSID30525099 DTXSID20676827 DTXSID40812861 DTXSID60648740 DTXSID30546800 DTXSID80456122 DTXSID40401158 DTXSID20604968
DTXSID40623939	DTXSID30837109 DTXSID10299009 DTXSID90879368 DTXSID20187983 DTXSID90676738 DTXSID60383760 DTXSID20813492 DTXSID20423292 DTXSID80676848 DTXSID30284199 DTXSID00513665 DTXSID70653901 DTXSID10646857 DTXSID70680272 DTXSID10770409 DTXSID30733839 DTXSID10573876 DTXSID10650979 DTXSID10181056 DTXSID10702407
DTXSID50535817	DTXSID90633644 DTXSID50630270 DTXSID30440677 DTXSID10724003 DTXSID50323675 DTXSID80699496 DTXSID10735558 DTXSID30787675 DTXSID60655318 DTXSID20632246 DTXSID80801219 DTXSID90373674 DTXSID50457580 DTXSID40732550 DTXSID90348983 DTXSID90392042 DTXSID40504113 DTXSID80668985 DTXSID60405698 DTXSID00513862
DTXSID80414949	DTXSID40718177 DTXSID30816732 DTXSID60864504 DTXSID00789267 DTXSID60340757 DTXSID50712085 DTXSID30342228 DTXSID80341685 DTXSID70816731 DTXSID70773512 DTXSID10710087 DTXSID00816744 DTXSID10511839 DTXSID80526894 DTXSID80836521 DTXSID10324880 DTXSID40341646 DTXSID80615474 DTXSID40714614 DTXSID40767706
DTXSID40764472	DTXSID60204269 DTXSID70372524 DTXSID70398168 DTXSID60735008 DTXSID90308284 DTXSID50323554 DTXSID20545261 DTXSID00744412 DTXSID20356910 DTXSID00831917 DTXSID50543058 DTXSID10855821 DTXSID10483789 DTXSID70491880 DTXSID20162654 DTXSID60653339 DTXSID50556547 DTXSID60552611 DTXSID60670046 DTXSID70486135
DTXSID40617772	DTXSID60588177 DTXSID10656012 DTXSID50586440 DTXSID3071278 DTXSID60173527 DTXSID00304196 DTXSID10313537 DTXSID40352676 DTXSID70780645 DTXSID20564316 DTXSID60439377 DTXSID30321194 DTXSID40657259 DTXSID00659916 DTXSID70665004 DTXSID40713445 DTXSID70588108 DTXSID70392328 DTXSID00371969 DTXSID20875878
DTXSID60695037	DTXSID20580753 DTXSID80293478 DTXSID20646308 DTXSID40407716 DTXSID50170020 DTXSID90613289 DTXSID80626181 DTXSID80482123 DTXSID80573368 DTXSID20432561 DTXSID70489803 DTXSID10536082 DTXSID90331274 DTXSID00576634 DTXSID30583295 DTXSID30799096 DTXSID40671112 DTXSID60671114 DTXSID80626883 DTXSID8060298
DTXSID00655433	DTXSID60770393 DTXSID00651056 DTXSID90519151 DTXSID80648545 DTXSID5044811 DTXSID10640299 DTXSID10669849 DTXSID20887118 DTXSID50443483 DTXSID80784659 DTXSID20426965 DTXSID00837277 DTXSID20704255 DTXSID80394919 DTXSID90577271 DTXSID60421353 DTXSID60333109 DTXSID50152285 DTXSID80594452 DTXSID90390301
DTXSID10518262	DTXSID90348625 DTXSID90615844 DTXSID90344283 DTXSID50760602 DTXSID10634996 DTXSID20333766 DTXSID80875894 DTXSID00571482 DTXSID80726973 DTXSID80851830 DTXSID20506014 DTXSID10442477 DTXSID10663509 DTXSID30642134 DTXSID50610633 DTXSID10525294 DTXSID80742315 DTXSID30534449 DTXSID60777408 DTXSID10538581
DTXSID00501648	DTXSID10371632 DTXSID10470013 DTXSID90406890 DTXSID20579162 DTXSID40332695 DTXSID50215001 DTXSID80370955 DTXSID60663554 DTXSID00646467 DTXSID40499454 DTXSID80295533 DTXSID70455785 DTXSID70569452 DTXSID40656126 DTXSID20590599 DTXSID70590584 DTXSID10653687 DTXSID10857249 DTXSID30462975 DTXSID50649802
DTXSID30389739	DTXSID10174761 DTXSID30645342 DTXSID30186765 DTXSID40279359 DTXSID70736561 DTXSID80679632 DTXSID80451430 DTXSID70672475 DTXSID70283207 DTXSID70704543 DTXSID20444104 DTXSID60897211 DTXSID70674474 DTXSID40297356 DTXSID1072260 DTXSID70723456 DTXSID80195726 DTXSID20300817 DTXSID00532730 DTXSID80675154
DTXSID10463849	DTXSID40505180 DTXSID80306315 DTXSID80621994 DTXSID80418427 DTXSID80813554 DTXSID80172734 DTXSID00220968 DTXSID20381166 DTXSID90766406 DTXSID50568069 DTXSID70351511 DTXSID10876016 DTXSID80181205 DTXSID20189700 DTXSID50733937 DTXSID60292368 DTXSID50179311 DTXSID90445749 DTXSID70450412 DTXSID30641809
DTXSID40617191	DTXSID60694525 DTXSID8064981 DTXSID40710176 DTXSID90144927 DTXSID40876185 DTXSID10705554 DTXSID30761379 DTXSID20482445 DTXSID10774023 DTXSID90441084 DTXSID60850028 DTXSID40180239 DTXSID10694631 DTXSID00565861 DTXSID10228793 DTXSID80582970 DTXSID20311463 DTXSID10374441 DTXSID70314868 DTXSID70594325
DTXSID20547861	DTXSID30808778 DTXSID20614320 DTXSID30637126 DTXSID50825321 DTXSID30793711 DTXSID90714144 DTXSID50568908 DTXSID50851665 DTXSID10467660 DTXSID20148998 DTXSID40748373 DTXSID40797200 DTXSID50545613 DTXSID50224219 DTXSID70240355 DTXSID80599205 DTXSID70791993 DTXSID70203329 DTXSID60195587 DTXSID60188550
DTXSID00385925	DTXSID70346129 DTXSID60496400 DTXSID10508168 DTXSID00621052 DTXSID70651442 DTXSID90226358 DTXSID10421101 DTXSID60522556 DTXSID40488742 DTXSID90801861 DTXSID80365068 DTXSID00733169 DTXSID4062646 DTXSID00352677 DTXSID90602815 DTXSID40532931 DTXSID10240733 DTXSID90448755 DTXSID90602370 DTXSID20887052
DTXSID30758224	DTXSID90317432 DTXSID70589332 DTXSID50181954 DTXSID70157833 DTXSID70453488 DTXSID50659820 DTXSID00829036 DTXSID00154815 DTXSID30509238 DTXSID30852357 DTXSID80397783 DTXSID20448384 DTXSID40855399 DTXSID80652167 DTXSID60855957 DTXSID20799641 DTXSID70812839 DTXSID20424946 DTXSID60447795 DTXSID50350724
DTXSID50230830	DTXSID90614711 DTXSID40794991 DTXSID90374045 DTXSID60443631 DTXSID20840849 DTXSID10565357 DTXSID60365925 DTXSID9041445 DTXSID40598698 DTXSID60711948 DTXSID90640813 DTXSID4060739 DTXSID30653301 DTXSID40319825 DTXSID60625354 DTXSID00594772 DTXSID80817057 DTXSID00625732 DTXSID70618434 DTXSID00472844
DTXSID80891978	DTXSID40501107 DTXSID60146670 DTXSID0075027 DTXSID30821189 DTXSID8070417 DTXSID40705946 DTXSID30707813 DTXSID70781576 DTXSID90298272 DTXSID90554224 DTXSID40220346 DTXSID40828008 DTXSID90591033 DTXSID40821493 DTXSID80708279 DTXSID00343121 DTXSID50774446 DTXSID00160890 DTXSID30763535 DTXSID00853295
DTXSID80471779	DTXSID70343335 DTXSID00843479 DTXSID80738591 DTXSID20567509 DTXSID50383592 DTXSID80545565 DTXSID80483211 DTXSID40483212 DTXSID10485607 DTXSID80196490 DTXSID90335116 DTXSID90571976 DTXSID1052585 DTXSID80222480 DTXSID80782812 DTXSID60179645 DTXSID70306869 DTXSID80815270 DTXSID20477457 DTXSID30517191
DTXSID0051318	DTXSID1063512 DTXSID50520026 DTXSID60285093 DTXSID40442061 DTXSID70202817 DTXSID60486225 DTXSID60742575 DTXSID70165099 DTXSID3059268 DTXSID50281206 DTXSID20183980 DTXSID30150880 DTXSID20290961 DTXSID50399335 DTXSID10546803 DTXSID00509104 DTXSID40343822 DTXSID40453379 DTXSID60849235 DTXSID90451623
DTXSID60415939	DTXSID90620534 DTXSID10361270 DTXSID10703373 DTXSID30615328 DTXSID20218842 DTXSID40530331 DTXSID00277659 DTXSID50397735 DTXSID60609316 DTXSID90400712 DTXSID20801894 DTXSID40546790 DTXSID10321879 DTXSID80723765 DTXSID10310021 DTXSID50651304 DTXSID50468535 DTXSID20243255 DTXSID00225594 DTXSID50478058
DTXSID90599953	DTXSID80853814 DTXSID30393871 DTXSID40887796 DTXSID60515882 DTXSID10784248 DTXSID90755850 DTXSID20346750 DTXSID10771451 DTXSID10339095 DTXSID5070602 DTXSID20295330 DTXSID70822857 DTXSID00432064 DTXSID30146203 DTXSID70241241 DTXSID50804111 DTXSID20889036 DTXSID50796865 DTXSID80759781 DTXSID40336794
DTXSID70242536	DTXSID30543410 DTXSID20341664 DTXSID80705607 DTXSID20280781 DTXSID20741069 DTXSID70346765 DTXSID10822679 DTXSID50737490 DTXSID70233808 DTXSID60826960 DTXSID80468609 DTXSID40647397 DTXSID00793728 DTXSID30297769 DTXSID30191576 DTXSID10783832 DTXSID80546739 DTXSID00699514 DTXSID50796865 DTXSID30827388
DTXSID60303226	DTXSID50364467 DTXSID30588240 DTXSID50596246 DTXSID00497850 DTXSID80499110 DTXSID00606980 DTXSID90740544 DTXSID80182510 DTXSID90453389 DTXSID80556898 DTXSID30716364 DTXSID60424460 DTXSID70615761 DTXSID20680742 DTXSID20717067 DTXSID20663414 DTXSID60556013 DTXSID70397272 DTXSID30595075 DTXSID00846581
DTXSID10307355	DTXSID80715221 DTXSID10594844 DTXSID90526623 DTXSID30739033 DTXSID10436654 DTXSID40701589 DTXSID20580571 DTXSID90447248 DTXSID20351581 DTXSID70580809 DTXSID20880720 DTXSID70527512 DTXSID30195034 DTXSID00524615 DTXSID60738998 DTXSID60764510 DTXSID20663055 DTXSID00196816 DTXSID50286514 DTXSID90492910
DTXSID00658469	DTXSID80561462 DTXSID00359060 DTXSID10617749 DTXSID10394881 DTXSID80876321 DTXSID90697367 DTXSID7041334 DTXSID00491272 DTXSID20750474 DTXSID80737281 DTXSID00681590 DTXSID80320612 DTXSID50704445 DTXSID10291624 DTXSID40176334 DTXSID50186702 DTXSID30739694 DTXSID70565050 DTXSID90892294 DTXSID10633444
DTXSID90323992	DTXSID9070612 DTXSID00425996 DTXSID00660507 DTXSID50805163 DTXSID10801303 DTXSID10326566 DTXSID90558984 DTXSID00592137 DTXSID80626000 DTXSID70490555 DTXSID10492816 DTXSID90187596 DTXSID80651337 DTXSID00500111 DTXSID50340887 DTXSID90440375 DTXSID50867463 DTXSID90592080 DTXSID80765483 DTXSID20829639
DTXSID50215001	DTXSID80370955 DTXSID40332695 DTXSID50649802 DTXSID10371632 DTXSID50634238 DTXSID10470013 DTXSID20379543 DTXSID40455555 DTXSID00501648 DTXSID70590584 DTXSID60145820 DTXSID20579162 DTXSID50429722 DTXSID10557050 DTXSID80211218 DTXSID70722227 DTXSID00158752 DTXSID90406890 DTXSID70680272 DTXSID70316448
DTXSID90554224	DTXSID40821493 DTXSID60146670 DTXSID0075027 DTXSID90298272 DTXSID40705946 DTXSID80891978 DTXSID40501107 DTXSID50841546 DTXSID70781576 DTXSID8070417 DTXSID6039685 DTXSID00769261 DTXSID30821189 DTXSID50774446 DTXSID90591033 DTXSID00830884 DTXSID00853295 DTXSID00343121 DTXSID30707813 DTXSID40220346
DTXSID30782781	DTXSID50439346 DTXSID70757074 DTXSID50790641 DTXSID90601904 DTXSID10724149 DTXSID50242978 DTXSID60832940 DTXSID60789344 DTXSID30281901 DTXSID80302756 DTXSID70322827 DTXSID30234270 DTXSID50757835 DTXSID00231493 DTXSID10728622 DTXSID20469635 DTXSID40315307 DTXSID40144795 DTXSID20179000 DTXSID60582711
DTXSID80492207	DTXSID30672274 DTXSID50227583 DTXSID40593845 DTXSID20534998 DTXSID00618008 DTXSID80378471 DTXSID70619067 DTXSID00281054 DTXSID50372082 DTXSID70185176 DTXSID90574381 DTXSID10181551 DTXSID80291934 DTXSID40808289 DTXSID40430266 DTXSID10506922 DTXSID20429017 DTXSID90651646 DTXSID70710422 DTXSID10661166
DTXSID00524615	DTXSID10594844 DTXSID40722613 DTXSID10352582 DTXSID00781766 DTXSID70837481 DTXSID70580809 DTXSID20351581 DTXSID20580571 DTXSID90359377 DTXSID30471305 DTXSID30510329 DTXSID10307355 DTXSID40819592 DTXSID80808208 DTXSID00361284 DTXSID90447248 DTXSID90470930 DTXSID30739033 DTXSID90492910 DTXSID40701589
DTXSID90657128	DTXSID90788966 DTXSID80199027 DTXSID00712717 DTXSID50635109 DTXSID50737298 DTXSID50798788 DTXSID10660230 DTXSID80370950 DTXSID10841668 DTXSID00678940 DTXSID80647316 DTXSID50486638 DTXSID30217321 DTXSID0059114 DTXSID90193935 DTXSID90385338 DTXSID60147440 DTXSID90693228 DTXSID40351048 DTXSID90525914
DTXSID30356901	DTXSID90622311 DTXSID50627988 DTXSID50630316 DTXSID50171916 DTXSID10816412 DTXSID40575409 DTXSID30427584 DTXSID50601960 DTXSID20170390 DTXSID20720415 DTXSID40757627 DTXSID70214475 DTXSID20589741 DTXSID90150922 DTXSID20618065 DTXSID60170258 DTXSID00762277 DTXSID50739813 DTXSID70694839 DTXSID80603790
DTXSID60667653	DTXSID00452641 DTXSID70434232 DTXSID20835432 DTXSID40606308 DTXSID90850713 DTXSID30631669 DTXSID40721964 DTXSID90151732 DTXSID50297443 DTXSID10435480 DTXSID60240667 DTXSID20676403 DTXSID40325507 DTXSID40753881 DTXSID70749156 DTXSID70542023 DTXSID40450924 DTXSID00520293 DTXSID10574121 DTXSID80162079
DTXSID30356906	DTXSID40713445 DTXSID00659916 DTXSID90518144 DTXSID70588108 DTXSID3071278 DTXSID30279363 DTXSID30311237 DTXSID60439377 DTXSID60785200 DTXSID60424546 DTXSID10656012 DTXSID60588177 DTXSID00657452 DTXSID20311786 DTXSID30782766 DTXSID00304196 DTXSID50586440 DTXSID90178202 DTXSID40310175 DTXSID30465820
DTXSID90633644	DTXSID50535817 DTXSID10735558 DTXSID30440677 DTXSID50323675 DTXSID50630270 DTXSID80699496 DTXSID10724003 DTXSID60655318 DTXSID20632246 DTXSID90373674 DTXSID30787675 DTXSID40732550 DTXSID80801219 DTXSID40504113 DTXSID90348983 DTXSID50457580 DTXSID90392042 DTXSID00513862 DTXSID80402306 DTXSID80183441
DTXSID80160737	DTXSID70531255 DTXSID50203120 DTXSID70540524 DTXSID30556525 DTXSID20698403 DTXSID80633774 DTXSID20180393 DTXSID90344248 DTXSID40223857 DTXSID10705918 DTXSID10475826 DTXSID60545649 DTXSID20222484 DTXSID40283895 DTXSID50575672 DTXSID10241220 DTXSID70884819 DTXSID30182181 DTXSID40668648 DTXSID10527511
DTXSID10148321	DTXSID70373576 DTXSID80291373 DTXSID50628091 DTXSID70891588 DTXSID20793821 DTXSID40737303 DTXSID80588038 DTXSID40809650 DTXSID60714878 DTXSID20802265 DTXSID10830875 DTXSID70318765 DTXSID10303695 DTXSID20393249 DTXSID70469908 DTXSID60734490 DTXSID80470843 DTXSID70538885 DTXSID90739897 DTXSID30717210
DTXSID20529607	DTXSID10547911 DTXSID00893454 DTXSID90527559 DTXSID60235114 DTXSID9073676 DTXSID90615384 DTXSID80349702 DTXSID00431279 DTXSID20234486 DTXSID70896391 DTXSID60896421 DTXSID60567341 DTXSID90526002 DTXSID20896422 DTXSID30896559 DTXSID80700652 DTXSID30812719 DTXSID30823663 DTXSID80896423 DTXSID00734131
DTXSID70614239	DTXSID80151882 DTXSID50524201 DTXSID10195315 DTXSID70331217 DTXSID80597524 DTXSID10839444 DTXSID80404426 DTXSID30444296 DTXSID80700137 DTXSID10316220 DTXSID10584765 DTXSID20742591 DTXSID90344526 DTXSID70725612 DTXSID20536750 DTXSID10367292 DTXSID70628795 DTXSID70802775 DTXSID50601243 DTXSID30465800
DTXSID4066414	DTXSID50201202 DTXSID00468308 DTXSID40796495 DTXSID40823058 DTXSID10556700 DTXSID50563231 DTXSID50469729 DTXSID80851436 DTXSID90654910 DTXSID50855769 DTXSID40399561 DTXSID60818047 DTXSID80676944 DTXSID50293203 DTXSID30790846 DTXSID10640895 DTXSID30828774 DTXSID40596033 DTXSID50234914 DTXSID60192233
DTXSID70349498	DTXSID60368274 DTXSID00500111 DTXSID30818211 DTXSID80626000 DTXSID60511748 DTXSID00667394 DTXSID9070612 DTXSID10512361 DTXSID90826195 DTXSID50867463 DTXSID10801303 DTXSID80765483 DTXSID90440375 DTXSID90500923 DTXSID10492816 DTXSID90338627 DTXSID2059275 DTXSID80424583 DTXSID10326566 DTXSID00425996
DTXSID10634416	DTXSID10555314 DTXSID20322579 DTXSID00640283 DTXSID70236692 DTXSID90232353 DTXSID20595640 DTXSID10579757 DTXSID20892085 DTXSID50342886 DTXSID00625136 DTXSID50468535 DTXSID20409415 DTXSID20243255 DTXSID40546790 DTXSID40439279 DTXSID50491545 DTXSID80723765 DTXSID00829056 DTXSID70282073 DTXSID70774685
DTXSID20778436	DTXSID40674183 DTXSID90805440 DTXSID90783198 DTXSID50437069 DTXSID70820898 DTXSID90313636 DTXSID50667248 DTXSID80190337 DTXSID90419526 DTXSID80279131 DTXSID70471389 DTXSID70221568 DTXSID40430266 DTXSID20406545 DTXSID30176540 DTXSID90647221 DTXSID00618008 DTXSID40450409 DTXSID50315419 DTXSID50467346
DTXSID80228902	DTXSID70444331 DTXSID60812722 DTXSID30420671 DTXSID10336307 DTXSID40350132 DTXSID90419162 DTXSID10645244 DTXSID90625943 DTXSID40674643 DTXSID10593776 DTXSID90331274 DTXSID60671114 DTXSID00576553 DTXSID80626883 DTXSID80320773 DTXSID00622620 DTXSID70489803 DTXSID90539399 DTXSID90701110 DTXSID10729396
DTXSID10403129	DTXSID10440059 DTXSID20739229 DTXSID40766279 DTXSID00598513 DTXSID90171935 DTXSID90728665 DTXSID30434511 DTXSID90215565 DTXSID90178843 DTXSID70534660 DTXSID20560212 DTXSID10527213 DTXSID90665021 DTXSID80524375 DTXSID60407056 DTXSID70496097 DTXSID30589575 DTXSID00162036 DTXSID90561074 DTXSID20444048
DTXSID20895733	DTXSID10627328 DTXSID00195960 DTXSID00391167 DTXSID50595032 DTXSID50180543 DTXSID40697913 DTXSID90520383 DTXSID00461617 DTXSID50208236 DTXSID90743297 DTXSID70663444 DTXSID10742747 DTXSID60664203 DTXSID60587524 DTXSID20734653 DTXSID20856622 DTXSID50593376 DTXSID10653460 DTXSID40388076 DTXSID00345842
DTXSID70185176	DTXSID10471025 DTXSID50227583 DTXSID50697207 DTXSID70287543 DTXSID10181551 DTXSID80729868 DTXSID00618008 DTXSID80492207 DTXSID20406545 DTXSID50412755 DTXSID50437069 DTXSID40430266 DTXSID50315419 DTXSID80620088 DTXSID40694588 DTXSID70820898 DTXSID9068409 DTXSID10732825 DTXSID70710422 DTXSID10503052
DTXSID50736206	DTXSID50505318 DTXSID10560226 DTXSID80275936 DTXSID00405955 DTXSID00405935 DTXSID00338633 DTXSID10649722 DTXSID30671323 DTXSID50286514 DTXSID60399760 DTXSID70284653 DTXSID90850096 DTXSID90796667 DTXSID10410373 DTXSID50465827 DTXSID60754572 DTXSID60340393 DTXSID40481814 DTXSID70612013 DTXSID80156756
DTXSID60327649	DTXSID20815911 DTXSID50280395 DTXSID60873611 DTXSID20788974 DTXSID20532696 DTXSID70153153 DTXSID20171206 DTXSID90611083 DTXSID90276212 DTXSID80576374 DTXSID20858505 DTXSID60148270 DTXSID30789412 DTXSID60184956 DTXSID60612825 DTXSID70382865 DTXSID1069453 DTXSID70657227 DTXSID80338510 DTXSID60378075
DTXSID30440677	DTXSID50630270 DTXSID50535817 DTXSID90633644 DTXSID50323675 DTXSID40732550 DTXSID40504113 DTXSID10724003 DTXSID10735558 DTXSID20632246 DTXSID80699496 DTXSID30787675 DTXSID90348983 DTXSID90392042 DTXSID80402306 DTXSID60655318 DTXSID00513862 DTXSID60356272 DTXSID20705661 DTXSID30557810 DTXSID90373674
DTXSID50487822	DTXSID60676942 DTXSID20818982 DTXSID80674147 DTXSID80223154 DTXSID70766141 DTXSID10327533 DTXSID10165937 DTXSID60590538 DTXSID80435412 DTXSID00209354 DTXSID70531472 DTXSID10856030 DTXSID80657334 DTXSID30524481 DTXSID80648242 DTXSID60377861 DTXSID90657047 DTXSID80369228 DTXSID60844886 DTXSID40526577
DTXSID00463292	DTXSID50610633 DTXSID80875894 DTXSID80675952 DTXSID20239537 DTXSID80444665 DTXSID80317547 DTXSID80309280 DTXSID50833486 DTXSID2061480 DTXSID80742315 DTXSID60777408 DTXSID20163247 DTXSID90376448 DTXSID30528383 DTXSID70655208 DTXSID10466491 DTXSID60239536 DTXSID10525294 DTXSID60390070 DTXSID40452180
DTXSID80198656	DTXSID00307829 DTXSID60682265 DTXSID60457071 DTXSID60486664 DTXSID20612381 DTXSID50210773 DTXSID90321852 DTXSID50346667 DTXSID60866760 DTXSID30502461 DTXSID40734110 DTXSID3075335 DTXSID90565613 DTXSID10766741 DTXSID10672217 DTXSID4034817 DTXSID20550310 DTXSID20167427 DTXSID10765032 DTXSID40337105
DTXSID60327644	DTXSID20152590 DTXSID10355255 DTXSID50646174 DTXSID90468897 DTXSID80696107 DTXSID50294013 DTXSID70403362 DTXSID50374021 DTXSID00349547 DTXSID10597451 DTXSID10653849 DTXSID00289818 DTXSID70293240 DTXSID90389316 DTXSID50591554 DTXSID20669517 DTXSID80314112 DTXSID50597137 DTXSID50581773 DTXSID60344275
DTXSID20381262	DTXSID20511921 DTXSID60399725 DTXSID9044164 DTXSID00423654 DTXSID60600126 DTXSID90338980 DTXSID40405939 DTXSID90527776 DTXSID50220236 DTXSID90711198 DTXSID70593176 DTXSID90621465 DTXSID00298647 DTXSID60488421 DTXSID60232421 DTXSID20378874 DTXSID3061552 DTXSID30344949 DTXSID30405908 DTXSID10518868
DTXSID80237610	DTXSID10677181 DTXSID00236246 DTXSID60191488 DTXSID70317990 DTXSID70399812 DTXSID80752378 DTXSID80211511 DTXSID00276107 DTXSID70669921 DTXSID80768252 DTXSID70243780 DTXSID40210747 DTXSID00707845 DTXSID30153558 DTXSID8070960 DTXSID80773922 DTXSID30578202 DTXSID60561925 DTXSID30694012 DTXSID40880500
DTXSID50742443	DTXSID40188098 DTXSID10720308 DTXSID40485337 DTXSID50876338 DTXSID20474825 DTXSID00556597 DTXSID50335096 DTXSID90406390 DTXSID20817910 DTXSID20511764 DTXSID70879543 DTXSID20162351 DTXSID30372388 DTXSID10740400 DTXSID40485019 DTXSID30593490 DTXSID60358195 DTXSID50727078 DTXSID50483768 DTXSID20751188
DTXSID00856766	DTXSID00568731 DTXSID80619876 DTXSID40814724 DTXSID40529149 DTXSID10710663 DTXSID80553342 DTXSID50509992 DTXSID50174189 DTXSID70795315 DTXSID60600484 DTXSID70547371 DTXSID90661225 DTXSID60848061 DTXSID30625664 DTXSID40278640 DTXSID70670057 DTXSID6023315 DTXSID10875923 DTXSID10728889 DTXSID50467003
DTXSID00326515	DTXSID80222344 DTXSID40652300 DTXSID30823663 DTXSID50147792 DTXSID00557064 DTXSID80778154 DTXSID80854048 DTXSID10423387 DTXSID40698521 DTXSID10628037 DTXSID70812718 DTXSID60160179 DTXSID20476506 DTXSID80744314 DTXSID80392899 DTXSID60327083 DTXSID70599113 DTXSID20234486 DTXSID80700652 DTXSID00748632
DTXSID60451498	DTXSID00502150 DTXSID90541598 DTXSID40543047 DTXSID50440755 DTXSID40843478 DTXSID4022076 DTXSID50837207 DTXSID90177972 DTXSID10633424 DTXSID80737746 DTXSID20182615 DTXSID20762693 DTXSID60762692 DTXSID00405738 DTXSID50768805 DTXSID00171365 DTXSID60523124 DTXSID70784865 DTXSID10627181 DTXSID10198806
DTXSID00592430	DTXSID40733941 DTXSID20595206 DTXSID40767105 DTXSID70610372 DTXSID50198623 DTXSID50561575 DTXSID10547299 DTXSID50217121 DTXSID70801127 DTXSID60834222 DTXSID40804983 DTXSID50664858 DTXSID40392491 DTXSID60886903 DTXSID50561257 DTXSID50804050 DTXSID80598596 DTXSID90479640 DTXSID30756543 DTXSID10371692
DTXSID70599971	DTXSID10284657 DTXSID10848359 DTXSID00560977 DTXSID40822687 DTXSID00631297 DTXSID00603732 DTXSID60281853 DTXSID20670305 DTXSID70460238 DTXSID50421640 DTXSID60640320 DTXSID30392965 DTXSID30213626 DTXSID40388536 DTXSID10528543 DTXSID50552024 DTXSID30521910 DTXSID00331164 DTXSID80598470 DTXSID00887636
DTXSID40393089	DTXSID20881333 DTXSID10371410 DTXSID80175902 DTXSID50582785 DTXSID00451331 DTXSID00443175 DTXSID90353299 DTXSID20145164 DTXSID10764141 DTXSID00722634 DTXSID40397264 DTXSID90598183 DTXSID20232129 DTXSID00284580 DTXSID60429672 DTXSID60700392 DTXSID70385937 DTXSID30727511 DTXSID50336265 DTXSID10696352
DTXSID50533277	DTXSID70647749 DTXSID00495098 DTXSID30662913 DTXSID10296831 DTXSID40721429 DTXSID40293717 DTXSID10287204 DTXSID50526447 DTXSID50846839 DTXSID90473567 DTXSID60599107 DTXSID20207695 DTXSID50663326 DTXSID80570155 DTXSID10459065 DTXSID40726878 DTXSID00614161 DTXSID00420845 DTXSID80464787 DTXSID50743394
DTXSID10482878	DTXSID7066643 DTXSID6047862 DTXSID70876951 DTXSID10757811 DTXSID10766645 DTXSID40776999 DTXSID60675213 DTXSID70537510 DTXSID00720110 DTXSID80200465 DTXSID10190002 DTXSID40504198 DTXSID10568929 DTXSID10651885 DTXSID20676943 DTXSID30586387 DTXSID60471818 DTXSID60458866 DTXSID00725468 DTXSID10223001
DTXSID40393084	DTXSID20362990 DTXSID30618435 DTXSID10744428 DTXSID10426696 DTXSID30319213 DTXSID70711550 DTXSID30452679 DTXSID80708592 DTXSID00418328 DTXSID10326081 DTXSID30698318 DTXSID00745404 DTXSID80606589 DTXSID10596242 DTXSID10557297 DTXSID60597663 DTXSID60540119 DTXSID00465372 DTXSID00388350 DTXSID90474372
DTXSID30799591	DTXSID30563198 DTXSID00523148 DTXSID00565689 DTXSID50483425 DTXSID90562960 DTXSID60764510 DTXSID00366512 DTXSID40406623 DTXSID70874477 DTXSID50436936 DTXSID30195034 DTXSID70527512 DTXSID80284725 DTXSID10436654 DTXSID90447248 DTXSID70571818 DTXSID40494464 DTXSID10525618 DTXSID20481099 DTXSID30852630
DTXSID50805002	DTXSID80649850 DTXSID00541347 DTXSID50810676 DTXSID40775765 DTXSID10525991 DTXSID70660978 DTXSID20640624 DTXSID00398893 DTXSID60646943 DTXSID60840166 DTXSID90649245 DTXSID50496595 DTXSID90584728 DTXSID50218754 DTXSID00504230 DTXSID60444729 DTXSID70810077 DTXSID10217122 DTXSID40654925 DTXSID70733717
DTXSID20292960	DTXSID00440381 DTXSID50486638 DTXSID90408475 DTXSID90193935 DTXSID8024365 DTXSID40177548 DTXSID60441415 DTXSID50737298 DTXSID10660230 DTXSID00308578 DTXSID10154821 DTXSID20504696 DTXSID30217321 DTXSID90693228 DTXSID50663063 DTXSID40540213 DTXSID80647316 DTXSID10645305 DTXSID00712717 DTXSID90485307
DTXSID10786267	DTXSID60341603 DTXSID10309314 DTXSID50491904 DTXSID40753407 DTXSID00698901 DTXSID50694473 DTXSID90237202 DTXSID10630897 DTXSID30730641 DTXSID70851167 DTXSID40668567 DTXSID10678537 DTXSID90814597 DTXSID00829995 DTXSID70749156 DTXSID10533430 DTXSID70631668 DTXSID70542023 DTXSID10588304 DTXSID7029372
DTXSID00744412	DTXSID50323554 DTXSID00831917 DTXSID90349172 DTXSID40764472 DTXSID20545261 DTXSID70398168 DTXSID10177959 DTXSID10394942 DTXSID70491880 DTXSID60204269 DTXSID80665419 DTXSID10855821 DTXSID60552611 DTXSID70372524 DTXSID60735008 DTXSID50543058 DTXSID10632250 DTXSID60439599 DTXSID30218136 DTXSID20162654
DTXSID50637769	DTXSID70449765 DTXSID10627181 DTXSID10510948 DTXSID60481437 DTXSID80450948 DTXSID40791748 DTXSID30525231 DTXSID60228420 DTXSID20495494 DTXSID10198806 DTXSID40534915 DTXSID80552279 DTXSID00814942 DTXSID30346509 DTXSID30524340 DTXSID10472219 DTXSID00551027 DTXSID4022076 DTXSID30639589 DTXSID4062519
DTXSID40575409	DTXSID30427584 DTXSID50601960 DTXSID20589741 DTXSID30356901 DTXSID70694839 DTXSID50739813 DTXSID50630316 DTXSID70742607 DTXSID40757627 DTXSID00762277 DTXSID90622311 DTXSID50627988 DTXSID10705776 DTXSID70214475 DTXSID30876412 DTXSID40495138 DTXSID20189700 DTXSID90150922 DTXSID60291290 DTXSID30217881
DTXSID70601548	DTXSID30740462 DTXSID20856622 DTXSID00197560 DTXSID80635137 DTXSID40293651 DTXSID10408598 DTXSID00501441 DTXSID00461617 DTXSID50740727 DTXSID50457707 DTXSID70341891 DTXSID10681824 DTXSID90520383 DTXSID80618041 DTXSID40349703 DTXSID90743297 DTXSID50180543 DTXSID60664203 DTXSID50208236 DTXSID60729604
DTXSID10288332	DTXSID30579759 DTXSID50743511 DTXSID10563954 DTXSID70446597 DTXSID70742783 DTXSID40896121 DTXSID00678940 DTXSID90507811 DTXSID00353104 DTXSID60212142 DTXSID50280274 DTXSID10808695 DTXSID50736064 DTXSID80666461 DTXSID30561699 DTXSID00600882 DTXSID50388582 DTXSID60438865 DTXSID90608771 DTXSID40551667
DTXSID80560258	DTXSID80576899 DTXSID00775887 DTXSID00559144 DTXSID10783438 DTXSID90302606 DTXSID40208523 DTXSID6063511 DTXSID70622612 DTXSID90765171 DTXSID90660430 DTXSID2063765 DTXSID70751310 DTXSID60751309 DTXSID90404730 DTXSID60173926 DTXSID50410539 DTXSID50783437 DTXSID4052005 DTXSID1062546 DTXSID30702166
DTXSID70856511	DTXSID50322764 DTXSID90850894 DTXSID90391712 DTXSID40467239 DTXSID80391302 DTXSID60727382 DTXSID70324361 DTXSID30277485 DTXSID90596028 DTXSID60647298 DTXSID90323199 DTXSID70750944 DTXSID20841538 DTXSID80483231 DTXSID3063095 DTXSID10579015 DTXSID20206981 DTXSID40517344 DTXSID60601471 DTXSID50541579
DTXSID50335096	DTXSID30593490 DTXSID20511764 DTXSID90406390 DTXSID50742443 DTXSID30310881 DTXSID10720308 DTXSID20608365 DTXSID50876338 DTXSID40188098 DTXSID20751188 DTXSID90236053 DTXSID40485337 DTXSID20162351 DTXSID50727078 DTXSID40624587 DTXSID80324913 DTXSID70564109 DTXSID80415456 DTXSID50340180 DTXSID90401300
DTXSID10225444	DTXSID10288877 DTXSID60747202 DTXSID80675912 DTXSID40751463 DTXSID60638580 DTXSID40176910 DTXSID90783517 DTXSID70336909 DTXSID70284875 DTXSID90217423 DTXSID50654936 DTXSID60177085 DTXSID10795415 DTXSID70747839 DTXSID00522176 DTXSID00234328 DTXSID40187824 DTXSID70670451 DTXSID40163623 DTXSID20722459
DTXSID30428374	DTXSID90811162 DTXSID70610039 DTXSID70592765 DTXSID80851239 DTXSID80143040 DTXSID80771766 DTXSID40280980 DTXSID00368516 DTXSID70837562 DTXSID50816810 DTXSID40696461 DTXSID00480989 DTXSID10277524 DTXSID20867834 DTXSID40734014 DTXSID30368600 DTXSID00508096 DTXSID10151971 DTXSID50569319 DTXSID60546777
DTXSID00442688	DTXSID70799712 DTXSID00290247 DTXSID90778665 DTXSID40576875 DTXSID10531254 DTXSID10640512 DTXSID90426058 DTXSID00621330 DTXSID70573993 DTXSID00787167 DTXSID20791342 DTXSID70562488 DTXSID3058955 DTXSID60287734 DTXSID40397623 DTXSID60505389 DTXSID50816158 DTXSID40855132 DTXSID40722618 DTXSID30874251
DTXSID20204487	DTXSID60494921 DTXSID00296961 DTXSID30855727 DTXSID20804840 DTXSID70855660 DTXSID60184532 DTXSID70873622 DTXSID80440844 DTXSID30540383 DTXSID20756234 DTXSID10498474 DTXSID00653333 DTXSID50326520 DTXSID30559278 DTXSID20284800 DTXSID80548314 DTXSID30767634 DTXSID60813198 DTXSID50341016 DTXSID00400920
DTXSID60762692	DTXSID00171365 DTXSID60523124 DTXSID10633424 DTXSID00405738 DTXSID50837207 DTXSID90541598 DTXSID10627489 DTXSID20762693 DTXSID40797200 DTXSID00502150 DTXSID4022076 DTXSID60625556 DTXSID20148998 DTXSID60188550 DTXSID40543047 DTXSID10467660 DTXSID60704451 DTXSID40413276 DTXSID10198806 DTXSID60451498
DTXSID20182216	DTXSID80625119 DTXSID10876213 DTXSID30189978 DTXSID00857657 DTXSID40324171 DTXSID40516574 DTXSID20599022 DTXSID80354750 DTXSID60456741 DTXSID30600355 DTXSID50312908 DTXSID90489587 DTXSID30668051 DTXSID10288155 DTXSID60573200 DTXSID00625535 DTXSID50776829 DTXSID40430160 DTXSID60820660 DTXSID60542335
DTXSID20488649	DTXSID80736431 DTXSID20279130 DTXSID00748632 DTXSID80232569 DTXSID30551237 DTXSID70599113 DTXSID90301679 DTXSID60160179 DTXSID60842948 DTXSID40640585 DTXSID00566070 DTXSID70827923 DTXSID80879473 DTXSID10762622 DTXSID30476911 DTXSID60763987 DTXSID80478263 DTXSID00151203 DTXSID70303818 DTXSID90521855
DTXSID20563844	DTXSID90642135 DTXSID30168268 DTXSID00500813 DTXSID00518872 DTXSID50590062 DTXSID60487459 DTXSID00641119 DTXSID70294838 DTXSID70364505 DTXSID30308384 DTXSID9022100 DTXSID00544772 DTXSID30465360 DTXSID70622516 DTXSID30511391 DTXSID50719099 DTXSID80161820 DTXSID90374489 DTXSID30282615 DTXSID20604640
DTXSID30886233	DTXSID80352251 DTXSID40180658 DTXSID70773471 DTXSID70562423 DTXSID70876870 DTXSID80678180 DTXSID40551263 DTXSID80640842 DTXSID70514886 DTXSID10442876 DTXSID40145843 DTXSID30514887 DTXSID80443759 DTXSID80276584 DTXSID20625113 DTXSID30468098 DTXSID60804228 DTXSID30743135 DTXSID0047088 DTXSID00593189
DTXSID90556268	DTXSID10773617 DTXSID5051311 DTXSID30827146 DTXSID70867364 DTXSID90823245 DTXSID50288992 DTXSID40534975 DTXSID30550028 DTXSID70750186 DTXSID1068807 DTXSID3051541 DTXSID3068883 DTXSID30188729 DTXSID10337657 DTXSID80559561 DTXSID30336546 DTXSID60325842 DTXSID70327857 DTXSID50343212 DTXSID80553504
DTXSID00201055	DTXSID90794320 DTXSID80349621 DTXSID90402498 DTXSID40790019 DTXSID50760389 DTXSID00854560 DTXSID60320630 DTXSID20465495 DTXSID60143023 DTXSID60325125 DTXSID20534918 DTXSID40310872 DTXSID50681040 DTXSID00345680 DTXSID10491980 DTXSID70672753 DTXSID7023194 DTXSID20307184 DTXSID80395860 DTXSID10541414
DTXSID70448359	DTXSID00509104 DTXSID40566478 DTXSID1063512 DTXSID40442061 DTXSID60285093 DTXSID70165099 DTXSID10546803 DTXSID50321555 DTXSID00503965 DTXSID50281206 DTXSID10405921 DTXSID10366361 DTXSID0051318 DTXSID30306209 DTXSID40453379 DTXSID10442659 DTXSID10485541 DTXSID20183980 DTXSID20368654 DTXSID90451623
DTXSID00452641	DTXSID60667653 DTXSID30631669 DTXSID40606308 DTXSID70434232 DTXSID10435480 DTXSID20835432 DTXSID90850713 DTXSID90151732 DTXSID40721964 DTXSID70749156 DTXSID40450924 DTXSID70631668 DTXSID60240667 DTXSID20676403 DTXSID70542023 DTXSID50297443 DTXSID00698901 DTXSID40325507 DTXSID40385343 DTXSID10700887
DTXSID00646740	DTXSID80502870 DTXSID10837763 DTXSID30323219 DTXSID50763875 DTXSID50807309 DTXSID50151738 DTXSID00485176 DTXSID40857297 DTXSID10694631 DTXSID50660774 DTXSID20704078 DTXSID40614903 DTXSID80180238 DTXSID60646089 DTXSID10739854 DTXSID90748989 DTXSID40744315 DTXSID20593989 DTXSID00565861 DTXSID30218555
DTXSID60319948	DTXSID70792849 DTXSID80466206 DTXSID70569078 DTXSID10805644 DTXSID20383463 DTXSID70549451 DTXSID80578333 DTXSID10404676 DTXSID20674247 DTXSID80436883 DTXSID60883917 DTXSID70460152 DTXSID50457944 DTXSID70505077 DTXSID30600895 DTXSID80496346 DTXSID40775720 DTXSID40200784 DTXSID00375386 DTXSID50340226
DTXSID90292093	DTXSID50206878 DTXSID00701106 DTXSID00651511 DTXSID20655894 DTXSID10282310 DTXSID00461157 DTXSID80627991 DTXSID90156823 DTXSID00528158 DTXSID50453587 DTXSID30178327 DTXSID70749176 DTXSID50546887 DTXSID20371406 DTXSID90354120 DTXSID80191703 DTXSID20610786 DTXSID80404406 DTXSID30505336 DTXSID20879053
DTXSID40530477	DTXSID30663369 DTXSID20759801 DTXSID40845472 DTXSID30885241 DTXSID20599345 DTXSID40427651 DTXSID00231438 DTXSID80279373 DTXSID50663780 DTXSID70326108 DTXSID70840798 DTXSID20295274 DTXSID90749597 DTXSID10721916 DTXSID60562356 DTXSID60183868 DTXSID60347781 DTXSID50590188 DTXSID90396409 DTXSID30350580
DTXSID00755265	DTXSID40228625 DTXSID40841656 DTXSID00373504 DTXSID30466877 DTXSID30571612 DTXSID60335284 DTXSID90707511 DTXSID40671632 DTXSID40146198 DTXSID10588026 DTXSID40325042 DTXSID10707634 DTXSID10481523 DTXSID70487026 DTXSID60533122 DTXSID50506067 DTXSID90877561 DTXSID70366685 DTXSID80239336 DTXSID50542425
DTXSID10426696	DTXSID10744428 DTXSID30319213 DTXSID00418328 DTXSID30618435 DTXSID00294381 DTXSID20362990 DTXSID20766015 DTXSID80606589 DTXSID00465372 DTXSID40393084 DTXSID70711550 DTXSID70513152 DTXSID50178682 DTXSID80708592 DTXSID30175038 DTXSID60392019 DTXSID60597663 DTXSID10326081 DTXSID30452679 DTXSID80210322
DTXSID80348831	DTXSID90239443 DTXSID30378325 DTXSID20507041 DTXSID20452729 DTXSID60590477 DTXSID60187922 DTXSID30346347 DTXSID00484725 DTXSID80621691 DTXSID60562356 DTXSID90749597 DTXSID60471338 DTXSID60500859 DTXSID20348830 DTXSID70788262 DTXSID00663871 DTXSID40856366 DTXSID50590188 DTXSID40845472 DTXSID00377486
DTXSID60667436	DTXSID40831936 DTXSID70405624 DTXSID10355573 DTXSID10505753 DTXSID10597118 DTXSID70597659 DTXSID6065052 DTXSID50556204 DTXSID40430185 DTXSID30744748 DTXSID50311754 DTXSID50716907 DTXSID60528699 DTXSID80467394 DTXSID60201778 DTXSID40507280 DTXSID80463053 DTXSID60385461 DTXSID00766412 DTXSID50589734
DTXSID40277350	DTXSID20411452 DTXSID7066148 DTXSID40781846 DTXSID20195063 DTXSID80808061 DTXSID90721252 DTXSID60751309 DTXSID10806954 DTXSID90660430 DTXSID90801740 DTXSID30707171 DTXSID70751310 DTXSID40208523 DTXSID6063511 DTXSID10783438 DTXSID00775887 DTXSID90765171 DTXSID80793165 DTXSID80560258 DTXSID70622612
DTXSID50372082	DTXSID00281054 DTXSID40444308 DTXSID40593845 DTXSID20429017 DTXSID80291934 DTXSID40520530 DTXSID80378471 DTXSID10506922 DTXSID70619067 DTXSID20534998 DTXSID90574381 DTXSID40808289 DTXSID30672274 DTXSID20509202 DTXSID20431074 DTXSID80492207 DTXSID50629068 DTXSID10661166 DTXSID00769246 DTXSID80728891
DTXSID10401781	DTXSID50561257 DTXSID30788844 DTXSID50302465 DTXSID50561575 DTXSID50217121 DTXSID90744249 DTXSID80675972 DTXSID70610372 DTXSID10276198 DTXSID10328464 DTXSID40767105 DTXSID50664858 DTXSID50198623 DTXSID40392491 DTXSID70156705 DTXSID40733941 DTXSID50275968 DTXSID40804983 DTXSID80850904 DTXSID00592430
DTXSID60405916	DTXSID40549928 DTXSID40669211 DTXSID20506514 DTXSID20443697 DTXSID70774943 DTXSID70428712 DTXSID3044918 DTXSID80462369 DTXSID60503446 DTXSID70608916 DTXSID70667068 DTXSID80498486 DTXSID50342306 DTXSID30566624 DTXSID40348579 DTXSID80655638 DTXSID40663532 DTXSID00440467 DTXSID10453169 DTXSID80348497
DTXSID20697072	DTXSID5059163 DTXSID40468781 DTXSID1058393 DTXSID20177142 DTXSID30546042 DTXSID30673827 DTXSID60633636 DTXSID80503882 DTXSID70359355 DTXSID70484651 DTXSID20390738 DTXSID20389647 DTXSID70876552 DTXSID50802031 DTXSID10191993 DTXSID40694422 DTXSID90771979 DTXSID40729783 DTXSID50233720 DTXSID40328396
DTXSID40677396	DTXSID90310261 DTXSID90203164 DTXSID90160344 DTXSID70568465 DTXSID00604709 DTXSID80792077 DTXSID10580202 DTXSID30675361 DTXSID70884657 DTXSID60489953 DTXSID90561099 DTXSID50154805 DTXSID50804838 DTXSID60611176 DTXSID90158322 DTXSID50385172 DTXSID00834226 DTXSID00675171 DTXSID40219538 DTXSID80151569
DTXSID90175897	DTXSID20308494 DTXSID90306821 DTXSID40432846 DTXSID60228324 DTXSID60242525 DTXSID00239257 DTXSID00506597 DTXSID80642422 DTXSID30481989 DTXSID70702281 DTXSID60341123 DTXSID70834470 DTXSID30574401 DTXSID80323385 DTXSID40408768 DTXSID80813559 DTXSID90557134 DTXSID60711589 DTXSID20730135 DTXSID50551618
DTXSID40677391	DTXSID80660101 DTXSID60341340 DTXSID30157839 DTXSID80696829 DTXSID60636561 DTXSID50560684 DTXSID20803419 DTXSID30362789 DTXSID40523006 DTXSID80537829 DTXSID20876002 DTXSID40464884 DTXSID00805870 DTXSID30402412 DTXSID00303922 DTXSID50363339 DTXSID30176388 DTXSID60634486 DTXSID30627547 DTXSID40378694
DTXSID30201705	DTXSID70642456 DTXSID70379053 DTXSID00697813 DTXSID60695476 DTXSID80402341 DTXSID70835922 DTXSID30818574 DTXSID30757297 DTXSID50404332 DTXSID40786316 DTXSID30313034 DTXSID90182288 DTXSID90578445 DTXSID20450149 DTXSID50656218 DTXSID60368299 DTXSID60786151 DTXSID80577280 DTXSID30632272 DTXSID90624976
DTXSID50206878	DTXSID00701106 DTXSID90292093 DTXSID20655894 DTXSID90156823 DTXSID50546887 DTXSID10282310 DTXSID00528158 DTXSID60583001 DTXSID10726481 DTXSID30505336 DTXSID80404406 DTXSID00461157 DTXSID00651511 DTXSID40538554 DTXSID80627991 DTXSID20371406 DTXSID70749176 DTXSID90354120 DTXSID20879053 DTXSID20677798
DTXSID70446597	DTXSID40896121 DTXSID00353104 DTXSID10288332 DTXSID30561699 DTXSID30579759 DTXSID50743511 DTXSID70742783 DTXSID10563954 DTXSID50388582 DTXSID70447701 DTXSID80698227 DTXSID40551667 DTXSID30343058 DTXSID60351601 DTXSID80639958 DTXSID40195121 DTXSID40684101 DTXSID30401122 DTXSID40222542 DTXSID00678940
DTXSID80312456	DTXSID80489637 DTXSID70486135 DTXSID00201636 DTXSID50314442 DTXSID90308284 DTXSID70372524 DTXSID60608324 DTXSID70597831 DTXSID50809005 DTXSID70516784 DTXSID80514776 DTXSID30685400 DTXSID10483789 DTXSID60670046 DTXSID10494693 DTXSID70398168 DTXSID20545261 DTXSID40764472 DTXSID10855821 DTXSID00534971
DTXSID90672275	DTXSID70590584 DTXSID00158752 DTXSID90647988 DTXSID10653687 DTXSID10557050 DTXSID40571168 DTXSID40656126 DTXSID90300187 DTXSID50677448 DTXSID50429722 DTXSID30350186 DTXSID30404754 DTXSID60593347 DTXSID90406890 DTXSID60145820 DTXSID80468563 DTXSID20590599 DTXSID10371632 DTXSID20522017 DTXSID40332695
DTXSID90373750	DTXSID20846260 DTXSID40589748 DTXSID70811307 DTXSID80648005 DTXSID10612693 DTXSID20620805 DTXSID90276479 DTXSID50325992 DTXSID60743643 DTXSID60744413 DTXSID80718212 DTXSID70735498 DTXSID90585790 DTXSID60820660 DTXSID50684233 DTXSID10380986 DTXSID20419099 DTXSID40516574 DTXSID70315976 DTXSID90561630
DTXSID50487645	DTXSID20439297 DTXSID30780828 DTXSID60307108 DTXSID50622857 DTXSID00695157 DTXSID50598124 DTXSID40637874 DTXSID40296581 DTXSID60377023 DTXSID50441787 DTXSID20418305 DTXSID40168219 DTXSID90609682 DTXSID90753952 DTXSID40374030 DTXSID40588493 DTXSID90712105 DTXSID50856377 DTXSID80336298 DTXSID30537839
DTXSID50712085	DTXSID40718177 DTXSID80526894 DTXSID70773512 DTXSID60864504 DTXSID80414949 DTXSID80820647 DTXSID30816732 DTXSID70816731 DTXSID00841233 DTXSID00816744 DTXSID40532956 DTXSID80836521 DTXSID8060537 DTXSID60759845 DTXSID00560311 DTXSID00789267 DTXSID40633255 DTXSID40714614 DTXSID60340757 DTXSID70545211
DTXSID60590477	DTXSID30346347 DTXSID90239443 DTXSID20452729 DTXSID80348831 DTXSID00377486 DTXSID00484725 DTXSID90749597 DTXSID30378325 DTXSID60562356 DTXSID60187922 DTXSID60471338 DTXSID40845472 DTXSID20759801 DTXSID20507041 DTXSID90373735 DTXSID50590188 DTXSID20348830 DTXSID40427651 DTXSID40856366 DTXSID20599345
DTXSID30434854	DTXSID10632250 DTXSID3042506 DTXSID60143962 DTXSID80402669 DTXSID10177959 DTXSID10394942 DTXSID00343681 DTXSID80724393 DTXSID70566264 DTXSID60552611 DTXSID80665419 DTXSID40403172 DTXSID80742936 DTXSID90669645 DTXSID60533187 DTXSID50323554 DTXSID60439599 DTXSID90375653 DTXSID10364125 DTXSID00596812
DTXSID90325830	DTXSID10143472 DTXSID70377413 DTXSID40711481 DTXSID70511118 DTXSID00338355 DTXSID20730756 DTXSID10618478 DTXSID20580733 DTXSID70214273 DTXSID70666536 DTXSID30661047 DTXSID90380868 DTXSID30694618 DTXSID30816914 DTXSID10177934 DTXSID70640932 DTXSID20384137 DTXSID20629893 DTXSID10652953 DTXSID20376158
DTXSID70529475	DTXSID30632272 DTXSID20384071 DTXSID60836468 DTXSID30159237 DTXSID80577280 DTXSID60209350 DTXSID70835922 DTXSID30821164 DTXSID50604471 DTXSID60786151 DTXSID10628991 DTXSID00852122 DTXSID30757297 DTXSID00697813 DTXSID20450149 DTXSID30313034 DTXSID30818574 DTXSID80625058 DTXSID20547043 DTXSID70642456
DTXSID30663066	DTXSID50315570 DTXSID10402339 DTXSID40289039 DTXSID00780936 DTXSID90237247 DTXSID60671553 DTXSID30342460 DTXSID20406161 DTXSID40579149 DTXSID00887636 DTXSID70514285 DTXSID60876965 DTXSID80339067 DTXSID40388536 DTXSID80561528 DTXSID30332528 DTXSID40775609 DTXSID20581644 DTXSID30318428 DTXSID50640314
DTXSID10617880	DTXSID10601885 DTXSID50485202 DTXSID80784316 DTXSID40338899 DTXSID7020211 DTXSID30455463 DTXSID30755233 DTXSID50521331 DTXSID50424015 DTXSID20808909 DTXSID60732693 DTXSID90535912 DTXSID90458399 DTXSID80303546 DTXSID80149663 DTXSID10814993 DTXSID40211870 DTXSID5037602 DTXSID40156419 DTXSID7047015
DTXSID00656980	DTXSID80822580 DTXSID60876440 DTXSID60145840 DTXSID50713451 DTXSID80756058 DTXSID60537100 DTXSID40420561 DTXSID40296925 DTXSID80588154 DTXSID40552573 DTXSID80294248 DTXSID40876847 DTXSID40414687 DTXSID60278708 DTXSID50761255 DTXSID00755947 DTXSID80657213 DTXSID10459469 DTXSID70397570 DTXSID70602010
DTXSID30639766	DTXSID60510918 DTXSID90720280 DTXSID10801287 DTXSID50679866 DTXSID90341893 DTXSID90294037 DTXSID10176321 DTXSID10213689 DTXSID40343786 DTXSID40558595 DTXSID80624889 DTXSID10647905 DTXSID70285706 DTXSID00550772 DTXSID2037714 DTXSID10528402 DTXSID30406096 DTXSID80442020 DTXSID00635816 DTXSID20478080
DTXSID40468781	DTXSID5059163 DTXSID20697072 DTXSID1058393 DTXSID70359355 DTXSID30546042 DTXSID20177142 DTXSID30673827 DTXSID40694422 DTXSID50802031 DTXSID80503882 DTXSID20390738 DTXSID60633636 DTXSID70876552 DTXSID10191993 DTXSID40729783 DTXSID50233720 DTXSID20389647 DTXSID70443223 DTXSID30388585 DTXSID80534075
DTXSID0060066	DTXSID50534885 DTXSID20734618 DTXSID90302949 DTXSID00320477 DTXSID30225522 DTXSID30819187 DTXSID00510558 DTXSID30727894 DTXSID70703874 DTXSID20699051 DTXSID70877569 DTXSID60193886 DTXSID10653869 DTXSID80208300 DTXSID10575971 DTXSID70233722 DTXSID50814992 DTXSID90702066 DTXSID30805681 DTXSID60721022
DTXSID10600595	DTXSID60835815 DTXSID20277151 DTXSID90733219 DTXSID30671560 DTXSID20536457 DTXSID60710254 DTXSID70299409 DTXSID80275653 DTXSID90325153 DTXSID70783656 DTXSID70589478 DTXSID50321732 DTXSID00393560 DTXSID60652327 DTXSID00559806 DTXSID30395390 DTXSID60338038 DTXSID20453973 DTXSID60837258 DTXSID0058514
DTXSID00610163	DTXSID20398810 DTXSID10596368 DTXSID50635285 DTXSID70811428 DTXSID70145831 DTXSID10363476 DTXSID00696205 DTXSID60385961 DTXSID10767051 DTXSID90743974 DTXSID70561754 DTXSID20499891 DTXSID60725101 DTXSID30579375 DTXSID10727837 DTXSID00536894 DTXSID70392484 DTXSID90462936 DTXSID10563479 DTXSID00839751
DTXSID80742077	DTXSID60199601 DTXSID10375019 DTXSID60168776 DTXSID70655400 DTXSID3057692 DTXSID2024791 DTXSID50311390 DTXSID10498176 DTXSID30638613 DTXSID80444004 DTXSID20486403 DTXSID90483020 DTXSID20838140 DTXSID00110032 DTXSID60454661 DTXSID50464411 DTXSID50378741 DTXSID00546650 DTXSID60526594 DTXSID80777521
DTXSID40531863	DTXSID20359360 DTXSID70808676 DTXSID40614266 DTXSID10343531 DTXSID70324861 DTXSID60597325 DTXSID80406844 DTXSID00568892 DTXSID70197512 DTXSID90634530 DTXSID60190097 DTXSID20144415 DTXSID90143531 DTXSID40295377 DTXSID10706283 DTXSID90553131 DTXSID90310140 DTXSID20285670 DTXSID90803582 DTXSID30675508
DTXSID50429247	DTXSID70481504 DTXSID90747351 DTXSID10448358 DTXSID60618206 DTXSID50315974 DTXSID20493516 DTXSID50625080 DTXSID60799327 DTXSID80354891 DTXSID50179311 DTXSID50154325 DTXSID70450412 DTXSID50733937 DTXSID80665479 DTXSID80383500 DTXSID30346367 DTXSID50660936 DTXSID80570276 DTXSID30713434 DTXSID3061263
DTXSID00810702	DTXSID70224155 DTXSID30303798 DTXSID50383330 DTXSID30848593 DTXSID90768723 DTXSID00355729 DTXSID40641996 DTXSID70894756 DTXSID00738654 DTXSID10157478 DTXSID20742031 DTXSID00725468 DTXSID30594280 DTXSID60715522 DTXSID80288586 DTXSID10794382 DTXSID30586387 DTXSID10223001 DTXSID90200471 DTXSID70589791
DTXSID0020492	DTXSID20391189 DTXSID30640938 DTXSID60733827 DTXSID80831692 DTXSID1024752 DTXSID60150590 DTXSID80154818 DTXSID50681767 DTXSID70576904 DTXSID10157079 DTXSID50732122 DTXSID80726635 DTXSID10186102 DTXSID50175277 DTXSID20680303 DTXSID60829355 DTXSID20368533 DTXSID80279772 DTXSID00662940 DTXSID90645348
DTXSID90450858	DTXSID20475812 DTXSID00343449 DTXSID40565486 DTXSID00491015 DTXSID20446421 DTXSID60207018 DTXSID70488750 DTXSID90329454 DTXSID10528548 DTXSID20835977 DTXSID60497336 DTXSID50640319 DTXSID6044648 DTXSID90573096 DTXSID70612013 DTXSID40635496 DTXSID70517771 DTXSID20403498 DTXSID00706535 DTXSID30301456
DTXSID00836962	DTXSID40235753 DTXSID50307490 DTXSID10182503 DTXSID00377183 DTXSID70598444 DTXSID50677665 DTXSID60649136 DTXSID90499429 DTXSID70466457 DTXSID40641173 DTXSID60604220 DTXSID20474022 DTXSID50734909 DTXSID10604513 DTXSID90501531 DTXSID20625698 DTXSID60569385 DTXSID70167255 DTXSID40339083 DTXSID40724556
DTXSID00550772	DTXSID2037714 DTXSID40343786 DTXSID70789032 DTXSID20478080 DTXSID90339518 DTXSID80615616 DTXSID90294037 DTXSID30394525 DTXSID10567932 DTXSID00635816 DTXSID60510918 DTXSID10334005 DTXSID80340113 DTXSID70285706 DTXSID30639766 DTXSID20342651 DTXSID70675643 DTXSID60202720 DTXSID00334771 DTXSID4052051
DTXSID90557134	DTXSID50551618 DTXSID30574401 DTXSID20517180 DTXSID80642422 DTXSID40432846 DTXSID10613125 DTXSID90175897 DTXSID60242525 DTXSID90306821 DTXSID40310256 DTXSID30481989 DTXSID60341123 DTXSID70834470 DTXSID60228324 DTXSID10831741 DTXSID80323385 DTXSID90209803 DTXSID90790605 DTXSID60786631 DTXSID80735383
DTXSID40896727	DTXSID20284688 DTXSID50704006 DTXSID90387731 DTXSID70585475 DTXSID10303817 DTXSID50615385 DTXSID80722556 DTXSID60550516 DTXSID80647376 DTXSID10377573 DTXSID30816914 DTXSID70640932 DTXSID50161635 DTXSID20376158 DTXSID90161639 DTXSID20188935 DTXSID50660254 DTXSID20733565 DTXSID50853169 DTXSID10143472
DTXSID10371152	DTXSID10345131 DTXSID60454621 DTXSID50744341 DTXSID20278062 DTXSID40443371 DTXSID20718317 DTXSID50848459 DTXSID1044932 DTXSID40358815 DTXSID60155343 DTXSID50462957 DTXSID20222383 DTXSID80438847 DTXSID50375432 DTXSID70883463 DTXSID30405488 DTXSID20572759 DTXSID00614904 DTXSID90235405 DTXSID40819113
DTXSID10282310	DTXSID00528158 DTXSID90156823 DTXSID30505336 DTXSID50206878 DTXSID50546887 DTXSID90354120 DTXSID70749176 DTXSID20668222 DTXSID10564764 DTXSID60284147 DTXSID90292093 DTXSID60583001 DTXSID00701106 DTXSID20655894 DTXSID70613904 DTXSID80627991 DTXSID70857280 DTXSID40528152 DTXSID60358175 DTXSID40321322
DTXSID10669208	DTXSID60493474 DTXSID80452745 DTXSID40721469 DTXSID90557811 DTXSID20716575 DTXSID60465696 DTXSID30301279 DTXSID70177915 DTXSID10577576 DTXSID30454996 DTXSID40577867 DTXSID50507099 DTXSID20455750 DTXSID10206172 DTXSID80633077 DTXSID90462032 DTXSID10530126 DTXSID80553706 DTXSID50395812 DTXSID70768463
DTXSID00145324	DTXSID00428720 DTXSID00706792 DTXSID70623987 DTXSID70359411 DTXSID20528397 DTXSID90561074 DTXSID50604052 DTXSID80616800 DTXSID30541572 DTXSID60579661 DTXSID00818667 DTXSID60778778 DTXSID30589575 DTXSID60876900 DTXSID80809139 DTXSID00162036 DTXSID70670577 DTXSID80343765 DTXSID90215565 DTXSID00598513
DTXSID10818299	DTXSID10544465 DTXSID90487604 DTXSID90784241 DTXSID20340096 DTXSID60184971 DTXSID00763380 DTXSID30302286 DTXSID10500324 DTXSID70604958 DTXSID00391541 DTXSID20341866 DTXSID30737771 DTXSID40492324 DTXSID20431170 DTXSID10838811 DTXSID70460152 DTXSID80169801 DTXSID90755951 DTXSID70190260 DTXSID40534915
DTXSID70589791	DTXSID30342460 DTXSID90613002 DTXSID30725633 DTXSID30848593 DTXSID10223001 DTXSID80288586 DTXSID50328963 DTXSID40579149 DTXSID10794382 DTXSID40641996 DTXSID40357808 DTXSID70224155 DTXSID10455784 DTXSID90237247 DTXSID8032675 DTXSID50512103 DTXSID30318428 DTXSID90649664 DTXSID9048194 DTXSID40504198
DTXSID50596746	DTXSID50604173 DTXSID30306426 DTXSID40415917 DTXSID60707361 DTXSID70478257 DTXSID20324518 DTXSID60615215 DTXSID8024787 DTXSID80457932 DTXSID10749579 DTXSID3068592 DTXSID80373744 DTXSID80686346 DTXSID40832084 DTXSID10340949 DTXSID00720635 DTXSID50274133 DTXSID60641014 DTXSID10280790 DTXSID20372933
DTXSID10733817	DTXSID80531423 DTXSID70733176 DTXSID90334149 DTXSID40833839 DTXSID70457305 DTXSID90509214 DTXSID20363886 DTXSID10302946 DTXSID10699207 DTXSID70517256 DTXSID20630782 DTXSID40581323 DTXSID40711103 DTXSID30575872 DTXSID00597642 DTXSID00579281 DTXSID80844106 DTXSID50340948 DTXSID90446897 DTXSID50853381
DTXSID70427821	DTXSID90532289 DTXSID90791516 DTXSID00505101 DTXSID80675154 DTXSID80195726 DTXSID90504401 DTXSID90150427 DTXSID20737386 DTXSID50415004 DTXSID30739694 DTXSID70723456 DTXSID30433105 DTXSID00628521 DTXSID40797841 DTXSID10876293 DTXSID70283207 DTXSID00681590 DTXSID40874106 DTXSID70189210 DTXSID50186702
DTXSID10361513	DTXSID60233812 DTXSID10626018 DTXSID20216666 DTXSID40311142 DTXSID80224782 DTXSID10528381 DTXSID50776829 DTXSID70494230 DTXSID40404280 DTXSID30708643 DTXSID10609765 DTXSID20642128 DTXSID30173276 DTXSID60542335 DTXSID40509623 DTXSID50452131 DTXSID80292683 DTXSID30572083 DTXSID50392285 DTXSID40507644
DTXSID80686346	DTXSID00720635 DTXSID8024787 DTXSID10454010 DTXSID60641014 DTXSID50604173 DTXSID30306426 DTXSID30855949 DTXSID70478257 DTXSID20361488 DTXSID50596746 DTXSID10749579 DTXSID10672237 DTXSID80733804 DTXSID10340949 DTXSID30789876 DTXSID20192491 DTXSID20372933 DTXSID60707361 DTXSID10280790 DTXSID80373744
DTXSID30642078	DTXSID60492366 DTXSID80725148 DTXSID20342757 DTXSID40165465 DTXSID50632779 DTXSID00725569 DTXSID10189517 DTXSID50803285 DTXSID60807198 DTXSID80694683 DTXSID50478391 DTXSID10343415 DTXSID30805005 DTXSID00618124 DTXSID40344319 DTXSID30180309 DTXSID40675519 DTXSID80458641 DTXSID10166661 DTXSID20652828
DTXSID10439620	DTXSID50460438 DTXSID30709812 DTXSID00445639 DTXSID30596148 DTXSID70182509 DTXSID20495555 DTXSID40395861 DTXSID90693223 DTXSID70333175 DTXSID20307866 DTXSID40324499 DTXSID10443666 DTXSID60417812 DTXSID00720559 DTXSID50576785 DTXSID90339295 DTXSID30456915 DTXSID90501531 DTXSID00679558 DTXSID40521749
DTXSID40285339	DTXSID60712218 DTXSID70404955 DTXSID20752594 DTXSID70424719 DTXSID50524701 DTXSID80531529 DTXSID30485028 DTXSID00182673 DTXSID50474550 DTXSID40474524 DTXSID60396471 DTXSID50625101 DTXSID00282965 DTXSID60829451 DTXSID00453451 DTXSID80744117 DTXSID80338176 DTXSID70402698 DTXSID90388561 DTXSID20353681
DTXSID80599947	DTXSID70765270 DTXSID70234370 DTXSID80221812 DTXSID80151569 DTXSID00886881 DTXSID90158322 DTXSID50154805 DTXSID80792077 DTXSID30815164 DTXSID40555266 DTXSID80327409 DTXSID30893008 DTXSID90160344 DTXSID70467883 DTXSID30660373 DTXSID60611979 DTXSID60886165 DTXSID20217653 DTXSID60489953 DTXSID80723124
DTXSID70276634	DTXSID90477409 DTXSID20722510 DTXSID7073486 DTXSID70877089 DTXSID10482636 DTXSID60716493 DTXSID30757070 DTXSID30419065 DTXSID20509883 DTXSID90590243 DTXSID00225771 DTXSID50174083 DTXSID50728005 DTXSID50527777 DTXSID00186636 DTXSID50395812 DTXSID70297602 DTXSID80553706 DTXSID00346738 DTXSID80601110
DTXSID50174189	DTXSID00568731 DTXSID50509992 DTXSID00856766 DTXSID70375095 DTXSID40529149 DTXSID6023315 DTXSID40814724 DTXSID80619876 DTXSID30625664 DTXSID40674724 DTXSID50467003 DTXSID60875736 DTXSID30291308 DTXSID10710663 DTXSID80553342 DTXSID00223095 DTXSID00597940 DTXSID40570439 DTXSID60768134 DTXSID20700217
DTXSID70886191	DTXSID70523034 DTXSID40312371 DTXSID40818282 DTXSID50550262 DTXSID80763949 DTXSID20477619 DTXSID60634906 DTXSID50280032 DTXSID00303649 DTXSID50496818 DTXSID70438179 DTXSID80820329 DTXSID80774196 DTXSID0069915 DTXSID20780913 DTXSID20462722 DTXSID50640399 DTXSID70474259 DTXSID70734305 DTXSID10818517
DTXSID70614431	DTXSID80305424 DTXSID70232093 DTXSID70527118 DTXSID80506439 DTXSID10163594 DTXSID70526065 DTXSID40316117 DTXSID40460846 DTXSID70192805 DTXSID20703682 DTXSID40815675 DTXSID10499269 DTXSID30378148 DTXSID50469906 DTXSID80506277 DTXSID60333109 DTXSID70323197 DTXSID60425230 DTXSID50521457 DTXSID20629777
DTXSID20475594	DTXSID40289256 DTXSID00842240 DTXSID30434511 DTXSID90334321 DTXSID90178843 DTXSID80800126 DTXSID30823264 DTXSID70333716 DTXSID80346155 DTXSID8047717 DTXSID50816779 DTXSID50621542 DTXSID90406638 DTXSID90490996 DTXSID90561074 DTXSID60290364 DTXSID10440059 DTXSID40606005 DTXSID90665021 DTXSID10504807
DTXSID0041773	DTXSID70613267 DTXSID10511314 DTXSID10856212 DTXSID40195106 DTXSID00823892 DTXSID80580734 DTXSID00468540 DTXSID50186363 DTXSID50605887 DTXSID20580733 DTXSID70177935 DTXSID40319300 DTXSID40398938 DTXSID30661047 DTXSID20629893 DTXSID80791540 DTXSID70666536 DTXSID10177934 DTXSID50497865 DTXSID9021394
DTXSID00887994	DTXSID50712227 DTXSID10561910 DTXSID70783414 DTXSID00282965 DTXSID0064672 DTXSID00603050 DTXSID40334154 DTXSID70402698 DTXSID80397324 DTXSID80470489 DTXSID00667551 DTXSID20752594 DTXSID7051686 DTXSID40384679 DTXSID70404955 DTXSID60327528 DTXSID80434162 DTXSID50524701 DTXSID30578828 DTXSID80531529
DTXSID10610614	DTXSID50549550 DTXSID50228333 DTXSID70365476 DTXSID30482714 DTXSID80408227 DTXSID90204035 DTXSID30400852 DTXSID70843961 DTXSID80632282 DTXSID30681826 DTXSID40352752 DTXSID80525382 DTXSID30625841 DTXSID50290232 DTXSID00304292 DTXSID30322782 DTXSID60464760 DTXSID90354903 DTXSID40664842 DTXSID30616294
DTXSID70562423	DTXSID70514886 DTXSID40180658 DTXSID80678180 DTXSID60804228 DTXSID30886233 DTXSID80640842 DTXSID80276584 DTXSID40145843 DTXSID40551263 DTXSID80352251 DTXSID70773471 DTXSID40314517 DTXSID30514887 DTXSID30743135 DTXSID70876870 DTXSID10442876 DTXSID80443759 DTXSID10667143 DTXSID90774102 DTXSID30752702
DTXSID5067500	DTXSID80646122 DTXSID10833987 DTXSID20876805 DTXSID60896542 DTXSID40341469 DTXSID30322904 DTXSID30298938 DTXSID60733827 DTXSID80633057 DTXSID20819292 DTXSID1024752 DTXSID60829355 DTXSID20368533 DTXSID80785949 DTXSID90508585 DTXSID70542503 DTXSID80476729 DTXSID20697678 DTXSID10157079 DTXSID30725613
DTXSID50180326	DTXSID80416549 DTXSID70325696 DTXSID80326134 DTXSID80812845 DTXSID80845794 DTXSID20821077 DTXSID20317288 DTXSID90668471 DTXSID90706903 DTXSID60559382 DTXSID50240651 DTXSID50729870 DTXSID90309635 DTXSID50727078 DTXSID60760855 DTXSID00846006 DTXSID30228250 DTXSID9074642 DTXSID00307223 DTXSID80681634
DTXSID20832224	DTXSID40468084 DTXSID90722587 DTXSID30368908 DTXSID30797451 DTXSID00429333 DTXSID30809003 DTXSID00165648 DTXSID90422898 DTXSID00326035 DTXSID20155783 DTXSID20306273 DTXSID40630966 DTXSID50748066 DTXSID70886212 DTXSID30717058 DTXSID20294181 DTXSID30823229 DTXSID10294832 DTXSID00618321 DTXSID70506807
DTXSID40314517	DTXSID80276584 DTXSID90774102 DTXSID60804228 DTXSID30202232 DTXSID30514887 DTXSID70562423 DTXSID30743135 DTXSID40180658 DTXSID70514886 DTXSID80678180 DTXSID00782258 DTXSID10667143 DTXSID80443759 DTXSID10597638 DTXSID70437263 DTXSID30886233 DTXSID40852085 DTXSID70873607 DTXSID80640842 DTXSID60457672
DTXSID60844023	DTXSID50797539 DTXSID90443846 DTXSID80658548 DTXSID40455535 DTXSID20172399 DTXSID00470865 DTXSID40208886 DTXSID60798678 DTXSID40243015 DTXSID60815738 DTXSID10177015 DTXSID70562362 DTXSID00552832 DTXSID30620179 DTXSID90809145 DTXSID80851471 DTXSID0073110 DTXSID40420900 DTXSID40762115 DTXSID90148864
DTXSID50846970	DTXSID70826239 DTXSID90788825 DTXSID30627507 DTXSID40574457 DTXSID90489385 DTXSID00758317 DTXSID20213736 DTXSID60640800 DTXSID30588169 DTXSID80199320 DTXSID20380033 DTXSID20445999 DTXSID70513854 DTXSID70606538 DTXSID70756441 DTXSID40435251 DTXSID80341241 DTXSID50152846 DTXSID40697812 DTXSID60405779
DTXSID80451430	DTXSID30645342 DTXSID70736561 DTXSID70672475 DTXSID30389739 DTXSID1072260 DTXSID50638155 DTXSID70674474 DTXSID80679632 DTXSID30186765 DTXSID40279359 DTXSID10174761 DTXSID20462242 DTXSID60729821 DTXSID90474150 DTXSID80724631 DTXSID10440756 DTXSID10219323 DTXSID80664260 DTXSID40297356 DTXSID70283207
DTXSID60658369	DTXSID70582525 DTXSID20877337 DTXSID50733073 DTXSID50668230 DTXSID60806661 DTXSID90524068 DTXSID80287832 DTXSID10518727 DTXSID2026602 DTXSID60640047 DTXSID2040280 DTXSID30526586 DTXSID50696336 DTXSID20544931 DTXSID10700029 DTXSID20793508 DTXSID40228701 DTXSID00719160 DTXSID30437547 DTXSID40749587
DTXSID9048194	DTXSID70382744 DTXSID30318428 DTXSID60396471 DTXSID10794382 DTXSID60203318 DTXSID8032675 DTXSID50421261 DTXSID1058004 DTXSID90613002 DTXSID90649664 DTXSID30342460 DTXSID80561528 DTXSID70589791 DTXSID40357808 DTXSID20406161 DTXSID40474524 DTXSID00442784 DTXSID40504198 DTXSID10223001 DTXSID60829451
DTXSID60195325	DTXSID80646627 DTXSID70658234 DTXSID20168616 DTXSID90405606 DTXSID80727324 DTXSID00190172 DTXSID40646461 DTXSID70355690 DTXSID40677533 DTXSID60671937 DTXSID80377949 DTXSID40626425 DTXSID6044858 DTXSID50729193 DTXSID80718853 DTXSID40618345 DTXSID50733639 DTXSID30555654 DTXSID10397478 DTXSID70650152
DTXSID70667260	DTXSID40885595 DTXSID00501709 DTXSID90741551 DTXSID70606674 DTXSID80618687 DTXSID30770906 DTXSID00489119 DTXSID00408825 DTXSID20740911 DTXSID10803882 DTXSID40591346 DTXSID50455440 DTXSID50682239 DTXSID50278717 DTXSID50277740 DTXSID70835068 DTXSID60344396 DTXSID50354606 DTXSID90763758 DTXSID90845265
DTXSID00707800	DTXSID90164640 DTXSID90242250 DTXSID20765669 DTXSID00508677 DTXSID00673753 DTXSID70751153 DTXSID50451407 DTXSID60744251 DTXSID30524481 DTXSID90222719 DTXSID20522476 DTXSID20315027 DTXSID70554621 DTXSID90394783 DTXSID30847288 DTXSID20393587 DTXSID70619608 DTXSID00745368 DTXSID3073719 DTXSID40195484
DTXSID30242911	DTXSID70358808 DTXSID00399320 DTXSID90321837 DTXSID10537195 DTXSID70445343 DTXSID30190943 DTXSID60675511 DTXSID90507013 DTXSID20721068 DTXSID60720717 DTXSID00542450 DTXSID70470251 DTXSID50816810 DTXSID60546777 DTXSID00368516 DTXSID3063095 DTXSID50879561 DTXSID00879551 DTXSID10712182 DTXSID60856924
DTXSID40483015	DTXSID20840329 DTXSID60463576 DTXSID50234378 DTXSID90407807 DTXSID90711173 DTXSID70720485 DTXSID60772473 DTXSID70557152 DTXSID50752865 DTXSID80793680 DTXSID70471960 DTXSID80232084 DTXSID30786582 DTXSID60715789 DTXSID50820432 DTXSID30778609 DTXSID10431745 DTXSID90292492 DTXSID60236282 DTXSID50239186
DTXSID50515836	DTXSID80598016 DTXSID30480932 DTXSID80733763 DTXSID80565980 DTXSID10477784 DTXSID40499454 DTXSID20857497 DTXSID30462975 DTXSID20579162 DTXSID70302644 DTXSID20556857 DTXSID30734407 DTXSID70455785 DTXSID00646467 DTXSID50803285 DTXSID50726783 DTXSID60630226 DTXSID90515835 DTXSID10470013 DTXSID20457279
DTXSID30543410	DTXSID20741069 DTXSID70242536 DTXSID80468609 DTXSID10822679 DTXSID00793728 DTXSID70233808 DTXSID00699514 DTXSID80546739 DTXSID20280781 DTXSID50737490 DTXSID80705607 DTXSID30191576 DTXSID20341664 DTXSID70346765 DTXSID60826960 DTXSID60711882 DTXSID30827388 DTXSID80278447 DTXSID10783832 DTXSID40647397
DTXSID50767873	DTXSID80876523 DTXSID50340165 DTXSID40504491 DTXSID30733071 DTXSID10584427 DTXSID70724044 DTXSID70664895 DTXSID90519474 DTXSID70466078 DTXSID20533542 DTXSID60813077 DTXSID00588454 DTXSID20740911 DTXSID90486990 DTXSID40446064 DTXSID50586107 DTXSID80470161 DTXSID30770906 DTXSID00489119 DTXSID80782413
DTXSID00154815	DTXSID50659820 DTXSID50350724 DTXSID80481954 DTXSID20799641 DTXSID70589332 DTXSID80397783 DTXSID20424946 DTXSID90317432 DTXSID70395576 DTXSID30758224 DTXSID50181954 DTXSID20316332 DTXSID20448384 DTXSID40734716 DTXSID90344400 DTXSID80737281 DTXSID30509238 DTXSID10167355 DTXSID40855399 DTXSID70157833
DTXSID50293203	DTXSID30828774 DTXSID10189714 DTXSID40796495 DTXSID40399561 DTXSID50705750 DTXSID10556700 DTXSID60192233 DTXSID80753941 DTXSID10497361 DTXSID00468308 DTXSID60818047 DTXSID80889294 DTXSID50234914 DTXSID50563231 DTXSID10640895 DTXSID40823058 DTXSID4066414 DTXSID50855769 DTXSID3022168 DTXSID40207955
DTXSID70224155	DTXSID30848593 DTXSID00810702 DTXSID40641996 DTXSID50383330 DTXSID70894756 DTXSID30303798 DTXSID80288586 DTXSID10794382 DTXSID20742031 DTXSID70589791 DTXSID00738654 DTXSID10223001 DTXSID90613002 DTXSID8032675 DTXSID90649664 DTXSID00355729 DTXSID50512103 DTXSID90768723 DTXSID00725468 DTXSID40504198
DTXSID40790690	DTXSID30625700 DTXSID60621331 DTXSID90487321 DTXSID10596601 DTXSID10453169 DTXSID00517608 DTXSID90672093 DTXSID10570168 DTXSID60517609 DTXSID70782987 DTXSID80427877 DTXSID20443697 DTXSID40669211 DTXSID80498486 DTXSID60599107 DTXSID50663326 DTXSID40549928 DTXSID3044918 DTXSID50853725 DTXSID00440467
DTXSID60315304	DTXSID40470283 DTXSID40143001 DTXSID1051692 DTXSID00815070 DTXSID90675241 DTXSID60694484 DTXSID70392702 DTXSID90737919 DTXSID00885839 DTXSID60886165 DTXSID30660373 DTXSID10165497 DTXSID00563862 DTXSID40303729 DTXSID30616532 DTXSID80737983 DTXSID70280034 DTXSID40431657 DTXSID70356581 DTXSID70855069
DTXSID50679149	DTXSID70394983 DTXSID50447183 DTXSID00401058 DTXSID20874164 DTXSID80822181 DTXSID00481577 DTXSID40608761 DTXSID50824511 DTXSID70381358 DTXSID00488329 DTXSID50616039 DTXSID00484361 DTXSID40406567 DTXSID70709755 DTXSID10790682 DTXSID60707962 DTXSID00855931 DTXSID30505255 DTXSID00745404 DTXSID10557297
DTXSID90521855	DTXSID40737303 DTXSID90301679 DTXSID70891588 DTXSID20802265 DTXSID10148321 DTXSID60714878 DTXSID80291373 DTXSID80879473 DTXSID90163234 DTXSID40809650 DTXSID10354788 DTXSID70318765 DTXSID10830875 DTXSID70373576 DTXSID80588038 DTXSID20279130 DTXSID00566070 DTXSID50628091 DTXSID70538885 DTXSID40393488
DTXSID10287204	DTXSID90473567 DTXSID40293717 DTXSID30662913 DTXSID50526447 DTXSID10296831 DTXSID00614161 DTXSID20585788 DTXSID00420845 DTXSID10459065 DTXSID40726878 DTXSID20207695 DTXSID70647749 DTXSID70561315 DTXSID00312019 DTXSID80208966 DTXSID50533277 DTXSID50593492 DTXSID50846839 DTXSID00495098 DTXSID10659624
DTXSID60519360	DTXSID3061920 DTXSID40143485 DTXSID60697410 DTXSID50497966 DTXSID60428307 DTXSID80668768 DTXSID40682127 DTXSID40693334 DTXSID30332861 DTXSID70836550 DTXSID20212729 DTXSID30870975 DTXSID10214196 DTXSID90145474 DTXSID40392951 DTXSID40615793 DTXSID50698456 DTXSID20200787 DTXSID00534895 DTXSID40844809
DTXSID60353524	DTXSID40169908 DTXSID00587649 DTXSID10645249 DTXSID50427167 DTXSID90570505 DTXSID50675065 DTXSID00663412 DTXSID20545105 DTXSID80879711 DTXSID80703825 DTXSID50893606 DTXSID20598570 DTXSID6067549 DTXSID80594755 DTXSID20450083 DTXSID30314804 DTXSID80653437 DTXSID20651159 DTXSID30708168 DTXSID60587786
DTXSID70220874	DTXSID40586070 DTXSID80670260 DTXSID10348884 DTXSID70445949 DTXSID00520839 DTXSID80661133 DTXSID70291387 DTXSID60655318 DTXSID50384160 DTXSID60802643 DTXSID20738530 DTXSID90661048 DTXSID90827602 DTXSID10592880 DTXSID70542583 DTXSID30468391 DTXSID70243846 DTXSID40710035 DTXSID50472117 DTXSID80801219
DTXSID10713593	DTXSID50727174 DTXSID90307398 DTXSID50496494 DTXSID20671716 DTXSID40545728 DTXSID70599118 DTXSID3057692 DTXSID10375655 DTXSID60675071 DTXSID80453838 DTXSID80712533 DTXSID20206103 DTXSID20298200 DTXSID10180923 DTXSID00669237 DTXSID50464411 DTXSID70463027 DTXSID30638613 DTXSID30372484 DTXSID40374050
DTXSID10681824	DTXSID20370833 DTXSID20541122 DTXSID80635137 DTXSID90409028 DTXSID30543314 DTXSID90191012 DTXSID50494697 DTXSID00192999 DTXSID20422326 DTXSID00197560 DTXSID30740462 DTXSID00490346 DTXSID30607723 DTXSID40293651 DTXSID40335101 DTXSID70601548 DTXSID30791313 DTXSID90401582 DTXSID00501441 DTXSID60396875
DTXSID70646277	DTXSID00843535 DTXSID30363392 DTXSID30618738 DTXSID60590174 DTXSID60561703 DTXSID90381971 DTXSID50739292 DTXSID70725576 DTXSID30739831 DTXSID50727371 DTXSID30621202 DTXSID10422234 DTXSID10695087 DTXSID80696900 DTXSID70616435 DTXSID60716675 DTXSID40292366 DTXSID00464143 DTXSID80499195 DTXSID90676672
DTXSID60804228	DTXSID70514886 DTXSID80678180 DTXSID70562423 DTXSID40180658 DTXSID10667143 DTXSID40314517 DTXSID90774102 DTXSID30752702 DTXSID40145843 DTXSID80276584 DTXSID40551263 DTXSID00782258 DTXSID30886233 DTXSID70873607 DTXSID70773471 DTXSID30202232 DTXSID30514887 DTXSID80640842 DTXSID80443759 DTXSID10416330
DTXSID60221411	DTXSID80367921 DTXSID40308693 DTXSID30144305 DTXSID20301783 DTXSID80369627 DTXSID10712889 DTXSID50153176 DTXSID50218416 DTXSID20327009 DTXSID40773983 DTXSID80237675 DTXSID60875877 DTXSID80442686 DTXSID80324357 DTXSID10494052 DTXSID20798412 DTXSID30280515 DTXSID50441787 DTXSID10199636 DTXSID80631275
DTXSID40669115	DTXSID70469908 DTXSID30226478 DTXSID80351481 DTXSID10303695 DTXSID30167650 DTXSID80291373 DTXSID30717210 DTXSID70373576 DTXSID50400490 DTXSID20793821 DTXSID00876287 DTXSID7070769 DTXSID50628091 DTXSID60734490 DTXSID50361411 DTXSID10148321 DTXSID70318765 DTXSID30708168 DTXSID20815799 DTXSID90598229
DTXSID20370398	DTXSID10877629 DTXSID30825243 DTXSID90797093 DTXSID00439250 DTXSID50377476 DTXSID90177598 DTXSID40190999 DTXSID90668794 DTXSID20442807 DTXSID90398428 DTXSID60787562 DTXSID20697451 DTXSID40397845 DTXSID00774698 DTXSID30541254 DTXSID30867724 DTXSID6048888 DTXSID70670234 DTXSID80760271 DTXSID60795809
DTXSID70477947	DTXSID30325278 DTXSID40682364 DTXSID80637257 DTXSID80456728 DTXSID10661722 DTXSID80877338 DTXSID00678208 DTXSID90179991 DTXSID10212011 DTXSID00802182 DTXSID70759654 DTXSID0024266 DTXSID5070232 DTXSID10788827 DTXSID90796884 DTXSID30819304 DTXSID40382812 DTXSID10518727 DTXSID50767131 DTXSID50694498
DTXSID80598016	DTXSID50515836 DTXSID80733763 DTXSID30480932 DTXSID30734407 DTXSID80565980 DTXSID70302644 DTXSID10238817 DTXSID20545827 DTXSID90515835 DTXSID20556857 DTXSID40646289 DTXSID50803285 DTXSID10477784 DTXSID60492366 DTXSID60630226 DTXSID30462975 DTXSID40165465 DTXSID20857497 DTXSID80694683 DTXSID40499454
DTXSID60524373	DTXSID90300667 DTXSID60318532 DTXSID00362579 DTXSID10363552 DTXSID00393560 DTXSID80640544 DTXSID70480092 DTXSID00895933 DTXSID3068126 DTXSID40454326 DTXSID10597653 DTXSID20288681 DTXSID60621912 DTXSID70288277 DTXSID90178368 DTXSID70589478 DTXSID90733219 DTXSID40207819 DTXSID90340548 DTXSID30874115
DTXSID40464728	DTXSID70655440 DTXSID70676812 DTXSID60876849 DTXSID80536458 DTXSID20812723 DTXSID20596511 DTXSID00649796 DTXSID20476965 DTXSID30217881 DTXSID20158431 DTXSID80364915 DTXSID10888412 DTXSID00801993 DTXSID90767615 DTXSID30185571 DTXSID1020770 DTXSID80173943 DTXSID30207606 DTXSID70502324 DTXSID00420305
DTXSID40482427	DTXSID30363079 DTXSID00623359 DTXSID10642192 DTXSID60372553 DTXSID90578703 DTXSID90379934 DTXSID60501962 DTXSID90454937 DTXSID30854210 DTXSID60227615 DTXSID80604328 DTXSID60665472 DTXSID10357037 DTXSID40722214 DTXSID10560963 DTXSID90707556 DTXSID70572300 DTXSID90506566 DTXSID00557044 DTXSID90580922
DTXSID90457963	DTXSID00839498 DTXSID70556342 DTXSID10278713 DTXSID90875966 DTXSID10160386 DTXSID70623684 DTXSID40167969 DTXSID70879543 DTXSID60554776 DTXSID60358195 DTXSID40237176 DTXSID00846006 DTXSID80349606 DTXSID80279772 DTXSID40405393 DTXSID90550105 DTXSID60559382 DTXSID90668471 DTXSID20327024 DTXSID50729870
DTXSID90884376	DTXSID20427937 DTXSID90154602 DTXSID30876412 DTXSID50594348 DTXSID60813572 DTXSID40287813 DTXSID00645374 DTXSID90510688 DTXSID30532480 DTXSID20879154 DTXSID50595274 DTXSID00649796 DTXSID50481325 DTXSID60502116 DTXSID80295957 DTXSID60876849 DTXSID40640121 DTXSID30202378 DTXSID30445344 DTXSID70678917
DTXSID70780645	DTXSID40657259 DTXSID70593353 DTXSID70834910 DTXSID90434618 DTXSID70392328 DTXSID70665004 DTXSID30321194 DTXSID20875878 DTXSID60545866 DTXSID40352676 DTXSID50565290 DTXSID40214669 DTXSID60299094 DTXSID60305467 DTXSID20441052 DTXSID40513644 DTXSID20564316 DTXSID10739596 DTXSID10313537 DTXSID70291064
DTXSID40283895	DTXSID60545649 DTXSID8067105 DTXSID10241220 DTXSID10475826 DTXSID70641227 DTXSID60752593 DTXSID1023447 DTXSID00340756 DTXSID30471305 DTXSID5060726 DTXSID00345867 DTXSID30285782 DTXSID30173534 DTXSID20565449 DTXSID00781766 DTXSID20849418 DTXSID80633774 DTXSID50492532 DTXSID40223857 DTXSID10776421
DTXSID30505255	DTXSID90780066 DTXSID40406567 DTXSID70826658 DTXSID50312665 DTXSID30708643 DTXSID70495707 DTXSID80822181 DTXSID70705772 DTXSID80664785 DTXSID10528381 DTXSID70494230 DTXSID20401419 DTXSID70394983 DTXSID90646759 DTXSID90548921 DTXSID80666542 DTXSID40187829 DTXSID50368506 DTXSID90362083 DTXSID10366846
DTXSID20144556	DTXSID20287831 DTXSID70159913 DTXSID60812121 DTXSID80613657 DTXSID80878082 DTXSID10509216 DTXSID90462451 DTXSID80311045 DTXSID40279031 DTXSID20320999 DTXSID80612544 DTXSID50569758 DTXSID00778656 DTXSID60842620 DTXSID60566011 DTXSID10341658 DTXSID5026548 DTXSID80763020 DTXSID00281615 DTXSID50791274
DTXSID00406523	DTXSID20808020 DTXSID70537510 DTXSID30424634 DTXSID00720110 DTXSID50640314 DTXSID00442784 DTXSID8068171 DTXSID90284832 DTXSID80561528 DTXSID50783876 DTXSID40775609 DTXSID90877304 DTXSID30332528 DTXSID90237247 DTXSID10378500 DTXSID50328963 DTXSID40343468 DTXSID60203318 DTXSID50813501 DTXSID10364529
DTXSID20145200	DTXSID40296046 DTXSID80892809 DTXSID50580983 DTXSID60762319 DTXSID90567930 DTXSID90553656 DTXSID00483778 DTXSID20346755 DTXSID90734084 DTXSID10502308 DTXSID40356538 DTXSID40481576 DTXSID30402492 DTXSID80212043 DTXSID90453768 DTXSID50277442 DTXSID90824055 DTXSID00162071 DTXSID30767674 DTXSID90696310
DTXSID20581644	DTXSID10455784 DTXSID10280755 DTXSID40579149 DTXSID30725633 DTXSID30506707 DTXSID70639144 DTXSID40460886 DTXSID20353681 DTXSID00887636 DTXSID60671553 DTXSID90388561 DTXSID60829451 DTXSID60876965 DTXSID20406161 DTXSID40357808 DTXSID30663066 DTXSID30342460 DTXSID30651201 DTXSID50315570 DTXSID50512103
DTXSID50808356	DTXSID70848471 DTXSID40622548 DTXSID40180118 DTXSID30383914 DTXSID80230045 DTXSID70191530 DTXSID00570430 DTXSID40741081 DTXSID80557643 DTXSID00645617 DTXSID20656245 DTXSID40645570 DTXSID70737457 DTXSID50425981 DTXSID70657702 DTXSID40430408 DTXSID50415544 DTXSID70424335 DTXSID70456873 DTXSID90668739
DTXSID80781800	DTXSID00160890 DTXSID70283000 DTXSID2058122 DTXSID20211873 DTXSID20299055 DTXSID40220346 DTXSID70673129 DTXSID90743631 DTXSID70621488 DTXSID80579724 DTXSID20421218 DTXSID7069023 DTXSID10294857 DTXSID30294495 DTXSID00343121 DTXSID30707813 DTXSID40828008 DTXSID20163666 DTXSID60289112 DTXSID20312091
DTXSID30369379	DTXSID00766412 DTXSID70439989 DTXSID00351221 DTXSID60822144 DTXSID9068378 DTXSID20400745 DTXSID50462472 DTXSID30551136 DTXSID40430185 DTXSID30614275 DTXSID90473840 DTXSID90655745 DTXSID3046166 DTXSID70405624 DTXSID30483862 DTXSID50757350 DTXSID00487938 DTXSID80322656 DTXSID00481779 DTXSID60422946
DTXSID00357142	DTXSID40504178 DTXSID20640220 DTXSID70291822 DTXSID70740461 DTXSID80743286 DTXSID60432868 DTXSID20801152 DTXSID30438498 DTXSID80392859 DTXSID40511105 DTXSID70603769 DTXSID90179198 DTXSID20569260 DTXSID70499624 DTXSID40640606 DTXSID8046791 DTXSID00423917 DTXSID10160907 DTXSID50561439 DTXSID10724700
DTXSID10790682	DTXSID50616039 DTXSID00484361 DTXSID20401419 DTXSID60707962 DTXSID00521083 DTXSID70394983 DTXSID60574717 DTXSID90646759 DTXSID40608761 DTXSID70826658 DTXSID80760438 DTXSID90780066 DTXSID50679149 DTXSID10297702 DTXSID50505434 DTXSID40406567 DTXSID30505255 DTXSID90234635 DTXSID90388102 DTXSID80822181
DTXSID10169758	DTXSID60598918 DTXSID90405585 DTXSID10494193 DTXSID50761275 DTXSID80640443 DTXSID90657865 DTXSID60803872 DTXSID20417959 DTXSID7041625 DTXSID90205587 DTXSID20758435 DTXSID70283222 DTXSID70369696 DTXSID70668075 DTXSID40357580 DTXSID70174964 DTXSID30309654 DTXSID30313635 DTXSID70303297 DTXSID80879397
DTXSID70653901	DTXSID30284199 DTXSID60593347 DTXSID60383760 DTXSID3063417 DTXSID20522017 DTXSID50429722 DTXSID10557050 DTXSID60145820 DTXSID50677448 DTXSID00145980 DTXSID80676848 DTXSID40699437 DTXSID90879368 DTXSID10299009 DTXSID60285497 DTXSID70680272 DTXSID10573876 DTXSID90300187 DTXSID00158752 DTXSID40623939
DTXSID40503843	DTXSID10794029 DTXSID50696972 DTXSID80809139 DTXSID80290523 DTXSID80673756 DTXSID00236589 DTXSID00600140 DTXSID90543810 DTXSID10393859 DTXSID7067401 DTXSID30342248 DTXSID70751774 DTXSID00564713 DTXSID90441701 DTXSID40191628 DTXSID50165719 DTXSID20797743 DTXSID20832421 DTXSID10569991 DTXSID30304306
DTXSID30510329	DTXSID90359377 DTXSID10352582 DTXSID10580808 DTXSID10334005 DTXSID80808208 DTXSID40819592 DTXSID70580809 DTXSID20580571 DTXSID40722613 DTXSID80478086 DTXSID10594844 DTXSID00524615 DTXSID70571818 DTXSID10528402 DTXSID90470930 DTXSID70837481 DTXSID00635816 DTXSID70789032 DTXSID10525618 DTXSID70675643
DTXSID70439227	DTXSID10488012 DTXSID10755897 DTXSID10432691 DTXSID00710657 DTXSID40695111 DTXSID70519199 DTXSID60675475 DTXSID40326736 DTXSID50328600 DTXSID60757588 DTXSID80795366 DTXSID20423499 DTXSID50559694 DTXSID30849888 DTXSID00653050 DTXSID20509929 DTXSID00708473 DTXSID40786316 DTXSID30542463 DTXSID00771248
DTXSID70734123	DTXSID20380033 DTXSID70513854 DTXSID10170304 DTXSID1066786 DTXSID30627507 DTXSID30418073 DTXSID30460875 DTXSID20403231 DTXSID60640800 DTXSID20336196 DTXSID20445999 DTXSID00421433 DTXSID30635122 DTXSID90407241 DTXSID30556343 DTXSID40829530 DTXSID50335233 DTXSID90788825 DTXSID40697812 DTXSID00837035
DTXSID60874764	DTXSID10218654 DTXSID40823513 DTXSID40874762 DTXSID40333127 DTXSID40823497 DTXSID80773083 DTXSID90155270 DTXSID30851507 DTXSID90162823 DTXSID40201938 DTXSID70300044 DTXSID40837933 DTXSID10166383 DTXSID80142896 DTXSID60152170 DTXSID40469056 DTXSID00454862 DTXSID40156575 DTXSID40471876 DTXSID5058199
DTXSID90611083	DTXSID80338510 DTXSID20171206 DTXSID90276212 DTXSID00529488 DTXSID20815911 DTXSID60835597 DTXSID30789412 DTXSID70531250 DTXSID20788974 DTXSID50280395 DTXSID10772044 DTXSID60327649 DTXSID20796933 DTXSID80595247 DTXSID60873611 DTXSID7041966 DTXSID60649297 DTXSID10359354 DTXSID90707096 DTXSID10704628
DTXSID60830143	DTXSID60310778 DTXSID70579435 DTXSID50605327 DTXSID40642064 DTXSID50217681 DTXSID90513917 DTXSID20364550 DTXSID00876525 DTXSID80763489 DTXSID50738063 DTXSID50576684 DTXSID10482090 DTXSID50538186 DTXSID30620730 DTXSID70505355 DTXSID30357014 DTXSID00813839 DTXSID90731255 DTXSID20278103 DTXSID80694441
DTXSID70757958	DTXSID50508066 DTXSID50787394 DTXSID60188272 DTXSID40756958 DTXSID30450579 DTXSID40300233 DTXSID40761289 DTXSID20170794 DTXSID00317504 DTXSID70502965 DTXSID30621282 DTXSID00694544 DTXSID80511583 DTXSID20352578 DTXSID70212037 DTXSID00389746 DTXSID00598957 DTXSID70807240 DTXSID60734738 DTXSID80792436
DTXSID30627547	DTXSID90729455 DTXSID90397557 DTXSID60308998 DTXSID30362789 DTXSID20277616 DTXSID40464884 DTXSID30176388 DTXSID70276876 DTXSID50580049 DTXSID90645585 DTXSID10345656 DTXSID70858136 DTXSID60634486 DTXSID20876002 DTXSID40677391 DTXSID10842610 DTXSID40523006 DTXSID30726822 DTXSID30157839 DTXSID10820291
DTXSID10193937	DTXSID20561608 DTXSID60455133 DTXSID30725613 DTXSID60696569 DTXSID1020724 DTXSID90772845 DTXSID10458452 DTXSID90550105 DTXSID9074642 DTXSID20327024 DTXSID80630460 DTXSID40167969 DTXSID00662940 DTXSID10756167 DTXSID60554776 DTXSID70365214 DTXSID10657448 DTXSID00846006 DTXSID20368533 DTXSID50240651
DTXSID20817910	DTXSID00556597 DTXSID10720308 DTXSID80710110 DTXSID10740400 DTXSID20229236 DTXSID50876338 DTXSID40485337 DTXSID40369466 DTXSID50483768 DTXSID60358195 DTXSID20162351 DTXSID50742443 DTXSID30228250 DTXSID40188098 DTXSID90309635 DTXSID80324913 DTXSID90331931 DTXSID90875966 DTXSID90406390 DTXSID5073115
DTXSID50632411	DTXSID50290813 DTXSID70876072 DTXSID80284503 DTXSID70213504 DTXSID60651097 DTXSID30234336 DTXSID70152843 DTXSID90439542 DTXSID40693273 DTXSID90283648 DTXSID80557643 DTXSID40645570 DTXSID30435624 DTXSID70219349 DTXSID20656245 DTXSID70383670 DTXSID80230045 DTXSID30207606 DTXSID90819865 DTXSID80173943
DTXSID20676943	DTXSID40228701 DTXSID00754490 DTXSID50555378 DTXSID60458866 DTXSID4034817 DTXSID10757811 DTXSID40847052 DTXSID7066643 DTXSID40337105 DTXSID20612381 DTXSID20502450 DTXSID90524068 DTXSID10651885 DTXSID6047862 DTXSID70876951 DTXSID50733073 DTXSID2026602 DTXSID10766645 DTXSID10482878 DTXSID10568929
DTXSID70640932	DTXSID30816914 DTXSID50660254 DTXSID20284688 DTXSID20384137 DTXSID10618478 DTXSID10377573 DTXSID70585475 DTXSID40711481 DTXSID10143472 DTXSID00338355 DTXSID7073771 DTXSID70377413 DTXSID70511118 DTXSID60661651 DTXSID50853169 DTXSID70282316 DTXSID40896727 DTXSID90325830 DTXSID80722556 DTXSID90753492
DTXSID20467313	DTXSID50853725 DTXSID10518525 DTXSID80663551 DTXSID40388879 DTXSID80570155 DTXSID00295277 DTXSID20549264 DTXSID30609247 DTXSID60475730 DTXSID20207695 DTXSID80181487 DTXSID50302763 DTXSID40726878 DTXSID30554167 DTXSID50593492 DTXSID50663326 DTXSID30599710 DTXSID10459065 DTXSID00373721 DTXSID30566624
DTXSID20596511	DTXSID20812723 DTXSID10814130 DTXSID10879603 DTXSID60225090 DTXSID80536458 DTXSID40464728 DTXSID70655440 DTXSID00408603 DTXSID00730234 DTXSID1020770 DTXSID20459172 DTXSID30185571 DTXSID40876463 DTXSID90674456 DTXSID00801993 DTXSID90767615 DTXSID40750774 DTXSID00876464 DTXSID00420305 DTXSID50369891
DTXSID20226240	DTXSID30287665 DTXSID20707605 DTXSID80657339 DTXSID70876815 DTXSID10403003 DTXSID80542059 DTXSID00216604 DTXSID80843452 DTXSID20310138 DTXSID50700765 DTXSID10208878 DTXSID50841228 DTXSID40530558 DTXSID80385786 DTXSID90459821 DTXSID80206088 DTXSID90182107 DTXSID20696949 DTXSID50787672 DTXSID10667562
DTXSID10621083	DTXSID00611337 DTXSID30642472 DTXSID90400712 DTXSID20801894 DTXSID40291475 DTXSID00614525 DTXSID70170209 DTXSID00225594 DTXSID10512301 DTXSID80395209 DTXSID00651975 DTXSID10364125 DTXSID90208553 DTXSID60533187 DTXSID80742936 DTXSID00858129 DTXSID00277659 DTXSID00749821 DTXSID10310021 DTXSID20562958
DTXSID20525381	DTXSID80639059 DTXSID20805731 DTXSID80238102 DTXSID60471398 DTXSID20744171 DTXSID20554217 DTXSID90445022 DTXSID60499097 DTXSID6044648 DTXSID10528548 DTXSID10534841 DTXSID50817943 DTXSID40408203 DTXSID10390348 DTXSID10647309 DTXSID90547570 DTXSID40565486 DTXSID90284610 DTXSID20675239 DTXSID20737725
DTXSID30540383	DTXSID70873622 DTXSID80440844 DTXSID60184532 DTXSID70721614 DTXSID20756234 DTXSID00639879 DTXSID20804840 DTXSID60494921 DTXSID30767634 DTXSID20204487 DTXSID30855727 DTXSID80847197 DTXSID50341016 DTXSID40852085 DTXSID60457672 DTXSID00296961 DTXSID00653333 DTXSID50316123 DTXSID50242539 DTXSID70332168
DTXSID60829754	DTXSID10296472 DTXSID20737386 DTXSID90656353 DTXSID90504401 DTXSID10876293 DTXSID40874106 DTXSID50760081 DTXSID10452258 DTXSID90532289 DTXSID30403500 DTXSID70723456 DTXSID60836802 DTXSID30433105 DTXSID00229310 DTXSID90150427 DTXSID70189210 DTXSID80195726 DTXSID10427188 DTXSID40797841 DTXSID70427821
DTXSID70598444	DTXSID60649136 DTXSID10604513 DTXSID40235753 DTXSID00836962 DTXSID10182503 DTXSID70668499 DTXSID90167257 DTXSID40641173 DTXSID50734909 DTXSID50677665 DTXSID50307490 DTXSID10765572 DTXSID50210814 DTXSID70516729 DTXSID60569385 DTXSID80847713 DTXSID3059505 DTXSID60830062 DTXSID20468406 DTXSID90604692
DTXSID50755018	DTXSID10191993 DTXSID10832697 DTXSID20833716 DTXSID30350843 DTXSID60374335 DTXSID30413629 DTXSID20177142 DTXSID1058393 DTXSID90505372 DTXSID60616843 DTXSID40729783 DTXSID20886101 DTXSID50619383 DTXSID70876552 DTXSID30751750 DTXSID40761729 DTXSID70471682 DTXSID90596508 DTXSID60621912 DTXSID40328396
DTXSID30651867	DTXSID10826758 DTXSID90711350 DTXSID40716512 DTXSID40646800 DTXSID60856080 DTXSID90427929 DTXSID20797748 DTXSID10581315 DTXSID70642476 DTXSID70651861 DTXSID30726822 DTXSID70408539 DTXSID80492984 DTXSID90645585 DTXSID90345699 DTXSID40674385 DTXSID70858136 DTXSID50580049 DTXSID20277616 DTXSID10842610
DTXSID60207018	DTXSID00343449 DTXSID00491015 DTXSID90450858 DTXSID20475812 DTXSID20835977 DTXSID90573096 DTXSID20446421 DTXSID40565486 DTXSID70488750 DTXSID80478884 DTXSID70612013 DTXSID60497336 DTXSID40481814 DTXSID80670184 DTXSID90526789 DTXSID50640319 DTXSID70517771 DTXSID70284653 DTXSID80638027 DTXSID90543436
DTXSID80833590	DTXSID50786261 DTXSID60826127 DTXSID30415608 DTXSID50240176 DTXSID00592273 DTXSID40329005 DTXSID4057716 DTXSID70283348 DTXSID80315841 DTXSID00725246 DTXSID30796267 DTXSID50175434 DTXSID40800687 DTXSID60646549 DTXSID00830884 DTXSID3063966 DTXSID90762382 DTXSID70842212 DTXSID70477760 DTXSID90577150
DTXSID60873939	DTXSID6044802 DTXSID50343212 DTXSID00887474 DTXSID40873937 DTXSID10784127 DTXSID3051541 DTXSID70867364 DTXSID5051311 DTXSID90823245 DTXSID70750186 DTXSID30827146 DTXSID50499107 DTXSID40613991 DTXSID30188729 DTXSID20797061 DTXSID10764146 DTXSID70797955 DTXSID10773617 DTXSID20745486 DTXSID70888296
DTXSID10607802	DTXSID20572976 DTXSID40831916 DTXSID80407255 DTXSID90598663 DTXSID00879470 DTXSID40489330 DTXSID80664341 DTXSID70589594 DTXSID50545799 DTXSID30447287 DTXSID90349172 DTXSID70491880 DTXSID10561894 DTXSID50345554 DTXSID10441061 DTXSID20362556 DTXSID90279162 DTXSID00831917 DTXSID50308280 DTXSID20162654
DTXSID90718102	DTXSID60283413 DTXSID80852948 DTXSID40573485 DTXSID60660361 DTXSID80206381 DTXSID60816588 DTXSID00816845 DTXSID20847353 DTXSID30656776 DTXSID80300454 DTXSID30787539 DTXSID90464773 DTXSID70464776 DTXSID20463411 DTXSID90888152 DTXSID30620179 DTXSID00552832 DTXSID00817918 DTXSID20888226 DTXSID50296299
DTXSID40828184	DTXSID70367879 DTXSID60718134 DTXSID80611193 DTXSID00406482 DTXSID50568807 DTXSID60497038 DTXSID30510687 DTXSID60787224 DTXSID20306137 DTXSID10737693 DTXSID80436641 DTXSID80780196 DTXSID90284453 DTXSID80652167 DTXSID60855957 DTXSID00829036 DTXSID10188005 DTXSID40553949 DTXSID40480100 DTXSID90274879
DTXSID60451392	DTXSID00651450 DTXSID80434162 DTXSID70275501 DTXSID00667551 DTXSID80509708 DTXSID30578828 DTXSID70557910 DTXSID30489122 DTXSID10824299 DTXSID40427974 DTXSID90346101 DTXSID20579586 DTXSID7051686 DTXSID00186010 DTXSID20609170 DTXSID70478419 DTXSID80464368 DTXSID50482458 DTXSID30451763 DTXSID60327528
DTXSID80369627	DTXSID30280515 DTXSID80367921 DTXSID60221411 DTXSID40308693 DTXSID10658632 DTXSID30279207 DTXSID60875877 DTXSID10494052 DTXSID60594132 DTXSID80820804 DTXSID30144305 DTXSID20301783 DTXSID10712889 DTXSID50467003 DTXSID40570439 DTXSID50153176 DTXSID80324357 DTXSID10814695 DTXSID30625664 DTXSID30207525
DTXSID60465696	DTXSID10669208 DTXSID80452745 DTXSID60493474 DTXSID30301279 DTXSID00743384 DTXSID90557811 DTXSID20720475 DTXSID40721469 DTXSID20716575 DTXSID00346314 DTXSID30454996 DTXSID10577576 DTXSID80601110 DTXSID50395812 DTXSID70177915 DTXSID40577867 DTXSID80553706 DTXSID20455750 DTXSID80633077 DTXSID10495741
DTXSID10468758	DTXSID30400877 DTXSID00656142 DTXSID90873624 DTXSID3070040 DTXSID70642214 DTXSID40741864 DTXSID90519676 DTXSID30287024 DTXSID20768771 DTXSID30790189 DTXSID00509528 DTXSID60299054 DTXSID80304871 DTXSID80534075 DTXSID80513800 DTXSID50488016 DTXSID70496658 DTXSID10846613 DTXSID20505981 DTXSID20747682
DTXSID30227566	DTXSID50356327 DTXSID80156493 DTXSID30179672 DTXSID40199841 DTXSID30521950 DTXSID60879411 DTXSID30428359 DTXSID60470846 DTXSID70487647 DTXSID50512269 DTXSID30853642 DTXSID10763412 DTXSID30422675 DTXSID00274688 DTXSID30741914 DTXSID50751474 DTXSID00364013 DTXSID20406202 DTXSID20430688 DTXSID00646760
DTXSID90446155	DTXSID70733090 DTXSID70646297 DTXSID10705852 DTXSID00646220 DTXSID20634806 DTXSID90487361 DTXSID00857591 DTXSID00214044 DTXSID60469614 DTXSID10557257 DTXSID30371053 DTXSID40585927 DTXSID50167293 DTXSID80563209 DTXSID10646413 DTXSID10777190 DTXSID80723543 DTXSID90626273 DTXSID30401026 DTXSID80729005
DTXSID50191730	DTXSID90748989 DTXSID20593989 DTXSID50807309 DTXSID70364525 DTXSID10711857 DTXSID70283005 DTXSID00404887 DTXSID00374031 DTXSID50558329 DTXSID60206622 DTXSID40404068 DTXSID80668581 DTXSID40857297 DTXSID40697039 DTXSID00485176 DTXSID70188187 DTXSID60646089 DTXSID10837763 DTXSID70876658 DTXSID70332567
DTXSID1036886	DTXSID20732210 DTXSID70437465 DTXSID30343396 DTXSID80589808 DTXSID00837035 DTXSID20740779 DTXSID50450374 DTXSID20146696 DTXSID70403246 DTXSID10403725 DTXSID50436633 DTXSID10313815 DTXSID60514936 DTXSID8068202 DTXSID50370902 DTXSID00705785 DTXSID00278323 DTXSID40847597 DTXSID40180330 DTXSID30635122
DTXSID10705918	DTXSID70490090 DTXSID20698403 DTXSID40223857 DTXSID40329449 DTXSID30556525 DTXSID10475826 DTXSID70837481 DTXSID40199745 DTXSID10483209 DTXSID40283895 DTXSID40819592 DTXSID20849418 DTXSID40668648 DTXSID70540524 DTXSID00781766 DTXSID70531255 DTXSID80478086 DTXSID90470930 DTXSID10352582 DTXSID30471305
DTXSID60787986	DTXSID40844263 DTXSID80446200 DTXSID70576984 DTXSID00370831 DTXSID90571577 DTXSID80505523 DTXSID40549185 DTXSID10172580 DTXSID90451325 DTXSID40446483 DTXSID70632195 DTXSID60744135 DTXSID50622817 DTXSID40444409 DTXSID50163578 DTXSID60519461 DTXSID30344343 DTXSID60669233 DTXSID10184244 DTXSID30444993
DTXSID40596033	DTXSID90654910 DTXSID40823058 DTXSID80284801 DTXSID80851436 DTXSID30287165 DTXSID60818047 DTXSID70598186 DTXSID50157477 DTXSID70226876 DTXSID50181631 DTXSID4066414 DTXSID00468308 DTXSID10556700 DTXSID40207955 DTXSID70376901 DTXSID90630138 DTXSID50201202 DTXSID10739314 DTXSID50563231 DTXSID20281692
DTXSID70545211	DTXSID8060537 DTXSID40633255 DTXSID40532956 DTXSID90449848 DTXSID60303887 DTXSID10825483 DTXSID90825320 DTXSID30402255 DTXSID00560311 DTXSID80531281 DTXSID70825323 DTXSID80615999 DTXSID00816744 DTXSID60183020 DTXSID20443455 DTXSID60816740 DTXSID70507091 DTXSID20203379 DTXSID60738433 DTXSID00816724
DTXSID40293651	DTXSID50740727 DTXSID50457707 DTXSID20422326 DTXSID70601548 DTXSID30607723 DTXSID70400710 DTXSID80470368 DTXSID00490346 DTXSID40681973 DTXSID80635137 DTXSID90401582 DTXSID20856622 DTXSID30175614 DTXSID00461617 DTXSID00197560 DTXSID30740462 DTXSID80772011 DTXSID00498387 DTXSID50180543 DTXSID10681824
DTXSID50434311	DTXSID10560827 DTXSID60395181 DTXSID70377711 DTXSID40824282 DTXSID70528382 DTXSID70277929 DTXSID10238155 DTXSID30315977 DTXSID90286437 DTXSID30344146 DTXSID10241407 DTXSID70483129 DTXSID80345264 DTXSID10609068 DTXSID30757277 DTXSID40563927 DTXSID10661161 DTXSID30453484 DTXSID70458695 DTXSID90187117
DTXSID60394275	DTXSID50165017 DTXSID40515688 DTXSID80162953 DTXSID00391501 DTXSID70693842 DTXSID10668655 DTXSID80657117 DTXSID20352715 DTXSID90631125 DTXSID60325847 DTXSID80701725 DTXSID30627002 DTXSID20576136 DTXSID90669140 DTXSID30663980 DTXSID00393727 DTXSID10618958 DTXSID20739320 DTXSID90676839 DTXSID40508893
DTXSID80175169	DTXSID80539823 DTXSID70304724 DTXSID80506277 DTXSID90632258 DTXSID10489847 DTXSID40815675 DTXSID90844430 DTXSID90399319 DTXSID80302716 DTXSID90577271 DTXSID90587653 DTXSID80394919 DTXSID60333109 DTXSID80568138 DTXSID30742724 DTXSID80594452 DTXSID80354371 DTXSID60770393 DTXSID70192805 DTXSID00401154
DTXSID30716364	DTXSID90740544 DTXSID80499110 DTXSID30716324 DTXSID50590749 DTXSID30588240 DTXSID80182510 DTXSID50208059 DTXSID60303226 DTXSID60379527 DTXSID70397272 DTXSID20680742 DTXSID70615761 DTXSID00497850 DTXSID90497425 DTXSID30595075 DTXSID50596246 DTXSID50364467 DTXSID80556898 DTXSID00606980 DTXSID3069982
DTXSID60283579	DTXSID50722124 DTXSID60812404 DTXSID30474452 DTXSID90177598 DTXSID90668794 DTXSID50377476 DTXSID00774698 DTXSID40397845 DTXSID60787562 DTXSID90714886 DTXSID30339597 DTXSID40211794 DTXSID60620061 DTXSID30638436 DTXSID70240254 DTXSID2068424 DTXSID50757613 DTXSID40889316 DTXSID40632869 DTXSID30825243
DTXSID50809005	DTXSID30685400 DTXSID10494693 DTXSID80514776 DTXSID00534971 DTXSID30283405 DTXSID50314442 DTXSID80312456 DTXSID90308284 DTXSID30668910 DTXSID30653462 DTXSID80835635 DTXSID00201636 DTXSID70372524 DTXSID60552611 DTXSID10761256 DTXSID30399353 DTXSID70398168 DTXSID80409214 DTXSID70195699 DTXSID80489637
DTXSID70294838	DTXSID9022100 DTXSID30308384 DTXSID70364505 DTXSID80175942 DTXSID20563844 DTXSID10510680 DTXSID00518872 DTXSID90642135 DTXSID00500813 DTXSID50590062 DTXSID60172398 DTXSID70622516 DTXSID10696317 DTXSID00673733 DTXSID00175141 DTXSID90374489 DTXSID70600798 DTXSID10592481 DTXSID60487459 DTXSID30168268
DTXSID70485608	DTXSID80563921 DTXSID80585729 DTXSID20567408 DTXSID80351906 DTXSID60557242 DTXSID00762792 DTXSID40775720 DTXSID30769214 DTXSID00446909 DTXSID60395601 DTXSID30600895 DTXSID7067089 DTXSID70651568 DTXSID40440067 DTXSID10399917 DTXSID40288087 DTXSID70505077 DTXSID80446866 DTXSID00818920 DTXSID00375386
DTXSID7046388	DTXSID00657250 DTXSID50392846 DTXSID00452045 DTXSID80466488 DTXSID80344898 DTXSID00557044 DTXSID50853664 DTXSID90707556 DTXSID80612226 DTXSID10642192 DTXSID20478000 DTXSID70787230 DTXSID30459729 DTXSID90581772 DTXSID50896096 DTXSID2060387 DTXSID10560963 DTXSID60774114 DTXSID40372051 DTXSID80463452
DTXSID20824306	DTXSID70587777 DTXSID90209025 DTXSID00432448 DTXSID80770815 DTXSID70559575 DTXSID50307511 DTXSID50887767 DTXSID0074637 DTXSID4052005 DTXSID1062546 DTXSID10796088 DTXSID30702166 DTXSID2063765 DTXSID10348283 DTXSID2027967 DTXSID80872661 DTXSID20235473 DTXSID20184573 DTXSID60173926 DTXSID00432089
DTXSID60575966	DTXSID20345824 DTXSID60472608 DTXSID00375361 DTXSID40504658 DTXSID10619203 DTXSID00739348 DTXSID90330949 DTXSID50557377 DTXSID80169381 DTXSID30408732 DTXSID10399351 DTXSID20573165 DTXSID6061604 DTXSID70566047 DTXSID70879341 DTXSID00653257 DTXSID70731571 DTXSID90497142 DTXSID20355044 DTXSID90163931
DTXSID40395861	DTXSID70182509 DTXSID90501531 DTXSID20307866 DTXSID40324499 DTXSID60482388 DTXSID80569645 DTXSID60604220 DTXSID20495555 DTXSID90324500 DTXSID40521749 DTXSID10439620 DTXSID50460438 DTXSID70333175 DTXSID30709812 DTXSID90788047 DTXSID50677665 DTXSID60417812 DTXSID00679558 DTXSID00445639 DTXSID90499429
DTXSID40177548	DTXSID00308578 DTXSID40222441 DTXSID70496976 DTXSID00440381 DTXSID60715926 DTXSID20292960 DTXSID00147227 DTXSID50663063 DTXSID00490846 DTXSID50486638 DTXSID8024365 DTXSID90710484 DTXSID90485307 DTXSID40645858 DTXSID90408475 DTXSID70157217 DTXSID10154821 DTXSID20579541 DTXSID40792871 DTXSID00427854
DTXSID9061178	DTXSID60154018 DTXSID00326196 DTXSID60670142 DTXSID40684601 DTXSID10359430 DTXSID30642230 DTXSID80178751 DTXSID30490970 DTXSID20714718 DTXSID60184870 DTXSID40494722 DTXSID60729402 DTXSID90152880 DTXSID30352640 DTXSID00370699 DTXSID70680914 DTXSID50345498 DTXSID20604968 DTXSID40756736 DTXSID20222787
DTXSID10702806	DTXSID80656847 DTXSID20649430 DTXSID80650769 DTXSID90392163 DTXSID40622947 DTXSID00672044 DTXSID10584821 DTXSID40515688 DTXSID60325847 DTXSID70142845 DTXSID60731106 DTXSID20879058 DTXSID50165017 DTXSID10695087 DTXSID00672261 DTXSID20383685 DTXSID50351190 DTXSID50474035 DTXSID30663980 DTXSID00464143
DTXSID80803096	DTXSID90339119 DTXSID20803095 DTXSID40759080 DTXSID40763107 DTXSID10718149 DTXSID80657910 DTXSID80764310 DTXSID70570841 DTXSID80783627 DTXSID10244236 DTXSID00804166 DTXSID00301524 DTXSID70713711 DTXSID10290430 DTXSID30831682 DTXSID70546066 DTXSID2050035 DTXSID70348188 DTXSID10720146 DTXSID40286902
DTXSID40896005	DTXSID60895999 DTXSID90697584 DTXSID00428624 DTXSID30427761 DTXSID00896425 DTXSID30198141 DTXSID20162997 DTXSID80186038 DTXSID10849982 DTXSID20874240 DTXSID90241283 DTXSID10814352 DTXSID40319789 DTXSID50770943 DTXSID80470343 DTXSID10814392 DTXSID50836972 DTXSID00314351 DTXSID70201486 DTXSID50301019
DTXSID50609507	DTXSID30824958 DTXSID70701754 DTXSID40780031 DTXSID20748694 DTXSID90542560 DTXSID60433259 DTXSID20205954 DTXSID30294197 DTXSID50173692 DTXSID10448196 DTXSID50469188 DTXSID10290430 DTXSID20817531 DTXSID30400357 DTXSID70546066 DTXSID60430268 DTXSID30218656 DTXSID70713711 DTXSID20447413 DTXSID50615143
DTXSID10739314	DTXSID10433567 DTXSID70447286 DTXSID50157477 DTXSID10175637 DTXSID00738098 DTXSID90763758 DTXSID70637802 DTXSID0035748 DTXSID30460633 DTXSID30790846 DTXSID80851436 DTXSID80618687 DTXSID30290033 DTXSID80444347 DTXSID50354606 DTXSID80678185 DTXSID10788827 DTXSID50455440 DTXSID90845265 DTXSID90654910
DTXSID80593349	DTXSID30466650 DTXSID20500274 DTXSID30673064 DTXSID00466667 DTXSID90383293 DTXSID90577216 DTXSID10340949 DTXSID10749579 DTXSID80373744 DTXSID30789876 DTXSID40360872 DTXSID40747321 DTXSID00594772 DTXSID00513983 DTXSID90787550 DTXSID70721437 DTXSID60641014 DTXSID10287587 DTXSID00625858 DTXSID30490596
DTXSID50843904	DTXSID20681991 DTXSID40452221 DTXSID40625933 DTXSID10640133 DTXSID30571112 DTXSID90856710 DTXSID20589443 DTXSID40646289 DTXSID90473163 DTXSID3042180 DTXSID70588229 DTXSID20680929 DTXSID20415399 DTXSID80724732 DTXSID10446950 DTXSID00727285 DTXSID10238817 DTXSID60722973 DTXSID30734407 DTXSID20676923
DTXSID30479725	DTXSID50342189 DTXSID10565317 DTXSID00825816 DTXSID90724384 DTXSID80896180 DTXSID00508773 DTXSID30606231 DTXSID10311533 DTXSID20514770 DTXSID9072652 DTXSID10895944 DTXSID90676834 DTXSID70781915 DTXSID10288155 DTXSID60634123 DTXSID10708267 DTXSID00664580 DTXSID60618529 DTXSID60351681 DTXSID20676867
DTXSID40453450	DTXSID20629590 DTXSID30459729 DTXSID90721373 DTXSID00557044 DTXSID60372553 DTXSID00327365 DTXSID90707556 DTXSID80604328 DTXSID60646983 DTXSID40372051 DTXSID20547326 DTXSID00657250 DTXSID10642192 DTXSID30854210 DTXSID60665472 DTXSID10357037 DTXSID7046388 DTXSID30363079 DTXSID10495286 DTXSID30577331
DTXSID80562398	DTXSID20876603 DTXSID50731357 DTXSID90808911 DTXSID10669723 DTXSID00403214 DTXSID10322225 DTXSID50461349 DTXSID10694474 DTXSID80534575 DTXSID20826289 DTXSID00606586 DTXSID70535950 DTXSID20538830 DTXSID30497308 DTXSID70393390 DTXSID70396402 DTXSID70888756 DTXSID90330222 DTXSID50888532 DTXSID00522176
DTXSID60742252	DTXSID5041190 DTXSID50707759 DTXSID90289180 DTXSID50835107 DTXSID00600140 DTXSID30354361 DTXSID10834858 DTXSID10552267 DTXSID1025693 DTXSID50497183 DTXSID20834965 DTXSID60649439 DTXSID50696972 DTXSID30595277 DTXSID10829527 DTXSID9057680 DTXSID30407987 DTXSID00559245 DTXSID60711645 DTXSID70711419
DTXSID8059635	DTXSID70365214 DTXSID20327024 DTXSID20821077 DTXSID00366532 DTXSID60554776 DTXSID00846006 DTXSID90550105 DTXSID90668471 DTXSID70325696 DTXSID80416549 DTXSID70556342 DTXSID9074642 DTXSID10756167 DTXSID50729870 DTXSID80812845 DTXSID50240651 DTXSID60760855 DTXSID60455133 DTXSID60559382 DTXSID40167969
DTXSID30743135	DTXSID80276584 DTXSID20625113 DTXSID30514887 DTXSID80640842 DTXSID00472485 DTXSID00699594 DTXSID40180658 DTXSID40314517 DTXSID30886233 DTXSID60457672 DTXSID70562423 DTXSID80443759 DTXSID80352251 DTXSID70514886 DTXSID70876870 DTXSID0047088 DTXSID80678180 DTXSID60804228 DTXSID30434995 DTXSID10597638
DTXSID30885241	DTXSID30350580 DTXSID40530477 DTXSID90396409 DTXSID60705544 DTXSID70840798 DTXSID40556990 DTXSID50678379 DTXSID20295274 DTXSID80354715 DTXSID60183868 DTXSID70671842 DTXSID30663369 DTXSID50524963 DTXSID90362422 DTXSID10721916 DTXSID70326108 DTXSID00231438 DTXSID90457286 DTXSID00166478 DTXSID90567016
DTXSID90281785	DTXSID60444729 DTXSID40654925 DTXSID70548767 DTXSID70660978 DTXSID90584728 DTXSID60527804 DTXSID00398893 DTXSID20640624 DTXSID10217122 DTXSID00427450 DTXSID20525200 DTXSID40829772 DTXSID60621654 DTXSID50601243 DTXSID30848472 DTXSID50805002 DTXSID10525991 DTXSID20660908 DTXSID80620169 DTXSID80649850
DTXSID80526894	DTXSID70773512 DTXSID80820647 DTXSID50712085 DTXSID40718177 DTXSID00841233 DTXSID60864504 DTXSID60195587 DTXSID80414949 DTXSID00560311 DTXSID40532956 DTXSID70816731 DTXSID60759845 DTXSID8060537 DTXSID40633255 DTXSID00816744 DTXSID80599205 DTXSID40714614 DTXSID70545211 DTXSID60552474 DTXSID80836521
DTXSID30445344	DTXSID80384411 DTXSID60502116 DTXSID30202378 DTXSID90154602 DTXSID90342643 DTXSID60602903 DTXSID90774940 DTXSID60813572 DTXSID90510688 DTXSID50595274 DTXSID30415688 DTXSID40613158 DTXSID40287813 DTXSID20681875 DTXSID80442828 DTXSID70794808 DTXSID00216765 DTXSID30160883 DTXSID90884376 DTXSID20427937
DTXSID80365907	DTXSID9047095 DTXSID10722665 DTXSID40717822 DTXSID70734148 DTXSID40567809 DTXSID00730714 DTXSID20462722 DTXSID10607544 DTXSID80820329 DTXSID40588251 DTXSID80143040 DTXSID00303649 DTXSID90736028 DTXSID70886191 DTXSID20327483 DTXSID70474259 DTXSID40351780 DTXSID10601360 DTXSID60614763 DTXSID80774196
DTXSID00631737	DTXSID70724089 DTXSID50818359 DTXSID80354876 DTXSID00747382 DTXSID60473115 DTXSID70147895 DTXSID60470523 DTXSID20646803 DTXSID70165236 DTXSID40297775 DTXSID20295517 DTXSID80601317 DTXSID80620381 DTXSID20641257 DTXSID80358672 DTXSID20377125 DTXSID90836193 DTXSID90360625 DTXSID70630050 DTXSID00461238
DTXSID30889002	DTXSID50523178 DTXSID70889001 DTXSID50488652 DTXSID90222451 DTXSID00430101 DTXSID40876645 DTXSID70303818 DTXSID40877197 DTXSID60896042 DTXSID30896094 DTXSID30789432 DTXSID10394967 DTXSID60875812 DTXSID30317294 DTXSID60535348 DTXSID90312927 DTXSID00151203 DTXSID40698521 DTXSID40640585 DTXSID70827923
DTXSID80320773	DTXSID10593776 DTXSID20595680 DTXSID90625943 DTXSID40350132 DTXSID10533314 DTXSID60476747 DTXSID80626883 DTXSID60298688 DTXSID10645244 DTXSID60592557 DTXSID90419162 DTXSID00622620 DTXSID60415535 DTXSID30357635 DTXSID60671114 DTXSID10842453 DTXSID80568895 DTXSID80228902 DTXSID10389373 DTXSID00659436
DTXSID70876537	DTXSID20496764 DTXSID20482041 DTXSID60645870 DTXSID90211683 DTXSID80196374 DTXSID30489046 DTXSID90734347 DTXSID90326600 DTXSID80771185 DTXSID1068229 DTXSID10454318 DTXSID60671492 DTXSID90201286 DTXSID50625101 DTXSID70511451 DTXSID80744117 DTXSID40459098 DTXSID80470161 DTXSID70664895 DTXSID90388046
DTXSID8034746	DTXSID30893008 DTXSID00231493 DTXSID00337085 DTXSID40611977 DTXSID10728622 DTXSID30234270 DTXSID80302756 DTXSID00200462 DTXSID80327409 DTXSID00885839 DTXSID60886165 DTXSID70467883 DTXSID60611979 DTXSID4063870 DTXSID80737983 DTXSID20217653 DTXSID80599947 DTXSID40286023 DTXSID30281901 DTXSID90278357
DTXSID70876532	DTXSID80757020 DTXSID1059151 DTXSID40554138 DTXSID10837920 DTXSID20876901 DTXSID50832292 DTXSID60831579 DTXSID00412780 DTXSID10806994 DTXSID90548663 DTXSID10544364 DTXSID90719154 DTXSID80787403 DTXSID90290716 DTXSID80342814 DTXSID80813559 DTXSID60146276 DTXSID70525891 DTXSID90854731 DTXSID70367112
DTXSID80284886	DTXSID90527695 DTXSID10656335 DTXSID30311434 DTXSID80615075 DTXSID20695831 DTXSID70748301 DTXSID90339417 DTXSID80465552 DTXSID80422327 DTXSID40658504 DTXSID60745268 DTXSID90624390 DTXSID60436442 DTXSID70477588 DTXSID90805602 DTXSID10344528 DTXSID50303497 DTXSID70530864 DTXSID30742365 DTXSID30208956
DTXSID40806220	DTXSID80298887 DTXSID00504230 DTXSID60642405 DTXSID70308404 DTXSID20278163 DTXSID00541347 DTXSID70845187 DTXSID50496595 DTXSID50645627 DTXSID00542470 DTXSID90792028 DTXSID60840166 DTXSID70515611 DTXSID50810676 DTXSID50805002 DTXSID70846614 DTXSID00588237 DTXSID10725737 DTXSID60646943 DTXSID10218755
DTXSID90701110	DTXSID10645244 DTXSID30420671 DTXSID10842453 DTXSID80405837 DTXSID40708639 DTXSID10729396 DTXSID50879364 DTXSID60298688 DTXSID00371429 DTXSID90753492 DTXSID30357635 DTXSID40365680 DTXSID40350132 DTXSID80228902 DTXSID80320773 DTXSID70609605 DTXSID50650554 DTXSID20567600 DTXSID60812722 DTXSID60476747
DTXSID80444665	DTXSID10466491 DTXSID70676711 DTXSID80317547 DTXSID40452180 DTXSID20239537 DTXSID00463292 DTXSID70655208 DTXSID50510164 DTXSID50610633 DTXSID60159886 DTXSID20163247 DTXSID80896685 DTXSID60294322 DTXSID40638942 DTXSID60239536 DTXSID40539147 DTXSID80675952 DTXSID2061480 DTXSID90376448 DTXSID50833486
DTXSID30652778	DTXSID30650890 DTXSID90278559 DTXSID60653339 DTXSID80341241 DTXSID60572394 DTXSID20771280 DTXSID30399353 DTXSID60439599 DTXSID50152846 DTXSID40574457 DTXSID60144510 DTXSID70398168 DTXSID20213736 DTXSID90788825 DTXSID40435251 DTXSID80835635 DTXSID80199320 DTXSID50323554 DTXSID20806980 DTXSID40403172
DTXSID70731571	DTXSID10399351 DTXSID90330949 DTXSID00739348 DTXSID20573165 DTXSID00375361 DTXSID70879341 DTXSID20346174 DTXSID90621804 DTXSID20694627 DTXSID90497142 DTXSID10619203 DTXSID20345824 DTXSID30291383 DTXSID40504658 DTXSID70857629 DTXSID60575966 DTXSID30444372 DTXSID70566047 DTXSID60640668 DTXSID10446950
DTXSID40188098	DTXSID40485337 DTXSID50742443 DTXSID50876338 DTXSID10720308 DTXSID20474825 DTXSID00556597 DTXSID70879543 DTXSID30372388 DTXSID20817910 DTXSID40485019 DTXSID10740400 DTXSID50335096 DTXSID90406390 DTXSID20162351 DTXSID20511764 DTXSID00313622 DTXSID60358195 DTXSID50483768 DTXSID50552847 DTXSID80769224
DTXSID9021712	DTXSID10325094 DTXSID40414687 DTXSID90185370 DTXSID70397570 DTXSID30541491 DTXSID00661216 DTXSID10474798 DTXSID30452775 DTXSID50433142 DTXSID80756058 DTXSID10726820 DTXSID60532291 DTXSID50849961 DTXSID40657274 DTXSID80604707 DTXSID40181286 DTXSID60876440 DTXSID80736618 DTXSID80598596 DTXSID00650544
DTXSID50374021	DTXSID10355255 DTXSID50646174 DTXSID40674401 DTXSID80696107 DTXSID90389316 DTXSID40459179 DTXSID90476876 DTXSID70403362 DTXSID60344275 DTXSID20664825 DTXSID40300394 DTXSID50616953 DTXSID20516936 DTXSID00332196 DTXSID20152590 DTXSID50843540 DTXSID40494060 DTXSID30280217 DTXSID60327644 DTXSID2062032
DTXSID10309314	DTXSID60341603 DTXSID50491904 DTXSID7029372 DTXSID10786267 DTXSID10678537 DTXSID80819470 DTXSID00829995 DTXSID10178941 DTXSID00802844 DTXSID40493593 DTXSID70319419 DTXSID80369228 DTXSID40668567 DTXSID40753407 DTXSID70531472 DTXSID90286755 DTXSID70805963 DTXSID00321702 DTXSID90814597 DTXSID80205258
DTXSID70440979	DTXSID80556555 DTXSID50361299 DTXSID50369997 DTXSID10499709 DTXSID00446065 DTXSID10815440 DTXSID40494863 DTXSID70176185 DTXSID50333673 DTXSID80351663 DTXSID20318553 DTXSID70554161 DTXSID00349547 DTXSID60459171 DTXSID50875846 DTXSID10368805 DTXSID20849918 DTXSID50597137 DTXSID90807202 DTXSID80388515
DTXSID50855769	DTXSID40399561 DTXSID40796495 DTXSID60192233 DTXSID30844994 DTXSID4066414 DTXSID10497361 DTXSID10814993 DTXSID40791662 DTXSID50469729 DTXSID50293203 DTXSID20379280 DTXSID3022168 DTXSID50201202 DTXSID90534566 DTXSID00468308 DTXSID10556700 DTXSID40823058 DTXSID00716235 DTXSID00489694 DTXSID80149663
DTXSID50346844	DTXSID30837225 DTXSID70658234 DTXSID90646350 DTXSID40365226 DTXSID8067602 DTXSID40857535 DTXSID40618345 DTXSID50733639 DTXSID80718853 DTXSID80648161 DTXSID20535420 DTXSID50729193 DTXSID00190172 DTXSID60195325 DTXSID80727324 DTXSID90602855 DTXSID20168616 DTXSID90405606 DTXSID6044858 DTXSID60671937
DTXSID20285195	DTXSID80480780 DTXSID30747895 DTXSID10512301 DTXSID50618174 DTXSID00858129 DTXSID40359589 DTXSID50408597 DTXSID00651975 DTXSID60661131 DTXSID70409389 DTXSID90696739 DTXSID80742936 DTXSID90293308 DTXSID60442705 DTXSID60533187 DTXSID10364125 DTXSID60301085 DTXSID20697239 DTXSID10473549 DTXSID20781243
DTXSID9051745	DTXSID40481793 DTXSID30588563 DTXSID70703874 DTXSID40528793 DTXSID50716826 DTXSID50657063 DTXSID90706640 DTXSID20699051 DTXSID20734618 DTXSID70793053 DTXSID30727894 DTXSID10613125 DTXSID70649586 DTXSID90302949 DTXSID80769229 DTXSID90702066 DTXSID70398688 DTXSID00755240 DTXSID30701937 DTXSID10831741
DTXSID9051741	DTXSID40880888 DTXSID3042003 DTXSID3026564 DTXSID60598519 DTXSID00597728 DTXSID80887654 DTXSID7070478 DTXSID40707182 DTXSID90404977 DTXSID8070128 DTXSID50823948 DTXSID00892301 DTXSID90883243 DTXSID60460363 DTXSID50775332 DTXSID60300730 DTXSID00710076 DTXSID50767959 DTXSID10712521 DTXSID70805761
DTXSID30173534	DTXSID60752593 DTXSID30285782 DTXSID1023447 DTXSID10776421 DTXSID00361284 DTXSID30471305 DTXSID20849418 DTXSID8067105 DTXSID70641227 DTXSID10241220 DTXSID40283895 DTXSID10483209 DTXSID10475826 DTXSID20541127 DTXSID00781766 DTXSID40722613 DTXSID70837481 DTXSID20351581 DTXSID90492910 DTXSID60545649
DTXSID20903968	DTXSID50560644 DTXSID60369483 DTXSID10675349 DTXSID10806994 DTXSID30876912 DTXSID10180100 DTXSID40278201 DTXSID90876933 DTXSID30238455 DTXSID50624417 DTXSID00412780 DTXSID70640290 DTXSID60312575 DTXSID90854731 DTXSID00390094 DTXSID60831579 DTXSID40288729 DTXSID70367112 DTXSID60532832 DTXSID20876901
DTXSID40613991	DTXSID10872659 DTXSID60242747 DTXSID90763152 DTXSID00829132 DTXSID40873937 DTXSID70797955 DTXSID20797061 DTXSID0067503 DTXSID60276143 DTXSID20242521 DTXSID00629477 DTXSID6044802 DTXSID60873939 DTXSID60780199 DTXSID9072527 DTXSID50343212 DTXSID40845013 DTXSID40563189 DTXSID60775681 DTXSID80274202
DTXSID00376691	DTXSID80685814 DTXSID70507899 DTXSID50567355 DTXSID10343637 DTXSID10483325 DTXSID50695420 DTXSID80828986 DTXSID70452133 DTXSID30780308 DTXSID70651068 DTXSID30772364 DTXSID90494676 DTXSID90375138 DTXSID80646728 DTXSID40496120 DTXSID40857631 DTXSID30393856 DTXSID60441157 DTXSID00528951 DTXSID90734408
DTXSID4045682	DTXSID00520293 DTXSID10586047 DTXSID50297443 DTXSID10673906 DTXSID40325507 DTXSID80162079 DTXSID40753881 DTXSID10470412 DTXSID20605758 DTXSID90726161 DTXSID30291883 DTXSID10771759 DTXSID20835432 DTXSID00619277 DTXSID20478323 DTXSID30217503 DTXSID70542023 DTXSID10303190 DTXSID20378677 DTXSID90560582
DTXSID30534747	DTXSID20663297 DTXSID40293131 DTXSID10368805 DTXSID10343399 DTXSID10840136 DTXSID80650360 DTXSID80146455 DTXSID30679061 DTXSID70593398 DTXSID10289940 DTXSID20666384 DTXSID20849918 DTXSID40494863 DTXSID90533993 DTXSID20172415 DTXSID50368041 DTXSID90279182 DTXSID10696599 DTXSID60664208 DTXSID50648810
DTXSID60731106	DTXSID10422234 DTXSID90392163 DTXSID40777906 DTXSID30739831 DTXSID10584821 DTXSID00672044 DTXSID60561703 DTXSID50351190 DTXSID80650769 DTXSID60624024 DTXSID80656847 DTXSID40622947 DTXSID40508237 DTXSID20649430 DTXSID80499195 DTXSID10702806 DTXSID10695087 DTXSID50188105 DTXSID00464143 DTXSID50474035
DTXSID50778843	DTXSID40181084 DTXSID4074271 DTXSID10338821 DTXSID40439936 DTXSID50177630 DTXSID00621330 DTXSID20173321 DTXSID3058955 DTXSID70762224 DTXSID90640974 DTXSID90778665 DTXSID50816158 DTXSID90470157 DTXSID00787167 DTXSID50297620 DTXSID60656901 DTXSID40576875 DTXSID70562488 DTXSID90816713 DTXSID40855132
DTXSID00586415	DTXSID70500800 DTXSID6041501 DTXSID70663580 DTXSID00847053 DTXSID10534447 DTXSID70641121 DTXSID40552518 DTXSID00613750 DTXSID90443725 DTXSID90762589 DTXSID2061480 DTXSID70534448 DTXSID10525294 DTXSID20528296 DTXSID7044689 DTXSID10828494 DTXSID60239536 DTXSID20633374 DTXSID00441777 DTXSID40783663
DTXSID80532359	DTXSID90796667 DTXSID60460489 DTXSID40734817 DTXSID2071025 DTXSID00708135 DTXSID0075106 DTXSID40481814 DTXSID30671323 DTXSID60754572 DTXSID50627443 DTXSID90492910 DTXSID90573096 DTXSID10649722 DTXSID70284653 DTXSID50286514 DTXSID00405935 DTXSID20565449 DTXSID40701589 DTXSID70612013 DTXSID30285782
DTXSID50495023	DTXSID40707006 DTXSID60608662 DTXSID40596295 DTXSID10794963 DTXSID30589373 DTXSID60462105 DTXSID80391786 DTXSID90143531 DTXSID30675508 DTXSID20424284 DTXSID50196028 DTXSID10332006 DTXSID80608826 DTXSID70324861 DTXSID70465081 DTXSID80488645 DTXSID50709091 DTXSID3037549 DTXSID10850376 DTXSID00487933
DTXSID20835912	DTXSID90700688 DTXSID40613335 DTXSID30418775 DTXSID30811020 DTXSID80348497 DTXSID10627005 DTXSID20707948 DTXSID30465360 DTXSID00669338 DTXSID50727159 DTXSID50719099 DTXSID20618585 DTXSID50302703 DTXSID60508572 DTXSID10335214 DTXSID60487459 DTXSID00480065 DTXSID80485831 DTXSID00373721 DTXSID30168268
DTXSID10280770	DTXSID40813393 DTXSID90638174 DTXSID20878369 DTXSID00847114 DTXSID90444555 DTXSID90773276 DTXSID90500261 DTXSID30787630 DTXSID90750981 DTXSID60566011 DTXSID10822073 DTXSID00787066 DTXSID10769772 DTXSID80873118 DTXSID00756111 DTXSID00770211 DTXSID80526096 DTXSID60850189 DTXSID70842010 DTXSID80763020
DTXSID30757656	DTXSID80771069 DTXSID10448353 DTXSID60344770 DTXSID90199053 DTXSID90526789 DTXSID70521479 DTXSID00561282 DTXSID80670184 DTXSID00652785 DTXSID50627443 DTXSID20449210 DTXSID7069071 DTXSID2060967 DTXSID5060726 DTXSID20481377 DTXSID60150616 DTXSID00340756 DTXSID80478884 DTXSID10527511 DTXSID60408725
DTXSID80469499	DTXSID40181180 DTXSID20730473 DTXSID50383239 DTXSID10707634 DTXSID90577877 DTXSID20501347 DTXSID00341006 DTXSID60335284 DTXSID60655595 DTXSID20633798 DTXSID50323438 DTXSID00731524 DTXSID90655745 DTXSID60312631 DTXSID40228625 DTXSID30614275 DTXSID20400745 DTXSID30222197 DTXSID10172404 DTXSID50506067
DTXSID00171840	DTXSID70849923 DTXSID00652780 DTXSID90291501 DTXSID4047541 DTXSID90759515 DTXSID10443666 DTXSID20200787 DTXSID20627495 DTXSID00445639 DTXSID00202365 DTXSID10214196 DTXSID70167255 DTXSID90707415 DTXSID50562800 DTXSID50460438 DTXSID60697410 DTXSID20241751 DTXSID50343292 DTXSID40339083 DTXSID80668768
DTXSID60651118	DTXSID40386395 DTXSID10698513 DTXSID80786658 DTXSID80289376 DTXSID10335956 DTXSID90213687 DTXSID00781261 DTXSID00406003 DTXSID40826463 DTXSID00441171 DTXSID80364490 DTXSID1052664 DTXSID10405885 DTXSID40720078 DTXSID70832254 DTXSID10842978 DTXSID20481190 DTXSID10448414 DTXSID70342626 DTXSID9058941
DTXSID20730675	DTXSID20662927 DTXSID50341258 DTXSID30510223 DTXSID80407033 DTXSID90604177 DTXSID30811328 DTXSID60177267 DTXSID90650396 DTXSID20571666 DTXSID00655514 DTXSID90874217 DTXSID70814070 DTXSID50596322 DTXSID60776895 DTXSID60586193 DTXSID20876587 DTXSID70626953 DTXSID90788047 DTXSID90772360 DTXSID30403904
DTXSID60668963	DTXSID60157009 DTXSID80733122 DTXSID60675359 DTXSID00350315 DTXSID20542199 DTXSID80391327 DTXSID80506515 DTXSID10474339 DTXSID80593541 DTXSID70401020 DTXSID10288170 DTXSID70657121 DTXSID50190364 DTXSID60835436 DTXSID80676828 DTXSID90640813 DTXSID00472844 DTXSID4060739 DTXSID40719260 DTXSID30857029
DTXSID30791772	DTXSID90720189 DTXSID00848106 DTXSID20456106 DTXSID00538116 DTXSID10883785 DTXSID90448755 DTXSID50343292 DTXSID00679558 DTXSID00202365 DTXSID90801861 DTXSID50562800 DTXSID20887052 DTXSID90339295 DTXSID10421101 DTXSID50425022 DTXSID10538021 DTXSID40801856 DTXSID10443666 DTXSID30596148 DTXSID4062646
DTXSID50173692	DTXSID60430268 DTXSID30294197 DTXSID30400357 DTXSID10606310 DTXSID10448999 DTXSID20719162 DTXSID40637430 DTXSID40719149 DTXSID30824958 DTXSID70848835 DTXSID20748694 DTXSID60433259 DTXSID20701062 DTXSID20336777 DTXSID50469188 DTXSID50609507 DTXSID90723953 DTXSID40148874 DTXSID70701754 DTXSID00854782
DTXSID10814130	DTXSID60225090 DTXSID20459172 DTXSID10879603 DTXSID20812723 DTXSID20596511 DTXSID40437235 DTXSID50369891 DTXSID00408603 DTXSID90674456 DTXSID1020770 DTXSID80536458 DTXSID00730234 DTXSID30185571 DTXSID30389390 DTXSID90517016 DTXSID10500445 DTXSID00801993 DTXSID00876464 DTXSID1073367 DTXSID50180124
DTXSID60633570	DTXSID10454999 DTXSID70509131 DTXSID30596401 DTXSID40396010 DTXSID30382886 DTXSID20732598 DTXSID4067771 DTXSID90602815 DTXSID60487010 DTXSID00484583 DTXSID80228265 DTXSID50778606 DTXSID60651597 DTXSID90226358 DTXSID70651442 DTXSID40507649 DTXSID10475568 DTXSID00733169 DTXSID50337419 DTXSID00352677
DTXSID3064437	DTXSID7062829 DTXSID80755203 DTXSID70700545 DTXSID10166560 DTXSID60827836 DTXSID40847931 DTXSID30561457 DTXSID00181227 DTXSID9060780 DTXSID90801740 DTXSID80336930 DTXSID30707171 DTXSID20544754 DTXSID10806954 DTXSID10767839 DTXSID7063348 DTXSID5068237 DTXSID80761743 DTXSID90759777 DTXSID80808061
DTXSID50610734	DTXSID10214297 DTXSID60632568 DTXSID20652828 DTXSID10166661 DTXSID40663355 DTXSID80541527 DTXSID40344319 DTXSID20301864 DTXSID20472346 DTXSID10594329 DTXSID80819157 DTXSID50632779 DTXSID80810740 DTXSID70768221 DTXSID90332584 DTXSID00618124 DTXSID40675519 DTXSID80694683 DTXSID60807198 DTXSID10343415
DTXSID30396761	DTXSID50460130 DTXSID40441716 DTXSID80452144 DTXSID70418875 DTXSID00364578 DTXSID20481377 DTXSID10786702 DTXSID40519863 DTXSID00438884 DTXSID20190770 DTXSID60150616 DTXSID40543441 DTXSID7069071 DTXSID2060967 DTXSID30713515 DTXSID80787827 DTXSID20449210 DTXSID70706764 DTXSID60408725 DTXSID90543436
DTXSID7057787	DTXSID00588237 DTXSID70471445 DTXSID70399418 DTXSID70308404 DTXSID70515611 DTXSID70845187 DTXSID50193274 DTXSID50303033 DTXSID10218755 DTXSID00405117 DTXSID10478690 DTXSID50848994 DTXSID90817745 DTXSID60734213 DTXSID00293935 DTXSID20840788 DTXSID00568670 DTXSID20278163 DTXSID10602135 DTXSID90456239
DTXSID70792849	DTXSID80466206 DTXSID60319948 DTXSID10404676 DTXSID70569078 DTXSID50457944 DTXSID70549451 DTXSID80578333 DTXSID70460152 DTXSID20383463 DTXSID40200784 DTXSID80496346 DTXSID50340226 DTXSID60883917 DTXSID80436883 DTXSID10805644 DTXSID40330590 DTXSID10500324 DTXSID20674247 DTXSID20431170 DTXSID30600895
DTXSID90883243	DTXSID7070478 DTXSID80887654 DTXSID40707182 DTXSID60300730 DTXSID40880888 DTXSID00841374 DTXSID3042003 DTXSID00597728 DTXSID40659197 DTXSID00892301 DTXSID3026564 DTXSID50767959 DTXSID00710076 DTXSID60598519 DTXSID30300722 DTXSID9051741 DTXSID70805761 DTXSID8027872 DTXSID8070128 DTXSID40770194
DTXSID70569078	DTXSID70460152 DTXSID70792849 DTXSID80466206 DTXSID10404676 DTXSID50457944 DTXSID60319948 DTXSID10500324 DTXSID20341866 DTXSID00763380 DTXSID50340226 DTXSID20431170 DTXSID80578333 DTXSID90784241 DTXSID40200784 DTXSID00391541 DTXSID70549451 DTXSID30302286 DTXSID80496346 DTXSID20383463 DTXSID90487604
DTXSID80340739	DTXSID60552474 DTXSID40714614 DTXSID20295330 DTXSID40819355 DTXSID50662258 DTXSID60880648 DTXSID60515882 DTXSID80836521 DTXSID40887796 DTXSID40707566 DTXSID10784248 DTXSID70816731 DTXSID30393871 DTXSID60759845 DTXSID40341646 DTXSID30210675 DTXSID00841233 DTXSID60864504 DTXSID60423817 DTXSID80853814
DTXSID10783438	DTXSID40208523 DTXSID6063511 DTXSID80560258 DTXSID00775887 DTXSID90660430 DTXSID90765171 DTXSID70622612 DTXSID80576899 DTXSID00559144 DTXSID90302606 DTXSID60751309 DTXSID2063765 DTXSID7066148 DTXSID30702166 DTXSID70751310 DTXSID4052005 DTXSID1062546 DTXSID60173926 DTXSID80770815 DTXSID90404730
DTXSID90474074	DTXSID00543245 DTXSID20656109 DTXSID40474221 DTXSID20565166 DTXSID40221893 DTXSID90825244 DTXSID80468881 DTXSID50807743 DTXSID70383372 DTXSID20339268 DTXSID80522659 DTXSID50277740 DTXSID90783810 DTXSID10516460 DTXSID00448923 DTXSID70526161 DTXSID5059296 DTXSID10183595 DTXSID10811386 DTXSID50874359
DTXSID70179095	DTXSID90365271 DTXSID50632214 DTXSID60277670 DTXSID20368654 DTXSID80179102 DTXSID60834747 DTXSID00560770 DTXSID60169208 DTXSID70448359 DTXSID70499624 DTXSID70603769 DTXSID00503965 DTXSID00509104 DTXSID10442659 DTXSID20167826 DTXSID20680227 DTXSID70740461 DTXSID10297585 DTXSID70405947 DTXSID80169503
DTXSID20277151	DTXSID90733219 DTXSID10600595 DTXSID70299409 DTXSID60835815 DTXSID30671560 DTXSID50321732 DTXSID70589478 DTXSID00393560 DTXSID60710254 DTXSID70783656 DTXSID20536457 DTXSID80275653 DTXSID00559806 DTXSID00362579 DTXSID60657039 DTXSID90325153 DTXSID30395390 DTXSID20288681 DTXSID80557042 DTXSID60837258
DTXSID60762319	DTXSID80212043 DTXSID90567930 DTXSID40481576 DTXSID40296046 DTXSID80671813 DTXSID20346755 DTXSID80892809 DTXSID40356538 DTXSID20145200 DTXSID90734084 DTXSID70720187 DTXSID00483778 DTXSID50580983 DTXSID90824055 DTXSID50528446 DTXSID70201941 DTXSID50682193 DTXSID40595309 DTXSID20365502 DTXSID50179351
DTXSID10375019	DTXSID60199601 DTXSID60168776 DTXSID80742077 DTXSID60526594 DTXSID20486403 DTXSID20573226 DTXSID20291539 DTXSID00546650 DTXSID50311390 DTXSID80501489 DTXSID70655400 DTXSID20654822 DTXSID10498176 DTXSID00110032 DTXSID50464411 DTXSID3057692 DTXSID30638613 DTXSID10561854 DTXSID40795125 DTXSID20838140
DTXSID7070769	DTXSID90152845 DTXSID50400490 DTXSID00876287 DTXSID40743606 DTXSID30167650 DTXSID30717210 DTXSID30226478 DTXSID60734490 DTXSID30741914 DTXSID40319289 DTXSID30422675 DTXSID10517912 DTXSID30664371 DTXSID00601031 DTXSID60446788 DTXSID10551290 DTXSID10303695 DTXSID70350342 DTXSID80351481 DTXSID80637939
DTXSID30796242	DTXSID00527666 DTXSID30196965 DTXSID4063614 DTXSID10503471 DTXSID50828135 DTXSID20199061 DTXSID20210280 DTXSID80847470 DTXSID30819268 DTXSID70239188 DTXSID60276426 DTXSID10206612 DTXSID40835535 DTXSID1041398 DTXSID40770194 DTXSID8027872 DTXSID40659197 DTXSID1069825 DTXSID00768219 DTXSID70805761
DTXSID10803882	DTXSID20740911 DTXSID00501709 DTXSID30770906 DTXSID00489119 DTXSID40885595 DTXSID70667260 DTXSID80470161 DTXSID00588454 DTXSID90519474 DTXSID10888816 DTXSID70606674 DTXSID10493989 DTXSID40591346 DTXSID50277740 DTXSID50586107 DTXSID70724044 DTXSID50278717 DTXSID10728667 DTXSID00408825 DTXSID70835068
DTXSID20429673	DTXSID50396228 DTXSID90474094 DTXSID1060712 DTXSID10851404 DTXSID10296836 DTXSID30290992 DTXSID30557991 DTXSID40727163 DTXSID40841515 DTXSID50236892 DTXSID80601918 DTXSID60477951 DTXSID90382428 DTXSID10174948 DTXSID60733408 DTXSID70784229 DTXSID30727910 DTXSID90284579 DTXSID80698888 DTXSID90625963
DTXSID50474550	DTXSID00182673 DTXSID70424719 DTXSID90388561 DTXSID20645871 DTXSID9065364 DTXSID80338176 DTXSID40460886 DTXSID70647688 DTXSID60829451 DTXSID80531529 DTXSID40285339 DTXSID60550096 DTXSID70611081 DTXSID80744117 DTXSID20752594 DTXSID20353681 DTXSID90486990 DTXSID70500269 DTXSID00603050 DTXSID30485028
DTXSID00490846	DTXSID40792871 DTXSID70320828 DTXSID90485307 DTXSID00427854 DTXSID90493144 DTXSID00308578 DTXSID80664260 DTXSID20876264 DTXSID80320612 DTXSID40222441 DTXSID40177548 DTXSID50663063 DTXSID8024365 DTXSID50664656 DTXSID60715926 DTXSID70472139 DTXSID80514418 DTXSID50310126 DTXSID50638155 DTXSID70607621
DTXSID60675213	DTXSID80200465 DTXSID10190002 DTXSID30586387 DTXSID60471818 DTXSID40776999 DTXSID10766645 DTXSID30594280 DTXSID6047862 DTXSID10482878 DTXSID80540772 DTXSID40504198 DTXSID10772928 DTXSID70894756 DTXSID50383330 DTXSID00378832 DTXSID7066643 DTXSID00612400 DTXSID00725468 DTXSID30416392 DTXSID10757811
DTXSID50456533	DTXSID90578703 DTXSID10357037 DTXSID90379934 DTXSID50472117 DTXSID30854210 DTXSID60184870 DTXSID60665472 DTXSID70791312 DTXSID10592880 DTXSID60670142 DTXSID90721373 DTXSID70675103 DTXSID80604328 DTXSID00774916 DTXSID60372553 DTXSID90707556 DTXSID40482427 DTXSID10495286 DTXSID80661158 DTXSID40372051
DTXSID20694900	DTXSID20488861 DTXSID5059822 DTXSID80479295 DTXSID70203864 DTXSID20184139 DTXSID20578675 DTXSID70523594 DTXSID00164439 DTXSID90809448 DTXSID30448451 DTXSID40552058 DTXSID50846531 DTXSID80740472 DTXSID60162739 DTXSID00725887 DTXSID50391273 DTXSID10835749 DTXSID40808082 DTXSID50528608 DTXSID80729287
DTXSID80640241	DTXSID90341893 DTXSID10647905 DTXSID80804386 DTXSID40558595 DTXSID10439569 DTXSID80576238 DTXSID70212678 DTXSID50679866 DTXSID30781931 DTXSID30530426 DTXSID30406096 DTXSID00507589 DTXSID90344743 DTXSID80790210 DTXSID80624889 DTXSID30508241 DTXSID10503390 DTXSID30639766 DTXSID90778807 DTXSID70450932
DTXSID60280841	DTXSID40717029 DTXSID10680579 DTXSID30857589 DTXSID00896344 DTXSID60733680 DTXSID40655477 DTXSID30593950 DTXSID80176712 DTXSID10534740 DTXSID20656927 DTXSID70529677 DTXSID20500895 DTXSID10202997 DTXSID90702203 DTXSID20789128 DTXSID10568964 DTXSID50648810 DTXSID60640704 DTXSID10695340 DTXSID40462022
DTXSID70438513	DTXSID40559067 DTXSID80711127 DTXSID00570016 DTXSID20351187 DTXSID00811431 DTXSID80214022 DTXSID00453198 DTXSID00802263 DTXSID80609398 DTXSID80215670 DTXSID30879726 DTXSID20372756 DTXSID60745223 DTXSID40543966 DTXSID40482043 DTXSID50176128 DTXSID10342625 DTXSID70857447 DTXSID1065899 DTXSID00571927
DTXSID60500859	DTXSID00663871 DTXSID20348830 DTXSID40856366 DTXSID20857154 DTXSID70788262 DTXSID40652067 DTXSID60471338 DTXSID60175162 DTXSID90605508 DTXSID60467599 DTXSID80437991 DTXSID50590188 DTXSID80621691 DTXSID60187922 DTXSID10280790 DTXSID20452729 DTXSID50274133 DTXSID3068592 DTXSID20372933 DTXSID90749597
DTXSID10425129	DTXSID20811357 DTXSID60510635 DTXSID60291078 DTXSID20416442 DTXSID40617934 DTXSID90759338 DTXSID80324357 DTXSID10341552 DTXSID70599390 DTXSID80442686 DTXSID70150627 DTXSID00176032 DTXSID20798412 DTXSID10541414 DTXSID40194558 DTXSID8066347 DTXSID00474121 DTXSID00204985 DTXSID00290363 DTXSID60805533
DTXSID50286514	DTXSID40701589 DTXSID60754572 DTXSID60738998 DTXSID90492910 DTXSID90796667 DTXSID50736206 DTXSID10560226 DTXSID00338633 DTXSID0075106 DTXSID80715221 DTXSID00405955 DTXSID90850096 DTXSID20351581 DTXSID60399760 DTXSID80532359 DTXSID10307355 DTXSID50505318 DTXSID10410373 DTXSID00405935 DTXSID10465025
DTXSID20721068	DTXSID30190943 DTXSID10537195 DTXSID00879551 DTXSID00399320 DTXSID70358808 DTXSID3063095 DTXSID60675511 DTXSID80486469 DTXSID10712182 DTXSID20206981 DTXSID30242911 DTXSID70750944 DTXSID60647298 DTXSID70470251 DTXSID00511328 DTXSID60193508 DTXSID50742746 DTXSID90321837 DTXSID70445343 DTXSID50879561
DTXSID90285046	DTXSID10632992 DTXSID50518509 DTXSID90300187 DTXSID40699437 DTXSID80295533 DTXSID70745916 DTXSID10857249 DTXSID90831284 DTXSID20522017 DTXSID50429722 DTXSID60145820 DTXSID00145980 DTXSID3063417 DTXSID10557050 DTXSID20603719 DTXSID60593347 DTXSID50677448 DTXSID60390974 DTXSID10705413 DTXSID70653901
DTXSID90456951	DTXSID30589813 DTXSID80772798 DTXSID00587664 DTXSID60577829 DTXSID60378590 DTXSID90667540 DTXSID60402369 DTXSID70353237 DTXSID40845735 DTXSID20496845 DTXSID10569931 DTXSID5068158 DTXSID40541644 DTXSID30640913 DTXSID90520141 DTXSID60820125 DTXSID00553187 DTXSID30718065 DTXSID20163722 DTXSID90829020
DTXSID40841656	DTXSID40228625 DTXSID00755265 DTXSID30466877 DTXSID60335284 DTXSID70487026 DTXSID30571612 DTXSID00373504 DTXSID70366685 DTXSID40671632 DTXSID90707511 DTXSID10707634 DTXSID80239336 DTXSID90877561 DTXSID40325042 DTXSID00284505 DTXSID50506067 DTXSID20400745 DTXSID50383239 DTXSID40146198 DTXSID30551136
DTXSID60320630	DTXSID00854560 DTXSID40790019 DTXSID00201055 DTXSID70672753 DTXSID90794320 DTXSID20770410 DTXSID50681040 DTXSID60143023 DTXSID70668075 DTXSID10491980 DTXSID7023194 DTXSID40310872 DTXSID60707765 DTXSID80349621 DTXSID20465495 DTXSID50306463 DTXSID70283222 DTXSID40183785 DTXSID00462982 DTXSID40357580
DTXSID80142856	DTXSID90447349 DTXSID90715717 DTXSID70143155 DTXSID90499641 DTXSID60744317 DTXSID10771759 DTXSID50872976 DTXSID30442510 DTXSID20378677 DTXSID70828773 DTXSID50742468 DTXSID90205022 DTXSID70170502 DTXSID80572896 DTXSID30217503 DTXSID20605758 DTXSID80867496 DTXSID50471468 DTXSID20735721 DTXSID10516208
DTXSID90894031	DTXSID50735552 DTXSID80756235 DTXSID50728580 DTXSID30411862 DTXSID70303631 DTXSID00699594 DTXSID30434995 DTXSID60823116 DTXSID00400920 DTXSID40373523 DTXSID00541322 DTXSID50793213 DTXSID10314887 DTXSID00472485 DTXSID50326520 DTXSID20625113 DTXSID20756234 DTXSID10310263 DTXSID70156705 DTXSID60813198
DTXSID90170084	DTXSID60528538 DTXSID30482754 DTXSID50609340 DTXSID40159763 DTXSID40640242 DTXSID30441386 DTXSID90557492 DTXSID70342469 DTXSID70591172 DTXSID20406242 DTXSID90545091 DTXSID5062425 DTXSID80459037 DTXSID00850007 DTXSID30798923 DTXSID90293828 DTXSID00540491 DTXSID80548536 DTXSID50438652 DTXSID90528945
DTXSID50591554	DTXSID00289818 DTXSID6061604 DTXSID10653849 DTXSID70172723 DTXSID80314112 DTXSID50170126 DTXSID50581773 DTXSID50294013 DTXSID0025442 DTXSID50768289 DTXSID20355044 DTXSID90163931 DTXSID20669517 DTXSID70171099 DTXSID30408732 DTXSID40562536 DTXSID80564074 DTXSID20152590 DTXSID20162952 DTXSID00455874
DTXSID00622620	DTXSID80626883 DTXSID90419162 DTXSID60671114 DTXSID60592557 DTXSID70489803 DTXSID20646308 DTXSID90331274 DTXSID10593776 DTXSID90625943 DTXSID20595680 DTXSID40350132 DTXSID80320773 DTXSID80568895 DTXSID10536082 DTXSID80293478 DTXSID90613289 DTXSID60695037 DTXSID10533314 DTXSID80228902 DTXSID40407716
DTXSID10627489	DTXSID40797200 DTXSID20148998 DTXSID60523124 DTXSID10467660 DTXSID00171365 DTXSID60188550 DTXSID50545613 DTXSID00405738 DTXSID70240355 DTXSID50851665 DTXSID60762692 DTXSID60625556 DTXSID30793711 DTXSID40413276 DTXSID90433782 DTXSID60704451 DTXSID10633424 DTXSID20547861 DTXSID40748373 DTXSID30808778
DTXSID20368654	DTXSID90365271 DTXSID70179095 DTXSID00503965 DTXSID90451623 DTXSID50632214 DTXSID00509104 DTXSID70740461 DTXSID70499624 DTXSID20183980 DTXSID70603769 DTXSID70448359 DTXSID40566478 DTXSID60277670 DTXSID60285093 DTXSID30438498 DTXSID80179102 DTXSID30150880 DTXSID60834747 DTXSID10724700 DTXSID50321555
DTXSID60290586	DTXSID40641294 DTXSID90699861 DTXSID70815446 DTXSID90812856 DTXSID10144424 DTXSID70771053 DTXSID50846172 DTXSID70465081 DTXSID00641295 DTXSID70645886 DTXSID10332006 DTXSID3037549 DTXSID40757268 DTXSID70668959 DTXSID70875984 DTXSID80472908 DTXSID20745421 DTXSID10676997 DTXSID00352374 DTXSID00457217
DTXSID40396919	DTXSID00533141 DTXSID60289273 DTXSID40751488 DTXSID60829072 DTXSID80713888 DTXSID70281485 DTXSID50325735 DTXSID60558138 DTXSID30494877 DTXSID30714365 DTXSID1044514 DTXSID60790258 DTXSID50460918 DTXSID40745100 DTXSID20370717 DTXSID00511303 DTXSID00604441 DTXSID60667577 DTXSID40711522 DTXSID30149274
DTXSID40187066	DTXSID50175070 DTXSID70799737 DTXSID90560906 DTXSID60658541 DTXSID80335786 DTXSID20624146 DTXSID70453201 DTXSID50198300 DTXSID40762115 DTXSID00807834 DTXSID70562362 DTXSID00816986 DTXSID50783538 DTXSID90820815 DTXSID40157103 DTXSID40420900 DTXSID00325563 DTXSID50632714 DTXSID20432905 DTXSID70724408
DTXSID70316685	DTXSID40315307 DTXSID10165497 DTXSID70280034 DTXSID40741889 DTXSID90711875 DTXSID60580217 DTXSID90837201 DTXSID60582711 DTXSID80737983 DTXSID40662929 DTXSID90278357 DTXSID00815070 DTXSID30330387 DTXSID50242978 DTXSID60694484 DTXSID00885839 DTXSID40887211 DTXSID30575872 DTXSID40611977 DTXSID50515371
DTXSID10634274	DTXSID80712154 DTXSID60805533 DTXSID50147050 DTXSID70548989 DTXSID20875878 DTXSID60495337 DTXSID20499770 DTXSID80612887 DTXSID90444156 DTXSID70392328 DTXSID20564316 DTXSID30879706 DTXSID00176032 DTXSID00474121 DTXSID40214669 DTXSID60785200 DTXSID20754836 DTXSID80395860 DTXSID80552613 DTXSID40358239
DTXSID90322162	DTXSID40556793 DTXSID20722459 DTXSID40163623 DTXSID90783517 DTXSID70336909 DTXSID70747839 DTXSID30584969 DTXSID00307723 DTXSID40875118 DTXSID00421579 DTXSID10288877 DTXSID60593084 DTXSID10225444 DTXSID80675912 DTXSID00234328 DTXSID40751463 DTXSID3061683 DTXSID90217423 DTXSID40594852 DTXSID30624394
DTXSID70578802	DTXSID80841231 DTXSID90364027 DTXSID70484378 DTXSID20383281 DTXSID60409252 DTXSID30813069 DTXSID70605021 DTXSID50467164 DTXSID20754952 DTXSID20293179 DTXSID80624889 DTXSID30851865 DTXSID50523537 DTXSID80442020 DTXSID70518021 DTXSID80424583 DTXSID80827797 DTXSID90514803 DTXSID90344743 DTXSID30148065
DTXSID80284285	DTXSID80207252 DTXSID20602808 DTXSID60668665 DTXSID00387843 DTXSID40427853 DTXSID90185830 DTXSID40657471 DTXSID50430015 DTXSID20442145 DTXSID60876682 DTXSID10645305 DTXSID90379454 DTXSID50310222 DTXSID70791059 DTXSID40540213 DTXSID20876264 DTXSID70170840 DTXSID50277765 DTXSID60441415 DTXSID90493144
DTXSID80679990	DTXSID00326459 DTXSID60763189 DTXSID80404820 DTXSID50814573 DTXSID50211245 DTXSID10676396 DTXSID70646373 DTXSID90530907 DTXSID60855710 DTXSID50184864 DTXSID70793598 DTXSID70554161 DTXSID60459171 DTXSID70445500 DTXSID80364511 DTXSID70354901 DTXSID10145572 DTXSID20342035 DTXSID50333673 DTXSID60156476
DTXSID40633972	DTXSID00196518 DTXSID40280980 DTXSID40696461 DTXSID50569319 DTXSID10651542 DTXSID10292035 DTXSID50304449 DTXSID30704488 DTXSID50640834 DTXSID90370522 DTXSID10277524 DTXSID30474098 DTXSID00567961 DTXSID0073291 DTXSID00390236 DTXSID00508096 DTXSID80851239 DTXSID60837258 DTXSID70645684 DTXSID50485005
DTXSID00324278	DTXSID90610334 DTXSID70425009 DTXSID70895425 DTXSID20873839 DTXSID20189422 DTXSID70441289 DTXSID70895420 DTXSID30878370 DTXSID20594416 DTXSID30593753 DTXSID40615076 DTXSID70746584 DTXSID50830455 DTXSID60463218 DTXSID90415609 DTXSID70243780 DTXSID10648912 DTXSID60189986 DTXSID60243779 DTXSID00769261
DTXSID30444993	DTXSID00668987 DTXSID40845694 DTXSID10777554 DTXSID70669229 DTXSID50356468 DTXSID80855090 DTXSID00670222 DTXSID80593521 DTXSID80289396 DTXSID40175741 DTXSID50776243 DTXSID80299652 DTXSID10356469 DTXSID10712405 DTXSID50622817 DTXSID20640467 DTXSID60669233 DTXSID80457351 DTXSID20394216 DTXSID70710927
DTXSID30636396	DTXSID50412755 DTXSID20406545 DTXSID40310872 DTXSID70820898 DTXSID50345014 DTXSID20770410 DTXSID00402085 DTXSID50437069 DTXSID40670741 DTXSID70710422 DTXSID70221568 DTXSID60143023 DTXSID40430266 DTXSID70886858 DTXSID70287543 DTXSID80190337 DTXSID00345680 DTXSID50227583 DTXSID90783198 DTXSID20534918
DTXSID30852256	DTXSID10301277 DTXSID50179518 DTXSID90560729 DTXSID70873662 DTXSID80710670 DTXSID50400551 DTXSID5070529 DTXSID10806398 DTXSID20368194 DTXSID50631606 DTXSID30371457 DTXSID50310520 DTXSID90435044 DTXSID70235529 DTXSID60622580 DTXSID50181656 DTXSID80439612 DTXSID20605314 DTXSID60875796 DTXSID80560576
DTXSID80471577	DTXSID10478554 DTXSID70600399 DTXSID50302824 DTXSID00430282 DTXSID90182581 DTXSID10679943 DTXSID10566046 DTXSID10602615 DTXSID60524732 DTXSID80333444 DTXSID40616866 DTXSID80415456 DTXSID40282005 DTXSID30510001 DTXSID50833365 DTXSID10190906 DTXSID30485745 DTXSID70787851 DTXSID10640052 DTXSID70564109
DTXSID80310179	DTXSID20602343 DTXSID10647703 DTXSID20600723 DTXSID60381185 DTXSID50491545 DTXSID30369516 DTXSID10708949 DTXSID60792898 DTXSID00237177 DTXSID40171566 DTXSID90819865 DTXSID20892085 DTXSID50468535 DTXSID90283648 DTXSID90440052 DTXSID50478058 DTXSID30435624 DTXSID60425730 DTXSID20243255 DTXSID30615328
DTXSID50733073	DTXSID70582525 DTXSID60658369 DTXSID90524068 DTXSID40228701 DTXSID20877337 DTXSID00754490 DTXSID50668230 DTXSID2026602 DTXSID20502450 DTXSID30526586 DTXSID80287832 DTXSID70433583 DTXSID50696336 DTXSID2040280 DTXSID20676943 DTXSID50555378 DTXSID10715779 DTXSID40209676 DTXSID40847052 DTXSID60458866
DTXSID20540059	DTXSID00507064 DTXSID00616882 DTXSID50840392 DTXSID50878074 DTXSID50703291 DTXSID00715541 DTXSID00701883 DTXSID60761685 DTXSID50365777 DTXSID90825880 DTXSID40163406 DTXSID80660707 DTXSID90375214 DTXSID10144949 DTXSID00632961 DTXSID80733465 DTXSID10615447 DTXSID10145133 DTXSID80748150 DTXSID50862599
DTXSID90396409	DTXSID50678379 DTXSID60705544 DTXSID80354715 DTXSID00166478 DTXSID60183868 DTXSID90362422 DTXSID40556990 DTXSID20295274 DTXSID90457286 DTXSID90567016 DTXSID60497452 DTXSID70876234 DTXSID30885241 DTXSID40508934 DTXSID30350580 DTXSID70671842 DTXSID00511085 DTXSID80661173 DTXSID70165837 DTXSID80358899
DTXSID40671112	DTXSID8060298 DTXSID90162424 DTXSID80573368 DTXSID80482123 DTXSID10298976 DTXSID30583295 DTXSID40407716 DTXSID50170020 DTXSID00382853 DTXSID70553659 DTXSID60646347 DTXSID40432169 DTXSID80293478 DTXSID80626181 DTXSID80381501 DTXSID20382350 DTXSID10753257 DTXSID90646895 DTXSID00646629 DTXSID60427815
DTXSID50227583	DTXSID70185176 DTXSID80492207 DTXSID50697207 DTXSID40430266 DTXSID20406545 DTXSID10471025 DTXSID70710422 DTXSID00618008 DTXSID40670741 DTXSID50408638 DTXSID70820898 DTXSID50412755 DTXSID50437069 DTXSID9068409 DTXSID10181551 DTXSID70287543 DTXSID40294108 DTXSID00402085 DTXSID30636396 DTXSID70310608
DTXSID20641217	DTXSID30148065 DTXSID50438652 DTXSID30627320 DTXSID00540491 DTXSID20754952 DTXSID90344743 DTXSID70591172 DTXSID90293828 DTXSID80459037 DTXSID90557492 DTXSID30482754 DTXSID00850007 DTXSID60528538 DTXSID50467164 DTXSID40159763 DTXSID80827797 DTXSID90170084 DTXSID80841231 DTXSID30781931 DTXSID80804386
DTXSID00552054	DTXSID60812328 DTXSID10640895 DTXSID50234914 DTXSID10661722 DTXSID30325278 DTXSID50563231 DTXSID30828774 DTXSID80444347 DTXSID3022168 DTXSID10556700 DTXSID20657292 DTXSID80889294 DTXSID50793056 DTXSID00468308 DTXSID50469729 DTXSID30280398 DTXSID0035748 DTXSID70477947 DTXSID30460633 DTXSID10212011
DTXSID70340864	DTXSID00887737 DTXSID80816363 DTXSID00432089 DTXSID00647136 DTXSID0062896 DTXSID20184573 DTXSID5068237 DTXSID80338050 DTXSID90619786 DTXSID10658859 DTXSID0074637 DTXSID7063348 DTXSID30146203 DTXSID50307511 DTXSID80759781 DTXSID00432064 DTXSID30769931 DTXSID50753837 DTXSID50887767 DTXSID80872661
DTXSID10329471	DTXSID60700534 DTXSID10228319 DTXSID10818850 DTXSID90341590 DTXSID30805207 DTXSID40602800 DTXSID20417838 DTXSID90788820 DTXSID30662877 DTXSID50401306 DTXSID10513631 DTXSID90573157 DTXSID30440298 DTXSID70353277 DTXSID70291064 DTXSID70554328 DTXSID10611146 DTXSID10420715 DTXSID40299517 DTXSID10896254
DTXSID30202090	DTXSID40717226 DTXSID00826525 DTXSID60879315 DTXSID40295776 DTXSID00703665 DTXSID90373013 DTXSID30375511 DTXSID50725615 DTXSID40561387 DTXSID00672786 DTXSID30188123 DTXSID80698888 DTXSID40806821 DTXSID00659436 DTXSID70784229 DTXSID50236892 DTXSID50351332 DTXSID30290992 DTXSID90284579 DTXSID10296836
DTXSID10528543	DTXSID20839490 DTXSID70676993 DTXSID00603732 DTXSID30521910 DTXSID00631297 DTXSID90733890 DTXSID90426730 DTXSID20670305 DTXSID60640320 DTXSID80598470 DTXSID10658556 DTXSID70757352 DTXSID60281853 DTXSID40212084 DTXSID80472403 DTXSID70398406 DTXSID10506745 DTXSID70599971 DTXSID20542816 DTXSID20651114
DTXSID20344438	DTXSID50876373 DTXSID60196817 DTXSID40199265 DTXSID80554975 DTXSID60314594 DTXSID70487026 DTXSID50642050 DTXSID80533624 DTXSID30626050 DTXSID00213411 DTXSID40821998 DTXSID80799980 DTXSID40211577 DTXSID60790354 DTXSID00284505 DTXSID70317677 DTXSID10314701 DTXSID30527250 DTXSID40453516 DTXSID90473481
DTXSID60681854	DTXSID80369369 DTXSID80791282 DTXSID40415492 DTXSID00341086 DTXSID70514624 DTXSID50281226 DTXSID00374536 DTXSID50542445 DTXSID20774958 DTXSID50399370 DTXSID30307175 DTXSID90208553 DTXSID50604451 DTXSID00749821 DTXSID40396237 DTXSID30410198 DTXSID70620279 DTXSID90473522 DTXSID6062672 DTXSID1068853
DTXSID80401773	DTXSID20506014 DTXSID10455027 DTXSID40670408 DTXSID40783663 DTXSID50565977 DTXSID30534449 DTXSID80509384 DTXSID10547456 DTXSID10241407 DTXSID70641121 DTXSID70458695 DTXSID20350337 DTXSID30453484 DTXSID60533889 DTXSID40705360 DTXSID10525294 DTXSID60777408 DTXSID40552518 DTXSID70534448 DTXSID90885863
DTXSID10528548	DTXSID90329454 DTXSID40565486 DTXSID90446892 DTXSID50817943 DTXSID50318526 DTXSID20475812 DTXSID90450858 DTXSID6044648 DTXSID70866998 DTXSID00577964 DTXSID90547570 DTXSID20172071 DTXSID80776034 DTXSID10534841 DTXSID70488750 DTXSID20525381 DTXSID60471398 DTXSID50640319 DTXSID20446421 DTXSID20403498
DTXSID10659285	DTXSID00309808 DTXSID90666452 DTXSID10385012 DTXSID10805306 DTXSID80653437 DTXSID40820466 DTXSID50228318 DTXSID60897039 DTXSID40349804 DTXSID20545105 DTXSID10395035 DTXSID00846581 DTXSID90434118 DTXSID80724015 DTXSID00663412 DTXSID30423703 DTXSID10292499 DTXSID60556013 DTXSID00242185 DTXSID00587649
DTXSID00727285	DTXSID60722973 DTXSID20856708 DTXSID10640133 DTXSID10743259 DTXSID20728991 DTXSID10677540 DTXSID20372610 DTXSID40452221 DTXSID50843904 DTXSID50727371 DTXSID20681991 DTXSID70346321 DTXSID40625933 DTXSID90473163 DTXSID80696900 DTXSID80593006 DTXSID90676672 DTXSID70855387 DTXSID20589443 DTXSID40725967
DTXSID50545799	DTXSID70589594 DTXSID00879470 DTXSID20362556 DTXSID80407255 DTXSID40819113 DTXSID20222383 DTXSID80664341 DTXSID90598663 DTXSID20572976 DTXSID10426979 DTXSID20718317 DTXSID30447287 DTXSID10441061 DTXSID10607802 DTXSID70883463 DTXSID40396237 DTXSID80438847 DTXSID3063045 DTXSID20572759 DTXSID40831916
DTXSID60580217	DTXSID70280034 DTXSID10165497 DTXSID40581323 DTXSID20630782 DTXSID00815070 DTXSID40303729 DTXSID40741889 DTXSID70316685 DTXSID50515371 DTXSID90509214 DTXSID40431657 DTXSID70457305 DTXSID40887211 DTXSID90675241 DTXSID60694484 DTXSID30575872 DTXSID40470283 DTXSID00719322 DTXSID50340948 DTXSID80737983
DTXSID30856991	DTXSID10430157 DTXSID30876674 DTXSID20277075 DTXSID00617930 DTXSID40879338 DTXSID90626596 DTXSID9064007 DTXSID80465693 DTXSID50697207 DTXSID70295163 DTXSID9068409 DTXSID60551669 DTXSID10471025 DTXSID00402085 DTXSID20646803 DTXSID60470523 DTXSID70886858 DTXSID70628018 DTXSID80601317 DTXSID10503052
DTXSID30370420	DTXSID60295137 DTXSID00809530 DTXSID60783822 DTXSID50378827 DTXSID00295196 DTXSID00504311 DTXSID20530950 DTXSID40727906 DTXSID10211044 DTXSID50658550 DTXSID3052355 DTXSID10634214 DTXSID00828564 DTXSID20526914 DTXSID30336223 DTXSID00281357 DTXSID30398346 DTXSID90660374 DTXSID10820094 DTXSID50761336
DTXSID10278874	DTXSID90333915 DTXSID20361488 DTXSID80733804 DTXSID10340242 DTXSID30543016 DTXSID00835551 DTXSID60296149 DTXSID20192491 DTXSID30359270 DTXSID30187171 DTXSID10454010 DTXSID30855949 DTXSID30519731 DTXSID80170356 DTXSID10672237 DTXSID90512026 DTXSID10452450 DTXSID10600479 DTXSID00720635 DTXSID30218010
DTXSID70440333	DTXSID80603790 DTXSID20391366 DTXSID50210571 DTXSID30378406 DTXSID20170390 DTXSID50171916 DTXSID70774685 DTXSID30369516 DTXSID60170258 DTXSID20892085 DTXSID10816412 DTXSID80724191 DTXSID70282073 DTXSID90622311 DTXSID50630316 DTXSID40171566 DTXSID10579757 DTXSID10606431 DTXSID30356901 DTXSID40757627
DTXSID70580369	DTXSID40592792 DTXSID10426095 DTXSID40854049 DTXSID40724874 DTXSID40385722 DTXSID20284800 DTXSID50590547 DTXSID50747579 DTXSID60364099 DTXSID20394317 DTXSID80548314 DTXSID70855660 DTXSID80184812 DTXSID20337542 DTXSID70526803 DTXSID70532141 DTXSID80694421 DTXSID70648998 DTXSID40751468 DTXSID00344971
DTXSID00327365	DTXSID60646983 DTXSID10495286 DTXSID70782861 DTXSID20629590 DTXSID80604328 DTXSID40710035 DTXSID40453450 DTXSID70791312 DTXSID30854210 DTXSID10357037 DTXSID60372553 DTXSID80661158 DTXSID60802643 DTXSID50472117 DTXSID90721373 DTXSID40508934 DTXSID70721139 DTXSID90450050 DTXSID70291387 DTXSID30459729
DTXSID80292163	DTXSID10827381 DTXSID80182974 DTXSID1070773 DTXSID20499770 DTXSID40214669 DTXSID20754836 DTXSID6058972 DTXSID40513644 DTXSID50565290 DTXSID20417959 DTXSID70174964 DTXSID70303297 DTXSID90584703 DTXSID60284925 DTXSID80613172 DTXSID70548989 DTXSID60495337 DTXSID20875878 DTXSID80712154 DTXSID60164793
DTXSID70353277	DTXSID90896171 DTXSID10211569 DTXSID70789794 DTXSID10896254 DTXSID70554328 DTXSID70209866 DTXSID60490347 DTXSID10377134 DTXSID60763987 DTXSID40623797 DTXSID00567360 DTXSID70476834 DTXSID20846467 DTXSID10420715 DTXSID00600983 DTXSID50538646 DTXSID00566070 DTXSID20417838 DTXSID10329471 DTXSID50667344
DTXSID80292582	DTXSID50453481 DTXSID40700572 DTXSID5022803 DTXSID20680303 DTXSID40649795 DTXSID50175277 DTXSID00374652 DTXSID10186102 DTXSID90645348 DTXSID80661234 DTXSID20883175 DTXSID80808541 DTXSID50681767 DTXSID40585508 DTXSID70799373 DTXSID60150590 DTXSID90771333 DTXSID60848061 DTXSID30722324 DTXSID00833719
DTXSID60744312	DTXSID70366605 DTXSID30844757 DTXSID90401946 DTXSID80627799 DTXSID60315960 DTXSID80475393 DTXSID00243556 DTXSID0059081 DTXSID2041963 DTXSID60850028 DTXSID20482445 DTXSID10796583 DTXSID00313622 DTXSID00182971 DTXSID40483116 DTXSID50552847 DTXSID30649502 DTXSID20390950 DTXSID50660774 DTXSID00539461
DTXSID50857501	DTXSID00496606 DTXSID90624653 DTXSID50402570 DTXSID40749345 DTXSID00143623 DTXSID20702812 DTXSID00797266 DTXSID70488816 DTXSID70316448 DTXSID40455555 DTXSID30355691 DTXSID20379543 DTXSID50589017 DTXSID30550669 DTXSID30775971 DTXSID30837109 DTXSID00372794 DTXSID90857282 DTXSID90506460 DTXSID90352929
DTXSID60744317	DTXSID90715717 DTXSID70828773 DTXSID70395213 DTXSID30442510 DTXSID50742468 DTXSID20612902 DTXSID90205022 DTXSID00184258 DTXSID30540282 DTXSID80142856 DTXSID90499641 DTXSID60329183 DTXSID40700158 DTXSID90447349 DTXSID00304090 DTXSID70524783 DTXSID90554466 DTXSID20378677 DTXSID70221826 DTXSID00849057
DTXSID20618585	DTXSID10335214 DTXSID60508572 DTXSID80452503 DTXSID50727159 DTXSID50719099 DTXSID70179717 DTXSID90700688 DTXSID60487459 DTXSID30465360 DTXSID00669338 DTXSID20835912 DTXSID30282615 DTXSID20604640 DTXSID30168268 DTXSID10627005 DTXSID70548101 DTXSID00500813 DTXSID30418775 DTXSID20629777 DTXSID60425230
DTXSID50399370	DTXSID00341086 DTXSID20774958 DTXSID50345554 DTXSID70514624 DTXSID30410198 DTXSID90473522 DTXSID60710239 DTXSID80791282 DTXSID20562958 DTXSID60681854 DTXSID40311824 DTXSID40415492 DTXSID00374536 DTXSID50281226 DTXSID40489330 DTXSID80369369 DTXSID90349172 DTXSID20572976 DTXSID90208553 DTXSID50542445
DTXSID30744627	DTXSID70284875 DTXSID10589215 DTXSID30694279 DTXSID00234328 DTXSID3061683 DTXSID80675912 DTXSID90823164 DTXSID50590148 DTXSID30725678 DTXSID50662894 DTXSID20743427 DTXSID60638580 DTXSID60177085 DTXSID60674165 DTXSID60813476 DTXSID10654715 DTXSID40656404 DTXSID40676763 DTXSID10712061 DTXSID10629923
DTXSID00618124	DTXSID50850557 DTXSID80541527 DTXSID20676923 DTXSID50632779 DTXSID00725569 DTXSID10166661 DTXSID90332584 DTXSID40344319 DTXSID3042180 DTXSID20652828 DTXSID60632568 DTXSID10189517 DTXSID10214297 DTXSID20694627 DTXSID40165465 DTXSID50610734 DTXSID70599254 DTXSID10343415 DTXSID70768221 DTXSID10446950
DTXSID80151549	DTXSID70513152 DTXSID00294381 DTXSID10541111 DTXSID70832754 DTXSID20766015 DTXSID50591877 DTXSID00374011 DTXSID40325007 DTXSID30653902 DTXSID60333760 DTXSID0052590 DTXSID50849249 DTXSID80351628 DTXSID80606589 DTXSID40335101 DTXSID10565357 DTXSID30319213 DTXSID40589021 DTXSID00418328 DTXSID10426696
DTXSID00769266	DTXSID60214121 DTXSID10675228 DTXSID70693504 DTXSID30566720 DTXSID60542052 DTXSID40466085 DTXSID50178708 DTXSID10561975 DTXSID30558488 DTXSID10803483 DTXSID90518543 DTXSID30409264 DTXSID20781223 DTXSID90733638 DTXSID60308751 DTXSID40382933 DTXSID50404296 DTXSID20876047 DTXSID00318455 DTXSID40811253
DTXSID80773083	DTXSID30851507 DTXSID60152170 DTXSID40823513 DTXSID10218654 DTXSID60874764 DTXSID40471876 DTXSID40823497 DTXSID00454862 DTXSID30597130 DTXSID40715661 DTXSID70300044 DTXSID30825102 DTXSID40333127 DTXSID40156575 DTXSID40874762 DTXSID10501255 DTXSID00832722 DTXSID90155270 DTXSID50302465 DTXSID00163427
DTXSID10502681	DTXSID30301456 DTXSID50640319 DTXSID20403498 DTXSID60340393 DTXSID70488750 DTXSID60497336 DTXSID10649722 DTXSID70612013 DTXSID20446421 DTXSID30671323 DTXSID50505318 DTXSID10579131 DTXSID50318526 DTXSID80776034 DTXSID20172071 DTXSID90329454 DTXSID40481814 DTXSID00405935 DTXSID90573096 DTXSID50465827
DTXSID70781915	DTXSID00664580 DTXSID20514770 DTXSID40462946 DTXSID50464178 DTXSID10565317 DTXSID20676867 DTXSID60618529 DTXSID40222542 DTXSID20488386 DTXSID50683468 DTXSID50342189 DTXSID60612426 DTXSID80354275 DTXSID40195121 DTXSID00508773 DTXSID90724384 DTXSID6020012 DTXSID60351681 DTXSID20168772 DTXSID50225620
DTXSID5069912	DTXSID90520141 DTXSID20163722 DTXSID00637734 DTXSID00553187 DTXSID60378590 DTXSID40706014 DTXSID40541644 DTXSID10345757 DTXSID70594865 DTXSID10495246 DTXSID30718065 DTXSID60768295 DTXSID40449691 DTXSID50534148 DTXSID40724415 DTXSID30640913 DTXSID10569931 DTXSID20640866 DTXSID90238799 DTXSID00323882
DTXSID50592203	DTXSID70469226 DTXSID50696210 DTXSID60840989 DTXSID50623167 DTXSID10195335 DTXSID70464877 DTXSID50812953 DTXSID50289141 DTXSID90452650 DTXSID90653125 DTXSID30575877 DTXSID10857380 DTXSID10494698 DTXSID10397478 DTXSID20223597 DTXSID30555654 DTXSID20312470 DTXSID70496178 DTXSID60301888 DTXSID40646461
DTXSID10442659	DTXSID60336195 DTXSID70799434 DTXSID30306209 DTXSID50632214 DTXSID70448359 DTXSID10525310 DTXSID3061552 DTXSID30544588 DTXSID70709538 DTXSID40566478 DTXSID5072486 DTXSID00509104 DTXSID10485541 DTXSID30344949 DTXSID10518868 DTXSID70179095 DTXSID50321555 DTXSID40551526 DTXSID30405908 DTXSID90621465
DTXSID70737336	DTXSID90459442 DTXSID70508063 DTXSID10310607 DTXSID30341251 DTXSID00611953 DTXSID80629657 DTXSID80493395 DTXSID50621542 DTXSID10637523 DTXSID10503451 DTXSID40547121 DTXSID30181735 DTXSID30169250 DTXSID80676767 DTXSID30823264 DTXSID80610828 DTXSID80800126 DTXSID20880629 DTXSID00409610 DTXSID50196109
DTXSID50709672	DTXSID10197915 DTXSID30672032 DTXSID20349685 DTXSID70745916 DTXSID50305239 DTXSID30404754 DTXSID30618253 DTXSID50164641 DTXSID90831284 DTXSID20482662 DTXSID1042281 DTXSID50322446 DTXSID60670389 DTXSID40571168 DTXSID00308639 DTXSID30382301 DTXSID60813496 DTXSID70630050 DTXSID20603719 DTXSID60167603
DTXSID10442876	DTXSID30468098 DTXSID80352251 DTXSID30886233 DTXSID70773471 DTXSID0047088 DTXSID80424169 DTXSID70788843 DTXSID60281333 DTXSID80640842 DTXSID40180658 DTXSID70876870 DTXSID40551263 DTXSID30854634 DTXSID40145843 DTXSID80678180 DTXSID70562423 DTXSID70514886 DTXSID10156704 DTXSID40804983 DTXSID30553130
DTXSID50543058	DTXSID20162654 DTXSID60735008 DTXSID70491880 DTXSID50651021 DTXSID60204269 DTXSID10561894 DTXSID20876269 DTXSID20356910 DTXSID50556547 DTXSID50308280 DTXSID00831917 DTXSID50681000 DTXSID50153696 DTXSID90598663 DTXSID40764472 DTXSID40831916 DTXSID10483789 DTXSID00744412 DTXSID80407255 DTXSID80664341
DTXSID30308384	DTXSID70364505 DTXSID70294838 DTXSID60172398 DTXSID70622516 DTXSID9022100 DTXSID90374489 DTXSID80175942 DTXSID00175141 DTXSID20563844 DTXSID40588251 DTXSID10360203 DTXSID90642135 DTXSID00518872 DTXSID10510680 DTXSID50590062 DTXSID10696317 DTXSID60614763 DTXSID40567809 DTXSID80161820 DTXSID20327483
DTXSID80492267	DTXSID70786945 DTXSID30813064 DTXSID50144802 DTXSID10592128 DTXSID20765967 DTXSID30845542 DTXSID80552597 DTXSID6052039 DTXSID30800590 DTXSID10738281 DTXSID30503079 DTXSID90520888 DTXSID7071024 DTXSID90500923 DTXSID4072316 DTXSID30782408 DTXSID10577213 DTXSID70826875 DTXSID00667394 DTXSID2059275
DTXSID70196484	DTXSID70452633 DTXSID70191611 DTXSID90358168 DTXSID90420798 DTXSID30241787 DTXSID00427450 DTXSID50345716 DTXSID40829772 DTXSID70545195 DTXSID00513589 DTXSID70733717 DTXSID60621654 DTXSID60192657 DTXSID40787722 DTXSID10767591 DTXSID00398893 DTXSID70754826 DTXSID40654925 DTXSID20641272 DTXSID20702716
DTXSID30370783	DTXSID70442433 DTXSID50633221 DTXSID00559664 DTXSID50342720 DTXSID20345349 DTXSID40496029 DTXSID10646251 DTXSID8067602 DTXSID90646350 DTXSID30646758 DTXSID90602855 DTXSID40857535 DTXSID50212651 DTXSID40365226 DTXSID50743874 DTXSID50346844 DTXSID30837225 DTXSID80648161 DTXSID30236037 DTXSID00671936
DTXSID80370950	DTXSID90788966 DTXSID90343054 DTXSID50737298 DTXSID50798788 DTXSID0069705 DTXSID90657128 DTXSID00678940 DTXSID50486638 DTXSID60857299 DTXSID10737794 DTXSID80199027 DTXSID50635109 DTXSID00712717 DTXSID90385338 DTXSID50419789 DTXSID00371126 DTXSID0059114 DTXSID80593384 DTXSID20553205 DTXSID20238601
DTXSID10454010	DTXSID30855949 DTXSID00720635 DTXSID10672237 DTXSID20361488 DTXSID60641014 DTXSID80686346 DTXSID80733804 DTXSID30218010 DTXSID00625858 DTXSID60296149 DTXSID20192491 DTXSID8024787 DTXSID10287587 DTXSID30789876 DTXSID10278874 DTXSID30306426 DTXSID10749579 DTXSID30490596 DTXSID10340949 DTXSID00513983
DTXSID00522398	DTXSID70645684 DTXSID60837258 DTXSID30704488 DTXSID90857000 DTXSID30755016 DTXSID70783656 DTXSID10292035 DTXSID00390236 DTXSID50640834 DTXSID50485005 DTXSID8061133 DTXSID10354228 DTXSID40633972 DTXSID40207819 DTXSID30474098 DTXSID90482134 DTXSID00196518 DTXSID30395390 DTXSID0069915 DTXSID90370522
DTXSID30378209	DTXSID10398581 DTXSID40345927 DTXSID1047071 DTXSID30303157 DTXSID20238166 DTXSID30830751 DTXSID40571527 DTXSID00825275 DTXSID00730375 DTXSID10210118 DTXSID60535000 DTXSID1063140 DTXSID70443980 DTXSID20677995 DTXSID40697039 DTXSID10344528 DTXSID80375586 DTXSID90640611 DTXSID10283726 DTXSID50473568
DTXSID80370955	DTXSID50215001 DTXSID40332695 DTXSID50649802 DTXSID10371632 DTXSID50634238 DTXSID40455555 DTXSID20379543 DTXSID10470013 DTXSID00501648 DTXSID60145820 DTXSID70590584 DTXSID50429722 DTXSID10557050 DTXSID00158752 DTXSID70722227 DTXSID20579162 DTXSID70680272 DTXSID80211218 DTXSID70316448 DTXSID90672275
DTXSID80347102	DTXSID20579748 DTXSID70345692 DTXSID00726213 DTXSID50660638 DTXSID80651337 DTXSID50340887 DTXSID80567565 DTXSID50196164 DTXSID70490555 DTXSID60528215 DTXSID10492816 DTXSID90485165 DTXSID50867463 DTXSID60768518 DTXSID00425996 DTXSID30725638 DTXSID10447669 DTXSID90176884 DTXSID00811012 DTXSID80765483
DTXSID70675103	DTXSID40618926 DTXSID60670142 DTXSID10592880 DTXSID00370699 DTXSID70509853 DTXSID60154018 DTXSID50456533 DTXSID20800029 DTXSID9061178 DTXSID40356114 DTXSID70307316 DTXSID90557553 DTXSID10403669 DTXSID00774916 DTXSID80661133 DTXSID60184870 DTXSID20670047 DTXSID00220160 DTXSID40684601 DTXSID80670260
DTXSID10726481	DTXSID20677798 DTXSID80404406 DTXSID20655894 DTXSID00701106 DTXSID50546887 DTXSID20879053 DTXSID60583001 DTXSID50175959 DTXSID40538554 DTXSID30676873 DTXSID10435248 DTXSID50206878 DTXSID80528156 DTXSID50670919 DTXSID40629911 DTXSID90156823 DTXSID00199842 DTXSID20646787 DTXSID30671207 DTXSID00279294
DTXSID30207606	DTXSID70489489 DTXSID70744343 DTXSID60291290 DTXSID80364915 DTXSID70456873 DTXSID10888412 DTXSID70152843 DTXSID30217881 DTXSID70676812 DTXSID20158431 DTXSID10379299 DTXSID80173943 DTXSID90150922 DTXSID20476965 DTXSID80557643 DTXSID20618065 DTXSID50415544 DTXSID40876064 DTXSID60651097 DTXSID50632411
DTXSID40492662	DTXSID30879120 DTXSID00321565 DTXSID90591795 DTXSID5073666 DTXSID10582342 DTXSID20465410 DTXSID00506916 DTXSID10616959 DTXSID90278690 DTXSID30208956 DTXSID60745268 DTXSID70477588 DTXSID60436442 DTXSID80487471 DTXSID10656335 DTXSID60307108 DTXSID50473568 DTXSID70192522 DTXSID60535000 DTXSID80284886
DTXSID30634736	DTXSID80896423 DTXSID30896559 DTXSID20896422 DTXSID90161639 DTXSID80380630 DTXSID50615385 DTXSID90387731 DTXSID50161635 DTXSID60550516 DTXSID90675923 DTXSID90158004 DTXSID80549962 DTXSID50704006 DTXSID20188935 DTXSID60567341 DTXSID90615384 DTXSID20655571 DTXSID10303817 DTXSID00431279 DTXSID40896727
DTXSID40181180	DTXSID80469499 DTXSID20730473 DTXSID50383239 DTXSID10707634 DTXSID20501347 DTXSID60335284 DTXSID60655595 DTXSID00341006 DTXSID90577877 DTXSID20633798 DTXSID90655745 DTXSID40228625 DTXSID60312631 DTXSID50323438 DTXSID20400745 DTXSID00731524 DTXSID30614275 DTXSID40841656 DTXSID50506067 DTXSID00755265
DTXSID10846613	DTXSID20761262 DTXSID40581646 DTXSID70657227 DTXSID80513800 DTXSID70736602 DTXSID70496658 DTXSID10548160 DTXSID70153153 DTXSID60435733 DTXSID90626591 DTXSID70601927 DTXSID00656142 DTXSID90519676 DTXSID10468758 DTXSID30400877 DTXSID3070040 DTXSID50488016 DTXSID90873624 DTXSID70392924 DTXSID60184956
DTXSID30836834	DTXSID20146696 DTXSID30585375 DTXSID30579375 DTXSID30760367 DTXSID40847597 DTXSID10767051 DTXSID50436633 DTXSID00278323 DTXSID10316184 DTXSID50370902 DTXSID10727837 DTXSID00696205 DTXSID00705785 DTXSID80700798 DTXSID50421786 DTXSID70811428 DTXSID90443664 DTXSID80589808 DTXSID90407241 DTXSID70561754
DTXSID90767918	DTXSID70540044 DTXSID80791444 DTXSID30508463 DTXSID8073637 DTXSID90497925 DTXSID80398735 DTXSID30447181 DTXSID10521453 DTXSID50297620 DTXSID50177630 DTXSID20602303 DTXSID90816713 DTXSID60174953 DTXSID50816158 DTXSID50296032 DTXSID90470157 DTXSID4074271 DTXSID80775204 DTXSID60287734 DTXSID80437496
DTXSID50821545	DTXSID90768041 DTXSID20316433 DTXSID90400696 DTXSID00318718 DTXSID50771132 DTXSID60645895 DTXSID90630138 DTXSID90758669 DTXSID80323663 DTXSID00772053 DTXSID4051740 DTXSID70376901 DTXSID80522659 DTXSID20281692 DTXSID30560804 DTXSID70607161 DTXSID50710086 DTXSID30234871 DTXSID10811386 DTXSID20790370
DTXSID50297620	DTXSID90816713 DTXSID20602303 DTXSID50816158 DTXSID50177630 DTXSID90470157 DTXSID8073637 DTXSID10531254 DTXSID4074271 DTXSID90778665 DTXSID70799712 DTXSID90767918 DTXSID40181084 DTXSID80791444 DTXSID00787167 DTXSID90399273 DTXSID00290247 DTXSID80398735 DTXSID40390654 DTXSID60287734 DTXSID00442688
DTXSID20704255	DTXSID90390301 DTXSID50152285 DTXSID20887118 DTXSID10640299 DTXSID60421353 DTXSID20426965 DTXSID00337823 DTXSID40736417 DTXSID50590168 DTXSID5044811 DTXSID00655433 DTXSID70391154 DTXSID00651056 DTXSID90152885 DTXSID30577437 DTXSID60446501 DTXSID30758921 DTXSID50443483 DTXSID60226204 DTXSID20771341
DTXSID00774294	DTXSID40190474 DTXSID80834981 DTXSID00390958 DTXSID50863142 DTXSID90527650 DTXSID70562589 DTXSID90730243 DTXSID90366985 DTXSID30165636 DTXSID80519504 DTXSID8036653 DTXSID10371591 DTXSID30818579 DTXSID80360679 DTXSID50603343 DTXSID90306129 DTXSID50404554 DTXSID20822403 DTXSID30496230 DTXSID50681601
DTXSID30483862	DTXSID60822144 DTXSID00351221 DTXSID50462472 DTXSID00410423 DTXSID40435276 DTXSID10391810 DTXSID30551136 DTXSID90473481 DTXSID10844876 DTXSID90473840 DTXSID80322656 DTXSID00284505 DTXSID30458691 DTXSID30369379 DTXSID70439989 DTXSID80554975 DTXSID70591854 DTXSID70671600 DTXSID40211577 DTXSID90281846
DTXSID90526789	DTXSID2060967 DTXSID60408725 DTXSID80670184 DTXSID80638027 DTXSID60150616 DTXSID80771069 DTXSID00652785 DTXSID30757656 DTXSID80478884 DTXSID90199053 DTXSID90543436 DTXSID30587935 DTXSID20481377 DTXSID20318013 DTXSID00491015 DTXSID30757772 DTXSID00343449 DTXSID70517771 DTXSID60207018 DTXSID7069071
DTXSID80630541	DTXSID30639701 DTXSID30675245 DTXSID20550310 DTXSID40815312 DTXSID20793487 DTXSID50655685 DTXSID60457071 DTXSID30385716 DTXSID40544695 DTXSID50345231 DTXSID60682265 DTXSID40662505 DTXSID90798186 DTXSID80198656 DTXSID20582919 DTXSID70143731 DTXSID70751971 DTXSID3075335 DTXSID40556238 DTXSID60486664
DTXSID60642041	DTXSID60881211 DTXSID70614092 DTXSID60448429 DTXSID10149196 DTXSID60241518 DTXSID70880654 DTXSID90751933 DTXSID00655190 DTXSID80438044 DTXSID70809300 DTXSID20434202 DTXSID80159287 DTXSID00757749 DTXSID50527358 DTXSID30544962 DTXSID50639889 DTXSID50296299 DTXSID30656776 DTXSID80763106 DTXSID40759388
DTXSID70326042	DTXSID50214857 DTXSID90597717 DTXSID70300064 DTXSID80613192 DTXSID10224533 DTXSID60545866 DTXSID60305467 DTXSID10342286 DTXSID50366168 DTXSID60284925 DTXSID20460561 DTXSID10739596 DTXSID90434618 DTXSID80613172 DTXSID20708955 DTXSID60187083 DTXSID30176383 DTXSID20441052 DTXSID20325065 DTXSID00165183
DTXSID00813511	DTXSID00504311 DTXSID30385716 DTXSID50655685 DTXSID30336223 DTXSID50378827 DTXSID80709549 DTXSID60295137 DTXSID20793487 DTXSID3060667 DTXSID90751271 DTXSID60783822 DTXSID10470659 DTXSID40662505 DTXSID00854782 DTXSID30370420 DTXSID30662498 DTXSID80241994 DTXSID30798185 DTXSID50761336 DTXSID10211044
DTXSID40397668	DTXSID00391061 DTXSID00633478 DTXSID90346141 DTXSID70408650 DTXSID10343814 DTXSID30306209 DTXSID40508111 DTXSID70799434 DTXSID50696412 DTXSID60536719 DTXSID30278654 DTXSID60800068 DTXSID90848559 DTXSID10405921 DTXSID20477912 DTXSID30344949 DTXSID80464368 DTXSID60327528 DTXSID2072881 DTXSID20439196
DTXSID50482458	DTXSID70573993 DTXSID40427974 DTXSID90426058 DTXSID10544889 DTXSID30489122 DTXSID00186010 DTXSID00645879 DTXSID80509708 DTXSID30451763 DTXSID60451392 DTXSID60505389 DTXSID30578828 DTXSID70528403 DTXSID20579586 DTXSID10824299 DTXSID00667551 DTXSID7051686 DTXSID00651450 DTXSID10640512 DTXSID70478419
DTXSID70361650	DTXSID50662930 DTXSID80696364 DTXSID10743592 DTXSID70850630 DTXSID90510345 DTXSID60587786 DTXSID90702203 DTXSID80784755 DTXSID20235433 DTXSID20500895 DTXSID80494029 DTXSID50354060 DTXSID50398949 DTXSID80879711 DTXSID30593950 DTXSID10587796 DTXSID10406256 DTXSID20598570 DTXSID7021366 DTXSID6067549
DTXSID90439183	DTXSID90320648 DTXSID70357452 DTXSID10441061 DTXSID90628893 DTXSID00606703 DTXSID70883463 DTXSID40456163 DTXSID30460577 DTXSID10463324 DTXSID90343534 DTXSID40279773 DTXSID20572759 DTXSID9058155 DTXSID10361215 DTXSID20222383 DTXSID80438847 DTXSID10438850 DTXSID80704312 DTXSID90279162 DTXSID50375432
DTXSID70580985	DTXSID30433403 DTXSID60195567 DTXSID60522652 DTXSID00186792 DTXSID40210247 DTXSID80742835 DTXSID40230768 DTXSID6033241 DTXSID40852686 DTXSID70582368 DTXSID20466467 DTXSID10556407 DTXSID80238142 DTXSID1068302 DTXSID30742724 DTXSID70541990 DTXSID70476117 DTXSID90578465 DTXSID40745084 DTXSID70473565
DTXSID40680007	DTXSID30559379 DTXSID00654103 DTXSID60325847 DTXSID20383685 DTXSID00377007 DTXSID50165017 DTXSID20739320 DTXSID90631125 DTXSID10618958 DTXSID90676839 DTXSID20352715 DTXSID60394275 DTXSID60498388 DTXSID00710011 DTXSID40515688 DTXSID4020953 DTXSID10668655 DTXSID20299454 DTXSID30671904 DTXSID30663980
DTXSID80143040	DTXSID80771766 DTXSID90811162 DTXSID40717822 DTXSID80851239 DTXSID30428374 DTXSID70610039 DTXSID50569319 DTXSID10607544 DTXSID10722665 DTXSID40280980 DTXSID00480989 DTXSID00196518 DTXSID80801294 DTXSID10601360 DTXSID70592765 DTXSID20462722 DTXSID70282356 DTXSID80774196 DTXSID00303649 DTXSID00508096
DTXSID60299079	DTXSID70459804 DTXSID50415004 DTXSID00628521 DTXSID80431853 DTXSID10221724 DTXSID30667342 DTXSID90791516 DTXSID30473526 DTXSID90150427 DTXSID30739694 DTXSID70419145 DTXSID60836802 DTXSID40797841 DTXSID70189210 DTXSID00789368 DTXSID30535875 DTXSID90846131 DTXSID40630966 DTXSID10464730 DTXSID90504401
DTXSID20310830	DTXSID40244168 DTXSID10589058 DTXSID90362083 DTXSID80639958 DTXSID90284776 DTXSID80666542 DTXSID70459046 DTXSID20168772 DTXSID30401122 DTXSID40684101 DTXSID3062029 DTXSID90548921 DTXSID40551667 DTXSID50368506 DTXSID20452921 DTXSID00429853 DTXSID70705772 DTXSID30664199 DTXSID10366846 DTXSID00824708
DTXSID20284800	DTXSID40592792 DTXSID50590547 DTXSID70855660 DTXSID70580369 DTXSID80694421 DTXSID40385722 DTXSID20337542 DTXSID40854049 DTXSID80548314 DTXSID50747579 DTXSID00296961 DTXSID10426095 DTXSID70532141 DTXSID00344971 DTXSID60236000 DTXSID70526803 DTXSID40724874 DTXSID60364099 DTXSID20204487 DTXSID30559278
DTXSID60838245	DTXSID70790249 DTXSID20323662 DTXSID20280680 DTXSID00240863 DTXSID10310607 DTXSID20880629 DTXSID70479168 DTXSID70720440 DTXSID40547121 DTXSID70584509 DTXSID50851009 DTXSID70711292 DTXSID40809372 DTXSID90467087 DTXSID70243806 DTXSID00606627 DTXSID3058371 DTXSID90280854 DTXSID80769784 DTXSID70737336
DTXSID10347115	DTXSID40701403 DTXSID70784289 DTXSID40187203 DTXSID50776243 DTXSID5063605 DTXSID90392042 DTXSID10354268 DTXSID80668985 DTXSID20705661 DTXSID20849776 DTXSID20640467 DTXSID60669233 DTXSID40444409 DTXSID10406736 DTXSID10712405 DTXSID90706488 DTXSID70616516 DTXSID20394216 DTXSID30787675 DTXSID20424567
DTXSID90341590	DTXSID30440298 DTXSID20417838 DTXSID40299517 DTXSID60700534 DTXSID30423223 DTXSID10840459 DTXSID80597680 DTXSID40681458 DTXSID30176383 DTXSID70176387 DTXSID60424440 DTXSID70344408 DTXSID10329471 DTXSID70291064 DTXSID90788820 DTXSID00567360 DTXSID90552402 DTXSID00600983 DTXSID60299094 DTXSID10513631
DTXSID90753952	DTXSID80336298 DTXSID00377461 DTXSID50473568 DTXSID50487988 DTXSID90712105 DTXSID60535000 DTXSID60620389 DTXSID90640611 DTXSID90479908 DTXSID10283726 DTXSID40571527 DTXSID90542803 DTXSID30780828 DTXSID60307108 DTXSID90609682 DTXSID20718973 DTXSID40345927 DTXSID40637874 DTXSID10212470 DTXSID50856377
DTXSID50751474	DTXSID30741914 DTXSID30664371 DTXSID20430688 DTXSID90732424 DTXSID80156493 DTXSID50394522 DTXSID40743606 DTXSID00551289 DTXSID1046506 DTXSID60446788 DTXSID70350342 DTXSID40615596 DTXSID70487647 DTXSID50400490 DTXSID7070769 DTXSID50356327 DTXSID30227566 DTXSID10202997 DTXSID90152845 DTXSID20645255
DTXSID00443175	DTXSID90353299 DTXSID10371410 DTXSID60429672 DTXSID20881333 DTXSID40393089 DTXSID00284580 DTXSID70385937 DTXSID80175902 DTXSID20145164 DTXSID70395778 DTXSID20232129 DTXSID50582785 DTXSID10760229 DTXSID00451331 DTXSID20392196 DTXSID10764141 DTXSID90598183 DTXSID10696352 DTXSID50830854 DTXSID20651932
DTXSID40546790	DTXSID20218842 DTXSID20243255 DTXSID00829056 DTXSID50651304 DTXSID30615328 DTXSID20595640 DTXSID10310021 DTXSID50468535 DTXSID80723765 DTXSID10634416 DTXSID10321879 DTXSID60792898 DTXSID60415939 DTXSID10555314 DTXSID40530331 DTXSID00625136 DTXSID00640283 DTXSID60609316 DTXSID70236692 DTXSID50491545
DTXSID00370699	DTXSID70307316 DTXSID40618926 DTXSID40356114 DTXSID20670047 DTXSID60154018 DTXSID90557553 DTXSID70675103 DTXSID00330692 DTXSID9061178 DTXSID70543979 DTXSID60670142 DTXSID00326196 DTXSID30288591 DTXSID40494722 DTXSID10359430 DTXSID70509853 DTXSID70507379 DTXSID90152880 DTXSID60599086 DTXSID00774916
DTXSID20312091	DTXSID30294495 DTXSID80453999 DTXSID90743631 DTXSID60289112 DTXSID20299055 DTXSID70621488 DTXSID40760095 DTXSID70673129 DTXSID90463827 DTXSID10294857 DTXSID40800687 DTXSID30346908 DTXSID0042298 DTXSID30815205 DTXSID10516763 DTXSID2058122 DTXSID80579724 DTXSID20159786 DTXSID70477760 DTXSID20421218
DTXSID20293093	DTXSID80629490 DTXSID40673595 DTXSID30788642 DTXSID20548313 DTXSID80299394 DTXSID70560666 DTXSID60369660 DTXSID60154331 DTXSID3041297 DTXSID60459959 DTXSID60281555 DTXSID90799638 DTXSID80381026 DTXSID80318034 DTXSID90156141 DTXSID70695260 DTXSID00506799 DTXSID30606317 DTXSID00410983 DTXSID00539461
DTXSID70610372	DTXSID40767105 DTXSID40733941 DTXSID80675972 DTXSID50561257 DTXSID30788844 DTXSID00592430 DTXSID40392491 DTXSID60886903 DTXSID50561575 DTXSID50198623 DTXSID70801127 DTXSID50217121 DTXSID10276198 DTXSID40804983 DTXSID20595206 DTXSID50664858 DTXSID80850904 DTXSID90345331 DTXSID10547299 DTXSID60834222
DTXSID40879717	DTXSID20191888 DTXSID00542773 DTXSID10736227 DTXSID60540119 DTXSID50664979 DTXSID00388350 DTXSID60455951 DTXSID80373608 DTXSID30698318 DTXSID80767386 DTXSID10786207 DTXSID70443980 DTXSID10326081 DTXSID60151047 DTXSID00241971 DTXSID70594325 DTXSID1063140 DTXSID80708592 DTXSID60370650 DTXSID00730375
DTXSID80365068	DTXSID00514839 DTXSID40474802 DTXSID00505505 DTXSID80774393 DTXSID50196109 DTXSID50639965 DTXSID00352677 DTXSID80769784 DTXSID00611953 DTXSID10508168 DTXSID70584509 DTXSID70346129 DTXSID30376220 DTXSID60704259 DTXSID8069565 DTXSID00385925 DTXSID60487010 DTXSID90467087 DTXSID90602815 DTXSID00621052
DTXSID90473522	DTXSID20562958 DTXSID20774958 DTXSID30410198 DTXSID40311824 DTXSID50399370 DTXSID00343681 DTXSID50345554 DTXSID60710239 DTXSID40415492 DTXSID70514624 DTXSID00341086 DTXSID30642472 DTXSID50735557 DTXSID80791282 DTXSID40286260 DTXSID00611337 DTXSID90208553 DTXSID00374536 DTXSID50281226 DTXSID60681854
DTXSID20697678	DTXSID40856624 DTXSID20542891 DTXSID30322904 DTXSID80476729 DTXSID10833987 DTXSID80633057 DTXSID60227594 DTXSID50896339 DTXSID30630197 DTXSID50303917 DTXSID20179929 DTXSID50857460 DTXSID20853671 DTXSID60749685 DTXSID30298938 DTXSID20819292 DTXSID70542503 DTXSID80646122 DTXSID30772304 DTXSID70327438
DTXSID20595640	DTXSID10555314 DTXSID20322579 DTXSID00640283 DTXSID6062672 DTXSID10634416 DTXSID40546790 DTXSID90232353 DTXSID00625136 DTXSID50651304 DTXSID70620279 DTXSID70236692 DTXSID60514991 DTXSID20218842 DTXSID10321879 DTXSID50604451 DTXSID60519486 DTXSID80456102 DTXSID20243255 DTXSID80723765 DTXSID00829056
DTXSID40507644	DTXSID60765587 DTXSID80292683 DTXSID60233812 DTXSID50452131 DTXSID20216666 DTXSID30173276 DTXSID10361513 DTXSID10528381 DTXSID30572083 DTXSID90193915 DTXSID70494230 DTXSID30515874 DTXSID80822181 DTXSID30708643 DTXSID30505255 DTXSID40406567 DTXSID40430160 DTXSID40187829 DTXSID40404280 DTXSID10626018
DTXSID80486469	DTXSID00511328 DTXSID00879551 DTXSID50639945 DTXSID70750944 DTXSID80589580 DTXSID40504138 DTXSID20206981 DTXSID20721068 DTXSID60340196 DTXSID80740972 DTXSID10579015 DTXSID30190943 DTXSID60647298 DTXSID3063095 DTXSID10537195 DTXSID80483231 DTXSID10307537 DTXSID10174660 DTXSID80391302 DTXSID20841538
DTXSID40507649	DTXSID00484583 DTXSID50778606 DTXSID50337419 DTXSID30382886 DTXSID30596401 DTXSID4067771 DTXSID4041236 DTXSID20231591 DTXSID10491920 DTXSID0065933 DTXSID20678220 DTXSID20435658 DTXSID60487010 DTXSID40307383 DTXSID40359221 DTXSID00356771 DTXSID8069565 DTXSID90480958 DTXSID90579073 DTXSID90529871
DTXSID80374337	DTXSID90177215 DTXSID90720684 DTXSID40453516 DTXSID80345481 DTXSID20370858 DTXSID60378691 DTXSID10758666 DTXSID80734013 DTXSID60711589 DTXSID00510836 DTXSID50828574 DTXSID80600986 DTXSID10528048 DTXSID40310256 DTXSID00506597 DTXSID50642050 DTXSID70223906 DTXSID70760740 DTXSID10829421 DTXSID70834470
DTXSID00646760	DTXSID50722604 DTXSID00274688 DTXSID00364013 DTXSID20143105 DTXSID60470846 DTXSID10292111 DTXSID20384834 DTXSID80176191 DTXSID00681999 DTXSID70799095 DTXSID30853642 DTXSID8060610 DTXSID80143106 DTXSID70476834 DTXSID30838752 DTXSID30179672 DTXSID20406202 DTXSID30223629 DTXSID40623797 DTXSID10675647
DTXSID00755240	DTXSID30701937 DTXSID30493143 DTXSID70694495 DTXSID80449453 DTXSID90706640 DTXSID00706676 DTXSID50657063 DTXSID30431606 DTXSID20682347 DTXSID60649297 DTXSID10359354 DTXSID60179988 DTXSID20796933 DTXSID80811237 DTXSID10289521 DTXSID70398688 DTXSID50552842 DTXSID70703874 DTXSID80595247 DTXSID10471782
DTXSID10497361	DTXSID40399561 DTXSID40791662 DTXSID10189714 DTXSID70509818 DTXSID50293203 DTXSID80753941 DTXSID50705750 DTXSID00489694 DTXSID60192233 DTXSID50855769 DTXSID00716235 DTXSID40796495 DTXSID40550190 DTXSID20379280 DTXSID70226876 DTXSID80657334 DTXSID60818047 DTXSID70554121 DTXSID60527743 DTXSID30828774
DTXSID80752499	DTXSID20604640 DTXSID30168268 DTXSID40528556 DTXSID50719099 DTXSID00641119 DTXSID30465360 DTXSID60487459 DTXSID20148115 DTXSID00361249 DTXSID90642135 DTXSID20563844 DTXSID00500813 DTXSID30554167 DTXSID30418775 DTXSID00544772 DTXSID30341913 DTXSID50590062 DTXSID00518872 DTXSID50302763 DTXSID30511391
DTXSID00480469	DTXSID70649283 DTXSID20642128 DTXSID10506361 DTXSID40726050 DTXSID60680908 DTXSID20419099 DTXSID30711410 DTXSID40509623 DTXSID00520894 DTXSID10528381 DTXSID40404280 DTXSID50368506 DTXSID10361513 DTXSID60351681 DTXSID20354471 DTXSID40311142 DTXSID20445712 DTXSID30708643 DTXSID60233812 DTXSID50452131
DTXSID50599959	DTXSID50427622 DTXSID80744470 DTXSID90489587 DTXSID60373409 DTXSID20827933 DTXSID60444502 DTXSID90705153 DTXSID50358169 DTXSID90291526 DTXSID80676828 DTXSID70357679 DTXSID20629934 DTXSID30827181 DTXSID50312908 DTXSID60456741 DTXSID20456863 DTXSID60551149 DTXSID10380986 DTXSID30668051 DTXSID90674537
DTXSID90362422	DTXSID90457286 DTXSID60705544 DTXSID70721139 DTXSID40508934 DTXSID50524963 DTXSID40650068 DTXSID90567016 DTXSID80354715 DTXSID70671842 DTXSID40556990 DTXSID90450050 DTXSID10590482 DTXSID90396409 DTXSID30350580 DTXSID70782861 DTXSID60802643 DTXSID50678379 DTXSID00511085 DTXSID70243846 DTXSID40710035
DTXSID00876287	DTXSID30717210 DTXSID60734490 DTXSID7070769 DTXSID10517912 DTXSID30422675 DTXSID90551056 DTXSID30226478 DTXSID20393249 DTXSID90152845 DTXSID30167650 DTXSID50628091 DTXSID70373576 DTXSID10303695 DTXSID50400490 DTXSID10572809 DTXSID50361411 DTXSID40713743 DTXSID80470843 DTXSID70469908 DTXSID40743606
DTXSID50561611	DTXSID00532730 DTXSID20444104 DTXSID60897211 DTXSID10174761 DTXSID80726913 DTXSID70704543 DTXSID30650077 DTXSID60447351 DTXSID30389739 DTXSID10295283 DTXSID3037543 DTXSID40279359 DTXSID30645342 DTXSID50760081 DTXSID40297356 DTXSID30186765 DTXSID80195726 DTXSID20646944 DTXSID70283207 DTXSID60178936
DTXSID70720440	DTXSID90280854 DTXSID40547121 DTXSID70333716 DTXSID30823264 DTXSID70790249 DTXSID90490996 DTXSID10503451 DTXSID50788008 DTXSID60290364 DTXSID80610828 DTXSID6024337 DTXSID00240863 DTXSID10310607 DTXSID20323662 DTXSID20587863 DTXSID90280672 DTXSID60838245 DTXSID40358330 DTXSID90178843 DTXSID20880629
DTXSID00425214	DTXSID70708046 DTXSID20631173 DTXSID40666346 DTXSID00145708 DTXSID40784357 DTXSID00531041 DTXSID50551916 DTXSID00323105 DTXSID20857598 DTXSID8075413 DTXSID90316763 DTXSID50384589 DTXSID80642068 DTXSID30617968 DTXSID00556951 DTXSID70526828 DTXSID80768257 DTXSID30504920 DTXSID40352752 DTXSID90354903
DTXSID60593347	DTXSID20522017 DTXSID50677448 DTXSID70653901 DTXSID10557050 DTXSID50429722 DTXSID90300187 DTXSID00145980 DTXSID30284199 DTXSID60383760 DTXSID60145820 DTXSID3063417 DTXSID40699437 DTXSID00158752 DTXSID60285497 DTXSID70590584 DTXSID80468563 DTXSID10299009 DTXSID30350186 DTXSID80676848 DTXSID50322446
DTXSID40716512	DTXSID30651867 DTXSID80492984 DTXSID20797748 DTXSID70651861 DTXSID60897135 DTXSID10826758 DTXSID60842746 DTXSID90711350 DTXSID40877455 DTXSID80290306 DTXSID40645631 DTXSID40770336 DTXSID60856080 DTXSID40646800 DTXSID40590071 DTXSID90372783 DTXSID30395633 DTXSID00451851 DTXSID90645585 DTXSID70408539
DTXSID70607767	DTXSID30427322 DTXSID3072242 DTXSID40376130 DTXSID50601283 DTXSID70886515 DTXSID20875813 DTXSID90794628 DTXSID10896395 DTXSID90312927 DTXSID50301019 DTXSID70201486 DTXSID30789432 DTXSID60161040 DTXSID30897546 DTXSID40839114 DTXSID40877197 DTXSID60896042 DTXSID70889001 DTXSID50334625 DTXSID60875812
DTXSID20655394	DTXSID20453352 DTXSID50848459 DTXSID80187787 DTXSID70715619 DTXSID1068853 DTXSID60519486 DTXSID30405488 DTXSID90235405 DTXSID1044932 DTXSID20429436 DTXSID60514991 DTXSID00768471 DTXSID80693833 DTXSID40535245 DTXSID40230809 DTXSID10345131 DTXSID80456102 DTXSID40660980 DTXSID70620279 DTXSID00625136
DTXSID40713743	DTXSID20393249 DTXSID50667344 DTXSID90551056 DTXSID90739897 DTXSID80470843 DTXSID70538885 DTXSID80588038 DTXSID20846467 DTXSID50628091 DTXSID50361411 DTXSID10572809 DTXSID30422675 DTXSID60734490 DTXSID70373576 DTXSID00876287 DTXSID30717210 DTXSID10517912 DTXSID70476834 DTXSID60490347 DTXSID60763987
DTXSID70639043	DTXSID70716782 DTXSID10771512 DTXSID40852060 DTXSID70675345 DTXSID30479306 DTXSID10292631 DTXSID80204468 DTXSID70808616 DTXSID50405900 DTXSID40494464 DTXSID80817239 DTXSID40711249 DTXSID00523148 DTXSID30813064 DTXSID10738281 DTXSID30800590 DTXSID30782408 DTXSID30886990 DTXSID70176180 DTXSID70786945
DTXSID40701589	DTXSID60738998 DTXSID90492910 DTXSID60754572 DTXSID50286514 DTXSID20351581 DTXSID0075106 DTXSID10307355 DTXSID80715221 DTXSID90796667 DTXSID20663055 DTXSID30739033 DTXSID10465025 DTXSID10594844 DTXSID00196816 DTXSID00341667 DTXSID10776421 DTXSID80532359 DTXSID10436654 DTXSID00524615 DTXSID90850096
DTXSID40739943	DTXSID20565303 DTXSID10851661 DTXSID0068026 DTXSID70765735 DTXSID30766546 DTXSID90303673 DTXSID40581924 DTXSID80217295 DTXSID40489830 DTXSID40523526 DTXSID00834569 DTXSID60708676 DTXSID70303954 DTXSID30239664 DTXSID70764248 DTXSID00748374 DTXSID00289651 DTXSID30848932 DTXSID30730989 DTXSID90220432
DTXSID70538885	DTXSID20393249 DTXSID50361411 DTXSID50667344 DTXSID80588038 DTXSID50628091 DTXSID40713743 DTXSID90551056 DTXSID90739897 DTXSID70373576 DTXSID80470843 DTXSID20846467 DTXSID10148321 DTXSID60734490 DTXSID00566070 DTXSID30717210 DTXSID40809650 DTXSID00876287 DTXSID10572809 DTXSID70891588 DTXSID60763987
DTXSID90330949	DTXSID00739348 DTXSID00375361 DTXSID10399351 DTXSID20573165 DTXSID70731571 DTXSID10619203 DTXSID20345824 DTXSID70879341 DTXSID60575966 DTXSID40504658 DTXSID90497142 DTXSID60472608 DTXSID20694627 DTXSID30408732 DTXSID50557377 DTXSID80169381 DTXSID90621804 DTXSID70566047 DTXSID70857629 DTXSID30444372
DTXSID80206947	DTXSID20508230 DTXSID30194385 DTXSID50571472 DTXSID80464787 DTXSID30199118 DTXSID20895511 DTXSID20797460 DTXSID60179903 DTXSID70377711 DTXSID50846839 DTXSID70561315 DTXSID80596936 DTXSID70352922 DTXSID80345264 DTXSID10609068 DTXSID40824282 DTXSID70647749 DTXSID30583679 DTXSID70483129 DTXSID50526447
DTXSID00767500	DTXSID30155633 DTXSID70800130 DTXSID60469452 DTXSID10744741 DTXSID20797647 DTXSID90693561 DTXSID30579431 DTXSID00752693 DTXSID70574283 DTXSID6048888 DTXSID10843167 DTXSID90806856 DTXSID50709955 DTXSID90278413 DTXSID20750954 DTXSID50798187 DTXSID50214771 DTXSID00828564 DTXSID30867724 DTXSID30174849
DTXSID20152590	DTXSID60327644 DTXSID50646174 DTXSID10355255 DTXSID50294013 DTXSID80696107 DTXSID50374021 DTXSID90468897 DTXSID10653849 DTXSID70403362 DTXSID00289818 DTXSID90389316 DTXSID00349547 DTXSID50591554 DTXSID10597451 DTXSID50581773 DTXSID60344275 DTXSID70293240 DTXSID40300394 DTXSID80314112 DTXSID20669517
DTXSID90706903	DTXSID80326134 DTXSID50727078 DTXSID90309635 DTXSID90406390 DTXSID60559382 DTXSID50180326 DTXSID30228250 DTXSID80681634 DTXSID90668471 DTXSID60358195 DTXSID40624587 DTXSID50340180 DTXSID40369466 DTXSID80416549 DTXSID50729870 DTXSID50240651 DTXSID50808376 DTXSID70325696 DTXSID80845794 DTXSID20751188
DTXSID00364013	DTXSID60470846 DTXSID00646760 DTXSID30853642 DTXSID20384834 DTXSID00681999 DTXSID40623797 DTXSID50722604 DTXSID70476834 DTXSID20143105 DTXSID00274688 DTXSID30223629 DTXSID00567360 DTXSID8060610 DTXSID80176191 DTXSID70176387 DTXSID10292111 DTXSID30227566 DTXSID20406202 DTXSID40199841 DTXSID10572809
DTXSID30634539	DTXSID10221340 DTXSID30398023 DTXSID80209251 DTXSID20673533 DTXSID60437131 DTXSID40756655 DTXSID20365502 DTXSID90171839 DTXSID70567352 DTXSID90231780 DTXSID10633489 DTXSID70201941 DTXSID50287864 DTXSID70446895 DTXSID00791224 DTXSID60830062 DTXSID30822737 DTXSID70571398 DTXSID40595309 DTXSID90734084
DTXSID40637874	DTXSID50856377 DTXSID90278690 DTXSID90712105 DTXSID60307108 DTXSID10582342 DTXSID50473568 DTXSID10602690 DTXSID50487645 DTXSID80728891 DTXSID90753952 DTXSID00769246 DTXSID10344169 DTXSID20418305 DTXSID70337855 DTXSID50487988 DTXSID80336298 DTXSID00695157 DTXSID60535000 DTXSID00377461 DTXSID90640611
DTXSID50188302	DTXSID80543061 DTXSID90145474 DTXSID40392951 DTXSID30870975 DTXSID60428307 DTXSID40693334 DTXSID40682127 DTXSID30332861 DTXSID50698456 DTXSID90556965 DTXSID00444344 DTXSID20476162 DTXSID3061920 DTXSID30567075 DTXSID20212729 DTXSID20342752 DTXSID60697410 DTXSID60519360 DTXSID30805747 DTXSID50497966
DTXSID50663063	DTXSID90485307 DTXSID70472139 DTXSID00427854 DTXSID00322673 DTXSID20504696 DTXSID40222441 DTXSID70170840 DTXSID90493144 DTXSID40177548 DTXSID40792871 DTXSID00308578 DTXSID00490846 DTXSID60441415 DTXSID60658162 DTXSID40540213 DTXSID20292960 DTXSID90193935 DTXSID70496976 DTXSID90525914 DTXSID60668665
DTXSID00663871	DTXSID60500859 DTXSID20857154 DTXSID40856366 DTXSID20348830 DTXSID40652067 DTXSID60467599 DTXSID90605508 DTXSID70788262 DTXSID60175162 DTXSID60471338 DTXSID80437991 DTXSID50590188 DTXSID50274133 DTXSID60187922 DTXSID3068592 DTXSID20452729 DTXSID10280790 DTXSID90749597 DTXSID40415917 DTXSID80621691
DTXSID60569385	DTXSID40641173 DTXSID30811328 DTXSID90788047 DTXSID00655514 DTXSID00366178 DTXSID70626953 DTXSID50734909 DTXSID50677665 DTXSID10604513 DTXSID70598444 DTXSID90501531 DTXSID20730675 DTXSID40324499 DTXSID90874217 DTXSID20468406 DTXSID90167257 DTXSID40521749 DTXSID30510223 DTXSID60830062 DTXSID90604692
DTXSID90156141	DTXSID60369660 DTXSID80588412 DTXSID10865142 DTXSID30616810 DTXSID20548313 DTXSID80754296 DTXSID70666899 DTXSID70560666 DTXSID60154331 DTXSID60722519 DTXSID60495352 DTXSID20293093 DTXSID40673595 DTXSID80629490 DTXSID70612538 DTXSID30788642 DTXSID60640062 DTXSID90228155 DTXSID80299394 DTXSID50436431
DTXSID20620805	DTXSID20846260 DTXSID60743643 DTXSID70735498 DTXSID90373750 DTXSID70811307 DTXSID50325992 DTXSID00857657 DTXSID60456741 DTXSID10612693 DTXSID20394832 DTXSID40516574 DTXSID00515240 DTXSID40589748 DTXSID90276479 DTXSID10380986 DTXSID40509623 DTXSID00507084 DTXSID60820660 DTXSID70315976 DTXSID30600355
DTXSID60571706	DTXSID30378360 DTXSID80211571 DTXSID60842746 DTXSID00568670 DTXSID60897135 DTXSID70203107 DTXSID80290306 DTXSID30395633 DTXSID10876516 DTXSID90586161 DTXSID70831702 DTXSID40588519 DTXSID70821062 DTXSID00293935 DTXSID80572891 DTXSID40161003 DTXSID90396883 DTXSID60217359 DTXSID70399418 DTXSID50848994
DTXSID20627854	DTXSID90178803 DTXSID00409377 DTXSID10734940 DTXSID00646205 DTXSID50515578 DTXSID00495710 DTXSID90670291 DTXSID80646384 DTXSID60646307 DTXSID70743659 DTXSID10609124 DTXSID90434592 DTXSID30236037 DTXSID60646322 DTXSID10646377 DTXSID40650583 DTXSID60547421 DTXSID50734328 DTXSID50646593 DTXSID10301237
DTXSID10455784	DTXSID30725633 DTXSID20581644 DTXSID40579149 DTXSID20353681 DTXSID10280755 DTXSID40460886 DTXSID40357808 DTXSID60829451 DTXSID80288586 DTXSID50512103 DTXSID70639144 DTXSID90388561 DTXSID30342460 DTXSID70589791 DTXSID30506707 DTXSID00887636 DTXSID70500269 DTXSID20406161 DTXSID90649664 DTXSID30663066
DTXSID00445639	DTXSID50460438 DTXSID10439620 DTXSID10443666 DTXSID70167255 DTXSID70182509 DTXSID00202365 DTXSID90291501 DTXSID30596148 DTXSID90499429 DTXSID00652780 DTXSID20307866 DTXSID40395861 DTXSID30709812 DTXSID50562800 DTXSID70849923 DTXSID90759515 DTXSID90339295 DTXSID4047541 DTXSID00171840 DTXSID90693223
DTXSID90288178	DTXSID40211431 DTXSID00361249 DTXSID30341913 DTXSID20148115 DTXSID30511391 DTXSID70568940 DTXSID40528556 DTXSID90238138 DTXSID70714723 DTXSID00641119 DTXSID80181487 DTXSID10360203 DTXSID60797262 DTXSID90374489 DTXSID70622516 DTXSID80161820 DTXSID50366244 DTXSID40186832 DTXSID50446232 DTXSID30209468
DTXSID60794897	DTXSID10757336 DTXSID50757335 DTXSID90780526 DTXSID30772566 DTXSID80601635 DTXSID90443907 DTXSID80331586 DTXSID50552443 DTXSID70592886 DTXSID0046513 DTXSID60478428 DTXSID90404730 DTXSID40194710 DTXSID60598059 DTXSID50410539 DTXSID50783437 DTXSID5074472 DTXSID20806607 DTXSID90302606 DTXSID60173926
DTXSID10326566	DTXSID50805163 DTXSID90592080 DTXSID10801303 DTXSID60511748 DTXSID9070612 DTXSID80765483 DTXSID60524616 DTXSID90514803 DTXSID50523537 DTXSID90323992 DTXSID30818211 DTXSID70518021 DTXSID2059275 DTXSID00667394 DTXSID00425996 DTXSID80424583 DTXSID70349498 DTXSID30851865 DTXSID50867463 DTXSID20383281
DTXSID80768373	DTXSID20447413 DTXSID10510241 DTXSID80773745 DTXSID40304615 DTXSID2041202 DTXSID00804166 DTXSID20163666 DTXSID70546066 DTXSID60662507 DTXSID00678763 DTXSID30763535 DTXSID30831682 DTXSID10808413 DTXSID50847088 DTXSID70570841 DTXSID60703727 DTXSID60874628 DTXSID00301524 DTXSID50707895 DTXSID70701754
DTXSID70711292	DTXSID70641909 DTXSID40543204 DTXSID60704259 DTXSID70584509 DTXSID50639965 DTXSID10637523 DTXSID90467087 DTXSID70479168 DTXSID70491845 DTXSID00606627 DTXSID8069565 DTXSID50556143 DTXSID00611953 DTXSID40474802 DTXSID20880629 DTXSID60838245 DTXSID50337419 DTXSID80769784 DTXSID90579073 DTXSID60487010
DTXSID30842718	DTXSID00681696 DTXSID20726376 DTXSID80296964 DTXSID80288283 DTXSID90706185 DTXSID00731322 DTXSID20445797 DTXSID90675064 DTXSID80825970 DTXSID10298456 DTXSID30675048 DTXSID90757551 DTXSID60831973 DTXSID40612666 DTXSID60432929 DTXSID7063421 DTXSID70601927 DTXSID10672873 DTXSID20623710 DTXSID60435733
DTXSID90178368	DTXSID00179881 DTXSID40454326 DTXSID70288277 DTXSID50388749 DTXSID10597653 DTXSID3068126 DTXSID90502841 DTXSID40836047 DTXSID00771248 DTXSID60551285 DTXSID70480092 DTXSID10398708 DTXSID00653050 DTXSID80753441 DTXSID70299606 DTXSID30874115 DTXSID9059541 DTXSID40729783 DTXSID40326736 DTXSID60318532
DTXSID40767706	DTXSID30816737 DTXSID80615474 DTXSID20790537 DTXSID60149080 DTXSID40816743 DTXSID70477528 DTXSID20536553 DTXSID60746876 DTXSID20794979 DTXSID90804832 DTXSID00809999 DTXSID60340757 DTXSID00816744 DTXSID60816720 DTXSID60816740 DTXSID80742456 DTXSID60797944 DTXSID50816739 DTXSID00789267 DTXSID90445481
DTXSID70548101	DTXSID60425230 DTXSID90385974 DTXSID20629777 DTXSID20237477 DTXSID60508572 DTXSID70179717 DTXSID80486404 DTXSID80452503 DTXSID40316117 DTXSID00744871 DTXSID10163594 DTXSID30378148 DTXSID20703682 DTXSID00663275 DTXSID50521457 DTXSID10335214 DTXSID70600798 DTXSID20618585 DTXSID70527118 DTXSID60522652
DTXSID10743592	DTXSID50662930 DTXSID70361650 DTXSID80784755 DTXSID80696364 DTXSID10587796 DTXSID20651159 DTXSID20598570 DTXSID6067549 DTXSID50398949 DTXSID60587786 DTXSID30314804 DTXSID80879711 DTXSID40621798 DTXSID70850630 DTXSID90702203 DTXSID00679770 DTXSID90510345 DTXSID80494029 DTXSID30593950 DTXSID20235433
DTXSID80811232	DTXSID90697544 DTXSID40832302 DTXSID40306199 DTXSID70751779 DTXSID40852085 DTXSID30848715 DTXSID20746397 DTXSID80308374 DTXSID90650230 DTXSID30202232 DTXSID70846614 DTXSID10725737 DTXSID50316123 DTXSID90774102 DTXSID00639879 DTXSID50645627 DTXSID70730145 DTXSID10416330 DTXSID90792028 DTXSID30734164
DTXSID40780031	DTXSID90542560 DTXSID20205954 DTXSID30824958 DTXSID10448196 DTXSID60433259 DTXSID50609507 DTXSID20748694 DTXSID20817531 DTXSID70701754 DTXSID50469188 DTXSID30218656 DTXSID10290430 DTXSID30294197 DTXSID2073017 DTXSID50173692 DTXSID50615143 DTXSID70713711 DTXSID30400357 DTXSID30148863 DTXSID30815164
DTXSID80896423	DTXSID30896559 DTXSID20896422 DTXSID30634736 DTXSID90615384 DTXSID60567341 DTXSID00431279 DTXSID60235114 DTXSID00893454 DTXSID80549962 DTXSID90158004 DTXSID80380630 DTXSID90527559 DTXSID20529607 DTXSID00734131 DTXSID10547911 DTXSID50300204 DTXSID90675923 DTXSID80645236 DTXSID20655571 DTXSID9073676
DTXSID10539896	DTXSID60560913 DTXSID50624255 DTXSID00844643 DTXSID40192433 DTXSID00727482 DTXSID10561314 DTXSID90473103 DTXSID80393503 DTXSID70393678 DTXSID30544482 DTXSID10845828 DTXSID60621250 DTXSID50518867 DTXSID00355800 DTXSID40852686 DTXSID70652898 DTXSID90390240 DTXSID10556407 DTXSID00531006 DTXSID90379515
DTXSID60645895	DTXSID00318718 DTXSID80323663 DTXSID50710086 DTXSID40874348 DTXSID50821545 DTXSID90758669 DTXSID90400696 DTXSID50771132 DTXSID10811386 DTXSID90385934 DTXSID90768041 DTXSID20316433 DTXSID40619296 DTXSID30866797 DTXSID10380522 DTXSID80585325 DTXSID40196830 DTXSID10183595 DTXSID60443732 DTXSID80522659
DTXSID40819113	DTXSID70589594 DTXSID90825769 DTXSID20718317 DTXSID80438847 DTXSID50545799 DTXSID20362556 DTXSID20222383 DTXSID10426979 DTXSID70883463 DTXSID60286207 DTXSID80664341 DTXSID00879470 DTXSID50283144 DTXSID3063045 DTXSID80407255 DTXSID90598663 DTXSID50308280 DTXSID10361215 DTXSID10441061 DTXSID30447287
DTXSID70499967	DTXSID20792955 DTXSID50579054 DTXSID40144790 DTXSID90509850 DTXSID80346155 DTXSID80611870 DTXSID70780766 DTXSID40576476 DTXSID40606005 DTXSID30167256 DTXSID60315945 DTXSID80342874 DTXSID60558310 DTXSID20815673 DTXSID80676767 DTXSID80800126 DTXSID60740637 DTXSID00564713 DTXSID90513452 DTXSID00820260
DTXSID70667068	DTXSID60405916 DTXSID10495741 DTXSID40549928 DTXSID20201173 DTXSID60503446 DTXSID60465696 DTXSID90557811 DTXSID80462369 DTXSID80595505 DTXSID30301279 DTXSID00743384 DTXSID40669211 DTXSID60482060 DTXSID70608916 DTXSID60315400 DTXSID70774943 DTXSID20506514 DTXSID30624172 DTXSID10669208 DTXSID40348579
DTXSID10696150	DTXSID30796606 DTXSID40380277 DTXSID50195879 DTXSID60533288 DTXSID20647693 DTXSID80522134 DTXSID10349472 DTXSID60533889 DTXSID70561092 DTXSID10797277 DTXSID20759705 DTXSID50494753 DTXSID80814102 DTXSID20354870 DTXSID50285360 DTXSID50603368 DTXSID40758917 DTXSID90203604 DTXSID40797886 DTXSID50406932
DTXSID70436918	DTXSID30456915 DTXSID50448771 DTXSID10475568 DTXSID60403199 DTXSID90693223 DTXSID30181735 DTXSID10240733 DTXSID10454999 DTXSID30596148 DTXSID90559138 DTXSID40396010 DTXSID40488742 DTXSID70651442 DTXSID80228265 DTXSID60522556 DTXSID10421101 DTXSID80493395 DTXSID90339295 DTXSID00720559 DTXSID50425022
DTXSID30738485	DTXSID90399319 DTXSID1068302 DTXSID40745084 DTXSID80354371 DTXSID50435964 DTXSID70304724 DTXSID60172570 DTXSID90166301 DTXSID90587653 DTXSID30742724 DTXSID60766978 DTXSID30550023 DTXSID20482723 DTXSID40833733 DTXSID50524827 DTXSID80568138 DTXSID60451877 DTXSID5021625 DTXSID80175169 DTXSID90844430
DTXSID70394983	DTXSID50679149 DTXSID50616039 DTXSID80822181 DTXSID10790682 DTXSID00484361 DTXSID40608761 DTXSID40406567 DTXSID50447183 DTXSID30505255 DTXSID20401419 DTXSID60707962 DTXSID70826658 DTXSID20874164 DTXSID90780066 DTXSID50824511 DTXSID90646759 DTXSID70381358 DTXSID50312665 DTXSID00488329 DTXSID00521083
DTXSID60235114	DTXSID00893454 DTXSID90615384 DTXSID00431279 DTXSID20529607 DTXSID90527559 DTXSID10547911 DTXSID60567341 DTXSID20896422 DTXSID30896559 DTXSID9073676 DTXSID00734131 DTXSID80896423 DTXSID80349702 DTXSID90526002 DTXSID80549962 DTXSID70896391 DTXSID20234486 DTXSID80645236 DTXSID00451331 DTXSID30812719
DTXSID60551149	DTXSID80722112 DTXSID80744470 DTXSID10623385 DTXSID20216742 DTXSID60373409 DTXSID20817016 DTXSID60555147 DTXSID20629934 DTXSID70315976 DTXSID10380986 DTXSID20827933 DTXSID50599959 DTXSID10363835 DTXSID20456863 DTXSID90175716 DTXSID40408107 DTXSID40538579 DTXSID20351228 DTXSID70357679 DTXSID50473725
DTXSID10502308	DTXSID00483778 DTXSID90734084 DTXSID50580983 DTXSID80892809 DTXSID40296046 DTXSID90553656 DTXSID70567352 DTXSID20516815 DTXSID50398429 DTXSID90369390 DTXSID40595309 DTXSID20145200 DTXSID00839978 DTXSID20673533 DTXSID20346755 DTXSID80209251 DTXSID40356538 DTXSID30402492 DTXSID60762319 DTXSID70201941
DTXSID60897039	DTXSID40650629 DTXSID10517078 DTXSID10659285 DTXSID10385012 DTXSID00242185 DTXSID00822163 DTXSID80653437 DTXSID90434118 DTXSID90598229 DTXSID40349804 DTXSID60435793 DTXSID10805306 DTXSID00309808 DTXSID20815799 DTXSID40393488 DTXSID1041764 DTXSID00663412 DTXSID30708168 DTXSID80326235 DTXSID70488179
DTXSID10842610	DTXSID70858136 DTXSID50580049 DTXSID10345656 DTXSID30726822 DTXSID20277616 DTXSID60308998 DTXSID40646800 DTXSID90711350 DTXSID90645585 DTXSID90345699 DTXSID50382641 DTXSID80482421 DTXSID30627547 DTXSID80604000 DTXSID90427929 DTXSID70642476 DTXSID70276876 DTXSID90397557 DTXSID90729455 DTXSID70828995
DTXSID80481954	DTXSID70395576 DTXSID00154815 DTXSID40734716 DTXSID50350724 DTXSID20424946 DTXSID20799641 DTXSID50659820 DTXSID80397783 DTXSID90892294 DTXSID20316332 DTXSID20603350 DTXSID80737281 DTXSID70589332 DTXSID00359060 DTXSID10167355 DTXSID90317432 DTXSID70896038 DTXSID10394881 DTXSID90344400 DTXSID10782168
DTXSID90895689	DTXSID70724660 DTXSID20663792 DTXSID80782594 DTXSID40277799 DTXSID60189986 DTXSID50277341 DTXSID40784978 DTXSID20189422 DTXSID50526109 DTXSID10663766 DTXSID00324278 DTXSID40875118 DTXSID60463218 DTXSID40467916 DTXSID70895425 DTXSID70232694 DTXSID30878370 DTXSID90214876 DTXSID70441289 DTXSID90610334
DTXSID10221340	DTXSID30634539 DTXSID30398023 DTXSID80209251 DTXSID20673533 DTXSID40756655 DTXSID60437131 DTXSID10633489 DTXSID20365502 DTXSID90171839 DTXSID70567352 DTXSID90231780 DTXSID50287864 DTXSID70201941 DTXSID70446895 DTXSID70571398 DTXSID40595309 DTXSID10845828 DTXSID90734084 DTXSID00791224 DTXSID60830062
DTXSID00571482	DTXSID30642134 DTXSID90344283 DTXSID90348625 DTXSID40666846 DTXSID90615844 DTXSID40705360 DTXSID10634996 DTXSID10518262 DTXSID40670408 DTXSID70548464 DTXSID50493443 DTXSID90187117 DTXSID30534449 DTXSID70367571 DTXSID90286437 DTXSID70483129 DTXSID40610021 DTXSID10547456 DTXSID80726973 DTXSID00442062
DTXSID30642235	DTXSID00473518 DTXSID60618928 DTXSID40752753 DTXSID20372756 DTXSID00571927 DTXSID80215670 DTXSID30489420 DTXSID80857236 DTXSID70857447 DTXSID00614904 DTXSID40660980 DTXSID90235405 DTXSID40559067 DTXSID60454621 DTXSID1044932 DTXSID00178112 DTXSID20351187 DTXSID10845207 DTXSID40230809 DTXSID40535245
DTXSID30642230	DTXSID60729402 DTXSID30490970 DTXSID80350737 DTXSID70659443 DTXSID40684601 DTXSID80463452 DTXSID20578539 DTXSID80178751 DTXSID30856476 DTXSID10810733 DTXSID20222787 DTXSID60184870 DTXSID00326196 DTXSID20364510 DTXSID9061178 DTXSID40372051 DTXSID40756736 DTXSID30577331 DTXSID30546800 DTXSID40812861
DTXSID10547911	DTXSID20529607 DTXSID00893454 DTXSID90527559 DTXSID80349702 DTXSID60235114 DTXSID00431279 DTXSID9073676 DTXSID90615384 DTXSID20234486 DTXSID70896391 DTXSID90526002 DTXSID80700652 DTXSID60567341 DTXSID30812719 DTXSID80744314 DTXSID60896421 DTXSID30823663 DTXSID00734131 DTXSID40397264 DTXSID20896422
DTXSID40708275	DTXSID00582912 DTXSID30858713 DTXSID80448244 DTXSID90152446 DTXSID10501058 DTXSID90749330 DTXSID50729234 DTXSID40298348 DTXSID5061245 DTXSID2052447 DTXSID40472146 DTXSID50600332 DTXSID10808953 DTXSID20518379 DTXSID40455419 DTXSID50179492 DTXSID60174711 DTXSID20733065 DTXSID60550733 DTXSID80783708
DTXSID40718915	DTXSID60818128 DTXSID40338031 DTXSID20818129 DTXSID50718906 DTXSID40767246 DTXSID60768018 DTXSID10338028 DTXSID50771354 DTXSID90423986 DTXSID00402808 DTXSID40604041 DTXSID60334732 DTXSID70880614 DTXSID70477361 DTXSID20230322 DTXSID50718047 DTXSID20793129 DTXSID80625518 DTXSID20801632 DTXSID50404352
DTXSID20762693	DTXSID50837207 DTXSID50768805 DTXSID40543047 DTXSID50188948 DTXSID60762692 DTXSID60523124 DTXSID90541598 DTXSID00171365 DTXSID00502150 DTXSID80737746 DTXSID70784865 DTXSID50440755 DTXSID50750765 DTXSID50572782 DTXSID60704451 DTXSID10633424 DTXSID30730989 DTXSID20182615 DTXSID60451498 DTXSID90220432
DTXSID90443846	DTXSID60844023 DTXSID00552832 DTXSID30620179 DTXSID00470865 DTXSID50797539 DTXSID80300454 DTXSID20847353 DTXSID40455535 DTXSID70562362 DTXSID30787539 DTXSID20463411 DTXSID0073110 DTXSID20172399 DTXSID80658548 DTXSID80851471 DTXSID90809145 DTXSID40208886 DTXSID60815738 DTXSID20567049 DTXSID40420900
DTXSID00366512	DTXSID10525618 DTXSID70527512 DTXSID20880720 DTXSID70571818 DTXSID50483425 DTXSID70874477 DTXSID30195034 DTXSID90447248 DTXSID60764510 DTXSID90526623 DTXSID00523148 DTXSID90562960 DTXSID70675643 DTXSID30799591 DTXSID10436654 DTXSID10580808 DTXSID80284725 DTXSID20580571 DTXSID30739033 DTXSID30563198
DTXSID40385343	DTXSID20676403 DTXSID10498196 DTXSID90151732 DTXSID90821201 DTXSID00292362 DTXSID10700887 DTXSID40721964 DTXSID90850713 DTXSID80447398 DTXSID70434232 DTXSID10660816 DTXSID60240667 DTXSID30546628 DTXSID60667653 DTXSID90572428 DTXSID70732487 DTXSID40753881 DTXSID9044293 DTXSID00452641 DTXSID60319089
DTXSID10340247	DTXSID50321838 DTXSID70693504 DTXSID30566720 DTXSID80324014 DTXSID40593183 DTXSID60473099 DTXSID00783982 DTXSID10733776 DTXSID10675228 DTXSID10803483 DTXSID40449691 DTXSID60885855 DTXSID40607633 DTXSID90559057 DTXSID10495246 DTXSID50404296 DTXSID00769266 DTXSID70589756 DTXSID30718065 DTXSID70823187
DTXSID10313815	DTXSID30400690 DTXSID80589808 DTXSID70353111 DTXSID80551161 DTXSID70437465 DTXSID60222746 DTXSID10398268 DTXSID90733638 DTXSID50421786 DTXSID40642226 DTXSID50436633 DTXSID80436888 DTXSID00705785 DTXSID30558488 DTXSID8068202 DTXSID10650378 DTXSID20732210 DTXSID20781223 DTXSID40811253 DTXSID50370902
DTXSID10340242	DTXSID30543016 DTXSID00835551 DTXSID10600479 DTXSID10278874 DTXSID10452450 DTXSID30359270 DTXSID80170356 DTXSID80733804 DTXSID90333915 DTXSID50544085 DTXSID30187171 DTXSID20192491 DTXSID90512026 DTXSID20361488 DTXSID30146309 DTXSID90352929 DTXSID60296149 DTXSID00797266 DTXSID50402570 DTXSID50590582
DTXSID20438164	DTXSID80626202 DTXSID60618160 DTXSID90375774 DTXSID50401109 DTXSID90622492 DTXSID90462572 DTXSID20217613 DTXSID20363508 DTXSID60427855 DTXSID10607786 DTXSID40452741 DTXSID60828121 DTXSID8041323 DTXSID00174816 DTXSID00676663 DTXSID30709610 DTXSID00276783 DTXSID00469355 DTXSID90556708 DTXSID30222415
DTXSID50343212	DTXSID6044802 DTXSID60873939 DTXSID3051541 DTXSID70750186 DTXSID5051311 DTXSID90823245 DTXSID00887474 DTXSID40873937 DTXSID30827146 DTXSID70867364 DTXSID10784127 DTXSID30188729 DTXSID80559561 DTXSID10773617 DTXSID40613991 DTXSID50499107 DTXSID70797955 DTXSID50288992 DTXSID90556268 DTXSID20797061
DTXSID90634898	DTXSID30336900 DTXSID3067231 DTXSID30609742 DTXSID20825196 DTXSID50652477 DTXSID90771570 DTXSID50191093 DTXSID70471960 DTXSID10239187 DTXSID90758447 DTXSID80793680 DTXSID30528040 DTXSID80893735 DTXSID70276578 DTXSID6069826 DTXSID00884246 DTXSID00601051 DTXSID50234378 DTXSID30714603 DTXSID90780425
DTXSID20333044	DTXSID80846044 DTXSID80316237 DTXSID80403237 DTXSID60240364 DTXSID60827432 DTXSID70607767 DTXSID90794628 DTXSID50301019 DTXSID30427322 DTXSID60465656 DTXSID70201486 DTXSID3072242 DTXSID60161040 DTXSID20880987 DTXSID50836972 DTXSID30791999 DTXSID40376130 DTXSID30789432 DTXSID40319789 DTXSID90312927
DTXSID20431170	DTXSID00391541 DTXSID10838811 DTXSID00763380 DTXSID20341866 DTXSID10500324 DTXSID80169801 DTXSID50457944 DTXSID70460152 DTXSID60184971 DTXSID50340226 DTXSID40200784 DTXSID90784241 DTXSID90487604 DTXSID10456251 DTXSID90755951 DTXSID40330590 DTXSID30446093 DTXSID40492324 DTXSID10404676 DTXSID70569078
DTXSID50820432	DTXSID30778609 DTXSID70557152 DTXSID60776815 DTXSID70720485 DTXSID90711173 DTXSID60715789 DTXSID50817701 DTXSID60236282 DTXSID80840345 DTXSID50752865 DTXSID20844908 DTXSID60772473 DTXSID40483015 DTXSID60810940 DTXSID50766705 DTXSID90292492 DTXSID80844909 DTXSID20604342 DTXSID20840329 DTXSID10388942
DTXSID90650396	DTXSID50341258 DTXSID90772360 DTXSID90604177 DTXSID20662927 DTXSID20730675 DTXSID70720187 DTXSID80407033 DTXSID80671813 DTXSID30510223 DTXSID30595277 DTXSID90824055 DTXSID40481576 DTXSID30403904 DTXSID00219099 DTXSID60776895 DTXSID80212043 DTXSID90567930 DTXSID0052330 DTXSID20346755 DTXSID60762319
DTXSID20612189	DTXSID90238173 DTXSID80456122 DTXSID50602699 DTXSID10711913 DTXSID60648740 DTXSID40786952 DTXSID00801599 DTXSID90343418 DTXSID40174976 DTXSID00709662 DTXSID40401158 DTXSID40340250 DTXSID10455688 DTXSID40465871 DTXSID90224076 DTXSID90316763 DTXSID60172090 DTXSID00576694 DTXSID10876652 DTXSID10672419
DTXSID00427450	DTXSID30241787 DTXSID40654925 DTXSID60621654 DTXSID60192657 DTXSID40829772 DTXSID00398893 DTXSID70196484 DTXSID90420798 DTXSID10767591 DTXSID70452633 DTXSID90281785 DTXSID20525200 DTXSID70660978 DTXSID50345716 DTXSID60444729 DTXSID20660908 DTXSID70191611 DTXSID70545195 DTXSID20640624 DTXSID2046836
DTXSID50590547	DTXSID40854049 DTXSID20337542 DTXSID70532141 DTXSID70526803 DTXSID60364099 DTXSID80694421 DTXSID40592792 DTXSID20284800 DTXSID00344971 DTXSID60236000 DTXSID30293963 DTXSID70580369 DTXSID50747579 DTXSID80430144 DTXSID40751468 DTXSID60725005 DTXSID10426095 DTXSID70648998 DTXSID20896169 DTXSID30559278
DTXSID60796033	DTXSID70737932 DTXSID90401769 DTXSID10479400 DTXSID60522172 DTXSID50653984 DTXSID40674047 DTXSID40719366 DTXSID50290732 DTXSID30560844 DTXSID70531250 DTXSID10772044 DTXSID10673926 DTXSID30612413 DTXSID80783400 DTXSID60148270 DTXSID50888532 DTXSID00173001 DTXSID30789412 DTXSID00529488 DTXSID30520463
DTXSID70325893	DTXSID60513909 DTXSID70531336 DTXSID00340731 DTXSID20203379 DTXSID70507091 DTXSID60880764 DTXSID20443455 DTXSID00625252 DTXSID50568185 DTXSID60599405 DTXSID90283522 DTXSID00770579 DTXSID40462365 DTXSID00794972 DTXSID60219237 DTXSID00816724 DTXSID00542970 DTXSID60797944 DTXSID60813436 DTXSID40285733
DTXSID90487321	DTXSID10453169 DTXSID90672093 DTXSID00517608 DTXSID10570168 DTXSID60621331 DTXSID40790690 DTXSID80427877 DTXSID50853725 DTXSID80498486 DTXSID50663326 DTXSID20467313 DTXSID60599107 DTXSID80663551 DTXSID10518525 DTXSID40388879 DTXSID30625700 DTXSID80570155 DTXSID00440467 DTXSID20443697 DTXSID30566624
DTXSID40352752	DTXSID90354903 DTXSID80199264 DTXSID90808375 DTXSID60464760 DTXSID20631173 DTXSID40666346 DTXSID20516850 DTXSID00323105 DTXSID70283828 DTXSID50549550 DTXSID00567820 DTXSID20354971 DTXSID70843961 DTXSID30642477 DTXSID30482714 DTXSID30322782 DTXSID10610614 DTXSID70309653 DTXSID70708046 DTXSID00425214
DTXSID80494029	DTXSID7021366 DTXSID10631864 DTXSID10406256 DTXSID80696364 DTXSID90702203 DTXSID10568964 DTXSID90510345 DTXSID70428494 DTXSID80784755 DTXSID50662930 DTXSID20235433 DTXSID00168679 DTXSID70361650 DTXSID90232919 DTXSID40562793 DTXSID50493822 DTXSID10587796 DTXSID10743592 DTXSID90768203 DTXSID70850630
DTXSID40186074	DTXSID60445433 DTXSID70243806 DTXSID40494565 DTXSID70278193 DTXSID40809372 DTXSID60463011 DTXSID50788008 DTXSID40322596 DTXSID20323662 DTXSID60290364 DTXSID8047717 DTXSID90490996 DTXSID50851009 DTXSID10578240 DTXSID40815115 DTXSID40700032 DTXSID50845665 DTXSID00240863 DTXSID70720440 DTXSID20880629
DTXSID10569991	DTXSID40191628 DTXSID30342248 DTXSID10393859 DTXSID60239672 DTXSID70751774 DTXSID00478189 DTXSID70447645 DTXSID50640470 DTXSID30407987 DTXSID50306004 DTXSID20891139 DTXSID00501264 DTXSID30389638 DTXSID10834858 DTXSID80174834 DTXSID00600140 DTXSID30304306 DTXSID60481972 DTXSID40503843 DTXSID80673756
DTXSID90408475	DTXSID10154821 DTXSID00440381 DTXSID8024365 DTXSID50759132 DTXSID20292960 DTXSID70157217 DTXSID50664656 DTXSID40177548 DTXSID00308578 DTXSID50486638 DTXSID10291624 DTXSID20603350 DTXSID10660230 DTXSID40176334 DTXSID60876682 DTXSID0059114 DTXSID50737298 DTXSID30217321 DTXSID90693228 DTXSID50283927
DTXSID40282924	DTXSID50343833 DTXSID60325625 DTXSID00156475 DTXSID60722099 DTXSID60646342 DTXSID30282190 DTXSID20758435 DTXSID00287899 DTXSID30761213 DTXSID00382030 DTXSID30716667 DTXSID80355863 DTXSID30309654 DTXSID60401296 DTXSID00181464 DTXSID00374899 DTXSID50809828 DTXSID50761275 DTXSID20363508 DTXSID60742111
DTXSID40307383	DTXSID00356771 DTXSID4041236 DTXSID4067771 DTXSID0065933 DTXSID20231591 DTXSID00464688 DTXSID60402203 DTXSID40507649 DTXSID40359221 DTXSID30596401 DTXSID20732598 DTXSID50778606 DTXSID00484583 DTXSID60501402 DTXSID30382886 DTXSID90529871 DTXSID90480958 DTXSID50428912 DTXSID20435658 DTXSID50579352
DTXSID50737516	DTXSID30671904 DTXSID90631125 DTXSID90559693 DTXSID20739320 DTXSID4025903 DTXSID70382567 DTXSID00377007 DTXSID20383685 DTXSID20477518 DTXSID40661659 DTXSID60498388 DTXSID00681055 DTXSID80597943 DTXSID00646886 DTXSID10402258 DTXSID40615374 DTXSID50453587 DTXSID10379411 DTXSID20879058 DTXSID30343679
DTXSID90389316	DTXSID20516936 DTXSID50374021 DTXSID50646174 DTXSID10355255 DTXSID30280217 DTXSID70856415 DTXSID90476876 DTXSID10653849 DTXSID50581773 DTXSID80696107 DTXSID20152590 DTXSID40674401 DTXSID00526659 DTXSID20355044 DTXSID60327644 DTXSID70171099 DTXSID40562536 DTXSID00649993 DTXSID20664825 DTXSID20162952
DTXSID90783810	DTXSID50807743 DTXSID10183595 DTXSID00819932 DTXSID10516460 DTXSID70383372 DTXSID20656109 DTXSID90850495 DTXSID90639247 DTXSID00543245 DTXSID30782327 DTXSID90474074 DTXSID40196830 DTXSID80468881 DTXSID80696420 DTXSID90191875 DTXSID70511451 DTXSID70503573 DTXSID10811386 DTXSID50277740 DTXSID50600953
DTXSID10351257	DTXSID40761729 DTXSID90505372 DTXSID50325735 DTXSID30751750 DTXSID30350843 DTXSID20833716 DTXSID70471682 DTXSID40751488 DTXSID70876552 DTXSID10832697 DTXSID40711522 DTXSID90618219 DTXSID1044514 DTXSID50755018 DTXSID90596508 DTXSID40396919 DTXSID50460918 DTXSID10191993 DTXSID40328396 DTXSID70218155
DTXSID80149663	DTXSID80676944 DTXSID50469729 DTXSID50201202 DTXSID50521331 DTXSID10814993 DTXSID50793056 DTXSID4066414 DTXSID50855769 DTXSID90535912 DTXSID30280398 DTXSID50424015 DTXSID40796495 DTXSID50485202 DTXSID30790846 DTXSID10601885 DTXSID10617880 DTXSID30844994 DTXSID50563231 DTXSID00468308 DTXSID60192233
DTXSID90709590	DTXSID30281663 DTXSID70699586 DTXSID60711882 DTXSID30827388 DTXSID80278447 DTXSID80553504 DTXSID50737490 DTXSID10890999 DTXSID50700528 DTXSID40534975 DTXSID20754452 DTXSID10822679 DTXSID80468609 DTXSID9072527 DTXSID80559561 DTXSID00793728 DTXSID80705607 DTXSID30543410 DTXSID00826560 DTXSID20242521
DTXSID70243780	DTXSID30593753 DTXSID60191488 DTXSID80284205 DTXSID10648912 DTXSID60243779 DTXSID80237610 DTXSID80821492 DTXSID30578202 DTXSID20594416 DTXSID00707845 DTXSID70441289 DTXSID60561925 DTXSID80768252 DTXSID60730634 DTXSID80752378 DTXSID00769261 DTXSID6039685 DTXSID70274817 DTXSID00853295 DTXSID8070960
DTXSID50544085	DTXSID30146309 DTXSID80170356 DTXSID20590251 DTXSID10452450 DTXSID00632204 DTXSID70670138 DTXSID50590582 DTXSID10600479 DTXSID30187171 DTXSID10215002 DTXSID20671211 DTXSID70308222 DTXSID20667790 DTXSID40456507 DTXSID10340242 DTXSID90512026 DTXSID30543016 DTXSID30240972 DTXSID90346863 DTXSID20538310
DTXSID80664447	DTXSID30782766 DTXSID80635011 DTXSID80781567 DTXSID40310175 DTXSID10506866 DTXSID60594132 DTXSID00604345 DTXSID40225492 DTXSID30279207 DTXSID40288860 DTXSID00223095 DTXSID10658632 DTXSID70477482 DTXSID30465820 DTXSID40674724 DTXSID90518144 DTXSID10589275 DTXSID30207525 DTXSID30279363 DTXSID6023315
DTXSID10888816	DTXSID10493989 DTXSID00184410 DTXSID50586107 DTXSID10728667 DTXSID10454318 DTXSID10803882 DTXSID90395215 DTXSID90519474 DTXSID00501709 DTXSID30489046 DTXSID80196374 DTXSID20740911 DTXSID30770906 DTXSID90211683 DTXSID80229196 DTXSID70724044 DTXSID10463425 DTXSID90615809 DTXSID00408825 DTXSID50277806
DTXSID90657446	DTXSID80295957 DTXSID00493150 DTXSID90510688 DTXSID30321477 DTXSID50595274 DTXSID60502116 DTXSID60813572 DTXSID90342643 DTXSID40287813 DTXSID20681875 DTXSID60297232 DTXSID50594348 DTXSID00645374 DTXSID30160883 DTXSID90154602 DTXSID00441090 DTXSID50876015 DTXSID90884376 DTXSID30445344 DTXSID30792724
DTXSID20750954	DTXSID50709955 DTXSID90806856 DTXSID00752693 DTXSID50798187 DTXSID00828564 DTXSID70800130 DTXSID30867724 DTXSID50658550 DTXSID30398346 DTXSID30174849 DTXSID00767500 DTXSID60469452 DTXSID20765467 DTXSID90398428 DTXSID10658374 DTXSID60795809 DTXSID6048888 DTXSID30155633 DTXSID80241994 DTXSID3052355
DTXSID00721127	DTXSID70190700 DTXSID50695324 DTXSID90175716 DTXSID20696449 DTXSID20817016 DTXSID70357679 DTXSID20633955 DTXSID60501705 DTXSID50531132 DTXSID20351228 DTXSID00663573 DTXSID50473725 DTXSID20456863 DTXSID70629489 DTXSID60551149 DTXSID60300674 DTXSID30668051 DTXSID70621620 DTXSID70315976 DTXSID10380986
DTXSID90625963	DTXSID30727910 DTXSID00876626 DTXSID10586542 DTXSID00806822 DTXSID20705222 DTXSID70784229 DTXSID10296836 DTXSID00566611 DTXSID30799096 DTXSID70403367 DTXSID50396228 DTXSID30290992 DTXSID90164963 DTXSID80601918 DTXSID60477951 DTXSID50236892 DTXSID10391274 DTXSID10536082 DTXSID20429673 DTXSID00672786
DTXSID70613904	DTXSID80729308 DTXSID20668222 DTXSID70857280 DTXSID80646465 DTXSID70749176 DTXSID90354120 DTXSID70711898 DTXSID70619188 DTXSID60284147 DTXSID30453025 DTXSID40528152 DTXSID80191703 DTXSID80627991 DTXSID40321322 DTXSID00461157 DTXSID00528158 DTXSID80619210 DTXSID00651511 DTXSID30628892 DTXSID10282310
DTXSID00797266	DTXSID50402570 DTXSID20702812 DTXSID90352929 DTXSID40749345 DTXSID10600479 DTXSID00496606 DTXSID50857501 DTXSID10452450 DTXSID30550669 DTXSID30543016 DTXSID10340242 DTXSID70488816 DTXSID90857282 DTXSID00835551 DTXSID00143623 DTXSID50589017 DTXSID30775971 DTXSID90624653 DTXSID90506460 DTXSID30146309
DTXSID40815312	DTXSID40544695 DTXSID70143731 DTXSID70751971 DTXSID20582919 DTXSID20550310 DTXSID80630541 DTXSID30816550 DTXSID30639701 DTXSID70176408 DTXSID10313532 DTXSID00587583 DTXSID40382796 DTXSID00190899 DTXSID80768717 DTXSID30675245 DTXSID40239670 DTXSID50707895 DTXSID0046147 DTXSID90705799 DTXSID80357468
DTXSID50388229	DTXSID90614236 DTXSID00192772 DTXSID40291475 DTXSID70550401 DTXSID80757646 DTXSID10436856 DTXSID00739949 DTXSID30586246 DTXSID50197510 DTXSID90293308 DTXSID30735378 DTXSID30327237 DTXSID20352992 DTXSID20697239 DTXSID30642472 DTXSID40846969 DTXSID00611337 DTXSID50408597 DTXSID10754289 DTXSID10473549
DTXSID30291383	DTXSID70855387 DTXSID10446950 DTXSID90473163 DTXSID20346174 DTXSID20589443 DTXSID20694627 DTXSID20676923 DTXSID10399351 DTXSID3042180 DTXSID40504658 DTXSID70879341 DTXSID70731571 DTXSID50850557 DTXSID00739348 DTXSID90330949 DTXSID80593006 DTXSID00618124 DTXSID00375361 DTXSID90332584 DTXSID40452221
DTXSID00307223	DTXSID20317288 DTXSID90693228 DTXSID50808376 DTXSID80647316 DTXSID30217321 DTXSID50180326 DTXSID60147440 DTXSID80812845 DTXSID80326134 DTXSID10645305 DTXSID10660230 DTXSID50340180 DTXSID00712717 DTXSID90193935 DTXSID70325696 DTXSID80199027 DTXSID60441415 DTXSID50430015 DTXSID40540213 DTXSID90706903
DTXSID00431456	DTXSID60293931 DTXSID50570960 DTXSID10223829 DTXSID90383879 DTXSID10672419 DTXSID90516105 DTXSID40415351 DTXSID10876652 DTXSID80561866 DTXSID10556543 DTXSID00447830 DTXSID70186380 DTXSID90767216 DTXSID20616804 DTXSID10618094 DTXSID30759337 DTXSID10154664 DTXSID70662836 DTXSID60172090 DTXSID10558300
DTXSID50808376	DTXSID50340180 DTXSID4059253 DTXSID90401300 DTXSID40351048 DTXSID40736614 DTXSID60147440 DTXSID50635109 DTXSID40156813 DTXSID00307223 DTXSID40369466 DTXSID30310881 DTXSID80199027 DTXSID50751116 DTXSID80647316 DTXSID00712717 DTXSID90706903 DTXSID80326134 DTXSID90331931 DTXSID50727078 DTXSID50798788
DTXSID80722556	DTXSID80647376 DTXSID20376158 DTXSID20284688 DTXSID40896727 DTXSID30816914 DTXSID70585475 DTXSID10303817 DTXSID50704006 DTXSID70640932 DTXSID10143472 DTXSID10377573 DTXSID60550516 DTXSID90387731 DTXSID50615385 DTXSID90325830 DTXSID50161635 DTXSID00338355 DTXSID50660254 DTXSID10618478 DTXSID40711481
DTXSID30610111	DTXSID40171485 DTXSID50640399 DTXSID50550262 DTXSID70734305 DTXSID70739870 DTXSID6035156 DTXSID30531150 DTXSID00489134 DTXSID70323197 DTXSID10499269 DTXSID10325736 DTXSID20780913 DTXSID20533380 DTXSID40312371 DTXSID40460846 DTXSID40874080 DTXSID50280032 DTXSID40467294 DTXSID20703682 DTXSID00416965
DTXSID40552518	DTXSID70663580 DTXSID70534448 DTXSID10525294 DTXSID70641121 DTXSID90885863 DTXSID20350337 DTXSID70500800 DTXSID00586415 DTXSID20506014 DTXSID6041501 DTXSID30534449 DTXSID10534447 DTXSID20528296 DTXSID10634996 DTXSID2061480 DTXSID40783663 DTXSID80641117 DTXSID00847053 DTXSID60777408 DTXSID80875894
DTXSID10875923	DTXSID80725643 DTXSID70803782 DTXSID00597940 DTXSID80655491 DTXSID40814724 DTXSID50509992 DTXSID90513997 DTXSID10143558 DTXSID80427291 DTXSID90661225 DTXSID20700217 DTXSID80619876 DTXSID70314449 DTXSID00856766 DTXSID10710663 DTXSID60768134 DTXSID60875736 DTXSID30379473 DTXSID70799373 DTXSID80553342
DTXSID10223829	DTXSID90516105 DTXSID00431456 DTXSID60293931 DTXSID80561866 DTXSID50570960 DTXSID20616804 DTXSID30759337 DTXSID20465778 DTXSID00447830 DTXSID10618094 DTXSID10672419 DTXSID70186380 DTXSID90383879 DTXSID90767216 DTXSID10876652 DTXSID60172090 DTXSID40415351 DTXSID10812313 DTXSID70662836 DTXSID30806976
DTXSID40495138	DTXSID40280460 DTXSID20741908 DTXSID80637712 DTXSID80226706 DTXSID00762277 DTXSID80418427 DTXSID30427584 DTXSID80621994 DTXSID80172734 DTXSID70214475 DTXSID50630316 DTXSID20189700 DTXSID00220968 DTXSID10430450 DTXSID90766406 DTXSID60332177 DTXSID50601960 DTXSID50739813 DTXSID60170258 DTXSID10816412
DTXSID30431606	DTXSID80449453 DTXSID80811237 DTXSID30701937 DTXSID70398688 DTXSID00755240 DTXSID50552842 DTXSID70694495 DTXSID30805681 DTXSID30493143 DTXSID00706676 DTXSID70233722 DTXSID30727894 DTXSID00198572 DTXSID70703874 DTXSID50534885 DTXSID60209613 DTXSID90829782 DTXSID10471782 DTXSID20699051 DTXSID20734618
DTXSID00393727	DTXSID20576136 DTXSID10668655 DTXSID80657117 DTXSID40781189 DTXSID20352715 DTXSID30745058 DTXSID50602750 DTXSID80727804 DTXSID40508893 DTXSID60319443 DTXSID00710011 DTXSID20299454 DTXSID90676839 DTXSID40528157 DTXSID90438530 DTXSID70579192 DTXSID30279565 DTXSID90669140 DTXSID70148105 DTXSID80162953
DTXSID20886101	DTXSID60621912 DTXSID60616843 DTXSID90596508 DTXSID30413629 DTXSID70471682 DTXSID0058514 DTXSID20833716 DTXSID60374335 DTXSID70602333 DTXSID10832697 DTXSID60318532 DTXSID40328396 DTXSID80810068 DTXSID80337720 DTXSID50619383 DTXSID30583038 DTXSID50755018 DTXSID20453973 DTXSID10191993 DTXSID10597653
DTXSID40170039	DTXSID60550556 DTXSID70419125 DTXSID90344526 DTXSID80420702 DTXSID60177348 DTXSID70802775 DTXSID10367292 DTXSID20274988 DTXSID60876324 DTXSID00372618 DTXSID80181841 DTXSID60302395 DTXSID90624532 DTXSID40233512 DTXSID30444296 DTXSID30615166 DTXSID20626029 DTXSID80597524 DTXSID80404426 DTXSID00702794
DTXSID00440467	DTXSID30566624 DTXSID80498486 DTXSID40663532 DTXSID50302763 DTXSID3044918 DTXSID50853725 DTXSID10453169 DTXSID00480065 DTXSID00373721 DTXSID40388879 DTXSID60475730 DTXSID20467313 DTXSID80655638 DTXSID70774943 DTXSID30554167 DTXSID00295277 DTXSID20506514 DTXSID20443697 DTXSID30418775 DTXSID80348497
DTXSID70761252	DTXSID2050035 DTXSID90807484 DTXSID60675950 DTXSID60418021 DTXSID10637361 DTXSID40286902 DTXSID10609947 DTXSID70373192 DTXSID70348188 DTXSID20887799 DTXSID10244236 DTXSID50828832 DTXSID30158189 DTXSID20173745 DTXSID80783627 DTXSID20803095 DTXSID70710346 DTXSID50790787 DTXSID9041023 DTXSID10720146
DTXSID40876983	DTXSID80848381 DTXSID30804533 DTXSID20475751 DTXSID20444048 DTXSID30184524 DTXSID20560212 DTXSID00681570 DTXSID90612898 DTXSID70607868 DTXSID50694418 DTXSID80524375 DTXSID90209343 DTXSID30278139 DTXSID00771182 DTXSID20797081 DTXSID40303103 DTXSID80381783 DTXSID70278193 DTXSID40766279 DTXSID80876982
DTXSID5061085	DTXSID80884461 DTXSID80234563 DTXSID00404029 DTXSID00764377 DTXSID10279164 DTXSID20776896 DTXSID8061212 DTXSID10852012 DTXSID40157103 DTXSID10736287 DTXSID40869951 DTXSID60749867 DTXSID90152264 DTXSID40243015 DTXSID60810940 DTXSID70724408 DTXSID10388942 DTXSID10224790 DTXSID80844909 DTXSID60798678
DTXSID70201941	DTXSID40595309 DTXSID20365502 DTXSID90231780 DTXSID90171839 DTXSID30398023 DTXSID50179351 DTXSID80209251 DTXSID90734084 DTXSID70567352 DTXSID00483778 DTXSID20501903 DTXSID80212043 DTXSID60621250 DTXSID50704142 DTXSID60762319 DTXSID20673533 DTXSID80671813 DTXSID20346755 DTXSID40356538 DTXSID50398429
DTXSID20585788	DTXSID00312019 DTXSID00614161 DTXSID90473567 DTXSID20447155 DTXSID10287204 DTXSID00393984 DTXSID00420845 DTXSID10659624 DTXSID00621850 DTXSID80851830 DTXSID40293717 DTXSID80208966 DTXSID80896685 DTXSID50526447 DTXSID70561315 DTXSID30711814 DTXSID10538581 DTXSID10459065 DTXSID10663509 DTXSID20333766
DTXSID80836521	DTXSID40341646 DTXSID70816731 DTXSID60864504 DTXSID60552474 DTXSID40714614 DTXSID80340739 DTXSID20295330 DTXSID80414949 DTXSID30816732 DTXSID50712085 DTXSID10784248 DTXSID30342228 DTXSID60880648 DTXSID40718177 DTXSID60515882 DTXSID70773512 DTXSID60759845 DTXSID40819355 DTXSID80341685 DTXSID00789267
DTXSID00829056	DTXSID20243255 DTXSID40546790 DTXSID60792898 DTXSID30615328 DTXSID50468535 DTXSID40439279 DTXSID50491545 DTXSID90290453 DTXSID20218842 DTXSID10634416 DTXSID00625136 DTXSID00640283 DTXSID40171566 DTXSID10579757 DTXSID50651304 DTXSID20595640 DTXSID60514991 DTXSID20602343 DTXSID40530331 DTXSID80723765
DTXSID70721614	DTXSID50316123 DTXSID80308374 DTXSID80847197 DTXSID50242539 DTXSID30540383 DTXSID70873622 DTXSID40852085 DTXSID40306199 DTXSID80440844 DTXSID30767634 DTXSID40832302 DTXSID60184532 DTXSID00639879 DTXSID20746397 DTXSID30817906 DTXSID90650230 DTXSID70332168 DTXSID60767021 DTXSID50341016 DTXSID10597638
DTXSID50149857	DTXSID50709091 DTXSID30590308 DTXSID80488645 DTXSID50589815 DTXSID30331379 DTXSID50345716 DTXSID60462105 DTXSID10794963 DTXSID50196028 DTXSID60608662 DTXSID20285670 DTXSID60621654 DTXSID30241787 DTXSID50494990 DTXSID70754826 DTXSID50495023 DTXSID20424284 DTXSID40707006 DTXSID90420798 DTXSID40596295
DTXSID00429050	DTXSID40560350 DTXSID80879731 DTXSID10444037 DTXSID90611407 DTXSID80479391 DTXSID20405275 DTXSID70710927 DTXSID10749877 DTXSID80563507 DTXSID30356764 DTXSID60608324 DTXSID10356469 DTXSID50534365 DTXSID00502857 DTXSID20519503 DTXSID10604336 DTXSID20403610 DTXSID20648620 DTXSID50285047 DTXSID70516784
DTXSID60240187	DTXSID70848557 DTXSID20449654 DTXSID90176884 DTXSID30725638 DTXSID50726480 DTXSID90485165 DTXSID00811012 DTXSID00216947 DTXSID30752484 DTXSID90336082 DTXSID90381395 DTXSID20697451 DTXSID60441410 DTXSID90842471 DTXSID80493638 DTXSID70421046 DTXSID70490555 DTXSID10447669 DTXSID30388045 DTXSID20579748
DTXSID9057979	DTXSID40828260 DTXSID10792868 DTXSID00386154 DTXSID90804993 DTXSID60564971 DTXSID30421648 DTXSID70810274 DTXSID80555467 DTXSID50310186 DTXSID00430025 DTXSID50700765 DTXSID70567079 DTXSID20428464 DTXSID10756521 DTXSID90459821 DTXSID80206088 DTXSID90553131 DTXSID40530558 DTXSID10484514 DTXSID60292449
DTXSID00227472	DTXSID60854566 DTXSID10591237 DTXSID40334755 DTXSID90769098 DTXSID60232926 DTXSID40781609 DTXSID40795620 DTXSID10634658 DTXSID00637274 DTXSID50309898 DTXSID50818238 DTXSID80806628 DTXSID20337941 DTXSID10579631 DTXSID90826973 DTXSID20793129 DTXSID70840778 DTXSID60501967 DTXSID10788468 DTXSID40604041
DTXSID10852996	DTXSID40440103 DTXSID60806661 DTXSID5052387 DTXSID10516763 DTXSID20159786 DTXSID40765540 DTXSID20544931 DTXSID80287832 DTXSID80484561 DTXSID20793508 DTXSID50668230 DTXSID30437547 DTXSID10594324 DTXSID30346908 DTXSID30443108 DTXSID50696336 DTXSID0042298 DTXSID60700918 DTXSID40332150 DTXSID20856788
DTXSID50549631	DTXSID90799633 DTXSID70280852 DTXSID90812856 DTXSID80472908 DTXSID40610364 DTXSID60631637 DTXSID70891442 DTXSID40835055 DTXSID00406381 DTXSID70296695 DTXSID50846172 DTXSID90699861 DTXSID80456228 DTXSID50440356 DTXSID70815446 DTXSID90767079 DTXSID40641294 DTXSID90430256 DTXSID60278066 DTXSID40606782
DTXSID30805207	DTXSID40602800 DTXSID10228319 DTXSID90573157 DTXSID10329471 DTXSID10611146 DTXSID60700534 DTXSID90788820 DTXSID90794481 DTXSID90294375 DTXSID10818850 DTXSID10513631 DTXSID10394967 DTXSID70291064 DTXSID10313537 DTXSID90341590 DTXSID40352676 DTXSID50401306 DTXSID30662877 DTXSID60173527 DTXSID00697494
DTXSID60357421	DTXSID10505874 DTXSID20661056 DTXSID20299676 DTXSID70646651 DTXSID10519178 DTXSID30849560 DTXSID20520119 DTXSID80222783 DTXSID70738949 DTXSID40213495 DTXSID80183441 DTXSID10726325 DTXSID90602810 DTXSID00711265 DTXSID50825200 DTXSID00570016 DTXSID90591699 DTXSID50301953 DTXSID30344888 DTXSID60745223
DTXSID40856624	DTXSID30630197 DTXSID50857460 DTXSID60749685 DTXSID20179929 DTXSID20853671 DTXSID20697678 DTXSID60227594 DTXSID90425687 DTXSID50613806 DTXSID50400233 DTXSID90847724 DTXSID20222681 DTXSID80476729 DTXSID30772304 DTXSID70327438 DTXSID20542891 DTXSID70433149 DTXSID20656902 DTXSID30322904 DTXSID10542067
DTXSID70579435	DTXSID50605327 DTXSID60830143 DTXSID60310778 DTXSID20364550 DTXSID00876525 DTXSID50738063 DTXSID50217681 DTXSID70505355 DTXSID50538186 DTXSID90513917 DTXSID40642064 DTXSID20278103 DTXSID80763489 DTXSID80790533 DTXSID50576684 DTXSID80694441 DTXSID30620730 DTXSID00590557 DTXSID00813839 DTXSID2052360
DTXSID60680908	DTXSID10506361 DTXSID20419099 DTXSID40404280 DTXSID60820660 DTXSID00480469 DTXSID20642128 DTXSID00508773 DTXSID60351681 DTXSID50776829 DTXSID40726050 DTXSID00384771 DTXSID60542335 DTXSID20445712 DTXSID40509623 DTXSID70649283 DTXSID70811307 DTXSID60634123 DTXSID90561630 DTXSID10361513 DTXSID60233812
DTXSID00837035	DTXSID20740779 DTXSID60514936 DTXSID30635122 DTXSID50450374 DTXSID10403725 DTXSID30343396 DTXSID1036886 DTXSID20732210 DTXSID90623222 DTXSID30506823 DTXSID30460875 DTXSID1066786 DTXSID30323618 DTXSID90407241 DTXSID20146696 DTXSID70437465 DTXSID70513854 DTXSID80589808 DTXSID40180330 DTXSID70734123
DTXSID1065899	DTXSID40287797 DTXSID80380034 DTXSID10342625 DTXSID00453198 DTXSID60674281 DTXSID10365975 DTXSID20351187 DTXSID30624051 DTXSID40482043 DTXSID00571927 DTXSID80642068 DTXSID00768097 DTXSID00464704 DTXSID00802263 DTXSID20372756 DTXSID80215670 DTXSID40559067 DTXSID00631772 DTXSID00421630 DTXSID00473518
DTXSID00559528	DTXSID10180923 DTXSID30288293 DTXSID60489296 DTXSID00669237 DTXSID60757260 DTXSID90296834 DTXSID30372484 DTXSID10604336 DTXSID00502857 DTXSID50352682 DTXSID30198484 DTXSID50534365 DTXSID50496494 DTXSID20671716 DTXSID80528671 DTXSID00389105 DTXSID00201636 DTXSID50727174 DTXSID0062139 DTXSID20838140
DTXSID60379527	DTXSID30716324 DTXSID80351527 DTXSID50208059 DTXSID90497425 DTXSID50590749 DTXSID40703664 DTXSID80548516 DTXSID70239385 DTXSID20154993 DTXSID3069982 DTXSID30716364 DTXSID40197327 DTXSID20611374 DTXSID80499110 DTXSID90740544 DTXSID10727852 DTXSID10392362 DTXSID70327150 DTXSID60221092 DTXSID30896150
DTXSID30751750	DTXSID70876552 DTXSID90505372 DTXSID10351257 DTXSID30350843 DTXSID10752705 DTXSID40761729 DTXSID60633636 DTXSID50325735 DTXSID20833716 DTXSID80503882 DTXSID40328396 DTXSID60791689 DTXSID50460918 DTXSID1058393 DTXSID10191993 DTXSID50233720 DTXSID70484651 DTXSID50755018 DTXSID00511303 DTXSID20697072
DTXSID20316433	DTXSID90768041 DTXSID90400696 DTXSID50821545 DTXSID90630138 DTXSID30560804 DTXSID70376901 DTXSID00318718 DTXSID70607161 DTXSID90758669 DTXSID70325712 DTXSID4051740 DTXSID00772053 DTXSID50771132 DTXSID20790370 DTXSID20474981 DTXSID60645895 DTXSID30234871 DTXSID70727494 DTXSID20281692 DTXSID80323663
DTXSID70596485	DTXSID30519534 DTXSID60615952 DTXSID20468941 DTXSID6066862 DTXSID80766713 DTXSID70880614 DTXSID70477361 DTXSID90423986 DTXSID20801632 DTXSID1070856 DTXSID50771354 DTXSID00402808 DTXSID50718047 DTXSID80766536 DTXSID60501967 DTXSID70765735 DTXSID90826973 DTXSID30239664 DTXSID90539798 DTXSID50718906
DTXSID90706488	DTXSID20424567 DTXSID20394216 DTXSID20705661 DTXSID70616516 DTXSID10356469 DTXSID80479391 DTXSID40504113 DTXSID90611407 DTXSID30450099 DTXSID5063605 DTXSID40187203 DTXSID70710927 DTXSID90392042 DTXSID20468163 DTXSID10777554 DTXSID40845694 DTXSID80402306 DTXSID10354268 DTXSID50776243 DTXSID10712405
DTXSID10727837	DTXSID30579375 DTXSID40847597 DTXSID70811428 DTXSID30585375 DTXSID30296292 DTXSID20146696 DTXSID10408856 DTXSID30836834 DTXSID00401210 DTXSID10316184 DTXSID60536810 DTXSID20398810 DTXSID30760367 DTXSID50635285 DTXSID50354621 DTXSID00536894 DTXSID40390932 DTXSID8068202 DTXSID90743974 DTXSID70392484
DTXSID20663792	DTXSID80782594 DTXSID90895689 DTXSID70724660 DTXSID60189986 DTXSID40277799 DTXSID10663766 DTXSID50277341 DTXSID20189422 DTXSID00324278 DTXSID70441289 DTXSID70895425 DTXSID90610334 DTXSID60463218 DTXSID30878370 DTXSID70425009 DTXSID40875118 DTXSID20873839 DTXSID30392389 DTXSID50526109 DTXSID70895420
DTXSID20791342	DTXSID60287734 DTXSID40576875 DTXSID40397623 DTXSID40855132 DTXSID30874251 DTXSID10221865 DTXSID60375120 DTXSID3058955 DTXSID00621330 DTXSID60505389 DTXSID90426058 DTXSID00442688 DTXSID70799712 DTXSID70528403 DTXSID90640974 DTXSID50345019 DTXSID40578238 DTXSID10531254 DTXSID20582959 DTXSID30634231
DTXSID80535688	DTXSID90876473 DTXSID10588304 DTXSID90237202 DTXSID10667643 DTXSID90819603 DTXSID70851167 DTXSID50587654 DTXSID10804531 DTXSID70731470 DTXSID20173846 DTXSID00732157 DTXSID40753407 DTXSID60847019 DTXSID00829995 DTXSID50343737 DTXSID60476803 DTXSID80466281 DTXSID90431228 DTXSID90814597 DTXSID10630897
DTXSID70280852	DTXSID50549631 DTXSID90430256 DTXSID10277443 DTXSID80542938 DTXSID20418481 DTXSID1067833 DTXSID50557458 DTXSID40606782 DTXSID60631637 DTXSID80538619 DTXSID70815446 DTXSID90799633 DTXSID90812856 DTXSID90767079 DTXSID40835055 DTXSID80484844 DTXSID20408685 DTXSID70645886 DTXSID90699861 DTXSID60589583
DTXSID00775887	DTXSID70622612 DTXSID80560258 DTXSID90765171 DTXSID10783438 DTXSID40208523 DTXSID90660430 DTXSID80576899 DTXSID6063511 DTXSID90302606 DTXSID00559144 DTXSID30702166 DTXSID2063765 DTXSID60751309 DTXSID4052005 DTXSID1062546 DTXSID60173926 DTXSID7066148 DTXSID70751310 DTXSID80770815 DTXSID90209025
DTXSID80551161	DTXSID10398268 DTXSID20307225 DTXSID50421786 DTXSID50652836 DTXSID20593166 DTXSID80436888 DTXSID90733638 DTXSID60649212 DTXSID00318455 DTXSID10313815 DTXSID30558488 DTXSID30400690 DTXSID50300042 DTXSID30409264 DTXSID30553978 DTXSID00728974 DTXSID8047509 DTXSID50517234 DTXSID20781223 DTXSID10563479
DTXSID40374050	DTXSID70463027 DTXSID90460452 DTXSID20806980 DTXSID10375655 DTXSID80712533 DTXSID00669237 DTXSID60458280 DTXSID20671716 DTXSID00201636 DTXSID50402671 DTXSID20771280 DTXSID20298200 DTXSID50314442 DTXSID70344100 DTXSID80453838 DTXSID50727174 DTXSID70195699 DTXSID10713593 DTXSID40545728 DTXSID90307398
DTXSID40612666	DTXSID80308177 DTXSID20726376 DTXSID90757551 DTXSID40222108 DTXSID90727173 DTXSID30293963 DTXSID30625048 DTXSID10298456 DTXSID40751468 DTXSID30675048 DTXSID50193279 DTXSID70648998 DTXSID80430144 DTXSID00344971 DTXSID70532141 DTXSID40694386 DTXSID60364099 DTXSID80288283 DTXSID60831973 DTXSID80874261
DTXSID20143105	DTXSID10292111 DTXSID80176191 DTXSID00646760 DTXSID80143106 DTXSID00274688 DTXSID50722604 DTXSID20384834 DTXSID70799095 DTXSID00364013 DTXSID30838752 DTXSID90595591 DTXSID90353012 DTXSID70476834 DTXSID30747335 DTXSID60470846 DTXSID10572809 DTXSID70176387 DTXSID40623797 DTXSID60388351 DTXSID00567360
DTXSID90352929	DTXSID00797266 DTXSID00835551 DTXSID10600479 DTXSID20702812 DTXSID50402570 DTXSID40749345 DTXSID10452450 DTXSID30543016 DTXSID50589017 DTXSID30550669 DTXSID90512026 DTXSID90388288 DTXSID00496606 DTXSID10340242 DTXSID30775971 DTXSID70488816 DTXSID40313489 DTXSID90857282 DTXSID30359270 DTXSID90506460
DTXSID50833527	DTXSID80180894 DTXSID60840166 DTXSID10606552 DTXSID30331379 DTXSID50589815 DTXSID30204953 DTXSID50338880 DTXSID00542470 DTXSID00504230 DTXSID90649245 DTXSID70754826 DTXSID30817906 DTXSID30590308 DTXSID10525991 DTXSID00541347 DTXSID70846614 DTXSID40243196 DTXSID50496595 DTXSID90570287 DTXSID80649850
DTXSID70725576	DTXSID70616435 DTXSID60624024 DTXSID80499195 DTXSID40508237 DTXSID40777906 DTXSID60561703 DTXSID10422234 DTXSID30739831 DTXSID50188105 DTXSID80696900 DTXSID50372744 DTXSID90676672 DTXSID00346814 DTXSID50351190 DTXSID60731106 DTXSID50727371 DTXSID00482887 DTXSID70566047 DTXSID80593006 DTXSID90392163
DTXSID90875966	DTXSID60358195 DTXSID00839498 DTXSID70556342 DTXSID90457963 DTXSID60559382 DTXSID70879543 DTXSID30228250 DTXSID90668471 DTXSID10160386 DTXSID20229236 DTXSID90309635 DTXSID10278713 DTXSID70623684 DTXSID10740400 DTXSID60554776 DTXSID00846006 DTXSID90706903 DTXSID20817910 DTXSID80326134 DTXSID50729870
DTXSID10837920	DTXSID50832292 DTXSID80661118 DTXSID90719154 DTXSID70525891 DTXSID90290716 DTXSID60831579 DTXSID60693876 DTXSID70876532 DTXSID3042269 DTXSID80787403 DTXSID80757020 DTXSID50306701 DTXSID1059151 DTXSID00514773 DTXSID00412780 DTXSID80369485 DTXSID30545994 DTXSID20876901 DTXSID00493059 DTXSID50759410
DTXSID10816412	DTXSID20170390 DTXSID50171916 DTXSID50630316 DTXSID30356901 DTXSID80603790 DTXSID60170258 DTXSID70440333 DTXSID90622311 DTXSID50627988 DTXSID70214475 DTXSID20391366 DTXSID80724191 DTXSID20720415 DTXSID30427584 DTXSID40280460 DTXSID50210571 DTXSID50601960 DTXSID40495138 DTXSID80226706 DTXSID40757627
DTXSID60383760	DTXSID10299009 DTXSID70653901 DTXSID30284199 DTXSID60285497 DTXSID60593347 DTXSID10702407 DTXSID40623939 DTXSID20187983 DTXSID80676848 DTXSID90879368 DTXSID50677448 DTXSID80468563 DTXSID70879689 DTXSID20813492 DTXSID3063417 DTXSID20522017 DTXSID10557050 DTXSID00158752 DTXSID50429722 DTXSID00145980
DTXSID90647221	DTXSID70221568 DTXSID70710422 DTXSID40430266 DTXSID70820898 DTXSID50667248 DTXSID70471389 DTXSID50345014 DTXSID20406545 DTXSID00618008 DTXSID50437069 DTXSID20778436 DTXSID20418305 DTXSID10344169 DTXSID90805440 DTXSID40674183 DTXSID80728891 DTXSID80337326 DTXSID70310608 DTXSID40670741 DTXSID20534998
DTXSID40341904	DTXSID90864779 DTXSID90562627 DTXSID50749917 DTXSID00465357 DTXSID70642537 DTXSID20308030 DTXSID70558563 DTXSID60337187 DTXSID90736028 DTXSID60614763 DTXSID9047095 DTXSID70734148 DTXSID20578554 DTXSID40717822 DTXSID90801907 DTXSID60797262 DTXSID70538027 DTXSID80590055 DTXSID00721268 DTXSID40365145
DTXSID90742528	DTXSID10305598 DTXSID50630952 DTXSID80155062 DTXSID50374804 DTXSID50354621 DTXSID70449649 DTXSID90700087 DTXSID70392484 DTXSID10483385 DTXSID40706150 DTXSID60675071 DTXSID90443664 DTXSID90743974 DTXSID00729865 DTXSID00536894 DTXSID10316184 DTXSID10179115 DTXSID40829530 DTXSID40545728 DTXSID90407241
DTXSID10408856	DTXSID30750945 DTXSID50395110 DTXSID40390932 DTXSID30296292 DTXSID10727837 DTXSID20406141 DTXSID60536810 DTXSID00401210 DTXSID50450930 DTXSID8068202 DTXSID60725101 DTXSID20368295 DTXSID40847597 DTXSID70811428 DTXSID00839751 DTXSID00559149 DTXSID30579375 DTXSID90698511 DTXSID50635285 DTXSID20398810
DTXSID50408597	DTXSID60661131 DTXSID00651975 DTXSID10473549 DTXSID40359589 DTXSID60301085 DTXSID10512301 DTXSID10754289 DTXSID20285195 DTXSID10364125 DTXSID60533187 DTXSID40291475 DTXSID70756441 DTXSID80748231 DTXSID80742936 DTXSID30735378 DTXSID90293308 DTXSID80480780 DTXSID20697239 DTXSID00858129 DTXSID70409389
DTXSID60184532	DTXSID80440844 DTXSID30540383 DTXSID70873622 DTXSID00653333 DTXSID50341016 DTXSID30767634 DTXSID00639879 DTXSID10498474 DTXSID20204487 DTXSID60494921 DTXSID20804840 DTXSID80847197 DTXSID70721614 DTXSID00296961 DTXSID60767021 DTXSID50242539 DTXSID30855727 DTXSID20756234 DTXSID90650230 DTXSID50310186
DTXSID90405585	DTXSID10169758 DTXSID10494193 DTXSID60803872 DTXSID90205587 DTXSID60598918 DTXSID70283222 DTXSID70668075 DTXSID80640443 DTXSID20417959 DTXSID7041625 DTXSID70174964 DTXSID50761275 DTXSID7023194 DTXSID40357580 DTXSID90657865 DTXSID10491980 DTXSID80879397 DTXSID40183785 DTXSID70303297 DTXSID70369696
DTXSID80756058	DTXSID40876847 DTXSID40414687 DTXSID40296925 DTXSID00661216 DTXSID60876440 DTXSID80822580 DTXSID80598596 DTXSID10325094 DTXSID9021712 DTXSID30756543 DTXSID10371692 DTXSID00656980 DTXSID70397570 DTXSID50433142 DTXSID60145840 DTXSID20144394 DTXSID40657274 DTXSID30541491 DTXSID10547299 DTXSID90185370
DTXSID60439599	DTXSID60144510 DTXSID40403172 DTXSID10177959 DTXSID10406892 DTXSID20307381 DTXSID90278559 DTXSID70566264 DTXSID3042506 DTXSID50323554 DTXSID40694669 DTXSID50735557 DTXSID40286260 DTXSID30650890 DTXSID30434854 DTXSID30652778 DTXSID70398168 DTXSID00744412 DTXSID60552611 DTXSID10632250 DTXSID80199320
DTXSID30713515	DTXSID70706764 DTXSID20190770 DTXSID20653476 DTXSID40543441 DTXSID70418875 DTXSID80452144 DTXSID00364578 DTXSID30333176 DTXSID10390348 DTXSID00706535 DTXSID40408203 DTXSID30757772 DTXSID40641234 DTXSID20318013 DTXSID80787827 DTXSID90543436 DTXSID70517771 DTXSID10667542 DTXSID30396761 DTXSID40635496
DTXSID40173409	DTXSID00423917 DTXSID90663507 DTXSID40773322 DTXSID6048096 DTXSID10724700 DTXSID10160907 DTXSID70700803 DTXSID80615070 DTXSID00694584 DTXSID70852235 DTXSID40844809 DTXSID30438498 DTXSID20640220 DTXSID70499624 DTXSID20618883 DTXSID10585474 DTXSID60428125 DTXSID00534895 DTXSID00635194 DTXSID40511105
DTXSID10782168	DTXSID10167355 DTXSID50484710 DTXSID60553360 DTXSID20282922 DTXSID40670701 DTXSID80397783 DTXSID50812190 DTXSID20799641 DTXSID60447795 DTXSID10380921 DTXSID20603350 DTXSID70395576 DTXSID90317432 DTXSID50759132 DTXSID80481954 DTXSID20424946 DTXSID50350724 DTXSID00154815 DTXSID90402756 DTXSID90892294
DTXSID70434232	DTXSID90850713 DTXSID40606308 DTXSID60667653 DTXSID90151732 DTXSID00452641 DTXSID20676403 DTXSID10700887 DTXSID90330222 DTXSID90572428 DTXSID40325507 DTXSID20593303 DTXSID40385343 DTXSID00292362 DTXSID20835432 DTXSID40721964 DTXSID50297443 DTXSID40450924 DTXSID40753881 DTXSID30631669 DTXSID9044293
DTXSID00884246	DTXSID30714603 DTXSID30336900 DTXSID8070128 DTXSID00710076 DTXSID30528040 DTXSID80893735 DTXSID70805761 DTXSID00892301 DTXSID70276578 DTXSID3067231 DTXSID60460363 DTXSID90634898 DTXSID10239187 DTXSID30300722 DTXSID3026564 DTXSID1041398 DTXSID00618164 DTXSID40770194 DTXSID10206612 DTXSID30609742
DTXSID80570276	DTXSID70309653 DTXSID80354891 DTXSID90813707 DTXSID30322782 DTXSID80211632 DTXSID60464760 DTXSID50733937 DTXSID50660936 DTXSID20516850 DTXSID70481504 DTXSID90808375 DTXSID30642477 DTXSID70411184 DTXSID80383500 DTXSID20159226 DTXSID30346367 DTXSID70843961 DTXSID50315974 DTXSID50429247 DTXSID10349912
DTXSID60697410	DTXSID80668768 DTXSID20200787 DTXSID40682127 DTXSID30870975 DTXSID60428307 DTXSID40693334 DTXSID60519360 DTXSID3061920 DTXSID10214196 DTXSID90145474 DTXSID30332861 DTXSID4047541 DTXSID70836550 DTXSID20241751 DTXSID40143485 DTXSID00652780 DTXSID90759515 DTXSID00171840 DTXSID50497966 DTXSID50698456
DTXSID40766279	DTXSID90171935 DTXSID20560212 DTXSID20444048 DTXSID10403129 DTXSID90665021 DTXSID30434511 DTXSID80524375 DTXSID20739229 DTXSID00842240 DTXSID00681570 DTXSID10440059 DTXSID50788008 DTXSID80848381 DTXSID60407056 DTXSID90178843 DTXSID90209343 DTXSID10504807 DTXSID30184524 DTXSID40876983 DTXSID8047717
DTXSID60519486	DTXSID60514991 DTXSID00625136 DTXSID00640283 DTXSID1068853 DTXSID20655394 DTXSID40629370 DTXSID70715619 DTXSID80693833 DTXSID20429436 DTXSID50848459 DTXSID80456102 DTXSID20595640 DTXSID20322579 DTXSID40439279 DTXSID40443371 DTXSID40418766 DTXSID10345131 DTXSID60155343 DTXSID1044932 DTXSID00768471
DTXSID10819029	DTXSID20808722 DTXSID70790805 DTXSID10805149 DTXSID30805762 DTXSID00804404 DTXSID40830606 DTXSID40867432 DTXSID20888665 DTXSID40789867 DTXSID70710346 DTXSID20834925 DTXSID2070421 DTXSID60710279 DTXSID50780365 DTXSID60605217 DTXSID50812175 DTXSID80830605 DTXSID90176243 DTXSID40193041 DTXSID40163668
DTXSID30375137	DTXSID20503104 DTXSID10403669 DTXSID00220882 DTXSID70509853 DTXSID80431818 DTXSID80281698 DTXSID40621910 DTXSID50220892 DTXSID60626947 DTXSID30468391 DTXSID50825200 DTXSID80661133 DTXSID8058827 DTXSID90557553 DTXSID70445949 DTXSID40543966 DTXSID00711265 DTXSID40356114 DTXSID30718308 DTXSID7058048
DTXSID70350342	DTXSID60446788 DTXSID40615596 DTXSID00551289 DTXSID10551290 DTXSID40319289 DTXSID80637939 DTXSID20430688 DTXSID90732424 DTXSID30664371 DTXSID20286440 DTXSID1046506 DTXSID50751474 DTXSID20780433 DTXSID50394522 DTXSID30741914 DTXSID10377159 DTXSID90152845 DTXSID00601031 DTXSID40743606 DTXSID60896067
DTXSID90805021	DTXSID10441586 DTXSID10280518 DTXSID10728889 DTXSID10708424 DTXSID80879493 DTXSID60154331 DTXSID50294250 DTXSID30606317 DTXSID70560666 DTXSID70795315 DTXSID70666899 DTXSID80299394 DTXSID00615794 DTXSID30722324 DTXSID00833719 DTXSID20548313 DTXSID00640667 DTXSID60600484 DTXSID80754296 DTXSID60369660
DTXSID20475812	DTXSID40565486 DTXSID90450858 DTXSID00491015 DTXSID00343449 DTXSID60207018 DTXSID90329454 DTXSID10528548 DTXSID20446421 DTXSID70488750 DTXSID20835977 DTXSID6044648 DTXSID70517771 DTXSID40408203 DTXSID50318526 DTXSID60497336 DTXSID50640319 DTXSID00706535 DTXSID90543436 DTXSID40635496 DTXSID70612013
DTXSID70372524	DTXSID90308284 DTXSID70398168 DTXSID40764472 DTXSID20545261 DTXSID60204269 DTXSID50323554 DTXSID10855821 DTXSID60552611 DTXSID10483789 DTXSID60670046 DTXSID00744412 DTXSID60735008 DTXSID70486135 DTXSID70597831 DTXSID80514776 DTXSID80489637 DTXSID80665419 DTXSID80312456 DTXSID30218136 DTXSID00831917
DTXSID20429870	DTXSID80647497 DTXSID70274377 DTXSID80596173 DTXSID60742111 DTXSID90629749 DTXSID50879142 DTXSID00382030 DTXSID50704788 DTXSID30657804 DTXSID30761213 DTXSID40466202 DTXSID00156475 DTXSID70672798 DTXSID30709610 DTXSID00287899 DTXSID00694620 DTXSID50389458 DTXSID40596119 DTXSID30222415 DTXSID20656063
DTXSID70381358	DTXSID00481577 DTXSID40543961 DTXSID70709755 DTXSID00745404 DTXSID20874164 DTXSID40608761 DTXSID10596242 DTXSID80610161 DTXSID90814719 DTXSID10312106 DTXSID90474372 DTXSID10297702 DTXSID10557297 DTXSID50679149 DTXSID00521083 DTXSID50505434 DTXSID70711550 DTXSID00720978 DTXSID60392019 DTXSID70394983
DTXSID50867463	DTXSID10492816 DTXSID50340887 DTXSID80651337 DTXSID90826195 DTXSID10801303 DTXSID80765483 DTXSID50196164 DTXSID00500111 DTXSID00425996 DTXSID80626000 DTXSID00773606 DTXSID10512361 DTXSID70490555 DTXSID80347102 DTXSID70349498 DTXSID70345692 DTXSID60528215 DTXSID20579662 DTXSID50734888 DTXSID60511748
DTXSID80552279	DTXSID00814942 DTXSID40534915 DTXSID20495494 DTXSID30639589 DTXSID10472219 DTXSID30524340 DTXSID80450948 DTXSID60481437 DTXSID10544465 DTXSID40791748 DTXSID4062519 DTXSID30737771 DTXSID20636986 DTXSID20340096 DTXSID30525231 DTXSID60228420 DTXSID80771201 DTXSID90464854 DTXSID10818299 DTXSID00551027
DTXSID30448451	DTXSID50391273 DTXSID70569573 DTXSID00735688 DTXSID60162739 DTXSID90809448 DTXSID00407575 DTXSID70203864 DTXSID40641234 DTXSID80506732 DTXSID20578675 DTXSID80787827 DTXSID00164439 DTXSID20694900 DTXSID50467720 DTXSID80729287 DTXSID70523594 DTXSID20488861 DTXSID50528608 DTXSID80541481 DTXSID20737725
DTXSID70452633	DTXSID70196484 DTXSID70191611 DTXSID50345716 DTXSID90358168 DTXSID70733717 DTXSID40829772 DTXSID90420798 DTXSID00427450 DTXSID30241787 DTXSID00513589 DTXSID70754826 DTXSID60621654 DTXSID70545195 DTXSID40787722 DTXSID00398893 DTXSID20640624 DTXSID70660978 DTXSID40775765 DTXSID40654925 DTXSID60757684
DTXSID60448429	DTXSID70809300 DTXSID60881211 DTXSID00655190 DTXSID60642041 DTXSID80159287 DTXSID30656776 DTXSID70880654 DTXSID50296299 DTXSID60241518 DTXSID00732511 DTXSID60816588 DTXSID90464773 DTXSID30674854 DTXSID70614092 DTXSID90675226 DTXSID40759388 DTXSID10149196 DTXSID70817627 DTXSID30544962 DTXSID90751933
DTXSID50589017	DTXSID70488816 DTXSID90388288 DTXSID90506460 DTXSID40749345 DTXSID00143623 DTXSID00496606 DTXSID90337312 DTXSID00428225 DTXSID70353035 DTXSID90624653 DTXSID50590582 DTXSID90512026 DTXSID10600479 DTXSID10452450 DTXSID90352929 DTXSID50427945 DTXSID00372794 DTXSID00797266 DTXSID20324558 DTXSID20667790
DTXSID60640320	DTXSID00603732 DTXSID60281853 DTXSID90426730 DTXSID20615493 DTXSID40398079 DTXSID20839490 DTXSID30336703 DTXSID10784723 DTXSID10658556 DTXSID10528543 DTXSID00631297 DTXSID10617229 DTXSID80699370 DTXSID50590385 DTXSID70390667 DTXSID20651114 DTXSID70342626 DTXSID70757352 DTXSID10568641 DTXSID50462639
DTXSID40659197	DTXSID60276426 DTXSID70805761 DTXSID00892301 DTXSID00710076 DTXSID40770194 DTXSID30819268 DTXSID90883243 DTXSID60300730 DTXSID8070128 DTXSID20210280 DTXSID30300722 DTXSID30714603 DTXSID00841374 DTXSID10206612 DTXSID7070478 DTXSID8027872 DTXSID70239188 DTXSID30528040 DTXSID70276578 DTXSID1041398
DTXSID70540044	DTXSID90767918 DTXSID10521453 DTXSID60174953 DTXSID30508463 DTXSID90497925 DTXSID30447181 DTXSID00827012 DTXSID80791444 DTXSID50296032 DTXSID8073637 DTXSID9058941 DTXSID50150201 DTXSID20602303 DTXSID70832254 DTXSID80398735 DTXSID50297620 DTXSID30388904 DTXSID80775204 DTXSID80437496 DTXSID10405885
DTXSID00156475	DTXSID30761213 DTXSID30282190 DTXSID50343833 DTXSID40282924 DTXSID60742111 DTXSID20758435 DTXSID60325625 DTXSID60401296 DTXSID00382030 DTXSID30716667 DTXSID00287899 DTXSID70274377 DTXSID00374899 DTXSID50809828 DTXSID30709610 DTXSID60646342 DTXSID40466202 DTXSID70672798 DTXSID50879142 DTXSID50704788
DTXSID40758917	DTXSID80814102 DTXSID50406932 DTXSID20647693 DTXSID80440647 DTXSID10198205 DTXSID70315971 DTXSID40334275 DTXSID00839751 DTXSID40380277 DTXSID50450930 DTXSID60725101 DTXSID20406141 DTXSID90462936 DTXSID30796606 DTXSID10696150 DTXSID90442410 DTXSID00411738 DTXSID20354870 DTXSID10349472 DTXSID40593340
DTXSID90602057	DTXSID00826560 DTXSID10890999 DTXSID20197406 DTXSID00752951 DTXSID10202674 DTXSID40563189 DTXSID60816366 DTXSID30429503 DTXSID80274202 DTXSID00629477 DTXSID80195024 DTXSID60276143 DTXSID40417799 DTXSID80278447 DTXSID60780199 DTXSID0067503 DTXSID00829132 DTXSID60511480 DTXSID10699585 DTXSID60822902
DTXSID60232926	DTXSID90769098 DTXSID00227472 DTXSID10591237 DTXSID40334755 DTXSID60854566 DTXSID10634658 DTXSID50309898 DTXSID40795620 DTXSID40781609 DTXSID10788468 DTXSID00637274 DTXSID60775181 DTXSID20337941 DTXSID50818238 DTXSID80750632 DTXSID20584130 DTXSID10579631 DTXSID70840778 DTXSID80824408 DTXSID20793129
DTXSID90181655	DTXSID40188937 DTXSID30591214 DTXSID10763412 DTXSID00356392 DTXSID60879411 DTXSID40693238 DTXSID00598078 DTXSID30361752 DTXSID50409029 DTXSID20780433 DTXSID00218749 DTXSID30179672 DTXSID10879688 DTXSID70799095 DTXSID70735690 DTXSID90618678 DTXSID50512269 DTXSID10622999 DTXSID10806398 DTXSID00601031
DTXSID90806856	DTXSID50709955 DTXSID20750954 DTXSID00752693 DTXSID50798187 DTXSID00828564 DTXSID70800130 DTXSID30867724 DTXSID60469452 DTXSID00767500 DTXSID30174849 DTXSID6048888 DTXSID20765467 DTXSID10658374 DTXSID90398428 DTXSID60795809 DTXSID50658550 DTXSID30155633 DTXSID30398346 DTXSID10634214 DTXSID70670234
DTXSID20366150	DTXSID70585778 DTXSID20318558 DTXSID80323562 DTXSID70181390 DTXSID90585376 DTXSID40797886 DTXSID30873582 DTXSID40433691 DTXSID10797277 DTXSID80588013 DTXSID40545147 DTXSID00555646 DTXSID40233512 DTXSID60302395 DTXSID80741368 DTXSID8059007 DTXSID50520142 DTXSID50323731 DTXSID90429206 DTXSID10367292
DTXSID90444156	DTXSID30879706 DTXSID10342286 DTXSID30574885 DTXSID80552613 DTXSID60305467 DTXSID80712154 DTXSID60284925 DTXSID20754836 DTXSID70392328 DTXSID70300064 DTXSID60164793 DTXSID20564316 DTXSID30321194 DTXSID90434618 DTXSID10634274 DTXSID60495337 DTXSID40358239 DTXSID20875878 DTXSID70665004 DTXSID60545866
DTXSID80221812	DTXSID50154805 DTXSID70234370 DTXSID90158322 DTXSID80792077 DTXSID90160344 DTXSID80151569 DTXSID30660373 DTXSID40555266 DTXSID80599947 DTXSID00563862 DTXSID60489953 DTXSID70765270 DTXSID90203164 DTXSID00886881 DTXSID00604709 DTXSID70884657 DTXSID70855069 DTXSID40677396 DTXSID60827513 DTXSID70392702
DTXSID10797277	DTXSID50285360 DTXSID20759705 DTXSID70561092 DTXSID40797886 DTXSID60434766 DTXSID60533288 DTXSID80323562 DTXSID90203604 DTXSID80588013 DTXSID20366150 DTXSID10696150 DTXSID50195879 DTXSID30873582 DTXSID50603368 DTXSID50705639 DTXSID10349472 DTXSID70585778 DTXSID40433691 DTXSID70666273 DTXSID90358244
DTXSID60395929	DTXSID60438865 DTXSID20375085 DTXSID90149336 DTXSID90608771 DTXSID40616866 DTXSID40425995 DTXSID50632259 DTXSID70742783 DTXSID8066975 DTXSID80375086 DTXSID50280274 DTXSID80591547 DTXSID50795277 DTXSID40551667 DTXSID40282005 DTXSID30579759 DTXSID90507811 DTXSID00429853 DTXSID30343058 DTXSID90182581
DTXSID50310146	DTXSID70332168 DTXSID10597638 DTXSID80443759 DTXSID00593189 DTXSID70437263 DTXSID70876870 DTXSID30514887 DTXSID20625113 DTXSID00472485 DTXSID30434995 DTXSID10314887 DTXSID30886233 DTXSID40551263 DTXSID70773471 DTXSID00782258 DTXSID40314517 DTXSID30854634 DTXSID80352251 DTXSID30743135 DTXSID80276584
DTXSID30368908	DTXSID20832224 DTXSID40468084 DTXSID90722587 DTXSID30797451 DTXSID00429333 DTXSID10659982 DTXSID50748066 DTXSID30809003 DTXSID00165648 DTXSID00326035 DTXSID30557279 DTXSID70886212 DTXSID80375703 DTXSID30823229 DTXSID90422898 DTXSID3057729 DTXSID00618321 DTXSID70506807 DTXSID10430339 DTXSID10456716
DTXSID2071071	DTXSID30843644 DTXSID50304707 DTXSID20656063 DTXSID00712035 DTXSID70672798 DTXSID50646755 DTXSID30657804 DTXSID20879472 DTXSID70667604 DTXSID20708955 DTXSID60187083 DTXSID80560576 DTXSID50809828 DTXSID20325065 DTXSID80613172 DTXSID30761213 DTXSID10426732 DTXSID90584703 DTXSID10321834 DTXSID90629749
DTXSID10280755	DTXSID70639144 DTXSID30506707 DTXSID40460886 DTXSID20581644 DTXSID90388561 DTXSID10455784 DTXSID20353681 DTXSID30651201 DTXSID60829451 DTXSID30725633 DTXSID40579149 DTXSID60876965 DTXSID60671553 DTXSID9065364 DTXSID40357808 DTXSID10831908 DTXSID20406161 DTXSID00182673 DTXSID70424719 DTXSID70500269
DTXSID00452565	DTXSID10518101 DTXSID70359395 DTXSID50354681 DTXSID30567075 DTXSID20241751 DTXSID50709910 DTXSID20476162 DTXSID40339083 DTXSID00523683 DTXSID30870975 DTXSID70559191 DTXSID20200787 DTXSID40682127 DTXSID60697410 DTXSID90145474 DTXSID80668768 DTXSID30805747 DTXSID50621249 DTXSID40462249 DTXSID00444344
DTXSID10285503	DTXSID20455836 DTXSID50368783 DTXSID00444965 DTXSID10586320 DTXSID50680477 DTXSID50481946 DTXSID7044506 DTXSID60183484 DTXSID20161445 DTXSID40304150 DTXSID00642146 DTXSID10307537 DTXSID80443794 DTXSID80883717 DTXSID30157793 DTXSID40200729 DTXSID50810611 DTXSID00603530 DTXSID50709551 DTXSID60484049
DTXSID40156575	DTXSID00823534 DTXSID00454862 DTXSID10782320 DTXSID70823546 DTXSID40823497 DTXSID30851507 DTXSID70880598 DTXSID40333127 DTXSID4070378 DTXSID80773083 DTXSID00832722 DTXSID60874764 DTXSID70880417 DTXSID40874762 DTXSID10218654 DTXSID90155270 DTXSID40823513 DTXSID60152170 DTXSID90162823 DTXSID30825102
DTXSID40611154	DTXSID20372958 DTXSID70663227 DTXSID90819507 DTXSID30546800 DTXSID40812861 DTXSID00878988 DTXSID20364510 DTXSID30856476 DTXSID20604968 DTXSID30303394 DTXSID70659443 DTXSID40553949 DTXSID80780196 DTXSID40555903 DTXSID60879719 DTXSID10810733 DTXSID90348963 DTXSID70787230 DTXSID20676827 DTXSID20852583
DTXSID60447795	DTXSID10380921 DTXSID60553360 DTXSID50484710 DTXSID40670701 DTXSID60808645 DTXSID90402756 DTXSID50812190 DTXSID70157833 DTXSID70885523 DTXSID10782168 DTXSID90317432 DTXSID40232909 DTXSID80397783 DTXSID70751113 DTXSID90651621 DTXSID10167355 DTXSID20282922 DTXSID70812839 DTXSID20553205 DTXSID70733712
DTXSID60381185	DTXSID30369516 DTXSID90819865 DTXSID80310179 DTXSID10647703 DTXSID20600723 DTXSID20602343 DTXSID00237177 DTXSID10708949 DTXSID90440052 DTXSID90283648 DTXSID30435624 DTXSID50491545 DTXSID70876072 DTXSID20892085 DTXSID10167254 DTXSID4068533 DTXSID60651097 DTXSID20409415 DTXSID40171566 DTXSID20739168
DTXSID50494753	DTXSID1061998 DTXSID20354870 DTXSID50603368 DTXSID70561092 DTXSID90203604 DTXSID70226290 DTXSID50585418 DTXSID60434766 DTXSID60286045 DTXSID90442410 DTXSID10349472 DTXSID10696150 DTXSID60533288 DTXSID50520142 DTXSID40380277 DTXSID1058006 DTXSID20647693 DTXSID80440647 DTXSID10797277 DTXSID30796606
DTXSID20351187	DTXSID00453198 DTXSID40559067 DTXSID10342625 DTXSID00802263 DTXSID1065899 DTXSID80214022 DTXSID80215670 DTXSID40287797 DTXSID20372756 DTXSID00571927 DTXSID70438513 DTXSID40482043 DTXSID00421630 DTXSID80380034 DTXSID80857236 DTXSID80711127 DTXSID60674281 DTXSID00768097 DTXSID00473518 DTXSID30624051
DTXSID90237247	DTXSID30342460 DTXSID80561528 DTXSID50315570 DTXSID30663066 DTXSID50328963 DTXSID50640314 DTXSID40289039 DTXSID10402339 DTXSID30332528 DTXSID40775609 DTXSID00780936 DTXSID30424634 DTXSID30318428 DTXSID40579149 DTXSID70514285 DTXSID70589791 DTXSID00442784 DTXSID90613002 DTXSID20406161 DTXSID20808020
DTXSID40845735	DTXSID5068158 DTXSID00876742 DTXSID00587664 DTXSID10211680 DTXSID70739012 DTXSID10307496 DTXSID60577829 DTXSID90549170 DTXSID00363884 DTXSID70353237 DTXSID90456951 DTXSID10733776 DTXSID30837361 DTXSID00302733 DTXSID60473099 DTXSID80772798 DTXSID60425199 DTXSID30385110 DTXSID30589813 DTXSID30444615
DTXSID00464704	DTXSID60825514 DTXSID80642068 DTXSID40784357 DTXSID00531041 DTXSID30624051 DTXSID20857598 DTXSID50551916 DTXSID30554965 DTXSID40620145 DTXSID10342625 DTXSID60674281 DTXSID10710163 DTXSID40287797 DTXSID70708046 DTXSID1065899 DTXSID10365975 DTXSID00421630 DTXSID00631772 DTXSID90361339 DTXSID30617968
DTXSID20382350	DTXSID90646895 DTXSID10753257 DTXSID80381501 DTXSID90539399 DTXSID90162424 DTXSID80500114 DTXSID10427320 DTXSID40671112 DTXSID80626181 DTXSID80482123 DTXSID90331274 DTXSID60610700 DTXSID80573368 DTXSID00382853 DTXSID40432169 DTXSID50535857 DTXSID40407716 DTXSID70489803 DTXSID80293478 DTXSID30583295
DTXSID8069648	DTXSID20835659 DTXSID70582085 DTXSID10649883 DTXSID60701965 DTXSID80447398 DTXSID50226339 DTXSID70732487 DTXSID40747503 DTXSID90305298 DTXSID70855781 DTXSID80478324 DTXSID30303192 DTXSID70697481 DTXSID3063966 DTXSID20393587 DTXSID10660816 DTXSID70314969 DTXSID30546628 DTXSID10498196 DTXSID00745368
DTXSID40773983	DTXSID80631275 DTXSID50662359 DTXSID20327009 DTXSID50218416 DTXSID30144305 DTXSID90445805 DTXSID10712889 DTXSID50467346 DTXSID40374030 DTXSID40194558 DTXSID40168219 DTXSID80558271 DTXSID40308693 DTXSID40450409 DTXSID80442686 DTXSID00371186 DTXSID40588493 DTXSID80367921 DTXSID20798412 DTXSID20151705
DTXSID70652439	DTXSID30344606 DTXSID00392376 DTXSID50290696 DTXSID70473525 DTXSID30876114 DTXSID90379459 DTXSID10472875 DTXSID80562893 DTXSID20185540 DTXSID10236696 DTXSID40877455 DTXSID80238243 DTXSID40645631 DTXSID40770336 DTXSID30483029 DTXSID80303985 DTXSID40433398 DTXSID90294173 DTXSID00380238 DTXSID00472203
DTXSID60143962	DTXSID10632250 DTXSID30434854 DTXSID80724393 DTXSID10394942 DTXSID80402669 DTXSID3042506 DTXSID80426981 DTXSID00343681 DTXSID80665419 DTXSID90669645 DTXSID00596812 DTXSID10177959 DTXSID60552611 DTXSID30218136 DTXSID20367369 DTXSID80742936 DTXSID80181826 DTXSID60533187 DTXSID90375653 DTXSID70566264
DTXSID60532832	DTXSID70640290 DTXSID80537122 DTXSID60312575 DTXSID70602636 DTXSID00473578 DTXSID10675349 DTXSID10338109 DTXSID90577938 DTXSID40452140 DTXSID10201521 DTXSID30238455 DTXSID00390094 DTXSID80324271 DTXSID40522559 DTXSID60355402 DTXSID70434151 DTXSID90854731 DTXSID20903968 DTXSID50531652 DTXSID10867661
DTXSID50799997	DTXSID30588169 DTXSID60405779 DTXSID40697155 DTXSID30666274 DTXSID20445999 DTXSID60640800 DTXSID30385110 DTXSID40180330 DTXSID40661119 DTXSID70341018 DTXSID50335233 DTXSID30733677 DTXSID00758317 DTXSID50847765 DTXSID60586219 DTXSID80543420 DTXSID70826239 DTXSID60425199 DTXSID30640913 DTXSID80876684
DTXSID90585790	DTXSID60744413 DTXSID80718212 DTXSID50818117 DTXSID50684233 DTXSID50374208 DTXSID80648005 DTXSID00681035 DTXSID10364706 DTXSID80407917 DTXSID90427267 DTXSID60359485 DTXSID50286771 DTXSID2060387 DTXSID80346776 DTXSID40589748 DTXSID00604284 DTXSID40762559 DTXSID90561630 DTXSID00444107 DTXSID40589445
DTXSID10454999	DTXSID80228265 DTXSID20732598 DTXSID60633570 DTXSID10475568 DTXSID30596401 DTXSID60651597 DTXSID4067771 DTXSID40396010 DTXSID60403199 DTXSID70509131 DTXSID60487010 DTXSID70651442 DTXSID70436918 DTXSID50556143 DTXSID30181735 DTXSID50448771 DTXSID50337419 DTXSID30382886 DTXSID00484583 DTXSID40507649
DTXSID60590538	DTXSID00209354 DTXSID60377861 DTXSID80648242 DTXSID90657047 DTXSID80674147 DTXSID20639957 DTXSID30447005 DTXSID80603654 DTXSID80336576 DTXSID40526577 DTXSID10327533 DTXSID70766141 DTXSID60844886 DTXSID60676942 DTXSID70531472 DTXSID20818982 DTXSID20723880 DTXSID80369228 DTXSID30524481 DTXSID50487822
DTXSID60697394	DTXSID80634847 DTXSID30418917 DTXSID00200205 DTXSID40549529 DTXSID90762483 DTXSID20622086 DTXSID10696599 DTXSID20415915 DTXSID20172415 DTXSID20585925 DTXSID70676397 DTXSID00356670 DTXSID80679718 DTXSID00467412 DTXSID20666384 DTXSID50601344 DTXSID90618678 DTXSID70730968 DTXSID10202078 DTXSID70197592
DTXSID00314154	DTXSID00832287 DTXSID30804992 DTXSID60373803 DTXSID90681564 DTXSID00668225 DTXSID40629214 DTXSID30628918 DTXSID70326067 DTXSID80542938 DTXSID80734290 DTXSID50557458 DTXSID80787605 DTXSID80538619 DTXSID80428662 DTXSID60400325 DTXSID20408685 DTXSID70711914 DTXSID60589644 DTXSID30452058 DTXSID90767079
DTXSID70789794	DTXSID10211569 DTXSID60490347 DTXSID70353277 DTXSID90896171 DTXSID70209866 DTXSID70554328 DTXSID10377134 DTXSID60763987 DTXSID40623797 DTXSID70476834 DTXSID10896254 DTXSID20846467 DTXSID00567360 DTXSID50667344 DTXSID00566070 DTXSID40713743 DTXSID90739897 DTXSID30853642 DTXSID00600983 DTXSID10420715
DTXSID60827513	DTXSID30616532 DTXSID20660362 DTXSID70325651 DTXSID00604709 DTXSID00563862 DTXSID10802714 DTXSID30660373 DTXSID70855069 DTXSID40143001 DTXSID50887924 DTXSID70884657 DTXSID60611176 DTXSID50437584 DTXSID90737919 DTXSID70356581 DTXSID1051692 DTXSID10580202 DTXSID50154805 DTXSID00844946 DTXSID90203164
DTXSID60445433	DTXSID40186074 DTXSID70278193 DTXSID70243806 DTXSID40494565 DTXSID50788008 DTXSID60463011 DTXSID40809372 DTXSID8047717 DTXSID60290364 DTXSID40815115 DTXSID40322596 DTXSID90490996 DTXSID50845665 DTXSID40700032 DTXSID20323662 DTXSID20560212 DTXSID10578240 DTXSID80524375 DTXSID50851009 DTXSID00771182
DTXSID60377861	DTXSID80648242 DTXSID00209354 DTXSID60590538 DTXSID30447005 DTXSID20723880 DTXSID90657047 DTXSID80336576 DTXSID20639957 DTXSID70766141 DTXSID80603654 DTXSID60844886 DTXSID80674147 DTXSID20765669 DTXSID40526577 DTXSID30524481 DTXSID80223154 DTXSID00716235 DTXSID10327533 DTXSID60527743 DTXSID60676942
DTXSID90474094	DTXSID20429673 DTXSID1060712 DTXSID50396228 DTXSID10174948 DTXSID10851404 DTXSID60733408 DTXSID30557991 DTXSID40727163 DTXSID30290992 DTXSID10296836 DTXSID80601918 DTXSID90763672 DTXSID40841515 DTXSID60477951 DTXSID30856658 DTXSID90284579 DTXSID30419742 DTXSID50236892 DTXSID90382428 DTXSID60358175
DTXSID40656404	DTXSID10654715 DTXSID50662894 DTXSID10629923 DTXSID30725678 DTXSID40346691 DTXSID90823164 DTXSID40724470 DTXSID40676763 DTXSID80825970 DTXSID20743427 DTXSID30748145 DTXSID60674165 DTXSID7063421 DTXSID90706185 DTXSID10712061 DTXSID50590148 DTXSID00731322 DTXSID00681696 DTXSID80296964 DTXSID80552653
DTXSID60671937	DTXSID6044858 DTXSID20168616 DTXSID90405606 DTXSID50729193 DTXSID40626425 DTXSID70355690 DTXSID80646627 DTXSID70658234 DTXSID60444305 DTXSID30725810 DTXSID40677533 DTXSID60195325 DTXSID40493270 DTXSID30351057 DTXSID00739141 DTXSID70650152 DTXSID80648161 DTXSID80377949 DTXSID30618536 DTXSID60442068
DTXSID80723543	DTXSID40585927 DTXSID90626273 DTXSID00671936 DTXSID30351057 DTXSID60444305 DTXSID80648161 DTXSID40493270 DTXSID90487361 DTXSID30725810 DTXSID10557257 DTXSID50729193 DTXSID6044858 DTXSID30754024 DTXSID60671937 DTXSID90403440 DTXSID40626425 DTXSID90446155 DTXSID70733090 DTXSID90405606 DTXSID40857535
DTXSID70616516	DTXSID20424567 DTXSID20468163 DTXSID80402306 DTXSID20705661 DTXSID90706488 DTXSID20394216 DTXSID30450099 DTXSID40732550 DTXSID5063605 DTXSID90355798 DTXSID40504113 DTXSID90348983 DTXSID90392042 DTXSID60356272 DTXSID40187203 DTXSID30557810 DTXSID10406736 DTXSID10356469 DTXSID90611407 DTXSID80479391
DTXSID40873937	DTXSID10784127 DTXSID70797955 DTXSID60873939 DTXSID20797061 DTXSID6044802 DTXSID10764146 DTXSID00887474 DTXSID40613991 DTXSID50343212 DTXSID40845013 DTXSID50499107 DTXSID3051541 DTXSID20745486 DTXSID10872659 DTXSID90763152 DTXSID50289404 DTXSID60242747 DTXSID70888296 DTXSID70867364 DTXSID5051311
DTXSID40655477	DTXSID70529677 DTXSID90738764 DTXSID70214298 DTXSID40462022 DTXSID20789128 DTXSID60640704 DTXSID10472193 DTXSID70313634 DTXSID60395247 DTXSID60733680 DTXSID10568964 DTXSID00896344 DTXSID00168679 DTXSID60280841 DTXSID20656927 DTXSID40717029 DTXSID70428494 DTXSID90533993 DTXSID00210869 DTXSID20509762
DTXSID60288680	DTXSID70588345 DTXSID20306314 DTXSID60876066 DTXSID90440991 DTXSID80343528 DTXSID50368647 DTXSID40545687 DTXSID80360679 DTXSID80174874 DTXSID50183731 DTXSID20822403 DTXSID30157793 DTXSID30736769 DTXSID40712115 DTXSID50603343 DTXSID10380608 DTXSID50863142 DTXSID60816780 DTXSID70355317 DTXSID10371591
DTXSID60734071	DTXSID90827602 DTXSID60405698 DTXSID60667299 DTXSID00520839 DTXSID80801219 DTXSID70650576 DTXSID20738530 DTXSID30464712 DTXSID60655318 DTXSID50457580 DTXSID50384160 DTXSID10724003 DTXSID70526808 DTXSID10778026 DTXSID90373674 DTXSID70220874 DTXSID80699496 DTXSID40586070 DTXSID50535817 DTXSID70542583
DTXSID70534448	DTXSID40552518 DTXSID70663580 DTXSID90885863 DTXSID20350337 DTXSID10525294 DTXSID70641121 DTXSID30534449 DTXSID20506014 DTXSID70500800 DTXSID10634996 DTXSID6041501 DTXSID80641117 DTXSID20528296 DTXSID00586415 DTXSID10534447 DTXSID70367571 DTXSID40783663 DTXSID50565977 DTXSID2061480 DTXSID50293460
DTXSID50650554	DTXSID20567600 DTXSID70282316 DTXSID00371429 DTXSID40365680 DTXSID10729396 DTXSID40708639 DTXSID7073771 DTXSID80405837 DTXSID60661651 DTXSID90753492 DTXSID30420671 DTXSID50853169 DTXSID10842453 DTXSID20384137 DTXSID90701110 DTXSID10652953 DTXSID60812722 DTXSID60298688 DTXSID50879364 DTXSID50660254
DTXSID70212375	DTXSID50375033 DTXSID70173750 DTXSID80645312 DTXSID00425552 DTXSID70876658 DTXSID00374031 DTXSID00404887 DTXSID40501208 DTXSID3073397 DTXSID60459959 DTXSID60206622 DTXSID70401363 DTXSID90799638 DTXSID30830751 DTXSID20718973 DTXSID30787852 DTXSID70364525 DTXSID70695260 DTXSID10212470 DTXSID60620389
DTXSID10398581	DTXSID30378209 DTXSID30303157 DTXSID00730375 DTXSID1047071 DTXSID70443980 DTXSID40345927 DTXSID1063140 DTXSID20238166 DTXSID10210118 DTXSID20677995 DTXSID80373608 DTXSID30830751 DTXSID10344528 DTXSID60535000 DTXSID00542773 DTXSID00351640 DTXSID00825275 DTXSID60151047 DTXSID10523215 DTXSID10786207
DTXSID40613158	DTXSID80442828 DTXSID30202378 DTXSID50606874 DTXSID10837041 DTXSID90774940 DTXSID40640121 DTXSID90154602 DTXSID80384411 DTXSID30445344 DTXSID00801993 DTXSID50180124 DTXSID00420305 DTXSID00413191 DTXSID90884376 DTXSID90834472 DTXSID60502116 DTXSID10705776 DTXSID20427937 DTXSID90342643 DTXSID60813572
DTXSID90177215	DTXSID80374337 DTXSID90720684 DTXSID10528048 DTXSID50828574 DTXSID80600986 DTXSID80345481 DTXSID60182518 DTXSID40310256 DTXSID60711589 DTXSID40453516 DTXSID00239257 DTXSID20370858 DTXSID30813044 DTXSID80323385 DTXSID00506597 DTXSID60228324 DTXSID20308494 DTXSID20596874 DTXSID80734013 DTXSID00606642
DTXSID20566037	DTXSID00434109 DTXSID20581402 DTXSID20445318 DTXSID90734423 DTXSID90443725 DTXSID80789447 DTXSID90731876 DTXSID80443794 DTXSID60390070 DTXSID60182598 DTXSID60239536 DTXSID20161445 DTXSID50810611 DTXSID50354888 DTXSID90475203 DTXSID10828494 DTXSID30418639 DTXSID50368783 DTXSID00749265 DTXSID50660118
DTXSID10574121	DTXSID60240667 DTXSID80205258 DTXSID40721964 DTXSID20835432 DTXSID10435480 DTXSID50491904 DTXSID70805963 DTXSID40753881 DTXSID50297443 DTXSID50450490 DTXSID10786267 DTXSID10178941 DTXSID10309314 DTXSID60667653 DTXSID80819470 DTXSID60341603 DTXSID00321702 DTXSID30631669 DTXSID90286755 DTXSID70542023
DTXSID70359395	DTXSID10518101 DTXSID00452565 DTXSID50354681 DTXSID30567075 DTXSID50621249 DTXSID70559191 DTXSID20241751 DTXSID80502759 DTXSID40339083 DTXSID50709910 DTXSID00523683 DTXSID20476162 DTXSID40462249 DTXSID50728005 DTXSID70241625 DTXSID00444344 DTXSID50307490 DTXSID50527777 DTXSID20200787 DTXSID70328364
DTXSID20154993	DTXSID60379527 DTXSID80351527 DTXSID30716324 DTXSID30896150 DTXSID40703664 DTXSID90611508 DTXSID10392362 DTXSID10760229 DTXSID90497425 DTXSID80548516 DTXSID70397272 DTXSID50208059 DTXSID40536090 DTXSID70238095 DTXSID20597765 DTXSID60429096 DTXSID30716364 DTXSID10727852 DTXSID80318690 DTXSID80499110
DTXSID60819953	DTXSID50351094 DTXSID00728974 DTXSID8059007 DTXSID90429206 DTXSID30553978 DTXSID60649212 DTXSID50300042 DTXSID50520142 DTXSID90585376 DTXSID80296106 DTXSID10363476 DTXSID20307225 DTXSID70741615 DTXSID70181390 DTXSID00372618 DTXSID30661188 DTXSID40233512 DTXSID8047509 DTXSID10349472 DTXSID30676515
DTXSID60776895	DTXSID60586193 DTXSID90313550 DTXSID80407033 DTXSID50341258 DTXSID20662927 DTXSID00236589 DTXSID20876587 DTXSID30711637 DTXSID70814070 DTXSID7067401 DTXSID20832421 DTXSID0052330 DTXSID30403904 DTXSID90772360 DTXSID70493445 DTXSID50165719 DTXSID80528696 DTXSID40390038 DTXSID90344864 DTXSID00564713
DTXSID50344249	DTXSID80816166 DTXSID50543331 DTXSID30490839 DTXSID50232172 DTXSID50539234 DTXSID00501204 DTXSID90770189 DTXSID00845610 DTXSID90778807 DTXSID80790210 DTXSID00507589 DTXSID10503390 DTXSID70884819 DTXSID30530426 DTXSID20406904 DTXSID80576238 DTXSID80282928 DTXSID20222484 DTXSID10809122 DTXSID30508241
DTXSID80816166	DTXSID30490839 DTXSID50344249 DTXSID00845610 DTXSID50543331 DTXSID50232172 DTXSID90770189 DTXSID50539234 DTXSID70884819 DTXSID90778807 DTXSID00501204 DTXSID10503390 DTXSID00507589 DTXSID80790210 DTXSID30530426 DTXSID30182181 DTXSID20222484 DTXSID80282928 DTXSID20406904 DTXSID90344248 DTXSID30508241
DTXSID10187391	DTXSID50772104 DTXSID70603527 DTXSID70452719 DTXSID60456529 DTXSID10818517 DTXSID50852157 DTXSID40818282 DTXSID30758921 DTXSID40874080 DTXSID00489134 DTXSID10680650 DTXSID20780913 DTXSID70474259 DTXSID60737648 DTXSID30577437 DTXSID90459043 DTXSID60226204 DTXSID70523034 DTXSID70729791 DTXSID70305695
DTXSID50290232	DTXSID30400852 DTXSID30482714 DTXSID20831939 DTXSID10291689 DTXSID30616294 DTXSID40309645 DTXSID60703924 DTXSID50518761 DTXSID40230809 DTXSID00768471 DTXSID10349912 DTXSID40660980 DTXSID10610614 DTXSID30489420 DTXSID50549550 DTXSID70539892 DTXSID40664842 DTXSID80199264 DTXSID90354903 DTXSID90808375
DTXSID40632283	DTXSID50303033 DTXSID70337219 DTXSID80238243 DTXSID50193274 DTXSID60734213 DTXSID60576312 DTXSID40243454 DTXSID20185540 DTXSID90662833 DTXSID00405117 DTXSID30876518 DTXSID50218754 DTXSID90817745 DTXSID00472203 DTXSID10472875 DTXSID20559702 DTXSID70176266 DTXSID50848994 DTXSID10218755 DTXSID90379459
DTXSID90720684	DTXSID80345481 DTXSID50828574 DTXSID90177215 DTXSID80374337 DTXSID60711589 DTXSID60182518 DTXSID40453516 DTXSID10829421 DTXSID20370858 DTXSID10528048 DTXSID20596874 DTXSID00239257 DTXSID50642050 DTXSID7044764 DTXSID00506597 DTXSID60378691 DTXSID90702268 DTXSID20308494 DTXSID70367112 DTXSID80405872
DTXSID90667540	DTXSID80876684 DTXSID50457540 DTXSID50847765 DTXSID30589813 DTXSID50187390 DTXSID30640913 DTXSID00553187 DTXSID90616912 DTXSID60586219 DTXSID30444615 DTXSID10489948 DTXSID10345757 DTXSID90456951 DTXSID60402369 DTXSID20479512 DTXSID90829020 DTXSID30837361 DTXSID20163722 DTXSID80543420 DTXSID10563075
DTXSID80448244	DTXSID50600332 DTXSID90152446 DTXSID40708275 DTXSID10808953 DTXSID40298348 DTXSID00582912 DTXSID70297602 DTXSID30858713 DTXSID20449876 DTXSID80783708 DTXSID00186636 DTXSID2052447 DTXSID30222273 DTXSID80201174 DTXSID50174083 DTXSID90590243 DTXSID90749330 DTXSID50729234 DTXSID10501058 DTXSID60174711
DTXSID30305550	DTXSID90694957 DTXSID10379411 DTXSID70560101 DTXSID20879053 DTXSID40615374 DTXSID40629911 DTXSID30676873 DTXSID80475919 DTXSID00199842 DTXSID70382567 DTXSID90559693 DTXSID80404406 DTXSID50837444 DTXSID20477518 DTXSID10653127 DTXSID80732155 DTXSID4025903 DTXSID90319299 DTXSID00279294 DTXSID50669924
DTXSID10708949	DTXSID00237177 DTXSID90283648 DTXSID30435624 DTXSID10647703 DTXSID90440052 DTXSID80310179 DTXSID60381185 DTXSID20602343 DTXSID20600723 DTXSID60651097 DTXSID90819865 DTXSID70876072 DTXSID30369516 DTXSID50290813 DTXSID60206102 DTXSID60425730 DTXSID40171566 DTXSID50632411 DTXSID50491545 DTXSID70288813
DTXSID50625080	DTXSID3061263 DTXSID50429247 DTXSID30599199 DTXSID70481504 DTXSID80793069 DTXSID70544562 DTXSID60618206 DTXSID20296483 DTXSID30346367 DTXSID90747351 DTXSID80813554 DTXSID80210827 DTXSID50179311 DTXSID60799327 DTXSID00618003 DTXSID30191596 DTXSID30713434 DTXSID80200763 DTXSID10448358 DTXSID30766203
DTXSID00214044	DTXSID30401026 DTXSID30371053 DTXSID00857591 DTXSID70616314 DTXSID10777190 DTXSID40348731 DTXSID90693208 DTXSID90348968 DTXSID20634806 DTXSID10705852 DTXSID10646413 DTXSID90722921 DTXSID70646297 DTXSID60561849 DTXSID90370966 DTXSID60469614 DTXSID90446155 DTXSID00646220 DTXSID10308665 DTXSID70733090
DTXSID40797841	DTXSID70189210 DTXSID00628521 DTXSID30739694 DTXSID40874106 DTXSID90532289 DTXSID00407338 DTXSID90150427 DTXSID30473526 DTXSID60836802 DTXSID10633444 DTXSID10876293 DTXSID90504401 DTXSID90791516 DTXSID60299079 DTXSID30433105 DTXSID70459804 DTXSID00505101 DTXSID70427821 DTXSID50415004 DTXSID70744348
DTXSID80548536	DTXSID30798923 DTXSID80530991 DTXSID50609340 DTXSID90545091 DTXSID00827012 DTXSID60570299 DTXSID70801288 DTXSID10335956 DTXSID30651120 DTXSID30441386 DTXSID20406242 DTXSID90170084 DTXSID90528945 DTXSID60768518 DTXSID60528538 DTXSID10405885 DTXSID5062425 DTXSID80567565 DTXSID70832254 DTXSID10698513
DTXSID60823212	DTXSID70785433 DTXSID50759096 DTXSID80830605 DTXSID50533959 DTXSID20179000 DTXSID50780365 DTXSID60605217 DTXSID70768084 DTXSID80634549 DTXSID40163668 DTXSID30532369 DTXSID40789867 DTXSID50730860 DTXSID00804404 DTXSID20802604 DTXSID70322827 DTXSID20888665 DTXSID50757835 DTXSID70790805 DTXSID00292524
DTXSID90340548	DTXSID90330247 DTXSID9059541 DTXSID20285978 DTXSID70480092 DTXSID10398708 DTXSID10363552 DTXSID40620483 DTXSID10597653 DTXSID40454326 DTXSID20389647 DTXSID80356693 DTXSID00771248 DTXSID40836047 DTXSID10692879 DTXSID90178368 DTXSID80527407 DTXSID20386156 DTXSID50885905 DTXSID60551285 DTXSID60390353
DTXSID50757779	DTXSID40700032 DTXSID80466281 DTXSID40815115 DTXSID50845665 DTXSID60790435 DTXSID20624161 DTXSID00809813 DTXSID10667643 DTXSID00771182 DTXSID00494304 DTXSID20173846 DTXSID10804531 DTXSID60847019 DTXSID40790731 DTXSID40494565 DTXSID10578240 DTXSID50851009 DTXSID90418019 DTXSID00732157 DTXSID40809372
DTXSID30815008	DTXSID70743932 DTXSID70798725 DTXSID50701934 DTXSID70563071 DTXSID50858836 DTXSID50423907 DTXSID10835749 DTXSID6070560 DTXSID50703291 DTXSID20675239 DTXSID10305518 DTXSID00725887 DTXSID10145133 DTXSID00203059 DTXSID60887995 DTXSID40820608 DTXSID20454682 DTXSID40455873 DTXSID90445022 DTXSID4059540
DTXSID30274378	DTXSID30288591 DTXSID70327473 DTXSID00795722 DTXSID90361339 DTXSID40803118 DTXSID20656467 DTXSID40585689 DTXSID80281698 DTXSID30718308 DTXSID7058048 DTXSID20670047 DTXSID90557553 DTXSID90709196 DTXSID30367673 DTXSID00330692 DTXSID40356114 DTXSID30290316 DTXSID00421630 DTXSID30554965 DTXSID40620145
DTXSID50874359	DTXSID50637522 DTXSID30542968 DTXSID50451245 DTXSID60281959 DTXSID00772053 DTXSID30234871 DTXSID90319355 DTXSID80516331 DTXSID60501402 DTXSID30473081 DTXSID80585325 DTXSID90825244 DTXSID80468881 DTXSID10491920 DTXSID90529871 DTXSID4051740 DTXSID70383372 DTXSID40694346 DTXSID20565166 DTXSID80162392
DTXSID70842212	DTXSID40577145 DTXSID60449335 DTXSID50175434 DTXSID60646549 DTXSID50369598 DTXSID5037602 DTXSID80303546 DTXSID10717975 DTXSID30648393 DTXSID30815205 DTXSID70477760 DTXSID00725246 DTXSID7047015 DTXSID30796267 DTXSID10594324 DTXSID7020211 DTXSID30455463 DTXSID80453999 DTXSID30755233 DTXSID00316638
DTXSID90473840	DTXSID80322656 DTXSID30551136 DTXSID90281846 DTXSID60822144 DTXSID70366685 DTXSID00351221 DTXSID50462472 DTXSID00284505 DTXSID70439989 DTXSID40238805 DTXSID10391810 DTXSID20400745 DTXSID3046166 DTXSID30369379 DTXSID30483862 DTXSID30466877 DTXSID40286048 DTXSID80554975 DTXSID10844876 DTXSID40546452
DTXSID30823229	DTXSID00618321 DTXSID30809003 DTXSID10294832 DTXSID00326035 DTXSID00429333 DTXSID3057729 DTXSID00165648 DTXSID80375703 DTXSID40468084 DTXSID10154664 DTXSID70896038 DTXSID90722587 DTXSID90383879 DTXSID80668364 DTXSID20832224 DTXSID10556543 DTXSID30368908 DTXSID80832225 DTXSID30797451 DTXSID20155783
DTXSID30595898	DTXSID40589743 DTXSID30388045 DTXSID60526251 DTXSID70421046 DTXSID50764246 DTXSID90718526 DTXSID70345692 DTXSID90381395 DTXSID10529858 DTXSID90826195 DTXSID50701217 DTXSID50196164 DTXSID50473503 DTXSID10512361 DTXSID30385655 DTXSID10748022 DTXSID50642439 DTXSID70282538 DTXSID80651337 DTXSID80440703
DTXSID80769784	DTXSID40474802 DTXSID70584509 DTXSID20880629 DTXSID90467087 DTXSID80774393 DTXSID30376220 DTXSID50196109 DTXSID40322596 DTXSID00611953 DTXSID80365068 DTXSID00514839 DTXSID60463011 DTXSID00505505 DTXSID30341251 DTXSID70711292 DTXSID10780048 DTXSID50639965 DTXSID10310607 DTXSID90490996 DTXSID60290364
DTXSID10676997	DTXSID50290212 DTXSID40757268 DTXSID90223180 DTXSID70349170 DTXSID50738205 DTXSID50425244 DTXSID90454396 DTXSID00735784 DTXSID40891611 DTXSID10144424 DTXSID90310140 DTXSID70771053 DTXSID70300165 DTXSID60290586 DTXSID50447744 DTXSID40641294 DTXSID70645886 DTXSID90803582 DTXSID00822466 DTXSID90143531
DTXSID10634214	DTXSID90660374 DTXSID20765467 DTXSID00281357 DTXSID50304964 DTXSID60795809 DTXSID40616169 DTXSID80345805 DTXSID10658374 DTXSID30174849 DTXSID00828564 DTXSID3052355 DTXSID20642441 DTXSID70849943 DTXSID00744553 DTXSID20526914 DTXSID70840859 DTXSID90339654 DTXSID70670234 DTXSID30370420 DTXSID50798187
DTXSID10467160	DTXSID50846995 DTXSID20406904 DTXSID70705999 DTXSID90842799 DTXSID00501204 DTXSID80282928 DTXSID40204681 DTXSID20231798 DTXSID00540491 DTXSID10236494 DTXSID80790210 DTXSID30627320 DTXSID00507589 DTXSID10439569 DTXSID50232172 DTXSID90778807 DTXSID30781931 DTXSID90770189 DTXSID40640242 DTXSID50512320
DTXSID50175959	DTXSID80404406 DTXSID00279294 DTXSID20371406 DTXSID50546887 DTXSID10726481 DTXSID20302452 DTXSID00701106 DTXSID20677798 DTXSID20879053 DTXSID80528156 DTXSID70499149 DTXSID20180252 DTXSID50206878 DTXSID90156823 DTXSID40321322 DTXSID20655894 DTXSID90354120 DTXSID00461157 DTXSID60583001 DTXSID80191703
DTXSID80557643	DTXSID80230045 DTXSID70456873 DTXSID70848471 DTXSID40622548 DTXSID20656245 DTXSID70152843 DTXSID50415544 DTXSID40645570 DTXSID70213504 DTXSID00570430 DTXSID50808356 DTXSID70744343 DTXSID40741081 DTXSID70489489 DTXSID80284503 DTXSID70737457 DTXSID70219349 DTXSID50425981 DTXSID30207606 DTXSID70191530
DTXSID50535852	DTXSID70217345 DTXSID40274541 DTXSID30726822 DTXSID50580049 DTXSID00380238 DTXSID90345699 DTXSID20797748 DTXSID70276876 DTXSID90645585 DTXSID30362789 DTXSID40464884 DTXSID70165938 DTXSID60308998 DTXSID80501883 DTXSID90427929 DTXSID40523006 DTXSID10236696 DTXSID20277616 DTXSID30627547 DTXSID70642476
DTXSID50535857	DTXSID60610700 DTXSID80500114 DTXSID20223597 DTXSID80505982 DTXSID60301888 DTXSID40674643 DTXSID10427320 DTXSID60566016 DTXSID10753257 DTXSID90539399 DTXSID20382350 DTXSID90646895 DTXSID00307642 DTXSID00736695 DTXSID00211053 DTXSID20436221 DTXSID10336307 DTXSID70464877 DTXSID80381501 DTXSID80428006
DTXSID50803285	DTXSID30805005 DTXSID60492366 DTXSID60832561 DTXSID90515835 DTXSID80725148 DTXSID20342757 DTXSID30462975 DTXSID60630226 DTXSID20556857 DTXSID50478391 DTXSID50855981 DTXSID80694683 DTXSID40675519 DTXSID50239863 DTXSID30642078 DTXSID40143824 DTXSID70569452 DTXSID80726812 DTXSID70302644 DTXSID50515836
DTXSID80656847	DTXSID20649430 DTXSID80650769 DTXSID10702806 DTXSID60325847 DTXSID90392163 DTXSID40515688 DTXSID30663980 DTXSID00672044 DTXSID10618958 DTXSID50351190 DTXSID50165017 DTXSID60731106 DTXSID50474035 DTXSID90648819 DTXSID30559379 DTXSID00391501 DTXSID40622947 DTXSID60394275 DTXSID10584821 DTXSID70693842
DTXSID90401582	DTXSID30607723 DTXSID30175614 DTXSID60396875 DTXSID00498387 DTXSID70400710 DTXSID80772011 DTXSID20422326 DTXSID00490346 DTXSID90409028 DTXSID60668726 DTXSID30531958 DTXSID40456507 DTXSID40293651 DTXSID80470368 DTXSID70353035 DTXSID30240972 DTXSID50427945 DTXSID50613285 DTXSID20667790 DTXSID00632204
DTXSID70315976	DTXSID10380986 DTXSID20351228 DTXSID50325992 DTXSID70629489 DTXSID30668051 DTXSID30600355 DTXSID80744470 DTXSID10612693 DTXSID60551149 DTXSID60573200 DTXSID80354750 DTXSID70357679 DTXSID70594608 DTXSID20817016 DTXSID60501705 DTXSID20620805 DTXSID90373750 DTXSID80722112 DTXSID20846260 DTXSID50671709
DTXSID90837201	DTXSID90711875 DTXSID30330387 DTXSID40662929 DTXSID60790692 DTXSID40144795 DTXSID60240940 DTXSID40840048 DTXSID50711134 DTXSID40315307 DTXSID40887211 DTXSID70316685 DTXSID60582711 DTXSID90148864 DTXSID50242978 DTXSID90278357 DTXSID40741889 DTXSID60815738 DTXSID10177015 DTXSID30867401 DTXSID30575872
DTXSID80698343	DTXSID50299588 DTXSID80653997 DTXSID80176974 DTXSID0052590 DTXSID90730905 DTXSID40589021 DTXSID00345842 DTXSID80351628 DTXSID50494697 DTXSID90191012 DTXSID40335101 DTXSID30364541 DTXSID40646486 DTXSID00334377 DTXSID30653902 DTXSID80151549 DTXSID30543314 DTXSID50595032 DTXSID70618434 DTXSID30591799
DTXSID80740472	DTXSID70523594 DTXSID10305518 DTXSID00197808 DTXSID10835749 DTXSID20694900 DTXSID50846531 DTXSID20578675 DTXSID70203864 DTXSID50701934 DTXSID30448451 DTXSID00725887 DTXSID70798725 DTXSID20488861 DTXSID40808082 DTXSID20184139 DTXSID40455873 DTXSID80506732 DTXSID50391273 DTXSID20423873 DTXSID10599056
DTXSID50352288	DTXSID6070435 DTXSID80468664 DTXSID10354788 DTXSID80326235 DTXSID1041764 DTXSID90163234 DTXSID20559469 DTXSID60443191 DTXSID10762622 DTXSID60327023 DTXSID00773323 DTXSID60714878 DTXSID70812718 DTXSID10830875 DTXSID80879473 DTXSID40650629 DTXSID20802265 DTXSID70891588 DTXSID70318765 DTXSID40737303
DTXSID00225594	DTXSID20801894 DTXSID80395209 DTXSID00277659 DTXSID10310021 DTXSID70170209 DTXSID00749821 DTXSID20218842 DTXSID10621083 DTXSID10703373 DTXSID90400712 DTXSID50651304 DTXSID60415939 DTXSID00614525 DTXSID50397735 DTXSID80426981 DTXSID90208553 DTXSID40546790 DTXSID00858129 DTXSID40415492 DTXSID00611337
DTXSID40749587	DTXSID20793508 DTXSID40156419 DTXSID60640047 DTXSID20544931 DTXSID10700029 DTXSID90458399 DTXSID30443108 DTXSID80441533 DTXSID10518727 DTXSID40332150 DTXSID60806661 DTXSID60700918 DTXSID20877337 DTXSID80456728 DTXSID40382812 DTXSID40765540 DTXSID40682364 DTXSID50767131 DTXSID50345559 DTXSID0052388
DTXSID20295274	DTXSID60183868 DTXSID00166478 DTXSID70326108 DTXSID70876234 DTXSID50678379 DTXSID90753477 DTXSID90396409 DTXSID60497452 DTXSID80661173 DTXSID60441157 DTXSID30393856 DTXSID80358899 DTXSID30885241 DTXSID60705544 DTXSID80354715 DTXSID70165837 DTXSID40697453 DTXSID40556990 DTXSID40427651 DTXSID90457286
DTXSID90164640	DTXSID90242250 DTXSID20765669 DTXSID00707800 DTXSID30524481 DTXSID30447005 DTXSID20723880 DTXSID70751153 DTXSID10856030 DTXSID00209354 DTXSID60377861 DTXSID70766141 DTXSID40195484 DTXSID80648242 DTXSID80674147 DTXSID40526577 DTXSID60590538 DTXSID80603654 DTXSID20522476 DTXSID80223154 DTXSID90534566
DTXSID00312413	DTXSID70388408 DTXSID80813554 DTXSID50454276 DTXSID70652636 DTXSID30889784 DTXSID70544562 DTXSID90664317 DTXSID30766203 DTXSID50179311 DTXSID70729352 DTXSID80536276 DTXSID30191596 DTXSID90445749 DTXSID50481325 DTXSID40505180 DTXSID60696529 DTXSID30599199 DTXSID80441730 DTXSID20189700 DTXSID20879154
DTXSID10453169	DTXSID90487321 DTXSID80498486 DTXSID00440467 DTXSID50853725 DTXSID30566624 DTXSID20467313 DTXSID40388879 DTXSID90672093 DTXSID00517608 DTXSID3044918 DTXSID20443697 DTXSID10570168 DTXSID50663326 DTXSID10518525 DTXSID40790690 DTXSID40663532 DTXSID80663551 DTXSID80427877 DTXSID60599107 DTXSID80570155
DTXSID50622857	DTXSID60823939 DTXSID50598124 DTXSID50487645 DTXSID40374030 DTXSID50345014 DTXSID50467346 DTXSID40168219 DTXSID20439297 DTXSID50667248 DTXSID70221568 DTXSID40588493 DTXSID90647221 DTXSID50441787 DTXSID50218416 DTXSID20418305 DTXSID90805440 DTXSID30780828 DTXSID40773983 DTXSID70710422 DTXSID00371186
DTXSID10367090	DTXSID60646120 DTXSID00188933 DTXSID10708742 DTXSID20640881 DTXSID50351332 DTXSID90763672 DTXSID10727852 DTXSID30290992 DTXSID60221092 DTXSID90195772 DTXSID20651932 DTXSID30188123 DTXSID70327150 DTXSID30557991 DTXSID10392362 DTXSID00585105 DTXSID1060712 DTXSID40536090 DTXSID10296836 DTXSID80548516
DTXSID80676944	DTXSID80149663 DTXSID50201202 DTXSID50469729 DTXSID4066414 DTXSID30790846 DTXSID50793056 DTXSID50521331 DTXSID40796495 DTXSID50563231 DTXSID00468308 DTXSID50855769 DTXSID10814993 DTXSID10556700 DTXSID30280398 DTXSID0024266 DTXSID50234914 DTXSID40823058 DTXSID10640895 DTXSID80456728 DTXSID80851436
DTXSID20476965	DTXSID10888412 DTXSID80211677 DTXSID90767615 DTXSID20158431 DTXSID00420305 DTXSID30185571 DTXSID80536458 DTXSID10379299 DTXSID70489489 DTXSID00413191 DTXSID80364915 DTXSID60291290 DTXSID30217881 DTXSID60876849 DTXSID70744343 DTXSID30207606 DTXSID1020770 DTXSID40640121 DTXSID00801993 DTXSID60471474
DTXSID80278381	DTXSID30504920 DTXSID10455688 DTXSID40465871 DTXSID40174976 DTXSID50384589 DTXSID30323890 DTXSID30806976 DTXSID60172090 DTXSID80768257 DTXSID10812313 DTXSID70526828 DTXSID50404433 DTXSID00556951 DTXSID90343418 DTXSID20465778 DTXSID50315232 DTXSID30759337 DTXSID80456122 DTXSID00145708 DTXSID30817062
DTXSID70675345	DTXSID40852060 DTXSID70716782 DTXSID70808616 DTXSID80830084 DTXSID70639043 DTXSID10292631 DTXSID30886990 DTXSID50437584 DTXSID30479306 DTXSID80817239 DTXSID40711249 DTXSID10771512 DTXSID10802714 DTXSID30377777 DTXSID40510597 DTXSID10811083 DTXSID20798912 DTXSID50528623 DTXSID40702713 DTXSID50887924
DTXSID00515588	DTXSID90736407 DTXSID30236037 DTXSID00495710 DTXSID00646205 DTXSID30646758 DTXSID00409377 DTXSID20627854 DTXSID10734940 DTXSID10646377 DTXSID90178803 DTXSID50212651 DTXSID70442433 DTXSID00559664 DTXSID50515578 DTXSID40650583 DTXSID60646322 DTXSID50646593 DTXSID30370783 DTXSID70743659 DTXSID50633221
DTXSID70671842	DTXSID40556990 DTXSID10590482 DTXSID60705544 DTXSID90457286 DTXSID90362422 DTXSID70243846 DTXSID30350580 DTXSID50524963 DTXSID90450050 DTXSID90567016 DTXSID70721139 DTXSID40650068 DTXSID60802643 DTXSID00729421 DTXSID90396409 DTXSID40508934 DTXSID70782861 DTXSID70840798 DTXSID80354715 DTXSID10721916
DTXSID90401769	DTXSID70737932 DTXSID60796033 DTXSID60148270 DTXSID10479400 DTXSID40719366 DTXSID70531250 DTXSID60522172 DTXSID10772044 DTXSID50290732 DTXSID30612413 DTXSID30789412 DTXSID00529488 DTXSID80576374 DTXSID10704628 DTXSID60835597 DTXSID30560844 DTXSID50653984 DTXSID40674047 DTXSID30243488 DTXSID00173001
DTXSID50705639	DTXSID90358244 DTXSID80588013 DTXSID40597080 DTXSID80464702 DTXSID50322305 DTXSID70543696 DTXSID60434766 DTXSID80445339 DTXSID60623592 DTXSID30853743 DTXSID90203604 DTXSID70561092 DTXSID50323731 DTXSID30824690 DTXSID10797277 DTXSID00650185 DTXSID80741368 DTXSID40560431 DTXSID10820791 DTXSID30452058
DTXSID00303785	DTXSID80222480 DTXSID60641211 DTXSID1052585 DTXSID40552058 DTXSID60179645 DTXSID00164439 DTXSID90353214 DTXSID60675172 DTXSID90809448 DTXSID50528608 DTXSID40705805 DTXSID50467720 DTXSID80729287 DTXSID70306869 DTXSID80196490 DTXSID2051978 DTXSID10485607 DTXSID20578675 DTXSID60162739 DTXSID00615431
DTXSID40743606	DTXSID50400490 DTXSID30741914 DTXSID30664371 DTXSID7070769 DTXSID90732424 DTXSID50751474 DTXSID00551289 DTXSID30167650 DTXSID30743498 DTXSID80156493 DTXSID60446788 DTXSID20645255 DTXSID90152845 DTXSID00876287 DTXSID50394522 DTXSID70350342 DTXSID20430688 DTXSID30717210 DTXSID10517912 DTXSID60896067
DTXSID60227615	DTXSID10560963 DTXSID00623359 DTXSID70572300 DTXSID40722214 DTXSID30363079 DTXSID10642192 DTXSID90581772 DTXSID40482427 DTXSID30666870 DTXSID90454937 DTXSID60300674 DTXSID80612226 DTXSID50671709 DTXSID90506566 DTXSID50853664 DTXSID60372553 DTXSID70594608 DTXSID90379934 DTXSID50392846 DTXSID00657250
DTXSID60144510	DTXSID60439599 DTXSID10406892 DTXSID20307381 DTXSID40403172 DTXSID70566264 DTXSID40694669 DTXSID80199320 DTXSID80748231 DTXSID90489385 DTXSID20213736 DTXSID10177959 DTXSID40286260 DTXSID3042506 DTXSID50735557 DTXSID10364125 DTXSID30650890 DTXSID60301085 DTXSID90278559 DTXSID60533187 DTXSID40574457
DTXSID00769246	DTXSID10602690 DTXSID10344169 DTXSID10506922 DTXSID80728891 DTXSID20534998 DTXSID90574381 DTXSID20431074 DTXSID10307991 DTXSID90278690 DTXSID30672274 DTXSID10582342 DTXSID40593845 DTXSID20418305 DTXSID80615318 DTXSID90706165 DTXSID00281054 DTXSID50372082 DTXSID80337326 DTXSID80896049 DTXSID20857311
DTXSID10294857	DTXSID70621488 DTXSID90743631 DTXSID70673129 DTXSID30346908 DTXSID2058122 DTXSID20159786 DTXSID20299055 DTXSID90463827 DTXSID30294495 DTXSID20421218 DTXSID0042298 DTXSID10516763 DTXSID70283000 DTXSID40760095 DTXSID20312091 DTXSID70765391 DTXSID90833162 DTXSID40440103 DTXSID80453999 DTXSID30437547
DTXSID90366985	DTXSID30165636 DTXSID80834981 DTXSID90730243 DTXSID90527650 DTXSID80519504 DTXSID00774294 DTXSID20449336 DTXSID30818579 DTXSID30496230 DTXSID40190474 DTXSID50640374 DTXSID20288681 DTXSID70562589 DTXSID50170323 DTXSID50404554 DTXSID8036653 DTXSID50758726 DTXSID1071458 DTXSID40276348 DTXSID50603343
DTXSID10325094	DTXSID9021712 DTXSID40414687 DTXSID00661216 DTXSID90185370 DTXSID30541491 DTXSID70397570 DTXSID50433142 DTXSID30452775 DTXSID80756058 DTXSID10474798 DTXSID10726820 DTXSID80598596 DTXSID40181286 DTXSID40296925 DTXSID30756543 DTXSID40657274 DTXSID60532291 DTXSID80604707 DTXSID60876440 DTXSID40876847
DTXSID50196109	DTXSID80774393 DTXSID00611953 DTXSID40474802 DTXSID30341251 DTXSID40532931 DTXSID80365068 DTXSID80769784 DTXSID10508168 DTXSID50816779 DTXSID20880629 DTXSID00514839 DTXSID70584509 DTXSID00409610 DTXSID80629657 DTXSID70508063 DTXSID90406638 DTXSID00621052 DTXSID50639965 DTXSID90334321 DTXSID90666871
DTXSID60635918	DTXSID50649605 DTXSID60649439 DTXSID10428534 DTXSID10829527 DTXSID50215283 DTXSID10144383 DTXSID90696310 DTXSID70874098 DTXSID1025693 DTXSID20834965 DTXSID60540114 DTXSID60481972 DTXSID50651006 DTXSID90453768 DTXSID80554157 DTXSID70849443 DTXSID10834858 DTXSID10528447 DTXSID50277442 DTXSID90289180
DTXSID80151569	DTXSID80792077 DTXSID90158322 DTXSID90160344 DTXSID80221812 DTXSID50154805 DTXSID00886881 DTXSID80599947 DTXSID70234370 DTXSID20514871 DTXSID90203164 DTXSID40555266 DTXSID20783666 DTXSID40677396 DTXSID70765270 DTXSID30815164 DTXSID70884657 DTXSID60489953 DTXSID50804838 DTXSID40219538 DTXSID70568465
DTXSID10592481	DTXSID10510680 DTXSID40467294 DTXSID00673733 DTXSID00663275 DTXSID10696317 DTXSID70600798 DTXSID80486404 DTXSID50439841 DTXSID80175942 DTXSID10680650 DTXSID9022100 DTXSID80640529 DTXSID40351780 DTXSID70734305 DTXSID70474259 DTXSID20327483 DTXSID50640399 DTXSID40171485 DTXSID70739870 DTXSID70294838
DTXSID40356538	DTXSID20340490 DTXSID50398429 DTXSID00483778 DTXSID30402492 DTXSID90553656 DTXSID50528446 DTXSID40296046 DTXSID60762319 DTXSID50682193 DTXSID90567930 DTXSID50704142 DTXSID40595309 DTXSID80212043 DTXSID20145200 DTXSID80892809 DTXSID00162071 DTXSID90734084 DTXSID50179351 DTXSID10502308 DTXSID50580983
DTXSID30418917	DTXSID60697394 DTXSID90762483 DTXSID40549529 DTXSID20622086 DTXSID00200205 DTXSID80634847 DTXSID20172415 DTXSID00467412 DTXSID10696599 DTXSID50601344 DTXSID20666384 DTXSID10202078 DTXSID70197592 DTXSID90618678 DTXSID30153356 DTXSID00356670 DTXSID90279182 DTXSID10622999 DTXSID20415915 DTXSID70593398
DTXSID20856506	DTXSID70831702 DTXSID10876516 DTXSID90586161 DTXSID40588519 DTXSID00372219 DTXSID90396883 DTXSID00293935 DTXSID70203107 DTXSID30752702 DTXSID30378360 DTXSID70461260 DTXSID50457308 DTXSID10515615 DTXSID70873607 DTXSID10667143 DTXSID70821062 DTXSID00568670 DTXSID90147751 DTXSID00782258 DTXSID40161003
DTXSID30627002	DTXSID90669140 DTXSID20345788 DTXSID80701725 DTXSID40508893 DTXSID60319443 DTXSID00391501 DTXSID30279565 DTXSID80727804 DTXSID20352715 DTXSID70693842 DTXSID40528157 DTXSID80162953 DTXSID30663980 DTXSID40646269 DTXSID10668655 DTXSID80392056 DTXSID40781189 DTXSID10618958 DTXSID20299454 DTXSID30735590
DTXSID50632779	DTXSID10166661 DTXSID10189517 DTXSID10343415 DTXSID70599254 DTXSID20652828 DTXSID80541527 DTXSID70768221 DTXSID00618124 DTXSID50850557 DTXSID60807198 DTXSID60632568 DTXSID10214297 DTXSID80819157 DTXSID50610734 DTXSID40344319 DTXSID00725569 DTXSID10749731 DTXSID10594329 DTXSID80458641 DTXSID20472346
DTXSID70721134	DTXSID10181490 DTXSID30483483 DTXSID60454661 DTXSID40468009 DTXSID20500057 DTXSID60365268 DTXSID60542759 DTXSID80457351 DTXSID20597482 DTXSID80444004 DTXSID2024791 DTXSID70632195 DTXSID40175741 DTXSID90408576 DTXSID50622817 DTXSID50378741 DTXSID80528671 DTXSID00305805 DTXSID0062139 DTXSID70721432
DTXSID00705664	DTXSID50528623 DTXSID40702713 DTXSID40711249 DTXSID70459546 DTXSID70808616 DTXSID50437584 DTXSID80817239 DTXSID10834934 DTXSID70325651 DTXSID20660362 DTXSID30514509 DTXSID10771512 DTXSID50766987 DTXSID60790112 DTXSID10802714 DTXSID70675345 DTXSID30503079 DTXSID70568465 DTXSID30377777 DTXSID6052039
DTXSID50791274	DTXSID30538700 DTXSID00778656 DTXSID40811839 DTXSID00281615 DTXSID90462451 DTXSID70564664 DTXSID30809604 DTXSID60812121 DTXSID40279031 DTXSID10341658 DTXSID50632714 DTXSID70159913 DTXSID60884823 DTXSID60468920 DTXSID20288045 DTXSID50482655 DTXSID70453201 DTXSID60240440 DTXSID00816986 DTXSID60526094
DTXSID40313303	DTXSID60569264 DTXSID30321917 DTXSID40513381 DTXSID70651861 DTXSID00485015 DTXSID20485012 DTXSID90711350 DTXSID40646800 DTXSID10826758 DTXSID70584923 DTXSID50382641 DTXSID30395633 DTXSID40588413 DTXSID1071743 DTXSID30651867 DTXSID60532291 DTXSID90372783 DTXSID40716512 DTXSID80736618 DTXSID80290306
DTXSID70325712	DTXSID30560804 DTXSID90630138 DTXSID4051740 DTXSID90694497 DTXSID70376901 DTXSID20316433 DTXSID3074072 DTXSID20790370 DTXSID70727494 DTXSID90768041 DTXSID00772053 DTXSID20474981 DTXSID90400696 DTXSID30234871 DTXSID50821545 DTXSID70607161 DTXSID80284801 DTXSID60281959 DTXSID80516331 DTXSID10465429
DTXSID70875984	DTXSID70668959 DTXSID10384429 DTXSID20739784 DTXSID90791359 DTXSID50837267 DTXSID10144424 DTXSID80325723 DTXSID60196094 DTXSID90596124 DTXSID70645886 DTXSID00837752 DTXSID70815446 DTXSID80391786 DTXSID60290586 DTXSID00487933 DTXSID1067833 DTXSID90699861 DTXSID70465081 DTXSID40641294 DTXSID10332006
DTXSID40346691	DTXSID80825970 DTXSID10654715 DTXSID40656404 DTXSID10629923 DTXSID50662894 DTXSID30748145 DTXSID7063421 DTXSID30725678 DTXSID40724470 DTXSID90823164 DTXSID40676763 DTXSID90706185 DTXSID80296964 DTXSID00681696 DTXSID00731322 DTXSID60674165 DTXSID20743427 DTXSID30842718 DTXSID60432929 DTXSID80552653
DTXSID60155343	DTXSID50462957 DTXSID10345131 DTXSID50744341 DTXSID40443371 DTXSID20278062 DTXSID10371152 DTXSID00749821 DTXSID50848459 DTXSID60514991 DTXSID60519486 DTXSID80369369 DTXSID1068853 DTXSID10310021 DTXSID20718317 DTXSID40629370 DTXSID1044932 DTXSID00372673 DTXSID60454621 DTXSID10426979 DTXSID40415492
DTXSID80615999	DTXSID60183020 DTXSID70825323 DTXSID90449848 DTXSID00542970 DTXSID30402255 DTXSID50568185 DTXSID60303887 DTXSID20203379 DTXSID10825483 DTXSID70545211 DTXSID40633255 DTXSID70507091 DTXSID60738433 DTXSID80531281 DTXSID50786221 DTXSID20443455 DTXSID80332674 DTXSID8060537 DTXSID40285733 DTXSID10468334
DTXSID60656749	DTXSID60640062 DTXSID50436431 DTXSID70495863 DTXSID60769580 DTXSID00609077 DTXSID00182971 DTXSID50355557 DTXSID50552847 DTXSID70849983 DTXSID80238203 DTXSID70612538 DTXSID30649502 DTXSID10865142 DTXSID60800821 DTXSID40483116 DTXSID40404068 DTXSID40856184 DTXSID60281555 DTXSID80668581 DTXSID00313622
DTXSID50709773	DTXSID70576666 DTXSID20876002 DTXSID30402412 DTXSID50560684 DTXSID60636561 DTXSID50568201 DTXSID60634486 DTXSID70158284 DTXSID80752176 DTXSID80696829 DTXSID90238799 DTXSID70408195 DTXSID30157839 DTXSID70434515 DTXSID80660101 DTXSID40724415 DTXSID40677391 DTXSID40378694 DTXSID90729455 DTXSID10569931
DTXSID60696529	DTXSID70729352 DTXSID30889784 DTXSID80441730 DTXSID30225724 DTXSID80536276 DTXSID20879154 DTXSID90664317 DTXSID40633614 DTXSID20427937 DTXSID50454276 DTXSID50481325 DTXSID70388408 DTXSID70652636 DTXSID00312413 DTXSID00449339 DTXSID50594348 DTXSID50879602 DTXSID40287813 DTXSID30160883 DTXSID80637712
DTXSID00285491	DTXSID50342886 DTXSID70236692 DTXSID80723765 DTXSID20409415 DTXSID20170274 DTXSID50478058 DTXSID10555314 DTXSID70282073 DTXSID10321879 DTXSID60609316 DTXSID70614779 DTXSID20629833 DTXSID40530331 DTXSID10167254 DTXSID10634416 DTXSID90232353 DTXSID50468535 DTXSID60424884 DTXSID50738568 DTXSID00403279
DTXSID20831939	DTXSID50290232 DTXSID10291689 DTXSID30400852 DTXSID40230809 DTXSID40660980 DTXSID30616294 DTXSID30489420 DTXSID40309645 DTXSID00768471 DTXSID60703924 DTXSID50518761 DTXSID30482714 DTXSID40752753 DTXSID10349912 DTXSID40664842 DTXSID70539892 DTXSID40629370 DTXSID90235405 DTXSID1044932 DTXSID00473518
DTXSID40775720	DTXSID80585729 DTXSID30600895 DTXSID80436883 DTXSID20383463 DTXSID70505077 DTXSID10805644 DTXSID20567408 DTXSID60883917 DTXSID30769214 DTXSID80578333 DTXSID70485608 DTXSID00375386 DTXSID40440067 DTXSID80563921 DTXSID00762792 DTXSID70549451 DTXSID00446909 DTXSID20674247 DTXSID00565760 DTXSID10399917
DTXSID60708712	DTXSID70383473 DTXSID40210161 DTXSID70607868 DTXSID50343737 DTXSID90499161 DTXSID90612898 DTXSID80381783 DTXSID90431228 DTXSID60476803 DTXSID10480899 DTXSID70731470 DTXSID50694418 DTXSID00315606 DTXSID90544741 DTXSID20379503 DTXSID40877591 DTXSID70221826 DTXSID30184524 DTXSID20708556 DTXSID20797081
DTXSID40532931	DTXSID90666871 DTXSID00409610 DTXSID90406638 DTXSID50816779 DTXSID80629657 DTXSID50196109 DTXSID10508168 DTXSID80774393 DTXSID30341251 DTXSID90602370 DTXSID60496400 DTXSID00621052 DTXSID80800126 DTXSID00611953 DTXSID60522556 DTXSID40144790 DTXSID90334321 DTXSID50621542 DTXSID70346129 DTXSID00385925
DTXSID30359270	DTXSID00835551 DTXSID10340242 DTXSID90333915 DTXSID30543016 DTXSID10278874 DTXSID40463534 DTXSID30519731 DTXSID90352929 DTXSID80733804 DTXSID20361488 DTXSID40313489 DTXSID20192491 DTXSID00797266 DTXSID10600479 DTXSID10452450 DTXSID10383811 DTXSID00196871 DTXSID50402570 DTXSID80170356 DTXSID60296149
DTXSID90611407	DTXSID80479391 DTXSID70710927 DTXSID10356469 DTXSID40560350 DTXSID20394216 DTXSID00429050 DTXSID80879731 DTXSID20405275 DTXSID90706488 DTXSID20468163 DTXSID30450099 DTXSID80855090 DTXSID30356764 DTXSID20424567 DTXSID20648620 DTXSID70616516 DTXSID40845694 DTXSID5063605 DTXSID10444037 DTXSID10749877
DTXSID00403350	DTXSID60576635 DTXSID70434611 DTXSID90316728 DTXSID20730756 DTXSID9021394 DTXSID20629893 DTXSID40216284 DTXSID20376158 DTXSID80737847 DTXSID20580733 DTXSID80647376 DTXSID10738746 DTXSID90325830 DTXSID10143472 DTXSID00338355 DTXSID80722556 DTXSID00227710 DTXSID70377413 DTXSID40711481 DTXSID0041773
DTXSID10210118	DTXSID1063140 DTXSID60151047 DTXSID70443980 DTXSID00241971 DTXSID00730375 DTXSID1047071 DTXSID10739854 DTXSID20704078 DTXSID20284901 DTXSID10398581 DTXSID30378209 DTXSID80767386 DTXSID30303157 DTXSID10786207 DTXSID80897339 DTXSID40614903 DTXSID40744315 DTXSID80502870 DTXSID00542773 DTXSID20238166
DTXSID0052330	DTXSID30403904 DTXSID40474807 DTXSID00236589 DTXSID80407033 DTXSID20876587 DTXSID60586193 DTXSID80283036 DTXSID30167256 DTXSID00564713 DTXSID70814070 DTXSID50596322 DTXSID10794029 DTXSID80611870 DTXSID60776895 DTXSID70780766 DTXSID80290523 DTXSID20571666 DTXSID50341258 DTXSID20662927 DTXSID90313550
DTXSID60378590	DTXSID40541644 DTXSID90520141 DTXSID40706014 DTXSID30718065 DTXSID10569931 DTXSID30589813 DTXSID90456951 DTXSID10495246 DTXSID80772798 DTXSID70353237 DTXSID20163722 DTXSID00637734 DTXSID5069912 DTXSID40449691 DTXSID00553187 DTXSID00587664 DTXSID60402369 DTXSID30241545 DTXSID30640913 DTXSID10733776
DTXSID20856622	DTXSID00461617 DTXSID90520383 DTXSID70601548 DTXSID50180543 DTXSID10408598 DTXSID90743297 DTXSID50208236 DTXSID40697913 DTXSID60664203 DTXSID50740727 DTXSID80635137 DTXSID30740462 DTXSID50457707 DTXSID70663444 DTXSID10627328 DTXSID40293651 DTXSID20895733 DTXSID70341891 DTXSID40681973 DTXSID00391167
DTXSID60299054	DTXSID30287024 DTXSID10277741 DTXSID3070040 DTXSID60148593 DTXSID90873624 DTXSID30400877 DTXSID30195973 DTXSID00656142 DTXSID20470721 DTXSID70548601 DTXSID10468758 DTXSID00419451 DTXSID20768771 DTXSID20505981 DTXSID40300233 DTXSID70586169 DTXSID90519676 DTXSID60739485 DTXSID80304871 DTXSID10548160
DTXSID60772473	DTXSID50752865 DTXSID10388942 DTXSID20840329 DTXSID60715789 DTXSID80232084 DTXSID40483015 DTXSID60810940 DTXSID60463576 DTXSID90711173 DTXSID70720485 DTXSID20844908 DTXSID70557152 DTXSID50820432 DTXSID10431745 DTXSID90407807 DTXSID20288823 DTXSID90292492 DTXSID50234378 DTXSID80844909 DTXSID60776815
DTXSID40624744	DTXSID90407180 DTXSID30651120 DTXSID50734888 DTXSID20346871 DTXSID00712999 DTXSID90528945 DTXSID20579662 DTXSID00773606 DTXSID80567565 DTXSID00850007 DTXSID50196164 DTXSID80827797 DTXSID70801288 DTXSID00726213 DTXSID90293828 DTXSID5062425 DTXSID30441386 DTXSID30798923 DTXSID60528215 DTXSID20406242
DTXSID50280395	DTXSID60873611 DTXSID20532696 DTXSID20171206 DTXSID20815911 DTXSID60327649 DTXSID60184956 DTXSID60612825 DTXSID70153153 DTXSID20788974 DTXSID10729917 DTXSID90276212 DTXSID90611083 DTXSID70388024 DTXSID40581646 DTXSID70382865 DTXSID70657227 DTXSID50488016 DTXSID30388585 DTXSID70496658 DTXSID80497510
DTXSID60553981	DTXSID50381977 DTXSID20509929 DTXSID10692879 DTXSID20423499 DTXSID60757588 DTXSID40513801 DTXSID00876848 DTXSID50563135 DTXSID60675475 DTXSID30549811 DTXSID00443695 DTXSID60551285 DTXSID80792436 DTXSID90739938 DTXSID60390353 DTXSID20285978 DTXSID00771248 DTXSID50758726 DTXSID00708473 DTXSID40326736
DTXSID20630964	DTXSID90674855 DTXSID50170787 DTXSID80885913 DTXSID10767637 DTXSID10587852 DTXSID70822711 DTXSID00275099 DTXSID20604387 DTXSID50675348 DTXSID50320407 DTXSID10605045 DTXSID90565294 DTXSID30218212 DTXSID90847486 DTXSID60749342 DTXSID20503927 DTXSID50798425 DTXSID80633759 DTXSID90277789 DTXSID50528269
DTXSID80324357	DTXSID80442686 DTXSID20798412 DTXSID20416442 DTXSID20811357 DTXSID10425129 DTXSID20327009 DTXSID40617934 DTXSID70599390 DTXSID90759338 DTXSID40308693 DTXSID60510635 DTXSID60291078 DTXSID40194558 DTXSID10341552 DTXSID30144305 DTXSID90445805 DTXSID60875877 DTXSID80558271 DTXSID20151705 DTXSID80631275
DTXSID9047095	DTXSID70734148 DTXSID40567809 DTXSID40588251 DTXSID60614763 DTXSID80365907 DTXSID00175141 DTXSID50749917 DTXSID20327483 DTXSID80175942 DTXSID00730714 DTXSID90736028 DTXSID40717822 DTXSID40351780 DTXSID80590055 DTXSID40341904 DTXSID10722665 DTXSID10696317 DTXSID90562627 DTXSID80161820 DTXSID00620020
DTXSID20449654	DTXSID50726480 DTXSID00216947 DTXSID60240187 DTXSID70848557 DTXSID00811012 DTXSID30725638 DTXSID20697451 DTXSID90485165 DTXSID90176884 DTXSID00439250 DTXSID90381395 DTXSID00774698 DTXSID60787562 DTXSID90842471 DTXSID80493638 DTXSID60441410 DTXSID70240254 DTXSID30752484 DTXSID30339597 DTXSID90243843
DTXSID40786316	DTXSID70379053 DTXSID30757297 DTXSID80795366 DTXSID50559694 DTXSID60786151 DTXSID30849888 DTXSID70642456 DTXSID00697813 DTXSID30201705 DTXSID30818574 DTXSID80402341 DTXSID80577280 DTXSID60836468 DTXSID70835922 DTXSID30496230 DTXSID90578445 DTXSID60695476 DTXSID30313034 DTXSID20547043 DTXSID30632272
DTXSID30811328	DTXSID00655514 DTXSID00366178 DTXSID70626953 DTXSID60569385 DTXSID40641173 DTXSID90788047 DTXSID50734909 DTXSID30510223 DTXSID60177267 DTXSID20730675 DTXSID20468406 DTXSID50313612 DTXSID90604692 DTXSID90604177 DTXSID30822737 DTXSID90874217 DTXSID10604513 DTXSID50627362 DTXSID00219099 DTXSID40724556
DTXSID00276107	DTXSID40210747 DTXSID70669921 DTXSID00236246 DTXSID10677181 DTXSID80211511 DTXSID40880989 DTXSID60282305 DTXSID70317990 DTXSID30158189 DTXSID40193041 DTXSID70399812 DTXSID80752378 DTXSID2070421 DTXSID60710279 DTXSID80237610 DTXSID30694012 DTXSID20834925 DTXSID40880500 DTXSID60635099 DTXSID60418021
DTXSID40345927	DTXSID60535000 DTXSID30378209 DTXSID20238166 DTXSID00825275 DTXSID40571527 DTXSID10398581 DTXSID20677995 DTXSID30303157 DTXSID50473568 DTXSID90640611 DTXSID70337855 DTXSID30830751 DTXSID10344528 DTXSID50487988 DTXSID1047071 DTXSID80375586 DTXSID80336298 DTXSID60739460 DTXSID90753952 DTXSID00377461
DTXSID30650077	DTXSID80726913 DTXSID50415004 DTXSID60178936 DTXSID30785550 DTXSID90791516 DTXSID20444104 DTXSID00532730 DTXSID80431853 DTXSID50561611 DTXSID90150427 DTXSID60897211 DTXSID90504401 DTXSID70427821 DTXSID50760081 DTXSID60299079 DTXSID80195726 DTXSID60836802 DTXSID80675154 DTXSID10295283 DTXSID50397371
DTXSID10366962	DTXSID30395072 DTXSID80210322 DTXSID30199991 DTXSID60392019 DTXSID10541111 DTXSID20549406 DTXSID00625732 DTXSID00447198 DTXSID00720978 DTXSID80543965 DTXSID70711550 DTXSID20473212 DTXSID90474372 DTXSID10312106 DTXSID50591877 DTXSID10596242 DTXSID10744428 DTXSID20417717 DTXSID90814719 DTXSID60407293
DTXSID30147033	DTXSID70450674 DTXSID10699585 DTXSID40195666 DTXSID10886074 DTXSID30710786 DTXSID10767839 DTXSID60822902 DTXSID50767838 DTXSID90759777 DTXSID10648492 DTXSID40417799 DTXSID60511480 DTXSID60752952 DTXSID20544754 DTXSID80336930 DTXSID50782980 DTXSID00752951 DTXSID80195024 DTXSID20181421 DTXSID70785392
DTXSID00495098	DTXSID70647749 DTXSID50533277 DTXSID30662913 DTXSID50526447 DTXSID50846839 DTXSID40721429 DTXSID30194385 DTXSID20508230 DTXSID80464787 DTXSID90473567 DTXSID80206947 DTXSID40293717 DTXSID10287204 DTXSID00420845 DTXSID70561315 DTXSID00614161 DTXSID10296831 DTXSID20895511 DTXSID50571472 DTXSID30199118
DTXSID60834161	DTXSID90284610 DTXSID20454682 DTXSID80541481 DTXSID10667542 DTXSID6070560 DTXSID60887995 DTXSID20737725 DTXSID80506732 DTXSID40820608 DTXSID80238102 DTXSID20805731 DTXSID10390348 DTXSID50423907 DTXSID60499097 DTXSID90445022 DTXSID10647309 DTXSID20675239 DTXSID40641234 DTXSID10534841 DTXSID20554217
DTXSID90512546	DTXSID9068904 DTXSID20342035 DTXSID90530907 DTXSID50184864 DTXSID60156476 DTXSID70757877 DTXSID50369230 DTXSID70445500 DTXSID20815698 DTXSID50646715 DTXSID70276593 DTXSID70354901 DTXSID50814573 DTXSID00277376 DTXSID70299444 DTXSID10676396 DTXSID80214082 DTXSID40698844 DTXSID50190425 DTXSID80404820
DTXSID70711550	DTXSID30618435 DTXSID10596242 DTXSID10312106 DTXSID50178682 DTXSID00745404 DTXSID60392019 DTXSID60597663 DTXSID50172963 DTXSID80610161 DTXSID00465372 DTXSID80210322 DTXSID30452679 DTXSID10744428 DTXSID90474372 DTXSID10426696 DTXSID10557297 DTXSID40393084 DTXSID00481577 DTXSID70381358 DTXSID40543961
DTXSID00818920	DTXSID40367063 DTXSID60395601 DTXSID7067089 DTXSID40288087 DTXSID80446866 DTXSID80815270 DTXSID90571976 DTXSID10368683 DTXSID80351906 DTXSID80563921 DTXSID10886357 DTXSID30831086 DTXSID40326877 DTXSID50383592 DTXSID10399275 DTXSID70485608 DTXSID00446909 DTXSID10787971 DTXSID70651568 DTXSID50766366
DTXSID80668364	DTXSID70841881 DTXSID40460861 DTXSID20444028 DTXSID00326035 DTXSID70296791 DTXSID70579652 DTXSID10556543 DTXSID3057729 DTXSID00165648 DTXSID30823229 DTXSID80375703 DTXSID00429333 DTXSID00618321 DTXSID40468084 DTXSID10430339 DTXSID90722587 DTXSID40681493 DTXSID30809003 DTXSID40415351 DTXSID10294832
DTXSID40646461	DTXSID30555654 DTXSID00190172 DTXSID80377949 DTXSID50623167 DTXSID60840989 DTXSID50289141 DTXSID60195325 DTXSID10397478 DTXSID80727324 DTXSID10857380 DTXSID50808230 DTXSID80646627 DTXSID80718853 DTXSID40677533 DTXSID40618345 DTXSID50733639 DTXSID70650152 DTXSID70496178 DTXSID90396222 DTXSID50592203
DTXSID80879493	DTXSID50294250 DTXSID10280518 DTXSID70666899 DTXSID70612538 DTXSID90805021 DTXSID80754296 DTXSID70560666 DTXSID60800821 DTXSID10865142 DTXSID00640667 DTXSID60154331 DTXSID00363127 DTXSID60369660 DTXSID80769224 DTXSID00833719 DTXSID00615794 DTXSID20548313 DTXSID50355557 DTXSID00425279 DTXSID00374652
DTXSID90656414	DTXSID80434203 DTXSID70459480 DTXSID20621973 DTXSID30308349 DTXSID90464773 DTXSID40759388 DTXSID30544962 DTXSID30674854 DTXSID00732511 DTXSID60816588 DTXSID80763106 DTXSID80756533 DTXSID90819188 DTXSID50296299 DTXSID70809300 DTXSID80159287 DTXSID30656776 DTXSID50527358 DTXSID80206381 DTXSID60241518
DTXSID50813501	DTXSID50707951 DTXSID40343468 DTXSID50783876 DTXSID00331164 DTXSID20542816 DTXSID10364529 DTXSID60893915 DTXSID90877304 DTXSID70398406 DTXSID30213626 DTXSID40775609 DTXSID30332528 DTXSID20670305 DTXSID70836510 DTXSID30521910 DTXSID90284832 DTXSID00631297 DTXSID30424634 DTXSID20667735 DTXSID50640314
DTXSID90824055	DTXSID90567930 DTXSID30595277 DTXSID70720187 DTXSID90453768 DTXSID60762319 DTXSID80212043 DTXSID90772360 DTXSID90696310 DTXSID40481576 DTXSID20145200 DTXSID80671813 DTXSID50427884 DTXSID40296046 DTXSID50528446 DTXSID90289180 DTXSID90650396 DTXSID20346755 DTXSID80892809 DTXSID20834965 DTXSID10834858
DTXSID10525618	DTXSID70571818 DTXSID00366512 DTXSID20880720 DTXSID10580808 DTXSID70675643 DTXSID50483425 DTXSID70527512 DTXSID70874477 DTXSID90223322 DTXSID10334005 DTXSID80615616 DTXSID30394525 DTXSID90562960 DTXSID30195034 DTXSID90447248 DTXSID00523148 DTXSID20580571 DTXSID00334771 DTXSID30510329 DTXSID90526623
DTXSID00766437	DTXSID80496402 DTXSID80766172 DTXSID20663414 DTXSID00407818 DTXSID50778944 DTXSID80407659 DTXSID30162665 DTXSID20431438 DTXSID60503325 DTXSID60588132 DTXSID30686896 DTXSID50636555 DTXSID1063435 DTXSID00186358 DTXSID30462596 DTXSID90592505 DTXSID40354256 DTXSID20483593 DTXSID90688538 DTXSID50383092
DTXSID10765032	DTXSID30502461 DTXSID60486664 DTXSID60866760 DTXSID10766741 DTXSID00223116 DTXSID10672217 DTXSID00197762 DTXSID00190899 DTXSID60682265 DTXSID20550310 DTXSID40734110 DTXSID80198656 DTXSID10313532 DTXSID60490529 DTXSID50234732 DTXSID00658368 DTXSID90565613 DTXSID3075335 DTXSID90798186 DTXSID90705799
DTXSID90734347	DTXSID1068229 DTXSID60671492 DTXSID20496764 DTXSID90388046 DTXSID70876537 DTXSID90326600 DTXSID20482041 DTXSID40459098 DTXSID30511452 DTXSID10439589 DTXSID80771185 DTXSID60645870 DTXSID00453451 DTXSID20477912 DTXSID80782413 DTXSID30485028 DTXSID00725605 DTXSID60813077 DTXSID50696412 DTXSID80744117
DTXSID70326067	DTXSID90681564 DTXSID30804992 DTXSID50557458 DTXSID00832287 DTXSID00314154 DTXSID80734290 DTXSID80278947 DTXSID8063834 DTXSID60278066 DTXSID70711914 DTXSID80542938 DTXSID20575982 DTXSID90290650 DTXSID80484844 DTXSID20403978 DTXSID60373803 DTXSID60183484 DTXSID10277443 DTXSID70344367 DTXSID00668225
DTXSID40325507	DTXSID80162079 DTXSID30291883 DTXSID10303190 DTXSID20478323 DTXSID00520293 DTXSID20605758 DTXSID10586047 DTXSID10470412 DTXSID4045682 DTXSID40450924 DTXSID30217503 DTXSID50297443 DTXSID20593303 DTXSID90560582 DTXSID90726161 DTXSID40738931 DTXSID80572896 DTXSID90850713 DTXSID60667653 DTXSID80534575
DTXSID10322225	DTXSID00606586 DTXSID70393390 DTXSID80852645 DTXSID20876603 DTXSID80534575 DTXSID30675003 DTXSID10694474 DTXSID80562398 DTXSID00403214 DTXSID50731357 DTXSID90723352 DTXSID30497308 DTXSID20478323 DTXSID40738931 DTXSID10669723 DTXSID50461349 DTXSID90726161 DTXSID70877569 DTXSID10241008 DTXSID50814992
DTXSID50811567	DTXSID40776631 DTXSID40636908 DTXSID70842010 DTXSID00787066 DTXSID80873118 DTXSID60816720 DTXSID00809999 DTXSID00632966 DTXSID10797611 DTXSID10577450 DTXSID20536553 DTXSID60795081 DTXSID60536552 DTXSID20613499 DTXSID30865700 DTXSID50816734 DTXSID80742456 DTXSID70477528 DTXSID60149080 DTXSID20790537
DTXSID70740461	DTXSID70603769 DTXSID70499624 DTXSID90179198 DTXSID00357142 DTXSID20640220 DTXSID30438498 DTXSID4065604 DTXSID20368654 DTXSID00423917 DTXSID40504178 DTXSID70291822 DTXSID10724700 DTXSID90365271 DTXSID90451623 DTXSID8046791 DTXSID30150880 DTXSID80615070 DTXSID20801152 DTXSID6048096 DTXSID70179095
DTXSID50589734	DTXSID10597118 DTXSID10501119 DTXSID50311754 DTXSID60201778 DTXSID60528699 DTXSID30744748 DTXSID50538207 DTXSID80664725 DTXSID20275490 DTXSID30406531 DTXSID10355573 DTXSID40510698 DTXSID10554766 DTXSID50589754 DTXSID60667436 DTXSID40430185 DTXSID70597659 DTXSID00852703 DTXSID70803545 DTXSID00501860
DTXSID70189210	DTXSID40797841 DTXSID00628521 DTXSID30473526 DTXSID60836802 DTXSID90150427 DTXSID40874106 DTXSID90532289 DTXSID70744348 DTXSID00407338 DTXSID30739694 DTXSID90504401 DTXSID40785682 DTXSID10876293 DTXSID60299079 DTXSID00229310 DTXSID90791516 DTXSID50415004 DTXSID70459804 DTXSID10427188 DTXSID40243939
DTXSID8058827	DTXSID40543966 DTXSID80281698 DTXSID7058048 DTXSID30344888 DTXSID00711265 DTXSID30367673 DTXSID00795722 DTXSID00220882 DTXSID40803118 DTXSID80214022 DTXSID20785226 DTXSID80431818 DTXSID70327473 DTXSID30375137 DTXSID00323564 DTXSID00570016 DTXSID30718308 DTXSID20503104 DTXSID60603455 DTXSID00811431
DTXSID80199320	DTXSID20213736 DTXSID90787030 DTXSID40574457 DTXSID90489385 DTXSID0024397 DTXSID60144510 DTXSID30668910 DTXSID40697812 DTXSID10406892 DTXSID80835635 DTXSID10761256 DTXSID70566264 DTXSID60572394 DTXSID10437121 DTXSID80748231 DTXSID20781243 DTXSID60439599 DTXSID80341241 DTXSID00276940 DTXSID70826239
DTXSID70693842	DTXSID80162953 DTXSID00391501 DTXSID80701725 DTXSID60394275 DTXSID90669140 DTXSID30627002 DTXSID90648819 DTXSID40515688 DTXSID50165017 DTXSID80657117 DTXSID80392056 DTXSID30663980 DTXSID10668655 DTXSID40528157 DTXSID30223841 DTXSID40646269 DTXSID60319443 DTXSID50345892 DTXSID20352715 DTXSID80562318
DTXSID90615844	DTXSID90344283 DTXSID90348625 DTXSID10442477 DTXSID10634996 DTXSID50760602 DTXSID10518262 DTXSID70367571 DTXSID80875894 DTXSID80726973 DTXSID00571482 DTXSID20333766 DTXSID80742315 DTXSID30642134 DTXSID10525294 DTXSID50610633 DTXSID30534449 DTXSID20506014 DTXSID30528383 DTXSID10538581 DTXSID50833486
DTXSID10696317	DTXSID80175942 DTXSID00673733 DTXSID10510680 DTXSID40351780 DTXSID10592481 DTXSID20327483 DTXSID40467294 DTXSID9022100 DTXSID80640529 DTXSID00175141 DTXSID40588251 DTXSID70600798 DTXSID70474259 DTXSID00663275 DTXSID70294838 DTXSID40567809 DTXSID10680650 DTXSID30308384 DTXSID60172398 DTXSID70734305
DTXSID90302949	DTXSID20699051 DTXSID50534885 DTXSID20734618 DTXSID30727894 DTXSID0060066 DTXSID30819187 DTXSID70703874 DTXSID10653869 DTXSID90702066 DTXSID00510558 DTXSID80208300 DTXSID00320477 DTXSID10711433 DTXSID30805681 DTXSID00198572 DTXSID70877569 DTXSID70398688 DTXSID10575971 DTXSID30225522 DTXSID50814992
DTXSID50809828	DTXSID30282190 DTXSID60622580 DTXSID60875796 DTXSID90435044 DTXSID60401296 DTXSID00712035 DTXSID80560576 DTXSID30761213 DTXSID70672798 DTXSID30716667 DTXSID60325625 DTXSID10426732 DTXSID00156475 DTXSID20758435 DTXSID20656063 DTXSID2071071 DTXSID90373472 DTXSID50343833 DTXSID00374899 DTXSID50646755
DTXSID10781712	DTXSID10175430 DTXSID70475029 DTXSID00528794 DTXSID20390213 DTXSID10737734 DTXSID30384628 DTXSID80561604 DTXSID90490436 DTXSID90790605 DTXSID00604441 DTXSID50610431 DTXSID60885395 DTXSID80819899 DTXSID30481989 DTXSID30777990 DTXSID30149274 DTXSID60786631 DTXSID10289521 DTXSID80729803 DTXSID60558138
DTXSID30591799	DTXSID30428657 DTXSID90730905 DTXSID20626403 DTXSID9041445 DTXSID70618434 DTXSID80351628 DTXSID30653301 DTXSID40589021 DTXSID90787550 DTXSID5052626 DTXSID00594772 DTXSID70651563 DTXSID30364541 DTXSID80176974 DTXSID20538310 DTXSID10462918 DTXSID40747321 DTXSID1069952 DTXSID20374210 DTXSID80653997
DTXSID90632258	DTXSID10489847 DTXSID80506277 DTXSID80175169 DTXSID60333109 DTXSID80539823 DTXSID90577271 DTXSID5044811 DTXSID40815675 DTXSID50443483 DTXSID60770393 DTXSID80648545 DTXSID90844430 DTXSID00655433 DTXSID80394919 DTXSID30752045 DTXSID20426965 DTXSID90519151 DTXSID00837277 DTXSID70304724 DTXSID80305424
DTXSID20747682	DTXSID20390738 DTXSID20823753 DTXSID80534075 DTXSID40694422 DTXSID50488016 DTXSID30546042 DTXSID20297238 DTXSID40741864 DTXSID70642214 DTXSID50768183 DTXSID5059163 DTXSID70359355 DTXSID50885905 DTXSID30790189 DTXSID80356693 DTXSID30673827 DTXSID00509528 DTXSID10729917 DTXSID40468781 DTXSID30388585
DTXSID9059541	DTXSID10398708 DTXSID90340548 DTXSID90330247 DTXSID40836047 DTXSID20389647 DTXSID20285978 DTXSID70480092 DTXSID80356693 DTXSID00771248 DTXSID10597653 DTXSID40454326 DTXSID50885905 DTXSID40620483 DTXSID90178368 DTXSID40729783 DTXSID60390353 DTXSID80527407 DTXSID40326736 DTXSID20386156 DTXSID10692879
DTXSID70826875	DTXSID90520888 DTXSID10655964 DTXSID00334771 DTXSID4052051 DTXSID30782408 DTXSID80340113 DTXSID60202720 DTXSID70786945 DTXSID40494464 DTXSID90339518 DTXSID30800590 DTXSID2059275 DTXSID90500923 DTXSID20342651 DTXSID20765967 DTXSID80492267 DTXSID30813064 DTXSID00667394 DTXSID80615616 DTXSID10577213
DTXSID50542445	DTXSID30307175 DTXSID50604451 DTXSID60681854 DTXSID70620279 DTXSID1068853 DTXSID80369369 DTXSID40396237 DTXSID00341086 DTXSID80791282 DTXSID70514624 DTXSID50281226 DTXSID6062672 DTXSID00374536 DTXSID00377885 DTXSID40415492 DTXSID20655394 DTXSID50399370 DTXSID90208553 DTXSID20774958 DTXSID20453352
DTXSID00640283	DTXSID00625136 DTXSID20322579 DTXSID80456102 DTXSID40418766 DTXSID10634416 DTXSID20595640 DTXSID10579757 DTXSID80693833 DTXSID40439279 DTXSID90232353 DTXSID60514991 DTXSID10555314 DTXSID60519486 DTXSID20429436 DTXSID90290453 DTXSID10606431 DTXSID40546790 DTXSID00829056 DTXSID70774685 DTXSID70715619
DTXSID10459065	DTXSID20207695 DTXSID50593492 DTXSID40726878 DTXSID40293717 DTXSID80208966 DTXSID20549264 DTXSID10287204 DTXSID80570155 DTXSID80181487 DTXSID50366244 DTXSID10296831 DTXSID30662913 DTXSID90473567 DTXSID10659624 DTXSID80663551 DTXSID10518525 DTXSID70714723 DTXSID20585788 DTXSID30599710 DTXSID50446232
DTXSID10566046	DTXSID50833365 DTXSID00430282 DTXSID80471577 DTXSID50302824 DTXSID40282005 DTXSID00824708 DTXSID80415456 DTXSID30485745 DTXSID30524966 DTXSID10478554 DTXSID70600399 DTXSID60466481 DTXSID70564109 DTXSID90214997 DTXSID90182581 DTXSID90234635 DTXSID40244168 DTXSID90284776 DTXSID80333444 DTXSID50280274
DTXSID00161882	DTXSID70709896 DTXSID60795081 DTXSID10770565 DTXSID90796788 DTXSID90533897 DTXSID30408717 DTXSID30851466 DTXSID50816739 DTXSID30865700 DTXSID00632966 DTXSID40462365 DTXSID80783304 DTXSID90445481 DTXSID10577450 DTXSID40838642 DTXSID80742456 DTXSID60813436 DTXSID50816734 DTXSID90286816 DTXSID40816728
DTXSID10711857	DTXSID50558329 DTXSID70283005 DTXSID40404068 DTXSID80668581 DTXSID70364525 DTXSID90748989 DTXSID50191730 DTXSID30649502 DTXSID60206622 DTXSID60769580 DTXSID80238203 DTXSID50807309 DTXSID40857297 DTXSID00485176 DTXSID70332567 DTXSID10837763 DTXSID20593989 DTXSID00182971 DTXSID00374031 DTXSID00404887
DTXSID90857282	DTXSID30550669 DTXSID30775971 DTXSID20702812 DTXSID50745414 DTXSID00810742 DTXSID20879376 DTXSID50402570 DTXSID30618374 DTXSID00797266 DTXSID90352929 DTXSID40313489 DTXSID50857501 DTXSID90618092 DTXSID00496606 DTXSID80573166 DTXSID40749345 DTXSID00835551 DTXSID40463534 DTXSID70488816 DTXSID30359270
DTXSID70445343	DTXSID00399320 DTXSID50816810 DTXSID70470251 DTXSID30242911 DTXSID30562621 DTXSID10712182 DTXSID30190943 DTXSID40365145 DTXSID20578554 DTXSID10537195 DTXSID70358808 DTXSID50696457 DTXSID20721068 DTXSID60675511 DTXSID00480989 DTXSID20539948 DTXSID90321837 DTXSID00368516 DTXSID70558563 DTXSID00879551
DTXSID30374882	DTXSID20631638 DTXSID80423172 DTXSID00846344 DTXSID00722331 DTXSID70344367 DTXSID00406381 DTXSID50590007 DTXSID50440356 DTXSID10875943 DTXSID70296695 DTXSID90383692 DTXSID60166439 DTXSID60589644 DTXSID80472908 DTXSID10645683 DTXSID00457217 DTXSID40721146 DTXSID60631637 DTXSID00742973 DTXSID50846172
DTXSID40593845	DTXSID50372082 DTXSID80378471 DTXSID10506922 DTXSID00281054 DTXSID30672274 DTXSID80291934 DTXSID40444308 DTXSID20534998 DTXSID20429017 DTXSID40520530 DTXSID10661166 DTXSID20431074 DTXSID80492207 DTXSID90574381 DTXSID70619067 DTXSID00769246 DTXSID40808289 DTXSID50629068 DTXSID20509202 DTXSID90706165
DTXSID40526577	DTXSID80603654 DTXSID80369228 DTXSID20639957 DTXSID40493593 DTXSID00802844 DTXSID10327533 DTXSID7029372 DTXSID80674147 DTXSID70531472 DTXSID20522476 DTXSID60590538 DTXSID70678311 DTXSID30447005 DTXSID40487235 DTXSID30524481 DTXSID20765669 DTXSID70319419 DTXSID80819470 DTXSID00209354 DTXSID60377861
DTXSID50804838	DTXSID40219538 DTXSID90750941 DTXSID90278413 DTXSID20783666 DTXSID90310261 DTXSID40677396 DTXSID20514871 DTXSID30579431 DTXSID30192063 DTXSID90561099 DTXSID50214771 DTXSID80792077 DTXSID00198037 DTXSID20568798 DTXSID10403184 DTXSID40662500 DTXSID90160344 DTXSID30675361 DTXSID90203164 DTXSID80151569
DTXSID60347781	DTXSID90807803 DTXSID00231438 DTXSID80279373 DTXSID40165147 DTXSID50663780 DTXSID6069406 DTXSID30663369 DTXSID20599345 DTXSID20372110 DTXSID70840798 DTXSID70349413 DTXSID10721916 DTXSID4040343 DTXSID10466719 DTXSID90827869 DTXSID40530477 DTXSID70424198 DTXSID20759801 DTXSID60343642 DTXSID70650576
DTXSID20874240	DTXSID80186038 DTXSID80470343 DTXSID00896425 DTXSID60895999 DTXSID30427761 DTXSID10849982 DTXSID10814392 DTXSID10896214 DTXSID80785949 DTXSID00428624 DTXSID50770943 DTXSID90808572 DTXSID30574648 DTXSID40896005 DTXSID4072233 DTXSID20876805 DTXSID60896542 DTXSID90697584 DTXSID70322903 DTXSID30192987
DTXSID30504920	DTXSID80278381 DTXSID80768257 DTXSID50384589 DTXSID70526828 DTXSID40465871 DTXSID00145708 DTXSID50404433 DTXSID40174976 DTXSID10455688 DTXSID30323890 DTXSID00556951 DTXSID10812313 DTXSID00425214 DTXSID90343418 DTXSID30806976 DTXSID50527373 DTXSID30817062 DTXSID60172090 DTXSID90316763 DTXSID30617968
DTXSID10692879	DTXSID20285978 DTXSID60390353 DTXSID60553981 DTXSID00771248 DTXSID40620483 DTXSID20509929 DTXSID30549811 DTXSID40513801 DTXSID60551285 DTXSID00443695 DTXSID90340548 DTXSID50885905 DTXSID50563135 DTXSID80527407 DTXSID40326736 DTXSID10398708 DTXSID9059541 DTXSID50381977 DTXSID70436675 DTXSID90330247
DTXSID10160386	DTXSID70623684 DTXSID00839498 DTXSID80349606 DTXSID40405393 DTXSID90457963 DTXSID70556342 DTXSID40237176 DTXSID90875966 DTXSID80279772 DTXSID10278713 DTXSID00363127 DTXSID70879543 DTXSID40493992 DTXSID80154818 DTXSID40167969 DTXSID20883175 DTXSID60554776 DTXSID40649795 DTXSID60358195 DTXSID00425279
DTXSID40748373	DTXSID30793711 DTXSID70791993 DTXSID60520198 DTXSID70240355 DTXSID60188550 DTXSID00300092 DTXSID20148998 DTXSID20627031 DTXSID80700910 DTXSID40413276 DTXSID20547861 DTXSID60704451 DTXSID30808778 DTXSID50572782 DTXSID10627489 DTXSID10225964 DTXSID40797200 DTXSID30637126 DTXSID20614320 DTXSID80787928
DTXSID90744249	DTXSID10328464 DTXSID5058199 DTXSID10401781 DTXSID00541322 DTXSID00145682 DTXSID50275968 DTXSID30788844 DTXSID50793213 DTXSID50561257 DTXSID70156705 DTXSID70300044 DTXSID80675972 DTXSID50302465 DTXSID40373523 DTXSID50728580 DTXSID40767105 DTXSID70610372 DTXSID10276198 DTXSID50561575 DTXSID80850904
DTXSID10364529	DTXSID90877304 DTXSID50707951 DTXSID40343468 DTXSID50813501 DTXSID00331164 DTXSID20542816 DTXSID20443399 DTXSID40775609 DTXSID00398671 DTXSID50783876 DTXSID60893915 DTXSID50640314 DTXSID70398406 DTXSID30213626 DTXSID40388536 DTXSID30332528 DTXSID00560977 DTXSID40289039 DTXSID70390667 DTXSID00406523
DTXSID20744171	DTXSID40408203 DTXSID30333176 DTXSID20805731 DTXSID10390348 DTXSID80639059 DTXSID00706535 DTXSID80238102 DTXSID6044648 DTXSID20525381 DTXSID70517771 DTXSID90543436 DTXSID20653476 DTXSID20737725 DTXSID90547570 DTXSID40641234 DTXSID40635496 DTXSID40565486 DTXSID30713515 DTXSID00491015 DTXSID20190770
DTXSID80836369	DTXSID60721022 DTXSID70233722 DTXSID50814992 DTXSID00510558 DTXSID30675003 DTXSID50461349 DTXSID40738931 DTXSID60678188 DTXSID10653869 DTXSID90723352 DTXSID70877569 DTXSID20719167 DTXSID90829782 DTXSID10575971 DTXSID90560582 DTXSID50534885 DTXSID30497308 DTXSID50471468 DTXSID20735721 DTXSID0060066
DTXSID3058955	DTXSID00621330 DTXSID90640974 DTXSID40855132 DTXSID40576875 DTXSID20791342 DTXSID40578238 DTXSID40397623 DTXSID60287734 DTXSID40722618 DTXSID60505389 DTXSID10640512 DTXSID50345019 DTXSID00442688 DTXSID10221865 DTXSID50778843 DTXSID20582959 DTXSID90426058 DTXSID40181084 DTXSID90778665 DTXSID70799712
DTXSID90214997	DTXSID70564109 DTXSID30485745 DTXSID80415456 DTXSID60466481 DTXSID90236053 DTXSID30524966 DTXSID50736064 DTXSID10808695 DTXSID00600882 DTXSID50419789 DTXSID00371126 DTXSID50302824 DTXSID80593384 DTXSID20608365 DTXSID50280274 DTXSID00430282 DTXSID10566046 DTXSID80471577 DTXSID30593490 DTXSID90507811
DTXSID70730968	DTXSID20415915 DTXSID70354901 DTXSID8029072 DTXSID10499709 DTXSID20666384 DTXSID70299444 DTXSID50601344 DTXSID60664208 DTXSID00446065 DTXSID90218415 DTXSID60763189 DTXSID50814573 DTXSID80634847 DTXSID00277376 DTXSID80404820 DTXSID60697394 DTXSID20585925 DTXSID70646373 DTXSID10815440 DTXSID00356670
DTXSID70303954	DTXSID40489830 DTXSID80217295 DTXSID90303673 DTXSID70764248 DTXSID20567448 DTXSID0068026 DTXSID70764187 DTXSID80305929 DTXSID40484941 DTXSID40763243 DTXSID5074472 DTXSID20285832 DTXSID80839633 DTXSID10225964 DTXSID50432918 DTXSID20563228 DTXSID40855490 DTXSID00834569 DTXSID70866337 DTXSID60708676
DTXSID60433259	DTXSID20748694 DTXSID20817531 DTXSID90542560 DTXSID40780031 DTXSID20205954 DTXSID30218656 DTXSID30824958 DTXSID2073017 DTXSID10448196 DTXSID50609507 DTXSID50173692 DTXSID50469188 DTXSID70701754 DTXSID30294197 DTXSID40148874 DTXSID30148863 DTXSID30400357 DTXSID50615143 DTXSID30815164 DTXSID60430268
DTXSID70214475	DTXSID50630316 DTXSID60170258 DTXSID50601960 DTXSID40757627 DTXSID80172734 DTXSID50739813 DTXSID80724191 DTXSID20189700 DTXSID80418427 DTXSID70694839 DTXSID40495138 DTXSID80226706 DTXSID30427584 DTXSID90766406 DTXSID80621994 DTXSID40280460 DTXSID60332177 DTXSID80563204 DTXSID10816412 DTXSID30356901
DTXSID70826658	DTXSID90780066 DTXSID80664785 DTXSID30505255 DTXSID20401419 DTXSID70495707 DTXSID50312665 DTXSID30708643 DTXSID40406567 DTXSID10790682 DTXSID70394983 DTXSID90646759 DTXSID70705772 DTXSID60574717 DTXSID50616039 DTXSID70494230 DTXSID40608761 DTXSID10528381 DTXSID50505434 DTXSID80822181 DTXSID00484361
DTXSID10629923	DTXSID40656404 DTXSID10654715 DTXSID30725678 DTXSID50662894 DTXSID40346691 DTXSID30748145 DTXSID80825970 DTXSID40724470 DTXSID90706185 DTXSID90823164 DTXSID40676763 DTXSID00731322 DTXSID80296964 DTXSID20743427 DTXSID60432929 DTXSID7063421 DTXSID60674165 DTXSID00681696 DTXSID10712061 DTXSID80552653
DTXSID40854049	DTXSID50590547 DTXSID60364099 DTXSID70526803 DTXSID40592792 DTXSID70532141 DTXSID70580369 DTXSID20337542 DTXSID40751468 DTXSID70648998 DTXSID20284800 DTXSID10426095 DTXSID50747579 DTXSID00344971 DTXSID80694421 DTXSID60236000 DTXSID30293963 DTXSID60725005 DTXSID80874261 DTXSID20896169 DTXSID40385722
DTXSID00556951	DTXSID50384589 DTXSID90343418 DTXSID90316763 DTXSID30817062 DTXSID10812313 DTXSID00801599 DTXSID40174976 DTXSID30504920 DTXSID00709662 DTXSID8075413 DTXSID20159226 DTXSID80278381 DTXSID50660936 DTXSID00425214 DTXSID80383500 DTXSID40465871 DTXSID20493516 DTXSID70411184 DTXSID80768257 DTXSID80354891
DTXSID50739292	DTXSID40292366 DTXSID30621202 DTXSID60404409 DTXSID90381971 DTXSID20514699 DTXSID90879303 DTXSID30646278 DTXSID80703926 DTXSID20657131 DTXSID00464143 DTXSID10695087 DTXSID80711086 DTXSID00430803 DTXSID40605891 DTXSID40622947 DTXSID10584821 DTXSID00672261 DTXSID00672044 DTXSID70646277 DTXSID90392163
DTXSID00229310	DTXSID70744348 DTXSID40785682 DTXSID10427188 DTXSID30403500 DTXSID60836802 DTXSID40243939 DTXSID50397371 DTXSID90535053 DTXSID30473526 DTXSID70189210 DTXSID30321477 DTXSID30792724 DTXSID00593846 DTXSID20681875 DTXSID90150427 DTXSID90504401 DTXSID40797841 DTXSID00493150 DTXSID60829754 DTXSID00628521
DTXSID60876849	DTXSID00649796 DTXSID30532480 DTXSID30217881 DTXSID70678917 DTXSID80364915 DTXSID30876412 DTXSID40464728 DTXSID00645374 DTXSID70742607 DTXSID90884376 DTXSID20476965 DTXSID00801993 DTXSID40640121 DTXSID10888412 DTXSID70655440 DTXSID60291290 DTXSID30207606 DTXSID20427937 DTXSID10705776 DTXSID90767615
DTXSID30330387	DTXSID90711875 DTXSID90837201 DTXSID40144795 DTXSID40662929 DTXSID40840048 DTXSID40887211 DTXSID60790692 DTXSID60582711 DTXSID60240940 DTXSID50711134 DTXSID90278357 DTXSID40315307 DTXSID70316685 DTXSID50242978 DTXSID30867401 DTXSID90440214 DTXSID00541968 DTXSID90148864 DTXSID00454781 DTXSID70280034
DTXSID90512026	DTXSID10452450 DTXSID10600479 DTXSID30187171 DTXSID50590582 DTXSID10215002 DTXSID30146309 DTXSID60296149 DTXSID50544085 DTXSID90506460 DTXSID30543016 DTXSID20671211 DTXSID10340242 DTXSID40456507 DTXSID50589017 DTXSID90388288 DTXSID70353035 DTXSID90352929 DTXSID40749345 DTXSID00632204 DTXSID20667790
DTXSID80784755	DTXSID10587796 DTXSID10743592 DTXSID80696364 DTXSID50662930 DTXSID70361650 DTXSID40621798 DTXSID80494029 DTXSID10406256 DTXSID10631864 DTXSID40562793 DTXSID7021366 DTXSID20598570 DTXSID6067549 DTXSID90702203 DTXSID20651159 DTXSID90510345 DTXSID30314804 DTXSID20235433 DTXSID70850630 DTXSID60587786
DTXSID20853671	DTXSID20179929 DTXSID60749685 DTXSID50857460 DTXSID30630197 DTXSID40856624 DTXSID50400233 DTXSID20656902 DTXSID90425687 DTXSID50613806 DTXSID80476729 DTXSID70433149 DTXSID50806832 DTXSID20876683 DTXSID20697678 DTXSID40883091 DTXSID10720242 DTXSID30181270 DTXSID70542503 DTXSID60227594 DTXSID20352937
DTXSID70708046	DTXSID00425214 DTXSID20631173 DTXSID40784357 DTXSID00531041 DTXSID20857598 DTXSID00323105 DTXSID40666346 DTXSID00145708 DTXSID50551916 DTXSID30624051 DTXSID80642068 DTXSID00464704 DTXSID00567820 DTXSID90354903 DTXSID30617968 DTXSID80199264 DTXSID10211645 DTXSID40352752 DTXSID90826519 DTXSID00364871
DTXSID00478189	DTXSID70751774 DTXSID20295613 DTXSID60239672 DTXSID30342248 DTXSID80673756 DTXSID10569991 DTXSID00333421 DTXSID80174834 DTXSID30389638 DTXSID40191628 DTXSID40226601 DTXSID20891139 DTXSID10393859 DTXSID70447645 DTXSID80809139 DTXSID00339443 DTXSID50306004 DTXSID30304306 DTXSID30181371 DTXSID70359411
DTXSID00631297	DTXSID20670305 DTXSID30521910 DTXSID00603732 DTXSID00331164 DTXSID00560977 DTXSID10528543 DTXSID80598470 DTXSID30213626 DTXSID90733890 DTXSID50707951 DTXSID20542816 DTXSID70599971 DTXSID10848359 DTXSID60640320 DTXSID10284657 DTXSID70398406 DTXSID50813501 DTXSID70460238 DTXSID70676993 DTXSID20839490
DTXSID30407987	DTXSID50306004 DTXSID70447645 DTXSID00865494 DTXSID60711645 DTXSID10552267 DTXSID50640470 DTXSID00501264 DTXSID50835107 DTXSID20891139 DTXSID40191426 DTXSID00559245 DTXSID70202690 DTXSID60239672 DTXSID90547999 DTXSID30181371 DTXSID10569991 DTXSID30304306 DTXSID30389638 DTXSID20616925 DTXSID00600140
DTXSID00366532	DTXSID90672497 DTXSID10756167 DTXSID60760855 DTXSID20821077 DTXSID8059635 DTXSID70365214 DTXSID70325696 DTXSID80812845 DTXSID80416549 DTXSID9074642 DTXSID80845794 DTXSID20327024 DTXSID10657448 DTXSID50240651 DTXSID20317288 DTXSID00846006 DTXSID60455133 DTXSID50180326 DTXSID50729870 DTXSID90668471
DTXSID20785226	DTXSID60603455 DTXSID9058155 DTXSID00323564 DTXSID10463324 DTXSID50879743 DTXSID80704312 DTXSID20707923 DTXSID30344888 DTXSID90343534 DTXSID40456163 DTXSID30367673 DTXSID40279773 DTXSID8058827 DTXSID3044592 DTXSID00811431 DTXSID40803118 DTXSID90628893 DTXSID30460577 DTXSID30290316 DTXSID80222783
DTXSID60786631	DTXSID30574401 DTXSID80769229 DTXSID70793053 DTXSID10831741 DTXSID50716826 DTXSID30481989 DTXSID40432846 DTXSID00724456 DTXSID60341123 DTXSID60228324 DTXSID30588563 DTXSID40528793 DTXSID90790605 DTXSID20390213 DTXSID10781712 DTXSID10289521 DTXSID80323385 DTXSID90557134 DTXSID90706640 DTXSID10613125
DTXSID90784882	DTXSID0073291 DTXSID10651542 DTXSID70837562 DTXSID10277524 DTXSID70399413 DTXSID40696461 DTXSID90325153 DTXSID40734014 DTXSID90802010 DTXSID40607855 DTXSID00183887 DTXSID40280980 DTXSID70610039 DTXSID20679136 DTXSID50640834 DTXSID40633972 DTXSID10352800 DTXSID60282168 DTXSID20867834 DTXSID50304449
DTXSID80337720	DTXSID40328396 DTXSID60612921 DTXSID70484651 DTXSID30501474 DTXSID30471749 DTXSID60616843 DTXSID60621912 DTXSID30583038 DTXSID90771979 DTXSID20886101 DTXSID30413629 DTXSID90596508 DTXSID20389647 DTXSID60633636 DTXSID90330247 DTXSID70480092 DTXSID70471682 DTXSID80810068 DTXSID10597653 DTXSID60318532
DTXSID90567430	DTXSID60737648 DTXSID90594948 DTXSID70452719 DTXSID50852157 DTXSID40507280 DTXSID60456529 DTXSID70305695 DTXSID80763949 DTXSID70803545 DTXSID20297278 DTXSID00501860 DTXSID70729791 DTXSID70438179 DTXSID20780913 DTXSID60226204 DTXSID20533380 DTXSID60422946 DTXSID30744748 DTXSID10818517 DTXSID00416965
DTXSID30678938	DTXSID80740250 DTXSID50512269 DTXSID10618519 DTXSID30521950 DTXSID10716180 DTXSID20406202 DTXSID30428359 DTXSID40199841 DTXSID00356392 DTXSID10393657 DTXSID90695323 DTXSID10622999 DTXSID30591214 DTXSID60739526 DTXSID50631606 DTXSID60588576 DTXSID10675647 DTXSID50697429 DTXSID20368194 DTXSID70735690
DTXSID60533187	DTXSID10364125 DTXSID80742936 DTXSID00651975 DTXSID40359589 DTXSID70566264 DTXSID20307381 DTXSID40403172 DTXSID10406892 DTXSID50408597 DTXSID60661131 DTXSID40694669 DTXSID40286260 DTXSID90669645 DTXSID10512301 DTXSID80748231 DTXSID80480780 DTXSID60301085 DTXSID3042506 DTXSID50735557 DTXSID10473549
DTXSID40473875	DTXSID00198037 DTXSID10403184 DTXSID00527000 DTXSID30579431 DTXSID20568798 DTXSID10744741 DTXSID60469452 DTXSID30192063 DTXSID50214771 DTXSID30704064 DTXSID90278413 DTXSID40219538 DTXSID90750941 DTXSID30155633 DTXSID70670234 DTXSID30174849 DTXSID00767500 DTXSID10658374 DTXSID6048888 DTXSID90714886
DTXSID9072286	DTXSID90707354 DTXSID30615747 DTXSID40652860 DTXSID20815698 DTXSID90703659 DTXSID50701292 DTXSID50646715 DTXSID40698844 DTXSID80241196 DTXSID10676396 DTXSID20831095 DTXSID70290799 DTXSID20342035 DTXSID70445500 DTXSID10705317 DTXSID70180323 DTXSID90405863 DTXSID5067392 DTXSID60855710 DTXSID50184864
DTXSID30780585	DTXSID00341061 DTXSID10605303 DTXSID20415899 DTXSID70453488 DTXSID90317432 DTXSID60553360 DTXSID50670136 DTXSID80843614 DTXSID60447795 DTXSID00829036 DTXSID90724384 DTXSID80652167 DTXSID90402756 DTXSID70751113 DTXSID10380921 DTXSID80397783 DTXSID90676834 DTXSID60808645 DTXSID20424946 DTXSID30758224
DTXSID40335101	DTXSID90191012 DTXSID0052590 DTXSID30543314 DTXSID50494697 DTXSID00334377 DTXSID30791313 DTXSID20541122 DTXSID20370833 DTXSID40589021 DTXSID60333760 DTXSID30364541 DTXSID00192999 DTXSID30476390 DTXSID40325007 DTXSID20374210 DTXSID60772736 DTXSID80176974 DTXSID80698343 DTXSID80653997 DTXSID40110056
DTXSID90328740	DTXSID0070784 DTXSID70717870 DTXSID00649599 DTXSID70592149 DTXSID70396402 DTXSID40677331 DTXSID90217423 DTXSID20538830 DTXSID30235823 DTXSID90808911 DTXSID40751463 DTXSID70888756 DTXSID60747202 DTXSID50654936 DTXSID90778569 DTXSID80323547 DTXSID00522176 DTXSID80562398 DTXSID50731357 DTXSID10795415
DTXSID70314969	DTXSID60319089 DTXSID30303192 DTXSID00745368 DTXSID70619608 DTXSID80478324 DTXSID10657206 DTXSID70732487 DTXSID30546628 DTXSID00508677 DTXSID70855781 DTXSID30847288 DTXSID90222719 DTXSID20393587 DTXSID30620174 DTXSID70554621 DTXSID10660816 DTXSID80534131 DTXSID3073719 DTXSID60700236 DTXSID10498196
DTXSID30526586	DTXSID10715779 DTXSID20185808 DTXSID90796884 DTXSID5070232 DTXSID00428568 DTXSID50694498 DTXSID10590381 DTXSID90179991 DTXSID90524068 DTXSID20877337 DTXSID10518727 DTXSID30819304 DTXSID10772928 DTXSID00612400 DTXSID50767131 DTXSID50733073 DTXSID70582525 DTXSID70759654 DTXSID80637257 DTXSID60640047
DTXSID10608990	DTXSID10758666 DTXSID70223906 DTXSID90585831 DTXSID70317677 DTXSID30558746 DTXSID60378691 DTXSID9073628 DTXSID40453516 DTXSID80799980 DTXSID80734013 DTXSID40821998 DTXSID20503528 DTXSID60424420 DTXSID00510836 DTXSID80374337 DTXSID90702268 DTXSID80533624 DTXSID10844876 DTXSID40238805 DTXSID60196817
DTXSID30524966	DTXSID60466481 DTXSID00600882 DTXSID30485745 DTXSID50736064 DTXSID90214997 DTXSID50419789 DTXSID70564109 DTXSID00371126 DTXSID50280274 DTXSID10566046 DTXSID10808695 DTXSID40244168 DTXSID80593384 DTXSID90236053 DTXSID80415456 DTXSID80289952 DTXSID40282005 DTXSID50833365 DTXSID50302824 DTXSID90343054
DTXSID50218754	DTXSID40243454 DTXSID60646943 DTXSID40775765 DTXSID70810077 DTXSID50810676 DTXSID20640624 DTXSID50496595 DTXSID80649850 DTXSID50805002 DTXSID70733717 DTXSID70660978 DTXSID90649245 DTXSID00541347 DTXSID10218755 DTXSID50193274 DTXSID40632283 DTXSID70337219 DTXSID10700589 DTXSID20559702 DTXSID30876518
DTXSID70599113	DTXSID80736431 DTXSID20279130 DTXSID20488649 DTXSID00748632 DTXSID60160179 DTXSID90301679 DTXSID50147792 DTXSID30551237 DTXSID60842948 DTXSID70812718 DTXSID40640585 DTXSID80232569 DTXSID30896094 DTXSID80778154 DTXSID10762622 DTXSID70827923 DTXSID70303818 DTXSID00557064 DTXSID90521855 DTXSID80879473
DTXSID80511583	DTXSID60734738 DTXSID00389746 DTXSID70502965 DTXSID10444416 DTXSID50508066 DTXSID50787394 DTXSID70757958 DTXSID80734038 DTXSID80792436 DTXSID30621282 DTXSID20591980 DTXSID40761289 DTXSID50787672 DTXSID40756958 DTXSID10443964 DTXSID90739938 DTXSID60188272 DTXSID00598957 DTXSID50421524 DTXSID00799866
DTXSID70599118	DTXSID40795125 DTXSID50496494 DTXSID3057692 DTXSID50464411 DTXSID50727174 DTXSID30372484 DTXSID30198484 DTXSID20671716 DTXSID10713593 DTXSID80453838 DTXSID40545728 DTXSID20486403 DTXSID90651202 DTXSID20206103 DTXSID20298200 DTXSID90296834 DTXSID50483384 DTXSID30638613 DTXSID60675071 DTXSID90307398
DTXSID00323564	DTXSID20707923 DTXSID20785226 DTXSID30367673 DTXSID80704312 DTXSID3044592 DTXSID30290316 DTXSID50879743 DTXSID9058155 DTXSID10463324 DTXSID40803118 DTXSID60603455 DTXSID6040371 DTXSID40279773 DTXSID80857236 DTXSID00795722 DTXSID70327473 DTXSID80214022 DTXSID30344888 DTXSID8058827 DTXSID00811431
DTXSID50722189	DTXSID30782468 DTXSID30363675 DTXSID10475068 DTXSID10682417 DTXSID50369735 DTXSID10365950 DTXSID90694856 DTXSID20646505 DTXSID80178953 DTXSID60214045 DTXSID80681992 DTXSID80724732 DTXSID20708778 DTXSID10646473 DTXSID90618092 DTXSID10693482 DTXSID50726783 DTXSID20415399 DTXSID30478859 DTXSID70588229
DTXSID30615328	DTXSID20243255 DTXSID60792898 DTXSID50468535 DTXSID00829056 DTXSID40530331 DTXSID40546790 DTXSID60415939 DTXSID50491545 DTXSID10361270 DTXSID90620534 DTXSID80723765 DTXSID20218842 DTXSID50478058 DTXSID10703373 DTXSID50651304 DTXSID20602343 DTXSID60609316 DTXSID20600723 DTXSID10634416 DTXSID70236692
DTXSID70147895	DTXSID50818359 DTXSID80354876 DTXSID00461238 DTXSID70165236 DTXSID70724089 DTXSID10503052 DTXSID00631737 DTXSID60470523 DTXSID60473115 DTXSID00747382 DTXSID20646803 DTXSID10430157 DTXSID20295517 DTXSID6041769 DTXSID40879338 DTXSID00181464 DTXSID80601317 DTXSID40297775 DTXSID60635458 DTXSID60626321
DTXSID30752045	DTXSID50495442 DTXSID70791014 DTXSID80356315 DTXSID20513687 DTXSID30831501 DTXSID80305424 DTXSID70232093 DTXSID10489847 DTXSID90632258 DTXSID10325736 DTXSID00731524 DTXSID20533380 DTXSID90390301 DTXSID50323438 DTXSID00416965 DTXSID80539823 DTXSID5044811 DTXSID20426965 DTXSID60333109 DTXSID80506277
DTXSID20318013	DTXSID30587935 DTXSID30757772 DTXSID40635496 DTXSID90543436 DTXSID70517771 DTXSID20653476 DTXSID00706535 DTXSID20190770 DTXSID60150616 DTXSID00343449 DTXSID40543441 DTXSID40408203 DTXSID00491015 DTXSID20446421 DTXSID90526789 DTXSID80452144 DTXSID30333176 DTXSID80638027 DTXSID6044648 DTXSID30713515
DTXSID20182615	DTXSID80737746 DTXSID50440755 DTXSID70784865 DTXSID40543047 DTXSID50768805 DTXSID90177972 DTXSID50837207 DTXSID60451498 DTXSID20762693 DTXSID00502150 DTXSID30848932 DTXSID10241806 DTXSID50188948 DTXSID90541598 DTXSID20297955 DTXSID00289651 DTXSID50750765 DTXSID00748374 DTXSID30730989 DTXSID40843478
DTXSID50277806	DTXSID00759581 DTXSID90395215 DTXSID10463425 DTXSID30651367 DTXSID80229196 DTXSID60363224 DTXSID00874349 DTXSID00184410 DTXSID80284826 DTXSID20657292 DTXSID50682239 DTXSID70835068 DTXSID30568360 DTXSID10888816 DTXSID90615809 DTXSID90845265 DTXSID70606674 DTXSID90473582 DTXSID60344396 DTXSID40551980
DTXSID60725005	DTXSID50709137 DTXSID20696949 DTXSID20896169 DTXSID90182107 DTXSID00680048 DTXSID80874261 DTXSID70526803 DTXSID20198655 DTXSID30676414 DTXSID80657339 DTXSID20337542 DTXSID70532141 DTXSID30625048 DTXSID60236000 DTXSID80385786 DTXSID80694421 DTXSID70393719 DTXSID10784768 DTXSID40161482 DTXSID60364099
DTXSID40698844	DTXSID50646715 DTXSID20342035 DTXSID10676396 DTXSID60855710 DTXSID9072286 DTXSID20815698 DTXSID80214082 DTXSID30615747 DTXSID50701292 DTXSID10145572 DTXSID90703659 DTXSID90707354 DTXSID70757877 DTXSID90530907 DTXSID40652860 DTXSID20831095 DTXSID10607786 DTXSID90405863 DTXSID40452741 DTXSID90556708
DTXSID40407377	DTXSID10452955 DTXSID60550096 DTXSID20645871 DTXSID10519254 DTXSID70647688 DTXSID70611081 DTXSID40334154 DTXSID9065364 DTXSID00603050 DTXSID10733074 DTXSID80640201 DTXSID40384679 DTXSID80299970 DTXSID20656366 DTXSID2072881 DTXSID40720210 DTXSID20609170 DTXSID10831908 DTXSID90193758 DTXSID70708324
DTXSID50545613	DTXSID10467660 DTXSID50851665 DTXSID40797200 DTXSID90433782 DTXSID60625556 DTXSID50568908 DTXSID10627489 DTXSID50825321 DTXSID30346509 DTXSID00551027 DTXSID30808778 DTXSID20547861 DTXSID20148998 DTXSID50224219 DTXSID20614320 DTXSID00405738 DTXSID90464854 DTXSID20813437 DTXSID30793711 DTXSID10468334
DTXSID70484191	DTXSID40191269 DTXSID50345498 DTXSID00631772 DTXSID30879726 DTXSID00704314 DTXSID30554965 DTXSID30718308 DTXSID20297758 DTXSID80609398 DTXSID50176128 DTXSID40585689 DTXSID10710163 DTXSID40482043 DTXSID60674281 DTXSID60825514 DTXSID80711127 DTXSID00802263 DTXSID00464704 DTXSID30352640 DTXSID00421630
DTXSID6058972	DTXSID90584703 DTXSID1070773 DTXSID80182974 DTXSID70303297 DTXSID80292163 DTXSID10426732 DTXSID90373472 DTXSID80613172 DTXSID20417959 DTXSID00712035 DTXSID10827381 DTXSID40513644 DTXSID20708955 DTXSID20879472 DTXSID50565290 DTXSID20754836 DTXSID2071071 DTXSID70174964 DTXSID60284925 DTXSID20325065
DTXSID90629749	DTXSID20429870 DTXSID80647497 DTXSID60742111 DTXSID70274377 DTXSID30657804 DTXSID50879142 DTXSID80596173 DTXSID30761213 DTXSID00382030 DTXSID10441041 DTXSID10321834 DTXSID70672798 DTXSID60598918 DTXSID80879397 DTXSID50704788 DTXSID00731302 DTXSID20758435 DTXSID20656063 DTXSID2071071 DTXSID00156475
DTXSID50639889	DTXSID80438044 DTXSID00757749 DTXSID10149196 DTXSID20594678 DTXSID50527358 DTXSID60241518 DTXSID00577964 DTXSID20434202 DTXSID10144484 DTXSID20172071 DTXSID30544962 DTXSID70614092 DTXSID50318526 DTXSID70880654 DTXSID60642041 DTXSID60881211 DTXSID90446892 DTXSID80776034 DTXSID10579131 DTXSID20621973
DTXSID40379404	DTXSID90738906 DTXSID00223994 DTXSID30201402 DTXSID70886030 DTXSID80783708 DTXSID00550732 DTXSID60550733 DTXSID2052447 DTXSID20476203 DTXSID80201174 DTXSID0044153 DTXSID0047741 DTXSID80407876 DTXSID40851134 DTXSID2022127 DTXSID30453383 DTXSID20776098 DTXSID50729234 DTXSID20518379 DTXSID40195489
DTXSID00598513	DTXSID90215565 DTXSID30589575 DTXSID90728665 DTXSID10440059 DTXSID60876900 DTXSID70496097 DTXSID70534660 DTXSID20528397 DTXSID10403129 DTXSID20739229 DTXSID70670577 DTXSID10527213 DTXSID20886929 DTXSID30541572 DTXSID00818667 DTXSID50604052 DTXSID90561074 DTXSID50326560 DTXSID00428720 DTXSID00145324
DTXSID50274133	DTXSID3068592 DTXSID20324518 DTXSID70651068 DTXSID40415917 DTXSID10343637 DTXSID90605508 DTXSID20857154 DTXSID60707361 DTXSID60467599 DTXSID50596746 DTXSID30772364 DTXSID60175162 DTXSID40652067 DTXSID40832084 DTXSID80457932 DTXSID60615215 DTXSID70507899 DTXSID00376691 DTXSID50604173 DTXSID70478257
DTXSID90547797	DTXSID20212022 DTXSID2047016 DTXSID20363508 DTXSID90462572 DTXSID00181464 DTXSID20369429 DTXSID90622492 DTXSID70165236 DTXSID60473115 DTXSID10555091 DTXSID40297775 DTXSID60295354 DTXSID00462684 DTXSID60722099 DTXSID60646342 DTXSID20295517 DTXSID80355863 DTXSID80549528 DTXSID60635458 DTXSID60669213
DTXSID40606782	DTXSID60589583 DTXSID20418481 DTXSID40835055 DTXSID90430256 DTXSID70280852 DTXSID10277443 DTXSID70645886 DTXSID30671565 DTXSID80484844 DTXSID00876505 DTXSID60479238 DTXSID50549631 DTXSID90667267 DTXSID60484049 DTXSID80325723 DTXSID10641428 DTXSID50837267 DTXSID40855379 DTXSID80456228 DTXSID40757268
DTXSID90625943	DTXSID40350132 DTXSID10593776 DTXSID80320773 DTXSID80626883 DTXSID90419162 DTXSID90613289 DTXSID20595680 DTXSID00622620 DTXSID20646308 DTXSID60592557 DTXSID60671114 DTXSID10645244 DTXSID70489803 DTXSID80228902 DTXSID90331274 DTXSID10533314 DTXSID60695037 DTXSID60415535 DTXSID80568895 DTXSID00659436
DTXSID60718134	DTXSID60787224 DTXSID70367879 DTXSID80611193 DTXSID40828184 DTXSID20306137 DTXSID80436641 DTXSID60855957 DTXSID00829036 DTXSID80652167 DTXSID40480100 DTXSID40755587 DTXSID50445684 DTXSID50568807 DTXSID10188005 DTXSID30175174 DTXSID10737693 DTXSID70453488 DTXSID00588297 DTXSID00406482 DTXSID60497038
DTXSID10626775	DTXSID50342467 DTXSID10338821 DTXSID40390654 DTXSID20173321 DTXSID90399273 DTXSID30453383 DTXSID40439936 DTXSID4074271 DTXSID30347430 DTXSID30451647 DTXSID2022127 DTXSID90470157 DTXSID40181084 DTXSID50778843 DTXSID70762224 DTXSID50177630 DTXSID90275088 DTXSID00176173 DTXSID80398735 DTXSID50816158
DTXSID00725468	DTXSID10157478 DTXSID10766645 DTXSID10651885 DTXSID40776999 DTXSID10223001 DTXSID10190002 DTXSID00810702 DTXSID40504198 DTXSID10590381 DTXSID7066643 DTXSID30594280 DTXSID70224155 DTXSID70894756 DTXSID30586387 DTXSID50383330 DTXSID80200465 DTXSID10757811 DTXSID90613002 DTXSID60675213 DTXSID00355729
DTXSID10307496	DTXSID00302733 DTXSID00876742 DTXSID30385110 DTXSID60425199 DTXSID5068158 DTXSID70341018 DTXSID40845735 DTXSID70403246 DTXSID10211680 DTXSID40180330 DTXSID00363884 DTXSID70589837 DTXSID40661119 DTXSID30666274 DTXSID30837361 DTXSID70739012 DTXSID30640913 DTXSID00541362 DTXSID70353237 DTXSID50335233
DTXSID90651646	DTXSID00821737 DTXSID70743018 DTXSID80378471 DTXSID80291934 DTXSID60591944 DTXSID20641257 DTXSID80492207 DTXSID60818360 DTXSID70619067 DTXSID40520530 DTXSID20429017 DTXSID40593845 DTXSID50372082 DTXSID70185176 DTXSID30672274 DTXSID90878937 DTXSID60591924 DTXSID00281054 DTXSID40444308 DTXSID10661166
DTXSID20567448	DTXSID70764187 DTXSID80305929 DTXSID70764248 DTXSID70303954 DTXSID80839633 DTXSID50432918 DTXSID40489830 DTXSID10225964 DTXSID70866337 DTXSID40763243 DTXSID40484941 DTXSID80217295 DTXSID80700910 DTXSID20285832 DTXSID80787928 DTXSID00300092 DTXSID90303673 DTXSID40511600 DTXSID40855490 DTXSID0068026
DTXSID40352515	DTXSID30537839 DTXSID30778189 DTXSID90429862 DTXSID50441787 DTXSID90609682 DTXSID90228155 DTXSID30780828 DTXSID50598124 DTXSID10212470 DTXSID60495352 DTXSID40495597 DTXSID00571407 DTXSID20718973 DTXSID20301783 DTXSID40588493 DTXSID30787852 DTXSID90479908 DTXSID80588412 DTXSID70401363 DTXSID50487645
DTXSID00730234	DTXSID40876463 DTXSID90674456 DTXSID40750774 DTXSID00366613 DTXSID1073367 DTXSID10879603 DTXSID00512653 DTXSID20493056 DTXSID50367973 DTXSID40649518 DTXSID20812723 DTXSID20596511 DTXSID10814130 DTXSID20459172 DTXSID00408603 DTXSID00876464 DTXSID10500445 DTXSID90517016 DTXSID30219385 DTXSID10772064
DTXSID20759705	DTXSID50285360 DTXSID70666273 DTXSID10797277 DTXSID50195879 DTXSID10392968 DTXSID50341793 DTXSID60533288 DTXSID60533889 DTXSID30873582 DTXSID40797886 DTXSID80522134 DTXSID10696150 DTXSID30796606 DTXSID90772002 DTXSID80202505 DTXSID70561092 DTXSID40433691 DTXSID20528296 DTXSID60434766 DTXSID80323562
DTXSID00566171	DTXSID70741539 DTXSID40757309 DTXSID60340974 DTXSID40630906 DTXSID30280974 DTXSID80279919 DTXSID10495721 DTXSID00559149 DTXSID10561854 DTXSID50395110 DTXSID00365924 DTXSID20368295 DTXSID10471666 DTXSID00411738 DTXSID70315971 DTXSID20406141 DTXSID80823330 DTXSID30750945 DTXSID70211469 DTXSID10661161
DTXSID1063512	DTXSID40442061 DTXSID10546803 DTXSID70165099 DTXSID60285093 DTXSID70448359 DTXSID0051318 DTXSID00509104 DTXSID40453379 DTXSID10405921 DTXSID10366361 DTXSID50281206 DTXSID40566478 DTXSID70202817 DTXSID60742575 DTXSID50321555 DTXSID60486225 DTXSID10439589 DTXSID20183980 DTXSID50520026 DTXSID50399335
DTXSID70531255	DTXSID80160737 DTXSID50203120 DTXSID20698403 DTXSID70540524 DTXSID30556525 DTXSID80633774 DTXSID20180393 DTXSID90344248 DTXSID10705918 DTXSID40223857 DTXSID10475826 DTXSID60545649 DTXSID40283895 DTXSID20222484 DTXSID70884819 DTXSID50575672 DTXSID10241220 DTXSID10527511 DTXSID30182181 DTXSID00345867
DTXSID20163247	DTXSID70655208 DTXSID10538581 DTXSID40452180 DTXSID40539147 DTXSID80742315 DTXSID50610633 DTXSID80851830 DTXSID20333766 DTXSID30528383 DTXSID00463292 DTXSID80444665 DTXSID50833486 DTXSID30303990 DTXSID80896685 DTXSID80675952 DTXSID40477959 DTXSID40725124 DTXSID10466491 DTXSID20447155 DTXSID80875894
DTXSID20559469	DTXSID60327023 DTXSID90163234 DTXSID80468664 DTXSID10830875 DTXSID10354788 DTXSID90731356 DTXSID70891588 DTXSID60714878 DTXSID40809650 DTXSID1041764 DTXSID80879473 DTXSID20802265 DTXSID70318765 DTXSID20793821 DTXSID50352288 DTXSID10148321 DTXSID40737303 DTXSID80326235 DTXSID6070435 DTXSID80291373
DTXSID70816731	DTXSID60864504 DTXSID80836521 DTXSID40341646 DTXSID60552474 DTXSID40714614 DTXSID80414949 DTXSID40718177 DTXSID70773512 DTXSID00789267 DTXSID30342228 DTXSID80341685 DTXSID30816732 DTXSID50712085 DTXSID10511839 DTXSID10710087 DTXSID80340739 DTXSID80526894 DTXSID20295330 DTXSID10784248 DTXSID60340757
DTXSID00721061	DTXSID10472875 DTXSID90379459 DTXSID80297436 DTXSID70693443 DTXSID20559702 DTXSID70337219 DTXSID30876114 DTXSID00472203 DTXSID10700589 DTXSID80378714 DTXSID30876518 DTXSID50841824 DTXSID70473525 DTXSID20185540 DTXSID80238243 DTXSID90680572 DTXSID30344606 DTXSID00656147 DTXSID30483029 DTXSID30178928
DTXSID70810077	DTXSID10218755 DTXSID50218754 DTXSID40775765 DTXSID90675221 DTXSID20640624 DTXSID10700589 DTXSID40243454 DTXSID70660978 DTXSID60646943 DTXSID10602135 DTXSID70845187 DTXSID70337219 DTXSID10478690 DTXSID50805002 DTXSID60527804 DTXSID50810676 DTXSID70548767 DTXSID00541347 DTXSID80649850 DTXSID80308516
DTXSID1068437	DTXSID70883569 DTXSID10399275 DTXSID30517191 DTXSID20674247 DTXSID30787579 DTXSID40490704 DTXSID10805644 DTXSID70505077 DTXSID80585729 DTXSID00446909 DTXSID40288087 DTXSID60395601 DTXSID40775720 DTXSID00375386 DTXSID20383463 DTXSID80563921 DTXSID30600895 DTXSID00818920 DTXSID80436883 DTXSID60319948
DTXSID70491880	DTXSID10561894 DTXSID20162654 DTXSID50543058 DTXSID60735008 DTXSID40831916 DTXSID50556547 DTXSID00831917 DTXSID50153696 DTXSID60204269 DTXSID40489330 DTXSID90349172 DTXSID90598663 DTXSID00744412 DTXSID10607802 DTXSID20356910 DTXSID40764472 DTXSID80407255 DTXSID20572976 DTXSID20876269 DTXSID50651021
DTXSID70471682	DTXSID90596508 DTXSID20886101 DTXSID70602333 DTXSID20833716 DTXSID60621912 DTXSID80810068 DTXSID90505372 DTXSID60415636 DTXSID30583038 DTXSID0058514 DTXSID60616843 DTXSID10832697 DTXSID30413629 DTXSID10351257 DTXSID40328396 DTXSID30583371 DTXSID40679875 DTXSID60312176 DTXSID30350843 DTXSID50619383
DTXSID50462639	DTXSID10185514 DTXSID70858070 DTXSID20615493 DTXSID40886941 DTXSID40398079 DTXSID10448414 DTXSID80517949 DTXSID90213687 DTXSID30336703 DTXSID10784723 DTXSID60743481 DTXSID10568641 DTXSID10842978 DTXSID00441171 DTXSID80786658 DTXSID90336082 DTXSID70342626 DTXSID50590385 DTXSID20651114 DTXSID40781200
DTXSID80492984	DTXSID60897135 DTXSID40716512 DTXSID40877455 DTXSID20797748 DTXSID40770336 DTXSID40645631 DTXSID10236696 DTXSID40161003 DTXSID70821062 DTXSID50290696 DTXSID30651867 DTXSID70165938 DTXSID60842746 DTXSID70408539 DTXSID80211571 DTXSID00451851 DTXSID80290306 DTXSID70176266 DTXSID40590071 DTXSID10581315
DTXSID00697494	DTXSID50401306 DTXSID10228319 DTXSID50488652 DTXSID00151203 DTXSID10818850 DTXSID90294375 DTXSID90573157 DTXSID30476911 DTXSID80478263 DTXSID70827923 DTXSID40602800 DTXSID50523178 DTXSID30662877 DTXSID40640585 DTXSID70303818 DTXSID60842948 DTXSID10329471 DTXSID10394967 DTXSID30551237 DTXSID30805207
DTXSID20346755	DTXSID40481576 DTXSID90734084 DTXSID50580983 DTXSID80212043 DTXSID70567352 DTXSID60762319 DTXSID80892809 DTXSID40296046 DTXSID80671813 DTXSID90567930 DTXSID20145200 DTXSID00483778 DTXSID20365502 DTXSID10502308 DTXSID80209251 DTXSID70201941 DTXSID20673533 DTXSID40595309 DTXSID30398023 DTXSID90824055
DTXSID10343531	DTXSID00568892 DTXSID20359360 DTXSID10706283 DTXSID40531863 DTXSID20285670 DTXSID70808676 DTXSID80406844 DTXSID70197512 DTXSID40614266 DTXSID70324861 DTXSID60597325 DTXSID90570287 DTXSID40309701 DTXSID90553131 DTXSID40243434 DTXSID90143531 DTXSID60462105 DTXSID60608662 DTXSID50160981 DTXSID90634530
DTXSID20346750	DTXSID10771451 DTXSID90755850 DTXSID10784248 DTXSID90599953 DTXSID80853814 DTXSID70822857 DTXSID30393871 DTXSID50796865 DTXSID50804111 DTXSID40336794 DTXSID10339095 DTXSID90887963 DTXSID5070602 DTXSID60515882 DTXSID60826960 DTXSID40887796 DTXSID30191576 DTXSID40341646 DTXSID20295330 DTXSID70785392
DTXSID30782408	DTXSID30800590 DTXSID40494464 DTXSID70786945 DTXSID10655964 DTXSID70826875 DTXSID00334771 DTXSID30813064 DTXSID90520888 DTXSID00523148 DTXSID80492267 DTXSID20765967 DTXSID80204468 DTXSID10738281 DTXSID10577213 DTXSID70639043 DTXSID4052051 DTXSID90562960 DTXSID30799591 DTXSID10771512 DTXSID10592128
DTXSID20604968	DTXSID30546800 DTXSID20364510 DTXSID40812861 DTXSID40756736 DTXSID10359430 DTXSID30490970 DTXSID90152880 DTXSID20676827 DTXSID60879719 DTXSID70659443 DTXSID00326196 DTXSID60729402 DTXSID30525099 DTXSID40494722 DTXSID30303394 DTXSID10810733 DTXSID40555903 DTXSID30642230 DTXSID30856476 DTXSID80178751
DTXSID30733071	DTXSID70466078 DTXSID10584427 DTXSID50340165 DTXSID70664895 DTXSID50767873 DTXSID00588454 DTXSID80470161 DTXSID80876523 DTXSID40504491 DTXSID70724044 DTXSID90519474 DTXSID00489119 DTXSID20740911 DTXSID20290961 DTXSID40591346 DTXSID50600953 DTXSID10803882 DTXSID30770906 DTXSID90738966 DTXSID50221364
DTXSID70424335	DTXSID20364156 DTXSID50425981 DTXSID90668739 DTXSID00645617 DTXSID30234336 DTXSID40645570 DTXSID20656245 DTXSID40380191 DTXSID20323405 DTXSID70737457 DTXSID40693273 DTXSID70213504 DTXSID70383670 DTXSID80230045 DTXSID20216883 DTXSID40741081 DTXSID90227249 DTXSID90439542 DTXSID40622548 DTXSID40180118
DTXSID50220892	DTXSID30468391 DTXSID60626947 DTXSID40621910 DTXSID10403669 DTXSID20503104 DTXSID80431818 DTXSID70445949 DTXSID80661133 DTXSID30375137 DTXSID70509853 DTXSID50825200 DTXSID90591699 DTXSID00220882 DTXSID80281698 DTXSID20800029 DTXSID10519178 DTXSID00711265 DTXSID40618926 DTXSID70675103 DTXSID10592880
DTXSID30830751	DTXSID1047071 DTXSID00404887 DTXSID30378209 DTXSID00374031 DTXSID10398581 DTXSID60535000 DTXSID00377461 DTXSID40345927 DTXSID90836456 DTXSID10523215 DTXSID70188187 DTXSID5073666 DTXSID40571527 DTXSID80472847 DTXSID80336298 DTXSID40697039 DTXSID10283726 DTXSID70212375 DTXSID90542803 DTXSID60620389
DTXSID60465656	DTXSID20880987 DTXSID60827432 DTXSID50836972 DTXSID40319789 DTXSID90436112 DTXSID10814352 DTXSID20894140 DTXSID60801696 DTXSID00881331 DTXSID50838375 DTXSID90697584 DTXSID70851288 DTXSID40896005 DTXSID90787090 DTXSID50301019 DTXSID20333044 DTXSID30198141 DTXSID70329513 DTXSID20162997 DTXSID70201486
DTXSID80613339	DTXSID20455750 DTXSID40183664 DTXSID20513824 DTXSID20552238 DTXSID10206172 DTXSID30573292 DTXSID60229255 DTXSID50507099 DTXSID00531485 DTXSID10530126 DTXSID70177915 DTXSID70516729 DTXSID10577576 DTXSID70328364 DTXSID20716575 DTXSID40721469 DTXSID50287864 DTXSID20408963 DTXSID70879422 DTXSID10765572
DTXSID80696420	DTXSID30782327 DTXSID90642514 DTXSID40640606 DTXSID60343788 DTXSID30628054 DTXSID70503573 DTXSID20492625 DTXSID50561439 DTXSID70733212 DTXSID90191875 DTXSID00338097 DTXSID80392859 DTXSID20728537 DTXSID70551236 DTXSID50221364 DTXSID60337061 DTXSID50600953 DTXSID40667575 DTXSID70291822 DTXSID5059296
DTXSID10647905	DTXSID90341893 DTXSID40558595 DTXSID50679866 DTXSID80624889 DTXSID80804386 DTXSID70212678 DTXSID80640241 DTXSID90344743 DTXSID30406096 DTXSID90364027 DTXSID10439569 DTXSID30639766 DTXSID90720280 DTXSID30781931 DTXSID60510918 DTXSID80841231 DTXSID20754952 DTXSID80442020 DTXSID70578802 DTXSID50467164
DTXSID80801219	DTXSID60655318 DTXSID90373674 DTXSID80699496 DTXSID60405698 DTXSID10724003 DTXSID90827602 DTXSID70526808 DTXSID30464712 DTXSID30609984 DTXSID50323675 DTXSID50535817 DTXSID20738530 DTXSID90602810 DTXSID60734071 DTXSID50630270 DTXSID90591699 DTXSID70738949 DTXSID90633644 DTXSID00520839 DTXSID30787675
DTXSID10482131	DTXSID30628892 DTXSID40408041 DTXSID80191703 DTXSID20180252 DTXSID30178327 DTXSID00461157 DTXSID80627991 DTXSID00651511 DTXSID50608176 DTXSID20610786 DTXSID70711898 DTXSID90365938 DTXSID30453025 DTXSID20661910 DTXSID90625201 DTXSID20371406 DTXSID70749176 DTXSID60427936 DTXSID80175922 DTXSID30651887
DTXSID80884461	DTXSID5061085 DTXSID80234563 DTXSID00404029 DTXSID00764377 DTXSID10279164 DTXSID20776896 DTXSID8061212 DTXSID40157103 DTXSID10852012 DTXSID10736287 DTXSID40869951 DTXSID70724408 DTXSID90152264 DTXSID40243015 DTXSID60749867 DTXSID60810940 DTXSID10388942 DTXSID60798678 DTXSID20432905 DTXSID80844909
DTXSID50659704	DTXSID90350602 DTXSID50505535 DTXSID20435577 DTXSID80600426 DTXSID90232919 DTXSID90768203 DTXSID70631249 DTXSID20191247 DTXSID00332196 DTXSID00552711 DTXSID80308495 DTXSID70313634 DTXSID70649208 DTXSID40459179 DTXSID40509345 DTXSID00168679 DTXSID50843540 DTXSID00210869 DTXSID20509762 DTXSID70428494
DTXSID40552573	DTXSID30618773 DTXSID80661557 DTXSID50713451 DTXSID80657213 DTXSID10459469 DTXSID10708141 DTXSID40430408 DTXSID60537100 DTXSID80588154 DTXSID70876097 DTXSID00755947 DTXSID10352183 DTXSID00503940 DTXSID20776795 DTXSID70191530 DTXSID10630059 DTXSID40420561 DTXSID30855843 DTXSID90530760 DTXSID20738797
DTXSID40834083	DTXSID60381564 DTXSID80694441 DTXSID60844886 DTXSID10804531 DTXSID60847019 DTXSID20173846 DTXSID10165937 DTXSID50844996 DTXSID90657047 DTXSID80765726 DTXSID80466281 DTXSID00876525 DTXSID10277564 DTXSID20364550 DTXSID40790731 DTXSID10667643 DTXSID60676942 DTXSID80336576 DTXSID50587654 DTXSID40642064
DTXSID90466833	DTXSID50361274 DTXSID90478239 DTXSID00565861 DTXSID90388102 DTXSID70314868 DTXSID40744315 DTXSID70594325 DTXSID90291925 DTXSID10705554 DTXSID60540119 DTXSID80760438 DTXSID60707962 DTXSID00342699 DTXSID40180239 DTXSID90313277 DTXSID90814719 DTXSID90474372 DTXSID00182759 DTXSID80582970 DTXSID80502870
DTXSID30466877	DTXSID40841656 DTXSID00755265 DTXSID40228625 DTXSID70366685 DTXSID90707511 DTXSID70487026 DTXSID60335284 DTXSID00373504 DTXSID40286048 DTXSID50542425 DTXSID40238805 DTXSID00284505 DTXSID40546452 DTXSID90877561 DTXSID80322656 DTXSID30571612 DTXSID90473840 DTXSID30551136 DTXSID40821998 DTXSID90281846
DTXSID10833987	DTXSID80646122 DTXSID5067500 DTXSID20819292 DTXSID20876805 DTXSID30322904 DTXSID60896542 DTXSID80633057 DTXSID30298938 DTXSID20697678 DTXSID20542891 DTXSID50896339 DTXSID80476729 DTXSID70542503 DTXSID50303917 DTXSID90508585 DTXSID1024752 DTXSID40341469 DTXSID60733827 DTXSID80785949 DTXSID40856624
DTXSID40824282	DTXSID80345264 DTXSID30583679 DTXSID70377711 DTXSID20895511 DTXSID30199118 DTXSID10560827 DTXSID50434311 DTXSID50571472 DTXSID20357220 DTXSID70277929 DTXSID80596936 DTXSID10609068 DTXSID90573197 DTXSID20797460 DTXSID70341755 DTXSID60179903 DTXSID70483129 DTXSID10238155 DTXSID80206947 DTXSID80464787
DTXSID40374030	DTXSID40168219 DTXSID50467346 DTXSID00371186 DTXSID40588493 DTXSID40450409 DTXSID30311595 DTXSID50667248 DTXSID50218416 DTXSID50598124 DTXSID90805440 DTXSID20439297 DTXSID80282226 DTXSID40773983 DTXSID50622857 DTXSID30176540 DTXSID50441787 DTXSID60823939 DTXSID90813020 DTXSID90313636 DTXSID50662359
DTXSID00211053	DTXSID30618536 DTXSID20223597 DTXSID30646551 DTXSID00307642 DTXSID60610700 DTXSID70650152 DTXSID00739141 DTXSID60307643 DTXSID60442068 DTXSID50283447 DTXSID00736695 DTXSID80428006 DTXSID80500114 DTXSID10427320 DTXSID10694595 DTXSID50535857 DTXSID10857380 DTXSID90847123 DTXSID40390270 DTXSID40677533
DTXSID20353681	DTXSID60829451 DTXSID40460886 DTXSID40357808 DTXSID10455784 DTXSID70424719 DTXSID10280755 DTXSID20406161 DTXSID90388561 DTXSID30725633 DTXSID40579149 DTXSID20581644 DTXSID50512103 DTXSID90649664 DTXSID70639144 DTXSID30342460 DTXSID8032675 DTXSID80288586 DTXSID60876965 DTXSID30651201 DTXSID50474550
DTXSID10298976	DTXSID60646347 DTXSID8060298 DTXSID70553659 DTXSID40671112 DTXSID00646629 DTXSID90162424 DTXSID40432169 DTXSID50701111 DTXSID70578549 DTXSID80573368 DTXSID70665448 DTXSID80482123 DTXSID30583295 DTXSID60383684 DTXSID80381501 DTXSID10508668 DTXSID50528168 DTXSID00382853 DTXSID80700192 DTXSID60427815
DTXSID40654925	DTXSID90281785 DTXSID00398893 DTXSID60444729 DTXSID00427450 DTXSID60621654 DTXSID70660978 DTXSID90584728 DTXSID20660908 DTXSID20525200 DTXSID10525991 DTXSID40829772 DTXSID20640624 DTXSID10217122 DTXSID80620169 DTXSID70548767 DTXSID60527804 DTXSID50805002 DTXSID60192657 DTXSID80649850 DTXSID50601243
DTXSID10296917	DTXSID80333909 DTXSID50512320 DTXSID40555726 DTXSID90842799 DTXSID80437496 DTXSID70566345 DTXSID10236494 DTXSID20342474 DTXSID80398735 DTXSID40204681 DTXSID30508463 DTXSID20231798 DTXSID90497925 DTXSID90399273 DTXSID10467160 DTXSID70342469 DTXSID90767918 DTXSID40390654 DTXSID8073637 DTXSID40640242
DTXSID70880417	DTXSID70880598 DTXSID70823546 DTXSID4070378 DTXSID00823534 DTXSID10782320 DTXSID40156575 DTXSID00454862 DTXSID30155996 DTXSID00832722 DTXSID20302371 DTXSID40823497 DTXSID40652547 DTXSID80436722 DTXSID40823492 DTXSID30851507 DTXSID00153661 DTXSID40333127 DTXSID30773912 DTXSID50783619 DTXSID80773083
DTXSID70237664	DTXSID80396852 DTXSID90284478 DTXSID20720470 DTXSID10389373 DTXSID20655571 DTXSID00841995 DTXSID00697257 DTXSID40152835 DTXSID30373673 DTXSID70342328 DTXSID20405250 DTXSID70368043 DTXSID70609605 DTXSID60557545 DTXSID80170790 DTXSID60476747 DTXSID30357635 DTXSID40673171 DTXSID10533314 DTXSID40436167
DTXSID20285832	DTXSID40855490 DTXSID40484941 DTXSID10348283 DTXSID60696701 DTXSID2027967 DTXSID5074472 DTXSID10796088 DTXSID40511600 DTXSID60173926 DTXSID20567448 DTXSID70866337 DTXSID50432918 DTXSID80852064 DTXSID90209025 DTXSID70764187 DTXSID1062546 DTXSID4052005 DTXSID20824306 DTXSID70303954 DTXSID70559575
DTXSID90152749	DTXSID00174816 DTXSID00700114 DTXSID60669213 DTXSID40454942 DTXSID00287793 DTXSID80549528 DTXSID20372397 DTXSID90540400 DTXSID50170540 DTXSID10607786 DTXSID00366416 DTXSID20356697 DTXSID90405863 DTXSID00676663 DTXSID40312593 DTXSID80570918 DTXSID60618160 DTXSID80760539 DTXSID60427855 DTXSID30631402
DTXSID70221826	DTXSID70524783 DTXSID90499161 DTXSID30540282 DTXSID90715717 DTXSID90554466 DTXSID40210161 DTXSID60744317 DTXSID90499641 DTXSID90447349 DTXSID70383473 DTXSID00604183 DTXSID60708712 DTXSID00184258 DTXSID20628588 DTXSID70828773 DTXSID00619277 DTXSID20379503 DTXSID4061254 DTXSID70592609 DTXSID00315606
DTXSID50313612	DTXSID60177267 DTXSID80407179 DTXSID30510223 DTXSID90653105 DTXSID00655514 DTXSID70626953 DTXSID20468406 DTXSID80598798 DTXSID90604692 DTXSID00219099 DTXSID00366178 DTXSID90604177 DTXSID30811328 DTXSID30822737 DTXSID00791224 DTXSID50734909 DTXSID20662927 DTXSID80847713 DTXSID20730675 DTXSID80855555
DTXSID80452745	DTXSID60493474 DTXSID40721469 DTXSID20716575 DTXSID10669208 DTXSID10577576 DTXSID30454996 DTXSID40577867 DTXSID80553706 DTXSID50395812 DTXSID60465696 DTXSID70177915 DTXSID20455750 DTXSID90557811 DTXSID10206172 DTXSID30301279 DTXSID50507099 DTXSID80613339 DTXSID60229255 DTXSID10530126 DTXSID40183664
DTXSID80790533	DTXSID50538186 DTXSID50217681 DTXSID70505355 DTXSID30164543 DTXSID2052360 DTXSID50605327 DTXSID50738063 DTXSID20474981 DTXSID90513917 DTXSID70579435 DTXSID20278103 DTXSID0052386 DTXSID00590557 DTXSID00876525 DTXSID20364550 DTXSID30620730 DTXSID70607161 DTXSID30642376 DTXSID50576684 DTXSID40642428
DTXSID90150922	DTXSID20618065 DTXSID80196273 DTXSID10379299 DTXSID50627988 DTXSID60291290 DTXSID70744343 DTXSID70152843 DTXSID20720415 DTXSID70456873 DTXSID90622311 DTXSID30356901 DTXSID70489489 DTXSID30207606 DTXSID80234861 DTXSID70657702 DTXSID40622548 DTXSID60651097 DTXSID40741081 DTXSID10888412 DTXSID40575409
DTXSID70165099	DTXSID40442061 DTXSID10366361 DTXSID40453379 DTXSID10546803 DTXSID1063512 DTXSID70448359 DTXSID0051318 DTXSID60486225 DTXSID60285093 DTXSID00509104 DTXSID50399335 DTXSID60742575 DTXSID70202817 DTXSID30150880 DTXSID10405921 DTXSID40566478 DTXSID50281206 DTXSID40343822 DTXSID20448329 DTXSID20183980
DTXSID90332584	DTXSID00725569 DTXSID40344319 DTXSID20680929 DTXSID90856710 DTXSID00618124 DTXSID3042180 DTXSID80541527 DTXSID40165465 DTXSID20676923 DTXSID50610734 DTXSID20545827 DTXSID20301864 DTXSID60632568 DTXSID10166661 DTXSID50850557 DTXSID10214297 DTXSID20652828 DTXSID50632779 DTXSID80694683 DTXSID20589443
DTXSID00670222	DTXSID70669229 DTXSID00668987 DTXSID80289396 DTXSID80855090 DTXSID80593521 DTXSID40845694 DTXSID50356468 DTXSID20640467 DTXSID20648620 DTXSID00389105 DTXSID50776243 DTXSID30444993 DTXSID70710927 DTXSID10356469 DTXSID10354268 DTXSID80299652 DTXSID40175741 DTXSID50352682 DTXSID10777554 DTXSID20403610
DTXSID10475068	DTXSID90618092 DTXSID50722189 DTXSID60214045 DTXSID20646505 DTXSID10646473 DTXSID80573166 DTXSID30782468 DTXSID20708778 DTXSID30363675 DTXSID80681992 DTXSID10365950 DTXSID10693482 DTXSID50745414 DTXSID10682417 DTXSID20457279 DTXSID50726783 DTXSID60734410 DTXSID00810742 DTXSID50369735 DTXSID80178953
DTXSID10659745	DTXSID50458315 DTXSID70444013 DTXSID20290527 DTXSID30392965 DTXSID90480155 DTXSID80640322 DTXSID00154719 DTXSID80856784 DTXSID50421640 DTXSID90805965 DTXSID00734893 DTXSID80339067 DTXSID60671553 DTXSID60876965 DTXSID50597576 DTXSID20579647 DTXSID50454695 DTXSID80241550 DTXSID20453519 DTXSID80480689
DTXSID00493059	DTXSID80369485 DTXSID40802181 DTXSID00514773 DTXSID3042269 DTXSID60693876 DTXSID00534259 DTXSID90760646 DTXSID10552787 DTXSID2061563 DTXSID00199488 DTXSID80661118 DTXSID70525891 DTXSID10837920 DTXSID20656442 DTXSID50832292 DTXSID10347554 DTXSID50788144 DTXSID60831579 DTXSID90695126 DTXSID50306701
DTXSID00489119	DTXSID40591346 DTXSID40885595 DTXSID20740911 DTXSID30770906 DTXSID00501709 DTXSID10803882 DTXSID70667260 DTXSID00588454 DTXSID90519474 DTXSID90741551 DTXSID80470161 DTXSID50277740 DTXSID30733071 DTXSID00408825 DTXSID70606674 DTXSID10493989 DTXSID80618687 DTXSID70724044 DTXSID50278717 DTXSID50767873
DTXSID60283352	DTXSID80324913 DTXSID80375086 DTXSID20360335 DTXSID20162351 DTXSID50483768 DTXSID70598666 DTXSID50632259 DTXSID90331931 DTXSID5073115 DTXSID90507811 DTXSID50302824 DTXSID80591547 DTXSID40156813 DTXSID70600399 DTXSID10808695 DTXSID10679943 DTXSID60524732 DTXSID60345565 DTXSID90401300 DTXSID40425995
DTXSID10653460	DTXSID10697122 DTXSID50593376 DTXSID90315231 DTXSID70663444 DTXSID60716933 DTXSID90174022 DTXSID90198723 DTXSID40831017 DTXSID80730651 DTXSID40729122 DTXSID70788823 DTXSID90743297 DTXSID20324255 DTXSID80601892 DTXSID20895733 DTXSID00726157 DTXSID10307178 DTXSID50238654 DTXSID50352561 DTXSID80351683
DTXSID60395247	DTXSID00210869 DTXSID40462022 DTXSID90738764 DTXSID70214298 DTXSID70313634 DTXSID20789128 DTXSID70529677 DTXSID60640704 DTXSID40509345 DTXSID10472193 DTXSID40655477 DTXSID20191247 DTXSID70649208 DTXSID00168679 DTXSID20509762 DTXSID20812728 DTXSID90768203 DTXSID70428494 DTXSID90350602 DTXSID10568964
DTXSID50506067	DTXSID80239336 DTXSID10707634 DTXSID50383239 DTXSID40671632 DTXSID30571612 DTXSID60335284 DTXSID9022237 DTXSID10239804 DTXSID40228625 DTXSID00755265 DTXSID40841656 DTXSID10588026 DTXSID20633798 DTXSID00373504 DTXSID60314594 DTXSID40181180 DTXSID40199265 DTXSID60533122 DTXSID70487026 DTXSID80469499
DTXSID30509975	DTXSID40518199 DTXSID10702407 DTXSID30310427 DTXSID70879689 DTXSID00836164 DTXSID50672276 DTXSID60285497 DTXSID00383284 DTXSID60736257 DTXSID10307178 DTXSID40511640 DTXSID20660963 DTXSID60591924 DTXSID90878937 DTXSID80468563 DTXSID20813492 DTXSID00472607 DTXSID20324255 DTXSID80601892 DTXSID60818360
DTXSID50597137	DTXSID00349547 DTXSID30375718 DTXSID50875846 DTXSID50369997 DTXSID80158139 DTXSID00635871 DTXSID70176185 DTXSID20318553 DTXSID50294013 DTXSID10815440 DTXSID70440979 DTXSID80556555 DTXSID60327644 DTXSID70172723 DTXSID50190425 DTXSID70554161 DTXSID00446065 DTXSID00289818 DTXSID50361299 DTXSID90468897
DTXSID50675348	DTXSID30218212 DTXSID80816742 DTXSID70822711 DTXSID90413625 DTXSID50320407 DTXSID90674855 DTXSID20630964 DTXSID70536543 DTXSID00638044 DTXSID50170787 DTXSID00275099 DTXSID90750981 DTXSID80633759 DTXSID60749342 DTXSID70822074 DTXSID10822073 DTXSID10587852 DTXSID10767637 DTXSID20604387 DTXSID10605045
DTXSID10236494	DTXSID40204681 DTXSID40555726 DTXSID50512320 DTXSID40640242 DTXSID70342469 DTXSID40159763 DTXSID80437496 DTXSID90557492 DTXSID90842799 DTXSID90545091 DTXSID00540491 DTXSID10467160 DTXSID90170084 DTXSID10296917 DTXSID90497925 DTXSID60528538 DTXSID50846995 DTXSID80333909 DTXSID30482754 DTXSID30627320
DTXSID10446950	DTXSID20589443 DTXSID20676923 DTXSID3042180 DTXSID30291383 DTXSID90473163 DTXSID20694627 DTXSID50850557 DTXSID00618124 DTXSID20346174 DTXSID70855387 DTXSID40452221 DTXSID90332584 DTXSID40625933 DTXSID70879341 DTXSID00725569 DTXSID90856710 DTXSID10399351 DTXSID80541527 DTXSID30571112 DTXSID70731571
DTXSID80170790	DTXSID40561387 DTXSID20405250 DTXSID70368043 DTXSID60557545 DTXSID30375511 DTXSID50725615 DTXSID70342328 DTXSID80396852 DTXSID60415535 DTXSID00841995 DTXSID40717226 DTXSID10533314 DTXSID00826525 DTXSID30202090 DTXSID10389373 DTXSID00703665 DTXSID80698888 DTXSID40806821 DTXSID90373013 DTXSID00659436
DTXSID20162351	DTXSID50483768 DTXSID80324913 DTXSID60283352 DTXSID5073115 DTXSID50876338 DTXSID90331931 DTXSID20817910 DTXSID20360335 DTXSID60345565 DTXSID10720308 DTXSID80475393 DTXSID00556597 DTXSID40156813 DTXSID90401300 DTXSID60315960 DTXSID80375086 DTXSID50742443 DTXSID70598666 DTXSID80710110 DTXSID60524732
DTXSID70513854	DTXSID20380033 DTXSID70734123 DTXSID30627507 DTXSID20336196 DTXSID30418073 DTXSID60640800 DTXSID40697812 DTXSID30635122 DTXSID00421433 DTXSID1066786 DTXSID0024397 DTXSID20445999 DTXSID90788825 DTXSID30460875 DTXSID40435251 DTXSID70826239 DTXSID40574457 DTXSID40829530 DTXSID30506823 DTXSID10170304
DTXSID60668665	DTXSID40427853 DTXSID50430015 DTXSID40540213 DTXSID20602808 DTXSID60441415 DTXSID70170840 DTXSID10645305 DTXSID80284285 DTXSID00427854 DTXSID60876682 DTXSID70472139 DTXSID90485307 DTXSID20876264 DTXSID80207252 DTXSID90493144 DTXSID90193935 DTXSID20504696 DTXSID40792871 DTXSID50663063 DTXSID20292960
DTXSID0047088	DTXSID80640842 DTXSID80352251 DTXSID10442876 DTXSID30468098 DTXSID80424169 DTXSID30886233 DTXSID20625113 DTXSID40180658 DTXSID30743135 DTXSID60823116 DTXSID70562423 DTXSID30434995 DTXSID70876870 DTXSID70156705 DTXSID00699594 DTXSID30514887 DTXSID80276584 DTXSID70773471 DTXSID70514886 DTXSID80678180
DTXSID60385961	DTXSID00696205 DTXSID70145831 DTXSID10767051 DTXSID10596368 DTXSID90743974 DTXSID40706150 DTXSID30760367 DTXSID00610163 DTXSID90443664 DTXSID70561754 DTXSID50374804 DTXSID30585375 DTXSID20499891 DTXSID70811428 DTXSID80700798 DTXSID30836834 DTXSID40642488 DTXSID50354621 DTXSID10363476 DTXSID30579375
DTXSID00681055	DTXSID30343679 DTXSID40661659 DTXSID80597943 DTXSID00377007 DTXSID20383685 DTXSID10308665 DTXSID20477518 DTXSID70382567 DTXSID20879058 DTXSID80436661 DTXSID50737516 DTXSID80475919 DTXSID30671904 DTXSID90722921 DTXSID70560101 DTXSID10379411 DTXSID90559693 DTXSID60561849 DTXSID90370966 DTXSID80733081
DTXSID40843478	DTXSID4022076 DTXSID60451498 DTXSID00502150 DTXSID90541598 DTXSID10633424 DTXSID10627181 DTXSID90177972 DTXSID40543047 DTXSID50440755 DTXSID50837207 DTXSID70449765 DTXSID00405738 DTXSID10198806 DTXSID60762692 DTXSID50637769 DTXSID80737746 DTXSID10510948 DTXSID00171365 DTXSID20762693 DTXSID20182615
DTXSID70851288	DTXSID90787090 DTXSID50838375 DTXSID70329513 DTXSID00153661 DTXSID80436722 DTXSID60801696 DTXSID20302371 DTXSID20894140 DTXSID40823492 DTXSID30773912 DTXSID00314351 DTXSID90241283 DTXSID30198141 DTXSID30826654 DTXSID20162997 DTXSID10814352 DTXSID40319789 DTXSID50836972 DTXSID90436112 DTXSID30647583
DTXSID40207955	DTXSID20281692 DTXSID70598186 DTXSID80889294 DTXSID00579983 DTXSID60818047 DTXSID30642376 DTXSID40619296 DTXSID30828774 DTXSID50705750 DTXSID80851436 DTXSID90385934 DTXSID90654910 DTXSID70376901 DTXSID30287165 DTXSID40823058 DTXSID90845982 DTXSID10189714 DTXSID50293203 DTXSID30164543 DTXSID10556700
DTXSID30716324	DTXSID60379527 DTXSID50208059 DTXSID50590749 DTXSID90497425 DTXSID30716364 DTXSID80499110 DTXSID90740544 DTXSID80351527 DTXSID3069982 DTXSID20154993 DTXSID40703664 DTXSID70239385 DTXSID80548516 DTXSID70397272 DTXSID20680742 DTXSID20611374 DTXSID40197327 DTXSID20597765 DTXSID70615761 DTXSID30588240
DTXSID9070612	DTXSID50805163 DTXSID90323992 DTXSID10326566 DTXSID90592080 DTXSID50144802 DTXSID60368274 DTXSID70349498 DTXSID60511748 DTXSID10801303 DTXSID80626000 DTXSID00500111 DTXSID00667394 DTXSID90440375 DTXSID00425996 DTXSID30818211 DTXSID2059275 DTXSID80765483 DTXSID50867463 DTXSID00660507 DTXSID10492816
DTXSID30528383	DTXSID50833486 DTXSID80742315 DTXSID80675952 DTXSID40725124 DTXSID80309280 DTXSID50610633 DTXSID10442477 DTXSID70655208 DTXSID80875894 DTXSID20163247 DTXSID00463292 DTXSID50760602 DTXSID10538581 DTXSID60390070 DTXSID20333766 DTXSID40452180 DTXSID90615844 DTXSID80851830 DTXSID80444665 DTXSID40539147
DTXSID30717058	DTXSID20155783 DTXSID80832225 DTXSID20306273 DTXSID00789368 DTXSID30535875 DTXSID90422898 DTXSID40630966 DTXSID20832224 DTXSID30809003 DTXSID20294181 DTXSID40468084 DTXSID00429333 DTXSID20316332 DTXSID50704445 DTXSID10294832 DTXSID70419145 DTXSID70896038 DTXSID00165648 DTXSID90722587 DTXSID00618321
DTXSID00348297	DTXSID80628382 DTXSID50354368 DTXSID70457502 DTXSID40628489 DTXSID00348838 DTXSID10383811 DTXSID00196871 DTXSID30180824 DTXSID60401190 DTXSID40463534 DTXSID70726528 DTXSID30519731 DTXSID50569415 DTXSID00547167 DTXSID10555854 DTXSID50609784 DTXSID40313489 DTXSID30359270 DTXSID00725807 DTXSID90333915
DTXSID80664260	DTXSID70320828 DTXSID50638155 DTXSID20876264 DTXSID70672475 DTXSID40792871 DTXSID00490846 DTXSID90493144 DTXSID20542811 DTXSID50310126 DTXSID80514418 DTXSID80320612 DTXSID70736561 DTXSID00427854 DTXSID70607621 DTXSID30645342 DTXSID50186702 DTXSID40279359 DTXSID90485307 DTXSID80451430 DTXSID10219323
DTXSID40471876	DTXSID30597130 DTXSID40715661 DTXSID60152170 DTXSID00163427 DTXSID10501255 DTXSID50555191 DTXSID80773083 DTXSID40417916 DTXSID50302465 DTXSID10856792 DTXSID90286270 DTXSID30795831 DTXSID00590274 DTXSID80850904 DTXSID40823513 DTXSID30825102 DTXSID00190516 DTXSID10276198 DTXSID30851507 DTXSID10218654
DTXSID70317233	DTXSID40760656 DTXSID10718306 DTXSID80633850 DTXSID70559595 DTXSID50840074 DTXSID90585659 DTXSID90708543 DTXSID60446566 DTXSID30677421 DTXSID70412616 DTXSID50739176 DTXSID10542067 DTXSID00145566 DTXSID00494167 DTXSID20222681 DTXSID20646944 DTXSID40883091 DTXSID70327438 DTXSID30874256 DTXSID90169897
DTXSID1068302	DTXSID40745084 DTXSID30738485 DTXSID50435964 DTXSID90399319 DTXSID80354371 DTXSID30742724 DTXSID20482723 DTXSID70476117 DTXSID90166301 DTXSID60766978 DTXSID60172570 DTXSID60451877 DTXSID20516815 DTXSID10556407 DTXSID00186792 DTXSID70304724 DTXSID00839978 DTXSID30550023 DTXSID70580985 DTXSID5021625
DTXSID20651114	DTXSID60743481 DTXSID10784723 DTXSID70757352 DTXSID50590385 DTXSID90426730 DTXSID40212084 DTXSID40781200 DTXSID70612250 DTXSID40398079 DTXSID80431070 DTXSID10185514 DTXSID70676993 DTXSID60877336 DTXSID20839490 DTXSID20615493 DTXSID10658556 DTXSID20504116 DTXSID90570323 DTXSID3052220 DTXSID60640320
DTXSID10700589	DTXSID70337219 DTXSID90680572 DTXSID20559702 DTXSID80297436 DTXSID80744157 DTXSID00721061 DTXSID70810077 DTXSID60527804 DTXSID80308516 DTXSID90477242 DTXSID60757684 DTXSID70548767 DTXSID00472203 DTXSID90675221 DTXSID40243454 DTXSID50218754 DTXSID10484650 DTXSID30848472 DTXSID10472875 DTXSID20640624
DTXSID50538646	DTXSID10420715 DTXSID30662877 DTXSID10377134 DTXSID80478263 DTXSID00600983 DTXSID10818850 DTXSID60490347 DTXSID70353277 DTXSID30551237 DTXSID70789794 DTXSID10211569 DTXSID10896254 DTXSID50401306 DTXSID00566070 DTXSID60763987 DTXSID40640585 DTXSID70827923 DTXSID90896171 DTXSID10329471 DTXSID70303818
DTXSID40558595	DTXSID10647905 DTXSID30406096 DTXSID70212678 DTXSID90341893 DTXSID80640241 DTXSID90720280 DTXSID50679866 DTXSID80624889 DTXSID10176321 DTXSID10213689 DTXSID30639766 DTXSID80804386 DTXSID10801287 DTXSID60364059 DTXSID90344743 DTXSID30781931 DTXSID60510918 DTXSID80442020 DTXSID80542993 DTXSID70450932
DTXSID60343788	DTXSID20728537 DTXSID90642514 DTXSID50221364 DTXSID20492625 DTXSID3059268 DTXSID40640606 DTXSID30782327 DTXSID50600953 DTXSID60337061 DTXSID40667575 DTXSID70733212 DTXSID80696420 DTXSID90738966 DTXSID50561439 DTXSID5059296 DTXSID50520026 DTXSID30628054 DTXSID60849235 DTXSID00338097 DTXSID20290961
DTXSID10694595	DTXSID60383684 DTXSID30646571 DTXSID40390270 DTXSID50283447 DTXSID00307642 DTXSID70350302 DTXSID10427320 DTXSID70665448 DTXSID80428006 DTXSID60307643 DTXSID90594246 DTXSID40432169 DTXSID30646551 DTXSID00736695 DTXSID70578549 DTXSID60610700 DTXSID00211053 DTXSID30620215 DTXSID20436221 DTXSID00646629
DTXSID50724466	DTXSID80287832 DTXSID90705799 DTXSID2040280 DTXSID50668230 DTXSID80484561 DTXSID00223116 DTXSID10313532 DTXSID50696336 DTXSID2026602 DTXSID20502450 DTXSID00190899 DTXSID0046147 DTXSID00719160 DTXSID40847052 DTXSID00587583 DTXSID70765391 DTXSID60458866 DTXSID50555378 DTXSID90833162 DTXSID40209676
DTXSID60219237	DTXSID40285733 DTXSID00542970 DTXSID60513909 DTXSID80332674 DTXSID50568185 DTXSID20203379 DTXSID70507091 DTXSID70531336 DTXSID30340426 DTXSID60339080 DTXSID60599405 DTXSID20459137 DTXSID60183020 DTXSID50786221 DTXSID00340731 DTXSID70325893 DTXSID80615999 DTXSID70825323 DTXSID80771201 DTXSID20443455
DTXSID10642192	DTXSID30363079 DTXSID00623359 DTXSID60372553 DTXSID40482427 DTXSID60227615 DTXSID10560963 DTXSID90707556 DTXSID60665472 DTXSID00557044 DTXSID90379934 DTXSID40722214 DTXSID00657250 DTXSID90578703 DTXSID90454937 DTXSID80604328 DTXSID7046388 DTXSID70572300 DTXSID30854210 DTXSID90581772 DTXSID50853664
DTXSID70487647	DTXSID30428359 DTXSID20405593 DTXSID20430688 DTXSID10202078 DTXSID1046506 DTXSID10622999 DTXSID40615596 DTXSID80156493 DTXSID50512269 DTXSID50356327 DTXSID30521950 DTXSID00467412 DTXSID60879411 DTXSID50751474 DTXSID30227566 DTXSID10763412 DTXSID30153356 DTXSID60771643 DTXSID20622086 DTXSID50394522
DTXSID6048888	DTXSID60469452 DTXSID30867724 DTXSID30579431 DTXSID00752693 DTXSID50798187 DTXSID90797093 DTXSID10877629 DTXSID00767500 DTXSID70670234 DTXSID70800130 DTXSID90398428 DTXSID90750941 DTXSID10658374 DTXSID90806856 DTXSID60795809 DTXSID50709955 DTXSID30174849 DTXSID20370398 DTXSID30155633 DTXSID00828564
DTXSID70666273	DTXSID10392968 DTXSID20759705 DTXSID50285360 DTXSID50341793 DTXSID60533889 DTXSID50195879 DTXSID90772002 DTXSID20528296 DTXSID30873582 DTXSID80509384 DTXSID80202505 DTXSID10797277 DTXSID60533288 DTXSID80522134 DTXSID30796606 DTXSID10696150 DTXSID10534447 DTXSID20633374 DTXSID40797886 DTXSID40433691
DTXSID00409610	DTXSID90406638 DTXSID90666871 DTXSID40532931 DTXSID80800126 DTXSID80629657 DTXSID40144790 DTXSID50816779 DTXSID50621542 DTXSID30341251 DTXSID90334321 DTXSID90602370 DTXSID80346155 DTXSID50196109 DTXSID90509850 DTXSID40289256 DTXSID80676767 DTXSID10508168 DTXSID70499967 DTXSID80774393 DTXSID60558310
DTXSID00742973	DTXSID60400325 DTXSID80428662 DTXSID60589644 DTXSID00739525 DTXSID20193125 DTXSID80323406 DTXSID60373803 DTXSID90767079 DTXSID90383692 DTXSID60631637 DTXSID10875943 DTXSID30628918 DTXSID50623344 DTXSID80787605 DTXSID20876507 DTXSID80538619 DTXSID30693106 DTXSID80196773 DTXSID20631638 DTXSID20626029
DTXSID40343786	DTXSID2037714 DTXSID00550772 DTXSID20478080 DTXSID90294037 DTXSID70789032 DTXSID90339518 DTXSID10567932 DTXSID60510918 DTXSID70285706 DTXSID80615616 DTXSID30394525 DTXSID80340113 DTXSID30639766 DTXSID20342651 DTXSID00635816 DTXSID60202720 DTXSID90720280 DTXSID80442020 DTXSID4052051 DTXSID10334005
DTXSID00789368	DTXSID30535875 DTXSID70419145 DTXSID30667342 DTXSID40630966 DTXSID30717058 DTXSID20306273 DTXSID20155783 DTXSID70459804 DTXSID90846131 DTXSID20294181 DTXSID80431853 DTXSID60299079 DTXSID80832225 DTXSID90422898 DTXSID30739694 DTXSID50704445 DTXSID70886212 DTXSID80561462 DTXSID20832224 DTXSID10394881
DTXSID20776098	DTXSID40195489 DTXSID60232421 DTXSID40851134 DTXSID30794804 DTXSID20476203 DTXSID8022169 DTXSID40551526 DTXSID30405908 DTXSID10518868 DTXSID90711198 DTXSID70886030 DTXSID60600126 DTXSID10525310 DTXSID50220236 DTXSID9044164 DTXSID90527776 DTXSID20381262 DTXSID30201402 DTXSID5061245 DTXSID0044153
DTXSID00314654	DTXSID10142980 DTXSID70238095 DTXSID10292499 DTXSID40405636 DTXSID30423703 DTXSID30659560 DTXSID60429096 DTXSID80724015 DTXSID50292099 DTXSID90611508 DTXSID10395035 DTXSID60435793 DTXSID60556013 DTXSID70397272 DTXSID90598183 DTXSID60700392 DTXSID00311522 DTXSID50303811 DTXSID10805306 DTXSID40349804
DTXSID20315027	DTXSID10212475 DTXSID90394783 DTXSID40195484 DTXSID60744251 DTXSID70751153 DTXSID00673753 DTXSID80763666 DTXSID50704849 DTXSID40338899 DTXSID90242250 DTXSID20587585 DTXSID20808909 DTXSID10856030 DTXSID90534566 DTXSID60391663 DTXSID00707800 DTXSID90535912 DTXSID90164640 DTXSID00508677 DTXSID30844994
DTXSID30435624	DTXSID90283648 DTXSID00237177 DTXSID10708949 DTXSID90440052 DTXSID60651097 DTXSID10647703 DTXSID60381185 DTXSID70876072 DTXSID80310179 DTXSID90819865 DTXSID50290813 DTXSID30369516 DTXSID20602343 DTXSID50632411 DTXSID90622311 DTXSID70288813 DTXSID20600723 DTXSID70152843 DTXSID60206102 DTXSID40171566
DTXSID40349804	DTXSID10805306 DTXSID00311522 DTXSID10292499 DTXSID50292099 DTXSID30423703 DTXSID10659285 DTXSID60435793 DTXSID30659560 DTXSID80724015 DTXSID20190891 DTXSID60897039 DTXSID00314654 DTXSID10395035 DTXSID00309808 DTXSID40405636 DTXSID90666452 DTXSID60556013 DTXSID10385012 DTXSID70238095 DTXSID50303811
DTXSID30757772	DTXSID30587935 DTXSID20318013 DTXSID40543441 DTXSID60150616 DTXSID20190770 DTXSID20653476 DTXSID80452144 DTXSID90543436 DTXSID40635496 DTXSID20481377 DTXSID70517771 DTXSID90526789 DTXSID30713515 DTXSID00706535 DTXSID7069071 DTXSID2060967 DTXSID80638027 DTXSID40408203 DTXSID00343449 DTXSID20449210
DTXSID10180923	DTXSID00559528 DTXSID30372484 DTXSID30288293 DTXSID50496494 DTXSID60489296 DTXSID90296834 DTXSID30198484 DTXSID00669237 DTXSID60757260 DTXSID20671716 DTXSID50727174 DTXSID20838140 DTXSID10713593 DTXSID90483020 DTXSID3057692 DTXSID50352682 DTXSID40795125 DTXSID80528671 DTXSID70599118 DTXSID00305805
DTXSID70392328	DTXSID20875878 DTXSID90434618 DTXSID30321194 DTXSID70780645 DTXSID20564316 DTXSID70665004 DTXSID40214669 DTXSID90444156 DTXSID40657259 DTXSID70593353 DTXSID60305467 DTXSID70834910 DTXSID80712154 DTXSID50565290 DTXSID10634274 DTXSID60545866 DTXSID60284925 DTXSID10342286 DTXSID20754836 DTXSID40513644
DTXSID30734407	DTXSID80733763 DTXSID40646289 DTXSID80598016 DTXSID20545827 DTXSID70302644 DTXSID10238817 DTXSID20680929 DTXSID50515836 DTXSID70588229 DTXSID30480932 DTXSID90856710 DTXSID80565980 DTXSID40165465 DTXSID90515835 DTXSID30571112 DTXSID00725569 DTXSID10477784 DTXSID80694683 DTXSID20556857 DTXSID50726783
DTXSID30303192	DTXSID00745368 DTXSID70314969 DTXSID80478324 DTXSID20393587 DTXSID70855781 DTXSID70619608 DTXSID00508677 DTXSID60319089 DTXSID70732487 DTXSID10657206 DTXSID60700236 DTXSID30546628 DTXSID30620174 DTXSID40747503 DTXSID30847288 DTXSID90222719 DTXSID70554621 DTXSID80534131 DTXSID80447398 DTXSID50451407
DTXSID40386395	DTXSID90213687 DTXSID80786658 DTXSID60651118 DTXSID00441171 DTXSID10842978 DTXSID10698513 DTXSID80517949 DTXSID00781261 DTXSID10335956 DTXSID70858070 DTXSID10448414 DTXSID40826463 DTXSID70342626 DTXSID70282538 DTXSID30385655 DTXSID50462639 DTXSID80440703 DTXSID60570299 DTXSID50473503 DTXSID80364490
DTXSID6046264	DTXSID80384572 DTXSID50447744 DTXSID70280392 DTXSID90223180 DTXSID60642223 DTXSID70224791 DTXSID3048316 DTXSID70300165 DTXSID40484168 DTXSID40891611 DTXSID90310140 DTXSID60328237 DTXSID70393496 DTXSID30159237 DTXSID90602714 DTXSID70195316 DTXSID20345869 DTXSID30821164 DTXSID50564682 DTXSID90853663
DTXSID50350724	DTXSID00154815 DTXSID20799641 DTXSID80481954 DTXSID50659820 DTXSID80737281 DTXSID80397783 DTXSID70589332 DTXSID90892294 DTXSID40734716 DTXSID70395576 DTXSID20448384 DTXSID20316332 DTXSID90697367 DTXSID20603350 DTXSID10167355 DTXSID00359060 DTXSID20424946 DTXSID90344400 DTXSID20282922 DTXSID90317432
DTXSID90656353	DTXSID10590306 DTXSID60829754 DTXSID10296472 DTXSID10223061 DTXSID80367027 DTXSID30403500 DTXSID10452258 DTXSID50760081 DTXSID30203209 DTXSID20857659 DTXSID00229310 DTXSID3037543 DTXSID90535053 DTXSID10427188 DTXSID80346397 DTXSID30225941 DTXSID90504401 DTXSID10295283 DTXSID50397371 DTXSID20737386
DTXSID70876072	DTXSID50290813 DTXSID90819865 DTXSID40693273 DTXSID30234336 DTXSID70383670 DTXSID60651097 DTXSID90439542 DTXSID50632411 DTXSID4068533 DTXSID40751706 DTXSID90283648 DTXSID60381185 DTXSID30435624 DTXSID70618696 DTXSID20364156 DTXSID00237177 DTXSID60206102 DTXSID40645570 DTXSID10708949 DTXSID90668739
DTXSID00734893	DTXSID20290527 DTXSID00398671 DTXSID70390667 DTXSID80339067 DTXSID40388536 DTXSID20443399 DTXSID30392965 DTXSID00154719 DTXSID10659745 DTXSID70444013 DTXSID10617229 DTXSID50458315 DTXSID80699370 DTXSID40289039 DTXSID90480155 DTXSID10848359 DTXSID10364529 DTXSID00560977 DTXSID70514285 DTXSID30336703
DTXSID3042180	DTXSID20676923 DTXSID20589443 DTXSID10446950 DTXSID90332584 DTXSID00618124 DTXSID90856710 DTXSID00725569 DTXSID50850557 DTXSID90473163 DTXSID40625933 DTXSID30291383 DTXSID20680929 DTXSID20694627 DTXSID80541527 DTXSID30571112 DTXSID40344319 DTXSID40452221 DTXSID40165465 DTXSID50632779 DTXSID10166661
DTXSID20805392	DTXSID30318408 DTXSID60658283 DTXSID80320551 DTXSID40566796 DTXSID60805391 DTXSID40760656 DTXSID60446566 DTXSID80633850 DTXSID30874256 DTXSID00494167 DTXSID00751005 DTXSID70559595 DTXSID90585659 DTXSID70317233 DTXSID00890342 DTXSID90847724 DTXSID30677421 DTXSID10718306 DTXSID40585765 DTXSID20222681
DTXSID60700392	DTXSID50336265 DTXSID10764141 DTXSID50308568 DTXSID90598183 DTXSID30659560 DTXSID00722634 DTXSID50303811 DTXSID20190891 DTXSID50292099 DTXSID30727511 DTXSID10142980 DTXSID00314654 DTXSID60429096 DTXSID20881333 DTXSID60435793 DTXSID10292499 DTXSID70748205 DTXSID00311522 DTXSID00398232 DTXSID10371410
DTXSID00342699	DTXSID90388102 DTXSID80760438 DTXSID90478239 DTXSID10190906 DTXSID50361274 DTXSID70314868 DTXSID70787851 DTXSID20704078 DTXSID00565861 DTXSID30218555 DTXSID10739854 DTXSID80502870 DTXSID90466833 DTXSID80582970 DTXSID00646740 DTXSID90313277 DTXSID20284901 DTXSID40744315 DTXSID90291925 DTXSID60707962
DTXSID40734110	DTXSID90565613 DTXSID10766741 DTXSID10672217 DTXSID50234732 DTXSID10568929 DTXSID50210773 DTXSID60486664 DTXSID00307829 DTXSID60866760 DTXSID30502461 DTXSID80198656 DTXSID00658368 DTXSID60682265 DTXSID10765032 DTXSID00223116 DTXSID90321852 DTXSID20612381 DTXSID90284832 DTXSID3075335 DTXSID00720110
DTXSID40164599	DTXSID40756736 DTXSID10810733 DTXSID20364510 DTXSID40655977 DTXSID70659443 DTXSID30490970 DTXSID70787230 DTXSID80796772 DTXSID60879719 DTXSID30546800 DTXSID80463452 DTXSID60729402 DTXSID20590216 DTXSID20604968 DTXSID20619259 DTXSID20222787 DTXSID80466488 DTXSID80350737 DTXSID20478000 DTXSID00452045
DTXSID80332674	DTXSID30340426 DTXSID50786221 DTXSID00542970 DTXSID60219237 DTXSID20459137 DTXSID40285733 DTXSID20203379 DTXSID70507091 DTXSID70825323 DTXSID60183020 DTXSID60339080 DTXSID80615999 DTXSID50568185 DTXSID60513909 DTXSID70531336 DTXSID10468334 DTXSID20813437 DTXSID20636986 DTXSID60738433 DTXSID80531281
DTXSID50282854	DTXSID80611310 DTXSID80480689 DTXSID50650796 DTXSID00667490 DTXSID10515256 DTXSID30634231 DTXSID60375120 DTXSID50454695 DTXSID40720078 DTXSID70528403 DTXSID90316182 DTXSID20566476 DTXSID90805965 DTXSID30874251 DTXSID10221865 DTXSID20481190 DTXSID40625731 DTXSID00645879 DTXSID40397623 DTXSID80364490
DTXSID20673937	DTXSID40299936 DTXSID10364903 DTXSID10150984 DTXSID40214245 DTXSID90412517 DTXSID30237408 DTXSID70736667 DTXSID40585765 DTXSID50736766 DTXSID00890342 DTXSID60645335 DTXSID00751005 DTXSID00293152 DTXSID00620621 DTXSID90635143 DTXSID20837330 DTXSID60805391 DTXSID50160901 DTXSID20289310 DTXSID00494167
DTXSID20661056	DTXSID10505874 DTXSID70646651 DTXSID60357421 DTXSID20520119 DTXSID30849560 DTXSID80222783 DTXSID20299676 DTXSID10726325 DTXSID80183441 DTXSID70738949 DTXSID10519178 DTXSID40509007 DTXSID00513862 DTXSID50301953 DTXSID90602810 DTXSID00711265 DTXSID70199334 DTXSID30344888 DTXSID40648607 DTXSID90591699
DTXSID60146276	DTXSID80342814 DTXSID70651144 DTXSID10338109 DTXSID00394330 DTXSID20616925 DTXSID90547999 DTXSID00339443 DTXSID10201521 DTXSID40191426 DTXSID20876901 DTXSID60307320 DTXSID10655924 DTXSID30181371 DTXSID30389638 DTXSID20225894 DTXSID60355402 DTXSID90854731 DTXSID80537122 DTXSID00390094 DTXSID20891139
DTXSID50453587	DTXSID10402258 DTXSID4025903 DTXSID20610786 DTXSID90365938 DTXSID90559693 DTXSID00646886 DTXSID40615374 DTXSID90292093 DTXSID00701106 DTXSID00651511 DTXSID30178327 DTXSID20879053 DTXSID50608176 DTXSID20371406 DTXSID60498388 DTXSID00461157 DTXSID50206878 DTXSID40408041 DTXSID00279294 DTXSID30671904
DTXSID30646278	DTXSID20514699 DTXSID60404409 DTXSID20657131 DTXSID40605891 DTXSID40292366 DTXSID00430803 DTXSID30621202 DTXSID50739292 DTXSID90879303 DTXSID90381971 DTXSID80614503 DTXSID80703926 DTXSID00672261 DTXSID80729005 DTXSID00464143 DTXSID10462130 DTXSID80711086 DTXSID10695087 DTXSID40622947 DTXSID70142845
DTXSID50290212	DTXSID10676997 DTXSID40757268 DTXSID50425244 DTXSID90223180 DTXSID00735784 DTXSID70300165 DTXSID70349170 DTXSID90454396 DTXSID50447744 DTXSID50738205 DTXSID40891611 DTXSID10144424 DTXSID10641428 DTXSID90310140 DTXSID60290586 DTXSID70280392 DTXSID6046264 DTXSID70771053 DTXSID70645886 DTXSID40641294
DTXSID50753675	DTXSID50775251 DTXSID90404977 DTXSID20240441 DTXSID00543068 DTXSID10711458 DTXSID50708483 DTXSID50823948 DTXSID30793837 DTXSID90437669 DTXSID80708456 DTXSID00331427 DTXSID10712521 DTXSID50576301 DTXSID70775273 DTXSID30170922 DTXSID10805583 DTXSID60598519 DTXSID70236576 DTXSID20735842 DTXSID00597728
DTXSID30831501	DTXSID80356315 DTXSID20513687 DTXSID00416965 DTXSID20533380 DTXSID70791014 DTXSID10325736 DTXSID30752045 DTXSID30531150 DTXSID50495442 DTXSID50280032 DTXSID70438179 DTXSID20780913 DTXSID00731524 DTXSID20526212 DTXSID90594948 DTXSID90567430 DTXSID70232093 DTXSID50323438 DTXSID10172404 DTXSID80763949
DTXSID40574018	DTXSID60764858 DTXSID60785886 DTXSID30446093 DTXSID00770579 DTXSID60599405 DTXSID10456251 DTXSID40330590 DTXSID90283522 DTXSID00340731 DTXSID20557243 DTXSID90719593 DTXSID90755951 DTXSID00625252 DTXSID10838811 DTXSID60880764 DTXSID40455499 DTXSID80604368 DTXSID00794972 DTXSID50340226 DTXSID80169801
DTXSID00332196	DTXSID50843540 DTXSID70649208 DTXSID50616953 DTXSID20440303 DTXSID20509762 DTXSID40459179 DTXSID80308495 DTXSID90350602 DTXSID20812728 DTXSID20435577 DTXSID50505535 DTXSID90768203 DTXSID50374021 DTXSID10472193 DTXSID50659704 DTXSID40509345 DTXSID70403362 DTXSID70293240 DTXSID10597451 DTXSID40300394
DTXSID00763380	DTXSID10500324 DTXSID20341866 DTXSID00391541 DTXSID20431170 DTXSID90487604 DTXSID70460152 DTXSID90784241 DTXSID60184971 DTXSID10838811 DTXSID50457944 DTXSID80169801 DTXSID70569078 DTXSID10818299 DTXSID30302286 DTXSID50340226 DTXSID10404676 DTXSID40200784 DTXSID40492324 DTXSID90755951 DTXSID10456251
DTXSID20823753	DTXSID20747682 DTXSID20297238 DTXSID50768183 DTXSID20390738 DTXSID80535885 DTXSID50213486 DTXSID50186787 DTXSID10729917 DTXSID50488016 DTXSID30546042 DTXSID80356693 DTXSID20386156 DTXSID40694422 DTXSID60612825 DTXSID80534075 DTXSID30673827 DTXSID10306424 DTXSID80527407 DTXSID40741864 DTXSID30388585
DTXSID40645570	DTXSID50425981 DTXSID40741081 DTXSID40622548 DTXSID90668739 DTXSID20364156 DTXSID20656245 DTXSID70424335 DTXSID80230045 DTXSID80557643 DTXSID70657702 DTXSID30234336 DTXSID00645617 DTXSID90227249 DTXSID50808356 DTXSID70213504 DTXSID70152843 DTXSID70848471 DTXSID70737457 DTXSID70876072 DTXSID80196273
DTXSID30673064	DTXSID20500274 DTXSID30466650 DTXSID80593349 DTXSID00466667 DTXSID40747321 DTXSID90787550 DTXSID00594772 DTXSID00513983 DTXSID30789876 DTXSID10287587 DTXSID30428657 DTXSID00625858 DTXSID90383293 DTXSID9041445 DTXSID90577216 DTXSID30653301 DTXSID10340949 DTXSID90374045 DTXSID70651563 DTXSID60711948
DTXSID90529871	DTXSID20231591 DTXSID20435658 DTXSID30473081 DTXSID50428912 DTXSID60501402 DTXSID00464688 DTXSID90499202 DTXSID10491920 DTXSID90319355 DTXSID50637522 DTXSID50778606 DTXSID00872860 DTXSID00356771 DTXSID40694346 DTXSID80162392 DTXSID70574046 DTXSID30382886 DTXSID00484583 DTXSID60402203 DTXSID70797415
DTXSID80734038	DTXSID10443964 DTXSID10444416 DTXSID00799866 DTXSID00389746 DTXSID00217873 DTXSID80511583 DTXSID60734738 DTXSID20591980 DTXSID40774819 DTXSID90324449 DTXSID70502965 DTXSID30810715 DTXSID20310138 DTXSID10275540 DTXSID50421524 DTXSID30621282 DTXSID90739938 DTXSID70393496 DTXSID10628991 DTXSID50787672
DTXSID30415608	DTXSID80833590 DTXSID4057716 DTXSID3063966 DTXSID70283348 DTXSID50786261 DTXSID90762382 DTXSID7057658 DTXSID50275680 DTXSID90305298 DTXSID40766118 DTXSID60826127 DTXSID00725246 DTXSID20587585 DTXSID90577150 DTXSID70697481 DTXSID50240176 DTXSID70742102 DTXSID30796267 DTXSID00592273 DTXSID70582085
DTXSID20801632	DTXSID50718047 DTXSID80766536 DTXSID70477361 DTXSID1070856 DTXSID6066862 DTXSID70880614 DTXSID20837451 DTXSID50771354 DTXSID60615952 DTXSID90423986 DTXSID50404352 DTXSID80437850 DTXSID70399014 DTXSID60388215 DTXSID1040247 DTXSID40601636 DTXSID80275835 DTXSID30519534 DTXSID20806607 DTXSID20818129
DTXSID80345481	DTXSID90720684 DTXSID50828574 DTXSID60711589 DTXSID10829421 DTXSID80374337 DTXSID90177215 DTXSID60182518 DTXSID20370858 DTXSID7044764 DTXSID00239257 DTXSID40453516 DTXSID20596874 DTXSID70367112 DTXSID00506597 DTXSID80405872 DTXSID50642050 DTXSID10528048 DTXSID90702268 DTXSID70760740 DTXSID60378691
DTXSID10767839	DTXSID20544754 DTXSID30710786 DTXSID90759777 DTXSID30147033 DTXSID50767838 DTXSID80336930 DTXSID00181227 DTXSID50782980 DTXSID70450674 DTXSID10699585 DTXSID80761743 DTXSID80755203 DTXSID20181421 DTXSID20242945 DTXSID9060780 DTXSID10886074 DTXSID40195666 DTXSID60752952 DTXSID10648492 DTXSID10166560
DTXSID80548516	DTXSID70239385 DTXSID10727852 DTXSID60221092 DTXSID80351527 DTXSID60379527 DTXSID10392362 DTXSID20611374 DTXSID90497425 DTXSID40536090 DTXSID40703664 DTXSID00384039 DTXSID20640881 DTXSID50830854 DTXSID30716324 DTXSID70327150 DTXSID3069982 DTXSID00188933 DTXSID30896150 DTXSID20154993 DTXSID50208059
DTXSID10609124	DTXSID70743659 DTXSID50734328 DTXSID60646322 DTXSID90396969 DTXSID90670291 DTXSID80646384 DTXSID10301237 DTXSID40650583 DTXSID10734940 DTXSID00468540 DTXSID80580734 DTXSID00409377 DTXSID40195106 DTXSID70810991 DTXSID40827091 DTXSID20627854 DTXSID10511314 DTXSID90178803 DTXSID20705520 DTXSID60646307
DTXSID60786151	DTXSID60836468 DTXSID30849888 DTXSID30757297 DTXSID40786316 DTXSID70642456 DTXSID00697813 DTXSID80577280 DTXSID30632272 DTXSID70835922 DTXSID70529475 DTXSID20384071 DTXSID70379053 DTXSID30818574 DTXSID90468857 DTXSID20547043 DTXSID30201705 DTXSID80795366 DTXSID50559694 DTXSID10628991 DTXSID30313034
DTXSID10510680	DTXSID10592481 DTXSID10696317 DTXSID00673733 DTXSID9022100 DTXSID80175942 DTXSID70600798 DTXSID40467294 DTXSID00663275 DTXSID70294838 DTXSID80486404 DTXSID40351780 DTXSID20327483 DTXSID30308384 DTXSID00175141 DTXSID50439841 DTXSID80640529 DTXSID70739870 DTXSID40588251 DTXSID10680650 DTXSID60172398
DTXSID20817016	DTXSID20633955 DTXSID70621620 DTXSID00721127 DTXSID60551149 DTXSID10363835 DTXSID20696449 DTXSID90175716 DTXSID50695324 DTXSID70190700 DTXSID70315976 DTXSID40463312 DTXSID80722112 DTXSID80744470 DTXSID40573142 DTXSID30671762 DTXSID70357679 DTXSID20351228 DTXSID70594608 DTXSID10380986 DTXSID70629489
DTXSID90759515	DTXSID4047541 DTXSID20627495 DTXSID10443666 DTXSID90707415 DTXSID50562800 DTXSID00652780 DTXSID90291501 DTXSID70849923 DTXSID10214196 DTXSID50343292 DTXSID00202365 DTXSID00171840 DTXSID00445639 DTXSID90339295 DTXSID50425022 DTXSID60447573 DTXSID70167255 DTXSID60697410 DTXSID70836550 DTXSID20200787
DTXSID90706463	DTXSID80853470 DTXSID90591033 DTXSID30821189 DTXSID8070417 DTXSID50724507 DTXSID80764310 DTXSID70274817 DTXSID70781576 DTXSID00853295 DTXSID00301524 DTXSID10720146 DTXSID80708279 DTXSID30763535 DTXSID30831682 DTXSID50774446 DTXSID40828008 DTXSID80657910 DTXSID00804166 DTXSID80891978 DTXSID30707813
DTXSID70886030	DTXSID30201402 DTXSID20476203 DTXSID00223994 DTXSID0044153 DTXSID40851134 DTXSID40379404 DTXSID20776098 DTXSID2052447 DTXSID40195489 DTXSID00550732 DTXSID30794804 DTXSID50220236 DTXSID90738906 DTXSID80783708 DTXSID8022169 DTXSID2022127 DTXSID60550733 DTXSID20518379 DTXSID90527776 DTXSID50729234
DTXSID00854560	DTXSID60320630 DTXSID10491980 DTXSID7023194 DTXSID50681040 DTXSID70668075 DTXSID00201055 DTXSID80349621 DTXSID90794320 DTXSID70283222 DTXSID90402498 DTXSID40790019 DTXSID90205587 DTXSID40357580 DTXSID20540610 DTXSID50760389 DTXSID80395860 DTXSID20307184 DTXSID00462982 DTXSID60707765 DTXSID40183785
DTXSID40309701	DTXSID90570287 DTXSID40243434 DTXSID20285670 DTXSID10706283 DTXSID00568892 DTXSID90553131 DTXSID10343531 DTXSID40243196 DTXSID60277534 DTXSID70819621 DTXSID70197512 DTXSID50160981 DTXSID00430025 DTXSID30590308 DTXSID60462105 DTXSID80406844 DTXSID20359360 DTXSID90804993 DTXSID40531863 DTXSID50390706
DTXSID90640611	DTXSID50487988 DTXSID90712105 DTXSID40571527 DTXSID60535000 DTXSID00825275 DTXSID70337855 DTXSID40345927 DTXSID50473568 DTXSID90753952 DTXSID80336298 DTXSID60739460 DTXSID10283726 DTXSID90542803 DTXSID20238166 DTXSID00377461 DTXSID30378209 DTXSID50856377 DTXSID80375586 DTXSID20677995 DTXSID40637874
DTXSID30857029	DTXSID50190364 DTXSID40719260 DTXSID20589302 DTXSID90674537 DTXSID90663466 DTXSID10399659 DTXSID00515240 DTXSID90291526 DTXSID10288170 DTXSID20542199 DTXSID80593541 DTXSID80676828 DTXSID80684347 DTXSID00488824 DTXSID60512533 DTXSID10609765 DTXSID80224782 DTXSID80506515 DTXSID80733122 DTXSID60388210
DTXSID40556793	DTXSID40163623 DTXSID20722459 DTXSID90783517 DTXSID90322162 DTXSID70336909 DTXSID70747839 DTXSID10288877 DTXSID30584969 DTXSID10225444 DTXSID40751463 DTXSID90217423 DTXSID60747202 DTXSID80675912 DTXSID60159780 DTXSID80323547 DTXSID40875118 DTXSID00307723 DTXSID00234328 DTXSID00421579 DTXSID3061683
DTXSID30676515	DTXSID30661188 DTXSID80449256 DTXSID80296106 DTXSID20742591 DTXSID10316220 DTXSID40233512 DTXSID00372618 DTXSID90429206 DTXSID80597524 DTXSID80404426 DTXSID70802775 DTXSID60177348 DTXSID10367292 DTXSID00555646 DTXSID90344526 DTXSID70741615 DTXSID90585376 DTXSID50351094 DTXSID60819953 DTXSID30465800
DTXSID90516105	DTXSID10223829 DTXSID20616804 DTXSID30759337 DTXSID00431456 DTXSID60293931 DTXSID10618094 DTXSID50570960 DTXSID5020942 DTXSID10812313 DTXSID20465778 DTXSID80561866 DTXSID10672419 DTXSID80297118 DTXSID70662836 DTXSID30817062 DTXSID00447830 DTXSID80665479 DTXSID70186380 DTXSID50154325 DTXSID60172090
DTXSID20879533	DTXSID00371020 DTXSID00192393 DTXSID10461224 DTXSID80604429 DTXSID60808645 DTXSID10794125 DTXSID60532913 DTXSID90668592 DTXSID50683468 DTXSID70812839 DTXSID00569783 DTXSID20445712 DTXSID50225620 DTXSID20488386 DTXSID90676834 DTXSID50399774 DTXSID70733712 DTXSID00384771 DTXSID70885523 DTXSID60634123
DTXSID00750538	DTXSID80768398 DTXSID50730860 DTXSID40286023 DTXSID50759096 DTXSID90199836 DTXSID20179000 DTXSID4063870 DTXSID30532369 DTXSID00292524 DTXSID80634549 DTXSID20217653 DTXSID00200462 DTXSID70768084 DTXSID20800625 DTXSID60611979 DTXSID50533959 DTXSID70467883 DTXSID9041023 DTXSID00231493 DTXSID70785433
DTXSID20181421	DTXSID50782980 DTXSID60872285 DTXSID20755202 DTXSID50767838 DTXSID10699585 DTXSID20242945 DTXSID10824153 DTXSID60816366 DTXSID30710786 DTXSID80274202 DTXSID60775681 DTXSID10202674 DTXSID30429503 DTXSID10511157 DTXSID00752951 DTXSID30147033 DTXSID90759777 DTXSID90602057 DTXSID10767839 DTXSID20544754
DTXSID50306463	DTXSID10732825 DTXSID40694588 DTXSID70287543 DTXSID70805822 DTXSID50315419 DTXSID80190337 DTXSID20770410 DTXSID60707765 DTXSID80279131 DTXSID80729868 DTXSID80620088 DTXSID40183785 DTXSID80321321 DTXSID50412755 DTXSID60320630 DTXSID00462982 DTXSID30397672 DTXSID10471025 DTXSID50437069 DTXSID10503052
DTXSID30752702	DTXSID10667143 DTXSID50457308 DTXSID70873607 DTXSID00782258 DTXSID10515615 DTXSID40588519 DTXSID60804228 DTXSID20856506 DTXSID40145843 DTXSID10416330 DTXSID90774102 DTXSID90586161 DTXSID90456239 DTXSID40551263 DTXSID30734164 DTXSID80678180 DTXSID10876516 DTXSID90396883 DTXSID70514886 DTXSID90147751
DTXSID10482636	DTXSID90477409 DTXSID70877089 DTXSID70276634 DTXSID00225771 DTXSID60716493 DTXSID50174083 DTXSID00186636 DTXSID20509883 DTXSID90590243 DTXSID7073486 DTXSID70297602 DTXSID20722510 DTXSID30757070 DTXSID50728005 DTXSID50527777 DTXSID70241625 DTXSID00346738 DTXSID50709910 DTXSID00444344 DTXSID40462249
DTXSID80766172	DTXSID20431438 DTXSID00766437 DTXSID20663414 DTXSID80496402 DTXSID30686896 DTXSID10542860 DTXSID90688538 DTXSID60424460 DTXSID50398949 DTXSID50636555 DTXSID90592505 DTXSID80407659 DTXSID60588132 DTXSID20717067 DTXSID00407818 DTXSID30162665 DTXSID50778944 DTXSID60503325 DTXSID50354060 DTXSID1063435
DTXSID20191247	DTXSID30563335 DTXSID00151728 DTXSID00344214 DTXSID60395247 DTXSID30605128 DTXSID00552711 DTXSID50659704 DTXSID00210869 DTXSID20235433 DTXSID90350602 DTXSID80600426 DTXSID90510345 DTXSID70313634 DTXSID40462022 DTXSID40509345 DTXSID20789128 DTXSID20346371 DTXSID00168679 DTXSID70631249 DTXSID50505535
DTXSID00637274	DTXSID40781609 DTXSID50818238 DTXSID80806628 DTXSID40334755 DTXSID10591237 DTXSID60854566 DTXSID40795620 DTXSID90826973 DTXSID10579631 DTXSID60501967 DTXSID00227472 DTXSID80766713 DTXSID50309898 DTXSID20337941 DTXSID20793129 DTXSID10338028 DTXSID00402808 DTXSID40604041 DTXSID70840778 DTXSID40767246
DTXSID80625058	DTXSID20489156 DTXSID60209350 DTXSID50604471 DTXSID40298565 DTXSID50743096 DTXSID10641428 DTXSID30159237 DTXSID60704577 DTXSID30671565 DTXSID40855379 DTXSID30395714 DTXSID20787826 DTXSID60479238 DTXSID70529475 DTXSID50564682 DTXSID30632272 DTXSID90624976 DTXSID70393496 DTXSID00876505 DTXSID80577280
DTXSID80704312	DTXSID40279773 DTXSID10463324 DTXSID20707923 DTXSID9058155 DTXSID00323564 DTXSID20785226 DTXSID40456163 DTXSID90628893 DTXSID50879743 DTXSID80857236 DTXSID50375432 DTXSID60603455 DTXSID90439183 DTXSID00811431 DTXSID20572759 DTXSID90320648 DTXSID90343534 DTXSID10845207 DTXSID20636340 DTXSID00178112
DTXSID70177359	DTXSID60241194 DTXSID0072776 DTXSID70888296 DTXSID70762244 DTXSID50288992 DTXSID40707182 DTXSID20745486 DTXSID10826637 DTXSID70867364 DTXSID50767959 DTXSID70236576 DTXSID00887474 DTXSID10712521 DTXSID50289404 DTXSID50499107 DTXSID00841374 DTXSID60598519 DTXSID70793856 DTXSID00768219 DTXSID5051311
DTXSID70650576	DTXSID20372110 DTXSID60667299 DTXSID4040343 DTXSID10778026 DTXSID60734071 DTXSID90827602 DTXSID60405698 DTXSID70542583 DTXSID70840798 DTXSID10721916 DTXSID70372307 DTXSID30350580 DTXSID40165147 DTXSID50457580 DTXSID00520839 DTXSID70671842 DTXSID10590482 DTXSID70424198 DTXSID00729421 DTXSID50524963
DTXSID80241994	DTXSID00854782 DTXSID50378827 DTXSID90738901 DTXSID20701062 DTXSID90693561 DTXSID00504311 DTXSID30155633 DTXSID70800130 DTXSID30336223 DTXSID50709955 DTXSID60295137 DTXSID10843167 DTXSID00828564 DTXSID20336777 DTXSID20750954 DTXSID10744741 DTXSID30398346 DTXSID90806856 DTXSID00767500 DTXSID00527000
DTXSID10495741	DTXSID00743384 DTXSID30700546 DTXSID20201173 DTXSID20720475 DTXSID70667068 DTXSID60465696 DTXSID00346314 DTXSID30301279 DTXSID60315400 DTXSID80601110 DTXSID10669208 DTXSID90557811 DTXSID60493474 DTXSID80452745 DTXSID40721469 DTXSID80595505 DTXSID60405916 DTXSID20716575 DTXSID40549928 DTXSID60482060
DTXSID50846531	DTXSID20184139 DTXSID00197808 DTXSID30463806 DTXSID20229796 DTXSID10599056 DTXSID20423873 DTXSID20694900 DTXSID00725887 DTXSID80795720 DTXSID10682199 DTXSID80740472 DTXSID50701934 DTXSID10835749 DTXSID10305518 DTXSID70523594 DTXSID40808082 DTXSID70203864 DTXSID80479295 DTXSID70798725 DTXSID20488861
DTXSID40790731	DTXSID90418019 DTXSID20624161 DTXSID00809813 DTXSID80336576 DTXSID60844886 DTXSID90657047 DTXSID50844996 DTXSID50757779 DTXSID80466281 DTXSID30357014 DTXSID10804531 DTXSID40834083 DTXSID10667643 DTXSID60790435 DTXSID20173846 DTXSID60847019 DTXSID50845665 DTXSID40642064 DTXSID40700032 DTXSID60310778
DTXSID10604336	DTXSID00502857 DTXSID50534365 DTXSID20403610 DTXSID60489296 DTXSID60608324 DTXSID00389105 DTXSID20648620 DTXSID00559528 DTXSID80879731 DTXSID80289396 DTXSID80563507 DTXSID00429050 DTXSID50352682 DTXSID00669237 DTXSID10444037 DTXSID40560350 DTXSID80855090 DTXSID30288293 DTXSID70710927 DTXSID00201636
DTXSID80459037	DTXSID00850007 DTXSID90293828 DTXSID30441386 DTXSID20406242 DTXSID50438652 DTXSID50467164 DTXSID50609340 DTXSID60528538 DTXSID80827797 DTXSID20346871 DTXSID30482754 DTXSID90528945 DTXSID30148065 DTXSID90170084 DTXSID00712999 DTXSID60406004 DTXSID20641217 DTXSID30798923 DTXSID70591172 DTXSID20754952
DTXSID70282356	DTXSID30474098 DTXSID10601360 DTXSID00390236 DTXSID00196518 DTXSID50569319 DTXSID60354011 DTXSID80771766 DTXSID80801294 DTXSID00721268 DTXSID80851239 DTXSID00508096 DTXSID10607544 DTXSID60601471 DTXSID10292035 DTXSID80143040 DTXSID50304449 DTXSID40280980 DTXSID70545993 DTXSID40633972 DTXSID10722665
DTXSID30284199	DTXSID70653901 DTXSID80676848 DTXSID60383760 DTXSID3063417 DTXSID60593347 DTXSID00145980 DTXSID20522017 DTXSID10573876 DTXSID10299009 DTXSID90879368 DTXSID70879689 DTXSID40699437 DTXSID20187983 DTXSID60285497 DTXSID00291259 DTXSID50677448 DTXSID40623939 DTXSID70680272 DTXSID60145820 DTXSID10702407
DTXSID20242521	DTXSID0067503 DTXSID00829132 DTXSID00629477 DTXSID9072527 DTXSID60276143 DTXSID40563189 DTXSID40613991 DTXSID30188729 DTXSID10890999 DTXSID20197406 DTXSID10872659 DTXSID90763152 DTXSID80274202 DTXSID60242747 DTXSID60780199 DTXSID60816366 DTXSID30827146 DTXSID90823245 DTXSID90602057 DTXSID80559561
DTXSID7058048	DTXSID40543966 DTXSID00421630 DTXSID30718308 DTXSID00795722 DTXSID80214022 DTXSID30367673 DTXSID70327473 DTXSID00802263 DTXSID8058827 DTXSID90361339 DTXSID40585689 DTXSID80281698 DTXSID30274378 DTXSID30554965 DTXSID90709196 DTXSID40803118 DTXSID30879726 DTXSID30290316 DTXSID00453198 DTXSID30288591
DTXSID80169801	DTXSID10838811 DTXSID00391541 DTXSID90755951 DTXSID10456251 DTXSID20431170 DTXSID40492324 DTXSID20341866 DTXSID30446093 DTXSID00763380 DTXSID90487604 DTXSID60184971 DTXSID10500324 DTXSID50340226 DTXSID60785886 DTXSID50457944 DTXSID30737771 DTXSID60764858 DTXSID40330590 DTXSID70460152 DTXSID80771201
DTXSID00430464	DTXSID80561381 DTXSID90809004 DTXSID00663053 DTXSID60768295 DTXSID00323882 DTXSID90238799 DTXSID70594865 DTXSID40724415 DTXSID10345757 DTXSID10489948 DTXSID40365761 DTXSID30617640 DTXSID40846969 DTXSID00553187 DTXSID40378694 DTXSID70606538 DTXSID60586219 DTXSID50457540 DTXSID20479512 DTXSID80696829
DTXSID60709284	DTXSID90739716 DTXSID10494698 DTXSID90444015 DTXSID90355415 DTXSID80302291 DTXSID90452650 DTXSID40619211 DTXSID60400628 DTXSID70469226 DTXSID00576553 DTXSID10371773 DTXSID50576907 DTXSID50812953 DTXSID20698160 DTXSID30194007 DTXSID20312470 DTXSID20624964 DTXSID60784278 DTXSID10195335 DTXSID50592203
DTXSID40474524	DTXSID50421261 DTXSID60396471 DTXSID1058004 DTXSID70656250 DTXSID90201286 DTXSID50625101 DTXSID10630771 DTXSID8032675 DTXSID90649664 DTXSID40285339 DTXSID70382744 DTXSID10794382 DTXSID9048194 DTXSID80492621 DTXSID70424719 DTXSID20742031 DTXSID80196374 DTXSID10454318 DTXSID30489046 DTXSID80744117
DTXSID30593950	DTXSID90702203 DTXSID20500895 DTXSID80879711 DTXSID60587786 DTXSID50662930 DTXSID80696364 DTXSID40717029 DTXSID80176712 DTXSID10695340 DTXSID70361650 DTXSID60280841 DTXSID20598570 DTXSID20450083 DTXSID10680579 DTXSID00896344 DTXSID10743592 DTXSID6067549 DTXSID10534740 DTXSID10645249 DTXSID10568964
DTXSID20383281	DTXSID50523537 DTXSID20293179 DTXSID70484378 DTXSID90514803 DTXSID70578802 DTXSID70518021 DTXSID60524616 DTXSID90364027 DTXSID30813069 DTXSID30851865 DTXSID80841231 DTXSID70285706 DTXSID10567932 DTXSID50467164 DTXSID80424583 DTXSID80624889 DTXSID70605021 DTXSID60409252 DTXSID90294037 DTXSID80442020
DTXSID50399335	DTXSID60486225 DTXSID30150880 DTXSID20618883 DTXSID70700803 DTXSID10724700 DTXSID30438498 DTXSID40343822 DTXSID0051318 DTXSID3059268 DTXSID70165099 DTXSID40453379 DTXSID10366361 DTXSID00423917 DTXSID70499624 DTXSID90640535 DTXSID10585474 DTXSID40442061 DTXSID60742575 DTXSID70202817 DTXSID60849235
DTXSID70724408	DTXSID20432905 DTXSID90152264 DTXSID60659735 DTXSID00786099 DTXSID60658541 DTXSID00404029 DTXSID90560906 DTXSID60240440 DTXSID20604342 DTXSID00816986 DTXSID40815736 DTXSID40157103 DTXSID80234563 DTXSID50175070 DTXSID70799737 DTXSID80884461 DTXSID00339069 DTXSID60776815 DTXSID60715789 DTXSID5061085
DTXSID10182583	DTXSID70433149 DTXSID20723749 DTXSID90474150 DTXSID20462242 DTXSID10571610 DTXSID10720242 DTXSID20300817 DTXSID40883091 DTXSID10440756 DTXSID30181270 DTXSID70674474 DTXSID20654908 DTXSID90425687 DTXSID80724631 DTXSID70412616 DTXSID40423173 DTXSID50400233 DTXSID60729821 DTXSID1072260 DTXSID10542067
DTXSID00618164	DTXSID60460363 DTXSID50775332 DTXSID80893735 DTXSID40840361 DTXSID00281130 DTXSID00694029 DTXSID10239187 DTXSID3026564 DTXSID40886880 DTXSID30300722 DTXSID90469309 DTXSID20825196 DTXSID3067231 DTXSID3042003 DTXSID60300730 DTXSID10805583 DTXSID00710076 DTXSID30336900 DTXSID8070128 DTXSID90280773
DTXSID50888532	DTXSID10673926 DTXSID40674047 DTXSID20392636 DTXSID50653984 DTXSID20826289 DTXSID80783400 DTXSID30497308 DTXSID10241008 DTXSID70670451 DTXSID60796033 DTXSID00403214 DTXSID30560844 DTXSID10479400 DTXSID10795415 DTXSID10669723 DTXSID40187824 DTXSID60177085 DTXSID30520463 DTXSID70535950 DTXSID60522172
DTXSID7067401	DTXSID50165719 DTXSID70493445 DTXSID40390038 DTXSID30711637 DTXSID20832421 DTXSID80528696 DTXSID90543810 DTXSID60776895 DTXSID90313550 DTXSID70751774 DTXSID30342248 DTXSID00639591 DTXSID40503843 DTXSID10393859 DTXSID00236589 DTXSID40191628 DTXSID10794029 DTXSID00564713 DTXSID80673756 DTXSID60586193
DTXSID60661131	DTXSID40359589 DTXSID50408597 DTXSID60301085 DTXSID10473549 DTXSID00651975 DTXSID10754289 DTXSID70756441 DTXSID20285195 DTXSID20781243 DTXSID80748231 DTXSID10364125 DTXSID60533187 DTXSID80742936 DTXSID70409389 DTXSID10406892 DTXSID70566264 DTXSID90489385 DTXSID10512301 DTXSID30735378 DTXSID80480780
DTXSID60812328	DTXSID00552054 DTXSID10640895 DTXSID50234914 DTXSID80444347 DTXSID30828774 DTXSID80889294 DTXSID50563231 DTXSID30460633 DTXSID10661722 DTXSID10556700 DTXSID00468308 DTXSID50293203 DTXSID10311119 DTXSID90473582 DTXSID20657292 DTXSID40619296 DTXSID90509133 DTXSID3022168 DTXSID0035748 DTXSID40796495
DTXSID00409377	DTXSID10734940 DTXSID20627854 DTXSID90178803 DTXSID00646205 DTXSID00495710 DTXSID50515578 DTXSID90670291 DTXSID30236037 DTXSID70743659 DTXSID80646384 DTXSID10609124 DTXSID60646322 DTXSID40650583 DTXSID60646307 DTXSID50734328 DTXSID10301237 DTXSID90434592 DTXSID90396969 DTXSID50212651 DTXSID00515588
DTXSID40191426	DTXSID90547999 DTXSID20616925 DTXSID00559245 DTXSID00865494 DTXSID50306004 DTXSID60307320 DTXSID40522559 DTXSID70447645 DTXSID20891139 DTXSID90577938 DTXSID30407987 DTXSID70651144 DTXSID10338109 DTXSID60146276 DTXSID10201521 DTXSID80342814 DTXSID30389638 DTXSID30181371 DTXSID10552267 DTXSID70711419
DTXSID80453999	DTXSID20312091 DTXSID30294495 DTXSID60289112 DTXSID40760095 DTXSID40800687 DTXSID30815205 DTXSID90743631 DTXSID70621488 DTXSID0042298 DTXSID70673129 DTXSID70477760 DTXSID30346908 DTXSID20299055 DTXSID70842212 DTXSID90463827 DTXSID10294857 DTXSID40577145 DTXSID00316638 DTXSID10516763 DTXSID10717975
DTXSID30767634	DTXSID60767021 DTXSID80847197 DTXSID50341016 DTXSID50242539 DTXSID60292449 DTXSID30421648 DTXSID10498474 DTXSID10484514 DTXSID60184532 DTXSID00653333 DTXSID50310186 DTXSID20428464 DTXSID70567079 DTXSID70743614 DTXSID80885534 DTXSID50316123 DTXSID70721614 DTXSID90650230 DTXSID80440844 DTXSID50390706
DTXSID70282538	DTXSID50473503 DTXSID80440703 DTXSID10529858 DTXSID90718526 DTXSID50701217 DTXSID30385655 DTXSID90213687 DTXSID70360269 DTXSID80786658 DTXSID00781261 DTXSID10568641 DTXSID40386395 DTXSID10698513 DTXSID70858070 DTXSID50462639 DTXSID60570299 DTXSID10335956 DTXSID10842978 DTXSID10185514 DTXSID70421046
DTXSID10378500	DTXSID8068171 DTXSID30424634 DTXSID20808020 DTXSID20167427 DTXSID10651885 DTXSID70537510 DTXSID50328963 DTXSID90284832 DTXSID70305776 DTXSID00406523 DTXSID40525565 DTXSID50210773 DTXSID7066643 DTXSID00720110 DTXSID30332528 DTXSID10223001 DTXSID50783876 DTXSID40337105 DTXSID00307829 DTXSID10757811
DTXSID60642223	DTXSID70393496 DTXSID50564682 DTXSID40497511 DTXSID6046264 DTXSID20345869 DTXSID60328237 DTXSID70224791 DTXSID40298565 DTXSID80384572 DTXSID70592240 DTXSID00386558 DTXSID30810715 DTXSID50447744 DTXSID90324449 DTXSID00822466 DTXSID90602714 DTXSID00217873 DTXSID90223180 DTXSID70280392 DTXSID70195316
DTXSID40298348	DTXSID90152446 DTXSID70297602 DTXSID80448244 DTXSID50600332 DTXSID00186636 DTXSID50174083 DTXSID60174711 DTXSID00225771 DTXSID40708275 DTXSID50313056 DTXSID10808953 DTXSID00582912 DTXSID90590243 DTXSID90556965 DTXSID40472146 DTXSID10778389 DTXSID30858713 DTXSID50505358 DTXSID40455419 DTXSID10501058
DTXSID60284147	DTXSID40528152 DTXSID20668222 DTXSID40321322 DTXSID80729308 DTXSID60358175 DTXSID70613904 DTXSID40197327 DTXSID10564764 DTXSID80646465 DTXSID00528158 DTXSID10282310 DTXSID3069982 DTXSID90354120 DTXSID30419742 DTXSID20591743 DTXSID30505336 DTXSID70499149 DTXSID90156823 DTXSID70749176 DTXSID60733408
DTXSID80226706	DTXSID60332177 DTXSID00220968 DTXSID90766406 DTXSID40280460 DTXSID80621994 DTXSID20741908 DTXSID40495138 DTXSID80724191 DTXSID80172734 DTXSID60292368 DTXSID70214475 DTXSID60170258 DTXSID30625841 DTXSID80418427 DTXSID50630316 DTXSID80306315 DTXSID80637712 DTXSID80561785 DTXSID20189700 DTXSID10430450
DTXSID10844876	DTXSID10391810 DTXSID30483862 DTXSID40238805 DTXSID50462472 DTXSID30558746 DTXSID80322656 DTXSID60822144 DTXSID70317677 DTXSID00284505 DTXSID90473840 DTXSID90281846 DTXSID00351221 DTXSID00410423 DTXSID80799980 DTXSID70439989 DTXSID30551136 DTXSID40821998 DTXSID80554975 DTXSID40435276 DTXSID10608990
DTXSID70814070	DTXSID60586193 DTXSID20876587 DTXSID90344864 DTXSID10448853 DTXSID80407033 DTXSID60776895 DTXSID90313550 DTXSID80283036 DTXSID0052330 DTXSID50596322 DTXSID70764920 DTXSID70780766 DTXSID20571666 DTXSID30403904 DTXSID40474807 DTXSID30167256 DTXSID00236589 DTXSID80611870 DTXSID90874217 DTXSID20662927
DTXSID10482090	DTXSID40527741 DTXSID80763489 DTXSID00813839 DTXSID10578240 DTXSID10780048 DTXSID50851009 DTXSID60830143 DTXSID30357014 DTXSID50576684 DTXSID60310778 DTXSID40809372 DTXSID50605327 DTXSID8070542 DTXSID90467087 DTXSID70579435 DTXSID50738063 DTXSID90513917 DTXSID00606627 DTXSID60463011 DTXSID80765726
DTXSID70191530	DTXSID40180118 DTXSID40430408 DTXSID70737457 DTXSID80661557 DTXSID30383914 DTXSID10459469 DTXSID50808356 DTXSID80230045 DTXSID00645617 DTXSID20656245 DTXSID00570430 DTXSID70848471 DTXSID40552573 DTXSID80557643 DTXSID30618773 DTXSID70219349 DTXSID40380191 DTXSID10708141 DTXSID50415544 DTXSID40622548
DTXSID90832034	DTXSID80789447 DTXSID50354888 DTXSID60294322 DTXSID20522552 DTXSID60159886 DTXSID50660118 DTXSID30705071 DTXSID40638942 DTXSID20581402 DTXSID50696457 DTXSID70676711 DTXSID50819321 DTXSID50742746 DTXSID60239536 DTXSID00434109 DTXSID20566037 DTXSID20239537 DTXSID70193337 DTXSID80405074 DTXSID10828494
DTXSID50808230	DTXSID50623167 DTXSID40701504 DTXSID70314323 DTXSID50289141 DTXSID60840989 DTXSID30555654 DTXSID90396222 DTXSID10494698 DTXSID50812953 DTXSID20705520 DTXSID30194007 DTXSID40646461 DTXSID00190172 DTXSID90452650 DTXSID70810991 DTXSID10195335 DTXSID50592203 DTXSID60400628 DTXSID70469226 DTXSID80727324
DTXSID20651932	DTXSID20392196 DTXSID90195772 DTXSID20640881 DTXSID10708742 DTXSID40536090 DTXSID60429672 DTXSID10392362 DTXSID30896150 DTXSID50830854 DTXSID10727852 DTXSID90295367 DTXSID10367090 DTXSID60646120 DTXSID10760229 DTXSID00585105 DTXSID70395778 DTXSID00188933 DTXSID50351332 DTXSID90763672 DTXSID00443175
DTXSID40532956	DTXSID8060537 DTXSID40633255 DTXSID70545211 DTXSID90449848 DTXSID60303887 DTXSID00560311 DTXSID10825483 DTXSID30402255 DTXSID90825320 DTXSID80531281 DTXSID00816744 DTXSID80820647 DTXSID70825323 DTXSID50712085 DTXSID80526894 DTXSID60816740 DTXSID80615999 DTXSID40718177 DTXSID70773512 DTXSID60183020
DTXSID50170126	DTXSID50581773 DTXSID40562536 DTXSID20162952 DTXSID70171099 DTXSID10653849 DTXSID00526659 DTXSID20355044 DTXSID6061604 DTXSID50591554 DTXSID00289818 DTXSID20664825 DTXSID40494060 DTXSID60358791 DTXSID50646174 DTXSID60344275 DTXSID90163931 DTXSID2062032 DTXSID00455874 DTXSID40674401 DTXSID90494237
DTXSID30575877	DTXSID50696210 DTXSID70464877 DTXSID90653125 DTXSID70496178 DTXSID10195335 DTXSID60566016 DTXSID50592203 DTXSID10397478 DTXSID60301888 DTXSID80505982 DTXSID10857380 DTXSID20223597 DTXSID20436221 DTXSID50812953 DTXSID20312470 DTXSID00736695 DTXSID50289141 DTXSID90847123 DTXSID90452650 DTXSID50535857
DTXSID20346174	DTXSID70731571 DTXSID30291383 DTXSID10399351 DTXSID80593006 DTXSID90621804 DTXSID10446950 DTXSID20694627 DTXSID00739348 DTXSID70855387 DTXSID70879341 DTXSID90330949 DTXSID20573165 DTXSID00375361 DTXSID20589443 DTXSID40504658 DTXSID90473163 DTXSID70566047 DTXSID20676923 DTXSID3042180 DTXSID50850557
DTXSID40681973	DTXSID50457707 DTXSID50740727 DTXSID50180543 DTXSID40697913 DTXSID90520383 DTXSID40293651 DTXSID00461617 DTXSID80470368 DTXSID90743297 DTXSID20856622 DTXSID30397253 DTXSID10627328 DTXSID50595032 DTXSID20422326 DTXSID70400710 DTXSID30240972 DTXSID20895733 DTXSID10408598 DTXSID70601548 DTXSID00490346
DTXSID30554167	DTXSID60475730 DTXSID00544772 DTXSID00295277 DTXSID50302703 DTXSID00373721 DTXSID50302763 DTXSID30811020 DTXSID30465360 DTXSID00641119 DTXSID30341913 DTXSID40528556 DTXSID50590062 DTXSID30418775 DTXSID30609247 DTXSID80752499 DTXSID00500813 DTXSID20148115 DTXSID90642135 DTXSID30168268 DTXSID00518872
DTXSID30575872	DTXSID20630782 DTXSID40741889 DTXSID40581323 DTXSID70517256 DTXSID50515371 DTXSID50711134 DTXSID40662929 DTXSID40887211 DTXSID60580217 DTXSID80531423 DTXSID90509214 DTXSID70457305 DTXSID20363886 DTXSID40303729 DTXSID10733817 DTXSID70316685 DTXSID90334149 DTXSID90711875 DTXSID60240940 DTXSID90837201
DTXSID00373721	DTXSID60475730 DTXSID30811020 DTXSID40663532 DTXSID30554167 DTXSID30418775 DTXSID50302703 DTXSID00295277 DTXSID80348497 DTXSID3044918 DTXSID30566624 DTXSID20835912 DTXSID50302763 DTXSID00480065 DTXSID00544772 DTXSID30465360 DTXSID50853725 DTXSID40613335 DTXSID00440467 DTXSID20467313 DTXSID30609247
DTXSID90499429	DTXSID00377183 DTXSID70167255 DTXSID60604220 DTXSID50677665 DTXSID70182509 DTXSID20307866 DTXSID50460438 DTXSID00445639 DTXSID40395861 DTXSID60482388 DTXSID20474022 DTXSID40339083 DTXSID90501531 DTXSID70466457 DTXSID00836962 DTXSID40235753 DTXSID00202365 DTXSID00679558 DTXSID90291501 DTXSID10439620
DTXSID20184139	DTXSID80479295 DTXSID20694900 DTXSID20488861 DTXSID50846531 DTXSID5059822 DTXSID40808082 DTXSID10787971 DTXSID10831084 DTXSID20578675 DTXSID70203864 DTXSID70523594 DTXSID10886357 DTXSID80795720 DTXSID00164439 DTXSID40552058 DTXSID80740472 DTXSID00725887 DTXSID20423873 DTXSID60350371 DTXSID70306869
DTXSID30435361	DTXSID80407816 DTXSID10721299 DTXSID00873296 DTXSID00732571 DTXSID60526094 DTXSID20459617 DTXSID5066089 DTXSID20740698 DTXSID10853165 DTXSID60573543 DTXSID90595036 DTXSID10615447 DTXSID80612544 DTXSID50862599 DTXSID30850116 DTXSID20288045 DTXSID50569758 DTXSID4041232 DTXSID10341658 DTXSID10509216
DTXSID20297238	DTXSID20390738 DTXSID20823753 DTXSID50213486 DTXSID10729917 DTXSID30673827 DTXSID30546042 DTXSID30388585 DTXSID20747682 DTXSID80535885 DTXSID50186787 DTXSID60612825 DTXSID70388024 DTXSID50768183 DTXSID80503882 DTXSID20374336 DTXSID40694422 DTXSID70659620 DTXSID5059163 DTXSID90771979 DTXSID50233720
DTXSID30800590	DTXSID30782408 DTXSID70786945 DTXSID40494464 DTXSID10655964 DTXSID30813064 DTXSID80492267 DTXSID70826875 DTXSID90520888 DTXSID20765967 DTXSID00334771 DTXSID10592128 DTXSID10738281 DTXSID70639043 DTXSID90500923 DTXSID10771512 DTXSID00523148 DTXSID80204468 DTXSID30845542 DTXSID10577213 DTXSID4052051
DTXSID10178941	DTXSID70805963 DTXSID50491904 DTXSID00321702 DTXSID90286755 DTXSID00829995 DTXSID10309314 DTXSID50450490 DTXSID40753407 DTXSID20818982 DTXSID7029372 DTXSID70531472 DTXSID80205258 DTXSID80435412 DTXSID80819470 DTXSID60341603 DTXSID80369228 DTXSID90819603 DTXSID10327533 DTXSID40487235 DTXSID70678311
DTXSID30897546	DTXSID00851251 DTXSID10896395 DTXSID60896042 DTXSID40839114 DTXSID20875813 DTXSID00430101 DTXSID60320519 DTXSID40752516 DTXSID40376130 DTXSID50601283 DTXSID60535348 DTXSID30564701 DTXSID70615549 DTXSID70886515 DTXSID40876645 DTXSID60769489 DTXSID80785585 DTXSID3072242 DTXSID90312927 DTXSID10394967
DTXSID10786282	DTXSID50404296 DTXSID20668040 DTXSID60193361 DTXSID70823187 DTXSID70589756 DTXSID10675228 DTXSID40607633 DTXSID70794227 DTXSID10537635 DTXSID70693504 DTXSID30566720 DTXSID10511354 DTXSID40466085 DTXSID40593183 DTXSID20275814 DTXSID30409264 DTXSID60876324 DTXSID60542052 DTXSID00318455 DTXSID20781223
DTXSID80640443	DTXSID50761275 DTXSID10494193 DTXSID10169758 DTXSID7041625 DTXSID90405585 DTXSID60598918 DTXSID90657865 DTXSID60803872 DTXSID70303297 DTXSID20417959 DTXSID20758435 DTXSID90373472 DTXSID70174964 DTXSID10426732 DTXSID70283222 DTXSID50343833 DTXSID30309654 DTXSID90205587 DTXSID70369696 DTXSID30313635
DTXSID60300730	DTXSID30300722 DTXSID3026564 DTXSID3042003 DTXSID00710076 DTXSID90883243 DTXSID60460363 DTXSID00892301 DTXSID00618164 DTXSID00597728 DTXSID40880888 DTXSID80887654 DTXSID50775332 DTXSID8070128 DTXSID7070478 DTXSID40659197 DTXSID70805761 DTXSID9051741 DTXSID80893735 DTXSID00281130 DTXSID10239187
DTXSID90447248	DTXSID30739033 DTXSID20580571 DTXSID50483425 DTXSID60764510 DTXSID70580809 DTXSID90526623 DTXSID20880720 DTXSID10436654 DTXSID70527512 DTXSID00366512 DTXSID00196816 DTXSID30195034 DTXSID70571818 DTXSID10594844 DTXSID20663055 DTXSID10307355 DTXSID10525618 DTXSID90562960 DTXSID10580808 DTXSID80715221
DTXSID60307108	DTXSID00695157 DTXSID60377023 DTXSID40637874 DTXSID50487645 DTXSID60620389 DTXSID00377461 DTXSID40296581 DTXSID20439297 DTXSID30780828 DTXSID90278690 DTXSID80336298 DTXSID90753952 DTXSID50473568 DTXSID10616959 DTXSID30726064 DTXSID80294445 DTXSID90591795 DTXSID5073666 DTXSID00321565 DTXSID10582342
DTXSID20563228	DTXSID00834569 DTXSID60708676 DTXSID50572782 DTXSID40763243 DTXSID30730989 DTXSID20627031 DTXSID90220432 DTXSID60704451 DTXSID50750765 DTXSID40413276 DTXSID00748374 DTXSID60520198 DTXSID70764248 DTXSID80305929 DTXSID50188948 DTXSID00289651 DTXSID60188550 DTXSID80700910 DTXSID40748373 DTXSID70240355
DTXSID10542067	DTXSID40883091 DTXSID90425687 DTXSID50613806 DTXSID50400233 DTXSID70433149 DTXSID90585659 DTXSID50857460 DTXSID20222681 DTXSID70412616 DTXSID50739176 DTXSID60749685 DTXSID70559595 DTXSID30630197 DTXSID20646944 DTXSID70327438 DTXSID70317233 DTXSID60447351 DTXSID20179929 DTXSID20300817 DTXSID50840074
DTXSID90477242	DTXSID10484650 DTXSID30848472 DTXSID80308516 DTXSID70548767 DTXSID10700589 DTXSID60527804 DTXSID80744157 DTXSID80293251 DTXSID70393850 DTXSID50481845 DTXSID30178928 DTXSID30205465 DTXSID70810077 DTXSID80297436 DTXSID90675221 DTXSID60444729 DTXSID90680572 DTXSID10349573 DTXSID50629861 DTXSID20640624
DTXSID60400628	DTXSID90444015 DTXSID90452650 DTXSID40619211 DTXSID50812953 DTXSID90739716 DTXSID10195335 DTXSID20312470 DTXSID10494698 DTXSID10371773 DTXSID60709284 DTXSID30194007 DTXSID50576907 DTXSID50696210 DTXSID70469226 DTXSID50289141 DTXSID40701504 DTXSID20624964 DTXSID50592203 DTXSID60840989 DTXSID20698160
DTXSID40662929	DTXSID50711134 DTXSID90711875 DTXSID90837201 DTXSID40887211 DTXSID60240940 DTXSID30330387 DTXSID40840048 DTXSID60790692 DTXSID40144795 DTXSID70517256 DTXSID30575872 DTXSID70316685 DTXSID20630782 DTXSID40581323 DTXSID40315307 DTXSID40741889 DTXSID30867401 DTXSID60580217 DTXSID90440214 DTXSID90148864
DTXSID90708543	DTXSID50840074 DTXSID00145566 DTXSID10718306 DTXSID90169897 DTXSID80346397 DTXSID70317233 DTXSID30677421 DTXSID90875986 DTXSID20646944 DTXSID30225941 DTXSID10223061 DTXSID80633850 DTXSID70412616 DTXSID40760656 DTXSID60446566 DTXSID3037543 DTXSID10295283 DTXSID30203209 DTXSID00620621 DTXSID50160901
DTXSID50398429	DTXSID00483778 DTXSID40356538 DTXSID90553656 DTXSID30402492 DTXSID20340490 DTXSID40595309 DTXSID20516815 DTXSID10502308 DTXSID90166301 DTXSID40296046 DTXSID60621250 DTXSID90734084 DTXSID80892809 DTXSID50682193 DTXSID70201941 DTXSID00162071 DTXSID60762319 DTXSID50580983 DTXSID90369390 DTXSID20145200
DTXSID70877569	DTXSID10575971 DTXSID50814992 DTXSID00320477 DTXSID00510558 DTXSID90723352 DTXSID0060066 DTXSID80852645 DTXSID30819187 DTXSID60721022 DTXSID50534885 DTXSID80208300 DTXSID90302949 DTXSID30225522 DTXSID10653869 DTXSID60193886 DTXSID20734618 DTXSID80792577 DTXSID80836369 DTXSID70233722 DTXSID10711433
DTXSID50598124	DTXSID50441787 DTXSID40588493 DTXSID40168219 DTXSID50218416 DTXSID40374030 DTXSID50622857 DTXSID20439297 DTXSID50467346 DTXSID50487645 DTXSID40352515 DTXSID30780828 DTXSID40495597 DTXSID00371186 DTXSID40773983 DTXSID20301783 DTXSID60823939 DTXSID40296581 DTXSID80237675 DTXSID30537839 DTXSID30311595
DTXSID90353214	DTXSID60675172 DTXSID00615431 DTXSID90302707 DTXSID60641211 DTXSID2051978 DTXSID00303785 DTXSID40705805 DTXSID50467720 DTXSID80222480 DTXSID10786702 DTXSID10485607 DTXSID50528608 DTXSID10884631 DTXSID80729287 DTXSID00735688 DTXSID90809448 DTXSID00438884 DTXSID40483212 DTXSID60179645 DTXSID1052585
DTXSID80320612	DTXSID10617749 DTXSID50664656 DTXSID50186702 DTXSID00490846 DTXSID70320828 DTXSID90697367 DTXSID80664260 DTXSID00491272 DTXSID70607621 DTXSID50283927 DTXSID70157217 DTXSID00308578 DTXSID00658469 DTXSID40792871 DTXSID60715926 DTXSID10291624 DTXSID8024365 DTXSID40176334 DTXSID70283207 DTXSID7041334
DTXSID70336909	DTXSID90783517 DTXSID20722459 DTXSID40556793 DTXSID40163623 DTXSID10288877 DTXSID40751463 DTXSID10225444 DTXSID90217423 DTXSID90322162 DTXSID60747202 DTXSID70747839 DTXSID30584969 DTXSID80675912 DTXSID80323547 DTXSID00234328 DTXSID60638580 DTXSID70396402 DTXSID60159780 DTXSID50654936 DTXSID90328740
DTXSID10184244	DTXSID80446200 DTXSID60744135 DTXSID00757406 DTXSID60787986 DTXSID40844263 DTXSID00370831 DTXSID50163578 DTXSID90456395 DTXSID90827869 DTXSID30344343 DTXSID80638709 DTXSID90373735 DTXSID90451325 DTXSID10466719 DTXSID70349413 DTXSID40341767 DTXSID60343642 DTXSID6069406 DTXSID70424198 DTXSID10466890
DTXSID30700546	DTXSID10495741 DTXSID20201173 DTXSID20720475 DTXSID00743384 DTXSID00346314 DTXSID60315400 DTXSID70667068 DTXSID60465696 DTXSID80601110 DTXSID30301279 DTXSID10669208 DTXSID30419065 DTXSID80452745 DTXSID90557811 DTXSID20722510 DTXSID60493474 DTXSID7073486 DTXSID30757070 DTXSID40721469 DTXSID30454996
DTXSID80671813	DTXSID80212043 DTXSID40481576 DTXSID70720187 DTXSID60762319 DTXSID90567930 DTXSID00219099 DTXSID90604177 DTXSID20346755 DTXSID20365502 DTXSID90772360 DTXSID90824055 DTXSID30510223 DTXSID90653105 DTXSID90650396 DTXSID70201941 DTXSID90734084 DTXSID30822737 DTXSID50179351 DTXSID40296046 DTXSID70567352
DTXSID60649439	DTXSID60635918 DTXSID50649605 DTXSID1025693 DTXSID10829527 DTXSID10428534 DTXSID60481972 DTXSID10834858 DTXSID10144383 DTXSID20834965 DTXSID50215283 DTXSID90696310 DTXSID60711645 DTXSID50640470 DTXSID70849443 DTXSID70874098 DTXSID90453768 DTXSID80554157 DTXSID60742252 DTXSID5041190 DTXSID60540114
DTXSID40646486	DTXSID00345842 DTXSID30527699 DTXSID50849249 DTXSID00391167 DTXSID50595032 DTXSID90481965 DTXSID10396481 DTXSID20807311 DTXSID20734653 DTXSID60664203 DTXSID10742747 DTXSID60587524 DTXSID10627328 DTXSID70832754 DTXSID00195960 DTXSID50332560 DTXSID50494697 DTXSID50299588 DTXSID50653949 DTXSID30742365
DTXSID90733890	DTXSID30521910 DTXSID80598470 DTXSID10506745 DTXSID20670305 DTXSID80472403 DTXSID70836510 DTXSID10528543 DTXSID00631297 DTXSID70676993 DTXSID40525565 DTXSID70398406 DTXSID90398180 DTXSID50813501 DTXSID20542816 DTXSID00331164 DTXSID50707951 DTXSID30213626 DTXSID00603732 DTXSID70757352 DTXSID70305776
DTXSID60829451	DTXSID20353681 DTXSID40357808 DTXSID40460886 DTXSID70424719 DTXSID90388561 DTXSID10455784 DTXSID90649664 DTXSID50512103 DTXSID10280755 DTXSID30725633 DTXSID8032675 DTXSID20406161 DTXSID50474550 DTXSID40579149 DTXSID00182673 DTXSID80288586 DTXSID20581644 DTXSID70500269 DTXSID70639144 DTXSID10794382
DTXSID00217873	DTXSID90324449 DTXSID00799866 DTXSID40774819 DTXSID50841228 DTXSID40497511 DTXSID20310138 DTXSID70393496 DTXSID80734038 DTXSID10275540 DTXSID10444416 DTXSID70224791 DTXSID10443964 DTXSID60642223 DTXSID60328237 DTXSID50527333 DTXSID00386558 DTXSID60734738 DTXSID90853663 DTXSID30810715 DTXSID30287665
DTXSID00858129	DTXSID30747895 DTXSID10512301 DTXSID80480780 DTXSID50618174 DTXSID20285195 DTXSID70170209 DTXSID00651975 DTXSID60833316 DTXSID90293308 DTXSID90400712 DTXSID80450049 DTXSID50408597 DTXSID50397735 DTXSID10621083 DTXSID80742936 DTXSID40359589 DTXSID00277659 DTXSID60533187 DTXSID90669645 DTXSID40291475
DTXSID70373576	DTXSID50628091 DTXSID10148321 DTXSID20393249 DTXSID60734490 DTXSID80588038 DTXSID30717210 DTXSID50361411 DTXSID70538885 DTXSID80291373 DTXSID80470843 DTXSID20793821 DTXSID10303695 DTXSID90739897 DTXSID70469908 DTXSID00876287 DTXSID40713743 DTXSID90551056 DTXSID70891588 DTXSID40809650 DTXSID30226478
DTXSID20468941	DTXSID70765735 DTXSID30239664 DTXSID70596485 DTXSID90539798 DTXSID6066862 DTXSID40581924 DTXSID60615952 DTXSID1070856 DTXSID30519534 DTXSID20806607 DTXSID80766536 DTXSID70592886 DTXSID20801632 DTXSID70477361 DTXSID70880614 DTXSID90443907 DTXSID20837451 DTXSID0046513 DTXSID70399014 DTXSID50718047
DTXSID90481965	DTXSID60587524 DTXSID20734653 DTXSID40388076 DTXSID10742747 DTXSID40459811 DTXSID50653949 DTXSID10396481 DTXSID40646486 DTXSID30527699 DTXSID00195960 DTXSID00391167 DTXSID00345842 DTXSID60824108 DTXSID50332560 DTXSID30742365 DTXSID50595032 DTXSID20807311 DTXSID50849249 DTXSID80597261 DTXSID5051602
DTXSID30837225	DTXSID50346844 DTXSID40365226 DTXSID40827091 DTXSID20535420 DTXSID50733639 DTXSID40618345 DTXSID8067602 DTXSID90646350 DTXSID80727324 DTXSID80718853 DTXSID00190172 DTXSID70658234 DTXSID50212651 DTXSID30646758 DTXSID40650583 DTXSID40857535 DTXSID60195325 DTXSID20705520 DTXSID90396222 DTXSID60646322
DTXSID60154018	DTXSID9061178 DTXSID00326196 DTXSID60670142 DTXSID00370699 DTXSID70307316 DTXSID10359430 DTXSID40494722 DTXSID40684601 DTXSID90152880 DTXSID50345498 DTXSID40356114 DTXSID40618926 DTXSID90557553 DTXSID20714718 DTXSID70675103 DTXSID30352640 DTXSID80178751 DTXSID20670047 DTXSID30490970 DTXSID30642230
DTXSID00766412	DTXSID30369379 DTXSID40430185 DTXSID9068378 DTXSID70405624 DTXSID60422946 DTXSID00487938 DTXSID50757350 DTXSID30614275 DTXSID70439989 DTXSID40507280 DTXSID00481779 DTXSID90655745 DTXSID00351221 DTXSID20400745 DTXSID60822144 DTXSID50311754 DTXSID60667436 DTXSID50462472 DTXSID60312631 DTXSID40435276
DTXSID10573876	DTXSID10705413 DTXSID80676848 DTXSID3063417 DTXSID30733839 DTXSID90879368 DTXSID70680272 DTXSID10770409 DTXSID40699437 DTXSID30284199 DTXSID10650979 DTXSID00513665 DTXSID70653901 DTXSID20423292 DTXSID00145980 DTXSID50561535 DTXSID60145820 DTXSID40623939 DTXSID60383760 DTXSID60593347 DTXSID20522017
DTXSID40697913	DTXSID50180543 DTXSID00461617 DTXSID90520383 DTXSID10627328 DTXSID50595032 DTXSID50457707 DTXSID40681973 DTXSID00391167 DTXSID20895733 DTXSID50740727 DTXSID20856622 DTXSID90743297 DTXSID60664203 DTXSID00195960 DTXSID00345842 DTXSID50208236 DTXSID70663444 DTXSID40293651 DTXSID40646486 DTXSID80635137
DTXSID10677540	DTXSID20372610 DTXSID20856708 DTXSID50727371 DTXSID00727285 DTXSID60722973 DTXSID10743259 DTXSID90676672 DTXSID80696900 DTXSID20728991 DTXSID40672548 DTXSID60716675 DTXSID80593006 DTXSID10640133 DTXSID50372744 DTXSID60590174 DTXSID40452221 DTXSID70346321 DTXSID40725967 DTXSID50843904 DTXSID20346174
DTXSID20727989	DTXSID20568637 DTXSID80570918 DTXSID30382301 DTXSID40454942 DTXSID60669213 DTXSID30631402 DTXSID90540400 DTXSID20326638 DTXSID60427855 DTXSID20349685 DTXSID30618253 DTXSID30672032 DTXSID80549528 DTXSID80385004 DTXSID8041323 DTXSID00700114 DTXSID90152749 DTXSID90622492 DTXSID2047016 DTXSID90831284
DTXSID10176321	DTXSID10801287 DTXSID60364059 DTXSID80542993 DTXSID10213689 DTXSID90720280 DTXSID30406096 DTXSID30639766 DTXSID40558595 DTXSID10528402 DTXSID40199745 DTXSID80478086 DTXSID00635816 DTXSID70490090 DTXSID40329449 DTXSID9044790 DTXSID60510918 DTXSID90341893 DTXSID40668648 DTXSID10647905 DTXSID70212678
DTXSID70382567	DTXSID80597943 DTXSID40615374 DTXSID40661659 DTXSID80475919 DTXSID90559693 DTXSID10379411 DTXSID4025903 DTXSID50737516 DTXSID00681055 DTXSID20477518 DTXSID30671904 DTXSID30305550 DTXSID70560101 DTXSID90694957 DTXSID40629911 DTXSID80733081 DTXSID80304336 DTXSID30343679 DTXSID80732155 DTXSID50453587
DTXSID50552847	DTXSID00313622 DTXSID00182971 DTXSID40483116 DTXSID50355557 DTXSID80627799 DTXSID40856184 DTXSID70849983 DTXSID60656749 DTXSID30649502 DTXSID70495863 DTXSID30372388 DTXSID80475393 DTXSID60769580 DTXSID80769224 DTXSID80668581 DTXSID40404068 DTXSID60744312 DTXSID00539461 DTXSID00556597 DTXSID0059081
DTXSID60438865	DTXSID60395929 DTXSID20375085 DTXSID90149336 DTXSID90608771 DTXSID40425995 DTXSID70742783 DTXSID50632259 DTXSID30579759 DTXSID40616866 DTXSID80591547 DTXSID40551667 DTXSID80375086 DTXSID8066975 DTXSID50280274 DTXSID30343058 DTXSID90507811 DTXSID50795277 DTXSID10288332 DTXSID60212142 DTXSID10563954
DTXSID20661910	DTXSID60885815 DTXSID50608176 DTXSID30651887 DTXSID60646468 DTXSID80480467 DTXSID30596103 DTXSID00619752 DTXSID4020953 DTXSID60427936 DTXSID10482131 DTXSID40408041 DTXSID50602750 DTXSID00710011 DTXSID00646886 DTXSID90625201 DTXSID30628892 DTXSID90676839 DTXSID20236506 DTXSID30178327 DTXSID40371741
DTXSID60739485	DTXSID20470721 DTXSID30195973 DTXSID60524575 DTXSID10533536 DTXSID00694544 DTXSID70586169 DTXSID50193279 DTXSID10726305 DTXSID70393719 DTXSID60148593 DTXSID00419451 DTXSID30450579 DTXSID00598957 DTXSID70548601 DTXSID50787394 DTXSID10277741 DTXSID70807240 DTXSID60299054 DTXSID90727173 DTXSID80699299
DTXSID50589754	DTXSID40510698 DTXSID80664725 DTXSID00852703 DTXSID20275490 DTXSID60201778 DTXSID30406531 DTXSID40435276 DTXSID10672434 DTXSID30854114 DTXSID50589734 DTXSID10597118 DTXSID50646674 DTXSID80463053 DTXSID60228965 DTXSID10501119 DTXSID00487938 DTXSID40430185 DTXSID70597659 DTXSID6065052 DTXSID50311754
DTXSID50556547	DTXSID20356910 DTXSID10561894 DTXSID50153696 DTXSID60735008 DTXSID20162654 DTXSID70491880 DTXSID60204269 DTXSID50543058 DTXSID40764472 DTXSID10749877 DTXSID20876269 DTXSID50651021 DTXSID00831917 DTXSID60876662 DTXSID40831916 DTXSID40489330 DTXSID70344100 DTXSID00744412 DTXSID20519503 DTXSID10607802
DTXSID40757804	DTXSID00446262 DTXSID40458723 DTXSID40544115 DTXSID80463053 DTXSID6065052 DTXSID60312176 DTXSID10505753 DTXSID80467394 DTXSID70597659 DTXSID00409352 DTXSID70218155 DTXSID40679875 DTXSID50226213 DTXSID50801589 DTXSID50716907 DTXSID30583371 DTXSID70591854 DTXSID30458691 DTXSID40279910 DTXSID70671600
DTXSID60717162	DTXSID70460591 DTXSID10469624 DTXSID00415852 DTXSID70346321 DTXSID30478859 DTXSID00629715 DTXSID20415399 DTXSID80724732 DTXSID50369735 DTXSID90694856 DTXSID50211184 DTXSID80178953 DTXSID20728991 DTXSID30363675 DTXSID10640133 DTXSID10743259 DTXSID10365950 DTXSID60722973 DTXSID30782468 DTXSID50722189
DTXSID00461576	DTXSID80221599 DTXSID10182063 DTXSID50614151 DTXSID50479863 DTXSID60198210 DTXSID20197946 DTXSID30276372 DTXSID80827696 DTXSID70352922 DTXSID10182402 DTXSID00483556 DTXSID80655517 DTXSID80596936 DTXSID20797460 DTXSID80464787 DTXSID50703690 DTXSID20508230 DTXSID50742145 DTXSID90573197 DTXSID40721429
DTXSID50196028	DTXSID20424284 DTXSID40596295 DTXSID30729499 DTXSID20660908 DTXSID60462105 DTXSID00317766 DTXSID80620169 DTXSID30589373 DTXSID10850376 DTXSID40707006 DTXSID50495023 DTXSID80588290 DTXSID80608826 DTXSID60621654 DTXSID50709091 DTXSID30331379 DTXSID60608662 DTXSID30675508 DTXSID60809374 DTXSID70425867
DTXSID00727482	DTXSID40192433 DTXSID10561314 DTXSID60560913 DTXSID90379515 DTXSID10633489 DTXSID10539896 DTXSID30544482 DTXSID40756655 DTXSID00844643 DTXSID10845828 DTXSID00355800 DTXSID50624255 DTXSID90473103 DTXSID40852686 DTXSID20599643 DTXSID70768463 DTXSID90369390 DTXSID50518867 DTXSID70582368 DTXSID20673533
DTXSID00621330	DTXSID3058955 DTXSID90640974 DTXSID40576875 DTXSID40855132 DTXSID10640512 DTXSID20791342 DTXSID40722618 DTXSID00442688 DTXSID40397623 DTXSID40578238 DTXSID60505389 DTXSID60287734 DTXSID90778665 DTXSID90426058 DTXSID70799712 DTXSID40181084 DTXSID50778843 DTXSID10221865 DTXSID00290247 DTXSID50345019
DTXSID00462982	DTXSID60707765 DTXSID50681040 DTXSID40183785 DTXSID80279131 DTXSID70805822 DTXSID30397672 DTXSID10672792 DTXSID50306463 DTXSID80190337 DTXSID00854560 DTXSID60320630 DTXSID70283222 DTXSID10732825 DTXSID40415679 DTXSID40694588 DTXSID60325125 DTXSID70668075 DTXSID90783198 DTXSID50315419 DTXSID20465495
DTXSID30673827	DTXSID30546042 DTXSID80503882 DTXSID20697072 DTXSID50233720 DTXSID40468781 DTXSID5059163 DTXSID20390738 DTXSID30388585 DTXSID20297238 DTXSID20374336 DTXSID70359355 DTXSID70443223 DTXSID60633636 DTXSID1058393 DTXSID40694422 DTXSID60791689 DTXSID10752705 DTXSID80497510 DTXSID30284694 DTXSID70876552
DTXSID50542425	DTXSID40286048 DTXSID40546452 DTXSID90719896 DTXSID90707511 DTXSID40146198 DTXSID30466877 DTXSID00373504 DTXSID00755265 DTXSID90281846 DTXSID80499756 DTXSID40238805 DTXSID90524487 DTXSID40841656 DTXSID90877561 DTXSID70366685 DTXSID80322656 DTXSID30558746 DTXSID40228625 DTXSID40802984 DTXSID40325042
DTXSID40319300	DTXSID70177935 DTXSID40398938 DTXSID50497865 DTXSID80791540 DTXSID40195106 DTXSID70810991 DTXSID20624964 DTXSID50605887 DTXSID30194007 DTXSID10856212 DTXSID80580734 DTXSID90355415 DTXSID10177934 DTXSID00468540 DTXSID30661047 DTXSID50187552 DTXSID70314323 DTXSID30694618 DTXSID80302291 DTXSID70613267
DTXSID20352412	DTXSID80813019 DTXSID80237675 DTXSID90380404 DTXSID00442188 DTXSID70621009 DTXSID70762047 DTXSID40561645 DTXSID50153176 DTXSID40495597 DTXSID00748011 DTXSID10734783 DTXSID00694049 DTXSID10712889 DTXSID20301783 DTXSID00371186 DTXSID40588493 DTXSID10199636 DTXSID10579717 DTXSID50218416 DTXSID00506799
DTXSID3048316	DTXSID40484168 DTXSID10185079 DTXSID80384572 DTXSID70195316 DTXSID2073720 DTXSID90602714 DTXSID90853663 DTXSID6046264 DTXSID40295377 DTXSID60328237 DTXSID90310140 DTXSID90803582 DTXSID40891611 DTXSID70297561 DTXSID10756521 DTXSID70224791 DTXSID50447744 DTXSID70280392 DTXSID90223180 DTXSID70349170
DTXSID90473567	DTXSID10287204 DTXSID00614161 DTXSID50526447 DTXSID00420845 DTXSID40293717 DTXSID30662913 DTXSID20585788 DTXSID70561315 DTXSID00312019 DTXSID10296831 DTXSID70647749 DTXSID00621850 DTXSID10459065 DTXSID50846839 DTXSID00495098 DTXSID80208966 DTXSID50533277 DTXSID20357220 DTXSID30194385 DTXSID10659624
DTXSID90622492	DTXSID90462572 DTXSID20363508 DTXSID60618160 DTXSID90547797 DTXSID20212022 DTXSID2047016 DTXSID60427855 DTXSID20438164 DTXSID60669213 DTXSID00181464 DTXSID80549528 DTXSID90375774 DTXSID60722099 DTXSID10555091 DTXSID8041323 DTXSID80570918 DTXSID50401109 DTXSID80626202 DTXSID20568637 DTXSID60473115
DTXSID90642514	DTXSID40640606 DTXSID60343788 DTXSID80696420 DTXSID60337061 DTXSID30782327 DTXSID20728537 DTXSID3059268 DTXSID70733212 DTXSID50561439 DTXSID20492625 DTXSID50600953 DTXSID50221364 DTXSID30628054 DTXSID70291822 DTXSID50520026 DTXSID80392859 DTXSID40667575 DTXSID00338097 DTXSID90451623 DTXSID40459098
DTXSID60528538	DTXSID90170084 DTXSID30482754 DTXSID30441386 DTXSID50609340 DTXSID70591172 DTXSID90557492 DTXSID40159763 DTXSID20406242 DTXSID40640242 DTXSID80459037 DTXSID00850007 DTXSID5062425 DTXSID70342469 DTXSID90293828 DTXSID90545091 DTXSID30798923 DTXSID00540491 DTXSID50438652 DTXSID20641217 DTXSID90528945
DTXSID20771280	DTXSID30399353 DTXSID20806980 DTXSID60572394 DTXSID90460452 DTXSID60653339 DTXSID80341241 DTXSID90278559 DTXSID30652778 DTXSID30650890 DTXSID50152846 DTXSID50402671 DTXSID60458280 DTXSID80835635 DTXSID40435251 DTXSID40374050 DTXSID70344100 DTXSID40574457 DTXSID70398168 DTXSID90513437 DTXSID00534971
DTXSID20159786	DTXSID30346908 DTXSID10516763 DTXSID40440103 DTXSID90463827 DTXSID0042298 DTXSID90833162 DTXSID30437547 DTXSID10294857 DTXSID80484561 DTXSID10852996 DTXSID40760095 DTXSID70621488 DTXSID70765391 DTXSID00719160 DTXSID90743631 DTXSID10594324 DTXSID30294495 DTXSID60806661 DTXSID40765540 DTXSID80287832
DTXSID00729421	DTXSID10721916 DTXSID70840798 DTXSID70671842 DTXSID40556990 DTXSID70542583 DTXSID70243846 DTXSID60705544 DTXSID10590482 DTXSID90457286 DTXSID90567016 DTXSID50663780 DTXSID20372110 DTXSID30350580 DTXSID90450050 DTXSID90362422 DTXSID40165147 DTXSID30885241 DTXSID70650576 DTXSID50524963 DTXSID60802643
DTXSID10379411	DTXSID70560101 DTXSID30305550 DTXSID20477518 DTXSID90559693 DTXSID40615374 DTXSID70382567 DTXSID90694957 DTXSID4025903 DTXSID80475919 DTXSID20879053 DTXSID50453587 DTXSID40629911 DTXSID10402258 DTXSID30671904 DTXSID00279294 DTXSID90365938 DTXSID20610786 DTXSID00681055 DTXSID80597943 DTXSID50737516
DTXSID10516763	DTXSID0042298 DTXSID30346908 DTXSID20159786 DTXSID40440103 DTXSID40760095 DTXSID30437547 DTXSID10594324 DTXSID10852996 DTXSID90463827 DTXSID40765540 DTXSID10294857 DTXSID90833162 DTXSID60806661 DTXSID10717975 DTXSID70621488 DTXSID20856788 DTXSID00316638 DTXSID80484561 DTXSID20544931 DTXSID90743631
DTXSID70889001	DTXSID60875812 DTXSID30789432 DTXSID40877197 DTXSID90312927 DTXSID30889002 DTXSID60161040 DTXSID30317294 DTXSID90222451 DTXSID90794628 DTXSID40376130 DTXSID00430101 DTXSID60896042 DTXSID10896395 DTXSID40698521 DTXSID00877198 DTXSID50523178 DTXSID50488652 DTXSID40876645 DTXSID30896094 DTXSID60896426
DTXSID00502857	DTXSID50534365 DTXSID10604336 DTXSID60489296 DTXSID80563507 DTXSID60608324 DTXSID00669237 DTXSID00559528 DTXSID20403610 DTXSID00429050 DTXSID80879731 DTXSID50352682 DTXSID40560350 DTXSID10444037 DTXSID00201636 DTXSID20648620 DTXSID80289396 DTXSID00389105 DTXSID80489637 DTXSID70463027 DTXSID10180923
DTXSID20818982	DTXSID70531472 DTXSID50487822 DTXSID60676942 DTXSID10327533 DTXSID80674147 DTXSID00829995 DTXSID80369228 DTXSID60590538 DTXSID10178941 DTXSID80435412 DTXSID40526577 DTXSID00321702 DTXSID90286755 DTXSID90819603 DTXSID20639957 DTXSID7029372 DTXSID10165937 DTXSID00209354 DTXSID80603654 DTXSID70805963
DTXSID00876464	DTXSID10879603 DTXSID70563218 DTXSID90674456 DTXSID1073367 DTXSID90517016 DTXSID10814130 DTXSID00366613 DTXSID20289310 DTXSID50369891 DTXSID60225090 DTXSID40434921 DTXSID80499392 DTXSID00730234 DTXSID30389390 DTXSID20596511 DTXSID20812723 DTXSID50395377 DTXSID00896142 DTXSID50736766 DTXSID60297232
DTXSID60493752	DTXSID00698709 DTXSID50680679 DTXSID10380608 DTXSID10856277 DTXSID20547043 DTXSID20822403 DTXSID50183731 DTXSID50603343 DTXSID90578445 DTXSID80577280 DTXSID80360679 DTXSID20787826 DTXSID30313034 DTXSID90739938 DTXSID40190474 DTXSID60368299 DTXSID80343528 DTXSID30818574 DTXSID30757297 DTXSID60209350
DTXSID80333444	DTXSID30510001 DTXSID10190906 DTXSID30218555 DTXSID10602615 DTXSID70600399 DTXSID00430282 DTXSID10478554 DTXSID80471577 DTXSID60524732 DTXSID80180238 DTXSID70787851 DTXSID80582970 DTXSID50302824 DTXSID60831094 DTXSID10679943 DTXSID90182581 DTXSID00342699 DTXSID10566046 DTXSID70314868 DTXSID50151738
DTXSID00345842	DTXSID40646486 DTXSID50595032 DTXSID00391167 DTXSID20734653 DTXSID30527699 DTXSID10627328 DTXSID50849249 DTXSID90481965 DTXSID50299588 DTXSID60664203 DTXSID10742747 DTXSID60587524 DTXSID80698343 DTXSID00195960 DTXSID40697913 DTXSID20807311 DTXSID10396481 DTXSID50494697 DTXSID70832754 DTXSID50180543
DTXSID80392899	DTXSID10628037 DTXSID70812718 DTXSID00557064 DTXSID40624108 DTXSID00398232 DTXSID40818848 DTXSID50147792 DTXSID80744314 DTXSID60160179 DTXSID90301679 DTXSID10354788 DTXSID70488179 DTXSID50352288 DTXSID10423387 DTXSID00773323 DTXSID90521855 DTXSID10762622 DTXSID6070435 DTXSID70599113 DTXSID60443191
DTXSID40313489	DTXSID40463534 DTXSID20879376 DTXSID30618374 DTXSID00810742 DTXSID50609784 DTXSID90352929 DTXSID00835551 DTXSID30550669 DTXSID90857282 DTXSID70457502 DTXSID30359270 DTXSID30775971 DTXSID60401190 DTXSID20702812 DTXSID00797266 DTXSID90333915 DTXSID50745414 DTXSID50402570 DTXSID30519731 DTXSID30543016
DTXSID10626018	DTXSID80224782 DTXSID20216666 DTXSID10361513 DTXSID10609765 DTXSID50776829 DTXSID40311142 DTXSID30173276 DTXSID20599022 DTXSID00488824 DTXSID60233812 DTXSID30572083 DTXSID90663466 DTXSID10399659 DTXSID30515874 DTXSID50392285 DTXSID70494230 DTXSID60542335 DTXSID20589302 DTXSID40430160 DTXSID00515240
DTXSID60161040	DTXSID60875812 DTXSID90794628 DTXSID40877197 DTXSID90312927 DTXSID70889001 DTXSID30789432 DTXSID30317294 DTXSID00877198 DTXSID90222451 DTXSID40376130 DTXSID30791999 DTXSID60896426 DTXSID30889002 DTXSID10896395 DTXSID40698521 DTXSID60896042 DTXSID00430101 DTXSID60327083 DTXSID70607767 DTXSID50523178
DTXSID40673171	DTXSID50283649 DTXSID40436167 DTXSID40152835 DTXSID70609605 DTXSID30373673 DTXSID00697257 DTXSID90753492 DTXSID10842453 DTXSID30357635 DTXSID10389373 DTXSID90284478 DTXSID40708639 DTXSID20733565 DTXSID60476747 DTXSID60557545 DTXSID80396852 DTXSID50853169 DTXSID60298688 DTXSID60661651 DTXSID70237664
DTXSID50450930	DTXSID20406141 DTXSID00839751 DTXSID30750945 DTXSID60725101 DTXSID70315971 DTXSID40390932 DTXSID50406932 DTXSID10198205 DTXSID40758917 DTXSID10408856 DTXSID50635285 DTXSID30280974 DTXSID60340974 DTXSID20647693 DTXSID80814102 DTXSID80440647 DTXSID10563479 DTXSID20398810 DTXSID50395110 DTXSID40757309
DTXSID60395601	DTXSID00818920 DTXSID40288087 DTXSID7067089 DTXSID40367063 DTXSID80446866 DTXSID80563921 DTXSID10368683 DTXSID80815270 DTXSID00446909 DTXSID80351906 DTXSID10399275 DTXSID90571976 DTXSID70485608 DTXSID80585729 DTXSID40326877 DTXSID30831086 DTXSID10886357 DTXSID50383592 DTXSID40490704 DTXSID60557242
DTXSID40566478	DTXSID00509104 DTXSID50321555 DTXSID60285093 DTXSID70448359 DTXSID00503965 DTXSID50281206 DTXSID10485541 DTXSID1063512 DTXSID30306209 DTXSID20183980 DTXSID10405921 DTXSID40442061 DTXSID10439589 DTXSID90451623 DTXSID0051318 DTXSID70165099 DTXSID10546803 DTXSID20368654 DTXSID10442659 DTXSID50520026
DTXSID60522172	DTXSID40719366 DTXSID60796033 DTXSID90401769 DTXSID70737932 DTXSID10479400 DTXSID60148270 DTXSID60813476 DTXSID30243488 DTXSID80576374 DTXSID30789412 DTXSID70531250 DTXSID00173001 DTXSID40674047 DTXSID80783400 DTXSID30612413 DTXSID50653984 DTXSID10772044 DTXSID50290732 DTXSID50888532 DTXSID10673926
DTXSID60694484	DTXSID00815070 DTXSID60315304 DTXSID40303729 DTXSID90737919 DTXSID90675241 DTXSID40143001 DTXSID40470283 DTXSID10165497 DTXSID1051692 DTXSID50515371 DTXSID40431657 DTXSID00885839 DTXSID70280034 DTXSID80720234 DTXSID70770268 DTXSID30592145 DTXSID60580217 DTXSID00719322 DTXSID60886165 DTXSID40741889
DTXSID20323405	DTXSID40380191 DTXSID10572526 DTXSID70424335 DTXSID20879593 DTXSID40523066 DTXSID80604000 DTXSID80495753 DTXSID20364156 DTXSID00645617 DTXSID1071743 DTXSID30234336 DTXSID20216883 DTXSID80482421 DTXSID80180798 DTXSID40230026 DTXSID90668739 DTXSID40693273 DTXSID70737457 DTXSID60569264 DTXSID20656245
DTXSID50538580	DTXSID40144179 DTXSID40324171 DTXSID50381795 DTXSID00625535 DTXSID80354750 DTXSID60573200 DTXSID60674125 DTXSID10406059 DTXSID90427267 DTXSID10876213 DTXSID50671709 DTXSID70712704 DTXSID40589445 DTXSID50684233 DTXSID70629489 DTXSID00444107 DTXSID80346776 DTXSID30600355 DTXSID40762559 DTXSID30666870
DTXSID70622612	DTXSID90765171 DTXSID00775887 DTXSID10783438 DTXSID80560258 DTXSID40208523 DTXSID6063511 DTXSID30702166 DTXSID2063765 DTXSID90660430 DTXSID90302606 DTXSID80576899 DTXSID4052005 DTXSID1062546 DTXSID00559144 DTXSID80770815 DTXSID60751309 DTXSID90209025 DTXSID60173926 DTXSID70587777 DTXSID80793165
DTXSID50275680	DTXSID90762382 DTXSID40766118 DTXSID10829820 DTXSID4057716 DTXSID90577150 DTXSID50226339 DTXSID4072813 DTXSID60701965 DTXSID70582085 DTXSID3063966 DTXSID30415608 DTXSID70697481 DTXSID90305298 DTXSID30276034 DTXSID8069648 DTXSID40747503 DTXSID20835659 DTXSID90415609 DTXSID70742102 DTXSID80833590
DTXSID50669924	DTXSID90319299 DTXSID80732155 DTXSID80304336 DTXSID90694957 DTXSID60578412 DTXSID30671207 DTXSID30676873 DTXSID10653127 DTXSID80516730 DTXSID00199842 DTXSID50837444 DTXSID40629911 DTXSID50528168 DTXSID00646629 DTXSID10508668 DTXSID20646787 DTXSID70553659 DTXSID50701111 DTXSID80700192 DTXSID60646347
DTXSID20504696	DTXSID90193935 DTXSID60441415 DTXSID00322673 DTXSID40540213 DTXSID90525914 DTXSID90385338 DTXSID50663063 DTXSID70170840 DTXSID80647316 DTXSID00295777 DTXSID50430015 DTXSID70472139 DTXSID20292960 DTXSID00712717 DTXSID90485307 DTXSID60658162 DTXSID60668665 DTXSID80652703 DTXSID80199027 DTXSID50486638
DTXSID50624255	DTXSID90473103 DTXSID70393678 DTXSID80393503 DTXSID60560913 DTXSID10539896 DTXSID10556407 DTXSID00844643 DTXSID40852686 DTXSID30544482 DTXSID90369390 DTXSID00839978 DTXSID70652898 DTXSID40210247 DTXSID00355800 DTXSID70582368 DTXSID00727482 DTXSID40192433 DTXSID70541990 DTXSID90390240 DTXSID6033241
DTXSID90429206	DTXSID80296106 DTXSID90585376 DTXSID8059007 DTXSID60819953 DTXSID50351094 DTXSID40233512 DTXSID30661188 DTXSID50520142 DTXSID30676515 DTXSID00372618 DTXSID80449256 DTXSID00555646 DTXSID30553978 DTXSID00728974 DTXSID70181390 DTXSID60177348 DTXSID80323562 DTXSID50300042 DTXSID70585778 DTXSID10367292
DTXSID90857000	DTXSID10354228 DTXSID60837258 DTXSID50485005 DTXSID30704488 DTXSID30755016 DTXSID40431016 DTXSID00522398 DTXSID50640834 DTXSID30395390 DTXSID70783656 DTXSID30525913 DTXSID70645684 DTXSID40279910 DTXSID8061133 DTXSID30671560 DTXSID10496253 DTXSID40207819 DTXSID60385461 DTXSID50538207 DTXSID60528699
DTXSID20730756	DTXSID20629893 DTXSID90316728 DTXSID20580733 DTXSID90325830 DTXSID10143472 DTXSID00338355 DTXSID9021394 DTXSID70377413 DTXSID20376158 DTXSID40711481 DTXSID00403350 DTXSID10618478 DTXSID70666536 DTXSID70511118 DTXSID30661047 DTXSID60576635 DTXSID70214273 DTXSID10856212 DTXSID30694618 DTXSID0041773
DTXSID90397557	DTXSID30627547 DTXSID60308998 DTXSID10820291 DTXSID80438903 DTXSID40464884 DTXSID30641187 DTXSID00440826 DTXSID30362789 DTXSID10345656 DTXSID30678498 DTXSID90729455 DTXSID50580049 DTXSID30176388 DTXSID20603496 DTXSID10842610 DTXSID20277616 DTXSID70858136 DTXSID70828995 DTXSID40677391 DTXSID70742980
DTXSID50303033	DTXSID50193274 DTXSID40632283 DTXSID00405117 DTXSID60734213 DTXSID7057787 DTXSID90662833 DTXSID00293935 DTXSID00588237 DTXSID50848994 DTXSID20840788 DTXSID90817745 DTXSID70176266 DTXSID70471445 DTXSID60576312 DTXSID70399418 DTXSID80238243 DTXSID10496814 DTXSID00568670 DTXSID10218755 DTXSID10478690
DTXSID70564664	DTXSID40811839 DTXSID60884823 DTXSID30538700 DTXSID50791274 DTXSID40532355 DTXSID50482655 DTXSID50632714 DTXSID00778656 DTXSID30809604 DTXSID70453201 DTXSID40279031 DTXSID40815736 DTXSID10790102 DTXSID60240440 DTXSID00281615 DTXSID90462451 DTXSID00339069 DTXSID60812121 DTXSID60468920 DTXSID00786099
DTXSID1063691	DTXSID40661119 DTXSID60170096 DTXSID80543420 DTXSID30666274 DTXSID30544023 DTXSID20318497 DTXSID90696739 DTXSID70409389 DTXSID90616912 DTXSID20781243 DTXSID30444615 DTXSID10563075 DTXSID40180330 DTXSID30733677 DTXSID30314602 DTXSID30837361 DTXSID50799997 DTXSID80876684 DTXSID60442705 DTXSID60405779
DTXSID00428225	DTXSID50561535 DTXSID00513665 DTXSID30733839 DTXSID20423292 DTXSID90337312 DTXSID00655630 DTXSID10650979 DTXSID10770409 DTXSID40513705 DTXSID70488816 DTXSID20324558 DTXSID00143623 DTXSID50589017 DTXSID90506460 DTXSID70316448 DTXSID10573876 DTXSID90624653 DTXSID90388288 DTXSID10705413 DTXSID90879368
DTXSID50768183	DTXSID20823753 DTXSID10306424 DTXSID80535885 DTXSID30873623 DTXSID20747682 DTXSID20297238 DTXSID80284760 DTXSID50213486 DTXSID10729917 DTXSID50488016 DTXSID20390738 DTXSID50186787 DTXSID60612825 DTXSID20386156 DTXSID70496658 DTXSID40741864 DTXSID80527407 DTXSID60184956 DTXSID80513800 DTXSID80356693
DTXSID00440381	DTXSID90408475 DTXSID8024365 DTXSID10154821 DTXSID20292960 DTXSID40177548 DTXSID00308578 DTXSID50759132 DTXSID50486638 DTXSID70157217 DTXSID50664656 DTXSID00490846 DTXSID50737298 DTXSID10660230 DTXSID40222441 DTXSID10291624 DTXSID90193935 DTXSID20603350 DTXSID60876682 DTXSID30217321 DTXSID0059114
DTXSID1042659	DTXSID40711103 DTXSID70817627 DTXSID50838597 DTXSID20888226 DTXSID60816765 DTXSID10699207 DTXSID40751968 DTXSID20363886 DTXSID70439005 DTXSID10551876 DTXSID50675242 DTXSID20567049 DTXSID20463411 DTXSID70517256 DTXSID00655190 DTXSID50469825 DTXSID70733176 DTXSID80844106 DTXSID00764791 DTXSID70645649
DTXSID80222783	DTXSID20520119 DTXSID30849560 DTXSID20661056 DTXSID70646651 DTXSID90343534 DTXSID10505874 DTXSID60603455 DTXSID60357421 DTXSID30460577 DTXSID30344888 DTXSID40509007 DTXSID00711265 DTXSID40456163 DTXSID60458689 DTXSID50301953 DTXSID20299676 DTXSID10519178 DTXSID20785226 DTXSID10726325 DTXSID70199334
DTXSID10761256	DTXSID30668910 DTXSID0024397 DTXSID30506823 DTXSID10437121 DTXSID30653462 DTXSID40697812 DTXSID80835635 DTXSID90787030 DTXSID30283405 DTXSID20336196 DTXSID20213736 DTXSID30314602 DTXSID00534971 DTXSID80199320 DTXSID30635122 DTXSID10403725 DTXSID40574457 DTXSID70513854 DTXSID80409214 DTXSID30323618
DTXSID10814695	DTXSID70652434 DTXSID60875877 DTXSID10199636 DTXSID20151705 DTXSID80780792 DTXSID20416442 DTXSID90759338 DTXSID10579717 DTXSID70599390 DTXSID20322453 DTXSID10712889 DTXSID70621009 DTXSID90445805 DTXSID30207525 DTXSID40194558 DTXSID80442686 DTXSID40570439 DTXSID50662359 DTXSID20811357 DTXSID80324357
DTXSID50304449	DTXSID90370522 DTXSID00508096 DTXSID90802010 DTXSID20867834 DTXSID00196518 DTXSID10651542 DTXSID40633972 DTXSID40280980 DTXSID20378692 DTXSID30474098 DTXSID70837562 DTXSID40696461 DTXSID80851239 DTXSID50569319 DTXSID20679136 DTXSID80771766 DTXSID00390236 DTXSID00183887 DTXSID60727382 DTXSID0073291
DTXSID80660707	DTXSID20503927 DTXSID00632961 DTXSID90375214 DTXSID60761685 DTXSID90565294 DTXSID70487304 DTXSID00715541 DTXSID90277789 DTXSID10144949 DTXSID40163406 DTXSID50840392 DTXSID30753395 DTXSID90847486 DTXSID50878074 DTXSID90536565 DTXSID00507064 DTXSID00701883 DTXSID00616882 DTXSID70822074 DTXSID50170787
DTXSID80556898	DTXSID80499110 DTXSID00606980 DTXSID50364467 DTXSID60303226 DTXSID00497850 DTXSID20597765 DTXSID70397272 DTXSID50596246 DTXSID60556013 DTXSID20680742 DTXSID90740544 DTXSID50208059 DTXSID30588240 DTXSID30716364 DTXSID70615761 DTXSID90497425 DTXSID20717067 DTXSID30716324 DTXSID50590749 DTXSID40405636
DTXSID4065604	DTXSID90179198 DTXSID80615070 DTXSID70603769 DTXSID6048096 DTXSID8046791 DTXSID20167826 DTXSID70740461 DTXSID70852235 DTXSID00694584 DTXSID20640220 DTXSID40773322 DTXSID00423917 DTXSID70499624 DTXSID00635194 DTXSID20801152 DTXSID20212729 DTXSID40143485 DTXSID50497966 DTXSID10297585 DTXSID40173409
DTXSID80711127	DTXSID80609398 DTXSID30879726 DTXSID70438513 DTXSID50176128 DTXSID00802263 DTXSID40482043 DTXSID00453198 DTXSID20351187 DTXSID00631772 DTXSID40559067 DTXSID60674281 DTXSID00570016 DTXSID80214022 DTXSID40543966 DTXSID70484191 DTXSID10342625 DTXSID60745223 DTXSID40191269 DTXSID1065899 DTXSID00421630
DTXSID20656442	DTXSID90695126 DTXSID10180100 DTXSID50624417 DTXSID10699722 DTXSID30876912 DTXSID3042269 DTXSID00199488 DTXSID80369485 DTXSID00412780 DTXSID40802181 DTXSID00534259 DTXSID90854731 DTXSID10806994 DTXSID10552787 DTXSID00493059 DTXSID60831579 DTXSID50560644 DTXSID00514773 DTXSID20903968 DTXSID60693876
DTXSID60560913	DTXSID30544482 DTXSID00727482 DTXSID90473103 DTXSID40852686 DTXSID40192433 DTXSID50624255 DTXSID10539896 DTXSID00355800 DTXSID00844643 DTXSID70582368 DTXSID10556407 DTXSID70652898 DTXSID90369390 DTXSID10561314 DTXSID80463679 DTXSID00839978 DTXSID6033241 DTXSID70393678 DTXSID80393503 DTXSID90390240
DTXSID50285360	DTXSID20759705 DTXSID10797277 DTXSID70666273 DTXSID50341793 DTXSID50195879 DTXSID10392968 DTXSID60533288 DTXSID30873582 DTXSID60533889 DTXSID20528296 DTXSID90772002 DTXSID40433691 DTXSID80202505 DTXSID40797886 DTXSID70561092 DTXSID10696150 DTXSID60434766 DTXSID20633374 DTXSID80522134 DTXSID30796606
DTXSID00811012	DTXSID30725638 DTXSID90485165 DTXSID20449654 DTXSID70848557 DTXSID50726480 DTXSID60240187 DTXSID70490555 DTXSID90176884 DTXSID00216947 DTXSID20579748 DTXSID80651337 DTXSID00425996 DTXSID00660507 DTXSID90381395 DTXSID20697451 DTXSID90187596 DTXSID70345692 DTXSID50340887 DTXSID10492816 DTXSID80347102
DTXSID10810733	DTXSID70659443 DTXSID70787230 DTXSID60729402 DTXSID80350737 DTXSID30490970 DTXSID80463452 DTXSID20364510 DTXSID40756736 DTXSID40164599 DTXSID00452045 DTXSID30642230 DTXSID20222787 DTXSID30546800 DTXSID80466488 DTXSID70663227 DTXSID20604968 DTXSID30856476 DTXSID40684601 DTXSID40812861 DTXSID20478000
DTXSID20509580	DTXSID70341093 DTXSID90390240 DTXSID70652898 DTXSID00355800 DTXSID80463679 DTXSID40192418 DTXSID40348579 DTXSID50508400 DTXSID70541990 DTXSID30544482 DTXSID40852686 DTXSID40538872 DTXSID50342306 DTXSID70582368 DTXSID40210247 DTXSID60560913 DTXSID20707948 DTXSID90473103 DTXSID90578465 DTXSID50518867
DTXSID00651056	DTXSID00655433 DTXSID10669849 DTXSID60770393 DTXSID80784659 DTXSID90519151 DTXSID60421353 DTXSID80648545 DTXSID10640299 DTXSID50152285 DTXSID20887118 DTXSID80394919 DTXSID70515318 DTXSID20704255 DTXSID5044811 DTXSID20771341 DTXSID00401154 DTXSID60655595 DTXSID80594452 DTXSID90390301 DTXSID80177047
DTXSID10818850	DTXSID30662877 DTXSID50401306 DTXSID10228319 DTXSID80478263 DTXSID10329471 DTXSID40602800 DTXSID00697494 DTXSID50538646 DTXSID30805207 DTXSID90573157 DTXSID70827923 DTXSID10420715 DTXSID30476911 DTXSID90294375 DTXSID10896254 DTXSID40640585 DTXSID70353277 DTXSID70303818 DTXSID60700534 DTXSID30551237
DTXSID40726050	DTXSID30711410 DTXSID00520894 DTXSID10506361 DTXSID20354471 DTXSID00480469 DTXSID70649283 DTXSID20642128 DTXSID20445712 DTXSID60351681 DTXSID50225620 DTXSID90668592 DTXSID60618529 DTXSID50368506 DTXSID00384771 DTXSID60680908 DTXSID20168772 DTXSID20419099 DTXSID00508773 DTXSID10366846 DTXSID50683468
DTXSID60228965	DTXSID00410423 DTXSID30458691 DTXSID30854114 DTXSID30714365 DTXSID40435276 DTXSID50801589 DTXSID70591854 DTXSID00852703 DTXSID10672434 DTXSID40751488 DTXSID30483862 DTXSID70671600 DTXSID50589754 DTXSID50226213 DTXSID1044514 DTXSID20370717 DTXSID40510698 DTXSID20275490 DTXSID00409352 DTXSID10844876
DTXSID80180798	DTXSID20776795 DTXSID00503940 DTXSID10743870 DTXSID20879593 DTXSID10352183 DTXSID20680621 DTXSID1071743 DTXSID40181286 DTXSID70584923 DTXSID40380191 DTXSID10572526 DTXSID10708141 DTXSID90200198 DTXSID50381154 DTXSID60532291 DTXSID60569264 DTXSID50420133 DTXSID30618773 DTXSID30855843 DTXSID40230026
DTXSID30708168	DTXSID20815799 DTXSID90598229 DTXSID50893606 DTXSID00822163 DTXSID80594755 DTXSID00663412 DTXSID50675065 DTXSID80351481 DTXSID20590271 DTXSID50427167 DTXSID40169908 DTXSID00587649 DTXSID30167650 DTXSID90570505 DTXSID60353524 DTXSID60317383 DTXSID20645255 DTXSID80653437 DTXSID10303695 DTXSID40669115
DTXSID30505336	DTXSID90156823 DTXSID10282310 DTXSID00528158 DTXSID50546887 DTXSID60583001 DTXSID10564764 DTXSID50670919 DTXSID30419742 DTXSID60358175 DTXSID20655894 DTXSID50206878 DTXSID70499149 DTXSID40538554 DTXSID60284147 DTXSID20591743 DTXSID00701106 DTXSID90354120 DTXSID10726481 DTXSID10435248 DTXSID40321322
DTXSID60700236	DTXSID30620174 DTXSID20393587 DTXSID00745368 DTXSID70855781 DTXSID70742102 DTXSID40747503 DTXSID70619608 DTXSID30303192 DTXSID00508677 DTXSID70314969 DTXSID90305298 DTXSID70732487 DTXSID60319089 DTXSID80478324 DTXSID70697481 DTXSID3063966 DTXSID60744251 DTXSID70582085 DTXSID30847288 DTXSID10212475
DTXSID50481325	DTXSID20879154 DTXSID90664317 DTXSID50454276 DTXSID70388408 DTXSID50594348 DTXSID20427937 DTXSID80503569 DTXSID30876412 DTXSID60696529 DTXSID00312413 DTXSID30889784 DTXSID00645374 DTXSID70742607 DTXSID40287813 DTXSID70729352 DTXSID90884376 DTXSID30532480 DTXSID30766203 DTXSID30191596 DTXSID70678917
DTXSID90487361	DTXSID40585927 DTXSID30754024 DTXSID90626273 DTXSID70733090 DTXSID90446155 DTXSID80723543 DTXSID00671936 DTXSID70646297 DTXSID30351057 DTXSID00646220 DTXSID10557257 DTXSID10705852 DTXSID40493270 DTXSID60444305 DTXSID80648161 DTXSID20634806 DTXSID80729005 DTXSID30725810 DTXSID50167293 DTXSID50729193
DTXSID30208956	DTXSID60745268 DTXSID40429296 DTXSID60436442 DTXSID10582342 DTXSID00622867 DTXSID70477588 DTXSID90278690 DTXSID50629068 DTXSID80351683 DTXSID40831017 DTXSID40658504 DTXSID40196774 DTXSID10307991 DTXSID40492662 DTXSID20431074 DTXSID70788823 DTXSID50856377 DTXSID10506922 DTXSID90174022 DTXSID90198723
DTXSID80402341	DTXSID70379053 DTXSID50656218 DTXSID30201705 DTXSID8036653 DTXSID30496230 DTXSID70562589 DTXSID40276348 DTXSID90182288 DTXSID90578445 DTXSID40786316 DTXSID30818574 DTXSID00697813 DTXSID70642456 DTXSID50559694 DTXSID80519504 DTXSID60695476 DTXSID40490688 DTXSID90306129 DTXSID30757297 DTXSID70674131
DTXSID20459617	DTXSID60573543 DTXSID90595036 DTXSID10721299 DTXSID5066089 DTXSID10853165 DTXSID00732571 DTXSID00873296 DTXSID30850116 DTXSID80729641 DTXSID30435361 DTXSID20740698 DTXSID9069849 DTXSID90786326 DTXSID60526094 DTXSID00325563 DTXSID20288045 DTXSID80407816 DTXSID90562940 DTXSID50862599 DTXSID70464776
DTXSID40490704	DTXSID30787579 DTXSID00446909 DTXSID00375386 DTXSID70505077 DTXSID10399275 DTXSID1068437 DTXSID10805644 DTXSID70883569 DTXSID40288087 DTXSID30517191 DTXSID20674247 DTXSID80585729 DTXSID80563921 DTXSID7067089 DTXSID10368683 DTXSID60395601 DTXSID40775720 DTXSID80446866 DTXSID80815270 DTXSID30600895
DTXSID40344319	DTXSID20301864 DTXSID40165465 DTXSID00725569 DTXSID50610734 DTXSID60632568 DTXSID90332584 DTXSID80541527 DTXSID80694683 DTXSID10214297 DTXSID10166661 DTXSID20652828 DTXSID00618124 DTXSID40663355 DTXSID40675519 DTXSID50632779 DTXSID20545827 DTXSID80726812 DTXSID20680929 DTXSID20472346 DTXSID50850557
DTXSID40618926	DTXSID70675103 DTXSID00370699 DTXSID40356114 DTXSID70509853 DTXSID70307316 DTXSID90557553 DTXSID20670047 DTXSID60670142 DTXSID60154018 DTXSID9061178 DTXSID10592880 DTXSID10403669 DTXSID30375137 DTXSID20800029 DTXSID00774916 DTXSID00326196 DTXSID30288591 DTXSID00330692 DTXSID40684601 DTXSID80661133
DTXSID50570960	DTXSID60293931 DTXSID00431456 DTXSID70662836 DTXSID10556543 DTXSID10618094 DTXSID20616804 DTXSID10223829 DTXSID90383879 DTXSID80665479 DTXSID90516105 DTXSID10672419 DTXSID70579652 DTXSID50154325 DTXSID10294832 DTXSID30759337 DTXSID70428934 DTXSID40415351 DTXSID10154664 DTXSID00165648 DTXSID10876652
DTXSID1068807	DTXSID40534975 DTXSID10337657 DTXSID30550028 DTXSID80553504 DTXSID6063226 DTXSID60325842 DTXSID70327857 DTXSID30528282 DTXSID80798099 DTXSID90556268 DTXSID10418177 DTXSID10773617 DTXSID30451107 DTXSID80559561 DTXSID3068883 DTXSID90823245 DTXSID30827146 DTXSID40781063 DTXSID5051311 DTXSID30188729
DTXSID20694627	DTXSID70879341 DTXSID50850557 DTXSID10399351 DTXSID20676923 DTXSID00739348 DTXSID00618124 DTXSID30291383 DTXSID10446950 DTXSID70731571 DTXSID80541527 DTXSID90330949 DTXSID50632779 DTXSID10166661 DTXSID3042180 DTXSID00375361 DTXSID50557377 DTXSID40504658 DTXSID70599254 DTXSID20346174 DTXSID70768221
DTXSID40211794	DTXSID30638436 DTXSID50722124 DTXSID90714886 DTXSID70670234 DTXSID40616169 DTXSID60283579 DTXSID70849943 DTXSID30704064 DTXSID40397845 DTXSID80345805 DTXSID60795809 DTXSID40632869 DTXSID10658374 DTXSID90177598 DTXSID20442807 DTXSID20765467 DTXSID50304964 DTXSID00281357 DTXSID90668794 DTXSID90797093
DTXSID70559191	DTXSID40462249 DTXSID50621249 DTXSID80502759 DTXSID30567075 DTXSID70359395 DTXSID20476162 DTXSID50709910 DTXSID00523683 DTXSID70241625 DTXSID00444344 DTXSID50527777 DTXSID50354681 DTXSID10518101 DTXSID00452565 DTXSID70328364 DTXSID40339083 DTXSID20241751 DTXSID50728005 DTXSID70466457 DTXSID20509883
DTXSID80595247	DTXSID90707096 DTXSID10359354 DTXSID20682347 DTXSID60179988 DTXSID80729803 DTXSID70694495 DTXSID80338510 DTXSID30493143 DTXSID10289521 DTXSID10471782 DTXSID60649297 DTXSID20796933 DTXSID00755240 DTXSID50610431 DTXSID30701937 DTXSID90276212 DTXSID60835597 DTXSID1066104 DTXSID30384628 DTXSID80449453
DTXSID50739813	DTXSID70694839 DTXSID50601960 DTXSID40757627 DTXSID70214475 DTXSID20189700 DTXSID40575409 DTXSID60408361 DTXSID80563204 DTXSID80172734 DTXSID30427584 DTXSID50630316 DTXSID80418427 DTXSID70742607 DTXSID50454276 DTXSID70288813 DTXSID60170258 DTXSID30356901 DTXSID40495138 DTXSID80621994 DTXSID90445749
DTXSID20316332	DTXSID90344400 DTXSID50704445 DTXSID80375703 DTXSID20155783 DTXSID3057729 DTXSID40734716 DTXSID30809003 DTXSID00154815 DTXSID00429333 DTXSID70896038 DTXSID80481954 DTXSID00618321 DTXSID50350724 DTXSID50659820 DTXSID80737281 DTXSID30717058 DTXSID30823229 DTXSID20635878 DTXSID20832224 DTXSID60600166
DTXSID50208236	DTXSID60664203 DTXSID20294540 DTXSID00461617 DTXSID20856622 DTXSID00195960 DTXSID10742747 DTXSID10627328 DTXSID00391167 DTXSID20807311 DTXSID20895733 DTXSID30527699 DTXSID30742365 DTXSID20198872 DTXSID50595032 DTXSID50180543 DTXSID40697913 DTXSID60587524 DTXSID90520383 DTXSID80422327 DTXSID90198723
DTXSID70477361	DTXSID70880614 DTXSID50771354 DTXSID90423986 DTXSID20801632 DTXSID60615952 DTXSID50718047 DTXSID6066862 DTXSID80766536 DTXSID1070856 DTXSID30519534 DTXSID50718906 DTXSID40338031 DTXSID20818129 DTXSID20837451 DTXSID50404352 DTXSID80437850 DTXSID60388215 DTXSID70399014 DTXSID60818128 DTXSID70596485
DTXSID50524963	DTXSID40650068 DTXSID70721139 DTXSID90362422 DTXSID30350580 DTXSID10590482 DTXSID70671842 DTXSID60705544 DTXSID60802643 DTXSID80354715 DTXSID40556990 DTXSID90450050 DTXSID40508934 DTXSID90457286 DTXSID70782861 DTXSID90567016 DTXSID90396409 DTXSID70243846 DTXSID50678379 DTXSID00327365 DTXSID40710035
DTXSID50568185	DTXSID20203379 DTXSID00542970 DTXSID70531336 DTXSID60513909 DTXSID40285733 DTXSID60219237 DTXSID70507091 DTXSID60183020 DTXSID80615999 DTXSID20443455 DTXSID70825323 DTXSID70325893 DTXSID00340731 DTXSID80332674 DTXSID60599405 DTXSID10825483 DTXSID60797944 DTXSID50786221 DTXSID90449848 DTXSID00816724
DTXSID10212011	DTXSID00802182 DTXSID80284826 DTXSID20657292 DTXSID80637257 DTXSID10661722 DTXSID70477947 DTXSID30568360 DTXSID30651367 DTXSID30325278 DTXSID80877338 DTXSID30819304 DTXSID10788827 DTXSID0035748 DTXSID00678208 DTXSID00759581 DTXSID00612400 DTXSID90845265 DTXSID50277806 DTXSID40682364 DTXSID10463425
DTXSID5060726	DTXSID00345867 DTXSID00340756 DTXSID10527511 DTXSID70521479 DTXSID60344770 DTXSID60545649 DTXSID10241220 DTXSID50492532 DTXSID40790857 DTXSID20565449 DTXSID8067105 DTXSID40283895 DTXSID80633774 DTXSID10448353 DTXSID30757656 DTXSID80771069 DTXSID10475826 DTXSID50627443 DTXSID70641227 DTXSID90199053
DTXSID60180615	DTXSID90478072 DTXSID60696105 DTXSID10534740 DTXSID30669765 DTXSID10695340 DTXSID80176712 DTXSID10377159 DTXSID10680579 DTXSID40562793 DTXSID80146455 DTXSID20286440 DTXSID00896344 DTXSID20450083 DTXSID20656927 DTXSID40717029 DTXSID60896067 DTXSID00734090 DTXSID10551290 DTXSID10840136 DTXSID30857589
DTXSID50186787	DTXSID80535885 DTXSID20386156 DTXSID50213486 DTXSID80356693 DTXSID90771979 DTXSID20823753 DTXSID20389647 DTXSID20297238 DTXSID80527407 DTXSID70659620 DTXSID20390738 DTXSID40620483 DTXSID10400618 DTXSID90330247 DTXSID60612921 DTXSID50768183 DTXSID60791689 DTXSID60633636 DTXSID70484651 DTXSID20747682
DTXSID80456228	DTXSID70356086 DTXSID90883667 DTXSID40610364 DTXSID00842563 DTXSID90799633 DTXSID90352303 DTXSID50790207 DTXSID40835055 DTXSID80278947 DTXSID50549631 DTXSID60484049 DTXSID10645683 DTXSID70281066 DTXSID60278066 DTXSID70296695 DTXSID60460080 DTXSID80484844 DTXSID30671565 DTXSID70280852 DTXSID40606782
DTXSID00895933	DTXSID00362579 DTXSID90482134 DTXSID20288681 DTXSID50170323 DTXSID50321732 DTXSID00393560 DTXSID20449336 DTXSID60657039 DTXSID60524373 DTXSID90366985 DTXSID90730243 DTXSID1071458 DTXSID90300667 DTXSID30818579 DTXSID30165636 DTXSID50758726 DTXSID90733219 DTXSID80834981 DTXSID90527650 DTXSID30874115
DTXSID60232421	DTXSID10518868 DTXSID30405908 DTXSID10525310 DTXSID40551526 DTXSID90711198 DTXSID20776098 DTXSID90621465 DTXSID40195489 DTXSID3061552 DTXSID70593176 DTXSID30344949 DTXSID30794804 DTXSID8022169 DTXSID20381262 DTXSID30278654 DTXSID9044164 DTXSID30544588 DTXSID20378874 DTXSID40405939 DTXSID40851134
DTXSID70651563	DTXSID20437475 DTXSID20538310 DTXSID20626403 DTXSID20590251 DTXSID30591799 DTXSID70308222 DTXSID30490596 DTXSID00513983 DTXSID30428657 DTXSID00625858 DTXSID90787550 DTXSID80170356 DTXSID70670138 DTXSID10462918 DTXSID00466667 DTXSID30673064 DTXSID90346863 DTXSID1069952 DTXSID00856726 DTXSID20500274
DTXSID70721432	DTXSID50311390 DTXSID60365268 DTXSID40468009 DTXSID00546650 DTXSID40462704 DTXSID30748463 DTXSID80444004 DTXSID60454661 DTXSID50479863 DTXSID80777521 DTXSID20597482 DTXSID10471545 DTXSID50742761 DTXSID60168776 DTXSID80742077 DTXSID50378741 DTXSID2024791 DTXSID10181490 DTXSID70655400 DTXSID70721134
DTXSID80604000	DTXSID90708402 DTXSID10345656 DTXSID30734048 DTXSID80495753 DTXSID90810493 DTXSID70431468 DTXSID20323405 DTXSID30641187 DTXSID10842610 DTXSID50382641 DTXSID40523066 DTXSID60308998 DTXSID40751706 DTXSID80482421 DTXSID70828995 DTXSID70858136 DTXSID90843903 DTXSID50490730 DTXSID20216883 DTXSID40693273
DTXSID50485005	DTXSID50640834 DTXSID30704488 DTXSID60282168 DTXSID10352800 DTXSID60837258 DTXSID90857000 DTXSID60603536 DTXSID70783656 DTXSID70645684 DTXSID00567961 DTXSID50538207 DTXSID40431016 DTXSID40633972 DTXSID60652327 DTXSID0073291 DTXSID30755016 DTXSID10354228 DTXSID00850087 DTXSID10292035 DTXSID00522398
DTXSID70651568	DTXSID50766366 DTXSID60557242 DTXSID80351906 DTXSID80342879 DTXSID50502221 DTXSID1051800 DTXSID50858472 DTXSID40326877 DTXSID30831086 DTXSID60606582 DTXSID90328629 DTXSID10787971 DTXSID90530942 DTXSID80795720 DTXSID50693663 DTXSID70485608 DTXSID10391618 DTXSID70565833 DTXSID10886357 DTXSID50528269
DTXSID70721437	DTXSID00513983 DTXSID00466667 DTXSID30789876 DTXSID10340949 DTXSID30490596 DTXSID80373744 DTXSID10749579 DTXSID80593349 DTXSID30673064 DTXSID20437475 DTXSID20500274 DTXSID30466650 DTXSID00625858 DTXSID70651563 DTXSID30306426 DTXSID90626950 DTXSID90383293 DTXSID20192491 DTXSID90375138 DTXSID00720635
DTXSID80499392	DTXSID60645335 DTXSID90635143 DTXSID40214245 DTXSID50160901 DTXSID70563218 DTXSID00153121 DTXSID90412517 DTXSID80367027 DTXSID20289310 DTXSID00876464 DTXSID10590306 DTXSID40299936 DTXSID90310120 DTXSID00620621 DTXSID90517016 DTXSID50736766 DTXSID50395377 DTXSID20837330 DTXSID1073367 DTXSID00366613
DTXSID70343335	DTXSID00843479 DTXSID80545565 DTXSID80471779 DTXSID10485607 DTXSID80483211 DTXSID80196490 DTXSID40483212 DTXSID80738591 DTXSID20567509 DTXSID90335116 DTXSID50383592 DTXSID60179645 DTXSID80222480 DTXSID1052585 DTXSID90571976 DTXSID70306869 DTXSID00303785 DTXSID90353214 DTXSID00615431 DTXSID60675172
DTXSID90533993	DTXSID20656927 DTXSID80146455 DTXSID20509762 DTXSID60733680 DTXSID20663297 DTXSID80308495 DTXSID10472193 DTXSID20440303 DTXSID10343399 DTXSID70214298 DTXSID60640704 DTXSID00896344 DTXSID70428494 DTXSID50493822 DTXSID90768203 DTXSID70313634 DTXSID00168679 DTXSID10568964 DTXSID70649208 DTXSID20812728
DTXSID30306668	DTXSID90306669 DTXSID90782323 DTXSID10488239 DTXSID90171536 DTXSID10771234 DTXSID10462332 DTXSID80604368 DTXSID30617185 DTXSID50880672 DTXSID20557243 DTXSID70344842 DTXSID90517319 DTXSID60340732 DTXSID90567874 DTXSID70479325 DTXSID20535622 DTXSID80496346 DTXSID90719593 DTXSID00565760 DTXSID40440067
DTXSID20634806	DTXSID70646297 DTXSID00646220 DTXSID70733090 DTXSID90446155 DTXSID10777190 DTXSID00214044 DTXSID00857591 DTXSID30371053 DTXSID10646413 DTXSID10705852 DTXSID40348731 DTXSID90693208 DTXSID80729005 DTXSID70616314 DTXSID30401026 DTXSID90348968 DTXSID90370966 DTXSID90722921 DTXSID60469614 DTXSID90406719
DTXSID70346129	DTXSID00385925 DTXSID10508168 DTXSID60496400 DTXSID00621052 DTXSID70651442 DTXSID90226358 DTXSID60522556 DTXSID10421101 DTXSID80365068 DTXSID40488742 DTXSID90801861 DTXSID00733169 DTXSID00352677 DTXSID40532931 DTXSID90602815 DTXSID4062646 DTXSID90602370 DTXSID10240733 DTXSID50196109 DTXSID00514839
DTXSID90596028	DTXSID70324361 DTXSID90391712 DTXSID80391302 DTXSID50541579 DTXSID30277485 DTXSID70856511 DTXSID90850894 DTXSID50322764 DTXSID20841538 DTXSID30736769 DTXSID40712115 DTXSID10579015 DTXSID40467239 DTXSID90323199 DTXSID20514831 DTXSID60727382 DTXSID80733622 DTXSID50509235 DTXSID40517344 DTXSID60647298
DTXSID20567600	DTXSID40365680 DTXSID00371429 DTXSID50650554 DTXSID10729396 DTXSID70282316 DTXSID40708639 DTXSID80405837 DTXSID30420671 DTXSID7073771 DTXSID60661651 DTXSID60812722 DTXSID90753492 DTXSID10842453 DTXSID50853169 DTXSID10652953 DTXSID90701110 DTXSID60298688 DTXSID50879364 DTXSID20384137 DTXSID60784278
DTXSID90231780	DTXSID90171839 DTXSID20501903 DTXSID70571398 DTXSID70201941 DTXSID00791224 DTXSID20365502 DTXSID60437131 DTXSID30398023 DTXSID40595309 DTXSID30634539 DTXSID60621250 DTXSID20408963 DTXSID10221340 DTXSID50179351 DTXSID80209251 DTXSID80407179 DTXSID10845828 DTXSID30822737 DTXSID20673533 DTXSID90653105
DTXSID10895944	DTXSID10311533 DTXSID10288155 DTXSID60542335 DTXSID80896180 DTXSID40430160 DTXSID9072652 DTXSID40404280 DTXSID50776829 DTXSID30189978 DTXSID50342189 DTXSID00508773 DTXSID30479725 DTXSID60680908 DTXSID60233812 DTXSID80292683 DTXSID50452131 DTXSID60820660 DTXSID10565317 DTXSID80625119 DTXSID10506361
DTXSID10316220	DTXSID80597524 DTXSID20742591 DTXSID30661188 DTXSID70802775 DTXSID30676515 DTXSID90344526 DTXSID80404426 DTXSID00372618 DTXSID90518543 DTXSID80181841 DTXSID60177348 DTXSID10367292 DTXSID80449256 DTXSID40233512 DTXSID50524201 DTXSID80151882 DTXSID20876047 DTXSID80296106 DTXSID70614239 DTXSID10195315
DTXSID70726528	DTXSID00348838 DTXSID80628382 DTXSID30180364 DTXSID50354368 DTXSID00342891 DTXSID00348297 DTXSID50569415 DTXSID10555854 DTXSID00725807 DTXSID70307896 DTXSID00547167 DTXSID30180824 DTXSID60401190 DTXSID40628489 DTXSID70457502 DTXSID10377992 DTXSID00196871 DTXSID10383811 DTXSID40463534 DTXSID80621691
DTXSID40751968	DTXSID70439005 DTXSID10551876 DTXSID20888226 DTXSID50469825 DTXSID70817627 DTXSID60816765 DTXSID00655190 DTXSID1042659 DTXSID20463411 DTXSID20567049 DTXSID40711103 DTXSID00764791 DTXSID10699207 DTXSID70645649 DTXSID50838597 DTXSID50675242 DTXSID50296299 DTXSID30656776 DTXSID30787539 DTXSID30846155
DTXSID30447005	DTXSID60377861 DTXSID20723880 DTXSID20765669 DTXSID00209354 DTXSID60590538 DTXSID80603654 DTXSID80648242 DTXSID20639957 DTXSID40526577 DTXSID80336576 DTXSID90164640 DTXSID90657047 DTXSID30524481 DTXSID80674147 DTXSID80369228 DTXSID70766141 DTXSID10327533 DTXSID40493593 DTXSID90242250 DTXSID60844886
DTXSID70705772	DTXSID90548921 DTXSID80666542 DTXSID90284776 DTXSID90646759 DTXSID90234635 DTXSID40406567 DTXSID90362083 DTXSID10366846 DTXSID50368506 DTXSID30505255 DTXSID60574717 DTXSID00824708 DTXSID90780066 DTXSID20401419 DTXSID40187829 DTXSID70826658 DTXSID70495707 DTXSID00429853 DTXSID80822181 DTXSID20310830
DTXSID10580808	DTXSID10334005 DTXSID30510329 DTXSID10525618 DTXSID70571818 DTXSID30394525 DTXSID90359377 DTXSID20880720 DTXSID70675643 DTXSID80615616 DTXSID20580571 DTXSID70789032 DTXSID70580809 DTXSID00366512 DTXSID50483425 DTXSID10352582 DTXSID70527512 DTXSID90447248 DTXSID90223322 DTXSID10594844 DTXSID80808208
DTXSID70579652	DTXSID10556543 DTXSID40681493 DTXSID70841881 DTXSID80665479 DTXSID70296791 DTXSID70662836 DTXSID10672419 DTXSID80668364 DTXSID50570960 DTXSID50602699 DTXSID40460861 DTXSID90238173 DTXSID60293931 DTXSID60618206 DTXSID50154325 DTXSID40415351 DTXSID40786952 DTXSID00431456 DTXSID10876652 DTXSID00326035
DTXSID70290799	DTXSID90703659 DTXSID90437447 DTXSID70180323 DTXSID10705317 DTXSID50701292 DTXSID10676396 DTXSID80364511 DTXSID20815698 DTXSID5067392 DTXSID70445500 DTXSID9072286 DTXSID70793598 DTXSID90707354 DTXSID30275143 DTXSID40652860 DTXSID50211245 DTXSID30615747 DTXSID10614374 DTXSID50184864 DTXSID60855710
DTXSID60652327	DTXSID60338038 DTXSID40431016 DTXSID50538207 DTXSID20536457 DTXSID50485005 DTXSID10501119 DTXSID60835815 DTXSID10600595 DTXSID90325153 DTXSID50646674 DTXSID50640834 DTXSID40279910 DTXSID30671560 DTXSID60282168 DTXSID10352800 DTXSID30406531 DTXSID70498152 DTXSID20290880 DTXSID00850087 DTXSID90857000
DTXSID10530126	DTXSID50507099 DTXSID70177915 DTXSID70879422 DTXSID10206172 DTXSID20513824 DTXSID50287864 DTXSID20599643 DTXSID20455750 DTXSID00531006 DTXSID60437131 DTXSID20408963 DTXSID10845828 DTXSID80613339 DTXSID90462032 DTXSID10561314 DTXSID00531485 DTXSID30573292 DTXSID20716575 DTXSID10633489 DTXSID70571398
DTXSID20445999	DTXSID60640800 DTXSID40697155 DTXSID30627507 DTXSID50335233 DTXSID50799997 DTXSID30588169 DTXSID00758317 DTXSID70826239 DTXSID60405779 DTXSID20485153 DTXSID20380033 DTXSID50534148 DTXSID70513854 DTXSID20640866 DTXSID70734123 DTXSID70341018 DTXSID30556343 DTXSID30385110 DTXSID60842544 DTXSID20403231
DTXSID90591795	DTXSID00321565 DTXSID5073666 DTXSID10616959 DTXSID20465410 DTXSID30879120 DTXSID40492662 DTXSID60307108 DTXSID80294445 DTXSID00377461 DTXSID60620389 DTXSID50473568 DTXSID60377023 DTXSID60535000 DTXSID00695157 DTXSID20435693 DTXSID70192522 DTXSID30830751 DTXSID00506916 DTXSID10523215 DTXSID80336298
DTXSID00364578	DTXSID70418875 DTXSID80452144 DTXSID70706764 DTXSID30713515 DTXSID00438884 DTXSID40543441 DTXSID20190770 DTXSID30396761 DTXSID10786702 DTXSID80787827 DTXSID20653476 DTXSID40441716 DTXSID50460130 DTXSID00407575 DTXSID70569573 DTXSID30333176 DTXSID00735688 DTXSID30757772 DTXSID40641234 DTXSID90302707
DTXSID00567820	DTXSID00323105 DTXSID80199264 DTXSID90354903 DTXSID70283828 DTXSID30624051 DTXSID00768097 DTXSID20183001 DTXSID20631173 DTXSID40352752 DTXSID20857598 DTXSID40666346 DTXSID60703924 DTXSID10599536 DTXSID70708046 DTXSID60508234 DTXSID60728172 DTXSID30616294 DTXSID90782383 DTXSID00364871 DTXSID10289445
DTXSID80428006	DTXSID00736695 DTXSID90847123 DTXSID60307643 DTXSID20436221 DTXSID50283447 DTXSID90594246 DTXSID00307642 DTXSID40390270 DTXSID10694595 DTXSID60566016 DTXSID30618536 DTXSID80505982 DTXSID60610700 DTXSID30646551 DTXSID00211053 DTXSID60383684 DTXSID00739141 DTXSID20223597 DTXSID10427320 DTXSID70650152
DTXSID10571610	DTXSID20723749 DTXSID20654908 DTXSID30181270 DTXSID40423173 DTXSID80630460 DTXSID10624458 DTXSID10182583 DTXSID50806832 DTXSID60729821 DTXSID10440756 DTXSID90772845 DTXSID90474150 DTXSID80724631 DTXSID20462242 DTXSID20442145 DTXSID50310222 DTXSID50277765 DTXSID10720242 DTXSID90379454 DTXSID90185830
DTXSID40533943	DTXSID10350624 DTXSID40295857 DTXSID60707341 DTXSID70791175 DTXSID50844436 DTXSID00897119 DTXSID30350808 DTXSID00462285 DTXSID30537475 DTXSID70674131 DTXSID90278397 DTXSID00542450 DTXSID50607326 DTXSID20321380 DTXSID60856924 DTXSID90507013 DTXSID30726443 DTXSID40392234 DTXSID60720717 DTXSID10280659
DTXSID80439197	DTXSID20285377 DTXSID50824718 DTXSID50464411 DTXSID30638613 DTXSID90484012 DTXSID20206103 DTXSID10498176 DTXSID90461989 DTXSID70655400 DTXSID20159423 DTXSID00110032 DTXSID20291539 DTXSID10561854 DTXSID90396484 DTXSID3057692 DTXSID80777521 DTXSID10495721 DTXSID70599118 DTXSID80501489 DTXSID40191264
DTXSID20499891	DTXSID40642488 DTXSID10596368 DTXSID10363476 DTXSID70561754 DTXSID00610163 DTXSID10767051 DTXSID60385961 DTXSID1058006 DTXSID70226290 DTXSID50351094 DTXSID00696205 DTXSID70741615 DTXSID80700798 DTXSID60819953 DTXSID1061998 DTXSID70145831 DTXSID20398810 DTXSID50635285 DTXSID70811428 DTXSID00728974
DTXSID80774393	DTXSID50196109 DTXSID40474802 DTXSID80769784 DTXSID00611953 DTXSID80365068 DTXSID50816779 DTXSID30341251 DTXSID40532931 DTXSID00514839 DTXSID10508168 DTXSID20880629 DTXSID70584509 DTXSID40322596 DTXSID90406638 DTXSID00409610 DTXSID90334321 DTXSID00505505 DTXSID90666871 DTXSID50639965 DTXSID00621052
DTXSID40855399	DTXSID20448384 DTXSID30509238 DTXSID30852357 DTXSID20635878 DTXSID70589332 DTXSID60600166 DTXSID20742359 DTXSID90344400 DTXSID50659820 DTXSID50181954 DTXSID30758224 DTXSID70157833 DTXSID00154815 DTXSID90317432 DTXSID50350724 DTXSID20444028 DTXSID80737281 DTXSID80375703 DTXSID20316332 DTXSID20799641
DTXSID60470846	DTXSID00364013 DTXSID00646760 DTXSID30853642 DTXSID20384834 DTXSID00681999 DTXSID50722604 DTXSID30223629 DTXSID40199841 DTXSID00274688 DTXSID8060610 DTXSID20406202 DTXSID30227566 DTXSID40623797 DTXSID20143105 DTXSID70476834 DTXSID80176191 DTXSID10675647 DTXSID10292111 DTXSID00567360 DTXSID30179672
DTXSID60843899	DTXSID80635894 DTXSID40801856 DTXSID90358481 DTXSID00743021 DTXSID70797415 DTXSID40824580 DTXSID90499202 DTXSID10174882 DTXSID90824994 DTXSID50428912 DTXSID70509131 DTXSID4062646 DTXSID10883785 DTXSID00872860 DTXSID20435658 DTXSID00733169 DTXSID90226358 DTXSID60447573 DTXSID30382886 DTXSID30473081
DTXSID30176540	DTXSID40450409 DTXSID90805440 DTXSID90419526 DTXSID80282226 DTXSID90313636 DTXSID50467346 DTXSID50662359 DTXSID30311595 DTXSID20778436 DTXSID00371186 DTXSID90783198 DTXSID80558271 DTXSID80631275 DTXSID40374030 DTXSID40674183 DTXSID10672792 DTXSID90445805 DTXSID50667248 DTXSID10579717 DTXSID40773983
DTXSID30850116	DTXSID80729641 DTXSID90595036 DTXSID20740698 DTXSID20642042 DTXSID4041232 DTXSID20459617 DTXSID60573543 DTXSID5066089 DTXSID00796355 DTXSID90562940 DTXSID10301010 DTXSID80852948 DTXSID10853165 DTXSID70464776 DTXSID10615447 DTXSID10721299 DTXSID10864690 DTXSID00816845 DTXSID50862599 DTXSID80733465
DTXSID50487988	DTXSID90640611 DTXSID90712105 DTXSID90753952 DTXSID40571527 DTXSID80336298 DTXSID50473568 DTXSID60535000 DTXSID10283726 DTXSID70337855 DTXSID40345927 DTXSID90542803 DTXSID00825275 DTXSID00377461 DTXSID50856377 DTXSID60739460 DTXSID90479908 DTXSID40637874 DTXSID30378209 DTXSID20238166 DTXSID60620389
DTXSID80733763	DTXSID30734407 DTXSID80598016 DTXSID70302644 DTXSID50515836 DTXSID40646289 DTXSID20545827 DTXSID30480932 DTXSID10477784 DTXSID80565980 DTXSID10238817 DTXSID90515835 DTXSID20556857 DTXSID60630226 DTXSID20857497 DTXSID20680929 DTXSID70588229 DTXSID70455785 DTXSID40165465 DTXSID30462975 DTXSID80694683
DTXSID30388585	DTXSID80497510 DTXSID20374336 DTXSID70388024 DTXSID30284694 DTXSID30673827 DTXSID70443223 DTXSID70382865 DTXSID10729917 DTXSID30546042 DTXSID20297238 DTXSID70359355 DTXSID60612825 DTXSID40694422 DTXSID50233720 DTXSID20390738 DTXSID80503882 DTXSID60184956 DTXSID60378075 DTXSID40468781 DTXSID5059163
DTXSID00282965	DTXSID10561910 DTXSID70404955 DTXSID20752594 DTXSID00887994 DTXSID50524701 DTXSID50712227 DTXSID70402698 DTXSID70783414 DTXSID0064672 DTXSID80531529 DTXSID60712218 DTXSID00182673 DTXSID00603050 DTXSID80397324 DTXSID40285339 DTXSID80470489 DTXSID30485028 DTXSID00453451 DTXSID40334154 DTXSID30651201
DTXSID40334154	DTXSID00603050 DTXSID60327528 DTXSID40384679 DTXSID70783414 DTXSID2072881 DTXSID10452955 DTXSID70647688 DTXSID80299970 DTXSID00887994 DTXSID70275501 DTXSID50712227 DTXSID20609170 DTXSID40407377 DTXSID0064672 DTXSID80434162 DTXSID9065364 DTXSID90193758 DTXSID70557910 DTXSID10831908 DTXSID20645871
DTXSID40167969	DTXSID60554776 DTXSID10278713 DTXSID90550105 DTXSID90457963 DTXSID20327024 DTXSID00846006 DTXSID80279772 DTXSID70623684 DTXSID70365214 DTXSID00839498 DTXSID50729870 DTXSID70556342 DTXSID9074642 DTXSID40237176 DTXSID10160386 DTXSID90875966 DTXSID50240651 DTXSID90668471 DTXSID70879543 DTXSID8059635
DTXSID3059505	DTXSID80855555 DTXSID80847713 DTXSID70668499 DTXSID70516729 DTXSID90604692 DTXSID20468406 DTXSID10765572 DTXSID10604513 DTXSID30573292 DTXSID50734909 DTXSID60649136 DTXSID90167257 DTXSID40724556 DTXSID70598444 DTXSID00791224 DTXSID20625698 DTXSID20513824 DTXSID00366178 DTXSID20474022 DTXSID20174712
DTXSID20783666	DTXSID30192063 DTXSID40662500 DTXSID40219538 DTXSID90278413 DTXSID20514871 DTXSID50214771 DTXSID7072337 DTXSID10403184 DTXSID00866926 DTXSID30148863 DTXSID00886881 DTXSID50804838 DTXSID70574283 DTXSID40148874 DTXSID80151569 DTXSID20797647 DTXSID80792077 DTXSID20336777 DTXSID10744741 DTXSID90160344
DTXSID90877561	DTXSID90707511 DTXSID40325042 DTXSID10481523 DTXSID40289458 DTXSID20630368 DTXSID30571612 DTXSID40821998 DTXSID30466877 DTXSID40671632 DTXSID20848446 DTXSID30652637 DTXSID90585831 DTXSID20503528 DTXSID00755265 DTXSID90524487 DTXSID40841656 DTXSID80799980 DTXSID00651859 DTXSID40546452 DTXSID90702268
DTXSID70749156	DTXSID00698901 DTXSID70631668 DTXSID70542023 DTXSID40668567 DTXSID10533430 DTXSID30631669 DTXSID60341603 DTXSID10786267 DTXSID10358741 DTXSID20835432 DTXSID10435480 DTXSID90425465 DTXSID00304090 DTXSID10678537 DTXSID00452641 DTXSID10309314 DTXSID60667653 DTXSID10630897 DTXSID30730641 DTXSID90814597
DTXSID00866926	DTXSID40662500 DTXSID90723953 DTXSID20336777 DTXSID50214771 DTXSID70574283 DTXSID40637430 DTXSID10843167 DTXSID90278413 DTXSID20783666 DTXSID30148863 DTXSID40148874 DTXSID50469188 DTXSID20797647 DTXSID30192063 DTXSID10403184 DTXSID20514871 DTXSID50816451 DTXSID20719162 DTXSID7072337 DTXSID90693561
DTXSID60646089	DTXSID50763875 DTXSID50807309 DTXSID40857297 DTXSID10837763 DTXSID90748989 DTXSID10739854 DTXSID40697039 DTXSID00646740 DTXSID50191730 DTXSID20593989 DTXSID20704078 DTXSID80502870 DTXSID30323219 DTXSID10210118 DTXSID1047071 DTXSID50151738 DTXSID10711857 DTXSID00485176 DTXSID70364525 DTXSID20284901
DTXSID30344343	DTXSID50163578 DTXSID00370831 DTXSID10466890 DTXSID90451325 DTXSID80638709 DTXSID60343642 DTXSID90456395 DTXSID10466719 DTXSID70424198 DTXSID40844263 DTXSID60744135 DTXSID30857448 DTXSID70372307 DTXSID10712405 DTXSID20632246 DTXSID40444409 DTXSID20849776 DTXSID70784289 DTXSID10778026 DTXSID10735558
DTXSID30574648	DTXSID4072233 DTXSID80785949 DTXSID10896214 DTXSID40341469 DTXSID60829355 DTXSID20876805 DTXSID60896542 DTXSID30207207 DTXSID90808572 DTXSID80382194 DTXSID5067500 DTXSID10814392 DTXSID80470343 DTXSID1024752 DTXSID60733827 DTXSID90275528 DTXSID40186675 DTXSID50732122 DTXSID30640938 DTXSID80646122
DTXSID40507301	DTXSID30787998 DTXSID10360203 DTXSID70538027 DTXSID30592241 DTXSID90801907 DTXSID50446232 DTXSID90374489 DTXSID30209468 DTXSID60797262 DTXSID40186832 DTXSID80590055 DTXSID20308030 DTXSID90238138 DTXSID70696934 DTXSID70622516 DTXSID60172398 DTXSID50323352 DTXSID00620020 DTXSID70568940 DTXSID40211431
DTXSID40199745	DTXSID40329449 DTXSID70490090 DTXSID10176321 DTXSID10801287 DTXSID80542993 DTXSID10528402 DTXSID40668648 DTXSID80478086 DTXSID60364059 DTXSID30639766 DTXSID10705918 DTXSID9044790 DTXSID20222484 DTXSID40558595 DTXSID80640241 DTXSID90341893 DTXSID10213689 DTXSID40819592 DTXSID60510918 DTXSID90720280
DTXSID70670234	DTXSID10658374 DTXSID60795809 DTXSID20765467 DTXSID90797093 DTXSID40211794 DTXSID30638436 DTXSID40397845 DTXSID30704064 DTXSID30174849 DTXSID40616169 DTXSID10877629 DTXSID90714886 DTXSID90398428 DTXSID6048888 DTXSID30867724 DTXSID50798187 DTXSID20442807 DTXSID10634214 DTXSID00281357 DTXSID00828564
DTXSID90310261	DTXSID70568465 DTXSID90203164 DTXSID40677396 DTXSID70884657 DTXSID00604709 DTXSID50804838 DTXSID30675361 DTXSID90160344 DTXSID80792077 DTXSID90561099 DTXSID90158322 DTXSID10580202 DTXSID00834226 DTXSID20660362 DTXSID50154805 DTXSID60611176 DTXSID10412998 DTXSID70325651 DTXSID80151569 DTXSID40219538
DTXSID90788966	DTXSID90657128 DTXSID50798788 DTXSID80199027 DTXSID80370950 DTXSID50737298 DTXSID00712717 DTXSID50635109 DTXSID00678940 DTXSID50486638 DTXSID90385338 DTXSID80647316 DTXSID60857299 DTXSID90343054 DTXSID90525914 DTXSID10660230 DTXSID60147440 DTXSID10841668 DTXSID0069705 DTXSID90193935 DTXSID50419789
DTXSID20317288	DTXSID80812845 DTXSID50180326 DTXSID70325696 DTXSID80845794 DTXSID80416549 DTXSID60760855 DTXSID00307223 DTXSID20821077 DTXSID90672497 DTXSID50240651 DTXSID80326134 DTXSID40657471 DTXSID50430015 DTXSID20602808 DTXSID10756167 DTXSID50729870 DTXSID00295777 DTXSID90706903 DTXSID90668471 DTXSID9074642
DTXSID40437235	DTXSID00381442 DTXSID20459172 DTXSID10500445 DTXSID50180124 DTXSID40713748 DTXSID00460600 DTXSID10814130 DTXSID1020770 DTXSID40649518 DTXSID00408603 DTXSID10159977 DTXSID30185571 DTXSID00420305 DTXSID60225090 DTXSID00512653 DTXSID90767615 DTXSID80536458 DTXSID90517016 DTXSID40821059 DTXSID30389390
DTXSID00393984	DTXSID80896685 DTXSID80851830 DTXSID10663509 DTXSID20585788 DTXSID20447155 DTXSID20333766 DTXSID10538581 DTXSID90376448 DTXSID00312019 DTXSID80317547 DTXSID10466491 DTXSID20163247 DTXSID50610633 DTXSID10518262 DTXSID60777408 DTXSID00614161 DTXSID80444665 DTXSID00463292 DTXSID40452180 DTXSID70655208
DTXSID40504658	DTXSID60575966 DTXSID20345824 DTXSID00739348 DTXSID10399351 DTXSID00375361 DTXSID90330949 DTXSID70566047 DTXSID60472608 DTXSID70855387 DTXSID30291383 DTXSID20694627 DTXSID70879341 DTXSID10619203 DTXSID70731571 DTXSID50557377 DTXSID20573165 DTXSID80169381 DTXSID90473163 DTXSID30408732 DTXSID00346814
DTXSID80625518	DTXSID90610016 DTXSID20627273 DTXSID60334732 DTXSID70840778 DTXSID40604041 DTXSID20793129 DTXSID30768005 DTXSID60768018 DTXSID80824408 DTXSID20337941 DTXSID60627272 DTXSID60767243 DTXSID10579631 DTXSID10338028 DTXSID40767246 DTXSID40718915 DTXSID60818128 DTXSID00498408 DTXSID40338031 DTXSID50718906
DTXSID80468609	DTXSID00793728 DTXSID00699514 DTXSID30543410 DTXSID80546739 DTXSID20741069 DTXSID10822679 DTXSID70233808 DTXSID80278447 DTXSID70242536 DTXSID50737490 DTXSID30191576 DTXSID80705607 DTXSID20280781 DTXSID80195024 DTXSID60711882 DTXSID30827388 DTXSID20341664 DTXSID00826560 DTXSID60511480 DTXSID70346765
DTXSID60757260	DTXSID30288293 DTXSID90296834 DTXSID30198484 DTXSID90651202 DTXSID30372484 DTXSID00559528 DTXSID50496494 DTXSID20671716 DTXSID70195699 DTXSID10180923 DTXSID80453838 DTXSID50314442 DTXSID00201636 DTXSID40795125 DTXSID20298200 DTXSID70599118 DTXSID50727174 DTXSID00669237 DTXSID80712533 DTXSID10494693
DTXSID20418481	DTXSID10277443 DTXSID40606782 DTXSID90430256 DTXSID80484844 DTXSID70280852 DTXSID60589583 DTXSID60484049 DTXSID80542938 DTXSID50557458 DTXSID40835055 DTXSID50549631 DTXSID80278947 DTXSID70645886 DTXSID1067833 DTXSID50837267 DTXSID60479238 DTXSID80456228 DTXSID30671565 DTXSID80325723 DTXSID00444965
DTXSID70561754	DTXSID10363476 DTXSID10767051 DTXSID40642488 DTXSID80700798 DTXSID70741615 DTXSID20499891 DTXSID60649212 DTXSID50421786 DTXSID00610163 DTXSID50351094 DTXSID60385961 DTXSID30553978 DTXSID00728974 DTXSID60308751 DTXSID00696205 DTXSID10596368 DTXSID70811428 DTXSID30836834 DTXSID60819953 DTXSID50652836
DTXSID20806980	DTXSID90460452 DTXSID20771280 DTXSID60458280 DTXSID40374050 DTXSID50402671 DTXSID70463027 DTXSID10375655 DTXSID80712533 DTXSID30399353 DTXSID60572394 DTXSID50152846 DTXSID90513437 DTXSID80341241 DTXSID60653339 DTXSID00729865 DTXSID70344100 DTXSID20298200 DTXSID00201636 DTXSID50314442 DTXSID40435251
DTXSID70743018	DTXSID90651646 DTXSID00821737 DTXSID60591944 DTXSID20641257 DTXSID60818360 DTXSID60591924 DTXSID00747382 DTXSID90836193 DTXSID50393757 DTXSID80601317 DTXSID80378471 DTXSID70185176 DTXSID90360625 DTXSID90878937 DTXSID80492207 DTXSID9064007 DTXSID80291934 DTXSID70724089 DTXSID50697207 DTXSID20646803
DTXSID80343442	DTXSID90698511 DTXSID20718998 DTXSID70334960 DTXSID6036885 DTXSID10179115 DTXSID70504686 DTXSID90623222 DTXSID30323618 DTXSID10547673 DTXSID70744909 DTXSID60514936 DTXSID60536810 DTXSID90547671 DTXSID10483385 DTXSID70449649 DTXSID30343396 DTXSID80706492 DTXSID90407241 DTXSID30532662 DTXSID20368295
DTXSID50752865	DTXSID60772473 DTXSID80232084 DTXSID20844908 DTXSID90292492 DTXSID20288823 DTXSID10388942 DTXSID20840329 DTXSID60463576 DTXSID10431745 DTXSID40483015 DTXSID60810940 DTXSID60715789 DTXSID30786582 DTXSID50820432 DTXSID90711173 DTXSID80844909 DTXSID50234378 DTXSID90407807 DTXSID70557152 DTXSID70720485
DTXSID10403669	DTXSID20503104 DTXSID30375137 DTXSID70509853 DTXSID50220892 DTXSID40621910 DTXSID00220882 DTXSID80661133 DTXSID80431818 DTXSID30468391 DTXSID70445949 DTXSID60626947 DTXSID80281698 DTXSID50825200 DTXSID20800029 DTXSID90557553 DTXSID40618926 DTXSID70675103 DTXSID40356114 DTXSID90591699 DTXSID8058827
DTXSID30797451	DTXSID90722587 DTXSID40468084 DTXSID20832224 DTXSID30368908 DTXSID00165648 DTXSID00326035 DTXSID70662836 DTXSID90422898 DTXSID70428934 DTXSID50748066 DTXSID00429333 DTXSID10430339 DTXSID10556543 DTXSID30809003 DTXSID80210827 DTXSID10659982 DTXSID30713434 DTXSID10294832 DTXSID70506807 DTXSID30823229
DTXSID80798099	DTXSID10418177 DTXSID60325842 DTXSID30451107 DTXSID70327857 DTXSID40781063 DTXSID60850189 DTXSID90772825 DTXSID10337657 DTXSID40771787 DTXSID30550028 DTXSID30528282 DTXSID1068807 DTXSID6063226 DTXSID30316929 DTXSID3068883 DTXSID00770211 DTXSID80553504 DTXSID40534975 DTXSID80526096 DTXSID10769772
DTXSID90489385	DTXSID70756441 DTXSID80748231 DTXSID60301085 DTXSID10473549 DTXSID10754289 DTXSID80199320 DTXSID10406892 DTXSID20781243 DTXSID60661131 DTXSID20307381 DTXSID20213736 DTXSID30735378 DTXSID60144510 DTXSID70826239 DTXSID90787030 DTXSID40694669 DTXSID70566264 DTXSID50846970 DTXSID40359589 DTXSID30733677
DTXSID30825445	DTXSID40595667 DTXSID50521457 DTXSID70473565 DTXSID00744871 DTXSID90577271 DTXSID00837277 DTXSID60333109 DTXSID50443483 DTXSID80506277 DTXSID20237477 DTXSID70527118 DTXSID80648545 DTXSID40316117 DTXSID40815675 DTXSID60522652 DTXSID20629777 DTXSID10489847 DTXSID90632258 DTXSID30742724 DTXSID5044811
DTXSID30874892	DTXSID10402758 DTXSID9069007 DTXSID70232694 DTXSID70370146 DTXSID70850690 DTXSID80584131 DTXSID40469056 DTXSID10166383 DTXSID20809198 DTXSID90309877 DTXSID70748200 DTXSID40837933 DTXSID80142896 DTXSID40201938 DTXSID10318623 DTXSID90162823 DTXSID60701102 DTXSID60437297 DTXSID1023233 DTXSID40467916
DTXSID40208886	DTXSID40243015 DTXSID40420900 DTXSID60798678 DTXSID40455535 DTXSID50797539 DTXSID60844023 DTXSID00470865 DTXSID80335786 DTXSID70562362 DTXSID40157103 DTXSID40762115 DTXSID90443846 DTXSID8061212 DTXSID80658548 DTXSID20172399 DTXSID90560906 DTXSID80851471 DTXSID70799737 DTXSID10177015 DTXSID30620179
DTXSID20380033	DTXSID70513854 DTXSID70734123 DTXSID30627507 DTXSID60640800 DTXSID30418073 DTXSID20336196 DTXSID40697812 DTXSID20445999 DTXSID1066786 DTXSID00421433 DTXSID30460875 DTXSID90788825 DTXSID30635122 DTXSID10170304 DTXSID70826239 DTXSID20403231 DTXSID40435251 DTXSID0024397 DTXSID40829530 DTXSID50335233
DTXSID60434766	DTXSID70561092 DTXSID90203604 DTXSID50705639 DTXSID80588013 DTXSID90358244 DTXSID10797277 DTXSID80464702 DTXSID50603368 DTXSID60533288 DTXSID50322305 DTXSID50494753 DTXSID10820791 DTXSID70543696 DTXSID80445339 DTXSID40597080 DTXSID50285360 DTXSID00555646 DTXSID20759705 DTXSID20354870 DTXSID10696150
DTXSID70320828	DTXSID40792871 DTXSID80664260 DTXSID00490846 DTXSID20876264 DTXSID90493144 DTXSID00427854 DTXSID50638155 DTXSID90485307 DTXSID50310126 DTXSID20542811 DTXSID80514418 DTXSID80320612 DTXSID70672475 DTXSID70607621 DTXSID70472139 DTXSID40427853 DTXSID40222441 DTXSID00308578 DTXSID50663063 DTXSID50186702
DTXSID00528794	DTXSID10781712 DTXSID10175430 DTXSID70475029 DTXSID20390213 DTXSID10737734 DTXSID50610431 DTXSID30384628 DTXSID80819899 DTXSID90490436 DTXSID80561604 DTXSID80729803 DTXSID40526072 DTXSID00604441 DTXSID00511303 DTXSID50696790 DTXSID10289521 DTXSID90707096 DTXSID00438283 DTXSID60885395 DTXSID60179988
DTXSID90162424	DTXSID40671112 DTXSID80381501 DTXSID40432169 DTXSID10298976 DTXSID8060298 DTXSID20382350 DTXSID10427320 DTXSID10753257 DTXSID80482123 DTXSID80573368 DTXSID60383684 DTXSID60646347 DTXSID90646895 DTXSID70553659 DTXSID00646629 DTXSID00382853 DTXSID80626181 DTXSID30583295 DTXSID70665448 DTXSID80500114
DTXSID80445339	DTXSID50322305 DTXSID90358244 DTXSID80588013 DTXSID80741368 DTXSID50323731 DTXSID30824690 DTXSID50705639 DTXSID30853743 DTXSID30465800 DTXSID00555646 DTXSID80464702 DTXSID40597080 DTXSID60434766 DTXSID40629214 DTXSID70543696 DTXSID80296106 DTXSID70561092 DTXSID80449256 DTXSID90203604 DTXSID70585778
DTXSID70209866	DTXSID70554328 DTXSID10211569 DTXSID70789794 DTXSID70353277 DTXSID90896171 DTXSID40623797 DTXSID00567360 DTXSID70476834 DTXSID60490347 DTXSID10896254 DTXSID30853642 DTXSID10377134 DTXSID20417838 DTXSID60763987 DTXSID70176387 DTXSID20846467 DTXSID30440298 DTXSID00364013 DTXSID00600983 DTXSID50667344
DTXSID00311481	DTXSID90564686 DTXSID50283144 DTXSID60286207 DTXSID50681000 DTXSID90825769 DTXSID50308280 DTXSID3063045 DTXSID40819113 DTXSID00372673 DTXSID10426979 DTXSID30218136 DTXSID80664341 DTXSID70766489 DTXSID20367369 DTXSID90598663 DTXSID10483789 DTXSID10361215 DTXSID20362556 DTXSID50651021 DTXSID70589594
DTXSID40857535	DTXSID90602855 DTXSID80648161 DTXSID90646350 DTXSID20345349 DTXSID50346844 DTXSID8067602 DTXSID00671936 DTXSID70658234 DTXSID50729193 DTXSID30351057 DTXSID10646251 DTXSID90626273 DTXSID6044858 DTXSID40365226 DTXSID60671937 DTXSID20168616 DTXSID50633221 DTXSID90405606 DTXSID60444305 DTXSID80723543
DTXSID00326459	DTXSID80679990 DTXSID50211245 DTXSID60763189 DTXSID80404820 DTXSID70793598 DTXSID70554161 DTXSID60459171 DTXSID50814573 DTXSID10676396 DTXSID70492352 DTXSID70646373 DTXSID60855710 DTXSID80364511 DTXSID90437447 DTXSID50333673 DTXSID70290799 DTXSID50184864 DTXSID30614917 DTXSID90670418 DTXSID10145572
DTXSID40451698	DTXSID40659692 DTXSID50404554 DTXSID20378692 DTXSID30818579 DTXSID20449336 DTXSID10565094 DTXSID60657039 DTXSID70693201 DTXSID50170323 DTXSID1071458 DTXSID90802010 DTXSID90370522 DTXSID20679136 DTXSID80733622 DTXSID90482134 DTXSID90542449 DTXSID50321732 DTXSID10280659 DTXSID30277485 DTXSID90527650
DTXSID80176974	DTXSID80653997 DTXSID80698343 DTXSID50299588 DTXSID0052590 DTXSID90730905 DTXSID30364541 DTXSID40589021 DTXSID90191012 DTXSID00334377 DTXSID80351628 DTXSID40335101 DTXSID50494697 DTXSID30543314 DTXSID5052626 DTXSID1069952 DTXSID30591799 DTXSID90346863 DTXSID00490346 DTXSID70618434 DTXSID10462918
DTXSID90805602	DTXSID20807311 DTXSID30742365 DTXSID5051602 DTXSID50653949 DTXSID30527699 DTXSID20695831 DTXSID50332560 DTXSID80465552 DTXSID30311434 DTXSID50849249 DTXSID80615075 DTXSID70748301 DTXSID80422327 DTXSID20198872 DTXSID2025428 DTXSID40241632 DTXSID90624390 DTXSID10396481 DTXSID00374011 DTXSID20294540
DTXSID40662505	DTXSID30798185 DTXSID90751271 DTXSID90798186 DTXSID20793487 DTXSID50761336 DTXSID50655685 DTXSID30385716 DTXSID60490529 DTXSID30336223 DTXSID10211044 DTXSID60783822 DTXSID80709549 DTXSID30675245 DTXSID00504311 DTXSID40239670 DTXSID00197762 DTXSID80768717 DTXSID20550310 DTXSID60295137 DTXSID00813511
DTXSID70876552	DTXSID30751750 DTXSID10752705 DTXSID30350843 DTXSID80503882 DTXSID1058393 DTXSID50233720 DTXSID90505372 DTXSID60633636 DTXSID40761729 DTXSID20697072 DTXSID10191993 DTXSID10351257 DTXSID50460918 DTXSID50755018 DTXSID40468781 DTXSID60791689 DTXSID50325735 DTXSID20833716 DTXSID20177142 DTXSID70443223
DTXSID70425009	DTXSID90610334 DTXSID20873839 DTXSID00324278 DTXSID70895425 DTXSID20594416 DTXSID70895420 DTXSID40615076 DTXSID50830455 DTXSID30593753 DTXSID70441289 DTXSID00769261 DTXSID70746584 DTXSID10648912 DTXSID90415609 DTXSID60243779 DTXSID20189422 DTXSID30878370 DTXSID6039685 DTXSID40329005 DTXSID80315841
DTXSID50460918	DTXSID00511303 DTXSID00533141 DTXSID50325735 DTXSID60558138 DTXSID10752705 DTXSID90330909 DTXSID90490436 DTXSID80819899 DTXSID40396919 DTXSID30751750 DTXSID30149274 DTXSID70876552 DTXSID50233720 DTXSID10737734 DTXSID10351257 DTXSID90213187 DTXSID40761729 DTXSID30494877 DTXSID40738597 DTXSID80503882
DTXSID50805163	DTXSID10326566 DTXSID90592080 DTXSID9070612 DTXSID90323992 DTXSID10801303 DTXSID60511748 DTXSID7071024 DTXSID50144802 DTXSID60524616 DTXSID80765483 DTXSID90514803 DTXSID00425996 DTXSID2059275 DTXSID50523537 DTXSID00667394 DTXSID30818211 DTXSID70518021 DTXSID70349498 DTXSID20342651 DTXSID60368274
DTXSID90526002	DTXSID30812719 DTXSID80700652 DTXSID80744314 DTXSID70896391 DTXSID10423387 DTXSID40397264 DTXSID20234486 DTXSID70748205 DTXSID40624108 DTXSID10628037 DTXSID00451331 DTXSID80175902 DTXSID50336265 DTXSID40818848 DTXSID30823663 DTXSID80349702 DTXSID30727511 DTXSID50582785 DTXSID00398232 DTXSID00773323
DTXSID90459442	DTXSID70737336 DTXSID70508063 DTXSID10310607 DTXSID80493395 DTXSID30341251 DTXSID10637523 DTXSID30181735 DTXSID80629657 DTXSID00611953 DTXSID40547121 DTXSID50556143 DTXSID10503451 DTXSID50621542 DTXSID30169250 DTXSID90559138 DTXSID80676767 DTXSID80610828 DTXSID70479168 DTXSID70790249 DTXSID60522556
DTXSID70701077	DTXSID70565050 DTXSID90369355 DTXSID00681590 DTXSID20750474 DTXSID80876321 DTXSID00505101 DTXSID10633444 DTXSID30433105 DTXSID7041334 DTXSID10456716 DTXSID80561462 DTXSID60829037 DTXSID10617749 DTXSID30739694 DTXSID00407338 DTXSID20742359 DTXSID10876293 DTXSID90651949 DTXSID40712251 DTXSID40874106
DTXSID60444229	DTXSID30153558 DTXSID80773922 DTXSID10663766 DTXSID70399812 DTXSID80237610 DTXSID50456093 DTXSID70243780 DTXSID70441289 DTXSID60277236 DTXSID00236246 DTXSID70669921 DTXSID30593753 DTXSID60191488 DTXSID40210747 DTXSID10677181 DTXSID00577909 DTXSID00276107 DTXSID70891942 DTXSID70317990 DTXSID80752378
DTXSID60228420	DTXSID40534915 DTXSID80552279 DTXSID60481437 DTXSID00814942 DTXSID70604958 DTXSID40791748 DTXSID10544465 DTXSID10818299 DTXSID80450948 DTXSID20495494 DTXSID50637769 DTXSID20340096 DTXSID30302286 DTXSID70449765 DTXSID30737771 DTXSID30525231 DTXSID90487604 DTXSID10472219 DTXSID30639589 DTXSID10510948
DTXSID70459046	DTXSID30664199 DTXSID10589058 DTXSID3062029 DTXSID20452921 DTXSID20168772 DTXSID60532913 DTXSID20310830 DTXSID40684101 DTXSID50225620 DTXSID30401122 DTXSID60884207 DTXSID50399774 DTXSID20488386 DTXSID80639958 DTXSID90277769 DTXSID00520894 DTXSID20349428 DTXSID20354471 DTXSID50683468 DTXSID70885523
DTXSID90148864	DTXSID10177015 DTXSID60815738 DTXSID60790692 DTXSID80658548 DTXSID20172399 DTXSID60240940 DTXSID40144795 DTXSID00454781 DTXSID40840048 DTXSID90809145 DTXSID90837201 DTXSID00541968 DTXSID90711875 DTXSID0073110 DTXSID40662929 DTXSID30330387 DTXSID50711134 DTXSID50797539 DTXSID10724149 DTXSID60844023
DTXSID80618041	DTXSID00501441 DTXSID50238654 DTXSID90159298 DTXSID30740462 DTXSID90624390 DTXSID70341891 DTXSID20198872 DTXSID40729122 DTXSID80730651 DTXSID60729604 DTXSID80422327 DTXSID9046865 DTXSID50208236 DTXSID70601548 DTXSID20856622 DTXSID20294540 DTXSID80292143 DTXSID80496604 DTXSID60664203 DTXSID80635137
DTXSID50742746	DTXSID80405074 DTXSID60193508 DTXSID60675511 DTXSID50819321 DTXSID50354888 DTXSID30705071 DTXSID40304150 DTXSID40200729 DTXSID20721068 DTXSID60856924 DTXSID00879551 DTXSID50879561 DTXSID30190943 DTXSID00511328 DTXSID60720717 DTXSID50639945 DTXSID10537195 DTXSID60340196 DTXSID20581402 DTXSID90832034
DTXSID60325125	DTXSID20465495 DTXSID10672792 DTXSID40415679 DTXSID90794320 DTXSID90402498 DTXSID00201055 DTXSID20534918 DTXSID90313636 DTXSID60143023 DTXSID50681040 DTXSID80558271 DTXSID80631275 DTXSID40617934 DTXSID80349621 DTXSID90783198 DTXSID40790019 DTXSID40310872 DTXSID00345680 DTXSID40194558 DTXSID60510635
DTXSID90214876	DTXSID50526109 DTXSID70850690 DTXSID80142896 DTXSID40837933 DTXSID40469056 DTXSID90162823 DTXSID90155270 DTXSID40874762 DTXSID40333127 DTXSID40823497 DTXSID30874892 DTXSID10402758 DTXSID60874764 DTXSID40201938 DTXSID40156575 DTXSID10166383 DTXSID70232694 DTXSID10218654 DTXSID00823534 DTXSID70880598
DTXSID00293935	DTXSID00568670 DTXSID00405117 DTXSID50848994 DTXSID40588519 DTXSID70399418 DTXSID90662833 DTXSID70176266 DTXSID50303033 DTXSID70471445 DTXSID10876516 DTXSID70831702 DTXSID70821062 DTXSID80211571 DTXSID90817745 DTXSID7057787 DTXSID60734213 DTXSID20856506 DTXSID10496814 DTXSID00372219 DTXSID00588237
DTXSID80649890	DTXSID90238315 DTXSID80823330 DTXSID10610316 DTXSID00633796 DTXSID30315977 DTXSID30757277 DTXSID90396484 DTXSID10471666 DTXSID80279919 DTXSID70211469 DTXSID40630906 DTXSID10238155 DTXSID20654903 DTXSID10871440 DTXSID00442062 DTXSID40321226 DTXSID50190021 DTXSID10661161 DTXSID00411738 DTXSID50493443
DTXSID50631606	DTXSID60739526 DTXSID20368194 DTXSID90695323 DTXSID50697429 DTXSID10618519 DTXSID5070529 DTXSID10806398 DTXSID50179518 DTXSID20834086 DTXSID30787357 DTXSID60588576 DTXSID10301277 DTXSID90560729 DTXSID30852256 DTXSID80710670 DTXSID70202337 DTXSID10393657 DTXSID00356392 DTXSID30678938 DTXSID50310520
DTXSID30153558	DTXSID80773922 DTXSID70399812 DTXSID80237610 DTXSID70669921 DTXSID00236246 DTXSID60444229 DTXSID40210747 DTXSID00276107 DTXSID00577909 DTXSID10677181 DTXSID40880989 DTXSID70317990 DTXSID50456093 DTXSID80211511 DTXSID70243780 DTXSID80752378 DTXSID60282305 DTXSID60191488 DTXSID80768252 DTXSID40193041
DTXSID10314887	DTXSID30434995 DTXSID40373523 DTXSID80424169 DTXSID20625113 DTXSID70876870 DTXSID00145682 DTXSID50310146 DTXSID80443759 DTXSID90894031 DTXSID00699594 DTXSID50735552 DTXSID80352251 DTXSID30514887 DTXSID30854634 DTXSID70788843 DTXSID00472485 DTXSID70332168 DTXSID00541322 DTXSID60823116 DTXSID0047088
DTXSID40454942	DTXSID90540400 DTXSID60669213 DTXSID00700114 DTXSID80570918 DTXSID90152749 DTXSID80549528 DTXSID50170540 DTXSID30631402 DTXSID20727989 DTXSID30382301 DTXSID80385004 DTXSID00174816 DTXSID30488256 DTXSID20568637 DTXSID00366416 DTXSID30618253 DTXSID00287793 DTXSID60427855 DTXSID40312593 DTXSID80760539
DTXSID00541347	DTXSID50810676 DTXSID50805002 DTXSID80649850 DTXSID00504230 DTXSID50496595 DTXSID60840166 DTXSID60646943 DTXSID10525991 DTXSID40775765 DTXSID90649245 DTXSID40806220 DTXSID50218754 DTXSID80298887 DTXSID70660978 DTXSID00398893 DTXSID20640624 DTXSID60694580 DTXSID90584728 DTXSID00542470 DTXSID70810077
DTXSID20835977	DTXSID70612013 DTXSID70284653 DTXSID90573096 DTXSID60497336 DTXSID70825242 DTXSID70488750 DTXSID40481814 DTXSID60207018 DTXSID50640319 DTXSID20403498 DTXSID80776034 DTXSID90450858 DTXSID00405935 DTXSID20446421 DTXSID30671323 DTXSID60340393 DTXSID2071025 DTXSID20475812 DTXSID10649722 DTXSID50318526
DTXSID40694588	DTXSID10732825 DTXSID50315419 DTXSID50306463 DTXSID70287543 DTXSID70805822 DTXSID80729868 DTXSID80321321 DTXSID80190337 DTXSID80620088 DTXSID80279131 DTXSID50437069 DTXSID40674183 DTXSID60707765 DTXSID10181551 DTXSID10471025 DTXSID70185176 DTXSID50412755 DTXSID20770410 DTXSID20406545 DTXSID20778436
DTXSID30234871	DTXSID80516331 DTXSID50451245 DTXSID60281959 DTXSID00772053 DTXSID20790370 DTXSID80585325 DTXSID4051740 DTXSID70727494 DTXSID50874359 DTXSID50637522 DTXSID30542968 DTXSID90758669 DTXSID80578838 DTXSID20316433 DTXSID10465429 DTXSID90400696 DTXSID90768041 DTXSID50821545 DTXSID70325712 DTXSID30560804
DTXSID7029372	DTXSID00802844 DTXSID40493593 DTXSID80369228 DTXSID80819470 DTXSID10309314 DTXSID40526577 DTXSID60341603 DTXSID70531472 DTXSID70319419 DTXSID50491904 DTXSID90286755 DTXSID10678537 DTXSID80603654 DTXSID20639957 DTXSID00321702 DTXSID70678311 DTXSID00829995 DTXSID40487235 DTXSID20522476 DTXSID10178941
DTXSID60468920	DTXSID50632714 DTXSID50198300 DTXSID20288045 DTXSID30538700 DTXSID70453201 DTXSID00281615 DTXSID30809604 DTXSID00732571 DTXSID00325563 DTXSID60526094 DTXSID50791274 DTXSID00816986 DTXSID20624146 DTXSID9069849 DTXSID00873296 DTXSID00807834 DTXSID10341658 DTXSID50175070 DTXSID70799737 DTXSID70564664
DTXSID10783832	DTXSID40647397 DTXSID50737490 DTXSID50792261 DTXSID30297769 DTXSID70346765 DTXSID20754452 DTXSID20341664 DTXSID60239677 DTXSID10892094 DTXSID40341661 DTXSID30827388 DTXSID20280781 DTXSID80705607 DTXSID70242536 DTXSID10347973 DTXSID50700528 DTXSID40341666 DTXSID80341660 DTXSID30543410 DTXSID60711882
DTXSID60712218	DTXSID50524701 DTXSID80531529 DTXSID30485028 DTXSID70404955 DTXSID40285339 DTXSID20752594 DTXSID00453451 DTXSID00282965 DTXSID00182673 DTXSID0064672 DTXSID50474550 DTXSID10561910 DTXSID70424719 DTXSID70783414 DTXSID80744117 DTXSID50625101 DTXSID70647688 DTXSID80338176 DTXSID00887994 DTXSID00603050
DTXSID90557811	DTXSID30301279 DTXSID10669208 DTXSID60493474 DTXSID90462032 DTXSID70177915 DTXSID80633077 DTXSID40721469 DTXSID60482060 DTXSID70768463 DTXSID20716575 DTXSID80452745 DTXSID30624172 DTXSID80595505 DTXSID50507099 DTXSID60465696 DTXSID20599643 DTXSID00531006 DTXSID10530126 DTXSID70879422 DTXSID50518867
DTXSID20449336	DTXSID30818579 DTXSID60657039 DTXSID90527650 DTXSID50404554 DTXSID90366985 DTXSID50170323 DTXSID40451698 DTXSID90730243 DTXSID80519504 DTXSID20288681 DTXSID50321732 DTXSID40659692 DTXSID30165636 DTXSID1071458 DTXSID80834981 DTXSID40490688 DTXSID00774294 DTXSID10565094 DTXSID00895933 DTXSID90482134
DTXSID90237202	DTXSID10588304 DTXSID70851167 DTXSID90876473 DTXSID80535688 DTXSID40753407 DTXSID90819603 DTXSID70731470 DTXSID50694473 DTXSID10786267 DTXSID00829995 DTXSID10630897 DTXSID90431228 DTXSID50343737 DTXSID10667643 DTXSID40210161 DTXSID30730641 DTXSID90814597 DTXSID60476803 DTXSID10804531 DTXSID50587654
DTXSID70799095	DTXSID10292111 DTXSID80176191 DTXSID00274688 DTXSID50722604 DTXSID20143105 DTXSID30747335 DTXSID30179672 DTXSID40693238 DTXSID30838752 DTXSID00646760 DTXSID40188937 DTXSID00601031 DTXSID20780433 DTXSID10763412 DTXSID90181655 DTXSID60879411 DTXSID30591214 DTXSID10572809 DTXSID80143106 DTXSID50356327
DTXSID10292499	DTXSID30423703 DTXSID00314654 DTXSID50292099 DTXSID30659560 DTXSID80724015 DTXSID60435793 DTXSID40405636 DTXSID10395035 DTXSID70238095 DTXSID10805306 DTXSID40349804 DTXSID00311522 DTXSID10142980 DTXSID60556013 DTXSID50303811 DTXSID50228318 DTXSID10659285 DTXSID60429096 DTXSID20190891 DTXSID70397272
DTXSID50505535	DTXSID90768203 DTXSID90232919 DTXSID50659704 DTXSID80308495 DTXSID20435577 DTXSID90350602 DTXSID00168679 DTXSID70313634 DTXSID50493822 DTXSID70428494 DTXSID70649208 DTXSID00332196 DTXSID20509762 DTXSID60640704 DTXSID20440303 DTXSID50843540 DTXSID10568964 DTXSID70214298 DTXSID10406256 DTXSID7021366
DTXSID50580983	DTXSID80892809 DTXSID40296046 DTXSID90734084 DTXSID20145200 DTXSID10502308 DTXSID20346755 DTXSID00483778 DTXSID40481576 DTXSID70567352 DTXSID60762319 DTXSID90553656 DTXSID80212043 DTXSID90567930 DTXSID40356538 DTXSID50398429 DTXSID20516815 DTXSID80209251 DTXSID30402492 DTXSID20673533 DTXSID40595309
DTXSID00311522	DTXSID40349804 DTXSID50292099 DTXSID10805306 DTXSID20190891 DTXSID10292499 DTXSID30659560 DTXSID30423703 DTXSID60435793 DTXSID00314654 DTXSID30727511 DTXSID50336265 DTXSID50303811 DTXSID80724015 DTXSID40405636 DTXSID60700392 DTXSID70238095 DTXSID10142980 DTXSID10659285 DTXSID10395035 DTXSID60556013
DTXSID30553130	DTXSID00650544 DTXSID40657274 DTXSID40147746 DTXSID90479640 DTXSID10364382 DTXSID30541491 DTXSID10726820 DTXSID80604707 DTXSID20144394 DTXSID30287620 DTXSID50849961 DTXSID50433142 DTXSID10371692 DTXSID50833688 DTXSID30468098 DTXSID00661216 DTXSID10442876 DTXSID30756543 DTXSID30452775 DTXSID40145843
DTXSID20813437	DTXSID10468334 DTXSID60738433 DTXSID50786221 DTXSID50224219 DTXSID20459137 DTXSID70203329 DTXSID50568908 DTXSID60183020 DTXSID30340426 DTXSID30402255 DTXSID70825323 DTXSID80615999 DTXSID80332674 DTXSID80531281 DTXSID90449848 DTXSID4062519 DTXSID60303887 DTXSID00551027 DTXSID90464854 DTXSID50825321
DTXSID00406003	DTXSID10405885 DTXSID70832254 DTXSID80289376 DTXSID80775204 DTXSID60174953 DTXSID50296032 DTXSID60651118 DTXSID00827012 DTXSID10698513 DTXSID10335956 DTXSID10521453 DTXSID9058941 DTXSID40720078 DTXSID30447181 DTXSID40386395 DTXSID80364490 DTXSID1052664 DTXSID80548536 DTXSID30388904 DTXSID60570299
DTXSID50627443	DTXSID60460489 DTXSID00708135 DTXSID40734817 DTXSID20565449 DTXSID80532359 DTXSID80478884 DTXSID30757656 DTXSID90796667 DTXSID80670184 DTXSID80771069 DTXSID40481814 DTXSID60344770 DTXSID90573096 DTXSID00340756 DTXSID2071025 DTXSID5060726 DTXSID1023447 DTXSID90526789 DTXSID30671323 DTXSID30285782
DTXSID10548160	DTXSID70601927 DTXSID60831973 DTXSID20623710 DTXSID20761262 DTXSID00419451 DTXSID10846613 DTXSID60435733 DTXSID00486769 DTXSID70586169 DTXSID3070040 DTXSID70548601 DTXSID90519676 DTXSID90873624 DTXSID30287024 DTXSID30400877 DTXSID20590413 DTXSID90757551 DTXSID80513800 DTXSID60299054 DTXSID70736602
DTXSID20533542	DTXSID90486990 DTXSID20862849 DTXSID80338176 DTXSID5068233 DTXSID80744117 DTXSID70724044 DTXSID80771185 DTXSID80876523 DTXSID10728667 DTXSID50586107 DTXSID40504491 DTXSID60550096 DTXSID70611081 DTXSID80640201 DTXSID60813077 DTXSID90519474 DTXSID90326600 DTXSID30489046 DTXSID60645870 DTXSID50767873
DTXSID80404406	DTXSID10726481 DTXSID50175959 DTXSID20677798 DTXSID00701106 DTXSID20879053 DTXSID50546887 DTXSID20655894 DTXSID00279294 DTXSID20371406 DTXSID50206878 DTXSID30676873 DTXSID40629911 DTXSID60583001 DTXSID90156823 DTXSID80528156 DTXSID40538554 DTXSID00199842 DTXSID90292093 DTXSID20302452 DTXSID10435248
DTXSID70879422	DTXSID00531006 DTXSID20599643 DTXSID10530126 DTXSID50507099 DTXSID10845828 DTXSID70177915 DTXSID20408963 DTXSID10561314 DTXSID60437131 DTXSID20513824 DTXSID90462032 DTXSID70571398 DTXSID50287864 DTXSID10206172 DTXSID10633489 DTXSID40192433 DTXSID90379515 DTXSID20455750 DTXSID80613339 DTXSID50518867
DTXSID60424460	DTXSID90453389 DTXSID90688538 DTXSID20663414 DTXSID10879320 DTXSID90592505 DTXSID20431438 DTXSID50364467 DTXSID20717067 DTXSID50596246 DTXSID00679770 DTXSID00846581 DTXSID60303226 DTXSID80766172 DTXSID10542860 DTXSID30595075 DTXSID30588240 DTXSID50398949 DTXSID80182510 DTXSID80496402 DTXSID40820466
DTXSID20476506	DTXSID80854048 DTXSID30823663 DTXSID60327083 DTXSID60896426 DTXSID20234486 DTXSID70896391 DTXSID40652300 DTXSID00326515 DTXSID80222344 DTXSID00877198 DTXSID80349702 DTXSID40698521 DTXSID80778154 DTXSID30317294 DTXSID10423387 DTXSID90222451 DTXSID30791999 DTXSID80700652 DTXSID50147792 DTXSID00557064
DTXSID50848459	DTXSID1044932 DTXSID10345131 DTXSID20655394 DTXSID30405488 DTXSID90235405 DTXSID80187787 DTXSID60454621 DTXSID10371152 DTXSID40443371 DTXSID1068853 DTXSID60519486 DTXSID00768471 DTXSID20453352 DTXSID40660980 DTXSID50744341 DTXSID50375432 DTXSID40230809 DTXSID60514991 DTXSID60155343 DTXSID10845207
DTXSID80615318	DTXSID20857311 DTXSID90706165 DTXSID80896049 DTXSID10602690 DTXSID10307991 DTXSID80337326 DTXSID80589267 DTXSID10344169 DTXSID70310608 DTXSID20431074 DTXSID00769246 DTXSID20418305 DTXSID30672274 DTXSID80351683 DTXSID10661166 DTXSID10506922 DTXSID40294108 DTXSID70788823 DTXSID40593845 DTXSID50856377
DTXSID20802604	DTXSID50757835 DTXSID70322827 DTXSID30307135 DTXSID30844232 DTXSID70785433 DTXSID20675951 DTXSID80756710 DTXSID60605217 DTXSID60823212 DTXSID60832940 DTXSID70757074 DTXSID40706170 DTXSID80830605 DTXSID60789344 DTXSID50439346 DTXSID20469635 DTXSID50533959 DTXSID70768084 DTXSID10322826 DTXSID50812175
DTXSID60317383	DTXSID20590271 DTXSID30314804 DTXSID90434118 DTXSID80703825 DTXSID00587649 DTXSID80594755 DTXSID20815799 DTXSID20651159 DTXSID6067549 DTXSID50893606 DTXSID40820466 DTXSID30708168 DTXSID20598570 DTXSID00242185 DTXSID10879320 DTXSID00309808 DTXSID50228318 DTXSID60353524 DTXSID00846581 DTXSID00663412
DTXSID30449367	DTXSID20612902 DTXSID70395213 DTXSID00184258 DTXSID60329183 DTXSID20797081 DTXSID40700158 DTXSID00315606 DTXSID80876982 DTXSID20379503 DTXSID90544741 DTXSID00849057 DTXSID40303103 DTXSID10358741 DTXSID60744317 DTXSID30804533 DTXSID30442510 DTXSID90612898 DTXSID50742468 DTXSID10630897 DTXSID30540282
DTXSID80729868	DTXSID50315419 DTXSID80321321 DTXSID80620088 DTXSID40694588 DTXSID10181551 DTXSID10732825 DTXSID70287543 DTXSID70805822 DTXSID50437069 DTXSID00618008 DTXSID70185176 DTXSID50306463 DTXSID80190337 DTXSID40674183 DTXSID70820898 DTXSID80279131 DTXSID20778436 DTXSID20406545 DTXSID10471025 DTXSID40430266
DTXSID50670136	DTXSID50445684 DTXSID80843614 DTXSID80509162 DTXSID20415899 DTXSID10605303 DTXSID80652167 DTXSID00341061 DTXSID40755587 DTXSID30606231 DTXSID00192393 DTXSID90676834 DTXSID60787224 DTXSID00701489 DTXSID70453488 DTXSID00825816 DTXSID10708267 DTXSID30780585 DTXSID10737693 DTXSID70812839 DTXSID5066748
DTXSID50405900	DTXSID80204468 DTXSID70176180 DTXSID70639043 DTXSID10771512 DTXSID10738281 DTXSID00523148 DTXSID70808616 DTXSID10577213 DTXSID70874477 DTXSID40494464 DTXSID70675345 DTXSID30813064 DTXSID10834934 DTXSID40406623 DTXSID40711249 DTXSID40852060 DTXSID50528623 DTXSID10292631 DTXSID70716782 DTXSID90223322
DTXSID20573226	DTXSID60526594 DTXSID60168776 DTXSID20654822 DTXSID50572621 DTXSID00546650 DTXSID10375019 DTXSID00365924 DTXSID70211469 DTXSID40563927 DTXSID10561854 DTXSID20291539 DTXSID40462704 DTXSID80501489 DTXSID00110032 DTXSID60199601 DTXSID90396484 DTXSID10498176 DTXSID50742761 DTXSID10182402 DTXSID80742077
DTXSID60503446	DTXSID80462369 DTXSID40348579 DTXSID70608916 DTXSID50342306 DTXSID80595505 DTXSID70428712 DTXSID30624172 DTXSID60482060 DTXSID40192418 DTXSID20509580 DTXSID70341093 DTXSID90390240 DTXSID80655638 DTXSID50518867 DTXSID80485831 DTXSID20707948 DTXSID50508400 DTXSID70652898 DTXSID20506514 DTXSID00355800
DTXSID90841565	DTXSID90371170 DTXSID00532750 DTXSID60193826 DTXSID40387802 DTXSID70178265 DTXSID90295367 DTXSID70342328 DTXSID70615746 DTXSID20405250 DTXSID90284579 DTXSID20296241 DTXSID10696352 DTXSID90195772 DTXSID20720470 DTXSID00841995 DTXSID20392196 DTXSID20896184 DTXSID30188123 DTXSID00585105 DTXSID40806821
DTXSID20424360	DTXSID00504730 DTXSID70578327 DTXSID50738568 DTXSID50490730 DTXSID90509411 DTXSID90810493 DTXSID70614779 DTXSID30176388 DTXSID20629833 DTXSID70408195 DTXSID70742980 DTXSID80752176 DTXSID30536807 DTXSID20170274 DTXSID00403279 DTXSID60739006 DTXSID30734048 DTXSID90708402 DTXSID70309077 DTXSID50197510
DTXSID70377711	DTXSID30199118 DTXSID10560827 DTXSID40824282 DTXSID50571472 DTXSID70483129 DTXSID60179903 DTXSID80345264 DTXSID10609068 DTXSID50434311 DTXSID90187117 DTXSID10238155 DTXSID90286437 DTXSID30583679 DTXSID20895511 DTXSID70548464 DTXSID20797460 DTXSID70277929 DTXSID80596936 DTXSID80206947 DTXSID50493443
DTXSID60240440	DTXSID60659735 DTXSID00816986 DTXSID00786099 DTXSID20432905 DTXSID60884823 DTXSID00339069 DTXSID30809604 DTXSID70724408 DTXSID70453201 DTXSID50632714 DTXSID40815736 DTXSID50783538 DTXSID60658541 DTXSID20604342 DTXSID70799737 DTXSID50198300 DTXSID40811839 DTXSID70564664 DTXSID50175070 DTXSID30538700
DTXSID40710035	DTXSID10495286 DTXSID70782861 DTXSID70791312 DTXSID50472117 DTXSID60802643 DTXSID00327365 DTXSID10348884 DTXSID90450050 DTXSID60646983 DTXSID10357037 DTXSID30854210 DTXSID80604328 DTXSID80661158 DTXSID80670260 DTXSID70291387 DTXSID20629590 DTXSID70721139 DTXSID10590482 DTXSID70243846 DTXSID40508934
DTXSID90406390	DTXSID50727078 DTXSID90706903 DTXSID20511764 DTXSID40624587 DTXSID80681634 DTXSID20751188 DTXSID50335096 DTXSID30310881 DTXSID50340180 DTXSID90309635 DTXSID80326134 DTXSID50742443 DTXSID10720308 DTXSID30593490 DTXSID60358195 DTXSID40369466 DTXSID40485337 DTXSID30228250 DTXSID80738455 DTXSID60559382
DTXSID80150532	DTXSID70560040 DTXSID20669335 DTXSID50573193 DTXSID00176173 DTXSID30347430 DTXSID0047741 DTXSID40501203 DTXSID00767464 DTXSID90738906 DTXSID80201174 DTXSID30222273 DTXSID40379404 DTXSID00223994 DTXSID10626775 DTXSID80407876 DTXSID60550733 DTXSID50342467 DTXSID20449876 DTXSID00550732 DTXSID20342474
DTXSID00398893	DTXSID10525991 DTXSID60621654 DTXSID40654925 DTXSID70660978 DTXSID80649850 DTXSID50805002 DTXSID20640624 DTXSID80620169 DTXSID90281785 DTXSID00427450 DTXSID90584728 DTXSID40775765 DTXSID60444729 DTXSID30331379 DTXSID20660908 DTXSID10217122 DTXSID50345716 DTXSID50810676 DTXSID00541347 DTXSID60840166
DTXSID50630952	DTXSID90700087 DTXSID80155062 DTXSID90742528 DTXSID10305598 DTXSID00729865 DTXSID60675071 DTXSID40829530 DTXSID00421433 DTXSID90513437 DTXSID30532662 DTXSID90407241 DTXSID90623222 DTXSID10179115 DTXSID50374804 DTXSID70449649 DTXSID1066786 DTXSID30418073 DTXSID80706492 DTXSID30460875 DTXSID50354621
DTXSID40533160	DTXSID00374899 DTXSID00469355 DTXSID50818157 DTXSID30716667 DTXSID40466202 DTXSID60401296 DTXSID00694620 DTXSID50181656 DTXSID00585347 DTXSID70235529 DTXSID40452741 DTXSID30709610 DTXSID20217613 DTXSID50389458 DTXSID80439612 DTXSID30222415 DTXSID80560576 DTXSID70202337 DTXSID70873662 DTXSID00503783
DTXSID80734013	DTXSID00510836 DTXSID40310256 DTXSID20517180 DTXSID20732412 DTXSID60378691 DTXSID00606642 DTXSID80374337 DTXSID10532468 DTXSID80600986 DTXSID10758666 DTXSID60424420 DTXSID70834470 DTXSID10608990 DTXSID90177215 DTXSID20370858 DTXSID40453516 DTXSID40408768 DTXSID00506597 DTXSID40745100 DTXSID80323385
DTXSID30694279	DTXSID70284875 DTXSID30744627 DTXSID90823164 DTXSID10589215 DTXSID50590148 DTXSID60674165 DTXSID3061683 DTXSID60813476 DTXSID60177085 DTXSID60638580 DTXSID40676763 DTXSID80675912 DTXSID20743427 DTXSID30243488 DTXSID00234328 DTXSID60522172 DTXSID50662894 DTXSID10654715 DTXSID7063421 DTXSID40656404
DTXSID00374031	DTXSID00404887 DTXSID50191730 DTXSID20593989 DTXSID70188187 DTXSID70212375 DTXSID80472847 DTXSID30830751 DTXSID90411444 DTXSID70364525 DTXSID50375033 DTXSID90836456 DTXSID70283005 DTXSID60206622 DTXSID70876658 DTXSID90748989 DTXSID00425552 DTXSID50558329 DTXSID80645312 DTXSID1047071 DTXSID50807309
DTXSID20212729	DTXSID50505358 DTXSID30332861 DTXSID40392951 DTXSID20342752 DTXSID3061920 DTXSID60519360 DTXSID20167826 DTXSID10778389 DTXSID40682127 DTXSID10297585 DTXSID50497966 DTXSID80615070 DTXSID4065604 DTXSID60428307 DTXSID90556965 DTXSID70852235 DTXSID00534895 DTXSID00694584 DTXSID50313056 DTXSID90145474
DTXSID10733776	DTXSID60473099 DTXSID70353237 DTXSID10211680 DTXSID30718065 DTXSID5068158 DTXSID60885855 DTXSID10495246 DTXSID00363884 DTXSID70739012 DTXSID40845735 DTXSID50553950 DTXSID10340247 DTXSID90549170 DTXSID90187238 DTXSID70589756 DTXSID60542052 DTXSID00876742 DTXSID60378590 DTXSID40706014 DTXSID90456951
DTXSID30362789	DTXSID40523006 DTXSID40464884 DTXSID30627547 DTXSID40677391 DTXSID80537829 DTXSID80501883 DTXSID90729455 DTXSID50560684 DTXSID70276876 DTXSID90397557 DTXSID10820291 DTXSID30402412 DTXSID80438903 DTXSID20876002 DTXSID00380238 DTXSID50535852 DTXSID60341340 DTXSID70217345 DTXSID30157839 DTXSID60308998
DTXSID90669564	DTXSID80738773 DTXSID30505119 DTXSID30295169 DTXSID80496604 DTXSID70385795 DTXSID00567946 DTXSID40427616 DTXSID00472607 DTXSID60729604 DTXSID40511640 DTXSID10727791 DTXSID20303686 DTXSID80589606 DTXSID80292143 DTXSID90159298 DTXSID90878937 DTXSID9046865 DTXSID00291259 DTXSID70341891 DTXSID50238654
DTXSID30490839	DTXSID80816166 DTXSID50344249 DTXSID00845610 DTXSID50232172 DTXSID50543331 DTXSID90770189 DTXSID50539234 DTXSID70884819 DTXSID90778807 DTXSID30530426 DTXSID10503390 DTXSID90344248 DTXSID00507589 DTXSID20222484 DTXSID80790210 DTXSID30182181 DTXSID30508241 DTXSID00501204 DTXSID80576238 DTXSID20406904
DTXSID60800821	DTXSID80769224 DTXSID70612538 DTXSID40485019 DTXSID50294250 DTXSID90771333 DTXSID50355557 DTXSID80879493 DTXSID60656749 DTXSID50436431 DTXSID00363127 DTXSID10865142 DTXSID00425279 DTXSID60640062 DTXSID20474825 DTXSID00640667 DTXSID70666899 DTXSID70495863 DTXSID00313622 DTXSID50552847 DTXSID70879543
DTXSID10708267	DTXSID5066748 DTXSID00701489 DTXSID70400336 DTXSID9068742 DTXSID70712704 DTXSID30606231 DTXSID00571028 DTXSID80843614 DTXSID80346776 DTXSID30828991 DTXSID50670136 DTXSID00341061 DTXSID00604284 DTXSID20415899 DTXSID30479725 DTXSID10605303 DTXSID60674125 DTXSID80509162 DTXSID10364706 DTXSID40322470
DTXSID30663369	DTXSID20599345 DTXSID80279373 DTXSID00231438 DTXSID40530477 DTXSID50663780 DTXSID20759801 DTXSID60347781 DTXSID70840798 DTXSID90807803 DTXSID40845472 DTXSID10721916 DTXSID30885241 DTXSID6069406 DTXSID70349413 DTXSID40165147 DTXSID40427651 DTXSID20372110 DTXSID00377486 DTXSID00729421 DTXSID90749597
DTXSID90757551	DTXSID10298456 DTXSID60831973 DTXSID90727173 DTXSID40612666 DTXSID70548601 DTXSID20623710 DTXSID70601927 DTXSID50193279 DTXSID10548160 DTXSID20726376 DTXSID40222108 DTXSID80308177 DTXSID40694386 DTXSID70586169 DTXSID30625048 DTXSID60739485 DTXSID00419451 DTXSID60435733 DTXSID80699299 DTXSID30842718
DTXSID10439589	DTXSID90388046 DTXSID50281206 DTXSID50520026 DTXSID80782413 DTXSID50321555 DTXSID60671492 DTXSID60285093 DTXSID40459098 DTXSID10405921 DTXSID10485541 DTXSID0051318 DTXSID40566478 DTXSID1063512 DTXSID30511452 DTXSID1068229 DTXSID00509104 DTXSID20183980 DTXSID90734347 DTXSID70202817 DTXSID20290961
DTXSID70594865	DTXSID40724415 DTXSID60768295 DTXSID00323882 DTXSID90238799 DTXSID10345757 DTXSID00553187 DTXSID00663053 DTXSID10489948 DTXSID40378694 DTXSID70158284 DTXSID80561381 DTXSID00430464 DTXSID50568201 DTXSID60402369 DTXSID20163722 DTXSID90520141 DTXSID20479512 DTXSID5069912 DTXSID60586219 DTXSID50847765
DTXSID00551229	DTXSID10739596 DTXSID80424684 DTXSID10735396 DTXSID00165183 DTXSID20441052 DTXSID10810950 DTXSID90353012 DTXSID90595591 DTXSID70834910 DTXSID60545866 DTXSID50214857 DTXSID60388351 DTXSID40513644 DTXSID90434618 DTXSID90552402 DTXSID70593353 DTXSID50565290 DTXSID30176383 DTXSID70326042 DTXSID80597680
DTXSID20452921	DTXSID3062029 DTXSID20349428 DTXSID40684101 DTXSID90277769 DTXSID60884207 DTXSID30401122 DTXSID60351601 DTXSID80698227 DTXSID30664199 DTXSID70885523 DTXSID80289952 DTXSID70459046 DTXSID20238601 DTXSID80639958 DTXSID50388582 DTXSID50399774 DTXSID80516533 DTXSID60532913 DTXSID70733712 DTXSID40222542
DTXSID10734208	DTXSID40789600 DTXSID40230768 DTXSID70526065 DTXSID70192805 DTXSID30742724 DTXSID70527118 DTXSID90578465 DTXSID20482723 DTXSID70612518 DTXSID40815675 DTXSID40316117 DTXSID60522652 DTXSID00744871 DTXSID50521457 DTXSID20629777 DTXSID30433403 DTXSID70614431 DTXSID80506277 DTXSID40210247 DTXSID80305424
DTXSID10533536	DTXSID60524575 DTXSID60739485 DTXSID70586169 DTXSID20470721 DTXSID10726305 DTXSID90727173 DTXSID00694544 DTXSID00419451 DTXSID00486769 DTXSID30195973 DTXSID00598957 DTXSID80308177 DTXSID40694386 DTXSID30625048 DTXSID70807240 DTXSID50787394 DTXSID80874261 DTXSID30450579 DTXSID30277844 DTXSID70393719
DTXSID30823264	DTXSID70333716 DTXSID10503451 DTXSID90490996 DTXSID90280854 DTXSID40547121 DTXSID90334321 DTXSID50621542 DTXSID70720440 DTXSID60290364 DTXSID90178843 DTXSID80610828 DTXSID80800126 DTXSID30707191 DTXSID8047717 DTXSID50788008 DTXSID10310607 DTXSID20475594 DTXSID30341251 DTXSID40289256 DTXSID30844257
DTXSID50766987	DTXSID60790112 DTXSID10607125 DTXSID70459546 DTXSID80817239 DTXSID00834226 DTXSID00452661 DTXSID4072316 DTXSID30503079 DTXSID70525598 DTXSID10771512 DTXSID40711249 DTXSID30377777 DTXSID10592128 DTXSID30514509 DTXSID30479306 DTXSID00705664 DTXSID10834934 DTXSID70325651 DTXSID50528623 DTXSID30845542
DTXSID20802265	DTXSID60714878 DTXSID40737303 DTXSID70318765 DTXSID90163234 DTXSID10830875 DTXSID80291373 DTXSID40393488 DTXSID10148321 DTXSID90521855 DTXSID70891588 DTXSID20793821 DTXSID20559469 DTXSID10354788 DTXSID60327023 DTXSID90731356 DTXSID70373576 DTXSID80468664 DTXSID40650629 DTXSID70469908 DTXSID10303695
DTXSID50368647	DTXSID40545687 DTXSID30157793 DTXSID60876066 DTXSID10650333 DTXSID90440991 DTXSID70588345 DTXSID60288680 DTXSID50509235 DTXSID40712115 DTXSID20306314 DTXSID60816780 DTXSID50541579 DTXSID20514831 DTXSID30736769 DTXSID80883717 DTXSID50680477 DTXSID80174874 DTXSID70355317 DTXSID80343528 DTXSID20841538
DTXSID10484650	DTXSID90477242 DTXSID30848472 DTXSID80293251 DTXSID80744157 DTXSID50481845 DTXSID70548767 DTXSID30178928 DTXSID60527804 DTXSID80324014 DTXSID10700589 DTXSID90680572 DTXSID70737937 DTXSID60848460 DTXSID90559057 DTXSID80308516 DTXSID60757684 DTXSID80297436 DTXSID30205465 DTXSID40593183 DTXSID2046836
DTXSID90350602	DTXSID50659704 DTXSID50505535 DTXSID70631249 DTXSID80600426 DTXSID00332196 DTXSID40459179 DTXSID40509345 DTXSID70649208 DTXSID20435577 DTXSID90768203 DTXSID50843540 DTXSID00210869 DTXSID20191247 DTXSID80308495 DTXSID70313634 DTXSID20509762 DTXSID90232919 DTXSID50418656 DTXSID60395247 DTXSID00552711
DTXSID50368642	DTXSID70287447 DTXSID80436641 DTXSID20306137 DTXSID10188005 DTXSID10154664 DTXSID60855957 DTXSID00588297 DTXSID20677536 DTXSID90767216 DTXSID90383879 DTXSID40415351 DTXSID30175174 DTXSID70896038 DTXSID80218944 DTXSID80611193 DTXSID60787224 DTXSID00829036 DTXSID60718134 DTXSID00447830 DTXSID80561866
DTXSID30671323	DTXSID10649722 DTXSID40481814 DTXSID60340393 DTXSID60497336 DTXSID70612013 DTXSID50505318 DTXSID00405935 DTXSID90573096 DTXSID70284653 DTXSID50736206 DTXSID50640319 DTXSID80532359 DTXSID90796667 DTXSID20403498 DTXSID70488750 DTXSID20835977 DTXSID00708135 DTXSID2071025 DTXSID10502681 DTXSID30301456
DTXSID80531423	DTXSID90334149 DTXSID90509214 DTXSID70457305 DTXSID40833839 DTXSID10733817 DTXSID50853381 DTXSID00719322 DTXSID00225190 DTXSID20630782 DTXSID00597642 DTXSID40581323 DTXSID50515371 DTXSID40431657 DTXSID70770268 DTXSID30575872 DTXSID40303729 DTXSID70517256 DTXSID50340948 DTXSID20798912 DTXSID20159342
DTXSID5059822	DTXSID20488861 DTXSID00164439 DTXSID40552058 DTXSID80479295 DTXSID20694900 DTXSID20578675 DTXSID90809448 DTXSID60162739 DTXSID50528608 DTXSID20184139 DTXSID80729287 DTXSID70203864 DTXSID50391273 DTXSID50467720 DTXSID00303785 DTXSID60641211 DTXSID70306869 DTXSID30448451 DTXSID40705805 DTXSID80222480
DTXSID30322904	DTXSID80633057 DTXSID80476729 DTXSID30298938 DTXSID80646122 DTXSID90508585 DTXSID10833987 DTXSID70542503 DTXSID20697678 DTXSID20352937 DTXSID5067500 DTXSID20368533 DTXSID10458452 DTXSID20542891 DTXSID30725613 DTXSID20656902 DTXSID1020724 DTXSID40856624 DTXSID10157079 DTXSID50806832 DTXSID10657448
DTXSID70352922	DTXSID80655517 DTXSID20797460 DTXSID80596936 DTXSID10609068 DTXSID50614151 DTXSID60179903 DTXSID10610316 DTXSID60198210 DTXSID50742145 DTXSID10238155 DTXSID10182402 DTXSID70277929 DTXSID30199118 DTXSID20508230 DTXSID80206947 DTXSID20895511 DTXSID10560827 DTXSID80464787 DTXSID40563927 DTXSID50571472
DTXSID70562589	DTXSID8036653 DTXSID50656218 DTXSID90306129 DTXSID10371591 DTXSID00774294 DTXSID80519504 DTXSID00390958 DTXSID70674131 DTXSID90527650 DTXSID90578445 DTXSID50863142 DTXSID90182288 DTXSID30496230 DTXSID80402341 DTXSID40190474 DTXSID20321380 DTXSID80834981 DTXSID40490688 DTXSID30165636 DTXSID00462285
DTXSID40614903	DTXSID80897339 DTXSID30323219 DTXSID80502870 DTXSID40744315 DTXSID70594325 DTXSID10655469 DTXSID10374441 DTXSID80472847 DTXSID60151047 DTXSID70188187 DTXSID00646740 DTXSID20593989 DTXSID1063140 DTXSID00730375 DTXSID20704078 DTXSID10694631 DTXSID90836456 DTXSID10210118 DTXSID70443980 DTXSID20217491
DTXSID40513705	DTXSID20324558 DTXSID10646857 DTXSID90337312 DTXSID30397253 DTXSID20423292 DTXSID40349703 DTXSID50427945 DTXSID50561535 DTXSID00372794 DTXSID10650979 DTXSID00428225 DTXSID70353035 DTXSID00513665 DTXSID00143623 DTXSID10770409 DTXSID30355691 DTXSID90506460 DTXSID20667790 DTXSID10181056 DTXSID60668726
DTXSID30711637	DTXSID70493445 DTXSID50165719 DTXSID7067401 DTXSID40390038 DTXSID90313550 DTXSID20832421 DTXSID60776895 DTXSID80528696 DTXSID00639591 DTXSID90543810 DTXSID90772360 DTXSID80772016 DTXSID20662927 DTXSID20332552 DTXSID80598798 DTXSID00236589 DTXSID60586193 DTXSID50341258 DTXSID50427884 DTXSID70764920
DTXSID80693833	DTXSID20429436 DTXSID80456102 DTXSID70715619 DTXSID40418766 DTXSID50171214 DTXSID00625136 DTXSID00640283 DTXSID10606431 DTXSID20322579 DTXSID60519486 DTXSID60514991 DTXSID20655394 DTXSID20453352 DTXSID10579757 DTXSID30681826 DTXSID80408227 DTXSID90232353 DTXSID00768471 DTXSID40439279 DTXSID40664842
DTXSID20144415	DTXSID90634530 DTXSID60597325 DTXSID00563342 DTXSID70808676 DTXSID80406844 DTXSID70197512 DTXSID40531863 DTXSID20359360 DTXSID10667562 DTXSID90553131 DTXSID70810274 DTXSID00386154 DTXSID10343531 DTXSID00568892 DTXSID60190097 DTXSID40614266 DTXSID50160981 DTXSID10756521 DTXSID90602714 DTXSID80542059
DTXSID70353035	DTXSID50427945 DTXSID90337312 DTXSID60668726 DTXSID50590582 DTXSID60396875 DTXSID20324558 DTXSID20667790 DTXSID90506460 DTXSID30175614 DTXSID10215002 DTXSID30607723 DTXSID90401582 DTXSID40456507 DTXSID70400710 DTXSID80772011 DTXSID30531958 DTXSID00498387 DTXSID40513705 DTXSID30240972 DTXSID30146309
DTXSID10438850	DTXSID10361215 DTXSID00606703 DTXSID00302495 DTXSID90628893 DTXSID00178112 DTXSID40358815 DTXSID00614904 DTXSID80438847 DTXSID70857447 DTXSID70883463 DTXSID70357452 DTXSID90439183 DTXSID90320648 DTXSID40456163 DTXSID90825769 DTXSID70766489 DTXSID30460577 DTXSID40279773 DTXSID20222383 DTXSID40819113
DTXSID70471960	DTXSID80793680 DTXSID50191093 DTXSID50234378 DTXSID20825196 DTXSID90407807 DTXSID60463576 DTXSID30786582 DTXSID40483015 DTXSID90634898 DTXSID10239187 DTXSID3067231 DTXSID90758447 DTXSID20840329 DTXSID00694029 DTXSID50239186 DTXSID90771570 DTXSID00601051 DTXSID90711173 DTXSID10431745 DTXSID80893735
DTXSID10462130	DTXSID60726476 DTXSID20514699 DTXSID80614503 DTXSID30646278 DTXSID80711086 DTXSID20657131 DTXSID80729005 DTXSID60404409 DTXSID40605891 DTXSID50739292 DTXSID00430803 DTXSID40292366 DTXSID30621202 DTXSID30754024 DTXSID90879303 DTXSID90487361 DTXSID80703926 DTXSID90381971 DTXSID70733090 DTXSID00672261
DTXSID60551669	DTXSID10685822 DTXSID60626321 DTXSID6041769 DTXSID80465693 DTXSID40879338 DTXSID60635458 DTXSID40793823 DTXSID60798719 DTXSID20277075 DTXSID30856991 DTXSID40596119 DTXSID70295163 DTXSID90626596 DTXSID90407221 DTXSID10430157 DTXSID00462684 DTXSID70886858 DTXSID70628018 DTXSID00617930 DTXSID70369696
DTXSID70751971	DTXSID70143731 DTXSID30816550 DTXSID50707895 DTXSID40815312 DTXSID20582919 DTXSID40382796 DTXSID60703727 DTXSID40544695 DTXSID80768717 DTXSID70176408 DTXSID00587583 DTXSID40239670 DTXSID50847088 DTXSID80709549 DTXSID80357468 DTXSID50341511 DTXSID10470659 DTXSID50655685 DTXSID80630541 DTXSID00190899
DTXSID50622817	DTXSID80457351 DTXSID80505523 DTXSID10172580 DTXSID70632195 DTXSID40175741 DTXSID90571577 DTXSID20500057 DTXSID70721134 DTXSID50356468 DTXSID70576984 DTXSID30444993 DTXSID80593521 DTXSID40549185 DTXSID00668987 DTXSID80299652 DTXSID0062139 DTXSID80528671 DTXSID40446483 DTXSID30483483 DTXSID60542759
DTXSID90497142	DTXSID30444372 DTXSID60640668 DTXSID70857629 DTXSID20573165 DTXSID50625161 DTXSID10619203 DTXSID80169381 DTXSID00375361 DTXSID90330949 DTXSID90621804 DTXSID10618170 DTXSID70731571 DTXSID00739348 DTXSID10399351 DTXSID70566047 DTXSID20345824 DTXSID20355044 DTXSID00653257 DTXSID60575966 DTXSID50588202
DTXSID80281698	DTXSID30375137 DTXSID00220882 DTXSID8058827 DTXSID00795722 DTXSID40543966 DTXSID7058048 DTXSID80431818 DTXSID20503104 DTXSID70509853 DTXSID30274378 DTXSID30718308 DTXSID10403669 DTXSID40803118 DTXSID70327473 DTXSID90557553 DTXSID30367673 DTXSID00711265 DTXSID40585689 DTXSID30288591 DTXSID40356114
DTXSID0024266	DTXSID50767131 DTXSID80456728 DTXSID90179991 DTXSID10518727 DTXSID70477947 DTXSID60640047 DTXSID40682364 DTXSID5070232 DTXSID30325278 DTXSID10788827 DTXSID80637257 DTXSID90796884 DTXSID40749587 DTXSID30790846 DTXSID80676944 DTXSID50694498 DTXSID20185808 DTXSID70759654 DTXSID00678208 DTXSID30526586
DTXSID50817701	DTXSID30778609 DTXSID80840345 DTXSID60236282 DTXSID50766705 DTXSID50820432 DTXSID70557152 DTXSID70720485 DTXSID90711173 DTXSID20604342 DTXSID60776815 DTXSID60715789 DTXSID10317277 DTXSID40815736 DTXSID40532355 DTXSID00339069 DTXSID90469309 DTXSID40483015 DTXSID00786099 DTXSID8051706 DTXSID70711257
DTXSID20336196	DTXSID30418073 DTXSID00421433 DTXSID70513854 DTXSID40435251 DTXSID20380033 DTXSID30635122 DTXSID40829530 DTXSID0024397 DTXSID80835635 DTXSID40697812 DTXSID70734123 DTXSID30506823 DTXSID10761256 DTXSID40574457 DTXSID1066786 DTXSID50152846 DTXSID90513437 DTXSID30668910 DTXSID90788825 DTXSID30460875
DTXSID00673753	DTXSID60744251 DTXSID90394783 DTXSID10212475 DTXSID20315027 DTXSID7057658 DTXSID00707800 DTXSID20587585 DTXSID70751153 DTXSID20393587 DTXSID90242250 DTXSID00508677 DTXSID40195484 DTXSID90164640 DTXSID40338899 DTXSID60700236 DTXSID90305298 DTXSID00745368 DTXSID30303192 DTXSID20808909 DTXSID3063966
DTXSID60605217	DTXSID40830606 DTXSID50780365 DTXSID40789867 DTXSID00804404 DTXSID50812175 DTXSID80830605 DTXSID70790805 DTXSID20888665 DTXSID10805149 DTXSID60823212 DTXSID20675951 DTXSID50533959 DTXSID70785433 DTXSID20802604 DTXSID30805762 DTXSID30844232 DTXSID10819029 DTXSID70768084 DTXSID30307135 DTXSID70322827
DTXSID30509238	DTXSID40855399 DTXSID20448384 DTXSID50181954 DTXSID30852357 DTXSID70589332 DTXSID90344400 DTXSID60600166 DTXSID20635878 DTXSID30758224 DTXSID50659820 DTXSID20444028 DTXSID80375703 DTXSID20742359 DTXSID00154815 DTXSID3057729 DTXSID90317432 DTXSID70157833 DTXSID20316332 DTXSID00829036 DTXSID50350724
DTXSID70408539	DTXSID10581315 DTXSID70165938 DTXSID40674385 DTXSID60856080 DTXSID20797748 DTXSID90427929 DTXSID90185572 DTXSID90626394 DTXSID30651867 DTXSID40161003 DTXSID40454922 DTXSID60284824 DTXSID70642476 DTXSID80492984 DTXSID40716512 DTXSID10826758 DTXSID10309233 DTXSID60365844 DTXSID60897135 DTXSID90345699
DTXSID90308284	DTXSID70372524 DTXSID70398168 DTXSID40764472 DTXSID20545261 DTXSID70486135 DTXSID80489637 DTXSID60204269 DTXSID80312456 DTXSID10855821 DTXSID10483789 DTXSID60552611 DTXSID60670046 DTXSID70597831 DTXSID80514776 DTXSID50323554 DTXSID60735008 DTXSID00744412 DTXSID80665419 DTXSID00201636 DTXSID30685400
DTXSID80514418	DTXSID20542811 DTXSID70607621 DTXSID50310126 DTXSID10219323 DTXSID50638155 DTXSID70320828 DTXSID80664260 DTXSID90651949 DTXSID70672475 DTXSID90493144 DTXSID40792871 DTXSID50186702 DTXSID00490846 DTXSID70736561 DTXSID20876264 DTXSID00427854 DTXSID90485307 DTXSID40222441 DTXSID80320612 DTXSID70283207
DTXSID00278323	DTXSID50370902 DTXSID50436633 DTXSID00705785 DTXSID60222746 DTXSID40811253 DTXSID60842544 DTXSID30836834 DTXSID70589837 DTXSID20146696 DTXSID80788253 DTXSID50812918 DTXSID50335233 DTXSID80700798 DTXSID30556343 DTXSID20732210 DTXSID60211832 DTXSID30760367 DTXSID80589808 DTXSID00541362 DTXSID10313815
DTXSID30597074	DTXSID40640949 DTXSID40780334 DTXSID30817789 DTXSID50505434 DTXSID70845046 DTXSID80192573 DTXSID70709755 DTXSID40543961 DTXSID80207111 DTXSID80664785 DTXSID40608761 DTXSID50312665 DTXSID10297702 DTXSID60388210 DTXSID80610161 DTXSID10312106 DTXSID70826658 DTXSID70381358 DTXSID00521083 DTXSID80210322
DTXSID20676827	DTXSID40555903 DTXSID30525099 DTXSID40812861 DTXSID40494722 DTXSID30352640 DTXSID20604968 DTXSID90152880 DTXSID90348963 DTXSID10359430 DTXSID30546800 DTXSID30303394 DTXSID20852583 DTXSID60599086 DTXSID40791602 DTXSID00326196 DTXSID20364510 DTXSID80178751 DTXSID60879719 DTXSID20714718 DTXSID90819507
DTXSID50887924	DTXSID30377777 DTXSID10802714 DTXSID70325651 DTXSID30616532 DTXSID80817239 DTXSID50437584 DTXSID60611176 DTXSID60827513 DTXSID30479306 DTXSID00844946 DTXSID20660362 DTXSID10607125 DTXSID10580202 DTXSID40510597 DTXSID80720234 DTXSID90737919 DTXSID30592145 DTXSID50766987 DTXSID70675345 DTXSID70716782
DTXSID60678188	DTXSID90829782 DTXSID10653869 DTXSID00198572 DTXSID60541126 DTXSID30805681 DTXSID60721022 DTXSID00510558 DTXSID90702066 DTXSID70233722 DTXSID50534885 DTXSID50814992 DTXSID90302949 DTXSID80836369 DTXSID50872976 DTXSID30727894 DTXSID00458764 DTXSID60209613 DTXSID40835510 DTXSID20719167 DTXSID50471468
DTXSID70396402	DTXSID20538830 DTXSID50654936 DTXSID00522176 DTXSID90808911 DTXSID60747202 DTXSID10795415 DTXSID40751463 DTXSID90217423 DTXSID90328740 DTXSID70535950 DTXSID40187824 DTXSID80562398 DTXSID70670451 DTXSID70717870 DTXSID20826289 DTXSID00649599 DTXSID20392636 DTXSID0070784 DTXSID40176910 DTXSID70888756
DTXSID40648607	DTXSID90355798 DTXSID30557810 DTXSID60458689 DTXSID00358977 DTXSID50629487 DTXSID60356272 DTXSID00513862 DTXSID80402306 DTXSID30450099 DTXSID20520119 DTXSID70646651 DTXSID80440283 DTXSID80222783 DTXSID80399560 DTXSID20661056 DTXSID10726325 DTXSID40509007 DTXSID30587354 DTXSID90348983 DTXSID80183441
DTXSID30593753	DTXSID70243780 DTXSID10648912 DTXSID80284205 DTXSID60243779 DTXSID20594416 DTXSID60191488 DTXSID80821492 DTXSID00769261 DTXSID30578202 DTXSID60561925 DTXSID00707845 DTXSID6039685 DTXSID60730634 DTXSID70441289 DTXSID50774446 DTXSID00853295 DTXSID80768252 DTXSID70425009 DTXSID70274817 DTXSID80237610
DTXSID60346279	DTXSID50507514 DTXSID50697661 DTXSID60831938 DTXSID80765908 DTXSID60407056 DTXSID30874352 DTXSID10610179 DTXSID30545994 DTXSID10866598 DTXSID10527213 DTXSID70704008 DTXSID6052324 DTXSID70670577 DTXSID10699722 DTXSID20886929 DTXSID90609465 DTXSID30322383 DTXSID10544364 DTXSID50759410 DTXSID50604052
DTXSID00341667	DTXSID10465025 DTXSID60738998 DTXSID0075106 DTXSID60754572 DTXSID20663055 DTXSID00196816 DTXSID40701589 DTXSID2071025 DTXSID00338633 DTXSID30739033 DTXSID50286514 DTXSID90850096 DTXSID10776421 DTXSID00405935 DTXSID70284653 DTXSID90796667 DTXSID90492910 DTXSID10560226 DTXSID80532359 DTXSID10436654
DTXSID30175174	DTXSID00588297 DTXSID70548964 DTXSID80218944 DTXSID20677536 DTXSID10188005 DTXSID80377186 DTXSID80436641 DTXSID20306137 DTXSID40480100 DTXSID90794901 DTXSID4059251 DTXSID10558300 DTXSID90767216 DTXSID70536164 DTXSID60718134 DTXSID20228325 DTXSID60787224 DTXSID00447830 DTXSID70186380 DTXSID50368642
DTXSID30678498	DTXSID20603496 DTXSID80438903 DTXSID10820291 DTXSID70506822 DTXSID00436880 DTXSID00440826 DTXSID90397557 DTXSID20790592 DTXSID40464884 DTXSID70742980 DTXSID60341340 DTXSID30641187 DTXSID50490730 DTXSID00513140 DTXSID80450049 DTXSID90509411 DTXSID30627547 DTXSID60833316 DTXSID40677391 DTXSID30362789
DTXSID90343054	DTXSID80370950 DTXSID10737794 DTXSID20238601 DTXSID50419789 DTXSID00371126 DTXSID0069705 DTXSID50388582 DTXSID00678940 DTXSID00600882 DTXSID20553205 DTXSID20349428 DTXSID90788966 DTXSID50798788 DTXSID80289952 DTXSID80593384 DTXSID60857299 DTXSID80516533 DTXSID50736064 DTXSID10563954 DTXSID50743511
DTXSID30427584	DTXSID40575409 DTXSID00762277 DTXSID50630316 DTXSID20589741 DTXSID50601960 DTXSID40495138 DTXSID30356901 DTXSID70214475 DTXSID50739813 DTXSID40280460 DTXSID70694839 DTXSID40757627 DTXSID10705776 DTXSID20189700 DTXSID20741908 DTXSID10816412 DTXSID80418427 DTXSID50627988 DTXSID80172734 DTXSID90622311
DTXSID50621542	DTXSID80800126 DTXSID10503451 DTXSID30707191 DTXSID30823264 DTXSID30169250 DTXSID90334321 DTXSID70333716 DTXSID90509850 DTXSID00409610 DTXSID30844257 DTXSID30341251 DTXSID80610828 DTXSID80346155 DTXSID00642424 DTXSID70737336 DTXSID90406638 DTXSID40547121 DTXSID40289256 DTXSID80629657 DTXSID80676767
DTXSID90772360	DTXSID70720187 DTXSID50341258 DTXSID30595277 DTXSID20662927 DTXSID90650396 DTXSID60776895 DTXSID90824055 DTXSID90604177 DTXSID80407033 DTXSID50427884 DTXSID80671813 DTXSID90567930 DTXSID30711637 DTXSID20730675 DTXSID30510223 DTXSID80212043 DTXSID30403904 DTXSID80772016 DTXSID00236589 DTXSID50165719
DTXSID60599107	DTXSID50663326 DTXSID80427877 DTXSID00517608 DTXSID10570168 DTXSID90672093 DTXSID50533277 DTXSID80570155 DTXSID40721429 DTXSID50743394 DTXSID10518525 DTXSID20207695 DTXSID00495098 DTXSID40388879 DTXSID80663551 DTXSID10296831 DTXSID70647749 DTXSID30662913 DTXSID90487321 DTXSID20467313 DTXSID40293717
DTXSID60401190	DTXSID70457502 DTXSID50609784 DTXSID40463534 DTXSID10555854 DTXSID00725807 DTXSID00348297 DTXSID40313489 DTXSID20879376 DTXSID80628382 DTXSID70307896 DTXSID10383811 DTXSID00810742 DTXSID70726528 DTXSID50354368 DTXSID40628489 DTXSID30618374 DTXSID30359270 DTXSID00348838 DTXSID30519731 DTXSID90857282
DTXSID60797262	DTXSID40186832 DTXSID90801907 DTXSID70568940 DTXSID20308030 DTXSID10360203 DTXSID50749917 DTXSID70538027 DTXSID40507301 DTXSID60614763 DTXSID70622516 DTXSID90238138 DTXSID30511391 DTXSID80590055 DTXSID40211431 DTXSID90374489 DTXSID60337187 DTXSID90562627 DTXSID50446232 DTXSID50323352 DTXSID80161820
DTXSID1051800	DTXSID50858472 DTXSID80342879 DTXSID90530942 DTXSID50693663 DTXSID10391618 DTXSID70565833 DTXSID50502221 DTXSID50798425 DTXSID90328629 DTXSID60606582 DTXSID50528269 DTXSID70651568 DTXSID80506131 DTXSID60557242 DTXSID7068001 DTXSID50766366 DTXSID10880678 DTXSID80795720 DTXSID10682199 DTXSID90847486
DTXSID00632204	DTXSID40456507 DTXSID60204461 DTXSID20671211 DTXSID90346863 DTXSID10215002 DTXSID80772011 DTXSID10462918 DTXSID00498387 DTXSID1069952 DTXSID50613285 DTXSID30531958 DTXSID60668726 DTXSID30175614 DTXSID20590251 DTXSID50590582 DTXSID30146309 DTXSID50544085 DTXSID70400710 DTXSID30240972 DTXSID70308222
DTXSID70819621	DTXSID00430025 DTXSID20428464 DTXSID40243196 DTXSID70567079 DTXSID40309701 DTXSID90553131 DTXSID40243434 DTXSID50390706 DTXSID90570287 DTXSID90804993 DTXSID50160981 DTXSID70810274 DTXSID60277534 DTXSID60292449 DTXSID70197512 DTXSID30199370 DTXSID50242539 DTXSID00568892 DTXSID20285670 DTXSID10706283
DTXSID00561282	DTXSID10448353 DTXSID3027116 DTXSID30531317 DTXSID70217885 DTXSID20449210 DTXSID90199053 DTXSID80771069 DTXSID7069071 DTXSID70521479 DTXSID30757656 DTXSID60344770 DTXSID40790857 DTXSID20211050 DTXSID20481377 DTXSID00652785 DTXSID10527511 DTXSID40519863 DTXSID2060967 DTXSID5060726 DTXSID00345867
DTXSID50438652	DTXSID80459037 DTXSID20641217 DTXSID90344743 DTXSID30148065 DTXSID50467164 DTXSID30627320 DTXSID20754952 DTXSID90293828 DTXSID00540491 DTXSID00850007 DTXSID80841231 DTXSID90364027 DTXSID80804386 DTXSID30441386 DTXSID60528538 DTXSID80827797 DTXSID20406242 DTXSID70591172 DTXSID30482754 DTXSID10439569
DTXSID30816550	DTXSID70751971 DTXSID70143731 DTXSID50707895 DTXSID20582919 DTXSID80768717 DTXSID60703727 DTXSID40544695 DTXSID40239670 DTXSID40815312 DTXSID70176408 DTXSID80709549 DTXSID10470659 DTXSID50847088 DTXSID40382796 DTXSID90751271 DTXSID50655685 DTXSID00587583 DTXSID30385716 DTXSID60662507 DTXSID80357468
DTXSID90460452	DTXSID20806980 DTXSID40374050 DTXSID20771280 DTXSID60458280 DTXSID70463027 DTXSID00201636 DTXSID80712533 DTXSID50402671 DTXSID30399353 DTXSID50314442 DTXSID10375655 DTXSID70344100 DTXSID60653339 DTXSID60572394 DTXSID20298200 DTXSID70195699 DTXSID20671716 DTXSID80453838 DTXSID50152846 DTXSID90278559
DTXSID80556555	DTXSID70440979 DTXSID50361299 DTXSID50369997 DTXSID10815440 DTXSID00446065 DTXSID50333673 DTXSID10499709 DTXSID80351663 DTXSID20318553 DTXSID70554161 DTXSID60459171 DTXSID40494863 DTXSID00349547 DTXSID70176185 DTXSID50294013 DTXSID00455874 DTXSID50597137 DTXSID90807202 DTXSID80388515 DTXSID50875846
DTXSID10528381	DTXSID30708643 DTXSID70494230 DTXSID10361513 DTXSID70495707 DTXSID60233812 DTXSID30505255 DTXSID40311142 DTXSID20642128 DTXSID70649283 DTXSID90780066 DTXSID50312665 DTXSID20216666 DTXSID50368506 DTXSID50452131 DTXSID80664785 DTXSID00480469 DTXSID40507644 DTXSID10626018 DTXSID80224782 DTXSID50392285
DTXSID40196830	DTXSID70383372 DTXSID10183595 DTXSID60402203 DTXSID80585325 DTXSID50807743 DTXSID60501402 DTXSID40874348 DTXSID70574046 DTXSID50710086 DTXSID30866797 DTXSID60645895 DTXSID90783810 DTXSID40359221 DTXSID90758669 DTXSID80468881 DTXSID80323663 DTXSID90191875 DTXSID00318718 DTXSID50451245 DTXSID10516460
DTXSID60508234	DTXSID6040371 DTXSID10599536 DTXSID20183001 DTXSID10289445 DTXSID00768097 DTXSID40535245 DTXSID80857236 DTXSID00567820 DTXSID10845207 DTXSID90709196 DTXSID30290316 DTXSID60728172 DTXSID3044592 DTXSID60703924 DTXSID70283828 DTXSID00364871 DTXSID70539892 DTXSID40752753 DTXSID30624051 DTXSID60618928
DTXSID80808208	DTXSID40819592 DTXSID90470930 DTXSID30510329 DTXSID10352582 DTXSID20541127 DTXSID90359377 DTXSID40722613 DTXSID70837481 DTXSID80478086 DTXSID10483209 DTXSID00635816 DTXSID70580809 DTXSID10334005 DTXSID10528402 DTXSID20580571 DTXSID00524615 DTXSID10580808 DTXSID70490090 DTXSID10594844 DTXSID20849418
DTXSID8060298	DTXSID40671112 DTXSID10298976 DTXSID70553659 DTXSID60646347 DTXSID80573368 DTXSID90162424 DTXSID80482123 DTXSID30583295 DTXSID40432169 DTXSID00646629 DTXSID50170020 DTXSID40407716 DTXSID60427815 DTXSID80626181 DTXSID80293478 DTXSID50701111 DTXSID00382853 DTXSID70578549 DTXSID00576634 DTXSID80381501
DTXSID60444502	DTXSID50312908 DTXSID50427622 DTXSID90489587 DTXSID80676828 DTXSID50358169 DTXSID50599959 DTXSID70357679 DTXSID60456741 DTXSID20589302 DTXSID30668051 DTXSID10399659 DTXSID90291526 DTXSID30857029 DTXSID20182216 DTXSID00857657 DTXSID00515240 DTXSID20351228 DTXSID80744470 DTXSID90705153 DTXSID50190364
DTXSID90360625	DTXSID80601317 DTXSID20646803 DTXSID00836164 DTXSID00747382 DTXSID60591924 DTXSID80620381 DTXSID9064007 DTXSID20377125 DTXSID60591944 DTXSID60818360 DTXSID30876674 DTXSID60470523 DTXSID70630050 DTXSID70724089 DTXSID60736257 DTXSID50393757 DTXSID10430157 DTXSID20295517 DTXSID80358672 DTXSID30310427
DTXSID80300454	DTXSID30787539 DTXSID30620179 DTXSID00552832 DTXSID20847353 DTXSID20463411 DTXSID90443846 DTXSID20567049 DTXSID70645649 DTXSID60660361 DTXSID20888226 DTXSID0073110 DTXSID00470865 DTXSID50469825 DTXSID80851471 DTXSID90718102 DTXSID30846155 DTXSID10551876 DTXSID70817627 DTXSID90809145 DTXSID50838597
DTXSID20185540	DTXSID80238243 DTXSID80562893 DTXSID30344606 DTXSID90379459 DTXSID60576312 DTXSID10472875 DTXSID70652439 DTXSID40632283 DTXSID00721061 DTXSID50290696 DTXSID70337219 DTXSID30876518 DTXSID00472203 DTXSID60734213 DTXSID30876114 DTXSID10236696 DTXSID90662833 DTXSID70693443 DTXSID20559702 DTXSID70473525
DTXSID40214669	DTXSID50565290 DTXSID20499770 DTXSID40513644 DTXSID20875878 DTXSID80292163 DTXSID10827381 DTXSID70392328 DTXSID20754836 DTXSID80182974 DTXSID90434618 DTXSID70834910 DTXSID60284925 DTXSID1070773 DTXSID80712154 DTXSID70780645 DTXSID40657259 DTXSID10634274 DTXSID90444156 DTXSID60545866 DTXSID70593353
DTXSID10604513	DTXSID90167257 DTXSID70668499 DTXSID70598444 DTXSID90604692 DTXSID10765572 DTXSID20468406 DTXSID60830062 DTXSID60649136 DTXSID50210814 DTXSID50734909 DTXSID70626953 DTXSID70446895 DTXSID80847713 DTXSID3059505 DTXSID40641173 DTXSID30822737 DTXSID00366178 DTXSID80855555 DTXSID30811328 DTXSID00655514
DTXSID40775765	DTXSID20640624 DTXSID80649850 DTXSID70660978 DTXSID50810676 DTXSID50805002 DTXSID50218754 DTXSID60646943 DTXSID40243454 DTXSID70733717 DTXSID00541347 DTXSID90649245 DTXSID70810077 DTXSID00398893 DTXSID10525991 DTXSID50496595 DTXSID60527804 DTXSID70548767 DTXSID60444729 DTXSID60840166 DTXSID00504230
DTXSID60696569	DTXSID10193937 DTXSID90772845 DTXSID10624458 DTXSID80630460 DTXSID9074642 DTXSID30506146 DTXSID50240651 DTXSID10756167 DTXSID80738455 DTXSID80845794 DTXSID90550105 DTXSID60455133 DTXSID60760855 DTXSID20561608 DTXSID20327024 DTXSID50729870 DTXSID00846006 DTXSID20654908 DTXSID40657471 DTXSID30725613
DTXSID90541598	DTXSID00502150 DTXSID10633424 DTXSID50837207 DTXSID60451498 DTXSID4022076 DTXSID60762692 DTXSID20762693 DTXSID40543047 DTXSID00405738 DTXSID00171365 DTXSID60523124 DTXSID50440755 DTXSID40843478 DTXSID80737746 DTXSID10627489 DTXSID10198806 DTXSID50768805 DTXSID20182615 DTXSID60625556 DTXSID90177972
DTXSID80402669	DTXSID90669645 DTXSID3042506 DTXSID60143962 DTXSID30434854 DTXSID10632250 DTXSID90375653 DTXSID80742936 DTXSID80426981 DTXSID70566264 DTXSID60533187 DTXSID80724393 DTXSID10394942 DTXSID80665419 DTXSID60552611 DTXSID10364125 DTXSID00343681 DTXSID40359589 DTXSID10177959 DTXSID80480780 DTXSID00276940
DTXSID70757074	DTXSID50439346 DTXSID30782781 DTXSID70322827 DTXSID60832940 DTXSID60789344 DTXSID50757835 DTXSID10724149 DTXSID90601904 DTXSID50790641 DTXSID30281901 DTXSID20469635 DTXSID20802604 DTXSID20179000 DTXSID50242978 DTXSID70768084 DTXSID70785433 DTXSID80302756 DTXSID30532369 DTXSID30307135 DTXSID50759096
DTXSID40443371	DTXSID50744341 DTXSID40629370 DTXSID10345131 DTXSID10371152 DTXSID60155343 DTXSID1044932 DTXSID50848459 DTXSID60454621 DTXSID60519486 DTXSID40660980 DTXSID60514991 DTXSID20278062 DTXSID50462957 DTXSID30489420 DTXSID00768471 DTXSID90235405 DTXSID40230809 DTXSID20655394 DTXSID30405488 DTXSID1068853
DTXSID70603527	DTXSID50772104 DTXSID10187391 DTXSID30577437 DTXSID30758921 DTXSID60226204 DTXSID60456529 DTXSID70729791 DTXSID70452719 DTXSID60737648 DTXSID90459043 DTXSID50852157 DTXSID40874080 DTXSID10680650 DTXSID10554766 DTXSID10818517 DTXSID00489134 DTXSID70305695 DTXSID20780913 DTXSID40818282 DTXSID50439841
DTXSID40552058	DTXSID00164439 DTXSID5059822 DTXSID90809448 DTXSID50528608 DTXSID00303785 DTXSID20488861 DTXSID80729287 DTXSID60641211 DTXSID60162739 DTXSID80222480 DTXSID50467720 DTXSID70306869 DTXSID1052585 DTXSID20578675 DTXSID40705805 DTXSID80479295 DTXSID20694900 DTXSID50391273 DTXSID60179645 DTXSID00735688
DTXSID40293131	DTXSID10368805 DTXSID80650360 DTXSID10343399 DTXSID30534747 DTXSID20663297 DTXSID70593398 DTXSID20849918 DTXSID10840136 DTXSID40494863 DTXSID10696599 DTXSID20666384 DTXSID20172415 DTXSID30679061 DTXSID80146455 DTXSID90533993 DTXSID50648810 DTXSID60733680 DTXSID10289940 DTXSID10499709 DTXSID90279182
DTXSID70670577	DTXSID50604052 DTXSID20886929 DTXSID00818667 DTXSID30589575 DTXSID90215565 DTXSID30322383 DTXSID00598513 DTXSID60831938 DTXSID20528397 DTXSID10527213 DTXSID00162036 DTXSID00145324 DTXSID60346279 DTXSID30185314 DTXSID00428720 DTXSID80616800 DTXSID30541572 DTXSID60407056 DTXSID30874352 DTXSID60876900
DTXSID10753257	DTXSID20382350 DTXSID80626181 DTXSID90646895 DTXSID40432169 DTXSID90162424 DTXSID80505982 DTXSID80500114 DTXSID10427320 DTXSID40671112 DTXSID60610700 DTXSID80381501 DTXSID90539399 DTXSID50535857 DTXSID80482123 DTXSID60566016 DTXSID90331274 DTXSID80573368 DTXSID60301888 DTXSID10336307 DTXSID8060298
DTXSID40552053	DTXSID10838553 DTXSID20481099 DTXSID10237007 DTXSID00341268 DTXSID90485226 DTXSID30852630 DTXSID50436936 DTXSID40406623 DTXSID80284725 DTXSID80175861 DTXSID10809501 DTXSID90424554 DTXSID10811083 DTXSID00579281 DTXSID00597642 DTXSID30563198 DTXSID00206505 DTXSID20798912 DTXSID20159342 DTXSID10292631
DTXSID70646297	DTXSID70733090 DTXSID90446155 DTXSID20634806 DTXSID00646220 DTXSID10705852 DTXSID00857591 DTXSID00214044 DTXSID30371053 DTXSID90487361 DTXSID10646413 DTXSID10777190 DTXSID80729005 DTXSID60469614 DTXSID80563209 DTXSID30401026 DTXSID10557257 DTXSID90406719 DTXSID40585927 DTXSID90693208 DTXSID70616314
DTXSID40466085	DTXSID30409264 DTXSID20781223 DTXSID60542052 DTXSID90733638 DTXSID00318455 DTXSID30558488 DTXSID10675228 DTXSID00769266 DTXSID80695776 DTXSID40642226 DTXSID80436888 DTXSID10650378 DTXSID60214121 DTXSID50652836 DTXSID70693504 DTXSID10511354 DTXSID30566720 DTXSID60193361 DTXSID50178708 DTXSID10537635
DTXSID00304292	DTXSID30641809 DTXSID10876016 DTXSID70351511 DTXSID60292368 DTXSID80181205 DTXSID40821519 DTXSID70843961 DTXSID30625841 DTXSID50568069 DTXSID30642477 DTXSID80306315 DTXSID90204035 DTXSID50549550 DTXSID10610614 DTXSID00220968 DTXSID70450412 DTXSID20354971 DTXSID50733937 DTXSID80383500 DTXSID70365476
DTXSID1068019	DTXSID0062921 DTXSID30223285 DTXSID60288589 DTXSID80195044 DTXSID10758949 DTXSID20888029 DTXSID5062398 DTXSID1066239 DTXSID30770365 DTXSID70394423 DTXSID30575670 DTXSID90216335 DTXSID5047114 DTXSID60598059 DTXSID80814501 DTXSID20195063 DTXSID70751310 DTXSID50783437 DTXSID50410539 DTXSID90404730
DTXSID60885077	DTXSID20814500 DTXSID60790970 DTXSID30575670 DTXSID1068300 DTXSID20752115 DTXSID90766845 DTXSID20230322 DTXSID20888029 DTXSID80814501 DTXSID30223285 DTXSID90216335 DTXSID60388215 DTXSID1040247 DTXSID70394423 DTXSID1068019 DTXSID50404352 DTXSID5062398 DTXSID40601636 DTXSID80437850 DTXSID0062921
DTXSID60759845	DTXSID60880648 DTXSID00841233 DTXSID80599205 DTXSID60195587 DTXSID40819355 DTXSID50662258 DTXSID60840328 DTXSID40714614 DTXSID80820647 DTXSID60552474 DTXSID80340739 DTXSID80526894 DTXSID50712085 DTXSID80836521 DTXSID70773512 DTXSID60864504 DTXSID30637126 DTXSID70816731 DTXSID40718177 DTXSID40707566
DTXSID40243939	DTXSID40785682 DTXSID70744348 DTXSID30473526 DTXSID00229310 DTXSID20681875 DTXSID10427188 DTXSID60836802 DTXSID10464730 DTXSID10221724 DTXSID00593846 DTXSID30321477 DTXSID70189210 DTXSID50397371 DTXSID60602903 DTXSID30160883 DTXSID10653829 DTXSID90535053 DTXSID30792724 DTXSID00628521 DTXSID30403500
DTXSID50762621	DTXSID60181147 DTXSID2065757 DTXSID50853942 DTXSID80198156 DTXSID40818368 DTXSID20337704 DTXSID60562871 DTXSID60775383 DTXSID70276210 DTXSID90780425 DTXSID6069826 DTXSID50778626 DTXSID00210001 DTXSID50652477 DTXSID00601051 DTXSID50797998 DTXSID70580602 DTXSID80694027 DTXSID00160532 DTXSID90758447
DTXSID70479325	DTXSID70344842 DTXSID90517319 DTXSID00565760 DTXSID60883917 DTXSID30617185 DTXSID30769214 DTXSID70549451 DTXSID40440067 DTXSID10488239 DTXSID90567874 DTXSID00762792 DTXSID20567408 DTXSID30306668 DTXSID60340732 DTXSID30600895 DTXSID80436883 DTXSID80496346 DTXSID90306669 DTXSID10399917 DTXSID90782323
DTXSID60825514	DTXSID40620145 DTXSID30554965 DTXSID00464704 DTXSID40784357 DTXSID40585689 DTXSID00531041 DTXSID50551916 DTXSID90361339 DTXSID30617968 DTXSID20857598 DTXSID00421630 DTXSID70507379 DTXSID70630333 DTXSID00330692 DTXSID30718308 DTXSID90826519 DTXSID30288591 DTXSID00589805 DTXSID20524016 DTXSID90709196
DTXSID60325625	DTXSID30282190 DTXSID40282924 DTXSID30716667 DTXSID00156475 DTXSID50343833 DTXSID60622580 DTXSID60401296 DTXSID00374899 DTXSID50809828 DTXSID30761213 DTXSID60875796 DTXSID90435044 DTXSID20758435 DTXSID50181656 DTXSID00469355 DTXSID40533160 DTXSID80560576 DTXSID60722099 DTXSID60646342 DTXSID70672798
DTXSID10596368	DTXSID00610163 DTXSID70145831 DTXSID20499891 DTXSID60385961 DTXSID00696205 DTXSID20398810 DTXSID90743974 DTXSID70811428 DTXSID50635285 DTXSID10363476 DTXSID10767051 DTXSID70561754 DTXSID1058006 DTXSID40642488 DTXSID70392484 DTXSID70226290 DTXSID90462936 DTXSID00536894 DTXSID30579375 DTXSID60725101
DTXSID10436856	DTXSID50197510 DTXSID30586246 DTXSID00192772 DTXSID40846969 DTXSID80757646 DTXSID30536807 DTXSID20352992 DTXSID00739949 DTXSID70578327 DTXSID70550401 DTXSID50388229 DTXSID90614236 DTXSID30327237 DTXSID90509411 DTXSID20697239 DTXSID90293308 DTXSID90809004 DTXSID50708403 DTXSID00504730 DTXSID20790592
DTXSID10705852	DTXSID00857591 DTXSID60469614 DTXSID90446155 DTXSID70733090 DTXSID30371053 DTXSID50167293 DTXSID70646297 DTXSID00214044 DTXSID00646220 DTXSID10557257 DTXSID80563209 DTXSID20634806 DTXSID30401026 DTXSID10646413 DTXSID80627158 DTXSID90406719 DTXSID80356057 DTXSID70616314 DTXSID90487361 DTXSID10777190
DTXSID10660816	DTXSID70732487 DTXSID10498196 DTXSID70314969 DTXSID40385343 DTXSID60319089 DTXSID70855781 DTXSID90821201 DTXSID80447398 DTXSID30303192 DTXSID80478324 DTXSID30546628 DTXSID00745368 DTXSID70619608 DTXSID40747503 DTXSID10657206 DTXSID20676403 DTXSID30620174 DTXSID00292362 DTXSID40721964 DTXSID60700236
DTXSID80475393	DTXSID60315960 DTXSID60345565 DTXSID00243556 DTXSID5073115 DTXSID50483768 DTXSID60831094 DTXSID80627799 DTXSID60744312 DTXSID20162351 DTXSID40483116 DTXSID10774023 DTXSID50552847 DTXSID00313622 DTXSID40856184 DTXSID60850028 DTXSID60524732 DTXSID70598666 DTXSID20482445 DTXSID00556597 DTXSID10602615
DTXSID70433583	DTXSID40209676 DTXSID90189358 DTXSID0052388 DTXSID50696336 DTXSID90524068 DTXSID00378832 DTXSID5052387 DTXSID50668230 DTXSID10700029 DTXSID20877337 DTXSID00754490 DTXSID50733073 DTXSID10772928 DTXSID70759654 DTXSID60700918 DTXSID80287832 DTXSID40228701 DTXSID60471818 DTXSID6047862 DTXSID00678208
DTXSID20565166	DTXSID80522659 DTXSID40221893 DTXSID40474221 DTXSID70526161 DTXSID90474074 DTXSID00543245 DTXSID20656109 DTXSID00772053 DTXSID50771132 DTXSID4051740 DTXSID50277740 DTXSID50874359 DTXSID10811386 DTXSID90825244 DTXSID80468881 DTXSID70383372 DTXSID40591346 DTXSID50821545 DTXSID60281959 DTXSID20339268
DTXSID90688538	DTXSID90592505 DTXSID60424460 DTXSID00679770 DTXSID20663414 DTXSID90453389 DTXSID20431438 DTXSID50398949 DTXSID10879320 DTXSID80766172 DTXSID80407659 DTXSID30595075 DTXSID00766437 DTXSID10542860 DTXSID30686896 DTXSID20483593 DTXSID80496402 DTXSID40621798 DTXSID20651159 DTXSID40623494 DTXSID60503325
DTXSID20324518	DTXSID40415917 DTXSID60707361 DTXSID50274133 DTXSID50596746 DTXSID3068592 DTXSID50604173 DTXSID30306426 DTXSID70651068 DTXSID60615215 DTXSID80457932 DTXSID70478257 DTXSID40832084 DTXSID80373744 DTXSID10343637 DTXSID20857154 DTXSID30772364 DTXSID10749579 DTXSID10340949 DTXSID10280790 DTXSID20372933
DTXSID70665448	DTXSID70350302 DTXSID80700192 DTXSID30646571 DTXSID30620215 DTXSID00646629 DTXSID60383684 DTXSID10298976 DTXSID10694595 DTXSID90162424 DTXSID80627158 DTXSID60646347 DTXSID50701111 DTXSID70578549 DTXSID80381501 DTXSID10427320 DTXSID80356057 DTXSID70553659 DTXSID40432169 DTXSID50528168 DTXSID40517460
DTXSID50404332	DTXSID60695476 DTXSID90624976 DTXSID90182288 DTXSID60368299 DTXSID20450149 DTXSID30313034 DTXSID70835922 DTXSID50607326 DTXSID70366049 DTXSID30818574 DTXSID30201705 DTXSID00462285 DTXSID00697813 DTXSID70791175 DTXSID90578445 DTXSID60209350 DTXSID20321380 DTXSID30632272 DTXSID50844436 DTXSID70642456
DTXSID20222787	DTXSID80463452 DTXSID80350737 DTXSID40684601 DTXSID60729402 DTXSID30490970 DTXSID10810733 DTXSID30642230 DTXSID60665472 DTXSID60184870 DTXSID00774916 DTXSID40655977 DTXSID70659443 DTXSID40756736 DTXSID90379934 DTXSID00452045 DTXSID80466488 DTXSID90707556 DTXSID70787230 DTXSID40164599 DTXSID40372051
DTXSID40585765	DTXSID00751005 DTXSID60805391 DTXSID00890342 DTXSID20673937 DTXSID00494167 DTXSID40214245 DTXSID40299936 DTXSID90412517 DTXSID00620621 DTXSID30237408 DTXSID70736667 DTXSID30874256 DTXSID10364903 DTXSID00534350 DTXSID30660313 DTXSID60398475 DTXSID60446566 DTXSID60475331 DTXSID60645335 DTXSID10150984
DTXSID60388351	DTXSID90552402 DTXSID90595591 DTXSID90353012 DTXSID80143106 DTXSID60424440 DTXSID40299517 DTXSID00165183 DTXSID70176387 DTXSID00600983 DTXSID30423223 DTXSID20441052 DTXSID30440298 DTXSID80597680 DTXSID10840459 DTXSID00551229 DTXSID30176383 DTXSID20143105 DTXSID80424684 DTXSID00567360 DTXSID20384834
DTXSID3063095	DTXSID20206981 DTXSID70750944 DTXSID70545993 DTXSID80483231 DTXSID10537195 DTXSID00879551 DTXSID20721068 DTXSID60601471 DTXSID60647298 DTXSID30190943 DTXSID50322764 DTXSID70358808 DTXSID40467239 DTXSID70856511 DTXSID90850894 DTXSID80486469 DTXSID90391712 DTXSID00399320 DTXSID60354011 DTXSID60727382
DTXSID1071458	DTXSID50170323 DTXSID10565094 DTXSID90542449 DTXSID30818579 DTXSID50681601 DTXSID90730243 DTXSID90482134 DTXSID50404554 DTXSID20449336 DTXSID40451698 DTXSID80834981 DTXSID80733622 DTXSID90366985 DTXSID00895933 DTXSID00774294 DTXSID40190474 DTXSID90527650 DTXSID30165636 DTXSID60657039 DTXSID00390958
DTXSID80241717	DTXSID90424554 DTXSID20159342 DTXSID20200005 DTXSID50436936 DTXSID10292631 DTXSID30886990 DTXSID20481099 DTXSID40406623 DTXSID00341268 DTXSID30563198 DTXSID40852060 DTXSID90485226 DTXSID80830084 DTXSID50853381 DTXSID00579281 DTXSID00206505 DTXSID40833839 DTXSID00565689 DTXSID70716782 DTXSID20798912
DTXSID30219385	DTXSID90329050 DTXSID20493056 DTXSID20448142 DTXSID30843725 DTXSID50367973 DTXSID70736667 DTXSID40750774 DTXSID10772064 DTXSID00366613 DTXSID40876463 DTXSID00512653 DTXSID40649518 DTXSID00730234 DTXSID1073367 DTXSID10511778 DTXSID70312566 DTXSID50618790 DTXSID90674456 DTXSID00293152 DTXSID60288928
DTXSID00469355	DTXSID50818157 DTXSID40452741 DTXSID40533160 DTXSID00374899 DTXSID50181656 DTXSID70235529 DTXSID30716667 DTXSID00503783 DTXSID80214082 DTXSID20217613 DTXSID80439612 DTXSID40466202 DTXSID90556708 DTXSID50369230 DTXSID70757877 DTXSID60401296 DTXSID80626202 DTXSID70873662 DTXSID30709610 DTXSID90793535
DTXSID20815698	DTXSID70445500 DTXSID9072286 DTXSID20342035 DTXSID10676396 DTXSID50646715 DTXSID90707354 DTXSID90703659 DTXSID50184864 DTXSID5067392 DTXSID70290799 DTXSID40698844 DTXSID90530907 DTXSID30615747 DTXSID40652860 DTXSID10705317 DTXSID50701292 DTXSID90512546 DTXSID60156476 DTXSID80364511 DTXSID60855710
DTXSID00425279	DTXSID00640667 DTXSID40493992 DTXSID00363127 DTXSID80769224 DTXSID00615794 DTXSID60571408 DTXSID70651745 DTXSID50355557 DTXSID10740400 DTXSID00313622 DTXSID0059081 DTXSID80627799 DTXSID80349606 DTXSID80879493 DTXSID20229236 DTXSID60800821 DTXSID50294250 DTXSID00556597 DTXSID00539461 DTXSID10160386
DTXSID80430902	DTXSID40647635 DTXSID40562677 DTXSID10310263 DTXSID30320263 DTXSID70674691 DTXSID60813198 DTXSID80548314 DTXSID70303631 DTXSID00400920 DTXSID20804840 DTXSID30411862 DTXSID70855660 DTXSID50326520 DTXSID30855727 DTXSID00296961 DTXSID20756234 DTXSID80756235 DTXSID60723581 DTXSID60494921 DTXSID70580369
DTXSID60725808	DTXSID50211184 DTXSID70720864 DTXSID00629715 DTXSID80178953 DTXSID00725807 DTXSID50369735 DTXSID10555854 DTXSID70460591 DTXSID30363675 DTXSID00415852 DTXSID30782468 DTXSID50609784 DTXSID40394612 DTXSID10365950 DTXSID70307896 DTXSID60401190 DTXSID60717162 DTXSID50722189 DTXSID10646473 DTXSID10377992
DTXSID60879411	DTXSID10763412 DTXSID50356327 DTXSID30179672 DTXSID90181655 DTXSID30521950 DTXSID50512269 DTXSID30591214 DTXSID00356392 DTXSID20780433 DTXSID30428359 DTXSID70487647 DTXSID40199841 DTXSID10622999 DTXSID30227566 DTXSID40188937 DTXSID30678938 DTXSID40615596 DTXSID80740250 DTXSID00601031 DTXSID20406202
DTXSID10296836	DTXSID30290992 DTXSID70784229 DTXSID50396228 DTXSID90625963 DTXSID30727910 DTXSID00876626 DTXSID20429673 DTXSID00806822 DTXSID20705222 DTXSID10586542 DTXSID1060712 DTXSID50236892 DTXSID00566611 DTXSID40295776 DTXSID40841515 DTXSID60879315 DTXSID90474094 DTXSID00672786 DTXSID30557991 DTXSID50351332
DTXSID10839444	DTXSID00291855 DTXSID00346298 DTXSID70628795 DTXSID70725612 DTXSID10767591 DTXSID60192657 DTXSID50601243 DTXSID80151882 DTXSID40308254 DTXSID20525200 DTXSID70614239 DTXSID80700137 DTXSID70331217 DTXSID00352617 DTXSID50716063 DTXSID2046836 DTXSID20536750 DTXSID50321954 DTXSID30444296 DTXSID20702716
DTXSID5052628	DTXSID80793165 DTXSID30702166 DTXSID7063348 DTXSID00647136 DTXSID0074637 DTXSID10806954 DTXSID20184573 DTXSID90765171 DTXSID50887767 DTXSID70700545 DTXSID90721252 DTXSID80808061 DTXSID70622612 DTXSID80816363 DTXSID00432089 DTXSID80770815 DTXSID90660430 DTXSID70340864 DTXSID90801740 DTXSID70587777
DTXSID50729193	DTXSID6044858 DTXSID60671937 DTXSID20168616 DTXSID90405606 DTXSID60444305 DTXSID70658234 DTXSID40626425 DTXSID30351057 DTXSID70355690 DTXSID80646627 DTXSID80648161 DTXSID30725810 DTXSID40493270 DTXSID00671936 DTXSID60195325 DTXSID40677533 DTXSID90626273 DTXSID40857535 DTXSID40585927 DTXSID80723543
DTXSID40597080	DTXSID50705639 DTXSID60623592 DTXSID30853743 DTXSID80588013 DTXSID70543696 DTXSID90358244 DTXSID40560431 DTXSID40433691 DTXSID50323731 DTXSID30824690 DTXSID40629214 DTXSID80445339 DTXSID50322305 DTXSID00668225 DTXSID80734290 DTXSID30452058 DTXSID80741368 DTXSID80464702 DTXSID60434766 DTXSID20633374
DTXSID20341866	DTXSID10500324 DTXSID00763380 DTXSID00391541 DTXSID20431170 DTXSID90487604 DTXSID70460152 DTXSID80169801 DTXSID50457944 DTXSID10838811 DTXSID90784241 DTXSID70569078 DTXSID50340226 DTXSID60184971 DTXSID10456251 DTXSID30302286 DTXSID10404676 DTXSID90755951 DTXSID40200784 DTXSID40492324 DTXSID80466206
DTXSID20834965	DTXSID80554157 DTXSID10829527 DTXSID10144383 DTXSID90289180 DTXSID9057680 DTXSID90696310 DTXSID90453768 DTXSID00719266 DTXSID30354361 DTXSID60635918 DTXSID50215283 DTXSID50277442 DTXSID70443026 DTXSID60649439 DTXSID90529396 DTXSID50649605 DTXSID70874098 DTXSID1025693 DTXSID60742252 DTXSID50651006
DTXSID50603343	DTXSID20822403 DTXSID80360679 DTXSID40190474 DTXSID80343528 DTXSID80834981 DTXSID00774294 DTXSID50863142 DTXSID90730243 DTXSID50680679 DTXSID60493752 DTXSID50681601 DTXSID30165636 DTXSID00390958 DTXSID00698709 DTXSID90366985 DTXSID10371591 DTXSID10380608 DTXSID90578445 DTXSID60288680 DTXSID70562589
DTXSID80306315	DTXSID10463849 DTXSID40505180 DTXSID00220968 DTXSID70351511 DTXSID80621994 DTXSID10876016 DTXSID60292368 DTXSID80181205 DTXSID50568069 DTXSID90766406 DTXSID20381166 DTXSID30641809 DTXSID80172734 DTXSID80418427 DTXSID00304292 DTXSID10430450 DTXSID30625841 DTXSID70450412 DTXSID50733937 DTXSID70843961
DTXSID30817789	DTXSID40780334 DTXSID80192573 DTXSID30597074 DTXSID60388210 DTXSID80207111 DTXSID50312665 DTXSID40640949 DTXSID70845046 DTXSID80664785 DTXSID70709755 DTXSID70512266 DTXSID50505434 DTXSID70494230 DTXSID30572083 DTXSID00488824 DTXSID50392285 DTXSID80610161 DTXSID40608761 DTXSID30289801 DTXSID90780066
DTXSID20616925	DTXSID90547999 DTXSID60307320 DTXSID40191426 DTXSID70651144 DTXSID00394330 DTXSID80342814 DTXSID60146276 DTXSID30181371 DTXSID90324363 DTXSID00865494 DTXSID70202690 DTXSID10655924 DTXSID50306004 DTXSID70447645 DTXSID30389638 DTXSID10338109 DTXSID20891139 DTXSID00501264 DTXSID00559245 DTXSID30407987
DTXSID60801696	DTXSID20894140 DTXSID50838375 DTXSID70851288 DTXSID70329513 DTXSID90436112 DTXSID90787090 DTXSID60465656 DTXSID20880987 DTXSID40319789 DTXSID20302371 DTXSID10814352 DTXSID00881331 DTXSID50836972 DTXSID30647583 DTXSID80436722 DTXSID00153661 DTXSID60827432 DTXSID40823492 DTXSID30773912 DTXSID30198141
DTXSID3027116	DTXSID00561282 DTXSID30531317 DTXSID40790857 DTXSID70521479 DTXSID70217885 DTXSID10527511 DTXSID10448353 DTXSID20211050 DTXSID60344770 DTXSID90199053 DTXSID5060726 DTXSID20449210 DTXSID80771069 DTXSID00345867 DTXSID30757656 DTXSID7069071 DTXSID80633774 DTXSID00340756 DTXSID50492532 DTXSID00652785
DTXSID00681570	DTXSID90209343 DTXSID30278139 DTXSID30184524 DTXSID80848381 DTXSID50694418 DTXSID20444048 DTXSID6052324 DTXSID40876983 DTXSID10610179 DTXSID60407056 DTXSID20560212 DTXSID30804533 DTXSID40766279 DTXSID20797081 DTXSID90544741 DTXSID90171935 DTXSID70592609 DTXSID20379503 DTXSID60831938 DTXSID80524375
DTXSID40652300	DTXSID80222344 DTXSID00326515 DTXSID80778154 DTXSID50147792 DTXSID30823663 DTXSID40698521 DTXSID80854048 DTXSID00557064 DTXSID10423387 DTXSID60160179 DTXSID20476506 DTXSID60327083 DTXSID30896094 DTXSID70599113 DTXSID70812718 DTXSID00748632 DTXSID90222451 DTXSID10628037 DTXSID80392899 DTXSID60842948
DTXSID40549185	DTXSID90571577 DTXSID40446483 DTXSID70632195 DTXSID10172580 DTXSID80505523 DTXSID70576984 DTXSID60519461 DTXSID20597482 DTXSID50622817 DTXSID70721134 DTXSID60365268 DTXSID20500057 DTXSID80457351 DTXSID30483483 DTXSID30748463 DTXSID10181490 DTXSID60454661 DTXSID40175741 DTXSID40468009 DTXSID50356468
DTXSID30813069	DTXSID70605021 DTXSID30851865 DTXSID80424583 DTXSID70518021 DTXSID70578802 DTXSID60409252 DTXSID20383281 DTXSID80442020 DTXSID60202720 DTXSID10567932 DTXSID90514803 DTXSID80841231 DTXSID50523537 DTXSID70484378 DTXSID80624889 DTXSID90364027 DTXSID60524616 DTXSID2059275 DTXSID20293179 DTXSID30818211
DTXSID00759581	DTXSID50277806 DTXSID30651367 DTXSID90395215 DTXSID10463425 DTXSID60363224 DTXSID80229196 DTXSID00874349 DTXSID20657292 DTXSID80284826 DTXSID50682239 DTXSID70835068 DTXSID30568360 DTXSID90845265 DTXSID00184410 DTXSID90473582 DTXSID10311119 DTXSID40551980 DTXSID70606674 DTXSID10212011 DTXSID90509133
DTXSID70233808	DTXSID80546739 DTXSID20741069 DTXSID00793728 DTXSID30543410 DTXSID80468609 DTXSID00699514 DTXSID30191576 DTXSID20280781 DTXSID70242536 DTXSID10822679 DTXSID50796865 DTXSID50804111 DTXSID60826960 DTXSID50737490 DTXSID70346765 DTXSID80705607 DTXSID20341664 DTXSID70785392 DTXSID80278447 DTXSID40647397
DTXSID40287813	DTXSID50595274 DTXSID50594348 DTXSID90510688 DTXSID60813572 DTXSID30160883 DTXSID20427937 DTXSID90154602 DTXSID20879154 DTXSID90884376 DTXSID80295957 DTXSID20681875 DTXSID60502116 DTXSID90664317 DTXSID90657446 DTXSID00645374 DTXSID50876015 DTXSID50481325 DTXSID30889784 DTXSID30445344 DTXSID00441090
DTXSID2065757	DTXSID80198156 DTXSID50762621 DTXSID60562871 DTXSID60181147 DTXSID40818368 DTXSID20337704 DTXSID50853942 DTXSID90780425 DTXSID6069826 DTXSID50652477 DTXSID60775383 DTXSID00160532 DTXSID70276210 DTXSID00601051 DTXSID90758447 DTXSID50797998 DTXSID00210001 DTXSID50778626 DTXSID80694027 DTXSID40835535
DTXSID90615809	DTXSID00184410 DTXSID30416392 DTXSID20742031 DTXSID60715522 DTXSID70656250 DTXSID10630771 DTXSID80540772 DTXSID50383330 DTXSID30568360 DTXSID70894756 DTXSID00738654 DTXSID10888816 DTXSID90395215 DTXSID1058004 DTXSID50277806 DTXSID80492621 DTXSID10463425 DTXSID50421261 DTXSID00759581 DTXSID30586387
DTXSID30167256	DTXSID80611870 DTXSID70780766 DTXSID40474807 DTXSID80283036 DTXSID20792955 DTXSID0052330 DTXSID20876587 DTXSID00564713 DTXSID60740637 DTXSID50596322 DTXSID70499967 DTXSID30403904 DTXSID60586193 DTXSID70645881 DTXSID00236589 DTXSID70814070 DTXSID60315945 DTXSID10448853 DTXSID50579054 DTXSID20571666
DTXSID70554328	DTXSID70209866 DTXSID70353277 DTXSID40623797 DTXSID10211569 DTXSID70789794 DTXSID00567360 DTXSID90896171 DTXSID60490347 DTXSID20417838 DTXSID70476834 DTXSID10896254 DTXSID10377134 DTXSID70176387 DTXSID30440298 DTXSID30853642 DTXSID90341590 DTXSID60763987 DTXSID00600983 DTXSID40299517 DTXSID00364013
DTXSID00678940	DTXSID50798788 DTXSID50635109 DTXSID90788966 DTXSID50743511 DTXSID10563954 DTXSID50419789 DTXSID90657128 DTXSID80370950 DTXSID00371126 DTXSID10288332 DTXSID90343054 DTXSID80199027 DTXSID00600882 DTXSID50736064 DTXSID10808695 DTXSID20608365 DTXSID40351048 DTXSID90507811 DTXSID30579759 DTXSID4059253
DTXSID50335016	DTXSID60775181 DTXSID60550677 DTXSID60829315 DTXSID10788468 DTXSID50309898 DTXSID60627272 DTXSID80824408 DTXSID60767243 DTXSID90769098 DTXSID40795620 DTXSID20337941 DTXSID60232926 DTXSID20627273 DTXSID30768005 DTXSID90610016 DTXSID70840778 DTXSID80625518 DTXSID60334732 DTXSID20793129 DTXSID00498408
DTXSID50763875	DTXSID60646089 DTXSID10837763 DTXSID50807309 DTXSID40857297 DTXSID00646740 DTXSID10739854 DTXSID90748989 DTXSID20704078 DTXSID80502870 DTXSID50151738 DTXSID50191730 DTXSID20593989 DTXSID00485176 DTXSID40697039 DTXSID30323219 DTXSID10210118 DTXSID20284901 DTXSID10711857 DTXSID80180238 DTXSID1047071
DTXSID90473582	DTXSID10311119 DTXSID90509133 DTXSID40551980 DTXSID60363224 DTXSID70835068 DTXSID30460633 DTXSID10380522 DTXSID50354606 DTXSID80444347 DTXSID80229196 DTXSID50278717 DTXSID00874349 DTXSID30651367 DTXSID50682239 DTXSID20657292 DTXSID70606674 DTXSID10463425 DTXSID10433567 DTXSID00759581 DTXSID10811386
DTXSID60820125	DTXSID00805870 DTXSID80537829 DTXSID60402369 DTXSID20496845 DTXSID30241545 DTXSID80422286 DTXSID10569931 DTXSID70158284 DTXSID00303922 DTXSID80772798 DTXSID50568201 DTXSID80760019 DTXSID30589813 DTXSID50560684 DTXSID40433398 DTXSID90294173 DTXSID90456951 DTXSID50363339 DTXSID40378694 DTXSID00587664
DTXSID20362556	DTXSID10426979 DTXSID30447287 DTXSID00879470 DTXSID50545799 DTXSID3063045 DTXSID80181826 DTXSID40819113 DTXSID70589594 DTXSID20718317 DTXSID80407255 DTXSID90598663 DTXSID00596812 DTXSID00372673 DTXSID20222383 DTXSID80791282 DTXSID60286207 DTXSID20367369 DTXSID90825769 DTXSID20572976 DTXSID80664341
DTXSID80199027	DTXSID00712717 DTXSID90657128 DTXSID80647316 DTXSID90788966 DTXSID50635109 DTXSID50798788 DTXSID50737298 DTXSID60147440 DTXSID10660230 DTXSID90193935 DTXSID90385338 DTXSID90525914 DTXSID30217321 DTXSID80370950 DTXSID50486638 DTXSID00678940 DTXSID10841668 DTXSID50808376 DTXSID90693228 DTXSID20504696
DTXSID30148065	DTXSID20754952 DTXSID20641217 DTXSID50438652 DTXSID90293828 DTXSID80827797 DTXSID90344743 DTXSID00850007 DTXSID80459037 DTXSID80841231 DTXSID50467164 DTXSID00712999 DTXSID60409252 DTXSID70591172 DTXSID30627320 DTXSID70578802 DTXSID90364027 DTXSID30482754 DTXSID00540491 DTXSID60528538 DTXSID30441386
DTXSID30146309	DTXSID50544085 DTXSID50590582 DTXSID10452450 DTXSID20667790 DTXSID10215002 DTXSID10600479 DTXSID00632204 DTXSID60668726 DTXSID50427945 DTXSID40456507 DTXSID30240972 DTXSID20590251 DTXSID90512026 DTXSID80170356 DTXSID00372794 DTXSID70670138 DTXSID80772011 DTXSID20671211 DTXSID70353035 DTXSID30187171
DTXSID40543966	DTXSID7058048 DTXSID8058827 DTXSID80214022 DTXSID00220882 DTXSID30718308 DTXSID80281698 DTXSID30879726 DTXSID00802263 DTXSID00570016 DTXSID00421630 DTXSID00795722 DTXSID30367673 DTXSID80609398 DTXSID80711127 DTXSID70438513 DTXSID40585689 DTXSID50176128 DTXSID70327473 DTXSID30375137 DTXSID00453198
DTXSID40543961	DTXSID70381358 DTXSID70709755 DTXSID40608761 DTXSID90814719 DTXSID10297702 DTXSID10596242 DTXSID50505434 DTXSID00745404 DTXSID80610161 DTXSID10312106 DTXSID00720978 DTXSID00481577 DTXSID20874164 DTXSID90474372 DTXSID00521083 DTXSID60392019 DTXSID40640949 DTXSID70711550 DTXSID80210322 DTXSID30597074
DTXSID70795315	DTXSID60600484 DTXSID10728889 DTXSID00833719 DTXSID00856766 DTXSID10710663 DTXSID80619876 DTXSID90805021 DTXSID40585508 DTXSID10280518 DTXSID10708424 DTXSID00568731 DTXSID40814724 DTXSID90661225 DTXSID60848061 DTXSID80553342 DTXSID70547371 DTXSID40529149 DTXSID40278640 DTXSID80679218 DTXSID70670057
DTXSID30192063	DTXSID10403184 DTXSID50214771 DTXSID20783666 DTXSID90278413 DTXSID40219538 DTXSID7072337 DTXSID40662500 DTXSID40473875 DTXSID00866926 DTXSID50816451 DTXSID50804838 DTXSID10744741 DTXSID70574283 DTXSID30579431 DTXSID20797647 DTXSID20514871 DTXSID20568798 DTXSID40148874 DTXSID00527000 DTXSID20336777
DTXSID20888029	DTXSID90216335 DTXSID70394423 DTXSID5062398 DTXSID80814501 DTXSID30223285 DTXSID60598059 DTXSID1068019 DTXSID60288589 DTXSID80195044 DTXSID50552443 DTXSID20752115 DTXSID1066239 DTXSID0062921 DTXSID30575670 DTXSID30770365 DTXSID1068300 DTXSID5047114 DTXSID30772566 DTXSID60885077 DTXSID40601636
DTXSID50395812	DTXSID80553706 DTXSID30454996 DTXSID10577576 DTXSID40577867 DTXSID80452745 DTXSID40721469 DTXSID50527777 DTXSID20716575 DTXSID7073486 DTXSID20722510 DTXSID60229255 DTXSID60493474 DTXSID20509883 DTXSID70328364 DTXSID20455750 DTXSID80613339 DTXSID70276634 DTXSID70877089 DTXSID80502759 DTXSID50621249
DTXSID60797944	DTXSID40816743 DTXSID90445481 DTXSID50816739 DTXSID00816724 DTXSID20443455 DTXSID10770565 DTXSID60816740 DTXSID60746876 DTXSID10825483 DTXSID70531336 DTXSID80742456 DTXSID70325893 DTXSID30816737 DTXSID90825320 DTXSID40462365 DTXSID40767706 DTXSID50568185 DTXSID20203379 DTXSID70507091 DTXSID90796788
DTXSID80436888	DTXSID00318455 DTXSID30409264 DTXSID90733638 DTXSID40642226 DTXSID20781223 DTXSID30400690 DTXSID40466085 DTXSID80551161 DTXSID10537635 DTXSID70353111 DTXSID50652836 DTXSID80695776 DTXSID30558488 DTXSID50517234 DTXSID20307225 DTXSID10650378 DTXSID10313815 DTXSID60542052 DTXSID8047509 DTXSID10398268
DTXSID10693124	DTXSID5021625 DTXSID80594452 DTXSID80568138 DTXSID00864907 DTXSID80394919 DTXSID70515318 DTXSID90577271 DTXSID90519151 DTXSID80648545 DTXSID80354371 DTXSID70473565 DTXSID80540737 DTXSID30550023 DTXSID40595667 DTXSID60451877 DTXSID60770393 DTXSID80177047 DTXSID00401154 DTXSID00837277 DTXSID30825445
DTXSID40719260	DTXSID90674537 DTXSID50190364 DTXSID90291526 DTXSID30857029 DTXSID10288170 DTXSID60512533 DTXSID80684347 DTXSID90663466 DTXSID80593541 DTXSID10621200 DTXSID00515240 DTXSID60813951 DTXSID30827181 DTXSID20589302 DTXSID80733122 DTXSID60388210 DTXSID10399659 DTXSID60157009 DTXSID80676828 DTXSID50392285
DTXSID80436883	DTXSID20383463 DTXSID30600895 DTXSID80578333 DTXSID60883917 DTXSID40775720 DTXSID70549451 DTXSID10805644 DTXSID70505077 DTXSID80585729 DTXSID70479325 DTXSID30769214 DTXSID40440067 DTXSID20567408 DTXSID00565760 DTXSID60319948 DTXSID70344842 DTXSID60340732 DTXSID00375386 DTXSID90517319 DTXSID80466206
DTXSID20354870	DTXSID50603368 DTXSID70226290 DTXSID50494753 DTXSID1061998 DTXSID10349472 DTXSID50520142 DTXSID20647693 DTXSID80440647 DTXSID90442410 DTXSID50406932 DTXSID70561092 DTXSID1058006 DTXSID10696150 DTXSID10198205 DTXSID50585418 DTXSID90203604 DTXSID40758917 DTXSID40334275 DTXSID60434766 DTXSID00555646
DTXSID60460489	DTXSID50627443 DTXSID80532359 DTXSID40734817 DTXSID00708135 DTXSID20565449 DTXSID90796667 DTXSID2071025 DTXSID1023447 DTXSID80478884 DTXSID30285782 DTXSID40481814 DTXSID0075106 DTXSID90492910 DTXSID60752593 DTXSID90573096 DTXSID10776421 DTXSID70641227 DTXSID00340756 DTXSID30671323 DTXSID60754572
DTXSID70496097	DTXSID90728665 DTXSID70534660 DTXSID40854463 DTXSID00598513 DTXSID90215565 DTXSID20739229 DTXSID30589575 DTXSID40358330 DTXSID20587863 DTXSID10527213 DTXSID60876900 DTXSID10440059 DTXSID10403129 DTXSID50326560 DTXSID90280672 DTXSID30874352 DTXSID20886929 DTXSID30541572 DTXSID6024337 DTXSID20528397
DTXSID80578838	DTXSID70339011 DTXSID20678220 DTXSID90579073 DTXSID10465429 DTXSID80516331 DTXSID00338335 DTXSID20471031 DTXSID30600178 DTXSID70727494 DTXSID70491845 DTXSID20790370 DTXSID80627658 DTXSID30234871 DTXSID50451245 DTXSID10491920 DTXSID90406754 DTXSID8069565 DTXSID30616431 DTXSID40543204 DTXSID40359221
DTXSID40711249	DTXSID50528623 DTXSID70808616 DTXSID00705664 DTXSID40702713 DTXSID80817239 DTXSID70459546 DTXSID50437584 DTXSID10771512 DTXSID10834934 DTXSID70675345 DTXSID70325651 DTXSID50766987 DTXSID60790112 DTXSID70639043 DTXSID30514509 DTXSID10802714 DTXSID20660362 DTXSID70716782 DTXSID30377777 DTXSID30479306
DTXSID60503325	DTXSID80407659 DTXSID50778944 DTXSID50383092 DTXSID1063435 DTXSID20483593 DTXSID10364029 DTXSID40371741 DTXSID80175922 DTXSID00407818 DTXSID30462596 DTXSID00766437 DTXSID80496402 DTXSID40354256 DTXSID00186358 DTXSID40623494 DTXSID20663414 DTXSID90592505 DTXSID70513637 DTXSID70619188 DTXSID30162665
DTXSID90850894	DTXSID70856511 DTXSID50322764 DTXSID90391712 DTXSID80391302 DTXSID70324361 DTXSID90323199 DTXSID60727382 DTXSID40467239 DTXSID60647298 DTXSID90596028 DTXSID30277485 DTXSID20841538 DTXSID40517344 DTXSID50541579 DTXSID70750944 DTXSID10579015 DTXSID3063095 DTXSID80483231 DTXSID20206981 DTXSID60601471
DTXSID70450932	DTXSID30781931 DTXSID30508241 DTXSID70212678 DTXSID30530426 DTXSID90778807 DTXSID70705999 DTXSID00507589 DTXSID80804386 DTXSID20406904 DTXSID80576238 DTXSID90344743 DTXSID40558595 DTXSID80790210 DTXSID80640241 DTXSID30627320 DTXSID30406096 DTXSID10647905 DTXSID10439569 DTXSID50846995 DTXSID20641217
DTXSID10481523	DTXSID40325042 DTXSID20630368 DTXSID90877561 DTXSID90707511 DTXSID30571612 DTXSID40671632 DTXSID40289458 DTXSID00502372 DTXSID00373504 DTXSID00755265 DTXSID40146198 DTXSID20848446 DTXSID90719896 DTXSID10239804 DTXSID40841656 DTXSID30466877 DTXSID20830144 DTXSID90524487 DTXSID00418545 DTXSID80289457
DTXSID10399917	DTXSID40440067 DTXSID20567408 DTXSID90567874 DTXSID00762792 DTXSID30617185 DTXSID10488239 DTXSID60340732 DTXSID00565760 DTXSID50880672 DTXSID30769214 DTXSID70479325 DTXSID30600895 DTXSID70344842 DTXSID90171536 DTXSID90517319 DTXSID30306668 DTXSID70485608 DTXSID40775720 DTXSID80436883 DTXSID10771234
DTXSID40359221	DTXSID0065933 DTXSID4041236 DTXSID30600178 DTXSID60402203 DTXSID30616431 DTXSID20678220 DTXSID40307383 DTXSID00338335 DTXSID40507649 DTXSID00356771 DTXSID20231591 DTXSID80585325 DTXSID60501402 DTXSID90480958 DTXSID80578838 DTXSID30866797 DTXSID10491920 DTXSID00484583 DTXSID70339011 DTXSID50778606
DTXSID50311390	DTXSID00546650 DTXSID70721432 DTXSID60168776 DTXSID80742077 DTXSID60454661 DTXSID60365268 DTXSID40468009 DTXSID10375019 DTXSID40462704 DTXSID60199601 DTXSID60526594 DTXSID80444004 DTXSID10181490 DTXSID2024791 DTXSID70655400 DTXSID20597482 DTXSID80777521 DTXSID50742761 DTXSID20573226 DTXSID00110032
DTXSID60857299	DTXSID90385338 DTXSID60658162 DTXSID90525914 DTXSID80370950 DTXSID10737794 DTXSID90788966 DTXSID0069705 DTXSID80593384 DTXSID90343054 DTXSID00371126 DTXSID50486638 DTXSID00322673 DTXSID50798788 DTXSID50737298 DTXSID80199027 DTXSID00712717 DTXSID50419789 DTXSID90657128 DTXSID90710484 DTXSID20504696
DTXSID0046147	DTXSID2040280 DTXSID90705799 DTXSID00719160 DTXSID2026602 DTXSID10313532 DTXSID20502450 DTXSID40815312 DTXSID10191478 DTXSID80484561 DTXSID90833162 DTXSID00587583 DTXSID50724466 DTXSID40544695 DTXSID00190899 DTXSID80357468 DTXSID80287832 DTXSID40382796 DTXSID20550310 DTXSID30639701 DTXSID70143731
DTXSID80661234	DTXSID20883175 DTXSID30722324 DTXSID50453481 DTXSID40700572 DTXSID40649795 DTXSID50175277 DTXSID80679218 DTXSID00374652 DTXSID50681767 DTXSID80349606 DTXSID20680303 DTXSID5022803 DTXSID80292582 DTXSID10710547 DTXSID60150590 DTXSID80154818 DTXSID70623684 DTXSID90661225 DTXSID40237176 DTXSID00833719
DTXSID70550401	DTXSID00739949 DTXSID80757646 DTXSID30586246 DTXSID30327237 DTXSID50197510 DTXSID50388229 DTXSID00192772 DTXSID90614236 DTXSID10436856 DTXSID30536807 DTXSID60424884 DTXSID20352992 DTXSID40291475 DTXSID00611337 DTXSID60609316 DTXSID30642472 DTXSID10321879 DTXSID40846969 DTXSID00614525 DTXSID90400712
DTXSID10599056	DTXSID20229796 DTXSID30463806 DTXSID10682199 DTXSID30753395 DTXSID40455873 DTXSID70487304 DTXSID90536565 DTXSID00197808 DTXSID60761685 DTXSID20423873 DTXSID40163406 DTXSID50846531 DTXSID50701934 DTXSID90375214 DTXSID80795720 DTXSID90847486 DTXSID80660707 DTXSID00507064 DTXSID90328629 DTXSID90277789
DTXSID40441716	DTXSID30396761 DTXSID50460130 DTXSID10786702 DTXSID00438884 DTXSID70418875 DTXSID40519863 DTXSID00364578 DTXSID80452144 DTXSID80787827 DTXSID20481377 DTXSID20527587 DTXSID00407575 DTXSID2051978 DTXSID90302707 DTXSID2060967 DTXSID20190770 DTXSID60150616 DTXSID40705805 DTXSID10884631 DTXSID30713515
DTXSID60785886	DTXSID30446093 DTXSID60764858 DTXSID40574018 DTXSID10456251 DTXSID60599405 DTXSID00770579 DTXSID90719593 DTXSID90755951 DTXSID40330590 DTXSID20557243 DTXSID00340731 DTXSID80169801 DTXSID10838811 DTXSID50340226 DTXSID80604368 DTXSID90283522 DTXSID10462332 DTXSID00625252 DTXSID40492324 DTXSID20431170
DTXSID3074072	DTXSID70727494 DTXSID10465429 DTXSID20790370 DTXSID90513917 DTXSID20474981 DTXSID90694497 DTXSID50576684 DTXSID50217681 DTXSID30560804 DTXSID70607161 DTXSID70325712 DTXSID70376901 DTXSID90406754 DTXSID30620730 DTXSID50538186 DTXSID90731255 DTXSID90630138 DTXSID80578838 DTXSID80516331 DTXSID80790533
DTXSID20442145	DTXSID90379454 DTXSID50310222 DTXSID60729821 DTXSID80207252 DTXSID90185830 DTXSID1072260 DTXSID70791059 DTXSID80284285 DTXSID40423173 DTXSID10720242 DTXSID00387843 DTXSID40427853 DTXSID20462242 DTXSID20876264 DTXSID50277765 DTXSID50638155 DTXSID10440756 DTXSID20602808 DTXSID20876683 DTXSID80724631
DTXSID10551876	DTXSID50469825 DTXSID40751968 DTXSID70439005 DTXSID20888226 DTXSID70817627 DTXSID20567049 DTXSID70645649 DTXSID60816765 DTXSID20463411 DTXSID1042659 DTXSID00655190 DTXSID00764791 DTXSID30787539 DTXSID50675242 DTXSID30846155 DTXSID40711103 DTXSID10699207 DTXSID50296299 DTXSID50838597 DTXSID30656776
DTXSID20603496	DTXSID70506822 DTXSID30678498 DTXSID00436880 DTXSID20790592 DTXSID70742980 DTXSID00440826 DTXSID80438903 DTXSID50490730 DTXSID90509411 DTXSID10820291 DTXSID70309077 DTXSID90397557 DTXSID80450049 DTXSID30641187 DTXSID60833316 DTXSID90501470 DTXSID00504730 DTXSID60341340 DTXSID10361270 DTXSID50397735
DTXSID30281901	DTXSID50790641 DTXSID50242978 DTXSID30782781 DTXSID50439346 DTXSID40315307 DTXSID80302756 DTXSID00231493 DTXSID00337085 DTXSID70757074 DTXSID40611977 DTXSID30234270 DTXSID8034746 DTXSID10724149 DTXSID70316685 DTXSID90601904 DTXSID10728622 DTXSID30893008 DTXSID60582711 DTXSID30532369 DTXSID90837201
DTXSID90765171	DTXSID70622612 DTXSID00775887 DTXSID10783438 DTXSID90660430 DTXSID30702166 DTXSID40208523 DTXSID6063511 DTXSID80560258 DTXSID2063765 DTXSID80576899 DTXSID60751309 DTXSID90302606 DTXSID80770815 DTXSID4052005 DTXSID1062546 DTXSID80793165 DTXSID00559144 DTXSID5052628 DTXSID90209025 DTXSID7066148
DTXSID80874261	DTXSID50709137 DTXSID60725005 DTXSID30625048 DTXSID80308177 DTXSID70526803 DTXSID20696949 DTXSID20896169 DTXSID60364099 DTXSID20198655 DTXSID70532141 DTXSID90182107 DTXSID40751468 DTXSID30676414 DTXSID10533536 DTXSID00680048 DTXSID60524575 DTXSID70393719 DTXSID80657339 DTXSID40222108 DTXSID40612666
DTXSID90427267	DTXSID50684233 DTXSID40589445 DTXSID40762559 DTXSID50818117 DTXSID80346776 DTXSID80407917 DTXSID10364706 DTXSID40144179 DTXSID10406059 DTXSID60674125 DTXSID00625535 DTXSID20590216 DTXSID90585790 DTXSID70712704 DTXSID00444107 DTXSID50286771 DTXSID50381795 DTXSID50538580 DTXSID60573200 DTXSID80718212
DTXSID90721252	DTXSID80808061 DTXSID40781846 DTXSID10806954 DTXSID90801740 DTXSID7066148 DTXSID30707171 DTXSID80793165 DTXSID40277350 DTXSID60751309 DTXSID5052628 DTXSID90660430 DTXSID70700545 DTXSID20411452 DTXSID90765171 DTXSID40208523 DTXSID6063511 DTXSID30702166 DTXSID20195063 DTXSID10783438 DTXSID70622612
DTXSID60840989	DTXSID50623167 DTXSID50289141 DTXSID30555654 DTXSID50808230 DTXSID50592203 DTXSID50812953 DTXSID40646461 DTXSID10494698 DTXSID10195335 DTXSID70469226 DTXSID90653125 DTXSID10397478 DTXSID50696210 DTXSID90452650 DTXSID90396222 DTXSID10857380 DTXSID40701504 DTXSID80377949 DTXSID70464877 DTXSID70496178
DTXSID10732143	DTXSID60790354 DTXSID40676425 DTXSID80671277 DTXSID30718969 DTXSID60667577 DTXSID10528048 DTXSID50876373 DTXSID10314701 DTXSID30209347 DTXSID40211577 DTXSID80503842 DTXSID30813044 DTXSID20834607 DTXSID80533624 DTXSID70281485 DTXSID60196817 DTXSID70317031 DTXSID20370717 DTXSID60829072 DTXSID20344438
DTXSID50368783	DTXSID50481946 DTXSID7044506 DTXSID20161445 DTXSID80443794 DTXSID40304150 DTXSID10285503 DTXSID10586320 DTXSID60183484 DTXSID50810611 DTXSID50709551 DTXSID30418639 DTXSID20455836 DTXSID40200729 DTXSID20581402 DTXSID20566037 DTXSID10307537 DTXSID60182598 DTXSID00444965 DTXSID00642146 DTXSID00441777
DTXSID30718065	DTXSID10495246 DTXSID40706014 DTXSID00637734 DTXSID70353237 DTXSID60378590 DTXSID40449691 DTXSID40541644 DTXSID10733776 DTXSID90520141 DTXSID60473099 DTXSID50553950 DTXSID00783982 DTXSID10211680 DTXSID90622179 DTXSID5069912 DTXSID20163722 DTXSID90456951 DTXSID5068158 DTXSID30589813 DTXSID80772798
DTXSID80760539	DTXSID40312593 DTXSID00366416 DTXSID30488256 DTXSID40143824 DTXSID80385004 DTXSID50239863 DTXSID50855981 DTXSID00700114 DTXSID80383383 DTXSID90152749 DTXSID40454942 DTXSID20372397 DTXSID00680563 DTXSID00174816 DTXSID50170540 DTXSID80856466 DTXSID20729766 DTXSID90540400 DTXSID20831095 DTXSID60669213
DTXSID60481437	DTXSID40791748 DTXSID80450948 DTXSID30525231 DTXSID40534915 DTXSID20495494 DTXSID10510948 DTXSID80552279 DTXSID70449765 DTXSID00814942 DTXSID60228420 DTXSID50637769 DTXSID10472219 DTXSID30524340 DTXSID4062519 DTXSID10627181 DTXSID30346509 DTXSID30639589 DTXSID90464854 DTXSID10198806 DTXSID00551027
DTXSID20793821	DTXSID10303695 DTXSID80291373 DTXSID90731356 DTXSID10148321 DTXSID10830875 DTXSID70373576 DTXSID30717210 DTXSID70318765 DTXSID60734490 DTXSID70469908 DTXSID30743498 DTXSID30167650 DTXSID60714878 DTXSID50628091 DTXSID60327023 DTXSID10517912 DTXSID20802265 DTXSID00876287 DTXSID30226478 DTXSID70891588
DTXSID90425687	DTXSID10542067 DTXSID50400233 DTXSID40883091 DTXSID50857460 DTXSID70433149 DTXSID50613806 DTXSID60749685 DTXSID30630197 DTXSID20179929 DTXSID20222681 DTXSID20853671 DTXSID60227594 DTXSID70327438 DTXSID40856624 DTXSID50739176 DTXSID90585659 DTXSID10182583 DTXSID70412616 DTXSID90847724 DTXSID30772304
DTXSID80468563	DTXSID30350186 DTXSID60285497 DTXSID50677448 DTXSID10702407 DTXSID00158752 DTXSID60383760 DTXSID60593347 DTXSID10651305 DTXSID1042281 DTXSID50164641 DTXSID10299009 DTXSID30310427 DTXSID70653901 DTXSID20522017 DTXSID50672276 DTXSID40571168 DTXSID70879689 DTXSID10557050 DTXSID90672275 DTXSID30284199
DTXSID00174816	DTXSID90152749 DTXSID00287793 DTXSID10607786 DTXSID20372397 DTXSID00700114 DTXSID60669213 DTXSID80549528 DTXSID90405863 DTXSID00676663 DTXSID40454942 DTXSID20356697 DTXSID50170540 DTXSID60618160 DTXSID90540400 DTXSID20831095 DTXSID00366416 DTXSID60427855 DTXSID40312593 DTXSID20438164 DTXSID00276783
DTXSID50471468	DTXSID20735721 DTXSID20719167 DTXSID90560582 DTXSID70170502 DTXSID80694466 DTXSID50872976 DTXSID20605758 DTXSID30291883 DTXSID70697582 DTXSID10303190 DTXSID30217503 DTXSID40835510 DTXSID30675003 DTXSID90726161 DTXSID40738931 DTXSID80142856 DTXSID50814992 DTXSID80162079 DTXSID00458764 DTXSID70143155
DTXSID60834747	DTXSID80179102 DTXSID00635194 DTXSID80169503 DTXSID70405947 DTXSID00560770 DTXSID80423814 DTXSID90365271 DTXSID60428125 DTXSID20167826 DTXSID60277670 DTXSID10297585 DTXSID60169208 DTXSID70179095 DTXSID70852235 DTXSID00694584 DTXSID50632214 DTXSID70499624 DTXSID60654826 DTXSID80615070 DTXSID70709538
DTXSID30342248	DTXSID40191628 DTXSID70751774 DTXSID10569991 DTXSID10393859 DTXSID00478189 DTXSID60239672 DTXSID50165719 DTXSID7067401 DTXSID80673756 DTXSID40503843 DTXSID40390038 DTXSID70493445 DTXSID20295613 DTXSID70447645 DTXSID10834858 DTXSID90543810 DTXSID20832421 DTXSID00333421 DTXSID20891139 DTXSID50640470
DTXSID90553656	DTXSID30402492 DTXSID20516815 DTXSID50398429 DTXSID00483778 DTXSID90166301 DTXSID40356538 DTXSID40296046 DTXSID10502308 DTXSID00162071 DTXSID80892809 DTXSID20145200 DTXSID20340490 DTXSID50580983 DTXSID60766978 DTXSID60172570 DTXSID50524827 DTXSID90734084 DTXSID00839978 DTXSID50277442 DTXSID90369390
DTXSID80467394	DTXSID60385461 DTXSID70597659 DTXSID6065052 DTXSID50716907 DTXSID10355573 DTXSID40757804 DTXSID00446262 DTXSID10505753 DTXSID60667436 DTXSID40831936 DTXSID10354228 DTXSID80463053 DTXSID40458723 DTXSID60528699 DTXSID60446768 DTXSID8061133 DTXSID40279910 DTXSID40544115 DTXSID30744748 DTXSID50556204
DTXSID30321194	DTXSID70665004 DTXSID20564316 DTXSID70392328 DTXSID60299094 DTXSID70593353 DTXSID90434618 DTXSID60305467 DTXSID40352676 DTXSID70780645 DTXSID20460561 DTXSID90444156 DTXSID10313537 DTXSID40657259 DTXSID20875878 DTXSID60173527 DTXSID60545866 DTXSID10342286 DTXSID70834910 DTXSID00371969 DTXSID30879706
DTXSID80640322	DTXSID80856784 DTXSID50421640 DTXSID90805965 DTXSID30392965 DTXSID10659745 DTXSID20453519 DTXSID70444013 DTXSID80241550 DTXSID50458315 DTXSID90480155 DTXSID00154719 DTXSID60671553 DTXSID20579647 DTXSID20290527 DTXSID50650796 DTXSID50454695 DTXSID80480689 DTXSID60876965 DTXSID10515256 DTXSID40822687
DTXSID30560804	DTXSID70325712 DTXSID90630138 DTXSID70376901 DTXSID90694497 DTXSID20316433 DTXSID20474981 DTXSID20790370 DTXSID70727494 DTXSID3074072 DTXSID90768041 DTXSID70607161 DTXSID90400696 DTXSID4051740 DTXSID50821545 DTXSID10465429 DTXSID80284801 DTXSID30234871 DTXSID00772053 DTXSID80516331 DTXSID50217681
DTXSID70302644	DTXSID90515835 DTXSID20545827 DTXSID80733763 DTXSID80598016 DTXSID80694683 DTXSID60630226 DTXSID20556857 DTXSID30734407 DTXSID40675519 DTXSID80726812 DTXSID40165465 DTXSID50515836 DTXSID20680929 DTXSID20301864 DTXSID50803285 DTXSID60832561 DTXSID40344319 DTXSID30480932 DTXSID40646289 DTXSID30462975
DTXSID80852948	DTXSID60283413 DTXSID00816845 DTXSID80206381 DTXSID90718102 DTXSID40573485 DTXSID00796355 DTXSID70464776 DTXSID90562940 DTXSID60660361 DTXSID80729641 DTXSID00817918 DTXSID60816588 DTXSID30850116 DTXSID10301010 DTXSID90888152 DTXSID20642042 DTXSID90464773 DTXSID90675226 DTXSID30656776 DTXSID90595036
DTXSID00642424	DTXSID30844257 DTXSID30707191 DTXSID50326560 DTXSID80343765 DTXSID80610828 DTXSID30169250 DTXSID10503451 DTXSID90178843 DTXSID90509850 DTXSID50621542 DTXSID10440059 DTXSID90561074 DTXSID20587863 DTXSID60876900 DTXSID70333716 DTXSID40358330 DTXSID30823264 DTXSID80800126 DTXSID70645881 DTXSID80346155
DTXSID90743631	DTXSID70621488 DTXSID30294495 DTXSID20299055 DTXSID10294857 DTXSID70673129 DTXSID20312091 DTXSID90463827 DTXSID2058122 DTXSID30346908 DTXSID80453999 DTXSID70283000 DTXSID40760095 DTXSID0042298 DTXSID20159786 DTXSID60289112 DTXSID20421218 DTXSID10516763 DTXSID80781800 DTXSID90833162 DTXSID20211873
DTXSID90232353	DTXSID20322579 DTXSID10555314 DTXSID10634416 DTXSID20595640 DTXSID00640283 DTXSID80456102 DTXSID50342886 DTXSID00625136 DTXSID70236692 DTXSID70774685 DTXSID40418766 DTXSID20429436 DTXSID80693833 DTXSID10579757 DTXSID70282073 DTXSID50171214 DTXSID6062672 DTXSID70620279 DTXSID20409415 DTXSID30378406
DTXSID30187171	DTXSID60296149 DTXSID20671211 DTXSID90512026 DTXSID30218010 DTXSID50544085 DTXSID10452450 DTXSID10215002 DTXSID80170356 DTXSID30146309 DTXSID50590582 DTXSID10672237 DTXSID10600479 DTXSID00632204 DTXSID10278874 DTXSID30543016 DTXSID00856726 DTXSID10340242 DTXSID40456507 DTXSID20361488 DTXSID10287587
DTXSID50625101	DTXSID90201286 DTXSID80744117 DTXSID80196374 DTXSID30489046 DTXSID10454318 DTXSID60645870 DTXSID80771185 DTXSID80338176 DTXSID40474524 DTXSID30485028 DTXSID20496764 DTXSID90326600 DTXSID70876537 DTXSID90486990 DTXSID70656250 DTXSID10630771 DTXSID40285339 DTXSID10728667 DTXSID20533542 DTXSID80492621
DTXSID10721916	DTXSID70840798 DTXSID00729421 DTXSID50663780 DTXSID20372110 DTXSID40165147 DTXSID40556990 DTXSID00231438 DTXSID70671842 DTXSID90807803 DTXSID30663369 DTXSID30885241 DTXSID30350580 DTXSID60347781 DTXSID60705544 DTXSID4040343 DTXSID70542583 DTXSID70650576 DTXSID80279373 DTXSID40530477 DTXSID10590482
DTXSID40407317	DTXSID80838585 DTXSID40208442 DTXSID2073019 DTXSID50818738 DTXSID80350570 DTXSID90290716 DTXSID50306701 DTXSID60598397 DTXSID90719154 DTXSID90548663 DTXSID80787403 DTXSID80661118 DTXSID40491817 DTXSID90745079 DTXSID60541126 DTXSID70702281 DTXSID80564296 DTXSID10837920 DTXSID80813559 DTXSID60693876
DTXSID70383372	DTXSID50807743 DTXSID80468881 DTXSID40196830 DTXSID10183595 DTXSID70574046 DTXSID90825244 DTXSID00543245 DTXSID60501402 DTXSID90474074 DTXSID90783810 DTXSID90191875 DTXSID70503573 DTXSID20656109 DTXSID80585325 DTXSID60402203 DTXSID50874359 DTXSID10516460 DTXSID40474221 DTXSID40221893 DTXSID50451245
DTXSID90369390	DTXSID00839978 DTXSID10556407 DTXSID6033241 DTXSID20466467 DTXSID80238142 DTXSID20516815 DTXSID70476117 DTXSID10502308 DTXSID00186792 DTXSID00844643 DTXSID90473103 DTXSID90553656 DTXSID60560913 DTXSID00483778 DTXSID50398429 DTXSID50624255 DTXSID40852686 DTXSID70582368 DTXSID80393503 DTXSID90166301
DTXSID50211245	DTXSID70492352 DTXSID00326459 DTXSID30614917 DTXSID70879705 DTXSID70554161 DTXSID90670418 DTXSID60459171 DTXSID80679990 DTXSID90437447 DTXSID70793598 DTXSID80364511 DTXSID60763189 DTXSID80404820 DTXSID20318553 DTXSID50333673 DTXSID70290799 DTXSID70646373 DTXSID10614374 DTXSID60642107 DTXSID10676396
DTXSID50887767	DTXSID0074637 DTXSID80770815 DTXSID70587777 DTXSID50307511 DTXSID20824306 DTXSID00647136 DTXSID30702166 DTXSID00432448 DTXSID70559575 DTXSID90209025 DTXSID20184573 DTXSID1062546 DTXSID4052005 DTXSID70340864 DTXSID00432089 DTXSID2063765 DTXSID80793165 DTXSID5052628 DTXSID80816363 DTXSID80872661
DTXSID10594844	DTXSID00524615 DTXSID70580809 DTXSID20580571 DTXSID40722613 DTXSID10307355 DTXSID20351581 DTXSID10352582 DTXSID90447248 DTXSID30739033 DTXSID30510329 DTXSID70837481 DTXSID00781766 DTXSID00196816 DTXSID90359377 DTXSID80715221 DTXSID20663055 DTXSID40701589 DTXSID20880720 DTXSID90526623 DTXSID30471305
DTXSID30788844	DTXSID80675972 DTXSID70610372 DTXSID40767105 DTXSID50561257 DTXSID10276198 DTXSID60886903 DTXSID80850904 DTXSID40392491 DTXSID40733941 DTXSID50561575 DTXSID00190516 DTXSID00592430 DTXSID50302465 DTXSID10401781 DTXSID50275968 DTXSID50217121 DTXSID70801127 DTXSID90345331 DTXSID50198623 DTXSID30795831
DTXSID80729803	DTXSID90707096 DTXSID60179988 DTXSID80595247 DTXSID20682347 DTXSID10359354 DTXSID10289521 DTXSID50610431 DTXSID70694495 DTXSID30384628 DTXSID30493143 DTXSID20390213 DTXSID80561604 DTXSID00528794 DTXSID00438283 DTXSID30701937 DTXSID1066104 DTXSID10781712 DTXSID00755240 DTXSID80338510 DTXSID60649297
DTXSID60457672	DTXSID00472485 DTXSID60723581 DTXSID00699594 DTXSID30743135 DTXSID30514887 DTXSID80276584 DTXSID40852085 DTXSID20625113 DTXSID40314517 DTXSID00639879 DTXSID10597638 DTXSID50735552 DTXSID80443759 DTXSID50310146 DTXSID80756235 DTXSID80440844 DTXSID60813198 DTXSID30202232 DTXSID30540383 DTXSID30434995
DTXSID10448414	DTXSID70858070 DTXSID40826463 DTXSID30336703 DTXSID70342626 DTXSID80517949 DTXSID00441171 DTXSID20615493 DTXSID50462639 DTXSID10617229 DTXSID80786658 DTXSID90213687 DTXSID80699370 DTXSID40386395 DTXSID00781261 DTXSID10842978 DTXSID10185514 DTXSID40886941 DTXSID80364490 DTXSID20481190 DTXSID40398079
DTXSID60340196	DTXSID50639945 DTXSID00511328 DTXSID10307537 DTXSID10174660 DTXSID80740972 DTXSID50810611 DTXSID40304150 DTXSID80486469 DTXSID90731876 DTXSID80589580 DTXSID90475203 DTXSID40504138 DTXSID30705071 DTXSID00879551 DTXSID50742746 DTXSID60193508 DTXSID50368783 DTXSID50660118 DTXSID20721068 DTXSID10579015
DTXSID90731356	DTXSID60327023 DTXSID20793821 DTXSID10830875 DTXSID30743498 DTXSID70318765 DTXSID20559469 DTXSID60714878 DTXSID90163234 DTXSID80291373 DTXSID00822163 DTXSID90598229 DTXSID10303695 DTXSID20802265 DTXSID10148321 DTXSID30167650 DTXSID80468664 DTXSID1041764 DTXSID20645255 DTXSID30717210 DTXSID10517912
DTXSID10143558	DTXSID90513997 DTXSID70803782 DTXSID80655491 DTXSID00597940 DTXSID20700217 DTXSID30379473 DTXSID80725643 DTXSID2068137 DTXSID10896335 DTXSID60542496 DTXSID60875736 DTXSID10875923 DTXSID00896208 DTXSID20173629 DTXSID70314449 DTXSID30291308 DTXSID60768134 DTXSID50509992 DTXSID80427291 DTXSID30348402
DTXSID0062139	DTXSID50352682 DTXSID80528671 DTXSID80299652 DTXSID40175741 DTXSID00305805 DTXSID60542759 DTXSID60489296 DTXSID80593521 DTXSID80457351 DTXSID20500057 DTXSID50356468 DTXSID10180923 DTXSID00559528 DTXSID00669237 DTXSID70159413 DTXSID50534365 DTXSID2024791 DTXSID30483483 DTXSID80289396 DTXSID90408576
DTXSID4062646	DTXSID90226358 DTXSID00733169 DTXSID90358481 DTXSID90602815 DTXSID10883785 DTXSID00538116 DTXSID40801856 DTXSID70509131 DTXSID60843899 DTXSID00385925 DTXSID60633570 DTXSID70346129 DTXSID10421101 DTXSID00743021 DTXSID00352677 DTXSID40396010 DTXSID30382886 DTXSID00872860 DTXSID90448755 DTXSID00848106
DTXSID90719593	DTXSID20557243 DTXSID10462332 DTXSID80604368 DTXSID10771234 DTXSID90171536 DTXSID00770579 DTXSID90782323 DTXSID90306669 DTXSID30446093 DTXSID80496346 DTXSID60785886 DTXSID30306668 DTXSID00819290 DTXSID90283522 DTXSID50340226 DTXSID40330590 DTXSID10456251 DTXSID40574018 DTXSID60764858 DTXSID00625252
DTXSID60390070	DTXSID80309280 DTXSID90734423 DTXSID80675952 DTXSID20445318 DTXSID00434109 DTXSID60239536 DTXSID20566037 DTXSID90443725 DTXSID20239537 DTXSID50833486 DTXSID60182598 DTXSID20581402 DTXSID00463292 DTXSID30420691 DTXSID30528383 DTXSID00847053 DTXSID90731876 DTXSID80789447 DTXSID40725124 DTXSID90182445
DTXSID80620169	DTXSID20660908 DTXSID30729499 DTXSID00317766 DTXSID60694580 DTXSID10525991 DTXSID60621654 DTXSID50196028 DTXSID90584728 DTXSID10217122 DTXSID20424284 DTXSID00398893 DTXSID30331379 DTXSID40654925 DTXSID80588290 DTXSID10850376 DTXSID60809374 DTXSID40596295 DTXSID50805002 DTXSID60840166 DTXSID80649850
DTXSID90330222	DTXSID90572428 DTXSID9044293 DTXSID10700887 DTXSID90850713 DTXSID20593303 DTXSID70434232 DTXSID10694474 DTXSID40606308 DTXSID50731357 DTXSID80534575 DTXSID00292362 DTXSID90151732 DTXSID20676403 DTXSID40325507 DTXSID60667653 DTXSID40385343 DTXSID20478323 DTXSID30235823 DTXSID90821201 DTXSID00452641
DTXSID50493443	DTXSID70548464 DTXSID90187117 DTXSID70483129 DTXSID00442062 DTXSID40705360 DTXSID40321226 DTXSID60179903 DTXSID30642134 DTXSID00571482 DTXSID90286437 DTXSID40666846 DTXSID20654903 DTXSID00633796 DTXSID30757277 DTXSID30315977 DTXSID30453484 DTXSID70377711 DTXSID40610021 DTXSID10238155 DTXSID50571472
DTXSID40697155	DTXSID50799997 DTXSID20445999 DTXSID70341018 DTXSID50534148 DTXSID50335233 DTXSID60405779 DTXSID30385110 DTXSID20640866 DTXSID20485153 DTXSID60640800 DTXSID30640913 DTXSID30588169 DTXSID00758317 DTXSID60425199 DTXSID50847765 DTXSID60586219 DTXSID00541362 DTXSID20163722 DTXSID70589837 DTXSID30666274
DTXSID60744135	DTXSID50163578 DTXSID90456395 DTXSID00370831 DTXSID30344343 DTXSID40844263 DTXSID80638709 DTXSID00757406 DTXSID10466719 DTXSID60343642 DTXSID70424198 DTXSID90827869 DTXSID10466890 DTXSID30857448 DTXSID90451325 DTXSID6069406 DTXSID40165147 DTXSID90807803 DTXSID70349413 DTXSID70372307 DTXSID60347781
DTXSID00343681	DTXSID10394942 DTXSID20562958 DTXSID10177959 DTXSID00596812 DTXSID90473522 DTXSID30434854 DTXSID80724393 DTXSID60143962 DTXSID10632250 DTXSID80181826 DTXSID50735557 DTXSID40286260 DTXSID20774958 DTXSID90349172 DTXSID40403172 DTXSID3042506 DTXSID40415492 DTXSID60533187 DTXSID40311824 DTXSID10364125
DTXSID30656776	DTXSID90464773 DTXSID60816588 DTXSID50296299 DTXSID40759388 DTXSID70809300 DTXSID60448429 DTXSID80763106 DTXSID80206381 DTXSID80159287 DTXSID00655190 DTXSID70880654 DTXSID60881211 DTXSID70439005 DTXSID30674854 DTXSID90656414 DTXSID90718102 DTXSID30544962 DTXSID00732511 DTXSID60642041 DTXSID40573485
DTXSID90771570	DTXSID30609742 DTXSID3067231 DTXSID10239187 DTXSID30336900 DTXSID20825196 DTXSID90634898 DTXSID70276578 DTXSID30528040 DTXSID30300722 DTXSID70471960 DTXSID50652477 DTXSID80893735 DTXSID90758447 DTXSID80793680 DTXSID1041398 DTXSID00618164 DTXSID00281130 DTXSID00884246 DTXSID30714603 DTXSID60460363
DTXSID00186792	DTXSID20466467 DTXSID80238142 DTXSID6033241 DTXSID70476117 DTXSID10556407 DTXSID00839978 DTXSID70580985 DTXSID90369390 DTXSID70582368 DTXSID60451877 DTXSID1068302 DTXSID60766978 DTXSID40852686 DTXSID30433403 DTXSID20516815 DTXSID60195567 DTXSID90473103 DTXSID40745084 DTXSID60172570 DTXSID80354371
DTXSID10518525	DTXSID80570155 DTXSID80663551 DTXSID20467313 DTXSID40388879 DTXSID20549264 DTXSID20207695 DTXSID50853725 DTXSID80181487 DTXSID40726878 DTXSID10459065 DTXSID50593492 DTXSID00295277 DTXSID50663326 DTXSID30609247 DTXSID30599710 DTXSID70714723 DTXSID40293717 DTXSID10296831 DTXSID80208966 DTXSID60599107
DTXSID00655514	DTXSID30811328 DTXSID00366178 DTXSID70626953 DTXSID60177267 DTXSID50734909 DTXSID20468406 DTXSID50313612 DTXSID30510223 DTXSID90788047 DTXSID40641173 DTXSID90604692 DTXSID60569385 DTXSID20730675 DTXSID50627362 DTXSID20174712 DTXSID90604177 DTXSID30822737 DTXSID40724556 DTXSID10604513 DTXSID00219099
DTXSID70291822	DTXSID40504178 DTXSID00357142 DTXSID40640606 DTXSID20640220 DTXSID80392859 DTXSID80743286 DTXSID90642514 DTXSID50561439 DTXSID40511105 DTXSID70740461 DTXSID70733212 DTXSID30438498 DTXSID80696420 DTXSID20569260 DTXSID60432868 DTXSID90451623 DTXSID30150880 DTXSID3059268 DTXSID30402356 DTXSID20801152
DTXSID1020770	DTXSID30185571 DTXSID80536458 DTXSID00408603 DTXSID90767615 DTXSID00420305 DTXSID20459172 DTXSID80211677 DTXSID50180124 DTXSID70502324 DTXSID10814130 DTXSID40437235 DTXSID10159977 DTXSID60225090 DTXSID20158431 DTXSID20476965 DTXSID20812723 DTXSID20596511 DTXSID00801993 DTXSID00381442 DTXSID40640121
DTXSID50439841	DTXSID00663275 DTXSID00489134 DTXSID10680650 DTXSID40467294 DTXSID40171485 DTXSID70391154 DTXSID30758921 DTXSID10592481 DTXSID80486404 DTXSID40874080 DTXSID70734305 DTXSID90385974 DTXSID70600798 DTXSID50640399 DTXSID00337823 DTXSID20703682 DTXSID50590168 DTXSID30577437 DTXSID10187391 DTXSID70603527
DTXSID80303985	DTXSID10600631 DTXSID20560777 DTXSID00451851 DTXSID50290696 DTXSID30483029 DTXSID70576666 DTXSID30876114 DTXSID40877455 DTXSID70652439 DTXSID70473525 DTXSID00392376 DTXSID40645631 DTXSID30402412 DTXSID00748874 DTXSID40770336 DTXSID30344606 DTXSID30205465 DTXSID40590071 DTXSID30241545 DTXSID50629861
DTXSID3037543	DTXSID50760081 DTXSID80346397 DTXSID10452258 DTXSID10295283 DTXSID90169897 DTXSID10223061 DTXSID70723456 DTXSID30186765 DTXSID10296472 DTXSID80195726 DTXSID00145566 DTXSID20444104 DTXSID30203209 DTXSID80679632 DTXSID30225941 DTXSID30389739 DTXSID50561611 DTXSID60829754 DTXSID10174761 DTXSID90656353
DTXSID3037549	DTXSID70465081 DTXSID10332006 DTXSID50494990 DTXSID70554040 DTXSID70771053 DTXSID80369526 DTXSID40199366 DTXSID40707006 DTXSID60194212 DTXSID80391786 DTXSID60290586 DTXSID00352374 DTXSID50495023 DTXSID40641294 DTXSID50321954 DTXSID10794963 DTXSID90699861 DTXSID00346298 DTXSID20745421 DTXSID10787436
DTXSID40697039	DTXSID10283726 DTXSID90542803 DTXSID90469167 DTXSID00404887 DTXSID60206622 DTXSID40571527 DTXSID50191730 DTXSID60646089 DTXSID1047071 DTXSID70364525 DTXSID50807309 DTXSID00374031 DTXSID30830751 DTXSID30378209 DTXSID90748989 DTXSID70332567 DTXSID20593989 DTXSID70876658 DTXSID50763875 DTXSID90479908
DTXSID70608916	DTXSID70428712 DTXSID60503446 DTXSID80462369 DTXSID40348579 DTXSID80655638 DTXSID50342306 DTXSID80485831 DTXSID40192418 DTXSID80595505 DTXSID70341093 DTXSID70774943 DTXSID50508400 DTXSID20707948 DTXSID20509580 DTXSID30624172 DTXSID20506514 DTXSID90390240 DTXSID80348497 DTXSID00480065 DTXSID40613335
DTXSID50555378	DTXSID40847052 DTXSID60458866 DTXSID4034817 DTXSID20676943 DTXSID00754490 DTXSID40228701 DTXSID20502450 DTXSID20612381 DTXSID10757811 DTXSID40337105 DTXSID2026602 DTXSID7066643 DTXSID50234732 DTXSID10568929 DTXSID70876951 DTXSID50346667 DTXSID10672217 DTXSID00223116 DTXSID50733073 DTXSID80198656
DTXSID50565977	DTXSID10547456 DTXSID10455027 DTXSID40670408 DTXSID30534449 DTXSID80509384 DTXSID20350337 DTXSID80401773 DTXSID60533889 DTXSID20506014 DTXSID50195879 DTXSID90885863 DTXSID20201895 DTXSID40380277 DTXSID60533288 DTXSID30796606 DTXSID40610021 DTXSID10742247 DTXSID40474029 DTXSID40593340 DTXSID10820791
DTXSID10672237	DTXSID30218010 DTXSID30855949 DTXSID10454010 DTXSID10287587 DTXSID00625858 DTXSID60296149 DTXSID60641014 DTXSID20361488 DTXSID00720635 DTXSID80733804 DTXSID30187171 DTXSID00856726 DTXSID20192491 DTXSID30789876 DTXSID30490596 DTXSID80686346 DTXSID00513983 DTXSID20437475 DTXSID20500274 DTXSID20671211
DTXSID60744251	DTXSID00673753 DTXSID10212475 DTXSID90394783 DTXSID20315027 DTXSID20587585 DTXSID7057658 DTXSID00707800 DTXSID70751153 DTXSID20393587 DTXSID40195484 DTXSID00508677 DTXSID90242250 DTXSID40338899 DTXSID60700236 DTXSID20808909 DTXSID90305298 DTXSID90164640 DTXSID50704849 DTXSID80763666 DTXSID00745368
DTXSID60600166	DTXSID20635878 DTXSID20742359 DTXSID90344400 DTXSID40855399 DTXSID30557279 DTXSID30509238 DTXSID10456716 DTXSID20448384 DTXSID20444028 DTXSID80375703 DTXSID50704445 DTXSID20316332 DTXSID30852357 DTXSID80737281 DTXSID3057729 DTXSID30368908 DTXSID50659820 DTXSID70589332 DTXSID7041334 DTXSID60829037
DTXSID10727852	DTXSID20640881 DTXSID10392362 DTXSID80548516 DTXSID00188933 DTXSID60221092 DTXSID40536090 DTXSID80351527 DTXSID30896150 DTXSID70327150 DTXSID70239385 DTXSID40703664 DTXSID10708742 DTXSID50830854 DTXSID10367090 DTXSID90763672 DTXSID60379527 DTXSID20651932 DTXSID10760229 DTXSID20154993 DTXSID00384039
DTXSID20356697	DTXSID00287793 DTXSID00676663 DTXSID50170540 DTXSID80549528 DTXSID00174816 DTXSID60828121 DTXSID10619405 DTXSID90152749 DTXSID20372397 DTXSID00700114 DTXSID10607786 DTXSID90540400 DTXSID60669213 DTXSID90405863 DTXSID10555091 DTXSID40454942 DTXSID00366416 DTXSID90375774 DTXSID30631402 DTXSID30222415
DTXSID90193758	DTXSID40720210 DTXSID10831908 DTXSID40384679 DTXSID20609170 DTXSID9065364 DTXSID00603050 DTXSID40334154 DTXSID70783414 DTXSID7051686 DTXSID00186010 DTXSID50712227 DTXSID80509708 DTXSID30506707 DTXSID40407377 DTXSID70639144 DTXSID20579647 DTXSID30651201 DTXSID90388561 DTXSID70275501 DTXSID00887994
DTXSID50630316	DTXSID70214475 DTXSID30356901 DTXSID10816412 DTXSID60170258 DTXSID50601960 DTXSID30427584 DTXSID40757627 DTXSID20170390 DTXSID50171916 DTXSID80724191 DTXSID40575409 DTXSID40495138 DTXSID50739813 DTXSID40280460 DTXSID90622311 DTXSID80603790 DTXSID70694839 DTXSID20391366 DTXSID80226706 DTXSID80172734
DTXSID10175637	DTXSID90763758 DTXSID70637802 DTXSID70447286 DTXSID80618687 DTXSID90741551 DTXSID50455440 DTXSID80678185 DTXSID10433567 DTXSID10739314 DTXSID90845265 DTXSID50354606 DTXSID60344396 DTXSID50682239 DTXSID00738098 DTXSID30290033 DTXSID70667260 DTXSID0035748 DTXSID00408825 DTXSID70606674 DTXSID70835068
DTXSID60523124	DTXSID00171365 DTXSID60762692 DTXSID10627489 DTXSID20148998 DTXSID60188550 DTXSID40413276 DTXSID60704451 DTXSID00405738 DTXSID20762693 DTXSID40797200 DTXSID50837207 DTXSID50572782 DTXSID70240355 DTXSID10633424 DTXSID90541598 DTXSID10467660 DTXSID60625556 DTXSID20627031 DTXSID30793711 DTXSID50545613
DTXSID20567408	DTXSID00762792 DTXSID40440067 DTXSID30769214 DTXSID10399917 DTXSID00565760 DTXSID90567874 DTXSID30617185 DTXSID30600895 DTXSID70485608 DTXSID70479325 DTXSID40775720 DTXSID80585729 DTXSID70344842 DTXSID90517319 DTXSID80436883 DTXSID60883917 DTXSID10488239 DTXSID60340732 DTXSID80563921 DTXSID70505077
DTXSID20148998	DTXSID70240355 DTXSID60188550 DTXSID10627489 DTXSID30793711 DTXSID40797200 DTXSID40748373 DTXSID40413276 DTXSID10467660 DTXSID60523124 DTXSID20547861 DTXSID50545613 DTXSID60704451 DTXSID50851665 DTXSID60520198 DTXSID20627031 DTXSID30808778 DTXSID00171365 DTXSID70791993 DTXSID50572782 DTXSID20614320
DTXSID70203107	DTXSID30378360 DTXSID70831702 DTXSID40161003 DTXSID10876516 DTXSID70821062 DTXSID90586161 DTXSID70461260 DTXSID90396883 DTXSID90185572 DTXSID60897135 DTXSID60571706 DTXSID90626394 DTXSID20856506 DTXSID60365844 DTXSID00293935 DTXSID60284824 DTXSID80211571 DTXSID00568670 DTXSID60842746 DTXSID80572891
DTXSID10875943	DTXSID00722331 DTXSID90383692 DTXSID80323406 DTXSID20631638 DTXSID00846344 DTXSID30374882 DTXSID30693106 DTXSID50623344 DTXSID00742973 DTXSID80423172 DTXSID20876507 DTXSID20626029 DTXSID50440356 DTXSID00457217 DTXSID60589644 DTXSID00739525 DTXSID40545147 DTXSID70344367 DTXSID00406381 DTXSID60166439
DTXSID30617185	DTXSID90567874 DTXSID10488239 DTXSID40440067 DTXSID10399917 DTXSID00565760 DTXSID00762792 DTXSID70479325 DTXSID20567408 DTXSID70344842 DTXSID90517319 DTXSID50880672 DTXSID30306668 DTXSID60340732 DTXSID90306669 DTXSID30769214 DTXSID90171536 DTXSID90782323 DTXSID10771234 DTXSID60883917 DTXSID50832151
DTXSID60193508	DTXSID50742746 DTXSID80405074 DTXSID60856924 DTXSID50879561 DTXSID60675511 DTXSID50819321 DTXSID40200729 DTXSID40304150 DTXSID60720717 DTXSID30726443 DTXSID00879551 DTXSID40517344 DTXSID90321837 DTXSID60647298 DTXSID20721068 DTXSID50354888 DTXSID00511328 DTXSID80486469 DTXSID10537195 DTXSID30350808
DTXSID80325723	DTXSID50837267 DTXSID70645886 DTXSID90596124 DTXSID60589583 DTXSID70875984 DTXSID10144424 DTXSID90791359 DTXSID70184189 DTXSID10384429 DTXSID70668959 DTXSID90430256 DTXSID00837752 DTXSID1067833 DTXSID70815446 DTXSID90667267 DTXSID00822466 DTXSID40606782 DTXSID20739784 DTXSID00876505 DTXSID60290586
DTXSID30867401	DTXSID90440214 DTXSID50675242 DTXSID40887211 DTXSID30846155 DTXSID40840048 DTXSID70645649 DTXSID50711134 DTXSID70517256 DTXSID80844106 DTXSID20363886 DTXSID20567049 DTXSID60816765 DTXSID40711103 DTXSID40662929 DTXSID30330387 DTXSID60240940 DTXSID90809145 DTXSID50340948 DTXSID40581323 DTXSID0073110
DTXSID90278690	DTXSID10582342 DTXSID40637874 DTXSID50856377 DTXSID80728891 DTXSID00769246 DTXSID10602690 DTXSID30208956 DTXSID60307108 DTXSID00506916 DTXSID80487471 DTXSID30726064 DTXSID40492662 DTXSID10344169 DTXSID10506922 DTXSID50473568 DTXSID00695157 DTXSID90574381 DTXSID60745268 DTXSID40429296 DTXSID60377023
DTXSID10388588	DTXSID00513140 DTXSID60442705 DTXSID50708403 DTXSID00358154 DTXSID10563075 DTXSID30617640 DTXSID20318497 DTXSID60833316 DTXSID50363339 DTXSID90696739 DTXSID50187390 DTXSID20697239 DTXSID20803419 DTXSID40365761 DTXSID20479512 DTXSID90293308 DTXSID90616912 DTXSID80450049 DTXSID60341340 DTXSID20285195
DTXSID50152285	DTXSID20704255 DTXSID60421353 DTXSID90390301 DTXSID20887118 DTXSID90152885 DTXSID60446501 DTXSID20771341 DTXSID10640299 DTXSID00481779 DTXSID00651056 DTXSID50757350 DTXSID00655433 DTXSID60312631 DTXSID20426965 DTXSID00337823 DTXSID5044811 DTXSID60226204 DTXSID40736417 DTXSID30577437 DTXSID80784659
DTXSID80847197	DTXSID50242539 DTXSID50316123 DTXSID30767634 DTXSID60767021 DTXSID60292449 DTXSID20746397 DTXSID90650230 DTXSID40306199 DTXSID20428464 DTXSID50341016 DTXSID70721614 DTXSID70567079 DTXSID10484514 DTXSID70743614 DTXSID40832302 DTXSID50390706 DTXSID30848715 DTXSID40243196 DTXSID80885534 DTXSID80308374
DTXSID00356670	DTXSID80679718 DTXSID20415915 DTXSID70276593 DTXSID70735690 DTXSID20605314 DTXSID70299444 DTXSID10716180 DTXSID00277376 DTXSID40549529 DTXSID90618678 DTXSID80634847 DTXSID60588576 DTXSID60697394 DTXSID80710670 DTXSID70354901 DTXSID20368194 DTXSID30418917 DTXSID30177557 DTXSID80439612 DTXSID30668930
DTXSID60501402	DTXSID60402203 DTXSID70574046 DTXSID20231591 DTXSID90529871 DTXSID30473081 DTXSID00464688 DTXSID00356771 DTXSID70383372 DTXSID50874359 DTXSID80585325 DTXSID50637522 DTXSID80468881 DTXSID40359221 DTXSID40196830 DTXSID10491920 DTXSID20435658 DTXSID90191875 DTXSID50451245 DTXSID40694346 DTXSID0065933
DTXSID90275528	DTXSID50732122 DTXSID70314449 DTXSID80427291 DTXSID30640938 DTXSID30207207 DTXSID80382194 DTXSID80808541 DTXSID60150590 DTXSID60829355 DTXSID90645348 DTXSID10710547 DTXSID50175277 DTXSID10875923 DTXSID0020492 DTXSID90661225 DTXSID80725643 DTXSID20391189 DTXSID40341469 DTXSID4072233 DTXSID80679218
DTXSID00346314	DTXSID20720475 DTXSID80601110 DTXSID00743384 DTXSID30419065 DTXSID20722510 DTXSID60465696 DTXSID7073486 DTXSID30757070 DTXSID80452745 DTXSID50395812 DTXSID70276634 DTXSID30454996 DTXSID10669208 DTXSID80553706 DTXSID60493474 DTXSID10495741 DTXSID10577576 DTXSID90477409 DTXSID40577867 DTXSID40721469
DTXSID90540400	DTXSID40454942 DTXSID30631402 DTXSID60669213 DTXSID80549528 DTXSID50170540 DTXSID80570918 DTXSID00700114 DTXSID90152749 DTXSID30382301 DTXSID20727989 DTXSID30618253 DTXSID60295354 DTXSID80385004 DTXSID00174816 DTXSID2047016 DTXSID20568637 DTXSID00287793 DTXSID20356697 DTXSID30488256 DTXSID20212022
DTXSID90836456	DTXSID80472847 DTXSID70188187 DTXSID10523215 DTXSID00351640 DTXSID80897339 DTXSID90411444 DTXSID20435693 DTXSID20217491 DTXSID00374031 DTXSID10655469 DTXSID20593989 DTXSID1047071 DTXSID30323219 DTXSID00730375 DTXSID30830751 DTXSID00404887 DTXSID40614903 DTXSID10374441 DTXSID40501208 DTXSID70192522
DTXSID00291259	DTXSID40427616 DTXSID50672276 DTXSID00145980 DTXSID50322446 DTXSID20603719 DTXSID60670389 DTXSID70879689 DTXSID00308639 DTXSID60813496 DTXSID30284199 DTXSID20482662 DTXSID50393757 DTXSID00472607 DTXSID80738773 DTXSID80676848 DTXSID20522017 DTXSID3063417 DTXSID90836193 DTXSID70630050 DTXSID40699437
DTXSID80284008	DTXSID40801432 DTXSID20354971 DTXSID80768257 DTXSID40821519 DTXSID20631173 DTXSID90782383 DTXSID10211645 DTXSID90629724 DTXSID30504920 DTXSID80383500 DTXSID30642477 DTXSID40352752 DTXSID50384589 DTXSID30817062 DTXSID00425214 DTXSID00145708 DTXSID70708046 DTXSID90826519 DTXSID00304292 DTXSID10812313
DTXSID00706676	DTXSID60649297 DTXSID00755240 DTXSID10704628 DTXSID20796933 DTXSID30701937 DTXSID30225522 DTXSID30493143 DTXSID30431606 DTXSID50657063 DTXSID80449453 DTXSID70703874 DTXSID60835597 DTXSID90706640 DTXSID70694495 DTXSID70649586 DTXSID60193886 DTXSID10471782 DTXSID10359354 DTXSID20734618 DTXSID0060066
DTXSID90480958	DTXSID00338335 DTXSID50337419 DTXSID70641909 DTXSID0065933 DTXSID4041236 DTXSID50556143 DTXSID30596401 DTXSID60651597 DTXSID4067771 DTXSID80228265 DTXSID40507649 DTXSID40359221 DTXSID60704259 DTXSID30600178 DTXSID70491845 DTXSID60487010 DTXSID40543204 DTXSID8069565 DTXSID10637523 DTXSID20678220
DTXSID30406531	DTXSID20275490 DTXSID50646674 DTXSID10672434 DTXSID60201778 DTXSID40510698 DTXSID50589754 DTXSID30854114 DTXSID80664725 DTXSID10501119 DTXSID70498152 DTXSID80463053 DTXSID40279910 DTXSID50538207 DTXSID50589734 DTXSID60338038 DTXSID00852703 DTXSID40431016 DTXSID70597659 DTXSID60528699 DTXSID10597118
DTXSID70393390	DTXSID00606586 DTXSID80534575 DTXSID30675003 DTXSID20478323 DTXSID10694474 DTXSID10322225 DTXSID40738931 DTXSID90726161 DTXSID10303190 DTXSID90560582 DTXSID90723352 DTXSID80852645 DTXSID80694466 DTXSID20593303 DTXSID50461349 DTXSID20876603 DTXSID40325507 DTXSID50731357 DTXSID80162079 DTXSID80836369
DTXSID30772566	DTXSID80331586 DTXSID80601635 DTXSID50552443 DTXSID60794897 DTXSID40194710 DTXSID60478428 DTXSID0046513 DTXSID50757335 DTXSID90443907 DTXSID70394423 DTXSID80275835 DTXSID60598059 DTXSID5062398 DTXSID80814501 DTXSID90216335 DTXSID90780526 DTXSID40601636 DTXSID20806607 DTXSID10757336 DTXSID90404730
DTXSID30651201	DTXSID60876965 DTXSID70402698 DTXSID60671553 DTXSID50597576 DTXSID90388561 DTXSID10280755 DTXSID00182673 DTXSID40460886 DTXSID30506707 DTXSID10831908 DTXSID9065364 DTXSID70639144 DTXSID20752594 DTXSID20406161 DTXSID70783414 DTXSID20353681 DTXSID90480155 DTXSID50712227 DTXSID70424719 DTXSID20581644
DTXSID90772002	DTXSID80202505 DTXSID40373801 DTXSID30873582 DTXSID50341793 DTXSID40433691 DTXSID70666273 DTXSID10799296 DTXSID20633374 DTXSID20876507 DTXSID10392968 DTXSID50285360 DTXSID40721146 DTXSID20759705 DTXSID60174670 DTXSID60166439 DTXSID20528296 DTXSID90383692 DTXSID6041501 DTXSID00846344 DTXSID10534447
DTXSID30781931	DTXSID70450932 DTXSID70212678 DTXSID80804386 DTXSID30508241 DTXSID90344743 DTXSID70705999 DTXSID10439569 DTXSID30627320 DTXSID80640241 DTXSID10647905 DTXSID40558595 DTXSID90778807 DTXSID20406904 DTXSID00507589 DTXSID80576238 DTXSID50846995 DTXSID30530426 DTXSID80790210 DTXSID20641217 DTXSID90341893
DTXSID60775681	DTXSID60780199 DTXSID60242747 DTXSID80274202 DTXSID30429503 DTXSID10872659 DTXSID50507599 DTXSID90763152 DTXSID10511157 DTXSID60816366 DTXSID10202674 DTXSID40563189 DTXSID60276143 DTXSID20755202 DTXSID60872285 DTXSID00629477 DTXSID00829132 DTXSID00234146 DTXSID20197406 DTXSID0067503 DTXSID40613991
DTXSID10338109	DTXSID10201521 DTXSID80537122 DTXSID60146276 DTXSID80342814 DTXSID70602636 DTXSID90577938 DTXSID90547999 DTXSID00473578 DTXSID60312575 DTXSID60355402 DTXSID80324271 DTXSID60532832 DTXSID40522559 DTXSID40191426 DTXSID70640290 DTXSID90854731 DTXSID00390094 DTXSID10675349 DTXSID20616925 DTXSID30238455
DTXSID10342625	DTXSID00453198 DTXSID40287797 DTXSID1065899 DTXSID20351187 DTXSID00802263 DTXSID30624051 DTXSID00421630 DTXSID00768097 DTXSID60674281 DTXSID80380034 DTXSID40482043 DTXSID00464704 DTXSID80214022 DTXSID40559067 DTXSID00571927 DTXSID10365975 DTXSID80642068 DTXSID80215670 DTXSID90709196 DTXSID20372756
DTXSID40538872	DTXSID80742835 DTXSID00669338 DTXSID30433403 DTXSID70541990 DTXSID60195567 DTXSID60522652 DTXSID70341093 DTXSID70580985 DTXSID80463679 DTXSID20707948 DTXSID40210247 DTXSID90578465 DTXSID10627005 DTXSID90700688 DTXSID40230768 DTXSID40192418 DTXSID20509580 DTXSID10335214 DTXSID40789600 DTXSID40613335
DTXSID50639945	DTXSID60340196 DTXSID00511328 DTXSID80740972 DTXSID10174660 DTXSID80486469 DTXSID10307537 DTXSID80589580 DTXSID00879551 DTXSID40504138 DTXSID40304150 DTXSID50810611 DTXSID90731876 DTXSID30705071 DTXSID90475203 DTXSID20721068 DTXSID50742746 DTXSID60193508 DTXSID30190943 DTXSID70750944 DTXSID10579015
DTXSID60812722	DTXSID00576553 DTXSID10729396 DTXSID70444331 DTXSID30420671 DTXSID80228902 DTXSID50879364 DTXSID40365680 DTXSID00371429 DTXSID20567600 DTXSID80405837 DTXSID90701110 DTXSID10645244 DTXSID50576907 DTXSID50650554 DTXSID40674643 DTXSID60709284 DTXSID60784278 DTXSID40708639 DTXSID10336307 DTXSID20312470
DTXSID00886881	DTXSID80792077 DTXSID80151569 DTXSID40555266 DTXSID70765270 DTXSID90160344 DTXSID7072337 DTXSID20783666 DTXSID80599947 DTXSID30815164 DTXSID30148863 DTXSID80221812 DTXSID60489953 DTXSID90158322 DTXSID70234370 DTXSID30192063 DTXSID50154805 DTXSID20514871 DTXSID40148874 DTXSID40219538 DTXSID10403184
DTXSID30332861	DTXSID40682127 DTXSID60428307 DTXSID20212729 DTXSID40392951 DTXSID3061920 DTXSID30870975 DTXSID80668768 DTXSID60519360 DTXSID90145474 DTXSID30805747 DTXSID60697410 DTXSID40693334 DTXSID90556965 DTXSID50188302 DTXSID50505358 DTXSID20342752 DTXSID50497966 DTXSID20200787 DTXSID80543061 DTXSID50313056
DTXSID80627658	DTXSID30616431 DTXSID30600178 DTXSID00338335 DTXSID10465429 DTXSID80578838 DTXSID70491845 DTXSID30866797 DTXSID50738063 DTXSID20678220 DTXSID70607161 DTXSID00606627 DTXSID50576684 DTXSID90513917 DTXSID70727494 DTXSID60443732 DTXSID80790533 DTXSID20790370 DTXSID70339011 DTXSID70505355 DTXSID90758669
DTXSID90741551	DTXSID80618687 DTXSID70667260 DTXSID90763758 DTXSID40885595 DTXSID10175637 DTXSID50455440 DTXSID70637802 DTXSID80678185 DTXSID00408825 DTXSID00501709 DTXSID60344396 DTXSID70606674 DTXSID50682239 DTXSID50354606 DTXSID90845265 DTXSID00489119 DTXSID40591346 DTXSID30770906 DTXSID70447286 DTXSID50278717
DTXSID50740727	DTXSID50457707 DTXSID40293651 DTXSID40681973 DTXSID50180543 DTXSID40697913 DTXSID00461617 DTXSID90520383 DTXSID80470368 DTXSID20856622 DTXSID20422326 DTXSID70601548 DTXSID80635137 DTXSID70400710 DTXSID00490346 DTXSID90743297 DTXSID50494697 DTXSID10408598 DTXSID30607723 DTXSID30397253 DTXSID30240972
DTXSID00209354	DTXSID60377861 DTXSID60590538 DTXSID80648242 DTXSID70766141 DTXSID30447005 DTXSID80674147 DTXSID80223154 DTXSID20723880 DTXSID30524481 DTXSID90657047 DTXSID10327533 DTXSID10856030 DTXSID80336576 DTXSID20639957 DTXSID20765669 DTXSID60676942 DTXSID50487822 DTXSID80603654 DTXSID40526577 DTXSID00716235
DTXSID70696934	DTXSID30711814 DTXSID30303990 DTXSID90801907 DTXSID80665454 DTXSID40539147 DTXSID30592241 DTXSID40477959 DTXSID50446232 DTXSID50323352 DTXSID40186832 DTXSID10659624 DTXSID60337187 DTXSID40507301 DTXSID20308030 DTXSID20447155 DTXSID50510164 DTXSID20184699 DTXSID70538027 DTXSID40452180 DTXSID90238138
DTXSID60395181	DTXSID70528382 DTXSID30344146 DTXSID30453484 DTXSID30757277 DTXSID10661161 DTXSID10241407 DTXSID40321226 DTXSID50434311 DTXSID30315977 DTXSID40474029 DTXSID00442062 DTXSID40705360 DTXSID10560827 DTXSID00633796 DTXSID90286437 DTXSID80823330 DTXSID90187117 DTXSID70548464 DTXSID70483129 DTXSID40610021
DTXSID60856924	DTXSID50879561 DTXSID30350808 DTXSID60720717 DTXSID30726443 DTXSID60193508 DTXSID90321837 DTXSID60707341 DTXSID40517344 DTXSID90507013 DTXSID80405074 DTXSID60647298 DTXSID40200729 DTXSID10350624 DTXSID00542450 DTXSID60675511 DTXSID70358808 DTXSID50742746 DTXSID40392234 DTXSID00897119 DTXSID40533943
DTXSID30277485	DTXSID70324361 DTXSID80733622 DTXSID60727382 DTXSID90391712 DTXSID70856511 DTXSID90596028 DTXSID90850894 DTXSID50322764 DTXSID40467239 DTXSID90323199 DTXSID20378692 DTXSID80391302 DTXSID10565094 DTXSID90542449 DTXSID60601471 DTXSID60354011 DTXSID30736769 DTXSID50541579 DTXSID40712115 DTXSID80483231
DTXSID30222415	DTXSID50389458 DTXSID30709610 DTXSID00694620 DTXSID40466202 DTXSID60828121 DTXSID20217613 DTXSID90375774 DTXSID70274377 DTXSID00676663 DTXSID90556708 DTXSID10555091 DTXSID40533160 DTXSID80596173 DTXSID00374899 DTXSID00382030 DTXSID00156475 DTXSID20438164 DTXSID60742111 DTXSID00469355 DTXSID80647497
DTXSID80800126	DTXSID50621542 DTXSID00409610 DTXSID80346155 DTXSID90509850 DTXSID90406638 DTXSID90334321 DTXSID30707191 DTXSID40289256 DTXSID30823264 DTXSID10503451 DTXSID30169250 DTXSID20475594 DTXSID90666871 DTXSID70333716 DTXSID50816779 DTXSID40144790 DTXSID30341251 DTXSID70499967 DTXSID40532931 DTXSID80629657
DTXSID60300674	DTXSID70572300 DTXSID40722214 DTXSID60227615 DTXSID8040278 DTXSID10560963 DTXSID00623359 DTXSID50671709 DTXSID30363079 DTXSID90506566 DTXSID60501705 DTXSID90581772 DTXSID40482427 DTXSID90580922 DTXSID80545883 DTXSID90454937 DTXSID30666870 DTXSID70629489 DTXSID10642192 DTXSID70594608 DTXSID60501962
DTXSID60562871	DTXSID80198156 DTXSID2065757 DTXSID40818368 DTXSID50762621 DTXSID60181147 DTXSID6069826 DTXSID00160532 DTXSID20337704 DTXSID50853942 DTXSID90780425 DTXSID50652477 DTXSID40835535 DTXSID60775383 DTXSID90758447 DTXSID00601051 DTXSID70276210 DTXSID1069825 DTXSID30609742 DTXSID90634898 DTXSID1041398
DTXSID90571577	DTXSID10172580 DTXSID40549185 DTXSID70632195 DTXSID70576984 DTXSID80505523 DTXSID50622817 DTXSID40446483 DTXSID70721134 DTXSID80457351 DTXSID20500057 DTXSID20597482 DTXSID60519461 DTXSID40175741 DTXSID30483483 DTXSID50356468 DTXSID60365268 DTXSID00668987 DTXSID60669233 DTXSID30444993 DTXSID70669229
DTXSID10675228	DTXSID70693504 DTXSID30566720 DTXSID00769266 DTXSID50404296 DTXSID60542052 DTXSID40466085 DTXSID60214121 DTXSID70823187 DTXSID60193361 DTXSID30409264 DTXSID10786282 DTXSID20781223 DTXSID70589756 DTXSID70794227 DTXSID10340247 DTXSID90518543 DTXSID00318455 DTXSID40593183 DTXSID50321838 DTXSID90733638
DTXSID50183731	DTXSID10380608 DTXSID20787826 DTXSID60493752 DTXSID60704577 DTXSID20306314 DTXSID70588345 DTXSID60288680 DTXSID20822403 DTXSID50680679 DTXSID80174874 DTXSID00698709 DTXSID40855379 DTXSID80360679 DTXSID50603343 DTXSID80343528 DTXSID20547043 DTXSID10856277 DTXSID60209350 DTXSID60479238 DTXSID20489156
DTXSID70305695	DTXSID50852157 DTXSID10818517 DTXSID00501860 DTXSID70452719 DTXSID70803545 DTXSID30542468 DTXSID40818282 DTXSID60737648 DTXSID80763949 DTXSID30744748 DTXSID90567430 DTXSID60603536 DTXSID90459043 DTXSID70729791 DTXSID50772104 DTXSID00850087 DTXSID10554766 DTXSID60456529 DTXSID10187391 DTXSID70523034
DTXSID10506866	DTXSID00604345 DTXSID80635011 DTXSID00223095 DTXSID40674724 DTXSID80664447 DTXSID30782766 DTXSID40288860 DTXSID70477482 DTXSID6023315 DTXSID30207525 DTXSID80781567 DTXSID60594132 DTXSID10658632 DTXSID10589275 DTXSID70375095 DTXSID30279207 DTXSID50467003 DTXSID00657452 DTXSID40310175 DTXSID30465820
DTXSID50742761	DTXSID40462704 DTXSID50481880 DTXSID00110032 DTXSID80777521 DTXSID10471545 DTXSID50742145 DTXSID60198210 DTXSID00546650 DTXSID10498176 DTXSID60526594 DTXSID90396484 DTXSID70655400 DTXSID60168776 DTXSID50572621 DTXSID10182402 DTXSID20573226 DTXSID90484012 DTXSID50479863 DTXSID80655517 DTXSID70721432
DTXSID50356468	DTXSID80593521 DTXSID40175741 DTXSID80299652 DTXSID00668987 DTXSID00670222 DTXSID70669229 DTXSID80289396 DTXSID80855090 DTXSID30444993 DTXSID20500057 DTXSID80528671 DTXSID50352682 DTXSID80457351 DTXSID0062139 DTXSID40845694 DTXSID60489296 DTXSID50622817 DTXSID00389105 DTXSID60542759 DTXSID10777554
DTXSID70402698	DTXSID50712227 DTXSID30651201 DTXSID20752594 DTXSID70783414 DTXSID00282965 DTXSID50597576 DTXSID00887994 DTXSID00182673 DTXSID70404955 DTXSID90480155 DTXSID20579647 DTXSID60876965 DTXSID9065364 DTXSID00603050 DTXSID10831908 DTXSID10561910 DTXSID50524701 DTXSID90388561 DTXSID80397324 DTXSID7051686
DTXSID70522562	DTXSID00162036 DTXSID10504807 DTXSID30322383 DTXSID00428720 DTXSID70359411 DTXSID50604052 DTXSID20295613 DTXSID90665021 DTXSID90561074 DTXSID40226601 DTXSID60831938 DTXSID00145324 DTXSID00333421 DTXSID70670577 DTXSID10403129 DTXSID60407056 DTXSID30434511 DTXSID90171935 DTXSID10564320 DTXSID10440059
DTXSID90760646	DTXSID40802181 DTXSID00493059 DTXSID80369485 DTXSID00534259 DTXSID2061563 DTXSID10552787 DTXSID3042269 DTXSID00514773 DTXSID00604183 DTXSID60693876 DTXSID10516208 DTXSID80661118 DTXSID50788144 DTXSID20628588 DTXSID00199488 DTXSID70525891 DTXSID50306701 DTXSID40491817 DTXSID90447349 DTXSID40835510
DTXSID20651159	DTXSID30314804 DTXSID6067549 DTXSID80703825 DTXSID20598570 DTXSID10743592 DTXSID00679770 DTXSID10879320 DTXSID80879711 DTXSID50398949 DTXSID10587796 DTXSID00587649 DTXSID80784755 DTXSID50662930 DTXSID40621798 DTXSID60587786 DTXSID70361650 DTXSID60317383 DTXSID60353524 DTXSID80696364 DTXSID90688538
DTXSID20192491	DTXSID80733804 DTXSID20361488 DTXSID30490596 DTXSID00625858 DTXSID10278874 DTXSID80170356 DTXSID20437475 DTXSID10454010 DTXSID30855949 DTXSID00720635 DTXSID10340242 DTXSID10672237 DTXSID00513983 DTXSID30543016 DTXSID60296149 DTXSID30789876 DTXSID30218010 DTXSID30187171 DTXSID90333915 DTXSID80686346
DTXSID00301524	DTXSID30831682 DTXSID70570841 DTXSID30763535 DTXSID80708279 DTXSID00804166 DTXSID20163666 DTXSID80853470 DTXSID40304615 DTXSID40828008 DTXSID80773745 DTXSID80657910 DTXSID80803096 DTXSID80764310 DTXSID90706463 DTXSID90339119 DTXSID30821189 DTXSID80768373 DTXSID90591033 DTXSID40763107 DTXSID70546066
DTXSID40641294	DTXSID60290586 DTXSID90699861 DTXSID90812856 DTXSID70815446 DTXSID50846172 DTXSID00641295 DTXSID70771053 DTXSID80472908 DTXSID10144424 DTXSID70645886 DTXSID70465081 DTXSID40757268 DTXSID00457217 DTXSID70891442 DTXSID20745421 DTXSID50440356 DTXSID00352374 DTXSID3037549 DTXSID50549631 DTXSID10332006
DTXSID80793680	DTXSID70471960 DTXSID50234378 DTXSID20825196 DTXSID50191093 DTXSID90407807 DTXSID40483015 DTXSID60463576 DTXSID00694029 DTXSID20840329 DTXSID10239187 DTXSID30786582 DTXSID3067231 DTXSID90711173 DTXSID90634898 DTXSID90469309 DTXSID70557152 DTXSID90758447 DTXSID00281130 DTXSID70720485 DTXSID60236282
DTXSID10348884	DTXSID80670260 DTXSID40710035 DTXSID50472117 DTXSID10495286 DTXSID70791312 DTXSID70220874 DTXSID70243846 DTXSID60802643 DTXSID90450050 DTXSID10592880 DTXSID70782861 DTXSID40586070 DTXSID10357037 DTXSID10590482 DTXSID30854210 DTXSID70291387 DTXSID80661158 DTXSID50456533 DTXSID60496546 DTXSID60501962
DTXSID00702794	DTXSID70428777 DTXSID8047509 DTXSID50517234 DTXSID50300042 DTXSID8059007 DTXSID70419125 DTXSID70181390 DTXSID60302395 DTXSID60177348 DTXSID10537635 DTXSID20307225 DTXSID00728974 DTXSID00372618 DTXSID30553978 DTXSID90585376 DTXSID60819953 DTXSID90429206 DTXSID20318558 DTXSID20593166 DTXSID40233512
DTXSID60636561	DTXSID80696829 DTXSID30157839 DTXSID80660101 DTXSID40677391 DTXSID60341340 DTXSID20876002 DTXSID20803419 DTXSID50560684 DTXSID80752176 DTXSID60634486 DTXSID50568201 DTXSID40378694 DTXSID50709773 DTXSID70158284 DTXSID30402412 DTXSID30176388 DTXSID70408195 DTXSID90238799 DTXSID40724415 DTXSID50363339
DTXSID70612250	DTXSID90570323 DTXSID00767909 DTXSID60877336 DTXSID80431070 DTXSID90842471 DTXSID70354880 DTXSID00530115 DTXSID80493638 DTXSID30752484 DTXSID60743481 DTXSID20504116 DTXSID20651114 DTXSID60441410 DTXSID40212084 DTXSID90339654 DTXSID40632869 DTXSID20642441 DTXSID70757352 DTXSID40315180 DTXSID50590385
DTXSID80560576	DTXSID50809828 DTXSID60622580 DTXSID90435044 DTXSID50646755 DTXSID70672798 DTXSID60401296 DTXSID20656063 DTXSID20834086 DTXSID60875796 DTXSID30716667 DTXSID00712035 DTXSID2071071 DTXSID50304707 DTXSID50179518 DTXSID30282190 DTXSID00585347 DTXSID70873662 DTXSID20879472 DTXSID30657804 DTXSID00374899
DTXSID40874348	DTXSID50710086 DTXSID80323663 DTXSID60645895 DTXSID30866797 DTXSID00318718 DTXSID90758669 DTXSID60443732 DTXSID90385934 DTXSID90400696 DTXSID80585325 DTXSID40196830 DTXSID50821545 DTXSID40619296 DTXSID90768041 DTXSID90845982 DTXSID00579983 DTXSID70607161 DTXSID20316433 DTXSID10183595 DTXSID30616431
DTXSID40555266	DTXSID60489953 DTXSID90160344 DTXSID80221812 DTXSID50154805 DTXSID80792077 DTXSID70234370 DTXSID00886881 DTXSID70765270 DTXSID90158322 DTXSID80151569 DTXSID80599947 DTXSID30660373 DTXSID40677396 DTXSID10580202 DTXSID00604709 DTXSID90203164 DTXSID60611176 DTXSID00563862 DTXSID60827513 DTXSID70884657
DTXSID50404296	DTXSID10786282 DTXSID60193361 DTXSID10675228 DTXSID70589756 DTXSID70823187 DTXSID70693504 DTXSID30566720 DTXSID40607633 DTXSID20668040 DTXSID70794227 DTXSID60542052 DTXSID40593183 DTXSID40466085 DTXSID10511354 DTXSID20275814 DTXSID00769266 DTXSID60885855 DTXSID30409264 DTXSID20781223 DTXSID10340247
DTXSID20876002	DTXSID60634486 DTXSID30402412 DTXSID90729455 DTXSID50709773 DTXSID50560684 DTXSID60636561 DTXSID30157839 DTXSID70434515 DTXSID40677391 DTXSID70408195 DTXSID30176388 DTXSID80752176 DTXSID70576666 DTXSID80696829 DTXSID80660101 DTXSID70276876 DTXSID30627547 DTXSID30362789 DTXSID60739006 DTXSID40523006
DTXSID70496178	DTXSID90653125 DTXSID10397478 DTXSID70464877 DTXSID80377949 DTXSID30575877 DTXSID10857380 DTXSID50696210 DTXSID70650152 DTXSID50289141 DTXSID30555654 DTXSID90847123 DTXSID60840989 DTXSID50592203 DTXSID10195335 DTXSID80718853 DTXSID00736695 DTXSID40646461 DTXSID80646627 DTXSID50623167 DTXSID20436221
DTXSID70791312	DTXSID10495286 DTXSID50472117 DTXSID80661158 DTXSID40710035 DTXSID10357037 DTXSID30854210 DTXSID20629590 DTXSID80604328 DTXSID00327365 DTXSID50456533 DTXSID60646983 DTXSID70291387 DTXSID00220160 DTXSID70782861 DTXSID80670260 DTXSID90721373 DTXSID10348884 DTXSID60372553 DTXSID10592880 DTXSID90661048
DTXSID10697122	DTXSID10653460 DTXSID90315231 DTXSID60716933 DTXSID90198723 DTXSID90174022 DTXSID40831017 DTXSID50593376 DTXSID80730651 DTXSID40729122 DTXSID70663444 DTXSID50238654 DTXSID20324255 DTXSID70788823 DTXSID80351683 DTXSID00726157 DTXSID70341891 DTXSID50208236 DTXSID90743297 DTXSID80601892 DTXSID10307178
DTXSID10166383	DTXSID40201938 DTXSID80584131 DTXSID90162823 DTXSID40837933 DTXSID40469056 DTXSID90309877 DTXSID80142896 DTXSID60874764 DTXSID70300044 DTXSID20809198 DTXSID40874762 DTXSID90155270 DTXSID40439355 DTXSID70370146 DTXSID30320263 DTXSID10218654 DTXSID40823513 DTXSID9069007 DTXSID30874892 DTXSID5058199
DTXSID40655230	DTXSID50392285 DTXSID80192573 DTXSID40311142 DTXSID60388210 DTXSID70494230 DTXSID80664785 DTXSID40509623 DTXSID70495707 DTXSID90663466 DTXSID40780334 DTXSID80224782 DTXSID30708643 DTXSID10528381 DTXSID80684347 DTXSID30817789 DTXSID50312665 DTXSID10361513 DTXSID70649283 DTXSID10626018 DTXSID60512533
DTXSID4020953	DTXSID60885815 DTXSID00654103 DTXSID90676839 DTXSID40408041 DTXSID00710011 DTXSID20661910 DTXSID30596103 DTXSID50608176 DTXSID00646886 DTXSID20299454 DTXSID60498388 DTXSID90365938 DTXSID90438530 DTXSID00619752 DTXSID10482131 DTXSID50602750 DTXSID60427936 DTXSID20739320 DTXSID20610786 DTXSID80480467
DTXSID40802964	DTXSID50832151 DTXSID20535622 DTXSID50880672 DTXSID40773347 DTXSID40675236 DTXSID80783304 DTXSID90286816 DTXSID10400032 DTXSID90533897 DTXSID00819290 DTXSID30326104 DTXSID10488239 DTXSID10771234 DTXSID90171536 DTXSID90816733 DTXSID90306669 DTXSID30306668 DTXSID60813436 DTXSID90782323 DTXSID90567874
DTXSID70563218	DTXSID00876464 DTXSID10590306 DTXSID50395377 DTXSID40434921 DTXSID90310120 DTXSID80367027 DTXSID80499392 DTXSID50369891 DTXSID30389390 DTXSID20289310 DTXSID00896142 DTXSID60297232 DTXSID2023222 DTXSID00153121 DTXSID40659632 DTXSID20857659 DTXSID90517016 DTXSID70794808 DTXSID90635143 DTXSID10879603
DTXSID00589805	DTXSID70630333 DTXSID20524016 DTXSID30617968 DTXSID90826519 DTXSID70526828 DTXSID00145708 DTXSID10211645 DTXSID50551916 DTXSID50404433 DTXSID40620145 DTXSID70507379 DTXSID00531041 DTXSID00330692 DTXSID50527373 DTXSID40784357 DTXSID60825514 DTXSID20857598 DTXSID90629724 DTXSID80768257 DTXSID30504920
DTXSID30400690	DTXSID70353111 DTXSID10313815 DTXSID40642226 DTXSID80436888 DTXSID80695776 DTXSID10650378 DTXSID90733638 DTXSID20781223 DTXSID80551161 DTXSID30409264 DTXSID00318455 DTXSID40466085 DTXSID30558488 DTXSID10398268 DTXSID70437465 DTXSID80589808 DTXSID60222746 DTXSID50652836 DTXSID50421786 DTXSID10511354
DTXSID70240254	DTXSID30339597 DTXSID00774698 DTXSID60787562 DTXSID90668794 DTXSID50757613 DTXSID60441410 DTXSID00530115 DTXSID80493638 DTXSID40632869 DTXSID40889316 DTXSID90842471 DTXSID60812404 DTXSID20697451 DTXSID60283579 DTXSID00216947 DTXSID90177598 DTXSID50726480 DTXSID90381395 DTXSID00439250 DTXSID50722124
DTXSID60675071	DTXSID40545728 DTXSID20298200 DTXSID00729865 DTXSID80712533 DTXSID90700087 DTXSID10375655 DTXSID80453838 DTXSID50630952 DTXSID90307398 DTXSID80706492 DTXSID20671716 DTXSID60458280 DTXSID50727174 DTXSID30532662 DTXSID20206103 DTXSID10713593 DTXSID80155062 DTXSID90742528 DTXSID50402671 DTXSID10547673
DTXSID70744348	DTXSID40785682 DTXSID00229310 DTXSID40243939 DTXSID30473526 DTXSID60836802 DTXSID10427188 DTXSID70189210 DTXSID30403500 DTXSID00593846 DTXSID30792724 DTXSID40797841 DTXSID20681875 DTXSID00628521 DTXSID50397371 DTXSID30321477 DTXSID90150427 DTXSID90535053 DTXSID10464730 DTXSID90504401 DTXSID10221724
DTXSID30303157	DTXSID20238166 DTXSID10398581 DTXSID20677995 DTXSID10344528 DTXSID30378209 DTXSID40345927 DTXSID70443980 DTXSID80375586 DTXSID00730375 DTXSID10786207 DTXSID00825275 DTXSID1063140 DTXSID80767386 DTXSID40658504 DTXSID80373608 DTXSID10210118 DTXSID60175440 DTXSID1047071 DTXSID60535000 DTXSID80597261
DTXSID00844643	DTXSID60621250 DTXSID80393503 DTXSID10539896 DTXSID50624255 DTXSID90369390 DTXSID60560913 DTXSID40192433 DTXSID70393678 DTXSID90473103 DTXSID00839978 DTXSID10556407 DTXSID40595309 DTXSID00727482 DTXSID50398429 DTXSID10561314 DTXSID10502308 DTXSID00483778 DTXSID10845828 DTXSID20516815 DTXSID30544482
DTXSID80195726	DTXSID70723456 DTXSID80675154 DTXSID70427821 DTXSID20737386 DTXSID70283207 DTXSID80679632 DTXSID50760081 DTXSID40279359 DTXSID90504401 DTXSID90532289 DTXSID30186765 DTXSID00505101 DTXSID10296472 DTXSID90791516 DTXSID30389739 DTXSID70736561 DTXSID50186702 DTXSID90150427 DTXSID20444104 DTXSID10219323
DTXSID00175141	DTXSID60172398 DTXSID40588251 DTXSID20327483 DTXSID40351780 DTXSID00620020 DTXSID80590055 DTXSID40567809 DTXSID60614763 DTXSID70734148 DTXSID80175942 DTXSID30308384 DTXSID9047095 DTXSID10696317 DTXSID70622516 DTXSID70538027 DTXSID9022100 DTXSID70294838 DTXSID70364505 DTXSID90736028 DTXSID10360203
DTXSID80404426	DTXSID10367292 DTXSID80597524 DTXSID20742591 DTXSID10584765 DTXSID50524201 DTXSID90344526 DTXSID10195315 DTXSID30465800 DTXSID10316220 DTXSID40233512 DTXSID80449256 DTXSID30676515 DTXSID30661188 DTXSID70802775 DTXSID00372618 DTXSID80296106 DTXSID70614239 DTXSID60177348 DTXSID80741368 DTXSID80151882
DTXSID90801740	DTXSID10806954 DTXSID30707171 DTXSID80808061 DTXSID90721252 DTXSID40781846 DTXSID70700545 DTXSID60827836 DTXSID3064437 DTXSID80793165 DTXSID40277350 DTXSID5052628 DTXSID7062829 DTXSID7066148 DTXSID60751309 DTXSID7063348 DTXSID90660430 DTXSID30561457 DTXSID20411452 DTXSID80755203 DTXSID00647136
DTXSID40835535	DTXSID1069825 DTXSID00160532 DTXSID60562871 DTXSID80198156 DTXSID40818368 DTXSID2065757 DTXSID6069826 DTXSID50762621 DTXSID60181147 DTXSID00577909 DTXSID20337704 DTXSID50853942 DTXSID10206612 DTXSID1041398 DTXSID50652477 DTXSID50828135 DTXSID90780425 DTXSID70276578 DTXSID20210280 DTXSID30528040
DTXSID30727894	DTXSID20699051 DTXSID70703874 DTXSID90302949 DTXSID20734618 DTXSID50534885 DTXSID90702066 DTXSID70398688 DTXSID0060066 DTXSID30805681 DTXSID30588563 DTXSID60209613 DTXSID10653869 DTXSID00198572 DTXSID9051745 DTXSID50552842 DTXSID30819187 DTXSID30431606 DTXSID50716826 DTXSID40481793 DTXSID00510558
DTXSID10157478	DTXSID00725468 DTXSID10590381 DTXSID00810702 DTXSID90768723 DTXSID00355729 DTXSID00428568 DTXSID10715779 DTXSID30594280 DTXSID10766645 DTXSID30303798 DTXSID10651885 DTXSID70224155 DTXSID50383330 DTXSID00612400 DTXSID10190002 DTXSID50694498 DTXSID70894756 DTXSID40776999 DTXSID30586387 DTXSID10772928
DTXSID50303917	DTXSID50896339 DTXSID80857317 DTXSID20542891 DTXSID20697678 DTXSID10833987 DTXSID20819292 DTXSID40856624 DTXSID30772304 DTXSID60227594 DTXSID90847724 DTXSID20222681 DTXSID70327438 DTXSID30322904 DTXSID30630197 DTXSID80646122 DTXSID20876805 DTXSID80476729 DTXSID50857460 DTXSID60658283 DTXSID5067500
DTXSID50876373	DTXSID20344438 DTXSID60790354 DTXSID60196817 DTXSID50642050 DTXSID80533624 DTXSID10732143 DTXSID40453516 DTXSID40211577 DTXSID60314594 DTXSID40199265 DTXSID30626050 DTXSID80554975 DTXSID10314701 DTXSID30718969 DTXSID10528048 DTXSID70317677 DTXSID70487026 DTXSID80799980 DTXSID90720684 DTXSID40821998
DTXSID90426058	DTXSID70573993 DTXSID60505389 DTXSID50482458 DTXSID40397623 DTXSID10221865 DTXSID10640512 DTXSID00645879 DTXSID40722618 DTXSID40576875 DTXSID70528403 DTXSID00442688 DTXSID40427974 DTXSID10544889 DTXSID60375120 DTXSID20791342 DTXSID70478419 DTXSID30451763 DTXSID40855132 DTXSID30489122 DTXSID00621330
DTXSID70700803	DTXSID20618883 DTXSID50399335 DTXSID10724700 DTXSID60486225 DTXSID40173409 DTXSID10585474 DTXSID00423917 DTXSID90663507 DTXSID10160907 DTXSID30150880 DTXSID30438498 DTXSID90640535 DTXSID60428125 DTXSID70499624 DTXSID40773322 DTXSID70405947 DTXSID10366361 DTXSID40343822 DTXSID40453379 DTXSID00694584
DTXSID60812121	DTXSID70159913 DTXSID00778656 DTXSID90462451 DTXSID40279031 DTXSID50791274 DTXSID40811839 DTXSID20144556 DTXSID00281615 DTXSID30538700 DTXSID10341658 DTXSID70564664 DTXSID80613657 DTXSID50482655 DTXSID20287831 DTXSID10790102 DTXSID80612544 DTXSID30809604 DTXSID60884823 DTXSID50708483 DTXSID80878082
DTXSID00361284	DTXSID30173534 DTXSID20849418 DTXSID30471305 DTXSID10776421 DTXSID30285782 DTXSID20541127 DTXSID60752593 DTXSID40722613 DTXSID10483209 DTXSID1023447 DTXSID90470930 DTXSID70837481 DTXSID00781766 DTXSID00196816 DTXSID20663055 DTXSID00524615 DTXSID70641227 DTXSID20351581 DTXSID70580809 DTXSID10594844
DTXSID60815738	DTXSID10177015 DTXSID20172399 DTXSID90148864 DTXSID80658548 DTXSID90809145 DTXSID60240940 DTXSID60790692 DTXSID0073110 DTXSID40840048 DTXSID00454781 DTXSID50797539 DTXSID60844023 DTXSID40144795 DTXSID00541968 DTXSID50711134 DTXSID90837201 DTXSID80851471 DTXSID90443846 DTXSID40662929 DTXSID30846155
DTXSID10191478	DTXSID7069023 DTXSID50341511 DTXSID90833162 DTXSID40382796 DTXSID80357468 DTXSID00719160 DTXSID90390604 DTXSID20211873 DTXSID0046147 DTXSID80484561 DTXSID70765391 DTXSID00587583 DTXSID70283000 DTXSID90463827 DTXSID90705799 DTXSID20159786 DTXSID70143731 DTXSID10313532 DTXSID40815312 DTXSID70751971
DTXSID50294013	DTXSID00289818 DTXSID00349547 DTXSID80351663 DTXSID70172723 DTXSID00455874 DTXSID50369997 DTXSID50591554 DTXSID20152590 DTXSID90494237 DTXSID60327644 DTXSID50646174 DTXSID60344275 DTXSID50597137 DTXSID80556555 DTXSID50361299 DTXSID40300394 DTXSID50768289 DTXSID10653849 DTXSID40494060 DTXSID70440979
DTXSID70744343	DTXSID70489489 DTXSID70456873 DTXSID60291290 DTXSID30207606 DTXSID70152843 DTXSID10379299 DTXSID10888412 DTXSID90150922 DTXSID20618065 DTXSID80364915 DTXSID20158431 DTXSID80557643 DTXSID50415544 DTXSID30217881 DTXSID80196273 DTXSID20476965 DTXSID70848471 DTXSID70676812 DTXSID40622548 DTXSID40876064
DTXSID00293152	DTXSID10150984 DTXSID60288928 DTXSID50736766 DTXSID70736667 DTXSID10500445 DTXSID40649518 DTXSID30843725 DTXSID40713748 DTXSID90517016 DTXSID00460600 DTXSID1073367 DTXSID20289310 DTXSID30219385 DTXSID00512653 DTXSID20493056 DTXSID20673937 DTXSID00381442 DTXSID40299936 DTXSID00366613 DTXSID90674456
DTXSID90753477	DTXSID60441157 DTXSID80661173 DTXSID30393856 DTXSID00166478 DTXSID60183868 DTXSID20295274 DTXSID80358899 DTXSID70326108 DTXSID40697453 DTXSID70165837 DTXSID70876234 DTXSID50678379 DTXSID60497452 DTXSID90396409 DTXSID50879349 DTXSID50567355 DTXSID00528951 DTXSID80685814 DTXSID00376691 DTXSID80354715
DTXSID20849918	DTXSID70593398 DTXSID80650360 DTXSID40293131 DTXSID40494863 DTXSID10696599 DTXSID20172415 DTXSID10368805 DTXSID10343399 DTXSID20666384 DTXSID10840136 DTXSID20663297 DTXSID50648810 DTXSID70176185 DTXSID10499709 DTXSID30534747 DTXSID50875846 DTXSID00200205 DTXSID70440979 DTXSID90762483 DTXSID60733680
DTXSID60614763	DTXSID40588251 DTXSID70734148 DTXSID40567809 DTXSID9047095 DTXSID50749917 DTXSID00175141 DTXSID70622516 DTXSID80590055 DTXSID60797262 DTXSID20308030 DTXSID70538027 DTXSID80161820 DTXSID60172398 DTXSID90562627 DTXSID70568940 DTXSID00620020 DTXSID10360203 DTXSID80175942 DTXSID40341904 DTXSID30308384
DTXSID90178202	DTXSID20173629 DTXSID00537482 DTXSID70477482 DTXSID60542496 DTXSID00657452 DTXSID20883357 DTXSID2068137 DTXSID00604345 DTXSID40288860 DTXSID60875736 DTXSID30311237 DTXSID90518144 DTXSID80635011 DTXSID30291308 DTXSID10506866 DTXSID30782766 DTXSID00659916 DTXSID20700217 DTXSID40713445 DTXSID40674724
DTXSID20346871	DTXSID20579662 DTXSID90528945 DTXSID00712999 DTXSID80827797 DTXSID60406004 DTXSID00850007 DTXSID00773606 DTXSID30651120 DTXSID40624744 DTXSID90293828 DTXSID90407180 DTXSID50734888 DTXSID80459037 DTXSID30441386 DTXSID20406242 DTXSID60528215 DTXSID30798923 DTXSID50467164 DTXSID70484378 DTXSID80765483
DTXSID30468098	DTXSID10442876 DTXSID80352251 DTXSID70773471 DTXSID30886233 DTXSID70788843 DTXSID80424169 DTXSID0047088 DTXSID60281333 DTXSID90479640 DTXSID40804983 DTXSID30553130 DTXSID40147746 DTXSID10156704 DTXSID80640842 DTXSID40180658 DTXSID30854634 DTXSID80678180 DTXSID40551263 DTXSID40145843 DTXSID70562423
DTXSID70232694	DTXSID10402758 DTXSID30874892 DTXSID10318623 DTXSID40467916 DTXSID9069007 DTXSID70850690 DTXSID20794818 DTXSID70370146 DTXSID1023233 DTXSID40469056 DTXSID40594852 DTXSID60593084 DTXSID60701102 DTXSID70748200 DTXSID80584131 DTXSID10808392 DTXSID80142896 DTXSID20809198 DTXSID00307723 DTXSID20873935
DTXSID00508677	DTXSID00745368 DTXSID70619608 DTXSID30303192 DTXSID20393587 DTXSID30847288 DTXSID70314969 DTXSID90222719 DTXSID30620174 DTXSID60319089 DTXSID60700236 DTXSID3073719 DTXSID10657206 DTXSID00707800 DTXSID80478324 DTXSID70554621 DTXSID70751153 DTXSID70855781 DTXSID40487235 DTXSID20522476 DTXSID50451407
DTXSID30527250	DTXSID30324529 DTXSID30626050 DTXSID00213411 DTXSID30222197 DTXSID90473481 DTXSID40211577 DTXSID40199265 DTXSID30614275 DTXSID30718969 DTXSID10314701 DTXSID20344438 DTXSID80554975 DTXSID60314594 DTXSID20400745 DTXSID70671600 DTXSID40458723 DTXSID60790354 DTXSID10505753 DTXSID50716907 DTXSID70487026
DTXSID70188187	DTXSID80472847 DTXSID90836456 DTXSID20593989 DTXSID30323219 DTXSID80897339 DTXSID90411444 DTXSID00374031 DTXSID00404887 DTXSID1047071 DTXSID40614903 DTXSID10523215 DTXSID50191730 DTXSID00351640 DTXSID10655469 DTXSID20217491 DTXSID00730375 DTXSID30830751 DTXSID50807309 DTXSID20435693 DTXSID10374441
DTXSID60365844	DTXSID70461260 DTXSID90185572 DTXSID60284824 DTXSID40674385 DTXSID90626394 DTXSID70203107 DTXSID40161003 DTXSID30287620 DTXSID70408539 DTXSID50833688 DTXSID40454922 DTXSID10581315 DTXSID90396883 DTXSID30378360 DTXSID70831702 DTXSID90586161 DTXSID80572891 DTXSID70821062 DTXSID10876516 DTXSID60856080
DTXSID20297955	DTXSID30848932 DTXSID10241806 DTXSID70784865 DTXSID30766546 DTXSID00289651 DTXSID50768805 DTXSID20182615 DTXSID00748374 DTXSID10851661 DTXSID80737746 DTXSID50188948 DTXSID50750765 DTXSID30730989 DTXSID40523526 DTXSID90220432 DTXSID30639049 DTXSID20565303 DTXSID70193216 DTXSID60708676 DTXSID50440755
DTXSID30541254	DTXSID90243843 DTXSID90187596 DTXSID90558984 DTXSID30825243 DTXSID20697451 DTXSID50377476 DTXSID20829639 DTXSID00592137 DTXSID40190999 DTXSID80760271 DTXSID00774698 DTXSID60787562 DTXSID00439250 DTXSID90177598 DTXSID90668794 DTXSID00660507 DTXSID60812404 DTXSID00216947 DTXSID30474452 DTXSID20370398
DTXSID50667344	DTXSID40713743 DTXSID70538885 DTXSID20846467 DTXSID80588038 DTXSID90739897 DTXSID20393249 DTXSID80470843 DTXSID90551056 DTXSID50361411 DTXSID00566070 DTXSID50628091 DTXSID60763987 DTXSID60490347 DTXSID70373576 DTXSID10572809 DTXSID70789794 DTXSID40809650 DTXSID10211569 DTXSID70476834 DTXSID60734490
DTXSID70588108	DTXSID00659916 DTXSID3071278 DTXSID30356906 DTXSID40713445 DTXSID20311786 DTXSID60439377 DTXSID10656012 DTXSID50586440 DTXSID90518144 DTXSID60588177 DTXSID30311237 DTXSID30279363 DTXSID60383846 DTXSID60173527 DTXSID40617772 DTXSID20883357 DTXSID00371969 DTXSID90178202 DTXSID90794481 DTXSID60785200
DTXSID8068171	DTXSID10378500 DTXSID20808020 DTXSID30424634 DTXSID90284832 DTXSID20167427 DTXSID70537510 DTXSID00406523 DTXSID40525565 DTXSID50783876 DTXSID00720110 DTXSID50210773 DTXSID70305776 DTXSID30332528 DTXSID50328963 DTXSID00307829 DTXSID10651885 DTXSID40775609 DTXSID50640314 DTXSID30213626 DTXSID50813501
DTXSID50671709	DTXSID30666870 DTXSID90581772 DTXSID10406059 DTXSID70629489 DTXSID70572300 DTXSID10560963 DTXSID80612226 DTXSID60573200 DTXSID50381795 DTXSID50286771 DTXSID60227615 DTXSID50853664 DTXSID50538580 DTXSID80354750 DTXSID70594608 DTXSID40589445 DTXSID90427267 DTXSID50392846 DTXSID40144179 DTXSID60300674
DTXSID20301783	DTXSID50153176 DTXSID80237675 DTXSID80367921 DTXSID60221411 DTXSID40495597 DTXSID50218416 DTXSID10712889 DTXSID50441787 DTXSID90380404 DTXSID40588493 DTXSID30144305 DTXSID40308693 DTXSID00442188 DTXSID20352412 DTXSID50598124 DTXSID40773983 DTXSID80369627 DTXSID40168219 DTXSID90228155 DTXSID40561645
DTXSID30471305	DTXSID60752593 DTXSID00781766 DTXSID00361284 DTXSID30285782 DTXSID70641227 DTXSID30173534 DTXSID10776421 DTXSID70837481 DTXSID40722613 DTXSID1023447 DTXSID20849418 DTXSID20351581 DTXSID00524615 DTXSID8067105 DTXSID40283895 DTXSID90492910 DTXSID10594844 DTXSID10483209 DTXSID10352582 DTXSID20541127
DTXSID80652703	DTXSID00295777 DTXSID40624587 DTXSID90525914 DTXSID80681634 DTXSID60147440 DTXSID30506146 DTXSID90385338 DTXSID20504696 DTXSID00322673 DTXSID30310881 DTXSID20751188 DTXSID80647316 DTXSID80738455 DTXSID90193935 DTXSID60658162 DTXSID70170840 DTXSID40540213 DTXSID50727078 DTXSID60441415 DTXSID60857299
DTXSID20446421	DTXSID70488750 DTXSID00343449 DTXSID90450858 DTXSID60497336 DTXSID50640319 DTXSID00491015 DTXSID60340393 DTXSID30301456 DTXSID90573096 DTXSID60207018 DTXSID20475812 DTXSID40635496 DTXSID70612013 DTXSID20835977 DTXSID20403498 DTXSID40481814 DTXSID90329454 DTXSID10502681 DTXSID40565486 DTXSID20318013
DTXSID20887052	DTXSID90801861 DTXSID20323440 DTXSID40672402 DTXSID70510161 DTXSID90666356 DTXSID90448755 DTXSID10777655 DTXSID40488742 DTXSID20495555 DTXSID60417812 DTXSID10876394 DTXSID60496400 DTXSID90602370 DTXSID70333175 DTXSID00679558 DTXSID10421101 DTXSID90324500 DTXSID10240733 DTXSID00848106 DTXSID30709812
DTXSID50855981	DTXSID80856466 DTXSID40143824 DTXSID20729766 DTXSID00680563 DTXSID80760539 DTXSID40312593 DTXSID30462975 DTXSID60630226 DTXSID60832561 DTXSID50239863 DTXSID00343944 DTXSID30488256 DTXSID20556857 DTXSID30805005 DTXSID80385004 DTXSID40758639 DTXSID50803285 DTXSID60390974 DTXSID70569452 DTXSID60856883
DTXSID00757406	DTXSID90827869 DTXSID90373735 DTXSID60744135 DTXSID70349413 DTXSID6069406 DTXSID90456395 DTXSID50163578 DTXSID00377486 DTXSID60347781 DTXSID90807803 DTXSID10466719 DTXSID80279373 DTXSID80638709 DTXSID20599345 DTXSID30346347 DTXSID40165147 DTXSID00231438 DTXSID10184244 DTXSID70424198 DTXSID60343642
DTXSID60836468	DTXSID60786151 DTXSID20384071 DTXSID70529475 DTXSID30632272 DTXSID30849888 DTXSID80577280 DTXSID30757297 DTXSID10628991 DTXSID90468857 DTXSID00697813 DTXSID70642456 DTXSID20547043 DTXSID40786316 DTXSID70835922 DTXSID30818574 DTXSID30821164 DTXSID50421524 DTXSID30313034 DTXSID30159237 DTXSID20591980
DTXSID50172963	DTXSID60597663 DTXSID50178682 DTXSID80610161 DTXSID30289801 DTXSID10312106 DTXSID30452679 DTXSID00406543 DTXSID10557297 DTXSID70711550 DTXSID00465372 DTXSID40368631 DTXSID30618435 DTXSID70512266 DTXSID80207111 DTXSID70709755 DTXSID10596242 DTXSID00745404 DTXSID20874164 DTXSID00481577 DTXSID70845046
DTXSID00730714	DTXSID6035156 DTXSID70739870 DTXSID80365907 DTXSID50550262 DTXSID9047095 DTXSID40567809 DTXSID70734148 DTXSID50640399 DTXSID70734305 DTXSID30610111 DTXSID70886191 DTXSID00673733 DTXSID40171485 DTXSID70323197 DTXSID30531150 DTXSID20425296 DTXSID80820329 DTXSID40588251 DTXSID40467294 DTXSID80175942
DTXSID70512266	DTXSID00406543 DTXSID80207111 DTXSID30289801 DTXSID50172963 DTXSID80506515 DTXSID80610161 DTXSID70845046 DTXSID10474339 DTXSID60597663 DTXSID30817789 DTXSID40368631 DTXSID10312106 DTXSID50178682 DTXSID00524776 DTXSID70709755 DTXSID90193915 DTXSID30313695 DTXSID30572083 DTXSID10557297 DTXSID00488824
DTXSID40814724	DTXSID00856766 DTXSID80619876 DTXSID00568731 DTXSID10710663 DTXSID50509992 DTXSID80553342 DTXSID50174189 DTXSID90661225 DTXSID70795315 DTXSID10875923 DTXSID40529149 DTXSID60848061 DTXSID60600484 DTXSID70547371 DTXSID70799373 DTXSID00597940 DTXSID80725643 DTXSID80679218 DTXSID40585508 DTXSID60768134
DTXSID20190891	DTXSID50336265 DTXSID50292099 DTXSID30727511 DTXSID00311522 DTXSID70748205 DTXSID30659560 DTXSID60700392 DTXSID50303811 DTXSID00773323 DTXSID60435793 DTXSID40349804 DTXSID50308568 DTXSID10292499 DTXSID60443191 DTXSID40818848 DTXSID10764141 DTXSID00314654 DTXSID00398232 DTXSID10805306 DTXSID30423703
DTXSID70791175	DTXSID40295857 DTXSID00462285 DTXSID50844436 DTXSID40533943 DTXSID50607326 DTXSID70674131 DTXSID20321380 DTXSID10350624 DTXSID60707341 DTXSID30537475 DTXSID90182288 DTXSID50404332 DTXSID90278397 DTXSID00897119 DTXSID60368299 DTXSID10371591 DTXSID90624976 DTXSID70366049 DTXSID30350808 DTXSID60695476
DTXSID00345680	DTXSID20534918 DTXSID60143023 DTXSID40310872 DTXSID20465495 DTXSID40790019 DTXSID90794320 DTXSID00201055 DTXSID90313636 DTXSID50345014 DTXSID60325125 DTXSID30636396 DTXSID60823939 DTXSID90783198 DTXSID20770410 DTXSID80349621 DTXSID90402498 DTXSID60320630 DTXSID50412755 DTXSID80190337 DTXSID80631275
DTXSID80211511	DTXSID70317990 DTXSID10677181 DTXSID80752378 DTXSID30694012 DTXSID40880500 DTXSID00276107 DTXSID30158189 DTXSID8070960 DTXSID00236246 DTXSID80768252 DTXSID20887799 DTXSID60418021 DTXSID10637361 DTXSID50828832 DTXSID40210747 DTXSID90807484 DTXSID70669921 DTXSID70373192 DTXSID40286902 DTXSID20173745
DTXSID50760081	DTXSID3037543 DTXSID10296472 DTXSID70723456 DTXSID80195726 DTXSID10452258 DTXSID10295283 DTXSID90504401 DTXSID60829754 DTXSID80346397 DTXSID20737386 DTXSID10223061 DTXSID20444104 DTXSID90150427 DTXSID70427821 DTXSID60178936 DTXSID90656353 DTXSID30186765 DTXSID90532289 DTXSID30203209 DTXSID30650077
DTXSID70276578	DTXSID30528040 DTXSID1041398 DTXSID10206612 DTXSID30609742 DTXSID30336900 DTXSID90771570 DTXSID30714603 DTXSID3067231 DTXSID00884246 DTXSID90634898 DTXSID10239187 DTXSID30300722 DTXSID00710076 DTXSID60276426 DTXSID40659197 DTXSID6069826 DTXSID50652477 DTXSID80893735 DTXSID20210280 DTXSID20825196
DTXSID20424567	DTXSID90706488 DTXSID70616516 DTXSID20705661 DTXSID20394216 DTXSID40504113 DTXSID30450099 DTXSID80402306 DTXSID40732550 DTXSID60356272 DTXSID90392042 DTXSID20468163 DTXSID10356469 DTXSID80479391 DTXSID90611407 DTXSID30557810 DTXSID5063605 DTXSID90348983 DTXSID40187203 DTXSID70710927 DTXSID90355798
DTXSID30287024	DTXSID60299054 DTXSID3070040 DTXSID00656142 DTXSID30400877 DTXSID90873624 DTXSID10277741 DTXSID10468758 DTXSID60148593 DTXSID30195973 DTXSID70548601 DTXSID20768771 DTXSID00419451 DTXSID20470721 DTXSID90519676 DTXSID10548160 DTXSID20505981 DTXSID80304871 DTXSID70586169 DTXSID40741864 DTXSID40300233
DTXSID0068026	DTXSID90303673 DTXSID40489830 DTXSID70303954 DTXSID80217295 DTXSID70764248 DTXSID20565303 DTXSID40739943 DTXSID10851661 DTXSID00834569 DTXSID60708676 DTXSID20567448 DTXSID40763243 DTXSID70764187 DTXSID80305929 DTXSID20563228 DTXSID40484941 DTXSID40581924 DTXSID5074472 DTXSID00748374 DTXSID90220432
DTXSID40831936	DTXSID50556204 DTXSID60667436 DTXSID50716907 DTXSID70405624 DTXSID20297278 DTXSID10505753 DTXSID60446768 DTXSID10355573 DTXSID40507280 DTXSID80467394 DTXSID6065052 DTXSID30744748 DTXSID40430185 DTXSID70597659 DTXSID60385461 DTXSID20526212 DTXSID10172404 DTXSID60422946 DTXSID50311754 DTXSID90594948
DTXSID50629861	DTXSID30205465 DTXSID30483029 DTXSID80297436 DTXSID70393850 DTXSID30178928 DTXSID30876114 DTXSID50481845 DTXSID00783982 DTXSID80308516 DTXSID10600631 DTXSID30241545 DTXSID70473525 DTXSID00472203 DTXSID40449691 DTXSID10349573 DTXSID40541644 DTXSID40706014 DTXSID10472875 DTXSID80303985 DTXSID00721061
DTXSID30711410	DTXSID40726050 DTXSID00520894 DTXSID70649283 DTXSID20354471 DTXSID50368506 DTXSID00480469 DTXSID20642128 DTXSID10366846 DTXSID10506361 DTXSID50225620 DTXSID20168772 DTXSID60351681 DTXSID20445712 DTXSID70459046 DTXSID60618529 DTXSID90668592 DTXSID10589058 DTXSID90362083 DTXSID00384771 DTXSID30664199
DTXSID60621250	DTXSID00844643 DTXSID40595309 DTXSID50398429 DTXSID70201941 DTXSID90231780 DTXSID20501903 DTXSID00483778 DTXSID70571398 DTXSID80393503 DTXSID90171839 DTXSID10845828 DTXSID40356538 DTXSID50179351 DTXSID10539896 DTXSID50704142 DTXSID10502308 DTXSID80209251 DTXSID90369390 DTXSID40192433 DTXSID20673533
DTXSID2022127	DTXSID30453383 DTXSID30451647 DTXSID20173321 DTXSID50220236 DTXSID40439936 DTXSID90527776 DTXSID90275088 DTXSID40851134 DTXSID70286738 DTXSID0044153 DTXSID30201402 DTXSID80407876 DTXSID30794804 DTXSID8022169 DTXSID70532929 DTXSID70762224 DTXSID10338821 DTXSID70886030 DTXSID60656901 DTXSID40195489
DTXSID80338176	DTXSID80744117 DTXSID90486990 DTXSID20533542 DTXSID80771185 DTXSID70611081 DTXSID20645871 DTXSID50474550 DTXSID90326600 DTXSID50625101 DTXSID60550096 DTXSID70647688 DTXSID20862849 DTXSID00453451 DTXSID60813077 DTXSID30485028 DTXSID00725605 DTXSID5068233 DTXSID20656366 DTXSID60645870 DTXSID80640201
DTXSID60177348	DTXSID00372618 DTXSID70802775 DTXSID40233512 DTXSID90344526 DTXSID30661188 DTXSID40170039 DTXSID10367292 DTXSID80181841 DTXSID90518543 DTXSID8047509 DTXSID10316220 DTXSID90429206 DTXSID30676515 DTXSID80597524 DTXSID60550556 DTXSID70419125 DTXSID50300042 DTXSID30553978 DTXSID90585376 DTXSID00702794
DTXSID60662507	DTXSID50847088 DTXSID10510241 DTXSID60874628 DTXSID10470659 DTXSID80768717 DTXSID50707895 DTXSID2041202 DTXSID60703727 DTXSID30816550 DTXSID40239670 DTXSID80709549 DTXSID30662498 DTXSID20582919 DTXSID20447413 DTXSID90751271 DTXSID70176408 DTXSID70143731 DTXSID70751971 DTXSID3060667 DTXSID80768373
DTXSID00553187	DTXSID10345757 DTXSID20163722 DTXSID70594865 DTXSID60768295 DTXSID00323882 DTXSID50847765 DTXSID60586219 DTXSID40724415 DTXSID10489948 DTXSID90667540 DTXSID30640913 DTXSID50457540 DTXSID00663053 DTXSID80876684 DTXSID30589813 DTXSID60402369 DTXSID90520141 DTXSID90238799 DTXSID5069912 DTXSID40378694
DTXSID10310607	DTXSID70737336 DTXSID40547121 DTXSID90459442 DTXSID30341251 DTXSID70790249 DTXSID60838245 DTXSID20880629 DTXSID70720440 DTXSID00611953 DTXSID10503451 DTXSID70508063 DTXSID30823264 DTXSID80610828 DTXSID70333716 DTXSID70584509 DTXSID90280854 DTXSID50621542 DTXSID10637523 DTXSID70479168 DTXSID70711292
DTXSID90702268	DTXSID20503528 DTXSID30652637 DTXSID20848446 DTXSID70223906 DTXSID00651859 DTXSID7044764 DTXSID90585831 DTXSID40289458 DTXSID9025403 DTXSID50642050 DTXSID00418545 DTXSID10758666 DTXSID40453516 DTXSID70760740 DTXSID9073628 DTXSID80405872 DTXSID60378691 DTXSID90877561 DTXSID10829421 DTXSID40288729
DTXSID10805644	DTXSID70505077 DTXSID20674247 DTXSID20383463 DTXSID80436883 DTXSID40775720 DTXSID80585729 DTXSID30600895 DTXSID60319948 DTXSID00375386 DTXSID60883917 DTXSID70549451 DTXSID80578333 DTXSID30787579 DTXSID40490704 DTXSID70792849 DTXSID00446909 DTXSID1068437 DTXSID30769214 DTXSID80466206 DTXSID70479325
DTXSID70282316	DTXSID50650554 DTXSID60661651 DTXSID20567600 DTXSID00371429 DTXSID7073771 DTXSID50853169 DTXSID40365680 DTXSID90753492 DTXSID40708639 DTXSID80405837 DTXSID10729396 DTXSID20384137 DTXSID10842453 DTXSID50660254 DTXSID30420671 DTXSID40436167 DTXSID50283649 DTXSID90701110 DTXSID30357635 DTXSID70609605
DTXSID20575982	DTXSID90290650 DTXSID30575690 DTXSID70711914 DTXSID50215829 DTXSID8063834 DTXSID90182445 DTXSID30804992 DTXSID60183484 DTXSID30452058 DTXSID30420691 DTXSID60182598 DTXSID70326067 DTXSID00441777 DTXSID00668225 DTXSID10586320 DTXSID40560431 DTXSID80734290 DTXSID50293460 DTXSID90681564 DTXSID7044506
DTXSID90737919	DTXSID40143001 DTXSID60694484 DTXSID80720234 DTXSID30616532 DTXSID60315304 DTXSID00844946 DTXSID1051692 DTXSID90675241 DTXSID30592145 DTXSID00815070 DTXSID40303729 DTXSID60827513 DTXSID70770268 DTXSID30660373 DTXSID40470283 DTXSID40431657 DTXSID10802714 DTXSID40510597 DTXSID50887924 DTXSID00719322
DTXSID50650796	DTXSID10515256 DTXSID80611310 DTXSID80480689 DTXSID50454695 DTXSID90805965 DTXSID50282854 DTXSID30634231 DTXSID20566476 DTXSID20453519 DTXSID80856784 DTXSID00667490 DTXSID40625731 DTXSID70528403 DTXSID60375120 DTXSID80241550 DTXSID80640322 DTXSID50552024 DTXSID00154719 DTXSID00645879 DTXSID90316182
DTXSID90827869	DTXSID70349413 DTXSID6069406 DTXSID60347781 DTXSID80279373 DTXSID90807803 DTXSID00757406 DTXSID90373735 DTXSID00231438 DTXSID20599345 DTXSID40165147 DTXSID10466719 DTXSID90456395 DTXSID30663369 DTXSID50663780 DTXSID00377486 DTXSID80638709 DTXSID70424198 DTXSID60343642 DTXSID60744135 DTXSID20759801
DTXSID20514871	DTXSID20783666 DTXSID40662500 DTXSID90278413 DTXSID40219538 DTXSID00866926 DTXSID50804838 DTXSID80151569 DTXSID70574283 DTXSID50214771 DTXSID30192063 DTXSID30148863 DTXSID80792077 DTXSID20797647 DTXSID00886881 DTXSID30815164 DTXSID10403184 DTXSID90723953 DTXSID7072337 DTXSID50469188 DTXSID10843167
DTXSID70392702	DTXSID40470283 DTXSID1051692 DTXSID60315304 DTXSID70855069 DTXSID00563862 DTXSID60886165 DTXSID30660373 DTXSID40143001 DTXSID70356581 DTXSID90675241 DTXSID00885839 DTXSID80737983 DTXSID00815070 DTXSID10165497 DTXSID30616532 DTXSID60827513 DTXSID60694484 DTXSID90737919 DTXSID70280034 DTXSID70234370
DTXSID00192772	DTXSID90614236 DTXSID10436856 DTXSID50197510 DTXSID50388229 DTXSID30586246 DTXSID40846969 DTXSID70550401 DTXSID80757646 DTXSID00739949 DTXSID30536807 DTXSID20352992 DTXSID90809004 DTXSID30327237 DTXSID20697239 DTXSID70578327 DTXSID90293308 DTXSID40291475 DTXSID30735378 DTXSID50708403 DTXSID90509411
DTXSID20768771	DTXSID30790189 DTXSID70519199 DTXSID00509528 DTXSID10468758 DTXSID30400877 DTXSID00656142 DTXSID3070040 DTXSID40741864 DTXSID90873624 DTXSID70642214 DTXSID30287024 DTXSID60299054 DTXSID40695111 DTXSID30549811 DTXSID10488012 DTXSID00443695 DTXSID10277741 DTXSID20505981 DTXSID80304871 DTXSID40326736
DTXSID80732155	DTXSID90319299 DTXSID80304336 DTXSID60578412 DTXSID50669924 DTXSID80516730 DTXSID90694957 DTXSID40478209 DTXSID80475919 DTXSID80733081 DTXSID50837444 DTXSID40517460 DTXSID10653127 DTXSID30676873 DTXSID30305550 DTXSID60561849 DTXSID40629911 DTXSID80356057 DTXSID00199842 DTXSID80700192 DTXSID30671207
DTXSID20459172	DTXSID00408603 DTXSID40437235 DTXSID10814130 DTXSID1020770 DTXSID00512653 DTXSID00381442 DTXSID30185571 DTXSID40649518 DTXSID80536458 DTXSID10500445 DTXSID60225090 DTXSID50180124 DTXSID90767615 DTXSID20812723 DTXSID00420305 DTXSID00730234 DTXSID20596511 DTXSID00460600 DTXSID40821059 DTXSID90674456
DTXSID90448755	DTXSID10421101 DTXSID00538116 DTXSID40488742 DTXSID00848106 DTXSID90801861 DTXSID20887052 DTXSID90339295 DTXSID30596148 DTXSID20323440 DTXSID30791772 DTXSID90720189 DTXSID90693223 DTXSID50425022 DTXSID20456106 DTXSID20495555 DTXSID10240733 DTXSID60496400 DTXSID10883785 DTXSID00679558 DTXSID30709812
DTXSID50587654	DTXSID00732157 DTXSID60847019 DTXSID20173846 DTXSID00494304 DTXSID10667643 DTXSID80535688 DTXSID80466281 DTXSID10804531 DTXSID10277564 DTXSID90876473 DTXSID20708556 DTXSID70731470 DTXSID10588304 DTXSID50757779 DTXSID80765726 DTXSID40700032 DTXSID90819603 DTXSID60476803 DTXSID40815115 DTXSID40834083
DTXSID30804992	DTXSID00832287 DTXSID00314154 DTXSID70326067 DTXSID90681564 DTXSID50557458 DTXSID70711914 DTXSID00668225 DTXSID80542938 DTXSID20575982 DTXSID90290650 DTXSID80734290 DTXSID30452058 DTXSID60373803 DTXSID8063834 DTXSID40629214 DTXSID50215829 DTXSID40560431 DTXSID30575690 DTXSID10277443 DTXSID30628918
DTXSID90333915	DTXSID10278874 DTXSID00835551 DTXSID30519731 DTXSID20361488 DTXSID30359270 DTXSID30543016 DTXSID10340242 DTXSID80733804 DTXSID60296149 DTXSID10383811 DTXSID20192491 DTXSID30187171 DTXSID10454010 DTXSID30855949 DTXSID90512026 DTXSID90352929 DTXSID10600479 DTXSID00720635 DTXSID10452450 DTXSID10672237
DTXSID30769931	DTXSID50753837 DTXSID10658859 DTXSID10605267 DTXSID20889036 DTXSID90619786 DTXSID80872661 DTXSID80338050 DTXSID30210675 DTXSID30146203 DTXSID60423817 DTXSID50307511 DTXSID00432089 DTXSID00887737 DTXSID00432064 DTXSID80759781 DTXSID80816363 DTXSID70340864 DTXSID20184573 DTXSID00432448 DTXSID0062896
DTXSID70213504	DTXSID80284503 DTXSID70219349 DTXSID20656245 DTXSID80230045 DTXSID80557643 DTXSID50632411 DTXSID50178662 DTXSID40645570 DTXSID30234336 DTXSID70737457 DTXSID70424335 DTXSID50290813 DTXSID70152843 DTXSID20364156 DTXSID40380191 DTXSID00645617 DTXSID50425981 DTXSID70456873 DTXSID40622548 DTXSID70876072
DTXSID1069952	DTXSID90346863 DTXSID10462918 DTXSID50613285 DTXSID20626403 DTXSID30364541 DTXSID5052626 DTXSID00490346 DTXSID00632204 DTXSID70308222 DTXSID00498387 DTXSID80772011 DTXSID60204461 DTXSID20590251 DTXSID20422326 DTXSID70400710 DTXSID90409028 DTXSID00192999 DTXSID00334377 DTXSID80176974 DTXSID40456507
DTXSID60441157	DTXSID90753477 DTXSID80661173 DTXSID40697453 DTXSID30393856 DTXSID00166478 DTXSID80358899 DTXSID60183868 DTXSID70165837 DTXSID20295274 DTXSID70876234 DTXSID70326108 DTXSID50567355 DTXSID50879349 DTXSID60497452 DTXSID80685814 DTXSID00376691 DTXSID50678379 DTXSID00528951 DTXSID00663573 DTXSID90734408
DTXSID30451107	DTXSID70327857 DTXSID80798099 DTXSID90772825 DTXSID10418177 DTXSID60325842 DTXSID60850189 DTXSID40781063 DTXSID10337657 DTXSID30550028 DTXSID40771787 DTXSID30316929 DTXSID00770211 DTXSID30528282 DTXSID3068883 DTXSID1068807 DTXSID6063226 DTXSID10769772 DTXSID80526096 DTXSID80553504 DTXSID40534975
DTXSID60621331	DTXSID10570168 DTXSID90672093 DTXSID00517608 DTXSID90487321 DTXSID40790690 DTXSID70782987 DTXSID80427877 DTXSID10596601 DTXSID60517609 DTXSID60599107 DTXSID30625700 DTXSID10453169 DTXSID40162656 DTXSID50663326 DTXSID50743394 DTXSID90408410 DTXSID80663551 DTXSID30276372 DTXSID40845078 DTXSID40721429
DTXSID70425569	DTXSID10478690 DTXSID10602135 DTXSID90675221 DTXSID10496814 DTXSID10349573 DTXSID90817745 DTXSID60734213 DTXSID00748874 DTXSID50848994 DTXSID00472203 DTXSID90662833 DTXSID80308516 DTXSID70471445 DTXSID70176266 DTXSID10218755 DTXSID70399418 DTXSID00405117 DTXSID70393850 DTXSID70337219 DTXSID7057787
DTXSID30544023	DTXSID40661119 DTXSID30314602 DTXSID40180330 DTXSID30666274 DTXSID1063691 DTXSID60170096 DTXSID10437121 DTXSID00302733 DTXSID10403725 DTXSID50450374 DTXSID50799997 DTXSID80543420 DTXSID90787030 DTXSID30385110 DTXSID70403246 DTXSID40697812 DTXSID10307496 DTXSID20781243 DTXSID30588169 DTXSID30506823
DTXSID10237007	DTXSID10809501 DTXSID80175861 DTXSID40552053 DTXSID00341268 DTXSID30852630 DTXSID10410373 DTXSID10838553 DTXSID00206505 DTXSID80156756 DTXSID20481099 DTXSID90485226 DTXSID00579281 DTXSID90850096 DTXSID70569992 DTXSID60399760 DTXSID50436936 DTXSID80284725 DTXSID90424554 DTXSID40406623 DTXSID20200005
DTXSID30782766	DTXSID80664447 DTXSID80635011 DTXSID00604345 DTXSID10506866 DTXSID40310175 DTXSID80781567 DTXSID90518144 DTXSID40288860 DTXSID40225492 DTXSID70477482 DTXSID00223095 DTXSID30279363 DTXSID60594132 DTXSID30465820 DTXSID10589275 DTXSID00657452 DTXSID40674724 DTXSID30279207 DTXSID60424546 DTXSID30207525
DTXSID90817745	DTXSID10496814 DTXSID50848994 DTXSID60734213 DTXSID90662833 DTXSID70176266 DTXSID00405117 DTXSID70425569 DTXSID00748874 DTXSID70399418 DTXSID70471445 DTXSID10478690 DTXSID00568670 DTXSID80211571 DTXSID10602135 DTXSID50303033 DTXSID00293935 DTXSID7057787 DTXSID00472203 DTXSID90675221 DTXSID10349573
DTXSID30767674	DTXSID80540737 DTXSID60766978 DTXSID60172570 DTXSID60451877 DTXSID30550023 DTXSID50277442 DTXSID70443026 DTXSID70476117 DTXSID5021625 DTXSID00162071 DTXSID00864907 DTXSID20516815 DTXSID80354371 DTXSID20145200 DTXSID90553656 DTXSID90166301 DTXSID40540738 DTXSID10693124 DTXSID80892809 DTXSID30402492
DTXSID70463027	DTXSID40374050 DTXSID90460452 DTXSID00669237 DTXSID20806980 DTXSID10375655 DTXSID80712533 DTXSID60458280 DTXSID20671716 DTXSID70344100 DTXSID50727174 DTXSID00201636 DTXSID20771280 DTXSID50402671 DTXSID10713593 DTXSID20298200 DTXSID80453838 DTXSID50314442 DTXSID80563507 DTXSID90307398 DTXSID50534365
DTXSID50211184	DTXSID00629715 DTXSID60725808 DTXSID00415852 DTXSID70720864 DTXSID70460591 DTXSID60717162 DTXSID80178953 DTXSID50369735 DTXSID10469624 DTXSID30363675 DTXSID40394612 DTXSID10365950 DTXSID30478859 DTXSID30782468 DTXSID00725807 DTXSID70346321 DTXSID70307896 DTXSID10377992 DTXSID50722189 DTXSID90694856
DTXSID10724149	DTXSID90601904 DTXSID30782781 DTXSID50790641 DTXSID50242978 DTXSID50439346 DTXSID60789344 DTXSID70757074 DTXSID00454781 DTXSID00541968 DTXSID40144795 DTXSID60832940 DTXSID90148864 DTXSID60790692 DTXSID10177015 DTXSID30281901 DTXSID90837201 DTXSID30330387 DTXSID20469635 DTXSID60582711 DTXSID90711875
DTXSID40880500	DTXSID30694012 DTXSID8070960 DTXSID50828832 DTXSID20887799 DTXSID20173745 DTXSID70373192 DTXSID10637361 DTXSID80752378 DTXSID60418021 DTXSID80768252 DTXSID40286902 DTXSID70317990 DTXSID10720146 DTXSID50724507 DTXSID80211511 DTXSID90807484 DTXSID10244236 DTXSID00707845 DTXSID30158189 DTXSID60561925
DTXSID60385461	DTXSID8061133 DTXSID10355573 DTXSID80467394 DTXSID60446768 DTXSID30755016 DTXSID60528699 DTXSID10354228 DTXSID30744748 DTXSID70803545 DTXSID60667436 DTXSID70597659 DTXSID40831936 DTXSID00501860 DTXSID90857000 DTXSID50538207 DTXSID6065052 DTXSID50716907 DTXSID50556204 DTXSID10597118 DTXSID40431016
DTXSID80422327	DTXSID90624390 DTXSID30311434 DTXSID20198872 DTXSID20294540 DTXSID90527695 DTXSID30742365 DTXSID80465552 DTXSID90805602 DTXSID80284886 DTXSID80615075 DTXSID20807311 DTXSID20695831 DTXSID80618041 DTXSID10656335 DTXSID50208236 DTXSID60745268 DTXSID70748301 DTXSID50653949 DTXSID30527699 DTXSID60664203
DTXSID60301888	DTXSID40674643 DTXSID10336307 DTXSID80505982 DTXSID50535857 DTXSID60566016 DTXSID10753257 DTXSID60610700 DTXSID20223597 DTXSID50696210 DTXSID30575877 DTXSID90539399 DTXSID80500114 DTXSID70464877 DTXSID90646895 DTXSID20382350 DTXSID20436221 DTXSID50592203 DTXSID20312470 DTXSID80626181 DTXSID90331274
DTXSID70460591	DTXSID60717162 DTXSID00415852 DTXSID10469624 DTXSID30478859 DTXSID00629715 DTXSID50369735 DTXSID80178953 DTXSID50211184 DTXSID20415399 DTXSID70346321 DTXSID80724732 DTXSID90694856 DTXSID30363675 DTXSID30782468 DTXSID10365950 DTXSID60725808 DTXSID50722189 DTXSID10682417 DTXSID20728991 DTXSID70720864
DTXSID70702281	DTXSID60341123 DTXSID80642422 DTXSID80813559 DTXSID80787403 DTXSID90306821 DTXSID90175897 DTXSID10831741 DTXSID60242525 DTXSID20308494 DTXSID40491817 DTXSID90548663 DTXSID80350570 DTXSID80769229 DTXSID00239257 DTXSID30574401 DTXSID80838585 DTXSID20730135 DTXSID00506597 DTXSID10347554 DTXSID40432846
DTXSID40813393	DTXSID10280770 DTXSID00847114 DTXSID20878369 DTXSID90638174 DTXSID90444555 DTXSID60566011 DTXSID90773276 DTXSID30787630 DTXSID10769772 DTXSID90750981 DTXSID90500261 DTXSID80763020 DTXSID80526096 DTXSID00770211 DTXSID10822073 DTXSID20287831 DTXSID80781542 DTXSID90413625 DTXSID00756111 DTXSID80613657
DTXSID20873839	DTXSID70425009 DTXSID70895420 DTXSID70895425 DTXSID90610334 DTXSID40615076 DTXSID70746584 DTXSID50830455 DTXSID90415609 DTXSID00324278 DTXSID40329005 DTXSID30878370 DTXSID20594416 DTXSID80315841 DTXSID50841546 DTXSID4072813 DTXSID50240176 DTXSID00830884 DTXSID10829820 DTXSID20189422 DTXSID00769261
DTXSID70308404	DTXSID70845187 DTXSID00588237 DTXSID70515611 DTXSID20278163 DTXSID60642405 DTXSID7057787 DTXSID80298887 DTXSID10218755 DTXSID40806220 DTXSID50645627 DTXSID90456239 DTXSID50193274 DTXSID20804082 DTXSID20840788 DTXSID50496595 DTXSID70471445 DTXSID00504230 DTXSID10478690 DTXSID70399418 DTXSID00541347
DTXSID20780433	DTXSID00601031 DTXSID10763412 DTXSID40319289 DTXSID90152845 DTXSID30179672 DTXSID60879411 DTXSID80637939 DTXSID90181655 DTXSID70350342 DTXSID70799095 DTXSID50356327 DTXSID40615596 DTXSID60446788 DTXSID10551290 DTXSID20286440 DTXSID40188937 DTXSID7070769 DTXSID00274688 DTXSID80176191 DTXSID30591214
DTXSID80741368	DTXSID50323731 DTXSID30824690 DTXSID30465800 DTXSID30853743 DTXSID80445339 DTXSID50322305 DTXSID80588013 DTXSID90358244 DTXSID00555646 DTXSID10584765 DTXSID40629214 DTXSID50705639 DTXSID40597080 DTXSID30628918 DTXSID70585778 DTXSID80404426 DTXSID80449256 DTXSID20366150 DTXSID80296106 DTXSID10367292
DTXSID40180239	DTXSID40876185 DTXSID10228793 DTXSID00488329 DTXSID90144927 DTXSID10640052 DTXSID70314868 DTXSID30761379 DTXSID80582970 DTXSID10705554 DTXSID00565861 DTXSID40617191 DTXSID60694525 DTXSID50447183 DTXSID70787851 DTXSID8064981 DTXSID20311463 DTXSID90466833 DTXSID50824511 DTXSID90441084 DTXSID90182581
DTXSID70447286	DTXSID70637802 DTXSID10433567 DTXSID10175637 DTXSID90763758 DTXSID10739314 DTXSID0035748 DTXSID00738098 DTXSID90845265 DTXSID50455440 DTXSID80618687 DTXSID30460633 DTXSID50354606 DTXSID50682239 DTXSID80678185 DTXSID30290033 DTXSID60344396 DTXSID40551980 DTXSID90741551 DTXSID80444347 DTXSID50157477
DTXSID70176408	DTXSID20582919 DTXSID00587583 DTXSID40544695 DTXSID00190899 DTXSID80768717 DTXSID80357468 DTXSID70143731 DTXSID40239670 DTXSID10313532 DTXSID30816550 DTXSID70751971 DTXSID40815312 DTXSID50847088 DTXSID00197762 DTXSID90390604 DTXSID50707895 DTXSID20550310 DTXSID90705799 DTXSID40382796 DTXSID60703727
DTXSID50816451	DTXSID20336777 DTXSID00527000 DTXSID20719162 DTXSID40637430 DTXSID10403184 DTXSID50214771 DTXSID00866926 DTXSID40148874 DTXSID10606310 DTXSID10744741 DTXSID7072337 DTXSID30192063 DTXSID00854782 DTXSID90278413 DTXSID30155633 DTXSID10843167 DTXSID20701062 DTXSID40662500 DTXSID60430268 DTXSID90693561
DTXSID80645236	DTXSID00734131 DTXSID50300204 DTXSID70615746 DTXSID20296241 DTXSID40387802 DTXSID10696352 DTXSID20896184 DTXSID20720470 DTXSID00532750 DTXSID80549962 DTXSID90841565 DTXSID60567341 DTXSID20232129 DTXSID20655571 DTXSID20145164 DTXSID00841995 DTXSID90371170 DTXSID90295367 DTXSID00284580 DTXSID70385937
DTXSID30796606	DTXSID10696150 DTXSID40380277 DTXSID50195879 DTXSID60533889 DTXSID80522134 DTXSID60533288 DTXSID20647693 DTXSID80814102 DTXSID20759705 DTXSID10349472 DTXSID40758917 DTXSID80509384 DTXSID10797277 DTXSID50285360 DTXSID70561092 DTXSID50494753 DTXSID50406932 DTXSID70666273 DTXSID50565977 DTXSID40334275
DTXSID30510223	DTXSID90604177 DTXSID00219099 DTXSID70626953 DTXSID50313612 DTXSID60177267 DTXSID00655514 DTXSID20662927 DTXSID20730675 DTXSID30822737 DTXSID30811328 DTXSID50341258 DTXSID90653105 DTXSID80407179 DTXSID80671813 DTXSID20468406 DTXSID00366178 DTXSID90650396 DTXSID70720187 DTXSID90604692 DTXSID80598798
DTXSID30357635	DTXSID60476747 DTXSID60298688 DTXSID70609605 DTXSID10842453 DTXSID90284478 DTXSID40708639 DTXSID10389373 DTXSID30373673 DTXSID00697257 DTXSID80320773 DTXSID20595680 DTXSID10533314 DTXSID40673171 DTXSID10645244 DTXSID50283649 DTXSID90701110 DTXSID30420671 DTXSID10593776 DTXSID40436167 DTXSID80396852
DTXSID40797200	DTXSID10467660 DTXSID10627489 DTXSID50545613 DTXSID20148998 DTXSID50851665 DTXSID60625556 DTXSID70240355 DTXSID20547861 DTXSID90433782 DTXSID30793711 DTXSID00171365 DTXSID60523124 DTXSID60188550 DTXSID50568908 DTXSID00405738 DTXSID30808778 DTXSID20614320 DTXSID50825321 DTXSID60762692 DTXSID40748373
DTXSID6061604	DTXSID50591554 DTXSID50170126 DTXSID10653849 DTXSID20355044 DTXSID00289818 DTXSID50581773 DTXSID40562536 DTXSID10619203 DTXSID30408732 DTXSID80314112 DTXSID90163931 DTXSID60472608 DTXSID70172723 DTXSID0025442 DTXSID20162952 DTXSID70171099 DTXSID50768289 DTXSID00526659 DTXSID80564074 DTXSID20669517
DTXSID00423295	DTXSID10321359 DTXSID40232909 DTXSID90651621 DTXSID40856260 DTXSID40645858 DTXSID20553205 DTXSID70733712 DTXSID80516533 DTXSID30852357 DTXSID90710484 DTXSID70157833 DTXSID20238601 DTXSID60884207 DTXSID80604429 DTXSID0069705 DTXSID60447795 DTXSID20448384 DTXSID10737794 DTXSID20282922 DTXSID70885523
DTXSID80323385	DTXSID30481989 DTXSID60228324 DTXSID40432846 DTXSID60885395 DTXSID30777990 DTXSID80600986 DTXSID40310256 DTXSID00604441 DTXSID90175897 DTXSID00606642 DTXSID10532468 DTXSID90177215 DTXSID90790605 DTXSID30574401 DTXSID30813044 DTXSID10528048 DTXSID20308494 DTXSID80503842 DTXSID20732412 DTXSID90209803
DTXSID70671600	DTXSID70591854 DTXSID50226213 DTXSID50801589 DTXSID30458691 DTXSID90473481 DTXSID10314701 DTXSID00410423 DTXSID40211577 DTXSID20370717 DTXSID30718969 DTXSID70317031 DTXSID1044514 DTXSID40458723 DTXSID30483862 DTXSID30714365 DTXSID60829072 DTXSID60289273 DTXSID70218155 DTXSID60228965 DTXSID30324529
DTXSID90205022	DTXSID70828773 DTXSID00304090 DTXSID20378677 DTXSID80572896 DTXSID90425465 DTXSID00619277 DTXSID90499641 DTXSID90554466 DTXSID10470412 DTXSID60744317 DTXSID70542023 DTXSID30730641 DTXSID70395213 DTXSID30540282 DTXSID90715717 DTXSID60329183 DTXSID30217503 DTXSID80142856 DTXSID10358741 DTXSID10673906
DTXSID80822181	DTXSID40406567 DTXSID40187829 DTXSID00855931 DTXSID50824511 DTXSID70394983 DTXSID50679149 DTXSID30505255 DTXSID50447183 DTXSID90548921 DTXSID00429853 DTXSID00401058 DTXSID00488329 DTXSID80666542 DTXSID90780066 DTXSID70705772 DTXSID90646759 DTXSID40507644 DTXSID50312665 DTXSID60765587 DTXSID70353797
DTXSID80650360	DTXSID70593398 DTXSID40293131 DTXSID10840136 DTXSID20172415 DTXSID10696599 DTXSID20849918 DTXSID10368805 DTXSID30534747 DTXSID20663297 DTXSID20666384 DTXSID10343399 DTXSID50648810 DTXSID40494863 DTXSID90279182 DTXSID50601344 DTXSID30679061 DTXSID10289940 DTXSID90762483 DTXSID60664208 DTXSID50368041
DTXSID70764187	DTXSID20567448 DTXSID80305929 DTXSID80839633 DTXSID10225964 DTXSID70764248 DTXSID50432918 DTXSID70303954 DTXSID40763243 DTXSID70866337 DTXSID40489830 DTXSID80700910 DTXSID80787928 DTXSID40484941 DTXSID00300092 DTXSID20285832 DTXSID80217295 DTXSID40511600 DTXSID20896780 DTXSID60520198 DTXSID90303673
DTXSID60547421	DTXSID90434592 DTXSID30646399 DTXSID60646307 DTXSID80646384 DTXSID50515578 DTXSID50186363 DTXSID90670291 DTXSID00590153 DTXSID20627854 DTXSID90178803 DTXSID10738746 DTXSID50646593 DTXSID10734940 DTXSID00409377 DTXSID10511314 DTXSID00468540 DTXSID10609124 DTXSID70613267 DTXSID00823892 DTXSID80580734
DTXSID20436221	DTXSID00736695 DTXSID80428006 DTXSID90847123 DTXSID60566016 DTXSID80505982 DTXSID00307642 DTXSID60307643 DTXSID50283447 DTXSID90594246 DTXSID60610700 DTXSID40390270 DTXSID40432169 DTXSID60383684 DTXSID20223597 DTXSID50535857 DTXSID10427320 DTXSID70464877 DTXSID10694595 DTXSID10753257 DTXSID80500114
DTXSID00446909	DTXSID80563921 DTXSID00375386 DTXSID70505077 DTXSID80585729 DTXSID40288087 DTXSID40490704 DTXSID7067089 DTXSID60395601 DTXSID80446866 DTXSID70485608 DTXSID30769214 DTXSID40775720 DTXSID10368683 DTXSID30600895 DTXSID10805644 DTXSID10399275 DTXSID80351906 DTXSID80815270 DTXSID00818920 DTXSID20567408
DTXSID30489046	DTXSID10454318 DTXSID80196374 DTXSID60645870 DTXSID90201286 DTXSID90211683 DTXSID50586107 DTXSID10728667 DTXSID50625101 DTXSID80771185 DTXSID10493989 DTXSID70724044 DTXSID20496764 DTXSID70876537 DTXSID80744117 DTXSID10888816 DTXSID90326600 DTXSID90519474 DTXSID20482041 DTXSID20533542 DTXSID90486990
DTXSID50858836	DTXSID00203059 DTXSID70743932 DTXSID50423907 DTXSID10145133 DTXSID4059540 DTXSID50703291 DTXSID80399161 DTXSID70502400 DTXSID60887995 DTXSID70563071 DTXSID30815008 DTXSID20675239 DTXSID50761013 DTXSID6070560 DTXSID50365777 DTXSID90825880 DTXSID80733465 DTXSID60499097 DTXSID10647309 DTXSID90445022
DTXSID50858831	DTXSID20735842 DTXSID00770211 DTXSID20240441 DTXSID00331427 DTXSID80444544 DTXSID60769626 DTXSID80781542 DTXSID90437669 DTXSID80708456 DTXSID80526096 DTXSID90772825 DTXSID50576301 DTXSID10769772 DTXSID80763020 DTXSID70775273 DTXSID80613657 DTXSID50753675 DTXSID3068883 DTXSID50775251 DTXSID50708483
DTXSID50290813	DTXSID70876072 DTXSID30234336 DTXSID50632411 DTXSID90439542 DTXSID40693273 DTXSID70383670 DTXSID90819865 DTXSID60651097 DTXSID40751706 DTXSID90283648 DTXSID60206102 DTXSID4068533 DTXSID70213504 DTXSID20364156 DTXSID30435624 DTXSID40645570 DTXSID70618696 DTXSID00237177 DTXSID10708949 DTXSID60381185
DTXSID40334755	DTXSID10591237 DTXSID60854566 DTXSID00227472 DTXSID40781609 DTXSID40795620 DTXSID90769098 DTXSID00637274 DTXSID60232926 DTXSID50309898 DTXSID50818238 DTXSID10634658 DTXSID80806628 DTXSID20337941 DTXSID10579631 DTXSID90826973 DTXSID20793129 DTXSID70840778 DTXSID60501967 DTXSID40604041 DTXSID10338028
DTXSID80364915	DTXSID30217881 DTXSID60291290 DTXSID30207606 DTXSID70489489 DTXSID10888412 DTXSID60876849 DTXSID70744343 DTXSID20476965 DTXSID10379299 DTXSID70742607 DTXSID00649796 DTXSID70676812 DTXSID30876412 DTXSID70678917 DTXSID20158431 DTXSID70456873 DTXSID70152843 DTXSID90150922 DTXSID40575409 DTXSID40464728
DTXSID80463679	DTXSID00355800 DTXSID70582368 DTXSID30544482 DTXSID40852686 DTXSID70652898 DTXSID20509580 DTXSID90390240 DTXSID70541990 DTXSID60560913 DTXSID40210247 DTXSID70341093 DTXSID90473103 DTXSID70580985 DTXSID6033241 DTXSID40538872 DTXSID80742835 DTXSID80238142 DTXSID10556407 DTXSID30433403 DTXSID00186792
DTXSID50633221	DTXSID00559664 DTXSID20345349 DTXSID30370783 DTXSID8067602 DTXSID70442433 DTXSID90646350 DTXSID10646251 DTXSID90602855 DTXSID40496029 DTXSID50342720 DTXSID40857535 DTXSID30646758 DTXSID40365226 DTXSID50346844 DTXSID30837225 DTXSID50212651 DTXSID80648161 DTXSID70658234 DTXSID00671936 DTXSID20535420
DTXSID40593183	DTXSID90559057 DTXSID40607633 DTXSID70823187 DTXSID50321838 DTXSID70737937 DTXSID30566720 DTXSID70794227 DTXSID10340247 DTXSID70693504 DTXSID20641272 DTXSID80324014 DTXSID60848460 DTXSID20668040 DTXSID20536750 DTXSID50404296 DTXSID10675228 DTXSID20702716 DTXSID10786282 DTXSID80293251 DTXSID80744157
DTXSID20660963	DTXSID40294108 DTXSID50408638 DTXSID9068409 DTXSID80896049 DTXSID80589267 DTXSID20857311 DTXSID90706165 DTXSID9064007 DTXSID10661166 DTXSID30672274 DTXSID50697207 DTXSID30876674 DTXSID90878937 DTXSID50227583 DTXSID00617930 DTXSID40670741 DTXSID40518199 DTXSID60591924 DTXSID30509975 DTXSID80492207
DTXSID60881211	DTXSID60642041 DTXSID60448429 DTXSID10149196 DTXSID60241518 DTXSID70809300 DTXSID70614092 DTXSID70880654 DTXSID80159287 DTXSID00655190 DTXSID80438044 DTXSID50527358 DTXSID20434202 DTXSID30544962 DTXSID90751933 DTXSID00757749 DTXSID50639889 DTXSID00732511 DTXSID50296299 DTXSID30674854 DTXSID30656776
DTXSID70880654	DTXSID60241518 DTXSID20434202 DTXSID30544962 DTXSID10149196 DTXSID60184032 DTXSID80763106 DTXSID60642041 DTXSID60881211 DTXSID00757749 DTXSID50296299 DTXSID80438044 DTXSID40759388 DTXSID90751933 DTXSID70614092 DTXSID60448429 DTXSID50639889 DTXSID70809300 DTXSID50527358 DTXSID00655190 DTXSID30656776
DTXSID40321226	DTXSID00442062 DTXSID40474029 DTXSID40705360 DTXSID00633796 DTXSID30757277 DTXSID40610021 DTXSID30453484 DTXSID70528382 DTXSID20654903 DTXSID70548464 DTXSID10871440 DTXSID60395181 DTXSID90187117 DTXSID40593340 DTXSID80823330 DTXSID50493443 DTXSID30315977 DTXSID50190021 DTXSID70483129 DTXSID10241407
DTXSID70212678	DTXSID40558595 DTXSID30406096 DTXSID10647905 DTXSID30781931 DTXSID90344743 DTXSID80804386 DTXSID70450932 DTXSID90341893 DTXSID80624889 DTXSID80640241 DTXSID50679866 DTXSID90720280 DTXSID30508241 DTXSID20754952 DTXSID10213689 DTXSID10439569 DTXSID80442020 DTXSID90364027 DTXSID80841231 DTXSID60364059
DTXSID10406736	DTXSID90348983 DTXSID30787675 DTXSID90392042 DTXSID70616516 DTXSID80402306 DTXSID90355798 DTXSID20468163 DTXSID40732550 DTXSID50630270 DTXSID10724003 DTXSID40187203 DTXSID80699496 DTXSID30587354 DTXSID20705661 DTXSID5063605 DTXSID80668985 DTXSID80440283 DTXSID30557810 DTXSID40504113 DTXSID00513862
DTXSID70582525	DTXSID60658369 DTXSID50733073 DTXSID20877337 DTXSID50668230 DTXSID90524068 DTXSID30526586 DTXSID2026602 DTXSID40228701 DTXSID10518727 DTXSID60806661 DTXSID80287832 DTXSID00754490 DTXSID2040280 DTXSID50696336 DTXSID60640047 DTXSID70433583 DTXSID10715779 DTXSID10700029 DTXSID90796884 DTXSID20185808
DTXSID70195699	DTXSID90651202 DTXSID80453838 DTXSID20298200 DTXSID80706492 DTXSID30499004 DTXSID80409214 DTXSID30532662 DTXSID90547671 DTXSID20671716 DTXSID10494693 DTXSID80712533 DTXSID60757260 DTXSID50314442 DTXSID10547673 DTXSID60458280 DTXSID00729865 DTXSID10375655 DTXSID50496494 DTXSID00201636 DTXSID60675071
DTXSID40430408	DTXSID70191530 DTXSID80661557 DTXSID10459469 DTXSID30383914 DTXSID10630059 DTXSID00570430 DTXSID40552573 DTXSID40180118 DTXSID70737457 DTXSID80230045 DTXSID30618773 DTXSID50415544 DTXSID10708141 DTXSID90530760 DTXSID50808356 DTXSID50713451 DTXSID20656245 DTXSID70876097 DTXSID70219349 DTXSID80557643
DTXSID30465820	DTXSID10589275 DTXSID60424546 DTXSID70150627 DTXSID70599390 DTXSID40225492 DTXSID00657073 DTXSID80781567 DTXSID40310175 DTXSID00290363 DTXSID30207525 DTXSID30782766 DTXSID00223095 DTXSID80664447 DTXSID10341552 DTXSID20811357 DTXSID00657452 DTXSID20322453 DTXSID90518144 DTXSID60785200 DTXSID20416442
DTXSID70382744	DTXSID9048194 DTXSID60396471 DTXSID60203318 DTXSID30318428 DTXSID10794382 DTXSID1058004 DTXSID50421261 DTXSID8032675 DTXSID90613002 DTXSID80540772 DTXSID40504198 DTXSID00442784 DTXSID90649664 DTXSID40474524 DTXSID80561528 DTXSID70656250 DTXSID30342460 DTXSID10223001 DTXSID70589791 DTXSID40776999
DTXSID80813554	DTXSID00312413 DTXSID90445749 DTXSID70388408 DTXSID40505180 DTXSID50179311 DTXSID30766203 DTXSID10463849 DTXSID30346367 DTXSID50454276 DTXSID70544562 DTXSID70652636 DTXSID20189700 DTXSID80418427 DTXSID30599199 DTXSID60408361 DTXSID30191596 DTXSID80306315 DTXSID50625080 DTXSID80621994 DTXSID80172734
DTXSID10325736	DTXSID20533380 DTXSID20513687 DTXSID70232093 DTXSID80356315 DTXSID30831501 DTXSID30531150 DTXSID30610111 DTXSID40874080 DTXSID20780913 DTXSID00416965 DTXSID70791014 DTXSID00489134 DTXSID40171485 DTXSID40460846 DTXSID30752045 DTXSID00337823 DTXSID50280032 DTXSID50590168 DTXSID10499269 DTXSID50495442
DTXSID60471818	DTXSID10772928 DTXSID10190002 DTXSID60675213 DTXSID00378832 DTXSID00612400 DTXSID30819304 DTXSID30594280 DTXSID80200465 DTXSID6047862 DTXSID30586387 DTXSID20185808 DTXSID00678208 DTXSID90189358 DTXSID10766645 DTXSID70759654 DTXSID90524068 DTXSID50694498 DTXSID90796884 DTXSID00428568 DTXSID00802182
DTXSID50659820	DTXSID00154815 DTXSID70589332 DTXSID50350724 DTXSID90317432 DTXSID30758224 DTXSID20799641 DTXSID50181954 DTXSID80397783 DTXSID20448384 DTXSID80481954 DTXSID20424946 DTXSID30509238 DTXSID90344400 DTXSID40855399 DTXSID20316332 DTXSID70157833 DTXSID70395576 DTXSID80737281 DTXSID30852357 DTXSID20635878
DTXSID70333175	DTXSID60417812 DTXSID20495555 DTXSID30709812 DTXSID20323440 DTXSID50576785 DTXSID80569645 DTXSID80240427 DTXSID10777655 DTXSID00720559 DTXSID10876394 DTXSID70510161 DTXSID40395861 DTXSID40324499 DTXSID70182509 DTXSID90324500 DTXSID10439620 DTXSID40521749 DTXSID20887052 DTXSID20307866 DTXSID40488742
DTXSID90823164	DTXSID40676763 DTXSID60674165 DTXSID50662894 DTXSID20743427 DTXSID10654715 DTXSID40656404 DTXSID50590148 DTXSID40724470 DTXSID30725678 DTXSID40346691 DTXSID10629923 DTXSID10712061 DTXSID7063421 DTXSID30694279 DTXSID10589215 DTXSID30744627 DTXSID80552653 DTXSID80825970 DTXSID20756335 DTXSID10847428
DTXSID70813563	DTXSID70645644 DTXSID40732434 DTXSID30660313 DTXSID00534350 DTXSID30173539 DTXSID20448142 DTXSID60398475 DTXSID70312566 DTXSID40417916 DTXSID70602010 DTXSID90329050 DTXSID30843725 DTXSID70736667 DTXSID90345331 DTXSID60475331 DTXSID30795831 DTXSID30219385 DTXSID90286270 DTXSID50555191 DTXSID70801127
DTXSID80879473	DTXSID70891588 DTXSID40809650 DTXSID10762622 DTXSID10354788 DTXSID20559469 DTXSID00566070 DTXSID90301679 DTXSID90521855 DTXSID60763987 DTXSID80232569 DTXSID80588038 DTXSID90163234 DTXSID60327023 DTXSID20846467 DTXSID40737303 DTXSID10148321 DTXSID20488649 DTXSID90739897 DTXSID80470843 DTXSID20802265
DTXSID40596119	DTXSID90407221 DTXSID10685822 DTXSID60798719 DTXSID40793823 DTXSID50896137 DTXSID60551669 DTXSID60626321 DTXSID50879142 DTXSID50704788 DTXSID6041769 DTXSID80465693 DTXSID80596173 DTXSID70672753 DTXSID60635458 DTXSID70369696 DTXSID30313635 DTXSID70886858 DTXSID80879397 DTXSID00382030 DTXSID20429870
DTXSID70713711	DTXSID50615143 DTXSID10290430 DTXSID80783627 DTXSID10718149 DTXSID40759080 DTXSID40763107 DTXSID30218656 DTXSID20800625 DTXSID20748694 DTXSID2073017 DTXSID70809204 DTXSID70701754 DTXSID90542560 DTXSID40780031 DTXSID20803095 DTXSID60433259 DTXSID20205954 DTXSID50609507 DTXSID30824958 DTXSID20817531
DTXSID20346058	DTXSID50379475 DTXSID30804639 DTXSID70397414 DTXSID50315232 DTXSID50527373 DTXSID70543979 DTXSID20228325 DTXSID60599086 DTXSID20619259 DTXSID30806976 DTXSID4059251 DTXSID90794901 DTXSID80796772 DTXSID30323890 DTXSID30525099 DTXSID60879719 DTXSID70548964 DTXSID20465778 DTXSID30303394 DTXSID50404433
DTXSID80589808	DTXSID20732210 DTXSID1036886 DTXSID10313815 DTXSID8068202 DTXSID20146696 DTXSID70437465 DTXSID40847597 DTXSID30296292 DTXSID00401210 DTXSID30343396 DTXSID50436633 DTXSID50421786 DTXSID30836834 DTXSID30400690 DTXSID10398268 DTXSID50370902 DTXSID00705785 DTXSID00278323 DTXSID60222746 DTXSID80551161
DTXSID50170787	DTXSID20630964 DTXSID90565294 DTXSID20503927 DTXSID90847486 DTXSID90277789 DTXSID50320407 DTXSID00632961 DTXSID80660707 DTXSID70822074 DTXSID70822711 DTXSID90674855 DTXSID80885913 DTXSID10767637 DTXSID50675348 DTXSID90375214 DTXSID10587852 DTXSID20604387 DTXSID80748150 DTXSID90536565 DTXSID80365482
DTXSID50404352	DTXSID60388215 DTXSID80437850 DTXSID1040247 DTXSID20837451 DTXSID50718047 DTXSID40601636 DTXSID70399014 DTXSID80766536 DTXSID20752115 DTXSID20801632 DTXSID1068300 DTXSID80275835 DTXSID1070856 DTXSID40194710 DTXSID50771354 DTXSID90423986 DTXSID70477361 DTXSID70880614 DTXSID80814501 DTXSID6066862
DTXSID90661225	DTXSID80679218 DTXSID10710663 DTXSID70799373 DTXSID10710547 DTXSID40814724 DTXSID60848061 DTXSID40700572 DTXSID70795315 DTXSID80619876 DTXSID40585508 DTXSID50175277 DTXSID00856766 DTXSID60150590 DTXSID10875923 DTXSID80661234 DTXSID80808541 DTXSID00833719 DTXSID00568731 DTXSID80553342 DTXSID30722324
DTXSID9072652	DTXSID80896180 DTXSID10311533 DTXSID10895944 DTXSID50342189 DTXSID20676867 DTXSID00508773 DTXSID60542335 DTXSID10565317 DTXSID40430160 DTXSID50452131 DTXSID40404280 DTXSID10288155 DTXSID50464178 DTXSID30479725 DTXSID80292683 DTXSID70781915 DTXSID60351681 DTXSID20514770 DTXSID60618529 DTXSID00664580
DTXSID00604284	DTXSID50818117 DTXSID80346776 DTXSID40322470 DTXSID00444107 DTXSID70400336 DTXSID60634123 DTXSID10364706 DTXSID30828991 DTXSID90561630 DTXSID30606231 DTXSID80718212 DTXSID9068742 DTXSID50684233 DTXSID90585790 DTXSID60674125 DTXSID60744413 DTXSID00569783 DTXSID70712704 DTXSID90427267 DTXSID00625535
DTXSID30666274	DTXSID40661119 DTXSID50799997 DTXSID40180330 DTXSID80543420 DTXSID1063691 DTXSID30544023 DTXSID30385110 DTXSID60405779 DTXSID30588169 DTXSID30733677 DTXSID90616912 DTXSID40697155 DTXSID70341018 DTXSID00302733 DTXSID80876684 DTXSID10307496 DTXSID20318497 DTXSID50847765 DTXSID20781243 DTXSID60170096
DTXSID70782861	DTXSID40710035 DTXSID60802643 DTXSID90450050 DTXSID00327365 DTXSID10495286 DTXSID70721139 DTXSID40508934 DTXSID60646983 DTXSID10590482 DTXSID70791312 DTXSID40650068 DTXSID80604328 DTXSID50472117 DTXSID90362422 DTXSID30854210 DTXSID70243846 DTXSID10357037 DTXSID10348884 DTXSID20629590 DTXSID90457286
DTXSID60701965	DTXSID50226339 DTXSID8069648 DTXSID70582085 DTXSID10649883 DTXSID30276034 DTXSID40766118 DTXSID20835659 DTXSID90762382 DTXSID50275680 DTXSID70697481 DTXSID10829820 DTXSID40747503 DTXSID90577150 DTXSID90305298 DTXSID4072813 DTXSID80447398 DTXSID70732487 DTXSID70855781 DTXSID3063966 DTXSID4057716
DTXSID80427291	DTXSID70314449 DTXSID10875923 DTXSID90275528 DTXSID80808541 DTXSID80725643 DTXSID50732122 DTXSID70803782 DTXSID30207207 DTXSID10143558 DTXSID90645348 DTXSID90661225 DTXSID30379473 DTXSID70799373 DTXSID60150590 DTXSID80655491 DTXSID00597940 DTXSID90513997 DTXSID30640938 DTXSID50175277 DTXSID60848061
DTXSID80627799	DTXSID00313622 DTXSID0059081 DTXSID60571408 DTXSID50552847 DTXSID10740400 DTXSID60744312 DTXSID80475393 DTXSID00556597 DTXSID50355557 DTXSID60315960 DTXSID00182971 DTXSID00425279 DTXSID70651745 DTXSID00539461 DTXSID20229236 DTXSID80769224 DTXSID40483116 DTXSID40493992 DTXSID20817910 DTXSID00640667
DTXSID20549264	DTXSID80181487 DTXSID50593492 DTXSID10459065 DTXSID10518525 DTXSID80570155 DTXSID20207695 DTXSID30609247 DTXSID30599710 DTXSID80663551 DTXSID70714723 DTXSID40726878 DTXSID80208966 DTXSID50366244 DTXSID00295277 DTXSID20467313 DTXSID40388879 DTXSID90238138 DTXSID40211431 DTXSID30341913 DTXSID40293717
DTXSID70297602	DTXSID00186636 DTXSID50174083 DTXSID00225771 DTXSID40298348 DTXSID90590243 DTXSID50600332 DTXSID90152446 DTXSID60716493 DTXSID80448244 DTXSID10482636 DTXSID60174711 DTXSID50313056 DTXSID10808953 DTXSID90556965 DTXSID70877089 DTXSID00346738 DTXSID40708275 DTXSID90477409 DTXSID30805747 DTXSID50728005
DTXSID20299055	DTXSID90743631 DTXSID70621488 DTXSID70673129 DTXSID30294495 DTXSID2058122 DTXSID70283000 DTXSID10294857 DTXSID20312091 DTXSID80781800 DTXSID90463827 DTXSID60289112 DTXSID20421218 DTXSID20211873 DTXSID80453999 DTXSID30346908 DTXSID00160890 DTXSID80579724 DTXSID20159786 DTXSID40760095 DTXSID0042298
DTXSID20295613	DTXSID80673756 DTXSID00478189 DTXSID80809139 DTXSID70359411 DTXSID40226601 DTXSID80174834 DTXSID00333421 DTXSID70751774 DTXSID60239672 DTXSID70522562 DTXSID00428720 DTXSID00162036 DTXSID6044773 DTXSID00145324 DTXSID60778778 DTXSID30342248 DTXSID90543810 DTXSID50604052 DTXSID30322383 DTXSID30304306
DTXSID50603368	DTXSID20354870 DTXSID50494753 DTXSID50520142 DTXSID10349472 DTXSID70561092 DTXSID1061998 DTXSID60434766 DTXSID00555646 DTXSID70226290 DTXSID90203604 DTXSID10797277 DTXSID40797886 DTXSID80323562 DTXSID80588013 DTXSID10696150 DTXSID90585376 DTXSID90358244 DTXSID50322305 DTXSID80296106 DTXSID90429206
DTXSID70176266	DTXSID90662833 DTXSID50848994 DTXSID90817745 DTXSID00405117 DTXSID10496814 DTXSID60734213 DTXSID00568670 DTXSID00748874 DTXSID80211571 DTXSID00293935 DTXSID70399418 DTXSID70471445 DTXSID70425569 DTXSID50303033 DTXSID80238243 DTXSID10478690 DTXSID70821062 DTXSID40632283 DTXSID00472203 DTXSID7057787
DTXSID90605508	DTXSID60467599 DTXSID40652067 DTXSID60175162 DTXSID20857154 DTXSID50274133 DTXSID3068592 DTXSID70651068 DTXSID80437991 DTXSID10343637 DTXSID00663871 DTXSID40856366 DTXSID30772364 DTXSID50590188 DTXSID60500859 DTXSID20324518 DTXSID00376691 DTXSID20348830 DTXSID40832084 DTXSID60471338 DTXSID40415917
DTXSID60640668	DTXSID30444372 DTXSID70857629 DTXSID90497142 DTXSID10618170 DTXSID20573165 DTXSID50625161 DTXSID80169381 DTXSID90621804 DTXSID50588202 DTXSID10619203 DTXSID50627165 DTXSID00375361 DTXSID90330949 DTXSID00653257 DTXSID10478731 DTXSID70566047 DTXSID70731571 DTXSID00482887 DTXSID20355044 DTXSID60358791
DTXSID50738063	DTXSID70505355 DTXSID50605327 DTXSID20278103 DTXSID70579435 DTXSID90513917 DTXSID00590557 DTXSID20364550 DTXSID80763489 DTXSID00876525 DTXSID50576684 DTXSID00813839 DTXSID80790533 DTXSID50538186 DTXSID70629186 DTXSID60830143 DTXSID50217681 DTXSID3058371 DTXSID60310778 DTXSID00606627 DTXSID8070542
DTXSID40786952	DTXSID40340250 DTXSID50602699 DTXSID90238173 DTXSID10876652 DTXSID00576694 DTXSID10672419 DTXSID60172090 DTXSID20612189 DTXSID10558300 DTXSID40174976 DTXSID70296791 DTXSID10455688 DTXSID80456122 DTXSID70186380 DTXSID40415351 DTXSID20578493 DTXSID70579652 DTXSID10711913 DTXSID60648740 DTXSID10820953
DTXSID20146696	DTXSID30836834 DTXSID40847597 DTXSID30585375 DTXSID30579375 DTXSID80589808 DTXSID30760367 DTXSID50436633 DTXSID10727837 DTXSID00278323 DTXSID50370902 DTXSID20732210 DTXSID10316184 DTXSID30296292 DTXSID1036886 DTXSID30343396 DTXSID00705785 DTXSID8068202 DTXSID00401210 DTXSID50421786 DTXSID90407241
DTXSID60742575	DTXSID70202817 DTXSID40343822 DTXSID20290961 DTXSID60849235 DTXSID0051318 DTXSID40453379 DTXSID10546803 DTXSID1063512 DTXSID40442061 DTXSID60486225 DTXSID70165099 DTXSID10366361 DTXSID50520026 DTXSID50399335 DTXSID90738966 DTXSID3059268 DTXSID80782413 DTXSID60285093 DTXSID10439589 DTXSID10405921
DTXSID00494304	DTXSID00732157 DTXSID80466281 DTXSID50587654 DTXSID60847019 DTXSID40700032 DTXSID10277564 DTXSID50851009 DTXSID20173846 DTXSID50757779 DTXSID80765726 DTXSID20280680 DTXSID40815115 DTXSID20708556 DTXSID8070542 DTXSID10667643 DTXSID20323662 DTXSID40809372 DTXSID00240863 DTXSID10804531 DTXSID70243806
DTXSID10289445	DTXSID10599536 DTXSID20183001 DTXSID70539892 DTXSID40535245 DTXSID60508234 DTXSID70283828 DTXSID60703924 DTXSID10845207 DTXSID6040371 DTXSID80187787 DTXSID00567820 DTXSID90235405 DTXSID30616294 DTXSID00768097 DTXSID40230809 DTXSID20453352 DTXSID80199264 DTXSID90354903 DTXSID80408227 DTXSID40752753
DTXSID20445318	DTXSID90734423 DTXSID20566037 DTXSID60182598 DTXSID60390070 DTXSID30420691 DTXSID00434109 DTXSID80443794 DTXSID90731876 DTXSID50810611 DTXSID20581402 DTXSID90475203 DTXSID80309280 DTXSID90443725 DTXSID90182445 DTXSID20161445 DTXSID50368783 DTXSID80675952 DTXSID7044506 DTXSID60239536 DTXSID50660118
DTXSID00503940	DTXSID20776795 DTXSID10352183 DTXSID10708141 DTXSID30618773 DTXSID80180798 DTXSID40181286 DTXSID10743870 DTXSID30855843 DTXSID50381154 DTXSID80661557 DTXSID50623586 DTXSID40552573 DTXSID80657213 DTXSID70584923 DTXSID20680621 DTXSID30170023 DTXSID70876097 DTXSID50420133 DTXSID1071743 DTXSID60532291
DTXSID60674281	DTXSID40482043 DTXSID10365975 DTXSID00631772 DTXSID1065899 DTXSID80380034 DTXSID00704314 DTXSID40287797 DTXSID10710163 DTXSID80642068 DTXSID10342625 DTXSID00453198 DTXSID00464704 DTXSID40191269 DTXSID00802263 DTXSID20351187 DTXSID30879726 DTXSID80711127 DTXSID30624051 DTXSID70484191 DTXSID00421630
DTXSID20448142	DTXSID90329050 DTXSID70312566 DTXSID30219385 DTXSID30843725 DTXSID40732434 DTXSID70736667 DTXSID70813563 DTXSID30173539 DTXSID70602010 DTXSID10772064 DTXSID00534350 DTXSID20493056 DTXSID30660313 DTXSID50367973 DTXSID50618790 DTXSID70645644 DTXSID10511778 DTXSID40750774 DTXSID90345331 DTXSID60278708
DTXSID20462242	DTXSID90474150 DTXSID70674474 DTXSID1072260 DTXSID10720242 DTXSID60729821 DTXSID90379454 DTXSID10440756 DTXSID80451430 DTXSID20300817 DTXSID50310222 DTXSID80724631 DTXSID20442145 DTXSID70791059 DTXSID10182583 DTXSID40423173 DTXSID30645342 DTXSID20723749 DTXSID40297356 DTXSID30389739 DTXSID50638155
DTXSID30599710	DTXSID30609247 DTXSID30209468 DTXSID20549264 DTXSID00295277 DTXSID80181487 DTXSID30341913 DTXSID80208966 DTXSID50593492 DTXSID40211431 DTXSID90374489 DTXSID30592241 DTXSID30787998 DTXSID50446232 DTXSID90238138 DTXSID50366244 DTXSID10360203 DTXSID10459065 DTXSID40507301 DTXSID40726878 DTXSID90288178
DTXSID30876518	DTXSID20559702 DTXSID80378714 DTXSID50841824 DTXSID40243454 DTXSID00721061 DTXSID70337219 DTXSID90379459 DTXSID40632283 DTXSID10700589 DTXSID20185540 DTXSID60757684 DTXSID50218754 DTXSID70733717 DTXSID80238243 DTXSID40787722 DTXSID10472875 DTXSID90680572 DTXSID70693443 DTXSID60576312 DTXSID70191611
DTXSID90729455	DTXSID30627547 DTXSID70276876 DTXSID20876002 DTXSID60634486 DTXSID20277616 DTXSID90645585 DTXSID70434515 DTXSID30402412 DTXSID30176388 DTXSID30362789 DTXSID70858136 DTXSID50580049 DTXSID60308998 DTXSID40677391 DTXSID50560684 DTXSID90397557 DTXSID40523006 DTXSID30157839 DTXSID50382641 DTXSID60739006
DTXSID20677798	DTXSID10726481 DTXSID80404406 DTXSID30676873 DTXSID20655894 DTXSID10435248 DTXSID40538554 DTXSID60583001 DTXSID30671207 DTXSID20646787 DTXSID20879053 DTXSID00199842 DTXSID40629911 DTXSID50670919 DTXSID80528156 DTXSID00701106 DTXSID50546887 DTXSID50175959 DTXSID50206878 DTXSID90156823 DTXSID10508668
DTXSID80742456	DTXSID50816739 DTXSID90445481 DTXSID90796788 DTXSID60795081 DTXSID40816743 DTXSID20790537 DTXSID00632966 DTXSID60816720 DTXSID00809999 DTXSID10577450 DTXSID00161882 DTXSID30865700 DTXSID30816737 DTXSID70709896 DTXSID60797944 DTXSID20536553 DTXSID10770565 DTXSID60149080 DTXSID60746876 DTXSID50811567
DTXSID20696949	DTXSID20896169 DTXSID80657339 DTXSID60725005 DTXSID90182107 DTXSID50709137 DTXSID80385786 DTXSID60236000 DTXSID70526803 DTXSID80874261 DTXSID20467757 DTXSID20198655 DTXSID80206088 DTXSID20226240 DTXSID20337542 DTXSID00680048 DTXSID30676414 DTXSID20707605 DTXSID40656964 DTXSID90459821 DTXSID10403003
DTXSID30279565	DTXSID80727804 DTXSID40508893 DTXSID20299454 DTXSID90438530 DTXSID40781189 DTXSID60319443 DTXSID20345788 DTXSID90669140 DTXSID30627002 DTXSID20352715 DTXSID70579192 DTXSID10668938 DTXSID00710011 DTXSID00383582 DTXSID20576136 DTXSID50602750 DTXSID00393727 DTXSID80371649 DTXSID70148105 DTXSID10668655
DTXSID50454695	DTXSID10515256 DTXSID80611310 DTXSID50650796 DTXSID40625731 DTXSID90805965 DTXSID20566476 DTXSID50552024 DTXSID80480689 DTXSID00154719 DTXSID50282854 DTXSID20481190 DTXSID80699370 DTXSID40822687 DTXSID20453519 DTXSID70342626 DTXSID30392965 DTXSID80364490 DTXSID10617229 DTXSID80856784 DTXSID80640322
DTXSID40488742	DTXSID10240733 DTXSID10421101 DTXSID20323440 DTXSID90448755 DTXSID60496400 DTXSID60522556 DTXSID30456915 DTXSID20887052 DTXSID30596148 DTXSID90801861 DTXSID00621052 DTXSID90693223 DTXSID70651442 DTXSID90602370 DTXSID30709812 DTXSID70333175 DTXSID20495555 DTXSID50448771 DTXSID00385925 DTXSID70346129
DTXSID70241625	DTXSID00444344 DTXSID50709910 DTXSID40462249 DTXSID30567075 DTXSID70559191 DTXSID50354681 DTXSID80543061 DTXSID50621249 DTXSID50728005 DTXSID50527777 DTXSID20476162 DTXSID00452565 DTXSID50188302 DTXSID70359395 DTXSID80502759 DTXSID10518101 DTXSID20509883 DTXSID00523683 DTXSID30805747 DTXSID90145474
DTXSID30558746	DTXSID40238805 DTXSID40546452 DTXSID80799980 DTXSID40821998 DTXSID90585831 DTXSID70317677 DTXSID10608990 DTXSID10844876 DTXSID10391810 DTXSID70223906 DTXSID00284505 DTXSID80322656 DTXSID40286048 DTXSID90281846 DTXSID90524487 DTXSID50542425 DTXSID90877561 DTXSID90707511 DTXSID30466877 DTXSID90473840
DTXSID40319289	DTXSID80637939 DTXSID10551290 DTXSID00601031 DTXSID20286440 DTXSID70350342 DTXSID20780433 DTXSID60446788 DTXSID90152845 DTXSID7070769 DTXSID10377159 DTXSID00551289 DTXSID60896067 DTXSID40615596 DTXSID50400490 DTXSID10763412 DTXSID40743606 DTXSID90732424 DTXSID30664371 DTXSID30179672 DTXSID30226478
DTXSID80392859	DTXSID40511105 DTXSID50561439 DTXSID30402356 DTXSID70733212 DTXSID20569260 DTXSID20464706 DTXSID30628054 DTXSID70551236 DTXSID00338097 DTXSID80743286 DTXSID60876905 DTXSID10160907 DTXSID70291822 DTXSID40640606 DTXSID70503573 DTXSID00357142 DTXSID80696420 DTXSID40504178 DTXSID20492625 DTXSID40667575
DTXSID40641173	DTXSID60569385 DTXSID30811328 DTXSID90788047 DTXSID00366178 DTXSID50734909 DTXSID00655514 DTXSID50677665 DTXSID70598444 DTXSID10604513 DTXSID90501531 DTXSID70626953 DTXSID20468406 DTXSID40324499 DTXSID90167257 DTXSID40724556 DTXSID90604692 DTXSID00836962 DTXSID60649136 DTXSID90874217 DTXSID40521749
DTXSID50478058	DTXSID40530331 DTXSID80723765 DTXSID50468535 DTXSID20739168 DTXSID50491545 DTXSID70236692 DTXSID20409415 DTXSID90501470 DTXSID10361270 DTXSID10167254 DTXSID20600723 DTXSID30615328 DTXSID20170274 DTXSID50342886 DTXSID00285491 DTXSID20243255 DTXSID60792898 DTXSID60415939 DTXSID60609316 DTXSID80310179
DTXSID80241196	DTXSID40652860 DTXSID30615747 DTXSID90707354 DTXSID9072286 DTXSID80383383 DTXSID20831095 DTXSID70180323 DTXSID50701292 DTXSID90703659 DTXSID90405863 DTXSID30606195 DTXSID90366162 DTXSID40143824 DTXSID70290799 DTXSID20372397 DTXSID20815698 DTXSID30180309 DTXSID80458641 DTXSID30275143 DTXSID40312593
DTXSID60844886	DTXSID90657047 DTXSID80336576 DTXSID50844996 DTXSID40834083 DTXSID10165937 DTXSID80648242 DTXSID60590538 DTXSID40790731 DTXSID60527743 DTXSID60377861 DTXSID90418019 DTXSID60676942 DTXSID80694441 DTXSID40642064 DTXSID00209354 DTXSID10804531 DTXSID60381564 DTXSID20639957 DTXSID70554121 DTXSID70531472
DTXSID00154719	DTXSID20290527 DTXSID50458315 DTXSID10659745 DTXSID20481190 DTXSID30392965 DTXSID50454695 DTXSID80699370 DTXSID10617229 DTXSID80364490 DTXSID00734893 DTXSID90805965 DTXSID90316182 DTXSID80640322 DTXSID70444013 DTXSID80611310 DTXSID80480689 DTXSID50650796 DTXSID40625731 DTXSID80856784 DTXSID10515256
DTXSID50167293	DTXSID60469614 DTXSID10557257 DTXSID90403440 DTXSID80563209 DTXSID60442068 DTXSID30646551 DTXSID10705852 DTXSID80627158 DTXSID40493270 DTXSID00739141 DTXSID00857591 DTXSID80356057 DTXSID40390270 DTXSID30725810 DTXSID10694595 DTXSID70350302 DTXSID50283447 DTXSID30620215 DTXSID30646571 DTXSID90406719
DTXSID40296925	DTXSID80598596 DTXSID30756543 DTXSID80756058 DTXSID00661216 DTXSID40876847 DTXSID80294248 DTXSID80822580 DTXSID10371692 DTXSID10282456 DTXSID50761255 DTXSID50433142 DTXSID20595206 DTXSID60145840 DTXSID10325094 DTXSID50804050 DTXSID20144394 DTXSID10547299 DTXSID40414687 DTXSID9021712 DTXSID60834222
DTXSID30572083	DTXSID00488824 DTXSID10609765 DTXSID20216666 DTXSID30313695 DTXSID30515874 DTXSID30173276 DTXSID90193915 DTXSID70494230 DTXSID60765587 DTXSID10626018 DTXSID10361513 DTXSID80224782 DTXSID40507644 DTXSID50312665 DTXSID60388210 DTXSID00524776 DTXSID70512266 DTXSID10528381 DTXSID50392285 DTXSID80192573
DTXSID10322826	DTXSID30615146 DTXSID30307135 DTXSID40869951 DTXSID20558952 DTXSID10224790 DTXSID40706170 DTXSID80756710 DTXSID30844232 DTXSID10852012 DTXSID60749867 DTXSID80185869 DTXSID00787248 DTXSID20776896 DTXSID00764377 DTXSID60789344 DTXSID10279164 DTXSID60832940 DTXSID20675951 DTXSID20802604 DTXSID70322827
DTXSID40677331	DTXSID00649599 DTXSID30235823 DTXSID90778569 DTXSID70717870 DTXSID0070784 DTXSID70888756 DTXSID70592149 DTXSID90328740 DTXSID90808911 DTXSID9044293 DTXSID50731357 DTXSID70396402 DTXSID90572428 DTXSID00596397 DTXSID90217423 DTXSID90330222 DTXSID10700887 DTXSID80323547 DTXSID00292362 DTXSID90821201
DTXSID20323440	DTXSID20887052 DTXSID40488742 DTXSID90801861 DTXSID60417812 DTXSID70333175 DTXSID10876394 DTXSID20495555 DTXSID70510161 DTXSID90602370 DTXSID10240733 DTXSID10777655 DTXSID40672402 DTXSID60496400 DTXSID90666356 DTXSID90448755 DTXSID30709812 DTXSID10421101 DTXSID80240427 DTXSID30596148 DTXSID00720559
DTXSID70236692	DTXSID50342886 DTXSID80723765 DTXSID20409415 DTXSID10555314 DTXSID10634416 DTXSID00285491 DTXSID50478058 DTXSID50468535 DTXSID70282073 DTXSID40530331 DTXSID20595640 DTXSID90232353 DTXSID10321879 DTXSID50491545 DTXSID40546790 DTXSID20322579 DTXSID60609316 DTXSID20243255 DTXSID20892085 DTXSID30615328
DTXSID20339268	DTXSID00448923 DTXSID80485139 DTXSID5059296 DTXSID90825244 DTXSID00338097 DTXSID70551236 DTXSID40667575 DTXSID20492625 DTXSID80468881 DTXSID60876905 DTXSID30628054 DTXSID20464706 DTXSID90474074 DTXSID00543245 DTXSID50221364 DTXSID40694346 DTXSID20656109 DTXSID70503573 DTXSID20728537 DTXSID90738966
DTXSID30525231	DTXSID40791748 DTXSID60481437 DTXSID80450948 DTXSID10510948 DTXSID30346509 DTXSID20495494 DTXSID00551027 DTXSID90464854 DTXSID10198806 DTXSID4062519 DTXSID80552279 DTXSID10472219 DTXSID40534915 DTXSID30524340 DTXSID90433782 DTXSID70449765 DTXSID00814942 DTXSID10627181 DTXSID60625556 DTXSID30639589
DTXSID30813044	DTXSID80503842 DTXSID10528048 DTXSID30209347 DTXSID60885395 DTXSID80671277 DTXSID30777990 DTXSID20596874 DTXSID60182518 DTXSID90177215 DTXSID50828574 DTXSID80323385 DTXSID10732143 DTXSID60228324 DTXSID40676425 DTXSID80600986 DTXSID00604441 DTXSID90720684 DTXSID30481989 DTXSID60667577 DTXSID60790354
DTXSID20808909	DTXSID40338899 DTXSID60732693 DTXSID50704849 DTXSID90535912 DTXSID50424015 DTXSID60391663 DTXSID30455463 DTXSID10617880 DTXSID10601885 DTXSID10814993 DTXSID20315027 DTXSID50485202 DTXSID10212475 DTXSID90394783 DTXSID50521331 DTXSID7047015 DTXSID90534566 DTXSID20587585 DTXSID80784316 DTXSID80763666
DTXSID70655440	DTXSID40464728 DTXSID70676812 DTXSID80536458 DTXSID20812723 DTXSID20596511 DTXSID20158431 DTXSID80173943 DTXSID70502324 DTXSID60876849 DTXSID10888412 DTXSID30185571 DTXSID1020770 DTXSID20476965 DTXSID90767615 DTXSID40876064 DTXSID00408603 DTXSID80364915 DTXSID30217881 DTXSID30207606 DTXSID70489489
DTXSID90667267	DTXSID00876505 DTXSID70184189 DTXSID60479238 DTXSID70592240 DTXSID60589583 DTXSID40855379 DTXSID50564682 DTXSID60704577 DTXSID00822466 DTXSID40606782 DTXSID80325723 DTXSID20489156 DTXSID40298565 DTXSID90596124 DTXSID30810715 DTXSID70645886 DTXSID20787826 DTXSID10641428 DTXSID30671565 DTXSID60642223
DTXSID30451763	DTXSID10824299 DTXSID40427974 DTXSID00298647 DTXSID30489122 DTXSID20579586 DTXSID10640512 DTXSID90338980 DTXSID90346101 DTXSID40595829 DTXSID00651450 DTXSID40405939 DTXSID70478419 DTXSID40722618 DTXSID50482458 DTXSID60451392 DTXSID70573993 DTXSID90426058 DTXSID80708355 DTXSID30578828 DTXSID40514434
DTXSID20677995	DTXSID10344528 DTXSID30303157 DTXSID40658504 DTXSID20238166 DTXSID70477588 DTXSID40345927 DTXSID70337855 DTXSID60436442 DTXSID60739460 DTXSID80375586 DTXSID10398581 DTXSID60535000 DTXSID60175440 DTXSID70530864 DTXSID00825275 DTXSID30378209 DTXSID50473568 DTXSID80597261 DTXSID90640611 DTXSID80465552
DTXSID8070128	DTXSID00892301 DTXSID00710076 DTXSID70805761 DTXSID30714603 DTXSID00884246 DTXSID3042003 DTXSID3026564 DTXSID40770194 DTXSID60460363 DTXSID60300730 DTXSID30300722 DTXSID80893735 DTXSID9051741 DTXSID40659197 DTXSID00618164 DTXSID40880888 DTXSID90883243 DTXSID60276426 DTXSID30336900 DTXSID50775332
DTXSID50749917	DTXSID40341904 DTXSID60614763 DTXSID90562627 DTXSID20308030 DTXSID60797262 DTXSID90864779 DTXSID9047095 DTXSID90801907 DTXSID70734148 DTXSID60337187 DTXSID40186832 DTXSID70538027 DTXSID40567809 DTXSID00465357 DTXSID40588251 DTXSID80590055 DTXSID70568940 DTXSID70642537 DTXSID90736028 DTXSID80161820
DTXSID70299606	DTXSID90502841 DTXSID60876142 DTXSID50388749 DTXSID80753441 DTXSID70288277 DTXSID00179881 DTXSID00653050 DTXSID00710657 DTXSID90178368 DTXSID3068126 DTXSID10432691 DTXSID40836047 DTXSID40454326 DTXSID40729783 DTXSID10597653 DTXSID70589478 DTXSID40695111 DTXSID50640374 DTXSID60374335 DTXSID40276348
DTXSID60240940	DTXSID60790692 DTXSID40840048 DTXSID50711134 DTXSID40662929 DTXSID90837201 DTXSID90711875 DTXSID40144795 DTXSID90148864 DTXSID60815738 DTXSID30330387 DTXSID90809145 DTXSID40887211 DTXSID10177015 DTXSID90440214 DTXSID0073110 DTXSID30867401 DTXSID20172399 DTXSID80658548 DTXSID70517256 DTXSID00454781
DTXSID40550190	DTXSID00489694 DTXSID00716235 DTXSID60527743 DTXSID40791662 DTXSID70226876 DTXSID70509818 DTXSID70554121 DTXSID30287165 DTXSID10497361 DTXSID80648242 DTXSID40399561 DTXSID50181631 DTXSID60818047 DTXSID20723880 DTXSID20379280 DTXSID50855769 DTXSID50844996 DTXSID60377861 DTXSID40642428 DTXSID50705750
DTXSID80757020	DTXSID70876532 DTXSID1059151 DTXSID40554138 DTXSID10837920 DTXSID50832292 DTXSID20876901 DTXSID90548663 DTXSID90719154 DTXSID90290716 DTXSID60831579 DTXSID00412780 DTXSID80787403 DTXSID10544364 DTXSID00775105 DTXSID70525891 DTXSID80813559 DTXSID80342814 DTXSID80661118 DTXSID10806994 DTXSID60146276
DTXSID10585474	DTXSID90640535 DTXSID20618883 DTXSID10160907 DTXSID40511105 DTXSID70700803 DTXSID20464706 DTXSID50399335 DTXSID70733212 DTXSID60876905 DTXSID50561439 DTXSID80392859 DTXSID30402356 DTXSID40173409 DTXSID60486225 DTXSID30150880 DTXSID00338097 DTXSID10724700 DTXSID70551236 DTXSID90738966 DTXSID40667575
DTXSID30324529	DTXSID30527250 DTXSID30626050 DTXSID90473481 DTXSID00213411 DTXSID30222197 DTXSID30718969 DTXSID40211577 DTXSID10314701 DTXSID40458723 DTXSID40544115 DTXSID30614275 DTXSID70671600 DTXSID10505753 DTXSID40199265 DTXSID50716907 DTXSID60790354 DTXSID20344438 DTXSID80554975 DTXSID70591854 DTXSID20400745
DTXSID60578412	DTXSID80516730 DTXSID80732155 DTXSID90319299 DTXSID40517460 DTXSID80304336 DTXSID40478209 DTXSID50669924 DTXSID80356057 DTXSID30620215 DTXSID80700192 DTXSID80627158 DTXSID50837444 DTXSID00646629 DTXSID80733081 DTXSID10653127 DTXSID90406719 DTXSID70578549 DTXSID90694957 DTXSID60561849 DTXSID80475919
DTXSID00620020	DTXSID80590055 DTXSID70538027 DTXSID00175141 DTXSID60172398 DTXSID20308030 DTXSID90736028 DTXSID90562627 DTXSID40365145 DTXSID20539948 DTXSID40588251 DTXSID60614763 DTXSID20327483 DTXSID70734148 DTXSID40351780 DTXSID40507301 DTXSID30562621 DTXSID30787998 DTXSID20578554 DTXSID70642537 DTXSID40567809
DTXSID30638436	DTXSID40211794 DTXSID90714886 DTXSID50722124 DTXSID30704064 DTXSID40616169 DTXSID70670234 DTXSID60283579 DTXSID40397845 DTXSID70849943 DTXSID10658374 DTXSID60795809 DTXSID00281357 DTXSID90177598 DTXSID20765467 DTXSID80345805 DTXSID40632869 DTXSID30474452 DTXSID50377476 DTXSID60812404 DTXSID50304964
DTXSID30679061	DTXSID10289940 DTXSID60664208 DTXSID8029072 DTXSID30534747 DTXSID10368805 DTXSID90218415 DTXSID20666384 DTXSID50601344 DTXSID40293131 DTXSID50368041 DTXSID80650360 DTXSID10343399 DTXSID80451172 DTXSID10840136 DTXSID20663297 DTXSID00429272 DTXSID70730968 DTXSID70593398 DTXSID20172415 DTXSID10696599
DTXSID50217121	DTXSID50561575 DTXSID50664858 DTXSID40804983 DTXSID50561257 DTXSID40733941 DTXSID00592430 DTXSID50198623 DTXSID20595206 DTXSID40767105 DTXSID10547299 DTXSID70610372 DTXSID90479640 DTXSID20144394 DTXSID40147746 DTXSID70528064 DTXSID40392491 DTXSID10371692 DTXSID30788844 DTXSID50313596 DTXSID30468098
DTXSID80771185	DTXSID90326600 DTXSID60645870 DTXSID80744117 DTXSID20496764 DTXSID1068229 DTXSID80338176 DTXSID90486990 DTXSID30489046 DTXSID20533542 DTXSID50625101 DTXSID60671492 DTXSID60813077 DTXSID70876537 DTXSID80196374 DTXSID70724044 DTXSID40504491 DTXSID10454318 DTXSID00725605 DTXSID90201286 DTXSID70664895
DTXSID60542496	DTXSID20173629 DTXSID2068137 DTXSID60875736 DTXSID20700217 DTXSID30291308 DTXSID90513997 DTXSID80655491 DTXSID90178202 DTXSID00537482 DTXSID00597940 DTXSID10143558 DTXSID70477482 DTXSID70803782 DTXSID10310521 DTXSID60768134 DTXSID20883357 DTXSID40674724 DTXSID40288860 DTXSID30379473 DTXSID00604345
DTXSID70495707	DTXSID30708643 DTXSID80664785 DTXSID90780066 DTXSID70826658 DTXSID30505255 DTXSID10528381 DTXSID50312665 DTXSID70494230 DTXSID10366846 DTXSID70705772 DTXSID20401419 DTXSID70649283 DTXSID50368506 DTXSID40655230 DTXSID40406567 DTXSID80192573 DTXSID40311142 DTXSID90646759 DTXSID50392285 DTXSID20642128
DTXSID60277670	DTXSID80179102 DTXSID70179095 DTXSID50632214 DTXSID00560770 DTXSID90365271 DTXSID60834747 DTXSID60169208 DTXSID20680227 DTXSID10297585 DTXSID20733065 DTXSID20368654 DTXSID80169503 DTXSID40455419 DTXSID20167826 DTXSID70709538 DTXSID00635194 DTXSID60654826 DTXSID80423814 DTXSID70405947 DTXSID10442659
DTXSID20180252	DTXSID20371406 DTXSID30453025 DTXSID10482131 DTXSID80191703 DTXSID00461157 DTXSID40408041 DTXSID00279294 DTXSID30628892 DTXSID20610786 DTXSID80627991 DTXSID90354120 DTXSID00651511 DTXSID90365938 DTXSID70749176 DTXSID70711898 DTXSID30178327 DTXSID50175959 DTXSID80646465 DTXSID80729308 DTXSID40321322
DTXSID00145566	DTXSID90169897 DTXSID90708543 DTXSID80346397 DTXSID50840074 DTXSID20646944 DTXSID3037543 DTXSID10223061 DTXSID20300817 DTXSID30225941 DTXSID10295283 DTXSID60447351 DTXSID90875986 DTXSID10718306 DTXSID10452258 DTXSID70412616 DTXSID30186765 DTXSID70317233 DTXSID30203209 DTXSID50760081 DTXSID40883091
DTXSID20409415	DTXSID70282073 DTXSID50342886 DTXSID70236692 DTXSID50478058 DTXSID10167254 DTXSID10634416 DTXSID80723765 DTXSID20892085 DTXSID50468535 DTXSID00285491 DTXSID50491545 DTXSID30369516 DTXSID00188155 DTXSID10555314 DTXSID40530331 DTXSID20739168 DTXSID60381185 DTXSID90232353 DTXSID80310179 DTXSID70774685
DTXSID90474150	DTXSID20462242 DTXSID10440756 DTXSID80724631 DTXSID60729821 DTXSID70674474 DTXSID20300817 DTXSID80451430 DTXSID10182583 DTXSID1072260 DTXSID40423173 DTXSID50310222 DTXSID20723749 DTXSID10720242 DTXSID90379454 DTXSID20442145 DTXSID30645342 DTXSID30186765 DTXSID10571610 DTXSID70736561 DTXSID50638155
DTXSID70589332	DTXSID50659820 DTXSID30758224 DTXSID90317432 DTXSID50181954 DTXSID00154815 DTXSID20448384 DTXSID70157833 DTXSID40855399 DTXSID30509238 DTXSID30852357 DTXSID80397783 DTXSID20799641 DTXSID50350724 DTXSID70453488 DTXSID90344400 DTXSID20424946 DTXSID80481954 DTXSID00829036 DTXSID20635878 DTXSID20316332
DTXSID80626202	DTXSID20438164 DTXSID50401109 DTXSID60618160 DTXSID90375774 DTXSID40452741 DTXSID80214082 DTXSID10607786 DTXSID20217613 DTXSID00469355 DTXSID00276783 DTXSID90622492 DTXSID90556708 DTXSID50818157 DTXSID60427855 DTXSID8041323 DTXSID40698844 DTXSID00174816 DTXSID00676663 DTXSID90462572 DTXSID60828121
DTXSID20732412	DTXSID00606642 DTXSID10532468 DTXSID40310256 DTXSID60790258 DTXSID40745100 DTXSID60424420 DTXSID80734013 DTXSID80600986 DTXSID90209803 DTXSID20517180 DTXSID80713888 DTXSID00510836 DTXSID80323385 DTXSID30777990 DTXSID90790605 DTXSID40738597 DTXSID00604441 DTXSID30149274 DTXSID60558138 DTXSID70281485
DTXSID3042003	DTXSID3026564 DTXSID40880888 DTXSID60300730 DTXSID9051741 DTXSID60460363 DTXSID8070128 DTXSID00710076 DTXSID00892301 DTXSID50775332 DTXSID00597728 DTXSID30300722 DTXSID80887654 DTXSID90883243 DTXSID00618164 DTXSID7070478 DTXSID70805761 DTXSID80893735 DTXSID60598519 DTXSID50823948 DTXSID10805583
DTXSID80657339	DTXSID90182107 DTXSID80385786 DTXSID20696949 DTXSID20896169 DTXSID20226240 DTXSID20707605 DTXSID80206088 DTXSID20467757 DTXSID10403003 DTXSID50709137 DTXSID60725005 DTXSID20198655 DTXSID50700765 DTXSID90459821 DTXSID40656964 DTXSID70876815 DTXSID80555467 DTXSID10208878 DTXSID00216604 DTXSID40161482
DTXSID40734817	DTXSID00708135 DTXSID60460489 DTXSID80532359 DTXSID90796667 DTXSID50627443 DTXSID20565449 DTXSID90492910 DTXSID40481814 DTXSID30671323 DTXSID2071025 DTXSID10649722 DTXSID0075106 DTXSID60754572 DTXSID90573096 DTXSID70641227 DTXSID50286514 DTXSID30285782 DTXSID1023447 DTXSID60752593 DTXSID40701589
DTXSID00482887	DTXSID50588202 DTXSID10478731 DTXSID50145874 DTXSID90725351 DTXSID50351190 DTXSID50627165 DTXSID50474035 DTXSID80562318 DTXSID50345892 DTXSID90648819 DTXSID10618170 DTXSID00653257 DTXSID70239542 DTXSID70857629 DTXSID30444372 DTXSID50188105 DTXSID30223841 DTXSID40508237 DTXSID60640668 DTXSID40646269
DTXSID40279773	DTXSID80704312 DTXSID10463324 DTXSID90628893 DTXSID50375432 DTXSID9058155 DTXSID40456163 DTXSID20572759 DTXSID90320648 DTXSID90439183 DTXSID00178112 DTXSID20707923 DTXSID00614904 DTXSID70857447 DTXSID40358815 DTXSID00811431 DTXSID80857236 DTXSID20785226 DTXSID00323564 DTXSID70883463 DTXSID00606703
DTXSID60749867	DTXSID80185869 DTXSID10224790 DTXSID10279164 DTXSID8061212 DTXSID00764377 DTXSID40869951 DTXSID20776896 DTXSID10852012 DTXSID60789344 DTXSID10322826 DTXSID20469635 DTXSID80756710 DTXSID20558952 DTXSID30307135 DTXSID5061085 DTXSID40706170 DTXSID30615146 DTXSID80884461 DTXSID60832940 DTXSID00787248
DTXSID80402306	DTXSID30557810 DTXSID60356272 DTXSID40732550 DTXSID90348983 DTXSID70616516 DTXSID90355798 DTXSID30450099 DTXSID40504113 DTXSID00513862 DTXSID20424567 DTXSID40648607 DTXSID10406736 DTXSID20468163 DTXSID90392042 DTXSID50630270 DTXSID20705661 DTXSID30440677 DTXSID00358977 DTXSID50323675 DTXSID90706488
DTXSID80681634	DTXSID40624587 DTXSID50727078 DTXSID20751188 DTXSID90406390 DTXSID90706903 DTXSID30506146 DTXSID80652703 DTXSID80738455 DTXSID60147440 DTXSID30310881 DTXSID80326134 DTXSID20511764 DTXSID00295777 DTXSID50180326 DTXSID80845794 DTXSID50729870 DTXSID50240651 DTXSID50340180 DTXSID80416549 DTXSID90309635
DTXSID00557044	DTXSID90707556 DTXSID40372051 DTXSID90721373 DTXSID60665472 DTXSID30459729 DTXSID60372553 DTXSID10642192 DTXSID90379934 DTXSID40453450 DTXSID20547326 DTXSID00657250 DTXSID60184870 DTXSID7046388 DTXSID30363079 DTXSID80463452 DTXSID80350737 DTXSID20629590 DTXSID80604328 DTXSID30577331 DTXSID00452045
DTXSID50652477	DTXSID90758447 DTXSID90780425 DTXSID90634898 DTXSID6069826 DTXSID20337704 DTXSID30609742 DTXSID00601051 DTXSID50239186 DTXSID90771570 DTXSID3067231 DTXSID70471960 DTXSID30336900 DTXSID80198156 DTXSID50191093 DTXSID20825196 DTXSID70276578 DTXSID50234378 DTXSID80793680 DTXSID90407807 DTXSID2065757
DTXSID40487235	DTXSID70678311 DTXSID3073719 DTXSID20522476 DTXSID30847288 DTXSID90222719 DTXSID90286755 DTXSID00321702 DTXSID80819470 DTXSID70554621 DTXSID10327533 DTXSID50451407 DTXSID40526577 DTXSID80369228 DTXSID50450490 DTXSID7029372 DTXSID80435412 DTXSID00802844 DTXSID80674147 DTXSID30524481 DTXSID80534131
DTXSID50818117	DTXSID80346776 DTXSID50684233 DTXSID00604284 DTXSID00444107 DTXSID90585790 DTXSID10364706 DTXSID90427267 DTXSID80718212 DTXSID60744413 DTXSID80407917 DTXSID70400336 DTXSID60674125 DTXSID30828991 DTXSID00625535 DTXSID40762559 DTXSID40589445 DTXSID70712704 DTXSID40322470 DTXSID9068742 DTXSID50374208
DTXSID60319089	DTXSID70314969 DTXSID10657206 DTXSID30546628 DTXSID70619608 DTXSID80478324 DTXSID30303192 DTXSID00745368 DTXSID30847288 DTXSID90222719 DTXSID70732487 DTXSID70554621 DTXSID80534131 DTXSID00508677 DTXSID3073719 DTXSID10498196 DTXSID50451407 DTXSID70678311 DTXSID40487235 DTXSID70855781 DTXSID10660816
DTXSID90542560	DTXSID20205954 DTXSID40780031 DTXSID10448196 DTXSID60433259 DTXSID20817531 DTXSID20748694 DTXSID30824958 DTXSID30218656 DTXSID50609507 DTXSID50469188 DTXSID70701754 DTXSID2073017 DTXSID30815164 DTXSID50615143 DTXSID10290430 DTXSID30148863 DTXSID20800625 DTXSID50173692 DTXSID70713711 DTXSID30294197
DTXSID50841824	DTXSID80378714 DTXSID40787722 DTXSID20559702 DTXSID60757684 DTXSID00373802 DTXSID30876518 DTXSID90680572 DTXSID00513589 DTXSID00656147 DTXSID00721061 DTXSID70693443 DTXSID60848460 DTXSID70191611 DTXSID90379459 DTXSID80744157 DTXSID10700589 DTXSID40243454 DTXSID70337219 DTXSID70733717 DTXSID20275814
DTXSID40744315	DTXSID70594325 DTXSID80502870 DTXSID40614903 DTXSID60151047 DTXSID20704078 DTXSID00565861 DTXSID00241971 DTXSID80897339 DTXSID90466833 DTXSID30323219 DTXSID10739854 DTXSID00646740 DTXSID1063140 DTXSID10210118 DTXSID60540119 DTXSID20191888 DTXSID20284901 DTXSID70314868 DTXSID10374441 DTXSID90478239
DTXSID30646551	DTXSID60442068 DTXSID00739141 DTXSID90403440 DTXSID30618536 DTXSID60307643 DTXSID50283447 DTXSID00211053 DTXSID40390270 DTXSID10694595 DTXSID80428006 DTXSID30725810 DTXSID00307642 DTXSID50167293 DTXSID90594246 DTXSID40493270 DTXSID70650152 DTXSID00736695 DTXSID10557257 DTXSID90847123 DTXSID30646571
DTXSID80563921	DTXSID70485608 DTXSID00446909 DTXSID7067089 DTXSID80351906 DTXSID60395601 DTXSID80585729 DTXSID40288087 DTXSID80446866 DTXSID30769214 DTXSID40775720 DTXSID00818920 DTXSID00375386 DTXSID70505077 DTXSID20567408 DTXSID40326877 DTXSID10368683 DTXSID00762792 DTXSID60557242 DTXSID30600895 DTXSID40367063
DTXSID50640399	DTXSID70734305 DTXSID40171485 DTXSID00489134 DTXSID30610111 DTXSID70739870 DTXSID50550262 DTXSID70474259 DTXSID20780913 DTXSID6035156 DTXSID40467294 DTXSID40312371 DTXSID40874080 DTXSID10187391 DTXSID70523034 DTXSID70886191 DTXSID30531150 DTXSID50439841 DTXSID10499269 DTXSID80640529 DTXSID00673733
DTXSID00734131	DTXSID80645236 DTXSID60567341 DTXSID50300204 DTXSID80549962 DTXSID70615746 DTXSID00431279 DTXSID20296241 DTXSID20145164 DTXSID20896184 DTXSID10696352 DTXSID00451331 DTXSID80175902 DTXSID20232129 DTXSID40387802 DTXSID00532750 DTXSID00284580 DTXSID20720470 DTXSID40393089 DTXSID90841565 DTXSID80380630
DTXSID90629724	DTXSID90782383 DTXSID10211645 DTXSID20428787 DTXSID00364871 DTXSID90826519 DTXSID60728172 DTXSID20857598 DTXSID20524016 DTXSID20656467 DTXSID40801432 DTXSID20631173 DTXSID00531041 DTXSID40784357 DTXSID00589805 DTXSID70708046 DTXSID30617968 DTXSID00145708 DTXSID70283828 DTXSID40620145 DTXSID80284008
DTXSID50625161	DTXSID20355044 DTXSID10618170 DTXSID60358791 DTXSID90497142 DTXSID40562536 DTXSID80169381 DTXSID60640668 DTXSID30444372 DTXSID10653849 DTXSID10619203 DTXSID00653257 DTXSID50581773 DTXSID70857629 DTXSID70239542 DTXSID20162952 DTXSID50170126 DTXSID50627165 DTXSID6061604 DTXSID90389316 DTXSID20573165
DTXSID30309654	DTXSID30313635 DTXSID80355863 DTXSID70369696 DTXSID00287899 DTXSID90657865 DTXSID60646342 DTXSID50704788 DTXSID00382030 DTXSID50879142 DTXSID60722099 DTXSID60798719 DTXSID50761275 DTXSID6041769 DTXSID40793823 DTXSID00181464 DTXSID10169758 DTXSID20369429 DTXSID50343833 DTXSID60626321 DTXSID90407221
DTXSID80589580	DTXSID40504138 DTXSID10579015 DTXSID00511328 DTXSID10307537 DTXSID80486469 DTXSID80883717 DTXSID20841538 DTXSID50639945 DTXSID60340196 DTXSID70750944 DTXSID80391302 DTXSID20514831 DTXSID00879551 DTXSID50680477 DTXSID80740972 DTXSID20206981 DTXSID60647298 DTXSID40517344 DTXSID80483231 DTXSID40304150
DTXSID70398688	DTXSID50552842 DTXSID60209613 DTXSID30805681 DTXSID30727894 DTXSID30431606 DTXSID80811237 DTXSID30588563 DTXSID80449453 DTXSID00198572 DTXSID90702066 DTXSID70703874 DTXSID50716826 DTXSID20699051 DTXSID30701937 DTXSID70793053 DTXSID80769229 DTXSID00755240 DTXSID90302949 DTXSID90829782 DTXSID50534885
DTXSID00590557	DTXSID20278103 DTXSID70505355 DTXSID20364550 DTXSID00876525 DTXSID50738063 DTXSID70629186 DTXSID50605327 DTXSID2052360 DTXSID3058371 DTXSID80790533 DTXSID80694441 DTXSID0052386 DTXSID70579435 DTXSID8070542 DTXSID50538186 DTXSID80765726 DTXSID80763489 DTXSID60381564 DTXSID00813839 DTXSID10277564
DTXSID00386558	DTXSID10667562 DTXSID60328237 DTXSID90602714 DTXSID80843452 DTXSID70195316 DTXSID80542059 DTXSID00563342 DTXSID40497511 DTXSID20345869 DTXSID30287665 DTXSID60642223 DTXSID70876815 DTXSID90853663 DTXSID90324449 DTXSID70224791 DTXSID70297561 DTXSID00217873 DTXSID40484168 DTXSID10756521 DTXSID50841228
DTXSID3061263	DTXSID50625080 DTXSID30599199 DTXSID80793069 DTXSID70544562 DTXSID80210827 DTXSID00618003 DTXSID20296483 DTXSID80200763 DTXSID30191596 DTXSID50429247 DTXSID30713434 DTXSID60618206 DTXSID70481504 DTXSID90747351 DTXSID50179311 DTXSID80813554 DTXSID40681493 DTXSID30766203 DTXSID00312413 DTXSID50154325
DTXSID50432918	DTXSID70866337 DTXSID80839633 DTXSID10225964 DTXSID80787928 DTXSID20896780 DTXSID80852064 DTXSID40511600 DTXSID70764187 DTXSID20567448 DTXSID60768896 DTXSID80700910 DTXSID80305929 DTXSID00300092 DTXSID20235473 DTXSID10796088 DTXSID10348283 DTXSID20285832 DTXSID60840328 DTXSID70791993 DTXSID40707566
DTXSID30817906	DTXSID30204953 DTXSID50338880 DTXSID70846614 DTXSID10725737 DTXSID30516765 DTXSID50316123 DTXSID80180894 DTXSID50833527 DTXSID80308374 DTXSID40306199 DTXSID20746397 DTXSID00542470 DTXSID00504230 DTXSID10606552 DTXSID60840166 DTXSID50242539 DTXSID40243196 DTXSID80847197 DTXSID20804082 DTXSID30734164
DTXSID7041625	DTXSID10494193 DTXSID80640443 DTXSID60803872 DTXSID90405585 DTXSID30397672 DTXSID70283222 DTXSID10169758 DTXSID40183785 DTXSID50761275 DTXSID90657865 DTXSID70174964 DTXSID60598918 DTXSID70668075 DTXSID90205587 DTXSID70369696 DTXSID20417959 DTXSID30309654 DTXSID30313635 DTXSID70303297 DTXSID7023194
DTXSID30291308	DTXSID60875736 DTXSID60542496 DTXSID2068137 DTXSID20700217 DTXSID20173629 DTXSID90513997 DTXSID00597940 DTXSID00537482 DTXSID80655491 DTXSID70375095 DTXSID50174189 DTXSID90178202 DTXSID10143558 DTXSID40674724 DTXSID50509992 DTXSID70477482 DTXSID00604345 DTXSID70803782 DTXSID00657452 DTXSID60768134
DTXSID50716907	DTXSID40831936 DTXSID10505753 DTXSID50556204 DTXSID80467394 DTXSID60667436 DTXSID40458723 DTXSID70405624 DTXSID6065052 DTXSID70597659 DTXSID60446768 DTXSID40757804 DTXSID40544115 DTXSID10355573 DTXSID60385461 DTXSID20297278 DTXSID80463053 DTXSID30324529 DTXSID30222197 DTXSID00446262 DTXSID30527250
DTXSID10294832	DTXSID30823229 DTXSID00165648 DTXSID00618321 DTXSID00326035 DTXSID30809003 DTXSID00429333 DTXSID10154664 DTXSID40468084 DTXSID3057729 DTXSID90383879 DTXSID90722587 DTXSID80832225 DTXSID10556543 DTXSID70896038 DTXSID80375703 DTXSID20832224 DTXSID70662836 DTXSID30797451 DTXSID50570960 DTXSID20155783
DTXSID00848106	DTXSID30791772 DTXSID90720189 DTXSID20456106 DTXSID00538116 DTXSID90448755 DTXSID10883785 DTXSID50343292 DTXSID90339295 DTXSID00202365 DTXSID00679558 DTXSID50562800 DTXSID10421101 DTXSID90801861 DTXSID50425022 DTXSID20887052 DTXSID30596148 DTXSID10443666 DTXSID40801856 DTXSID40488742 DTXSID20323440
DTXSID50343292	DTXSID50562800 DTXSID00202365 DTXSID10443666 DTXSID90707415 DTXSID90759515 DTXSID20456106 DTXSID4047541 DTXSID60447573 DTXSID90720189 DTXSID00848106 DTXSID20627495 DTXSID10538021 DTXSID10214196 DTXSID90339295 DTXSID30791772 DTXSID50425022 DTXSID10883785 DTXSID90291501 DTXSID00538116 DTXSID00652780
DTXSID00587649	DTXSID60353524 DTXSID40169908 DTXSID80703825 DTXSID20545105 DTXSID00663412 DTXSID10645249 DTXSID50893606 DTXSID50675065 DTXSID6067549 DTXSID30314804 DTXSID50427167 DTXSID20598570 DTXSID90570505 DTXSID80594755 DTXSID20651159 DTXSID20590271 DTXSID80879711 DTXSID80653437 DTXSID60317383 DTXSID30708168
DTXSID00629715	DTXSID00415852 DTXSID50211184 DTXSID70460591 DTXSID60717162 DTXSID70720864 DTXSID10469624 DTXSID60725808 DTXSID80178953 DTXSID50369735 DTXSID30363675 DTXSID30478859 DTXSID10365950 DTXSID70346321 DTXSID30782468 DTXSID80724732 DTXSID90694856 DTXSID20415399 DTXSID50722189 DTXSID10646473 DTXSID40394612
DTXSID90392042	DTXSID20705661 DTXSID40504113 DTXSID40732550 DTXSID30787675 DTXSID30440677 DTXSID70616516 DTXSID10406736 DTXSID90348983 DTXSID20424567 DTXSID70784289 DTXSID50630270 DTXSID40187203 DTXSID80402306 DTXSID90706488 DTXSID10347115 DTXSID80668985 DTXSID5063605 DTXSID10724003 DTXSID40701403 DTXSID20632246
DTXSID70727494	DTXSID20790370 DTXSID10465429 DTXSID3074072 DTXSID70607161 DTXSID80516331 DTXSID20474981 DTXSID30560804 DTXSID30234871 DTXSID80578838 DTXSID90758669 DTXSID70325712 DTXSID90513917 DTXSID50576684 DTXSID70339011 DTXSID90400696 DTXSID20316433 DTXSID70376901 DTXSID50451245 DTXSID60281959 DTXSID50217681
DTXSID90873624	DTXSID30400877 DTXSID3070040 DTXSID10468758 DTXSID90519676 DTXSID30287024 DTXSID00656142 DTXSID80304871 DTXSID60299054 DTXSID40741864 DTXSID20505981 DTXSID00419451 DTXSID00509528 DTXSID20768771 DTXSID30277844 DTXSID70642214 DTXSID80513800 DTXSID30790189 DTXSID10548160 DTXSID70496658 DTXSID10277741
DTXSID40708639	DTXSID10842453 DTXSID30357635 DTXSID60298688 DTXSID50650554 DTXSID70282316 DTXSID30420671 DTXSID90753492 DTXSID20567600 DTXSID40365680 DTXSID70609605 DTXSID00371429 DTXSID90701110 DTXSID10729396 DTXSID60476747 DTXSID80405837 DTXSID10645244 DTXSID60661651 DTXSID50853169 DTXSID50283649 DTXSID40436167
DTXSID60511748	DTXSID30818211 DTXSID80424583 DTXSID10801303 DTXSID10326566 DTXSID70349498 DTXSID00667394 DTXSID80765483 DTXSID30851865 DTXSID2059275 DTXSID9070612 DTXSID70518021 DTXSID90592080 DTXSID60368274 DTXSID50805163 DTXSID90514803 DTXSID50867463 DTXSID00773606 DTXSID00500111 DTXSID50523537 DTXSID90500923
DTXSID70783656	DTXSID60837258 DTXSID30704488 DTXSID60835815 DTXSID70299409 DTXSID90325153 DTXSID50640834 DTXSID10600595 DTXSID20277151 DTXSID50485005 DTXSID90733219 DTXSID90857000 DTXSID30671560 DTXSID40633972 DTXSID00522398 DTXSID0073291 DTXSID10651542 DTXSID50321732 DTXSID90370522 DTXSID60657039 DTXSID70645684
DTXSID00511085	DTXSID40508934 DTXSID90580922 DTXSID40463312 DTXSID30671762 DTXSID70165837 DTXSID80354715 DTXSID70621620 DTXSID90362422 DTXSID8040278 DTXSID50678379 DTXSID90396409 DTXSID90567016 DTXSID20633955 DTXSID90457286 DTXSID80358899 DTXSID00166478 DTXSID80545883 DTXSID70782861 DTXSID60497452 DTXSID10363835
DTXSID10393859	DTXSID40191628 DTXSID30342248 DTXSID10569991 DTXSID70751774 DTXSID10834858 DTXSID60239672 DTXSID50165719 DTXSID60481972 DTXSID40503843 DTXSID1025693 DTXSID7067401 DTXSID50640470 DTXSID00600140 DTXSID30407987 DTXSID00478189 DTXSID70447645 DTXSID70493445 DTXSID40390038 DTXSID50306004 DTXSID80673756
DTXSID80284205	DTXSID80821492 DTXSID60243779 DTXSID10648912 DTXSID30578202 DTXSID60561925 DTXSID00707845 DTXSID60730634 DTXSID60191488 DTXSID00853295 DTXSID70274817 DTXSID6039685 DTXSID00769261 DTXSID50774446 DTXSID30593753 DTXSID80768252 DTXSID20594416 DTXSID8070960 DTXSID50724507 DTXSID70781576 DTXSID70243780
DTXSID20217613	DTXSID90556708 DTXSID50389458 DTXSID30222415 DTXSID60828121 DTXSID90375774 DTXSID30709610 DTXSID00694620 DTXSID40466202 DTXSID00676663 DTXSID00469355 DTXSID50818157 DTXSID50369230 DTXSID40452741 DTXSID40533160 DTXSID20438164 DTXSID80626202 DTXSID00374899 DTXSID10607786 DTXSID00287793 DTXSID60618160
DTXSID20633798	DTXSID20501347 DTXSID9022237 DTXSID30667261 DTXSID40361622 DTXSID00667591 DTXSID00341006 DTXSID10707634 DTXSID50383239 DTXSID40181180 DTXSID10588026 DTXSID80469499 DTXSID60533122 DTXSID50506067 DTXSID60655595 DTXSID10528447 DTXSID40398958 DTXSID10311699 DTXSID20730473 DTXSID00401154 DTXSID40833733
DTXSID00769261	DTXSID6039685 DTXSID20594416 DTXSID10648912 DTXSID60243779 DTXSID50774446 DTXSID00853295 DTXSID90554224 DTXSID0075027 DTXSID70781576 DTXSID40821493 DTXSID80284205 DTXSID60146670 DTXSID80821492 DTXSID90298272 DTXSID8070417 DTXSID90591033 DTXSID70274817 DTXSID60730634 DTXSID80891978 DTXSID30578202
DTXSID90330247	DTXSID90340548 DTXSID9059541 DTXSID20389647 DTXSID80356693 DTXSID70480092 DTXSID20285978 DTXSID40620483 DTXSID20386156 DTXSID10398708 DTXSID80527407 DTXSID10597653 DTXSID10363552 DTXSID80337720 DTXSID40454326 DTXSID40836047 DTXSID90771979 DTXSID50885905 DTXSID70484651 DTXSID00771248 DTXSID10692879
DTXSID30202378	DTXSID40613158 DTXSID90774940 DTXSID30445344 DTXSID80442828 DTXSID80384411 DTXSID90154602 DTXSID60502116 DTXSID90342643 DTXSID40640121 DTXSID50606874 DTXSID60813572 DTXSID60602903 DTXSID10837041 DTXSID90884376 DTXSID90834472 DTXSID20427937 DTXSID00801993 DTXSID90510688 DTXSID30415688 DTXSID70794808
DTXSID00242185	DTXSID90434118 DTXSID10517078 DTXSID60897039 DTXSID20815799 DTXSID20590271 DTXSID40650629 DTXSID60435793 DTXSID10395035 DTXSID60317383 DTXSID50228318 DTXSID10659285 DTXSID40393488 DTXSID70488179 DTXSID00309808 DTXSID30708168 DTXSID90598229 DTXSID50303811 DTXSID40820466 DTXSID50893606 DTXSID00822163
DTXSID70618434	DTXSID40589021 DTXSID30653301 DTXSID9041445 DTXSID20374210 DTXSID40110056 DTXSID40325007 DTXSID80351628 DTXSID30428657 DTXSID30591799 DTXSID30476390 DTXSID00334377 DTXSID90730905 DTXSID10565357 DTXSID60333760 DTXSID60772736 DTXSID5052626 DTXSID00594772 DTXSID30364541 DTXSID50230830 DTXSID0052590
DTXSID40341646	DTXSID80836521 DTXSID70816731 DTXSID10784248 DTXSID30342228 DTXSID90887963 DTXSID60864504 DTXSID40336794 DTXSID20295330 DTXSID60552474 DTXSID60515882 DTXSID30393871 DTXSID80341685 DTXSID40714614 DTXSID10511839 DTXSID10339095 DTXSID20346750 DTXSID80853814 DTXSID00789267 DTXSID30816732 DTXSID80340739
DTXSID10418177	DTXSID80798099 DTXSID40781063 DTXSID60325842 DTXSID30451107 DTXSID70327857 DTXSID40771787 DTXSID60850189 DTXSID90772825 DTXSID10337657 DTXSID30528282 DTXSID30550028 DTXSID6063226 DTXSID1068807 DTXSID3068883 DTXSID00770211 DTXSID30316929 DTXSID80526096 DTXSID10769772 DTXSID80553504 DTXSID40534975
DTXSID50486638	DTXSID50737298 DTXSID20292960 DTXSID80370950 DTXSID90788966 DTXSID90657128 DTXSID0069705 DTXSID00712717 DTXSID00440381 DTXSID90193935 DTXSID90385338 DTXSID80199027 DTXSID40177548 DTXSID10660230 DTXSID0059114 DTXSID80647316 DTXSID20504696 DTXSID90525914 DTXSID90408475 DTXSID60857299 DTXSID50798788
DTXSID1042281	DTXSID10651305 DTXSID50164641 DTXSID60167603 DTXSID50305239 DTXSID80358672 DTXSID10197915 DTXSID00836164 DTXSID50709672 DTXSID60736257 DTXSID80620381 DTXSID30310427 DTXSID20482662 DTXSID70630050 DTXSID60813496 DTXSID00308639 DTXSID30350186 DTXSID30618253 DTXSID20377125 DTXSID30404754 DTXSID90734029
DTXSID60768896	DTXSID80852064 DTXSID20235473 DTXSID40511600 DTXSID10796088 DTXSID70866337 DTXSID20896780 DTXSID80872661 DTXSID60423817 DTXSID70559575 DTXSID50432918 DTXSID40707566 DTXSID00432448 DTXSID30210675 DTXSID10605267 DTXSID10348283 DTXSID50307511 DTXSID80787928 DTXSID50662258 DTXSID30769931 DTXSID80839633
DTXSID10725737	DTXSID70846614 DTXSID50338880 DTXSID30516765 DTXSID50645627 DTXSID30734164 DTXSID20804082 DTXSID30817906 DTXSID30204953 DTXSID80298887 DTXSID20278163 DTXSID10416330 DTXSID80308374 DTXSID00504230 DTXSID90456239 DTXSID40806220 DTXSID20840788 DTXSID00542470 DTXSID40306199 DTXSID90697544 DTXSID50496595
DTXSID00322673	DTXSID20504696 DTXSID50663063 DTXSID60658162 DTXSID90525914 DTXSID90385338 DTXSID70472139 DTXSID70170840 DTXSID90485307 DTXSID90193935 DTXSID80652703 DTXSID00295777 DTXSID60857299 DTXSID00427854 DTXSID60441415 DTXSID40540213 DTXSID40222441 DTXSID00147227 DTXSID40177548 DTXSID50486638 DTXSID70496976
DTXSID00145980	DTXSID20522017 DTXSID20603719 DTXSID3063417 DTXSID40699437 DTXSID60593347 DTXSID00291259 DTXSID30284199 DTXSID70653901 DTXSID50322446 DTXSID50677448 DTXSID60670389 DTXSID90300187 DTXSID80676848 DTXSID50672276 DTXSID50429722 DTXSID20482662 DTXSID90285046 DTXSID10573876 DTXSID10557050 DTXSID60145820
DTXSID60642107	DTXSID90163931 DTXSID70879705 DTXSID80564074 DTXSID70172723 DTXSID30614917 DTXSID90670418 DTXSID70492352 DTXSID0025442 DTXSID50768289 DTXSID60459171 DTXSID50211245 DTXSID10614374 DTXSID30408732 DTXSID70554161 DTXSID00635871 DTXSID00289818 DTXSID50333673 DTXSID00455874 DTXSID20318553 DTXSID50557377
DTXSID60612921	DTXSID30471749 DTXSID70484651 DTXSID80337720 DTXSID40328396 DTXSID90771979 DTXSID30501474 DTXSID60633636 DTXSID60791689 DTXSID20389647 DTXSID30583038 DTXSID10400618 DTXSID60616843 DTXSID60621912 DTXSID90596508 DTXSID30413629 DTXSID90330247 DTXSID20886101 DTXSID70659620 DTXSID80356693 DTXSID50186787
DTXSID00323105	DTXSID00567820 DTXSID80199264 DTXSID90354903 DTXSID30624051 DTXSID40666346 DTXSID70708046 DTXSID20631173 DTXSID20857598 DTXSID00768097 DTXSID40352752 DTXSID00425214 DTXSID70283828 DTXSID90808375 DTXSID80642068 DTXSID00531041 DTXSID40784357 DTXSID20516850 DTXSID40287797 DTXSID60728172 DTXSID30616294
DTXSID80408227	DTXSID80632282 DTXSID30681826 DTXSID80525382 DTXSID90204035 DTXSID50228333 DTXSID10610614 DTXSID50171214 DTXSID70539892 DTXSID70365476 DTXSID70715619 DTXSID50549550 DTXSID30625841 DTXSID80561785 DTXSID20429436 DTXSID80693833 DTXSID30400852 DTXSID30482714 DTXSID10606431 DTXSID40664842 DTXSID70283828
DTXSID30617968	DTXSID70630333 DTXSID50551916 DTXSID00589805 DTXSID00145708 DTXSID90826519 DTXSID00531041 DTXSID20524016 DTXSID70526828 DTXSID40784357 DTXSID40620145 DTXSID50404433 DTXSID10211645 DTXSID70507379 DTXSID60825514 DTXSID20857598 DTXSID00330692 DTXSID70708046 DTXSID00425214 DTXSID00464704 DTXSID50527373
DTXSID30392965	DTXSID10659745 DTXSID80640322 DTXSID70444013 DTXSID20290527 DTXSID50421640 DTXSID00154719 DTXSID50458315 DTXSID90805965 DTXSID00734893 DTXSID10848359 DTXSID80339067 DTXSID40822687 DTXSID80856784 DTXSID40388536 DTXSID80699370 DTXSID50454695 DTXSID20453519 DTXSID70390667 DTXSID60671553 DTXSID10617229
DTXSID50519152	DTXSID00348353 DTXSID30647583 DTXSID30850393 DTXSID80666249 DTXSID20764253 DTXSID40449914 DTXSID00881331 DTXSID90436112 DTXSID2062747 DTXSID70329513 DTXSID60801696 DTXSID20880987 DTXSID20302371 DTXSID20894140 DTXSID70851288 DTXSID60465656 DTXSID50838375 DTXSID80436722 DTXSID90787090 DTXSID50836972
DTXSID1046506	DTXSID20430688 DTXSID50394522 DTXSID40615596 DTXSID10202997 DTXSID60771643 DTXSID70487647 DTXSID50751474 DTXSID00551289 DTXSID90732424 DTXSID20405593 DTXSID30664371 DTXSID70350342 DTXSID10202078 DTXSID60446788 DTXSID00467412 DTXSID90279182 DTXSID30741914 DTXSID80156493 DTXSID30153356 DTXSID20622086
DTXSID10672217	DTXSID50234732 DTXSID10766741 DTXSID40734110 DTXSID10568929 DTXSID90565613 DTXSID00223116 DTXSID60486664 DTXSID30502461 DTXSID10765032 DTXSID60866760 DTXSID80198656 DTXSID50210773 DTXSID70876951 DTXSID40847052 DTXSID60458866 DTXSID00307829 DTXSID20612381 DTXSID50555378 DTXSID60682265 DTXSID4034817
DTXSID90176243	DTXSID90221166 DTXSID50812175 DTXSID30431328 DTXSID30805762 DTXSID70484939 DTXSID20675951 DTXSID30851340 DTXSID70395056 DTXSID50778626 DTXSID40830606 DTXSID00210001 DTXSID70580602 DTXSID40867432 DTXSID60605217 DTXSID00804404 DTXSID10819029 DTXSID30844232 DTXSID70790805 DTXSID40789867 DTXSID20808722
DTXSID50816779	DTXSID90406638 DTXSID90334321 DTXSID40289256 DTXSID40532931 DTXSID00409610 DTXSID80774393 DTXSID90666871 DTXSID50196109 DTXSID80800126 DTXSID20475594 DTXSID30341251 DTXSID50621542 DTXSID00842240 DTXSID30823264 DTXSID8047717 DTXSID90490996 DTXSID60290364 DTXSID40322596 DTXSID00611953 DTXSID80629657
DTXSID90543810	DTXSID00639591 DTXSID20832421 DTXSID80528696 DTXSID00564713 DTXSID6044773 DTXSID80342874 DTXSID80673756 DTXSID60778778 DTXSID40226601 DTXSID7067401 DTXSID00333421 DTXSID00236589 DTXSID10564320 DTXSID40390038 DTXSID70493445 DTXSID40503843 DTXSID70751774 DTXSID10794029 DTXSID40606005 DTXSID50165719
DTXSID90478072	DTXSID60180615 DTXSID60696105 DTXSID10377159 DTXSID10534740 DTXSID30669765 DTXSID10680579 DTXSID20286440 DTXSID80176712 DTXSID10695340 DTXSID90279182 DTXSID60771643 DTXSID50368041 DTXSID60446788 DTXSID10840136 DTXSID70350342 DTXSID10551290 DTXSID00551289 DTXSID40615596 DTXSID80451172 DTXSID80146455
DTXSID70488179	DTXSID00398232 DTXSID50303811 DTXSID40818848 DTXSID10517078 DTXSID50308568 DTXSID60435793 DTXSID00773323 DTXSID40650629 DTXSID00242185 DTXSID60897039 DTXSID50292099 DTXSID40624108 DTXSID60443191 DTXSID20190891 DTXSID40393488 DTXSID30659560 DTXSID60700392 DTXSID50336265 DTXSID90434118 DTXSID70748205
DTXSID50613806	DTXSID90425687 DTXSID50857460 DTXSID10542067 DTXSID30630197 DTXSID60749685 DTXSID90847724 DTXSID20222681 DTXSID50400233 DTXSID90585659 DTXSID40883091 DTXSID20179929 DTXSID40856624 DTXSID70559595 DTXSID30772304 DTXSID70433149 DTXSID20853671 DTXSID70327438 DTXSID60227594 DTXSID50739176 DTXSID70317233
DTXSID00481577	DTXSID20874164 DTXSID70381358 DTXSID00745404 DTXSID10557297 DTXSID70709755 DTXSID10596242 DTXSID80610161 DTXSID40543961 DTXSID40608761 DTXSID50679149 DTXSID10312106 DTXSID50172963 DTXSID00401058 DTXSID70711550 DTXSID90474372 DTXSID30452679 DTXSID30618435 DTXSID90814719 DTXSID60597663 DTXSID70394983
DTXSID50786261	DTXSID80833590 DTXSID60826127 DTXSID00725246 DTXSID00592273 DTXSID70283348 DTXSID30415608 DTXSID50240176 DTXSID60646549 DTXSID50175434 DTXSID30796267 DTXSID70477760 DTXSID40800687 DTXSID70842212 DTXSID80315841 DTXSID50369598 DTXSID7047015 DTXSID4057716 DTXSID40329005 DTXSID60449335 DTXSID20587585
DTXSID50275968	DTXSID00145682 DTXSID70788843 DTXSID70528064 DTXSID80424169 DTXSID40804983 DTXSID50313596 DTXSID40767105 DTXSID50561575 DTXSID50561257 DTXSID40373523 DTXSID30788844 DTXSID70610372 DTXSID40733941 DTXSID50217121 DTXSID10156704 DTXSID00592430 DTXSID10314887 DTXSID60281333 DTXSID30468098 DTXSID50664858
DTXSID40781189	DTXSID80727804 DTXSID40508893 DTXSID90438530 DTXSID00393727 DTXSID20299454 DTXSID50602750 DTXSID30279565 DTXSID20576136 DTXSID60319443 DTXSID20352715 DTXSID70579192 DTXSID00710011 DTXSID70148105 DTXSID10668655 DTXSID30745058 DTXSID00383582 DTXSID80657117 DTXSID90669140 DTXSID20346371 DTXSID40528157
DTXSID50240651	DTXSID50729870 DTXSID80845794 DTXSID9074642 DTXSID80416549 DTXSID00846006 DTXSID20327024 DTXSID50180326 DTXSID20821077 DTXSID60760855 DTXSID90668471 DTXSID70325696 DTXSID90550105 DTXSID80812845 DTXSID30506146 DTXSID60559382 DTXSID10756167 DTXSID60554776 DTXSID20317288 DTXSID80326134 DTXSID90706903
DTXSID10405921	DTXSID30306209 DTXSID1063512 DTXSID10546803 DTXSID20439196 DTXSID50321555 DTXSID10485541 DTXSID10439589 DTXSID40442061 DTXSID50281206 DTXSID60285093 DTXSID40566478 DTXSID70448359 DTXSID50696412 DTXSID40397668 DTXSID00509104 DTXSID10343814 DTXSID70165099 DTXSID70408650 DTXSID0051318 DTXSID90388046
DTXSID00522176	DTXSID10795415 DTXSID20538830 DTXSID20392636 DTXSID20826289 DTXSID70396402 DTXSID60747202 DTXSID50654936 DTXSID70670451 DTXSID60177085 DTXSID40187824 DTXSID60638580 DTXSID50888532 DTXSID40176910 DTXSID80783400 DTXSID40751463 DTXSID10669723 DTXSID70535950 DTXSID80562398 DTXSID10225444 DTXSID00403214
DTXSID70647749	DTXSID00495098 DTXSID50533277 DTXSID50526447 DTXSID50846839 DTXSID30662913 DTXSID90473567 DTXSID30194385 DTXSID80464787 DTXSID20508230 DTXSID40721429 DTXSID10287204 DTXSID80206947 DTXSID70561315 DTXSID40293717 DTXSID00420845 DTXSID00614161 DTXSID10296831 DTXSID20895511 DTXSID50571472 DTXSID20357220
DTXSID3046166	DTXSID70439989 DTXSID50462472 DTXSID90281846 DTXSID90473840 DTXSID80322656 DTXSID30369379 DTXSID00481779 DTXSID00487938 DTXSID60822144 DTXSID10391810 DTXSID30551136 DTXSID90655745 DTXSID00351221 DTXSID20771341 DTXSID00766412 DTXSID40286048 DTXSID50757350 DTXSID70366685 DTXSID9068378 DTXSID30483862
DTXSID20381166	DTXSID80181205 DTXSID50568069 DTXSID10430450 DTXSID40505180 DTXSID80306315 DTXSID70450412 DTXSID10463849 DTXSID70351511 DTXSID10876016 DTXSID50179311 DTXSID30641809 DTXSID70652636 DTXSID80637712 DTXSID60292368 DTXSID00220968 DTXSID40633614 DTXSID80297118 DTXSID60681556 DTXSID80621994 DTXSID50315974
DTXSID70757352	DTXSID40212084 DTXSID70676993 DTXSID20651114 DTXSID20504116 DTXSID70398406 DTXSID20734330 DTXSID10784723 DTXSID50590385 DTXSID80431070 DTXSID90426730 DTXSID60877336 DTXSID10528543 DTXSID20839490 DTXSID60743481 DTXSID20542816 DTXSID70354880 DTXSID00603732 DTXSID30521910 DTXSID60640320 DTXSID40315180
DTXSID00705785	DTXSID50370902 DTXSID50436633 DTXSID00278323 DTXSID60222746 DTXSID40811253 DTXSID70589837 DTXSID60842544 DTXSID30836834 DTXSID10313815 DTXSID20146696 DTXSID30558488 DTXSID80788253 DTXSID50812918 DTXSID00363884 DTXSID50335233 DTXSID00541362 DTXSID80589808 DTXSID20732210 DTXSID50178708 DTXSID90733638
DTXSID80457351	DTXSID40175741 DTXSID20500057 DTXSID50622817 DTXSID0062139 DTXSID70721134 DTXSID60542759 DTXSID80528671 DTXSID50356468 DTXSID80299652 DTXSID80593521 DTXSID50352682 DTXSID00305805 DTXSID30483483 DTXSID70632195 DTXSID80444004 DTXSID2024791 DTXSID10181490 DTXSID40468009 DTXSID50378741 DTXSID10172580
DTXSID70325651	DTXSID20660362 DTXSID50437584 DTXSID60827513 DTXSID10802714 DTXSID80817239 DTXSID30616532 DTXSID50887924 DTXSID00604709 DTXSID40702713 DTXSID60611176 DTXSID70459546 DTXSID00705664 DTXSID30377777 DTXSID40711249 DTXSID10580202 DTXSID70884657 DTXSID10607125 DTXSID70808616 DTXSID50766987 DTXSID70568465
DTXSID30378148	DTXSID40736417 DTXSID50590168 DTXSID70391154 DTXSID90385974 DTXSID20426965 DTXSID50443483 DTXSID00337823 DTXSID20237477 DTXSID60333109 DTXSID00837277 DTXSID5044811 DTXSID60425230 DTXSID40316117 DTXSID20703682 DTXSID10640299 DTXSID50521457 DTXSID70232093 DTXSID20887118 DTXSID70614431 DTXSID40595667
DTXSID30707171	DTXSID90801740 DTXSID40781846 DTXSID80808061 DTXSID10806954 DTXSID90721252 DTXSID60827836 DTXSID40277350 DTXSID70700545 DTXSID3064437 DTXSID7062829 DTXSID7066148 DTXSID80793165 DTXSID20411452 DTXSID60751309 DTXSID5052628 DTXSID80755203 DTXSID90660430 DTXSID10166560 DTXSID20195063 DTXSID30561457
DTXSID50629068	DTXSID00622867 DTXSID20509202 DTXSID40429296 DTXSID80292143 DTXSID9046865 DTXSID20431074 DTXSID40520530 DTXSID40444308 DTXSID80351683 DTXSID40831017 DTXSID90159298 DTXSID10661166 DTXSID50372082 DTXSID10506922 DTXSID80378471 DTXSID40593845 DTXSID50238654 DTXSID00567946 DTXSID00281054 DTXSID80291934
DTXSID80341660	DTXSID40341666 DTXSID40341661 DTXSID10347973 DTXSID10892094 DTXSID10324880 DTXSID30297769 DTXSID50792261 DTXSID90804832 DTXSID60239677 DTXSID40647397 DTXSID20341664 DTXSID20794979 DTXSID10710087 DTXSID80341685 DTXSID70346765 DTXSID10783832 DTXSID10511839 DTXSID30342228 DTXSID60340757 DTXSID70477528
DTXSID30816737	DTXSID40767706 DTXSID20790537 DTXSID80615474 DTXSID60149080 DTXSID40816743 DTXSID70477528 DTXSID20536553 DTXSID60746876 DTXSID00809999 DTXSID60816720 DTXSID20794979 DTXSID90804832 DTXSID80742456 DTXSID60816740 DTXSID60340757 DTXSID00816744 DTXSID60797944 DTXSID50816739 DTXSID90445481 DTXSID00816724
DTXSID30455463	DTXSID7047015 DTXSID60732693 DTXSID7020211 DTXSID80784316 DTXSID80303546 DTXSID10617880 DTXSID20808909 DTXSID30796267 DTXSID30755233 DTXSID40338899 DTXSID30648393 DTXSID5037602 DTXSID10601885 DTXSID50175434 DTXSID40577145 DTXSID20587585 DTXSID00725246 DTXSID60646549 DTXSID50485202 DTXSID70842212
DTXSID00582912	DTXSID40708275 DTXSID30858713 DTXSID10501058 DTXSID90749330 DTXSID5061245 DTXSID90152446 DTXSID40472146 DTXSID50729234 DTXSID80448244 DTXSID40455419 DTXSID50179492 DTXSID20733065 DTXSID40298348 DTXSID20518379 DTXSID2052447 DTXSID60654826 DTXSID60169208 DTXSID60174711 DTXSID10808953 DTXSID50600332
DTXSID60162739	DTXSID80729287 DTXSID50467720 DTXSID50528608 DTXSID90809448 DTXSID50391273 DTXSID40705805 DTXSID00164439 DTXSID30448451 DTXSID40552058 DTXSID60641211 DTXSID00735688 DTXSID70569573 DTXSID00407575 DTXSID5059822 DTXSID80787827 DTXSID20578675 DTXSID20488861 DTXSID00438884 DTXSID00303785 DTXSID70203864
DTXSID10705317	DTXSID5067392 DTXSID70290799 DTXSID90437447 DTXSID80364511 DTXSID70445500 DTXSID70180323 DTXSID20815698 DTXSID90703659 DTXSID40663259 DTXSID10614374 DTXSID9072286 DTXSID30606195 DTXSID80158139 DTXSID90707354 DTXSID10676396 DTXSID50701292 DTXSID50184864 DTXSID30275143 DTXSID50190425 DTXSID60156476
DTXSID50639965	DTXSID60704259 DTXSID60487010 DTXSID8069565 DTXSID10637523 DTXSID70711292 DTXSID00514839 DTXSID80365068 DTXSID50337419 DTXSID50556143 DTXSID40474802 DTXSID00611953 DTXSID40543204 DTXSID00352677 DTXSID70584509 DTXSID70641909 DTXSID60651597 DTXSID70508063 DTXSID00505505 DTXSID90579073 DTXSID10508168
DTXSID40463312	DTXSID30671762 DTXSID70621620 DTXSID10363835 DTXSID00511085 DTXSID90580922 DTXSID20633955 DTXSID40573142 DTXSID40722214 DTXSID20817016 DTXSID8040278 DTXSID70594608 DTXSID00528951 DTXSID70165837 DTXSID00623359 DTXSID10560963 DTXSID20696449 DTXSID60300674 DTXSID40508934 DTXSID80612226 DTXSID60227615
DTXSID60315960	DTXSID80475393 DTXSID00243556 DTXSID60345565 DTXSID5073115 DTXSID60744312 DTXSID50483768 DTXSID10774023 DTXSID60831094 DTXSID60850028 DTXSID70598666 DTXSID20482445 DTXSID80627799 DTXSID20162351 DTXSID90441084 DTXSID60524732 DTXSID20360335 DTXSID0059081 DTXSID40483116 DTXSID10602615 DTXSID00313622
DTXSID10801303	DTXSID80765483 DTXSID50867463 DTXSID10492816 DTXSID10326566 DTXSID50340887 DTXSID60511748 DTXSID00773606 DTXSID00425996 DTXSID60528215 DTXSID80651337 DTXSID30818211 DTXSID20579662 DTXSID9070612 DTXSID50805163 DTXSID00500111 DTXSID90323992 DTXSID50196164 DTXSID70349498 DTXSID80626000 DTXSID90826195
DTXSID70326108	DTXSID20295274 DTXSID90753477 DTXSID40427651 DTXSID60183868 DTXSID60441157 DTXSID00166478 DTXSID70876234 DTXSID30393856 DTXSID80437991 DTXSID80661173 DTXSID50590188 DTXSID50678379 DTXSID40697453 DTXSID40530477 DTXSID90396409 DTXSID80358899 DTXSID60497452 DTXSID30885241 DTXSID90749597 DTXSID40845472
DTXSID70735498	DTXSID60743643 DTXSID20620805 DTXSID20394832 DTXSID20846260 DTXSID00507084 DTXSID90373750 DTXSID10612693 DTXSID80684347 DTXSID00515240 DTXSID40509623 DTXSID90276479 DTXSID80744470 DTXSID60456741 DTXSID20629934 DTXSID10380986 DTXSID50325992 DTXSID70811307 DTXSID90674537 DTXSID00857657 DTXSID60512533
DTXSID30207525	DTXSID00223095 DTXSID10589275 DTXSID6023315 DTXSID10658632 DTXSID40570439 DTXSID60875877 DTXSID70375095 DTXSID50467003 DTXSID10506866 DTXSID30465820 DTXSID60594132 DTXSID00604345 DTXSID30279207 DTXSID10814695 DTXSID70599390 DTXSID70652434 DTXSID30625664 DTXSID80781567 DTXSID80664447 DTXSID80369627
DTXSID00834569	DTXSID60708676 DTXSID30730989 DTXSID00748374 DTXSID90220432 DTXSID20563228 DTXSID50750765 DTXSID00289651 DTXSID50188948 DTXSID40763243 DTXSID50572782 DTXSID70764248 DTXSID10851661 DTXSID60704451 DTXSID20565303 DTXSID20627031 DTXSID30848932 DTXSID0068026 DTXSID40413276 DTXSID80305929 DTXSID60520198
DTXSID80729641	DTXSID30850116 DTXSID90595036 DTXSID00796355 DTXSID20642042 DTXSID10301010 DTXSID60573543 DTXSID20459617 DTXSID80852948 DTXSID90562940 DTXSID20740698 DTXSID5066089 DTXSID4041232 DTXSID70464776 DTXSID00816845 DTXSID00817918 DTXSID10853165 DTXSID60283413 DTXSID90786326 DTXSID10864690 DTXSID9069849
DTXSID40528556	DTXSID20148115 DTXSID00361249 DTXSID30341913 DTXSID90288178 DTXSID80752499 DTXSID00641119 DTXSID40211431 DTXSID30511391 DTXSID50302763 DTXSID30554167 DTXSID30168268 DTXSID90642135 DTXSID70568940 DTXSID00544772 DTXSID20604640 DTXSID20563844 DTXSID80161820 DTXSID50590062 DTXSID30465360 DTXSID80181487
DTXSID20808020	DTXSID00406523 DTXSID30424634 DTXSID70537510 DTXSID8068171 DTXSID00720110 DTXSID50640314 DTXSID90284832 DTXSID10378500 DTXSID30332528 DTXSID50783876 DTXSID40775609 DTXSID50328963 DTXSID00442784 DTXSID80561528 DTXSID90237247 DTXSID90877304 DTXSID70305776 DTXSID50813501 DTXSID30213626 DTXSID40343468
DTXSID10518101	DTXSID00452565 DTXSID70359395 DTXSID50354681 DTXSID20241751 DTXSID30567075 DTXSID40339083 DTXSID00523683 DTXSID20476162 DTXSID50709910 DTXSID70559191 DTXSID20200787 DTXSID50621249 DTXSID30870975 DTXSID60697410 DTXSID40462249 DTXSID40682127 DTXSID80668768 DTXSID90145474 DTXSID50728005 DTXSID80502759
DTXSID60508572	DTXSID20618585 DTXSID50727159 DTXSID80452503 DTXSID70179717 DTXSID10335214 DTXSID70548101 DTXSID90700688 DTXSID60487459 DTXSID50719099 DTXSID60425230 DTXSID20629777 DTXSID80486404 DTXSID30465360 DTXSID30282615 DTXSID00669338 DTXSID90385974 DTXSID20835912 DTXSID10163594 DTXSID30168268 DTXSID00500813
DTXSID50767131	DTXSID0024266 DTXSID10518727 DTXSID90179991 DTXSID60640047 DTXSID80456728 DTXSID5070232 DTXSID90796884 DTXSID40682364 DTXSID30526586 DTXSID70477947 DTXSID20877337 DTXSID40749587 DTXSID20185808 DTXSID50694498 DTXSID80637257 DTXSID10700029 DTXSID70759654 DTXSID10788827 DTXSID30325278 DTXSID00678208
DTXSID30423223	DTXSID80597680 DTXSID10840459 DTXSID30176383 DTXSID40299517 DTXSID30440298 DTXSID70344408 DTXSID70176387 DTXSID90341590 DTXSID40681458 DTXSID20417838 DTXSID00165183 DTXSID20441052 DTXSID60424440 DTXSID90552402 DTXSID60388351 DTXSID90595591 DTXSID00567360 DTXSID00681999 DTXSID90353012 DTXSID70291064
DTXSID80640544	DTXSID40207819 DTXSID90300667 DTXSID30395390 DTXSID10496253 DTXSID60524373 DTXSID30525913 DTXSID00362579 DTXSID80810068 DTXSID60318532 DTXSID30671560 DTXSID70602333 DTXSID00393560 DTXSID30583371 DTXSID90733219 DTXSID00895933 DTXSID30583038 DTXSID20277151 DTXSID0058514 DTXSID60621912 DTXSID30501474
DTXSID90177598	DTXSID50377476 DTXSID90668794 DTXSID60787562 DTXSID30825243 DTXSID60283579 DTXSID40397845 DTXSID00774698 DTXSID60812404 DTXSID10877629 DTXSID30474452 DTXSID20370398 DTXSID50722124 DTXSID30339597 DTXSID20697451 DTXSID70240254 DTXSID00439250 DTXSID90797093 DTXSID40211794 DTXSID20442807 DTXSID40190999
DTXSID70434515	DTXSID60739006 DTXSID60634486 DTXSID90729455 DTXSID20876002 DTXSID50382641 DTXSID70276876 DTXSID90372783 DTXSID20277616 DTXSID70408195 DTXSID90645585 DTXSID30402412 DTXSID00451851 DTXSID50709773 DTXSID70651861 DTXSID30321917 DTXSID30176388 DTXSID70858136 DTXSID40590071 DTXSID30627547 DTXSID80752176
DTXSID90390604	DTXSID80357468 DTXSID50341511 DTXSID7069023 DTXSID50847088 DTXSID00587583 DTXSID70176408 DTXSID40382796 DTXSID10191478 DTXSID70143731 DTXSID20211873 DTXSID20582919 DTXSID50707895 DTXSID70751971 DTXSID70765391 DTXSID60703727 DTXSID30816550 DTXSID40544695 DTXSID70283000 DTXSID80768717 DTXSID10313532
DTXSID90768723	DTXSID00355729 DTXSID30303798 DTXSID00810702 DTXSID60326112 DTXSID00475971 DTXSID60755463 DTXSID60715522 DTXSID10157478 DTXSID30594280 DTXSID50383330 DTXSID00738654 DTXSID10590381 DTXSID00428568 DTXSID70224155 DTXSID70894756 DTXSID00612400 DTXSID50694498 DTXSID00485712 DTXSID30309250 DTXSID00725468
DTXSID00330692	DTXSID30288591 DTXSID70507379 DTXSID20670047 DTXSID40620145 DTXSID70307316 DTXSID20524016 DTXSID70630333 DTXSID00589805 DTXSID40585689 DTXSID40356114 DTXSID30617968 DTXSID60825514 DTXSID90557553 DTXSID90826519 DTXSID30554965 DTXSID50551916 DTXSID30274378 DTXSID70543979 DTXSID00370699 DTXSID90361339
DTXSID9057680	DTXSID30354361 DTXSID70443026 DTXSID90289180 DTXSID00719266 DTXSID20834965 DTXSID80554157 DTXSID90529396 DTXSID10829527 DTXSID80451819 DTXSID10144383 DTXSID50277442 DTXSID80499756 DTXSID50707759 DTXSID60742252 DTXSID90295286 DTXSID90453768 DTXSID90696310 DTXSID50215283 DTXSID5041190 DTXSID60635918
DTXSID70584923	DTXSID00485015 DTXSID60532291 DTXSID60569264 DTXSID1071743 DTXSID10474798 DTXSID40513381 DTXSID80180798 DTXSID90185370 DTXSID70397570 DTXSID20776795 DTXSID00503940 DTXSID40181286 DTXSID40313303 DTXSID20485012 DTXSID80736618 DTXSID40588413 DTXSID10743870 DTXSID9021712 DTXSID60217359 DTXSID10826758
DTXSID50734909	DTXSID00366178 DTXSID40724556 DTXSID20468406 DTXSID80847713 DTXSID00655514 DTXSID20174712 DTXSID90604692 DTXSID30811328 DTXSID40641173 DTXSID10604513 DTXSID70626953 DTXSID70598444 DTXSID50677665 DTXSID90788047 DTXSID80855555 DTXSID10374446 DTXSID60569385 DTXSID20474022 DTXSID3059505 DTXSID50313612
DTXSID40829530	DTXSID90513437 DTXSID30418073 DTXSID00421433 DTXSID80155062 DTXSID40435251 DTXSID90700087 DTXSID20336196 DTXSID00729865 DTXSID50402671 DTXSID50630952 DTXSID50152846 DTXSID90788825 DTXSID1066786 DTXSID70734123 DTXSID70513854 DTXSID20380033 DTXSID30460875 DTXSID60458280 DTXSID40574457 DTXSID80835635
DTXSID70317253	DTXSID20738797 DTXSID60544819 DTXSID70502324 DTXSID10630059 DTXSID40876064 DTXSID90530760 DTXSID70676812 DTXSID80588154 DTXSID00755947 DTXSID90408415 DTXSID70876097 DTXSID10511778 DTXSID50618790 DTXSID10772064 DTXSID80173943 DTXSID00408603 DTXSID70655440 DTXSID60537100 DTXSID20158431 DTXSID40420561
DTXSID00748632	DTXSID20488649 DTXSID60160179 DTXSID60842948 DTXSID70599113 DTXSID80736431 DTXSID80232569 DTXSID30551237 DTXSID30896094 DTXSID20279130 DTXSID10762622 DTXSID00151203 DTXSID40640585 DTXSID70827923 DTXSID50147792 DTXSID90301679 DTXSID80778154 DTXSID70812718 DTXSID30476911 DTXSID80879473 DTXSID70303818
DTXSID20440303	DTXSID20509762 DTXSID80308495 DTXSID50843540 DTXSID50616953 DTXSID00332196 DTXSID70649208 DTXSID90533993 DTXSID20812728 DTXSID90768203 DTXSID90807202 DTXSID10472193 DTXSID80388515 DTXSID10597451 DTXSID50505535 DTXSID70293240 DTXSID20435577 DTXSID50493822 DTXSID70313634 DTXSID70214298 DTXSID10343399
DTXSID90373013	DTXSID40806821 DTXSID50725615 DTXSID30188123 DTXSID00585105 DTXSID30202090 DTXSID50351332 DTXSID40717226 DTXSID60193826 DTXSID60646120 DTXSID00826525 DTXSID60879315 DTXSID70178265 DTXSID80698888 DTXSID90284579 DTXSID40561387 DTXSID30375511 DTXSID40295776 DTXSID00703665 DTXSID30557991 DTXSID90195772
DTXSID70514285	DTXSID00780936 DTXSID10402339 DTXSID50315570 DTXSID40289039 DTXSID80561528 DTXSID30663066 DTXSID20406161 DTXSID80339067 DTXSID30318428 DTXSID20443399 DTXSID90237247 DTXSID50640314 DTXSID30342460 DTXSID00398671 DTXSID50597576 DTXSID40388536 DTXSID60671553 DTXSID60876965 DTXSID00442784 DTXSID40775609
DTXSID80649850	DTXSID50805002 DTXSID50810676 DTXSID40775765 DTXSID00541347 DTXSID10525991 DTXSID00398893 DTXSID70660978 DTXSID90649245 DTXSID20640624 DTXSID60646943 DTXSID60840166 DTXSID50496595 DTXSID50218754 DTXSID00504230 DTXSID70733717 DTXSID60621654 DTXSID90584728 DTXSID30331379 DTXSID40243454 DTXSID50345716
DTXSID1062546	DTXSID4052005 DTXSID2063765 DTXSID90209025 DTXSID80770815 DTXSID60173926 DTXSID70587777 DTXSID2027967 DTXSID60696701 DTXSID70622612 DTXSID20824306 DTXSID30702166 DTXSID90765171 DTXSID50887767 DTXSID90302606 DTXSID00775887 DTXSID10348283 DTXSID10783438 DTXSID80560258 DTXSID70559575 DTXSID00432448
DTXSID40615793	DTXSID50698456 DTXSID70836550 DTXSID40844809 DTXSID50497966 DTXSID10538021 DTXSID00534895 DTXSID60447573 DTXSID40693334 DTXSID10174882 DTXSID40824580 DTXSID10214196 DTXSID60428307 DTXSID60519360 DTXSID3061920 DTXSID90824994 DTXSID90145474 DTXSID70682094 DTXSID40143485 DTXSID30870975 DTXSID6048096
DTXSID80537122	DTXSID70602636 DTXSID60532832 DTXSID00473578 DTXSID10201521 DTXSID90577938 DTXSID10338109 DTXSID70640290 DTXSID80324271 DTXSID60312575 DTXSID40522559 DTXSID60355402 DTXSID10675349 DTXSID70434151 DTXSID00390094 DTXSID90854731 DTXSID30238455 DTXSID40452140 DTXSID00559245 DTXSID30185314 DTXSID50531652
DTXSID10796088	DTXSID40511600 DTXSID10348283 DTXSID20235473 DTXSID70559575 DTXSID80852064 DTXSID00432448 DTXSID60768896 DTXSID20824306 DTXSID80872661 DTXSID70587777 DTXSID50307511 DTXSID90209025 DTXSID20285832 DTXSID2027967 DTXSID70866337 DTXSID40855490 DTXSID80770815 DTXSID60696701 DTXSID50432918 DTXSID60423817
DTXSID50409029	DTXSID30361752 DTXSID80710670 DTXSID70735690 DTXSID30668930 DTXSID00356392 DTXSID90560729 DTXSID30591214 DTXSID00598078 DTXSID10806398 DTXSID90181655 DTXSID40188937 DTXSID10716180 DTXSID90618678 DTXSID5070529 DTXSID10301277 DTXSID20368194 DTXSID30852256 DTXSID50179518 DTXSID50631606 DTXSID00218749
DTXSID00502150	DTXSID60451498 DTXSID90541598 DTXSID40543047 DTXSID50837207 DTXSID4022076 DTXSID50440755 DTXSID10633424 DTXSID40843478 DTXSID20762693 DTXSID80737746 DTXSID60762692 DTXSID20182615 DTXSID00171365 DTXSID90177972 DTXSID00405738 DTXSID50768805 DTXSID60523124 DTXSID70784865 DTXSID10198806 DTXSID50188948
DTXSID80449256	DTXSID30676515 DTXSID80296106 DTXSID30661188 DTXSID20742591 DTXSID40233512 DTXSID00555646 DTXSID90429206 DTXSID80404426 DTXSID30465800 DTXSID10316220 DTXSID80597524 DTXSID90585376 DTXSID00372618 DTXSID10367292 DTXSID80741368 DTXSID60177348 DTXSID70802775 DTXSID90344526 DTXSID50351094 DTXSID60819953
DTXSID30625841	DTXSID60292368 DTXSID90204035 DTXSID60332177 DTXSID00220968 DTXSID00304292 DTXSID50228333 DTXSID80525382 DTXSID70365476 DTXSID80632282 DTXSID70351511 DTXSID30681826 DTXSID90766406 DTXSID10876016 DTXSID30641809 DTXSID80561785 DTXSID80226706 DTXSID10610614 DTXSID80306315 DTXSID50549550 DTXSID70843961
DTXSID00428720	DTXSID00145324 DTXSID70359411 DTXSID90561074 DTXSID70623987 DTXSID00706792 DTXSID50604052 DTXSID00162036 DTXSID20528397 DTXSID60778778 DTXSID80616800 DTXSID30541572 DTXSID10440059 DTXSID70670577 DTXSID30589575 DTXSID6044773 DTXSID30322383 DTXSID70522562 DTXSID60876900 DTXSID80809139 DTXSID20295613
DTXSID30194385	DTXSID80206947 DTXSID50571472 DTXSID70561315 DTXSID20508230 DTXSID30199118 DTXSID80464787 DTXSID50526447 DTXSID20895511 DTXSID50846839 DTXSID70377711 DTXSID70647749 DTXSID00420845 DTXSID60179903 DTXSID20797460 DTXSID00614161 DTXSID00495098 DTXSID80345264 DTXSID70483129 DTXSID20357220 DTXSID40824282
DTXSID60592557	DTXSID00622620 DTXSID80626883 DTXSID90419162 DTXSID60671114 DTXSID80568895 DTXSID20646308 DTXSID20595680 DTXSID10593776 DTXSID70489803 DTXSID90625943 DTXSID00659436 DTXSID10536082 DTXSID80320773 DTXSID10533314 DTXSID40350132 DTXSID90382428 DTXSID50236892 DTXSID00566611 DTXSID90331274 DTXSID40841515
DTXSID20536457	DTXSID80275653 DTXSID10600595 DTXSID30671560 DTXSID60710254 DTXSID60338038 DTXSID60835815 DTXSID60652327 DTXSID20277151 DTXSID20290880 DTXSID20453973 DTXSID90733219 DTXSID0058514 DTXSID70498152 DTXSID40431016 DTXSID30666835 DTXSID50619383 DTXSID40279910 DTXSID30395390 DTXSID30525913 DTXSID90325153
DTXSID80217295	DTXSID90303673 DTXSID40489830 DTXSID70303954 DTXSID0068026 DTXSID40484941 DTXSID5074472 DTXSID70764248 DTXSID20567448 DTXSID70764187 DTXSID20285832 DTXSID80305929 DTXSID40855490 DTXSID40581924 DTXSID40763243 DTXSID40739943 DTXSID70592886 DTXSID30239664 DTXSID20565303 DTXSID90780526 DTXSID50432918
DTXSID40570439	DTXSID30625664 DTXSID50600110 DTXSID50467003 DTXSID6023315 DTXSID80820804 DTXSID60875877 DTXSID30207525 DTXSID70762047 DTXSID10658632 DTXSID40529149 DTXSID70652434 DTXSID70621009 DTXSID40278640 DTXSID80369627 DTXSID10814695 DTXSID30280515 DTXSID70670057 DTXSID00223095 DTXSID10494052 DTXSID70375095
DTXSID20729766	DTXSID00680563 DTXSID50855981 DTXSID80856466 DTXSID40143824 DTXSID00343944 DTXSID40312593 DTXSID60630226 DTXSID60856883 DTXSID60832561 DTXSID20556857 DTXSID40758639 DTXSID80760539 DTXSID90366162 DTXSID60390974 DTXSID60312318 DTXSID60672065 DTXSID30462975 DTXSID60663554 DTXSID30488256 DTXSID90515835
DTXSID30606195	DTXSID30275143 DTXSID70180323 DTXSID60807198 DTXSID80458641 DTXSID10705317 DTXSID40663259 DTXSID10343415 DTXSID30180309 DTXSID80241196 DTXSID70290799 DTXSID10614374 DTXSID10189517 DTXSID90437447 DTXSID70599254 DTXSID40652860 DTXSID90707354 DTXSID90703659 DTXSID20342757 DTXSID5067392 DTXSID70768221
DTXSID60536552	DTXSID50816734 DTXSID20613499 DTXSID10577450 DTXSID00632966 DTXSID00756111 DTXSID90500261 DTXSID00787066 DTXSID70842010 DTXSID10822073 DTXSID60795081 DTXSID40816728 DTXSID30865700 DTXSID30851466 DTXSID30787630 DTXSID40636908 DTXSID70709896 DTXSID90750981 DTXSID50811567 DTXSID90413625 DTXSID20878369
DTXSID30195034	DTXSID70527512 DTXSID90526623 DTXSID20880720 DTXSID80284725 DTXSID10436654 DTXSID70874477 DTXSID00366512 DTXSID60764510 DTXSID90447248 DTXSID30852630 DTXSID50483425 DTXSID30739033 DTXSID10525618 DTXSID80715221 DTXSID10307355 DTXSID70571818 DTXSID80175861 DTXSID30563198 DTXSID00523148 DTXSID30799591
DTXSID10808413	DTXSID40304615 DTXSID60703727 DTXSID50341511 DTXSID2041202 DTXSID80773745 DTXSID50707895 DTXSID40382796 DTXSID10510241 DTXSID00678763 DTXSID50847088 DTXSID90390604 DTXSID20163666 DTXSID7069023 DTXSID70751971 DTXSID20211873 DTXSID30816550 DTXSID70143731 DTXSID80768373 DTXSID60662507 DTXSID10191478
DTXSID60813077	DTXSID00725605 DTXSID20656366 DTXSID80782413 DTXSID40504491 DTXSID40446064 DTXSID70708324 DTXSID80640201 DTXSID90326600 DTXSID10733074 DTXSID60671492 DTXSID1068229 DTXSID70611081 DTXSID80771185 DTXSID30511452 DTXSID90486990 DTXSID90388046 DTXSID80876523 DTXSID80338176 DTXSID70664895 DTXSID50340165
DTXSID50680679	DTXSID10380608 DTXSID90578445 DTXSID00698709 DTXSID60493752 DTXSID20822403 DTXSID60368299 DTXSID30313034 DTXSID20547043 DTXSID80360679 DTXSID30818574 DTXSID50603343 DTXSID90182288 DTXSID10371591 DTXSID40190474 DTXSID80577280 DTXSID80343528 DTXSID70562589 DTXSID50183731 DTXSID90624976 DTXSID00774294
DTXSID3057729	DTXSID80375703 DTXSID00618321 DTXSID30823229 DTXSID00429333 DTXSID30809003 DTXSID00326035 DTXSID00165648 DTXSID10294832 DTXSID40468084 DTXSID70896038 DTXSID80668364 DTXSID10154664 DTXSID90344400 DTXSID20444028 DTXSID20316332 DTXSID90722587 DTXSID30368908 DTXSID20832224 DTXSID90383879 DTXSID20155783
DTXSID00352617	DTXSID50321954 DTXSID70725612 DTXSID70628795 DTXSID80369526 DTXSID00346298 DTXSID10787436 DTXSID20745421 DTXSID50716063 DTXSID20193125 DTXSID30693106 DTXSID10839444 DTXSID60196094 DTXSID80196773 DTXSID60194212 DTXSID10767591 DTXSID20274988 DTXSID50846172 DTXSID00457217 DTXSID00352374 DTXSID3037549
DTXSID80472403	DTXSID10506745 DTXSID90733890 DTXSID70836510 DTXSID90398180 DTXSID70676993 DTXSID30704004 DTXSID30521910 DTXSID80598470 DTXSID40525565 DTXSID10528543 DTXSID10506048 DTXSID20526914 DTXSID10820094 DTXSID40315180 DTXSID40212084 DTXSID20670305 DTXSID40727906 DTXSID00295196 DTXSID70398406 DTXSID70840859
DTXSID60885855	DTXSID90187238 DTXSID20275814 DTXSID70589756 DTXSID30667468 DTXSID60473099 DTXSID60193361 DTXSID10733776 DTXSID10511354 DTXSID90549170 DTXSID70739012 DTXSID10340247 DTXSID50404296 DTXSID00656147 DTXSID00373802 DTXSID40607633 DTXSID40845735 DTXSID10211680 DTXSID00587664 DTXSID70353237 DTXSID10675228
DTXSID40835510	DTXSID10711433 DTXSID50872976 DTXSID80208300 DTXSID50471468 DTXSID10653869 DTXSID80694466 DTXSID10575971 DTXSID50814992 DTXSID60541126 DTXSID20735721 DTXSID60678188 DTXSID90702066 DTXSID00510558 DTXSID90760646 DTXSID90302949 DTXSID30819187 DTXSID80142856 DTXSID90447349 DTXSID70170502 DTXSID90723352
DTXSID50425981	DTXSID90668739 DTXSID40645570 DTXSID20364156 DTXSID40741081 DTXSID70424335 DTXSID90227249 DTXSID00645617 DTXSID40622548 DTXSID70657702 DTXSID20656245 DTXSID50808356 DTXSID30234336 DTXSID80230045 DTXSID20216883 DTXSID70737457 DTXSID70383670 DTXSID80557643 DTXSID4068533 DTXSID40180118 DTXSID40380191
DTXSID50305239	DTXSID80358672 DTXSID1042281 DTXSID60167603 DTXSID10197915 DTXSID50164641 DTXSID50709672 DTXSID30618253 DTXSID20349685 DTXSID10651305 DTXSID80620381 DTXSID70630050 DTXSID20482662 DTXSID30672032 DTXSID60295354 DTXSID40297775 DTXSID20377125 DTXSID90734029 DTXSID30404754 DTXSID30631402 DTXSID00308639
DTXSID40844809	DTXSID00534895 DTXSID50497966 DTXSID40615793 DTXSID6048096 DTXSID40773322 DTXSID70836550 DTXSID90663507 DTXSID70682094 DTXSID80615070 DTXSID10174882 DTXSID40173409 DTXSID50698456 DTXSID90824994 DTXSID40824580 DTXSID60447573 DTXSID00694584 DTXSID70852235 DTXSID40143485 DTXSID3061920 DTXSID20342752
DTXSID40530558	DTXSID10403003 DTXSID70876815 DTXSID50700765 DTXSID20707605 DTXSID10756521 DTXSID70297561 DTXSID60564971 DTXSID80542059 DTXSID10792868 DTXSID40828260 DTXSID30287665 DTXSID80206088 DTXSID50841228 DTXSID10667562 DTXSID70195316 DTXSID00386558 DTXSID2073720 DTXSID90853663 DTXSID90602714 DTXSID80843452
DTXSID50145874	DTXSID80562318 DTXSID50627165 DTXSID10478731 DTXSID50345892 DTXSID90725351 DTXSID30223841 DTXSID70383211 DTXSID40334412 DTXSID70239542 DTXSID40646269 DTXSID00482887 DTXSID50588202 DTXSID10618170 DTXSID90648819 DTXSID60358791 DTXSID50474035 DTXSID30735590 DTXSID70856415 DTXSID50625161 DTXSID80701725
DTXSID80437496	DTXSID30508463 DTXSID40555726 DTXSID50512320 DTXSID70566345 DTXSID80333909 DTXSID10236494 DTXSID10296917 DTXSID70342469 DTXSID40159763 DTXSID90497925 DTXSID40204681 DTXSID90767918 DTXSID70540044 DTXSID90557492 DTXSID8073637 DTXSID40640242 DTXSID80398735 DTXSID90842799 DTXSID20231798 DTXSID90545091
DTXSID40295377	DTXSID90803582 DTXSID40614266 DTXSID90310140 DTXSID40891611 DTXSID70808676 DTXSID20359360 DTXSID40531863 DTXSID40484168 DTXSID00568892 DTXSID70349170 DTXSID70197512 DTXSID3048316 DTXSID90143531 DTXSID10706283 DTXSID50738205 DTXSID10343531 DTXSID70195316 DTXSID90602714 DTXSID70324861 DTXSID10185079
DTXSID30714603	DTXSID00884246 DTXSID00710076 DTXSID8070128 DTXSID70805761 DTXSID30528040 DTXSID00892301 DTXSID30336900 DTXSID70276578 DTXSID80893735 DTXSID60276426 DTXSID40770194 DTXSID10206612 DTXSID1041398 DTXSID40659197 DTXSID30300722 DTXSID60460363 DTXSID3067231 DTXSID3026564 DTXSID60300730 DTXSID3042003
DTXSID90733638	DTXSID30558488 DTXSID30409264 DTXSID20781223 DTXSID40466085 DTXSID00318455 DTXSID80436888 DTXSID50652836 DTXSID60542052 DTXSID40642226 DTXSID80551161 DTXSID80695776 DTXSID40811253 DTXSID10650378 DTXSID30400690 DTXSID60222746 DTXSID70353111 DTXSID10313815 DTXSID50178708 DTXSID20307225 DTXSID00769266
DTXSID30525913	DTXSID30395390 DTXSID10496253 DTXSID40207819 DTXSID40279910 DTXSID30671560 DTXSID10354228 DTXSID70602333 DTXSID90857000 DTXSID80810068 DTXSID30583371 DTXSID40431016 DTXSID80640544 DTXSID60415636 DTXSID40679875 DTXSID20536457 DTXSID0058514 DTXSID00446262 DTXSID70498152 DTXSID60312176 DTXSID10600595
DTXSID80768252	DTXSID8070960 DTXSID00707845 DTXSID80752378 DTXSID60561925 DTXSID30578202 DTXSID40880500 DTXSID30694012 DTXSID60730634 DTXSID60191488 DTXSID70317990 DTXSID80821492 DTXSID50724507 DTXSID70274817 DTXSID80211511 DTXSID10677181 DTXSID80284205 DTXSID50828832 DTXSID20173745 DTXSID20887799 DTXSID10720146
DTXSID30559379	DTXSID10618958 DTXSID60325847 DTXSID40680007 DTXSID30663980 DTXSID50165017 DTXSID20345788 DTXSID00654103 DTXSID00391501 DTXSID30627002 DTXSID40515688 DTXSID60394275 DTXSID90669140 DTXSID30735590 DTXSID20352715 DTXSID40508893 DTXSID20383685 DTXSID20649430 DTXSID00377007 DTXSID70693842 DTXSID10668655
DTXSID60396471	DTXSID9048194 DTXSID70382744 DTXSID50421261 DTXSID40474524 DTXSID1058004 DTXSID8032675 DTXSID30318428 DTXSID10794382 DTXSID90649664 DTXSID70656250 DTXSID70424719 DTXSID40285339 DTXSID40357808 DTXSID10630771 DTXSID60829451 DTXSID60203318 DTXSID20406161 DTXSID20353681 DTXSID20742031 DTXSID80540772
DTXSID80768257	DTXSID30504920 DTXSID50384589 DTXSID80284008 DTXSID80278381 DTXSID70526828 DTXSID00145708 DTXSID40801432 DTXSID00425214 DTXSID10211645 DTXSID20631173 DTXSID10812313 DTXSID50404433 DTXSID20354971 DTXSID00556951 DTXSID30817062 DTXSID40465871 DTXSID50527373 DTXSID90826519 DTXSID30617968 DTXSID00589805
DTXSID60351681	DTXSID60618529 DTXSID20354471 DTXSID00508773 DTXSID10506361 DTXSID00520894 DTXSID50225620 DTXSID20642128 DTXSID20168772 DTXSID40726050 DTXSID50452131 DTXSID70781915 DTXSID60680908 DTXSID40404280 DTXSID00664580 DTXSID10565317 DTXSID50683468 DTXSID50464178 DTXSID20488386 DTXSID30711410 DTXSID20445712
DTXSID60880648	DTXSID60759845 DTXSID40819355 DTXSID50662258 DTXSID00841233 DTXSID80599205 DTXSID80340739 DTXSID40714614 DTXSID60840328 DTXSID60552474 DTXSID60195587 DTXSID80836521 DTXSID40707566 DTXSID80526894 DTXSID50712085 DTXSID60864504 DTXSID80820647 DTXSID20295330 DTXSID70816731 DTXSID70773512 DTXSID40341646
DTXSID60776815	DTXSID50820432 DTXSID60715789 DTXSID90152264 DTXSID80844909 DTXSID60810940 DTXSID20604342 DTXSID50817701 DTXSID70557152 DTXSID30778609 DTXSID20844908 DTXSID70720485 DTXSID80840345 DTXSID90711173 DTXSID10736287 DTXSID10388942 DTXSID00404029 DTXSID60772473 DTXSID50752865 DTXSID40815736 DTXSID80234563
DTXSID00474121	DTXSID10541414 DTXSID20540610 DTXSID70846715 DTXSID80395860 DTXSID80612887 DTXSID00204985 DTXSID70548989 DTXSID00176032 DTXSID60805533 DTXSID50681040 DTXSID40415679 DTXSID60510635 DTXSID60495337 DTXSID10425129 DTXSID10634274 DTXSID90402498 DTXSID20499770 DTXSID20811357 DTXSID00854560 DTXSID40617934
DTXSID20831095	DTXSID90405863 DTXSID30615747 DTXSID20372397 DTXSID40652860 DTXSID10607786 DTXSID90707354 DTXSID9072286 DTXSID80241196 DTXSID00174816 DTXSID00287793 DTXSID40698844 DTXSID90152749 DTXSID50646715 DTXSID00366416 DTXSID00676663 DTXSID80383383 DTXSID40312593 DTXSID50701292 DTXSID80760539 DTXSID00700114
DTXSID00872860	DTXSID80162392 DTXSID20435658 DTXSID90499202 DTXSID10491920 DTXSID30382886 DTXSID50778606 DTXSID90319355 DTXSID90358481 DTXSID00484583 DTXSID90602815 DTXSID90529871 DTXSID50428912 DTXSID50637522 DTXSID00733169 DTXSID20231591 DTXSID40507649 DTXSID30473081 DTXSID00352677 DTXSID30542968 DTXSID90226358
DTXSID00468308	DTXSID10556700 DTXSID50563231 DTXSID4066414 DTXSID40796495 DTXSID40823058 DTXSID80851436 DTXSID30828774 DTXSID10640895 DTXSID50293203 DTXSID50234914 DTXSID90654910 DTXSID50201202 DTXSID60818047 DTXSID50469729 DTXSID30790846 DTXSID40399561 DTXSID60192233 DTXSID80889294 DTXSID40596033 DTXSID40207955
DTXSID90542449	DTXSID10565094 DTXSID1071458 DTXSID50681601 DTXSID80733622 DTXSID50170323 DTXSID30818579 DTXSID30277485 DTXSID50404554 DTXSID30736769 DTXSID70324361 DTXSID40451698 DTXSID90730243 DTXSID90482134 DTXSID50863142 DTXSID00390958 DTXSID40190474 DTXSID20449336 DTXSID90596028 DTXSID80834981 DTXSID00774294
DTXSID40668567	DTXSID10533430 DTXSID10678537 DTXSID70631668 DTXSID00698901 DTXSID90814597 DTXSID60341603 DTXSID70319419 DTXSID50719852 DTXSID70749156 DTXSID10309314 DTXSID10786267 DTXSID10630897 DTXSID00802844 DTXSID7029372 DTXSID40493593 DTXSID80819470 DTXSID50522469 DTXSID10435480 DTXSID50491904 DTXSID30631669
DTXSID00709662	DTXSID00801599 DTXSID10711913 DTXSID20159226 DTXSID90343418 DTXSID90316763 DTXSID70411184 DTXSID20612189 DTXSID50660936 DTXSID60799327 DTXSID8075413 DTXSID00556951 DTXSID90238173 DTXSID40401158 DTXSID60648740 DTXSID40174976 DTXSID50602699 DTXSID80456122 DTXSID50384589 DTXSID40319603 DTXSID40465871
DTXSID00642146	DTXSID00603530 DTXSID40200729 DTXSID40392234 DTXSID30726443 DTXSID60460080 DTXSID50481946 DTXSID00444965 DTXSID80584818 DTXSID50368960 DTXSID50680477 DTXSID10285503 DTXSID90278397 DTXSID90352303 DTXSID50709551 DTXSID30418639 DTXSID50368783 DTXSID60816780 DTXSID70281066 DTXSID40818449 DTXSID20403978
DTXSID60175440	DTXSID80597261 DTXSID70530864 DTXSID80375586 DTXSID10344528 DTXSID40658504 DTXSID20238166 DTXSID20677995 DTXSID40459811 DTXSID50653949 DTXSID80465552 DTXSID40388076 DTXSID10786207 DTXSID30303157 DTXSID60739460 DTXSID40196774 DTXSID20695831 DTXSID70477588 DTXSID60455951 DTXSID60587524 DTXSID90481965
DTXSID40808082	DTXSID10831084 DTXSID20184139 DTXSID60350371 DTXSID70523594 DTXSID80479295 DTXSID10886357 DTXSID20423873 DTXSID80795720 DTXSID20488861 DTXSID10787971 DTXSID20694900 DTXSID50846531 DTXSID20578675 DTXSID80740472 DTXSID30831086 DTXSID5059822 DTXSID00197808 DTXSID40326877 DTXSID00164439 DTXSID10682199
DTXSID70837481	DTXSID10352582 DTXSID40722613 DTXSID00524615 DTXSID40819592 DTXSID00781766 DTXSID30471305 DTXSID80808208 DTXSID90470930 DTXSID90359377 DTXSID10483209 DTXSID20541127 DTXSID10594844 DTXSID00361284 DTXSID30510329 DTXSID20849418 DTXSID70580809 DTXSID20580571 DTXSID20351581 DTXSID80478086 DTXSID70641227
DTXSID00546650	DTXSID60168776 DTXSID60526594 DTXSID40462704 DTXSID50311390 DTXSID50572621 DTXSID20573226 DTXSID50742761 DTXSID10375019 DTXSID70721432 DTXSID00110032 DTXSID80742077 DTXSID70655400 DTXSID10498176 DTXSID80777521 DTXSID60199601 DTXSID50481880 DTXSID10471545 DTXSID10182402 DTXSID20654822 DTXSID60198210
DTXSID30609984	DTXSID90602810 DTXSID70738949 DTXSID70526808 DTXSID90373674 DTXSID80801219 DTXSID20299676 DTXSID80183441 DTXSID80699496 DTXSID30464712 DTXSID90591699 DTXSID10505874 DTXSID60357421 DTXSID20661056 DTXSID10726325 DTXSID40213495 DTXSID10519178 DTXSID20738530 DTXSID10724003 DTXSID50825200 DTXSID70646651
DTXSID50788008	DTXSID60290364 DTXSID90490996 DTXSID8047717 DTXSID90280854 DTXSID60445433 DTXSID70720440 DTXSID40186074 DTXSID70333716 DTXSID6024337 DTXSID80524375 DTXSID70278193 DTXSID20560212 DTXSID30823264 DTXSID90178843 DTXSID30434511 DTXSID40766279 DTXSID00842240 DTXSID40322596 DTXSID40547121 DTXSID90171935
DTXSID70589837	DTXSID00541362 DTXSID60425199 DTXSID70341018 DTXSID50335233 DTXSID20485153 DTXSID00705785 DTXSID30385110 DTXSID00876742 DTXSID60222746 DTXSID50812918 DTXSID10211680 DTXSID00363884 DTXSID60842544 DTXSID50370902 DTXSID5068158 DTXSID00278323 DTXSID50553950 DTXSID10307496 DTXSID50436633 DTXSID20640866
DTXSID80275653	DTXSID20453973 DTXSID60710254 DTXSID20536457 DTXSID0058514 DTXSID30666835 DTXSID50619383 DTXSID10600595 DTXSID30671560 DTXSID70589478 DTXSID20277151 DTXSID90733219 DTXSID60835815 DTXSID20290880 DTXSID00393560 DTXSID70602333 DTXSID70498152 DTXSID60374335 DTXSID60338038 DTXSID3068126 DTXSID60318532
DTXSID90278357	DTXSID60582711 DTXSID80737983 DTXSID70280034 DTXSID30330387 DTXSID70316685 DTXSID90711875 DTXSID50242978 DTXSID40315307 DTXSID30234270 DTXSID10165497 DTXSID90837201 DTXSID10728622 DTXSID40144795 DTXSID60580217 DTXSID40662929 DTXSID40887211 DTXSID50790641 DTXSID80302756 DTXSID00885839 DTXSID60886165
DTXSID40408107	DTXSID40573142 DTXSID00528951 DTXSID20216742 DTXSID10623385 DTXSID10363835 DTXSID60555147 DTXSID80722112 DTXSID60551149 DTXSID80685814 DTXSID30671762 DTXSID20817016 DTXSID70621620 DTXSID60373409 DTXSID40538579 DTXSID20456863 DTXSID50473725 DTXSID40857631 DTXSID20633955 DTXSID20827933 DTXSID70165837
DTXSID70619067	DTXSID20429017 DTXSID40808289 DTXSID80291934 DTXSID00281054 DTXSID50372082 DTXSID20534998 DTXSID40444308 DTXSID40520530 DTXSID90574381 DTXSID40593845 DTXSID80492207 DTXSID80378471 DTXSID10181551 DTXSID00618008 DTXSID90651646 DTXSID10506922 DTXSID30672274 DTXSID00821737 DTXSID70325535 DTXSID20509202
DTXSID70303818	DTXSID40640585 DTXSID70827923 DTXSID80478263 DTXSID30551237 DTXSID60842948 DTXSID50488652 DTXSID30662877 DTXSID00151203 DTXSID30896094 DTXSID50401306 DTXSID00697494 DTXSID10818850 DTXSID80736431 DTXSID20488649 DTXSID50538646 DTXSID30476911 DTXSID50523178 DTXSID00748632 DTXSID70599113 DTXSID80232569
DTXSID80744117	DTXSID80338176 DTXSID80771185 DTXSID50625101 DTXSID90486990 DTXSID90326600 DTXSID20533542 DTXSID60645870 DTXSID30489046 DTXSID90201286 DTXSID30485028 DTXSID80196374 DTXSID10454318 DTXSID50474550 DTXSID20496764 DTXSID1068229 DTXSID70611081 DTXSID00453451 DTXSID5068233 DTXSID20645871 DTXSID70724044
DTXSID30452679	DTXSID60597663 DTXSID10557297 DTXSID50172963 DTXSID30618435 DTXSID00465372 DTXSID50178682 DTXSID70711550 DTXSID80610161 DTXSID00406543 DTXSID40393084 DTXSID10312106 DTXSID00745404 DTXSID40368631 DTXSID10596242 DTXSID20362990 DTXSID30289801 DTXSID00481577 DTXSID20874164 DTXSID10426696 DTXSID70512266
DTXSID50495442	DTXSID30752045 DTXSID70791014 DTXSID80356315 DTXSID80305424 DTXSID20513687 DTXSID30831501 DTXSID70232093 DTXSID10489847 DTXSID90632258 DTXSID10325736 DTXSID00731524 DTXSID80506439 DTXSID70614431 DTXSID80539823 DTXSID40815675 DTXSID80506277 DTXSID80175169 DTXSID70192805 DTXSID20533380 DTXSID00416965
DTXSID6047862	DTXSID70876951 DTXSID10482878 DTXSID10757811 DTXSID7066643 DTXSID00378832 DTXSID10190002 DTXSID60675213 DTXSID60471818 DTXSID10766645 DTXSID10772928 DTXSID90189358 DTXSID60458866 DTXSID20676943 DTXSID80200465 DTXSID10568929 DTXSID40209676 DTXSID00754490 DTXSID40776999 DTXSID50555378 DTXSID50234732
DTXSID40670701	DTXSID50812190 DTXSID60553360 DTXSID10380921 DTXSID50484710 DTXSID90402756 DTXSID10782168 DTXSID70751113 DTXSID60447795 DTXSID10167355 DTXSID80354275 DTXSID20282922 DTXSID30561699 DTXSID70447701 DTXSID40195121 DTXSID80397783 DTXSID40896121 DTXSID30780585 DTXSID20799641 DTXSID60351601 DTXSID40222542
DTXSID10743259	DTXSID20728991 DTXSID60722973 DTXSID70346321 DTXSID00727285 DTXSID40725967 DTXSID20856708 DTXSID40672548 DTXSID10640133 DTXSID10677540 DTXSID60716675 DTXSID20372610 DTXSID60717162 DTXSID10469624 DTXSID50727371 DTXSID30478859 DTXSID50843904 DTXSID20415399 DTXSID70460591 DTXSID40452221 DTXSID60590174
DTXSID50283927	DTXSID50664656 DTXSID8024365 DTXSID80320612 DTXSID40176334 DTXSID00491272 DTXSID00490846 DTXSID10291624 DTXSID60876682 DTXSID80664260 DTXSID70320828 DTXSID90408475 DTXSID10154821 DTXSID70157217 DTXSID40792871 DTXSID00440381 DTXSID70704543 DTXSID20876264 DTXSID40297356 DTXSID60897211 DTXSID10617749
DTXSID00839751	DTXSID60725101 DTXSID20406141 DTXSID50450930 DTXSID10198205 DTXSID30750945 DTXSID50406932 DTXSID70315971 DTXSID50635285 DTXSID40758917 DTXSID80440647 DTXSID20398810 DTXSID90462936 DTXSID60340974 DTXSID20647693 DTXSID80814102 DTXSID40390932 DTXSID40334275 DTXSID40757309 DTXSID70811428 DTXSID10408856
DTXSID70810991	DTXSID70314323 DTXSID50497865 DTXSID30194007 DTXSID20705520 DTXSID70177935 DTXSID40701504 DTXSID40319300 DTXSID90396969 DTXSID40398938 DTXSID50808230 DTXSID50734328 DTXSID80791540 DTXSID90396222 DTXSID20624964 DTXSID10301237 DTXSID10494698 DTXSID40195106 DTXSID90355415 DTXSID80580734 DTXSID10609124
DTXSID70566047	DTXSID00346814 DTXSID80169381 DTXSID90621804 DTXSID40504658 DTXSID20573165 DTXSID70857629 DTXSID10399351 DTXSID00375361 DTXSID60575966 DTXSID30444372 DTXSID90330949 DTXSID20345824 DTXSID90497142 DTXSID00739348 DTXSID00653257 DTXSID70731571 DTXSID50588202 DTXSID10619203 DTXSID60640668 DTXSID70855387
DTXSID60896542	DTXSID20876805 DTXSID20819292 DTXSID80785949 DTXSID5067500 DTXSID40341469 DTXSID10833987 DTXSID80646122 DTXSID1024752 DTXSID10896214 DTXSID30574648 DTXSID30298938 DTXSID60733827 DTXSID4072233 DTXSID60829355 DTXSID70542503 DTXSID30322904 DTXSID80633057 DTXSID50896339 DTXSID20697678 DTXSID90508585
DTXSID30515874	DTXSID30313695 DTXSID30173276 DTXSID10609765 DTXSID30572083 DTXSID20216666 DTXSID00488824 DTXSID90193915 DTXSID60765587 DTXSID10626018 DTXSID00524776 DTXSID10399659 DTXSID20589302 DTXSID80292683 DTXSID40507644 DTXSID80224782 DTXSID10361513 DTXSID60233812 DTXSID40430160 DTXSID50776829 DTXSID70494230
DTXSID20695831	DTXSID80465552 DTXSID90339417 DTXSID30311434 DTXSID80615075 DTXSID70748301 DTXSID70530864 DTXSID50653949 DTXSID80284886 DTXSID90805602 DTXSID40658504 DTXSID90527695 DTXSID30742365 DTXSID10656335 DTXSID10344528 DTXSID50664979 DTXSID5051602 DTXSID80422327 DTXSID60175440 DTXSID50332560 DTXSID40459811
DTXSID20879593	DTXSID10572526 DTXSID40230026 DTXSID90200198 DTXSID80180798 DTXSID40523066 DTXSID20680621 DTXSID20323405 DTXSID80482421 DTXSID40380191 DTXSID70642476 DTXSID10743870 DTXSID40646800 DTXSID90711350 DTXSID80495753 DTXSID10842610 DTXSID60569264 DTXSID1071743 DTXSID90427929 DTXSID90345699 DTXSID50178662
DTXSID00487938	DTXSID00481779 DTXSID40430185 DTXSID70439989 DTXSID00766412 DTXSID60446501 DTXSID3046166 DTXSID30369379 DTXSID80664725 DTXSID50311754 DTXSID60422946 DTXSID40435276 DTXSID50462472 DTXSID9068378 DTXSID00852703 DTXSID50757350 DTXSID10597118 DTXSID50589754 DTXSID10554766 DTXSID60201778 DTXSID40510698
DTXSID50680477	DTXSID80883717 DTXSID20514831 DTXSID30157793 DTXSID10285503 DTXSID10650333 DTXSID50509235 DTXSID10307537 DTXSID20455836 DTXSID20841538 DTXSID40517344 DTXSID40304150 DTXSID80589580 DTXSID40545687 DTXSID00642146 DTXSID30726443 DTXSID50541579 DTXSID10579015 DTXSID40200729 DTXSID50368647 DTXSID50368783
DTXSID00487933	DTXSID80608826 DTXSID30675508 DTXSID00837752 DTXSID80391786 DTXSID30589373 DTXSID10642415 DTXSID20739784 DTXSID40596295 DTXSID40707006 DTXSID60190097 DTXSID10850376 DTXSID50495023 DTXSID70875984 DTXSID70324861 DTXSID20424284 DTXSID30729499 DTXSID00317766 DTXSID80588290 DTXSID90596124 DTXSID70668959
DTXSID90694856	DTXSID80724732 DTXSID20415399 DTXSID10682417 DTXSID30478859 DTXSID50722189 DTXSID50369735 DTXSID30782468 DTXSID70588229 DTXSID30363675 DTXSID80178953 DTXSID10469624 DTXSID20646505 DTXSID10365950 DTXSID10475068 DTXSID70460591 DTXSID80681992 DTXSID50726783 DTXSID20708778 DTXSID60717162 DTXSID20681991
DTXSID60658283	DTXSID40566796 DTXSID90847724 DTXSID90585659 DTXSID70559595 DTXSID20805392 DTXSID20222681 DTXSID40760656 DTXSID30772304 DTXSID70317233 DTXSID80857317 DTXSID50739176 DTXSID50613806 DTXSID70327438 DTXSID80320551 DTXSID80633850 DTXSID60227594 DTXSID30318408 DTXSID30874256 DTXSID10542067 DTXSID60446566
DTXSID50819321	DTXSID80405074 DTXSID50742746 DTXSID50354888 DTXSID40782439 DTXSID60193508 DTXSID40200729 DTXSID60675511 DTXSID30418639 DTXSID60720717 DTXSID00749265 DTXSID60856924 DTXSID20581402 DTXSID80789447 DTXSID90832034 DTXSID40304150 DTXSID30705071 DTXSID50709551 DTXSID30726443 DTXSID00642146 DTXSID50879561
DTXSID50818738	DTXSID40208442 DTXSID80350570 DTXSID2073019 DTXSID80838585 DTXSID40407317 DTXSID60541126 DTXSID40491817 DTXSID60598397 DTXSID60209613 DTXSID00198572 DTXSID90702066 DTXSID90290716 DTXSID50306701 DTXSID30805681 DTXSID70702281 DTXSID90829782 DTXSID50552842 DTXSID90719154 DTXSID60678188 DTXSID80787403
DTXSID90306669	DTXSID30306668 DTXSID90782323 DTXSID90171536 DTXSID10488239 DTXSID10771234 DTXSID10462332 DTXSID20557243 DTXSID80604368 DTXSID50880672 DTXSID20535622 DTXSID90719593 DTXSID30617185 DTXSID60340732 DTXSID70344842 DTXSID90517319 DTXSID80496346 DTXSID90567874 DTXSID70479325 DTXSID40455499 DTXSID40773347
DTXSID20746397	DTXSID40306199 DTXSID40832302 DTXSID90650230 DTXSID30848715 DTXSID70730145 DTXSID50316123 DTXSID60702573 DTXSID80847197 DTXSID50390706 DTXSID80811232 DTXSID90697544 DTXSID70743614 DTXSID70751779 DTXSID70846614 DTXSID60292449 DTXSID30204953 DTXSID50242539 DTXSID80308374 DTXSID30199370 DTXSID10484514
DTXSID70276593	DTXSID00277376 DTXSID20605314 DTXSID70299444 DTXSID00356670 DTXSID80439612 DTXSID00503783 DTXSID20415915 DTXSID9068904 DTXSID80679718 DTXSID70597735 DTXSID30177557 DTXSID70354901 DTXSID70757877 DTXSID70235529 DTXSID70813427 DTXSID90512546 DTXSID90793535 DTXSID60588576 DTXSID90530907 DTXSID0061327
DTXSID80289376	DTXSID00406003 DTXSID10405885 DTXSID70832254 DTXSID60651118 DTXSID80364490 DTXSID80775204 DTXSID50296032 DTXSID20481190 DTXSID90316182 DTXSID40826463 DTXSID40720078 DTXSID40386395 DTXSID60174953 DTXSID10698513 DTXSID50282854 DTXSID80611310 DTXSID00441171 DTXSID10335956 DTXSID9058941 DTXSID00667490
DTXSID20754952	DTXSID80841231 DTXSID30148065 DTXSID90344743 DTXSID50467164 DTXSID70578802 DTXSID50438652 DTXSID90364027 DTXSID60409252 DTXSID20641217 DTXSID80827797 DTXSID90293828 DTXSID80624889 DTXSID80459037 DTXSID70605021 DTXSID70484378 DTXSID00850007 DTXSID00712999 DTXSID70212678 DTXSID30813069 DTXSID20293179
DTXSID90587653	DTXSID40833733 DTXSID90844430 DTXSID70304724 DTXSID10311699 DTXSID80302716 DTXSID00667591 DTXSID80539823 DTXSID40398958 DTXSID90399319 DTXSID40361622 DTXSID40540738 DTXSID80175169 DTXSID00401154 DTXSID80354371 DTXSID80568138 DTXSID30738485 DTXSID30667261 DTXSID30550023 DTXSID80394919 DTXSID00864907
DTXSID40732434	DTXSID30173539 DTXSID70602010 DTXSID70813563 DTXSID70645644 DTXSID70312566 DTXSID70801127 DTXSID20448142 DTXSID90345331 DTXSID90329050 DTXSID40392491 DTXSID60145840 DTXSID30843725 DTXSID30795831 DTXSID70590307 DTXSID60278708 DTXSID60886903 DTXSID30219385 DTXSID80294248 DTXSID00534350 DTXSID50198623
DTXSID50300042	DTXSID8047509 DTXSID30553978 DTXSID20307225 DTXSID00728974 DTXSID60649212 DTXSID00702794 DTXSID8059007 DTXSID50351094 DTXSID50517234 DTXSID60819953 DTXSID50652836 DTXSID70428777 DTXSID20593166 DTXSID00372618 DTXSID80551161 DTXSID90429206 DTXSID60177348 DTXSID00318455 DTXSID10537635 DTXSID10398268
DTXSID20887118	DTXSID10640299 DTXSID20704255 DTXSID20426965 DTXSID40736417 DTXSID50152285 DTXSID00655433 DTXSID5044811 DTXSID60421353 DTXSID70391154 DTXSID50590168 DTXSID00337823 DTXSID90390301 DTXSID00651056 DTXSID50443483 DTXSID00837277 DTXSID80648545 DTXSID90519151 DTXSID60770393 DTXSID60333109 DTXSID30378148
DTXSID50281206	DTXSID60285093 DTXSID50321555 DTXSID10439589 DTXSID00509104 DTXSID40566478 DTXSID50520026 DTXSID20183980 DTXSID10485541 DTXSID00503965 DTXSID1063512 DTXSID0051318 DTXSID90388046 DTXSID70448359 DTXSID90451623 DTXSID10405921 DTXSID40442061 DTXSID40459098 DTXSID60337061 DTXSID10546803 DTXSID70165099
DTXSID80766536	DTXSID20837451 DTXSID1070856 DTXSID20801632 DTXSID80437850 DTXSID50718047 DTXSID70399014 DTXSID50404352 DTXSID6066862 DTXSID80275835 DTXSID70477361 DTXSID40601636 DTXSID1040247 DTXSID60388215 DTXSID20806607 DTXSID50771354 DTXSID60615952 DTXSID70880614 DTXSID0046513 DTXSID60478428 DTXSID40194710
DTXSID20509202	DTXSID50629068 DTXSID80292143 DTXSID40520530 DTXSID9046865 DTXSID40444308 DTXSID00622867 DTXSID40429296 DTXSID90159298 DTXSID50372082 DTXSID80291934 DTXSID00567946 DTXSID80378471 DTXSID00281054 DTXSID40593845 DTXSID20429017 DTXSID10506922 DTXSID20431074 DTXSID10661166 DTXSID70385795 DTXSID50238654
DTXSID20337542	DTXSID80694421 DTXSID50590547 DTXSID70526803 DTXSID70532141 DTXSID60236000 DTXSID60725005 DTXSID00344971 DTXSID40854049 DTXSID30559278 DTXSID60364099 DTXSID20896169 DTXSID20284800 DTXSID20696949 DTXSID80430144 DTXSID30293963 DTXSID00680048 DTXSID40592792 DTXSID50709137 DTXSID90182107 DTXSID80874261
DTXSID80561866	DTXSID00447830 DTXSID90767216 DTXSID70186380 DTXSID20465778 DTXSID10223829 DTXSID00431456 DTXSID20677536 DTXSID4059251 DTXSID30806976 DTXSID10558300 DTXSID90383879 DTXSID90516105 DTXSID60172090 DTXSID40415351 DTXSID60293931 DTXSID10876652 DTXSID00588297 DTXSID10672419 DTXSID10188005 DTXSID10154664
DTXSID30789876	DTXSID00513983 DTXSID10340949 DTXSID00466667 DTXSID30490596 DTXSID70721437 DTXSID10749579 DTXSID80373744 DTXSID00625858 DTXSID80593349 DTXSID30673064 DTXSID20500274 DTXSID00720635 DTXSID60641014 DTXSID30306426 DTXSID20437475 DTXSID30466650 DTXSID10672237 DTXSID10454010 DTXSID30855949 DTXSID20192491
DTXSID00203059	DTXSID50858836 DTXSID50423907 DTXSID80399161 DTXSID10145133 DTXSID4059540 DTXSID60887995 DTXSID70743932 DTXSID70502400 DTXSID50703291 DTXSID50761013 DTXSID10647309 DTXSID20675239 DTXSID70563071 DTXSID60499097 DTXSID80733465 DTXSID6070560 DTXSID50365777 DTXSID90825880 DTXSID30839224 DTXSID30815008
DTXSID70791993	DTXSID00300092 DTXSID80700910 DTXSID40748373 DTXSID60520198 DTXSID30793711 DTXSID70240355 DTXSID20627031 DTXSID10225964 DTXSID80839633 DTXSID80787928 DTXSID60188550 DTXSID60840328 DTXSID20547861 DTXSID20148998 DTXSID40413276 DTXSID40763243 DTXSID80305929 DTXSID30637126 DTXSID20896780 DTXSID20614320
DTXSID90317432	DTXSID30758224 DTXSID70589332 DTXSID80397783 DTXSID70157833 DTXSID50659820 DTXSID50181954 DTXSID00154815 DTXSID70453488 DTXSID20799641 DTXSID20424946 DTXSID00829036 DTXSID60553360 DTXSID60447795 DTXSID30780585 DTXSID50484710 DTXSID80481954 DTXSID20448384 DTXSID50350724 DTXSID60855957 DTXSID80652167
DTXSID70528064	DTXSID50313596 DTXSID40804983 DTXSID70788843 DTXSID10156704 DTXSID50804050 DTXSID60834222 DTXSID90479640 DTXSID50275968 DTXSID60281333 DTXSID40733941 DTXSID80424169 DTXSID20595206 DTXSID50561575 DTXSID40767105 DTXSID30468098 DTXSID00592430 DTXSID10282456 DTXSID30756543 DTXSID10442876 DTXSID50217121
DTXSID3070040	DTXSID30400877 DTXSID90873624 DTXSID30287024 DTXSID00656142 DTXSID10468758 DTXSID60299054 DTXSID90519676 DTXSID20768771 DTXSID10277741 DTXSID00419451 DTXSID80304871 DTXSID40741864 DTXSID10548160 DTXSID20505981 DTXSID70642214 DTXSID00509528 DTXSID30195973 DTXSID60148593 DTXSID70548601 DTXSID30790189
DTXSID20481377	DTXSID7069071 DTXSID20449210 DTXSID60150616 DTXSID2060967 DTXSID50460130 DTXSID30396761 DTXSID80452144 DTXSID40519863 DTXSID30757772 DTXSID60408725 DTXSID90526789 DTXSID80638027 DTXSID40543441 DTXSID80771069 DTXSID30587935 DTXSID30757656 DTXSID70217885 DTXSID00561282 DTXSID20190770 DTXSID10448353
DTXSID60315400	DTXSID20201173 DTXSID70667068 DTXSID40549928 DTXSID10495741 DTXSID40669211 DTXSID60405916 DTXSID30700546 DTXSID20443697 DTXSID70774943 DTXSID20506514 DTXSID30625700 DTXSID00743384 DTXSID40790690 DTXSID60503446 DTXSID70428712 DTXSID20720475 DTXSID80462369 DTXSID70608916 DTXSID60465696 DTXSID3044918
DTXSID00372673	DTXSID20367369 DTXSID3063045 DTXSID10426979 DTXSID20278062 DTXSID20362556 DTXSID90825769 DTXSID80181826 DTXSID20718317 DTXSID80724393 DTXSID60286207 DTXSID50462957 DTXSID40819113 DTXSID00596812 DTXSID30447287 DTXSID00311481 DTXSID50283144 DTXSID80426981 DTXSID10394942 DTXSID80438847 DTXSID50545799
DTXSID00843535	DTXSID70646277 DTXSID30363392 DTXSID30618738 DTXSID60590174 DTXSID60561703 DTXSID50727371 DTXSID60716675 DTXSID80696900 DTXSID30739831 DTXSID70725576 DTXSID90676672 DTXSID20856708 DTXSID10677540 DTXSID10422234 DTXSID40672548 DTXSID70616435 DTXSID90381971 DTXSID80499195 DTXSID20372610 DTXSID50739292
DTXSID80484844	DTXSID10277443 DTXSID60484049 DTXSID20418481 DTXSID50557458 DTXSID80278947 DTXSID00444965 DTXSID80542938 DTXSID70280852 DTXSID40606782 DTXSID70326067 DTXSID90430256 DTXSID90352303 DTXSID70356086 DTXSID80456228 DTXSID90681564 DTXSID50549631 DTXSID60278066 DTXSID40835055 DTXSID20403978 DTXSID20455836
DTXSID30846155	DTXSID70645649 DTXSID20567049 DTXSID90440214 DTXSID0073110 DTXSID30867401 DTXSID90809145 DTXSID50469825 DTXSID40840048 DTXSID30787539 DTXSID50675242 DTXSID30620179 DTXSID80851471 DTXSID10551876 DTXSID20888226 DTXSID20463411 DTXSID80300454 DTXSID1042659 DTXSID40751968 DTXSID60816765 DTXSID60240940
DTXSID40223857	DTXSID10475826 DTXSID30556525 DTXSID20849418 DTXSID10705918 DTXSID10483209 DTXSID40283895 DTXSID70490090 DTXSID8067105 DTXSID10241220 DTXSID20698403 DTXSID30173534 DTXSID60545649 DTXSID70837481 DTXSID90470930 DTXSID20541127 DTXSID00361284 DTXSID30471305 DTXSID80160737 DTXSID80633774 DTXSID60752593
DTXSID80182974	DTXSID80292163 DTXSID1070773 DTXSID10827381 DTXSID6058972 DTXSID20417959 DTXSID70303297 DTXSID70174964 DTXSID20754836 DTXSID90584703 DTXSID20499770 DTXSID40513644 DTXSID40214669 DTXSID50565290 DTXSID80613172 DTXSID60284925 DTXSID10426732 DTXSID90205587 DTXSID90373472 DTXSID70548989 DTXSID60495337
DTXSID70365214	DTXSID8059635 DTXSID20327024 DTXSID60554776 DTXSID90550105 DTXSID00846006 DTXSID00366532 DTXSID20821077 DTXSID60455133 DTXSID9074642 DTXSID10756167 DTXSID40167969 DTXSID50729870 DTXSID50240651 DTXSID90668471 DTXSID80416549 DTXSID60760855 DTXSID70325696 DTXSID80845794 DTXSID80279772 DTXSID70556342
DTXSID30336223	DTXSID00504311 DTXSID60295137 DTXSID90751271 DTXSID50378827 DTXSID60783822 DTXSID10211044 DTXSID40662505 DTXSID30798185 DTXSID00813511 DTXSID50761336 DTXSID30385716 DTXSID50655685 DTXSID30398346 DTXSID80709549 DTXSID20793487 DTXSID30370420 DTXSID50658550 DTXSID80241994 DTXSID90798186 DTXSID10470659
DTXSID10864690	DTXSID20642042 DTXSID80733465 DTXSID80399161 DTXSID4059540 DTXSID10301010 DTXSID4041232 DTXSID70502400 DTXSID50862599 DTXSID30839224 DTXSID10615447 DTXSID00796355 DTXSID80729641 DTXSID00203059 DTXSID30850116 DTXSID50761013 DTXSID20740698 DTXSID10853165 DTXSID50858836 DTXSID5066089 DTXSID50703291
DTXSID50181954	DTXSID30758224 DTXSID70589332 DTXSID00829036 DTXSID30509238 DTXSID90317432 DTXSID50659820 DTXSID70453488 DTXSID60855957 DTXSID00154815 DTXSID70157833 DTXSID40855399 DTXSID80611193 DTXSID20448384 DTXSID30852357 DTXSID90344400 DTXSID80652167 DTXSID80375703 DTXSID20424946 DTXSID3057729 DTXSID80397783
DTXSID80584818	DTXSID70281066 DTXSID40392234 DTXSID90278397 DTXSID50368960 DTXSID40818449 DTXSID00603530 DTXSID00897119 DTXSID60460080 DTXSID00642146 DTXSID10350624 DTXSID30726443 DTXSID90352303 DTXSID60816780 DTXSID00842563 DTXSID70356086 DTXSID40295857 DTXSID60707341 DTXSID70355317 DTXSID40200729 DTXSID40533943
DTXSID60277534	DTXSID50160981 DTXSID40243196 DTXSID90570287 DTXSID30199370 DTXSID50390706 DTXSID40309701 DTXSID90553131 DTXSID70425867 DTXSID10606552 DTXSID80406844 DTXSID20285670 DTXSID60702573 DTXSID10343531 DTXSID90755017 DTXSID70730145 DTXSID60809374 DTXSID40243434 DTXSID80588290 DTXSID70197512 DTXSID00568892
DTXSID90513917	DTXSID50576684 DTXSID50217681 DTXSID50605327 DTXSID50738063 DTXSID70579435 DTXSID50538186 DTXSID3074072 DTXSID60830143 DTXSID10465429 DTXSID80790533 DTXSID60310778 DTXSID70505355 DTXSID20474981 DTXSID80763489 DTXSID00813839 DTXSID20278103 DTXSID70727494 DTXSID30620730 DTXSID20364550 DTXSID10482090
DTXSID80699370	DTXSID10617229 DTXSID70342626 DTXSID40625731 DTXSID30336703 DTXSID20481190 DTXSID00154719 DTXSID70390667 DTXSID10448414 DTXSID50454695 DTXSID50552024 DTXSID40826463 DTXSID20615493 DTXSID40822687 DTXSID80364490 DTXSID30392965 DTXSID60281853 DTXSID60640320 DTXSID20290527 DTXSID70858070 DTXSID00734893
DTXSID80465552	DTXSID20695831 DTXSID70530864 DTXSID30742365 DTXSID30311434 DTXSID50653949 DTXSID40658504 DTXSID20294540 DTXSID80284886 DTXSID90805602 DTXSID80422327 DTXSID90527695 DTXSID60436442 DTXSID80615075 DTXSID60175440 DTXSID10344528 DTXSID20807311 DTXSID70477588 DTXSID90339417 DTXSID40196774 DTXSID70748301
DTXSID90239443	DTXSID80348831 DTXSID30378325 DTXSID60590477 DTXSID30346347 DTXSID20452729 DTXSID20507041 DTXSID00484725 DTXSID60187922 DTXSID60562356 DTXSID00377486 DTXSID90749597 DTXSID80621691 DTXSID60471338 DTXSID90373735 DTXSID40845472 DTXSID20348830 DTXSID50590188 DTXSID60500859 DTXSID20759801 DTXSID00663871
DTXSID4059540	DTXSID70502400 DTXSID80399161 DTXSID80733465 DTXSID50858836 DTXSID50703291 DTXSID00203059 DTXSID10864690 DTXSID50761013 DTXSID10145133 DTXSID10615447 DTXSID4041232 DTXSID50365777 DTXSID50862599 DTXSID20642042 DTXSID70743932 DTXSID90825880 DTXSID20675239 DTXSID50423907 DTXSID30839224 DTXSID30815008
DTXSID80733081	DTXSID60561849 DTXSID90370966 DTXSID40478209 DTXSID80475919 DTXSID90693208 DTXSID80304336 DTXSID80597943 DTXSID80516730 DTXSID80732155 DTXSID10646413 DTXSID70616314 DTXSID60578412 DTXSID90319299 DTXSID10308665 DTXSID30401026 DTXSID30371053 DTXSID40661659 DTXSID90406719 DTXSID70382567 DTXSID40517460
DTXSID00509528	DTXSID40741864 DTXSID30790189 DTXSID70436675 DTXSID00443695 DTXSID50885905 DTXSID80304871 DTXSID60390353 DTXSID30549811 DTXSID20768771 DTXSID20505981 DTXSID70519199 DTXSID10468758 DTXSID90873624 DTXSID30400877 DTXSID70642214 DTXSID50563135 DTXSID20747682 DTXSID40513801 DTXSID80534075 DTXSID90519676
DTXSID90524068	DTXSID70433583 DTXSID50733073 DTXSID90189358 DTXSID00754490 DTXSID40209676 DTXSID10772928 DTXSID20877337 DTXSID40228701 DTXSID20185808 DTXSID30526586 DTXSID10715779 DTXSID90796884 DTXSID00378832 DTXSID0052388 DTXSID70582525 DTXSID20676943 DTXSID50696336 DTXSID60471818 DTXSID70759654 DTXSID50668230
DTXSID50742468	DTXSID30442510 DTXSID40700158 DTXSID00849057 DTXSID10516208 DTXSID20628588 DTXSID60744317 DTXSID90715717 DTXSID70143155 DTXSID00604183 DTXSID80867496 DTXSID70592609 DTXSID20612902 DTXSID80142856 DTXSID90447349 DTXSID90745079 DTXSID70395213 DTXSID50788144 DTXSID20379503 DTXSID90609465 DTXSID60329183
DTXSID90280854	DTXSID70720440 DTXSID70333716 DTXSID40547121 DTXSID30823264 DTXSID50788008 DTXSID90490996 DTXSID10503451 DTXSID20587863 DTXSID80610828 DTXSID60290364 DTXSID6024337 DTXSID90178843 DTXSID40358330 DTXSID90280672 DTXSID70790249 DTXSID50326560 DTXSID00240863 DTXSID8047717 DTXSID10310607 DTXSID20323662
DTXSID90222451	DTXSID30317294 DTXSID40698521 DTXSID30896094 DTXSID80778154 DTXSID30889002 DTXSID60875812 DTXSID70889001 DTXSID40877197 DTXSID50488652 DTXSID00877198 DTXSID40652300 DTXSID00151203 DTXSID60842948 DTXSID50523178 DTXSID60896426 DTXSID70303818 DTXSID60327083 DTXSID80222344 DTXSID60161040 DTXSID00748632
DTXSID90487604	DTXSID00763380 DTXSID20341866 DTXSID10500324 DTXSID00391541 DTXSID20431170 DTXSID10818299 DTXSID80169801 DTXSID10544465 DTXSID90784241 DTXSID60184971 DTXSID10838811 DTXSID40492324 DTXSID70460152 DTXSID30302286 DTXSID20340096 DTXSID30737771 DTXSID90755951 DTXSID50457944 DTXSID10456251 DTXSID70569078
DTXSID60228324	DTXSID40432846 DTXSID30481989 DTXSID80323385 DTXSID90175897 DTXSID60885395 DTXSID20308494 DTXSID30574401 DTXSID30777990 DTXSID40310256 DTXSID00239257 DTXSID90306821 DTXSID80600986 DTXSID90177215 DTXSID30813044 DTXSID00506597 DTXSID60786631 DTXSID10528048 DTXSID80503842 DTXSID60242525 DTXSID90557134
DTXSID10787971	DTXSID10886357 DTXSID50766366 DTXSID20184139 DTXSID30831086 DTXSID10831084 DTXSID80479295 DTXSID70651568 DTXSID40808082 DTXSID80795720 DTXSID40326877 DTXSID80351906 DTXSID40367063 DTXSID60557242 DTXSID60606582 DTXSID50846531 DTXSID90328629 DTXSID60350371 DTXSID00818920 DTXSID20488861 DTXSID20423873
DTXSID30675003	DTXSID40738931 DTXSID20478323 DTXSID70393390 DTXSID90560582 DTXSID10303190 DTXSID80694466 DTXSID80534575 DTXSID90726161 DTXSID90723352 DTXSID00606586 DTXSID20719167 DTXSID80836369 DTXSID50471468 DTXSID20735721 DTXSID50814992 DTXSID10694474 DTXSID60721022 DTXSID80162079 DTXSID50461349 DTXSID10322225
DTXSID20292127	DTXSID8066347 DTXSID10341552 DTXSID50147050 DTXSID60785200 DTXSID40225492 DTXSID40310175 DTXSID10425129 DTXSID10634274 DTXSID30279363 DTXSID60291078 DTXSID20811357 DTXSID60805533 DTXSID30465820 DTXSID80781567 DTXSID60510635 DTXSID30879706 DTXSID80712154 DTXSID70150627 DTXSID20564316 DTXSID70599390
DTXSID60513909	DTXSID70531336 DTXSID70325893 DTXSID20203379 DTXSID60219237 DTXSID50568185 DTXSID00340731 DTXSID70507091 DTXSID00542970 DTXSID40285733 DTXSID60599405 DTXSID20443455 DTXSID80332674 DTXSID40574018 DTXSID00770579 DTXSID60785886 DTXSID60183020 DTXSID00816724 DTXSID00625252 DTXSID60764858 DTXSID80615999
DTXSID50234914	DTXSID10640895 DTXSID50563231 DTXSID30828774 DTXSID10556700 DTXSID40796495 DTXSID00468308 DTXSID3022168 DTXSID00552054 DTXSID60812328 DTXSID60192233 DTXSID50293203 DTXSID50469729 DTXSID50793056 DTXSID4066414 DTXSID30280398 DTXSID80889294 DTXSID40399561 DTXSID50201202 DTXSID10189714 DTXSID30790846
DTXSID60493474	DTXSID40721469 DTXSID10669208 DTXSID80452745 DTXSID20716575 DTXSID70177915 DTXSID10577576 DTXSID90557811 DTXSID30301279 DTXSID20455750 DTXSID30454996 DTXSID60465696 DTXSID50507099 DTXSID40577867 DTXSID10206172 DTXSID10530126 DTXSID80553706 DTXSID80613339 DTXSID50395812 DTXSID90462032 DTXSID80633077
DTXSID50306701	DTXSID90719154 DTXSID80661118 DTXSID90290716 DTXSID80564296 DTXSID70525891 DTXSID40407317 DTXSID90745079 DTXSID50788144 DTXSID60598397 DTXSID10837920 DTXSID50832292 DTXSID00775105 DTXSID80838585 DTXSID2073019 DTXSID60693876 DTXSID40208442 DTXSID50759410 DTXSID80787403 DTXSID3042269 DTXSID00493059
DTXSID10557297	DTXSID30452679 DTXSID00481577 DTXSID80610161 DTXSID50172963 DTXSID20874164 DTXSID00745404 DTXSID60597663 DTXSID10596242 DTXSID10312106 DTXSID30618435 DTXSID70711550 DTXSID70709755 DTXSID70381358 DTXSID00406543 DTXSID50178682 DTXSID00401058 DTXSID30289801 DTXSID70512266 DTXSID00465372 DTXSID40543961
DTXSID70569452	DTXSID20590599 DTXSID90406890 DTXSID40656126 DTXSID30462975 DTXSID90647988 DTXSID10653687 DTXSID50239863 DTXSID00501648 DTXSID60663554 DTXSID80856466 DTXSID50855981 DTXSID30805005 DTXSID30488256 DTXSID80295533 DTXSID90672275 DTXSID50803285 DTXSID10371632 DTXSID80385004 DTXSID70455785 DTXSID20579162
DTXSID70768463	DTXSID80633077 DTXSID90462032 DTXSID90379515 DTXSID60482060 DTXSID20599643 DTXSID30624172 DTXSID10561314 DTXSID50518867 DTXSID00727482 DTXSID00531006 DTXSID10633489 DTXSID40192433 DTXSID80595505 DTXSID70879422 DTXSID10530126 DTXSID70177915 DTXSID90557811 DTXSID60560913 DTXSID00355800 DTXSID40756655
DTXSID20238166	DTXSID80375586 DTXSID30303157 DTXSID00825275 DTXSID20677995 DTXSID40345927 DTXSID10344528 DTXSID30378209 DTXSID10398581 DTXSID60175440 DTXSID80597261 DTXSID70337855 DTXSID60739460 DTXSID10786207 DTXSID80767386 DTXSID60535000 DTXSID40658504 DTXSID40571527 DTXSID70443980 DTXSID90640611 DTXSID10210118
DTXSID20306314	DTXSID70588345 DTXSID80174874 DTXSID60288680 DTXSID50368647 DTXSID40545687 DTXSID60876066 DTXSID70355317 DTXSID50183731 DTXSID60816780 DTXSID30157793 DTXSID40855379 DTXSID90440991 DTXSID80343528 DTXSID60704577 DTXSID10380608 DTXSID80360679 DTXSID40818449 DTXSID60479238 DTXSID20489156 DTXSID50743096
DTXSID70793598	DTXSID10145572 DTXSID20430340 DTXSID60855710 DTXSID50701292 DTXSID90703659 DTXSID10676396 DTXSID70290799 DTXSID00326459 DTXSID50211245 DTXSID70492352 DTXSID70180323 DTXSID80679990 DTXSID30614917 DTXSID90437447 DTXSID90366162 DTXSID40698844 DTXSID70879705 DTXSID9072286 DTXSID80364511 DTXSID20815698
DTXSID40724874	DTXSID40385722 DTXSID10426095 DTXSID70580369 DTXSID20394317 DTXSID80184812 DTXSID40592792 DTXSID50747579 DTXSID60437297 DTXSID60725848 DTXSID3066267 DTXSID20284800 DTXSID80548314 DTXSID10672873 DTXSID40854049 DTXSID70748200 DTXSID60701102 DTXSID50590547 DTXSID20445797 DTXSID90675064 DTXSID70855660
DTXSID60364059	DTXSID80542993 DTXSID10176321 DTXSID9044790 DTXSID10213689 DTXSID10801287 DTXSID30406096 DTXSID90720280 DTXSID40558595 DTXSID70490090 DTXSID40668648 DTXSID40199745 DTXSID00635816 DTXSID70212678 DTXSID10528402 DTXSID80478086 DTXSID30639766 DTXSID40329449 DTXSID90341893 DTXSID10647905 DTXSID80442020
DTXSID90722587	DTXSID40468084 DTXSID20832224 DTXSID30797451 DTXSID30368908 DTXSID00165648 DTXSID00326035 DTXSID00429333 DTXSID30809003 DTXSID90422898 DTXSID10294832 DTXSID30823229 DTXSID50748066 DTXSID00618321 DTXSID10659982 DTXSID3057729 DTXSID70662836 DTXSID10556543 DTXSID80375703 DTXSID70428934 DTXSID80668364
DTXSID80796772	DTXSID20619259 DTXSID60879719 DTXSID30804639 DTXSID40421230 DTXSID70536164 DTXSID20228325 DTXSID40164599 DTXSID40756736 DTXSID30303394 DTXSID20364510 DTXSID20346058 DTXSID50379475 DTXSID20604968 DTXSID10359430 DTXSID70397414 DTXSID90152880 DTXSID30525099 DTXSID70548964 DTXSID80377186 DTXSID30546800
DTXSID0058514	DTXSID70602333 DTXSID20453973 DTXSID80275653 DTXSID20886101 DTXSID50619383 DTXSID60621912 DTXSID90596508 DTXSID70471682 DTXSID30666835 DTXSID60374335 DTXSID80810068 DTXSID60318532 DTXSID20536457 DTXSID30671560 DTXSID60415636 DTXSID60616843 DTXSID10832697 DTXSID30413629 DTXSID60710254 DTXSID70498152
DTXSID30180824	DTXSID40628489 DTXSID00196871 DTXSID50569415 DTXSID00547167 DTXSID20372933 DTXSID10280790 DTXSID50354368 DTXSID00348838 DTXSID80628382 DTXSID00348297 DTXSID70788262 DTXSID10383811 DTXSID30519731 DTXSID80621691 DTXSID00342891 DTXSID50604173 DTXSID80686346 DTXSID70726528 DTXSID70478257 DTXSID60500859
DTXSID70615761	DTXSID20680742 DTXSID00497850 DTXSID90740544 DTXSID80374438 DTXSID50590749 DTXSID80182510 DTXSID60303226 DTXSID80499110 DTXSID30716364 DTXSID50208059 DTXSID3069982 DTXSID1063435 DTXSID80646465 DTXSID80556898 DTXSID50364467 DTXSID30716324 DTXSID70619188 DTXSID80729308 DTXSID90497425 DTXSID20663414
DTXSID70561092	DTXSID60434766 DTXSID90203604 DTXSID50494753 DTXSID10797277 DTXSID60533288 DTXSID50603368 DTXSID50705639 DTXSID80588013 DTXSID10820791 DTXSID80464702 DTXSID90358244 DTXSID10696150 DTXSID20354870 DTXSID50285360 DTXSID10349472 DTXSID50322305 DTXSID60286045 DTXSID20759705 DTXSID1061998 DTXSID50195879
DTXSID00678763	DTXSID2041202 DTXSID40719149 DTXSID70546066 DTXSID60874628 DTXSID70848835 DTXSID10510241 DTXSID30662498 DTXSID20447413 DTXSID10448999 DTXSID3060667 DTXSID60703727 DTXSID40304615 DTXSID10808413 DTXSID10470659 DTXSID50707895 DTXSID60662507 DTXSID80768373 DTXSID50173692 DTXSID60430268 DTXSID30294197
DTXSID70733090	DTXSID90446155 DTXSID70646297 DTXSID00646220 DTXSID20634806 DTXSID10705852 DTXSID90487361 DTXSID00857591 DTXSID00214044 DTXSID40585927 DTXSID30371053 DTXSID60469614 DTXSID10557257 DTXSID80729005 DTXSID10646413 DTXSID10777190 DTXSID50167293 DTXSID30754024 DTXSID80563209 DTXSID90626273 DTXSID80723543
DTXSID40876847	DTXSID80756058 DTXSID20144394 DTXSID10371692 DTXSID10547299 DTXSID40296925 DTXSID80598596 DTXSID00661216 DTXSID30756543 DTXSID80822580 DTXSID20595206 DTXSID40414687 DTXSID40657274 DTXSID50433142 DTXSID60145840 DTXSID60876440 DTXSID40147746 DTXSID10325094 DTXSID9021712 DTXSID90479640 DTXSID30541491
DTXSID30578828	DTXSID00667551 DTXSID7051686 DTXSID60451392 DTXSID80397324 DTXSID70478419 DTXSID80509708 DTXSID80434162 DTXSID50382722 DTXSID50441368 DTXSID70275501 DTXSID10824299 DTXSID00651450 DTXSID40427974 DTXSID50473745 DTXSID00707608 DTXSID20579647 DTXSID30489122 DTXSID00887994 DTXSID00186010 DTXSID50482458
DTXSID70825242	DTXSID80776034 DTXSID20835977 DTXSID50318526 DTXSID70284653 DTXSID20594678 DTXSID20403498 DTXSID70612013 DTXSID10463021 DTXSID00405935 DTXSID10144484 DTXSID50640319 DTXSID70488750 DTXSID60497336 DTXSID00577964 DTXSID20172071 DTXSID90329454 DTXSID50465827 DTXSID90573096 DTXSID50639889 DTXSID50505318
DTXSID10452258	DTXSID10296472 DTXSID3037543 DTXSID50760081 DTXSID70723456 DTXSID10223061 DTXSID60829754 DTXSID80346397 DTXSID90656353 DTXSID20737386 DTXSID80195726 DTXSID30186765 DTXSID90169897 DTXSID80679632 DTXSID10295283 DTXSID90504401 DTXSID00145566 DTXSID10876293 DTXSID90532289 DTXSID30203209 DTXSID30389739
DTXSID10311533	DTXSID10895944 DTXSID10288155 DTXSID80896180 DTXSID60542335 DTXSID40430160 DTXSID9072652 DTXSID40404280 DTXSID50776829 DTXSID30189978 DTXSID50342189 DTXSID00508773 DTXSID30479725 DTXSID60680908 DTXSID60233812 DTXSID80292683 DTXSID50452131 DTXSID10565317 DTXSID60820660 DTXSID10506361 DTXSID80625119
DTXSID70747839	DTXSID30584969 DTXSID3061683 DTXSID00234328 DTXSID80675912 DTXSID00421579 DTXSID10288877 DTXSID90783517 DTXSID00307723 DTXSID20722459 DTXSID70284875 DTXSID10225444 DTXSID40556793 DTXSID90322162 DTXSID40163623 DTXSID30624394 DTXSID70336909 DTXSID60593084 DTXSID70571636 DTXSID30744627 DTXSID60638580
DTXSID20375085	DTXSID60395929 DTXSID60438865 DTXSID90608771 DTXSID90149336 DTXSID70742783 DTXSID40551667 DTXSID40616866 DTXSID40425995 DTXSID30343058 DTXSID50632259 DTXSID00429853 DTXSID50280274 DTXSID70353797 DTXSID30579759 DTXSID8066975 DTXSID40282005 DTXSID80375086 DTXSID80591547 DTXSID50795277 DTXSID10288332
DTXSID00604441	DTXSID30777990 DTXSID80713888 DTXSID70281485 DTXSID60885395 DTXSID40745100 DTXSID60558138 DTXSID00533141 DTXSID60790258 DTXSID80323385 DTXSID80600986 DTXSID10175430 DTXSID10532468 DTXSID30149274 DTXSID00606642 DTXSID60667577 DTXSID30209347 DTXSID80503842 DTXSID40676425 DTXSID40396919 DTXSID90790605
DTXSID80655638	DTXSID80485831 DTXSID00480065 DTXSID80348497 DTXSID70428712 DTXSID40613335 DTXSID40663532 DTXSID70608916 DTXSID20707948 DTXSID40192418 DTXSID30418775 DTXSID10627005 DTXSID50342306 DTXSID20835912 DTXSID30566624 DTXSID30811020 DTXSID40348579 DTXSID00669338 DTXSID70341093 DTXSID80462369 DTXSID00373721
DTXSID2070421	DTXSID20834925 DTXSID60710279 DTXSID10819029 DTXSID20808722 DTXSID70710346 DTXSID30158189 DTXSID40193041 DTXSID40867432 DTXSID60282305 DTXSID10805149 DTXSID30805762 DTXSID70790805 DTXSID10609947 DTXSID20888665 DTXSID40880989 DTXSID40830606 DTXSID00804404 DTXSID40789867 DTXSID70395056 DTXSID60675950
DTXSID40774819	DTXSID00799866 DTXSID90324449 DTXSID00217873 DTXSID10275540 DTXSID10444416 DTXSID50841228 DTXSID50527333 DTXSID60734738 DTXSID70502965 DTXSID80734038 DTXSID20310138 DTXSID00389746 DTXSID70224791 DTXSID50421524 DTXSID10443964 DTXSID00186176 DTXSID00672827 DTXSID20591980 DTXSID30621282 DTXSID70393496
DTXSID30473526	DTXSID40785682 DTXSID70189210 DTXSID70744348 DTXSID00628521 DTXSID40243939 DTXSID60836802 DTXSID40797841 DTXSID70459804 DTXSID60299079 DTXSID10221724 DTXSID00229310 DTXSID90150427 DTXSID10427188 DTXSID50415004 DTXSID90846131 DTXSID30739694 DTXSID10803544 DTXSID10464730 DTXSID00407338 DTXSID30667342
DTXSID60526094	DTXSID00873296 DTXSID00732571 DTXSID20288045 DTXSID80407816 DTXSID10341658 DTXSID30435361 DTXSID10721299 DTXSID00281615 DTXSID20459617 DTXSID60573543 DTXSID80612544 DTXSID60468920 DTXSID5066089 DTXSID10853165 DTXSID30538700 DTXSID90595036 DTXSID00325563 DTXSID10509216 DTXSID80878082 DTXSID90462451
DTXSID30397253	DTXSID10646857 DTXSID40349703 DTXSID40513705 DTXSID50352561 DTXSID90676738 DTXSID10408598 DTXSID40681973 DTXSID10181056 DTXSID80470368 DTXSID50740727 DTXSID30355691 DTXSID90743297 DTXSID40293651 DTXSID00372794 DTXSID50457707 DTXSID90520383 DTXSID20324558 DTXSID30240972 DTXSID50427945 DTXSID70601548
DTXSID70398406	DTXSID20542816 DTXSID50707951 DTXSID50813501 DTXSID20734330 DTXSID70757352 DTXSID40343468 DTXSID40212084 DTXSID70836510 DTXSID30521910 DTXSID00331164 DTXSID60893915 DTXSID10364529 DTXSID00631297 DTXSID70676993 DTXSID50783876 DTXSID90733890 DTXSID20667735 DTXSID30593394 DTXSID20670305 DTXSID90398180
DTXSID30308581	DTXSID10508668 DTXSID50528168 DTXSID50701111 DTXSID50624477 DTXSID40634126 DTXSID90571239 DTXSID30529310 DTXSID30583295 DTXSID00241638 DTXSID10181718 DTXSID30671207 DTXSID00382853 DTXSID10642071 DTXSID10653127 DTXSID60427815 DTXSID10391274 DTXSID10298976 DTXSID70553659 DTXSID80528156 DTXSID8060298
DTXSID6070560	DTXSID20454682 DTXSID60887995 DTXSID50423907 DTXSID60834161 DTXSID20675239 DTXSID40820608 DTXSID90284610 DTXSID70743932 DTXSID60499097 DTXSID90445022 DTXSID30815008 DTXSID80541481 DTXSID20737725 DTXSID50858836 DTXSID70798725 DTXSID80506732 DTXSID10647309 DTXSID00203059 DTXSID20554217 DTXSID10667542
DTXSID40635496	DTXSID00706535 DTXSID20318013 DTXSID40408203 DTXSID6044648 DTXSID20653476 DTXSID90547570 DTXSID30587935 DTXSID20446421 DTXSID70517771 DTXSID00343449 DTXSID90543436 DTXSID30757772 DTXSID30333176 DTXSID00491015 DTXSID20190770 DTXSID90450858 DTXSID40543441 DTXSID30301456 DTXSID20475812 DTXSID70488750
DTXSID70305776	DTXSID70460238 DTXSID30213626 DTXSID30332528 DTXSID30424634 DTXSID20670305 DTXSID80598470 DTXSID40775609 DTXSID00560977 DTXSID10378500 DTXSID8068171 DTXSID50328963 DTXSID10284657 DTXSID00331164 DTXSID90237247 DTXSID20808020 DTXSID40525565 DTXSID00887636 DTXSID00631297 DTXSID30521910 DTXSID90733890
DTXSID50825200	DTXSID20503104 DTXSID40621910 DTXSID90591699 DTXSID80431818 DTXSID00220882 DTXSID10519178 DTXSID40213495 DTXSID10403669 DTXSID30375137 DTXSID70526808 DTXSID70445949 DTXSID60357421 DTXSID50220892 DTXSID80661133 DTXSID60626947 DTXSID60745223 DTXSID10505874 DTXSID00711265 DTXSID8058827 DTXSID30468391
DTXSID60291078	DTXSID60510635 DTXSID40617934 DTXSID10425129 DTXSID20798412 DTXSID90402498 DTXSID50760389 DTXSID20811357 DTXSID80324357 DTXSID80442686 DTXSID10541414 DTXSID80349621 DTXSID10341552 DTXSID60325125 DTXSID20416442 DTXSID90759338 DTXSID80395860 DTXSID40415679 DTXSID40194558 DTXSID80612887 DTXSID20327009
DTXSID40847052	DTXSID50555378 DTXSID60458866 DTXSID4034817 DTXSID20676943 DTXSID00754490 DTXSID40228701 DTXSID20502450 DTXSID20612381 DTXSID10757811 DTXSID40337105 DTXSID50234732 DTXSID2026602 DTXSID10568929 DTXSID00223116 DTXSID70876951 DTXSID10672217 DTXSID7066643 DTXSID80198656 DTXSID60486664 DTXSID50346667
DTXSID80733622	DTXSID30277485 DTXSID70324361 DTXSID90542449 DTXSID10565094 DTXSID60727382 DTXSID90596028 DTXSID90391712 DTXSID20378692 DTXSID40467239 DTXSID70856511 DTXSID1071458 DTXSID40451698 DTXSID90850894 DTXSID50322764 DTXSID60354011 DTXSID50404554 DTXSID90370522 DTXSID50681601 DTXSID30736769 DTXSID60601471
DTXSID50356327	DTXSID30179672 DTXSID30227566 DTXSID60879411 DTXSID10763412 DTXSID30521950 DTXSID80156493 DTXSID40199841 DTXSID30428359 DTXSID50512269 DTXSID70487647 DTXSID20780433 DTXSID00274688 DTXSID20430688 DTXSID20406202 DTXSID40615596 DTXSID90181655 DTXSID50751474 DTXSID00601031 DTXSID90152845 DTXSID50722604
DTXSID50568807	DTXSID10737693 DTXSID90274879 DTXSID70367879 DTXSID40828184 DTXSID40553949 DTXSID00406482 DTXSID60718134 DTXSID60192935 DTXSID60497038 DTXSID30510687 DTXSID80652167 DTXSID80611193 DTXSID50445684 DTXSID80509162 DTXSID80780196 DTXSID60787224 DTXSID40755587 DTXSID00829036 DTXSID40480100 DTXSID70453488
DTXSID70630333	DTXSID00589805 DTXSID30617968 DTXSID20524016 DTXSID50551916 DTXSID70526828 DTXSID90826519 DTXSID00145708 DTXSID50404433 DTXSID70507379 DTXSID40620145 DTXSID00531041 DTXSID40784357 DTXSID10211645 DTXSID00330692 DTXSID50527373 DTXSID60825514 DTXSID20857598 DTXSID60599086 DTXSID70543979 DTXSID30504920
DTXSID20660908	DTXSID30729499 DTXSID00317766 DTXSID80620169 DTXSID20424284 DTXSID50196028 DTXSID60621654 DTXSID40654925 DTXSID40596295 DTXSID80608826 DTXSID10217122 DTXSID20525200 DTXSID90584728 DTXSID00398893 DTXSID40308254 DTXSID10850376 DTXSID10525991 DTXSID80588290 DTXSID30589373 DTXSID60694580 DTXSID00427450
DTXSID10436811	DTXSID70415420 DTXSID80211218 DTXSID80494605 DTXSID60734410 DTXSID80573166 DTXSID50634238 DTXSID20457279 DTXSID20857497 DTXSID90719730 DTXSID20708778 DTXSID00646467 DTXSID10477784 DTXSID70722227 DTXSID50649802 DTXSID10693482 DTXSID80681992 DTXSID10470013 DTXSID20379543 DTXSID20579162 DTXSID70316448
DTXSID50707895	DTXSID60703727 DTXSID30816550 DTXSID70751971 DTXSID70143731 DTXSID50847088 DTXSID80768717 DTXSID20582919 DTXSID10470659 DTXSID40382796 DTXSID80709549 DTXSID70176408 DTXSID40544695 DTXSID40815312 DTXSID40239670 DTXSID60662507 DTXSID50341511 DTXSID2041202 DTXSID60874628 DTXSID90390604 DTXSID10808413
DTXSID40823058	DTXSID90654910 DTXSID80851436 DTXSID60818047 DTXSID00468308 DTXSID4066414 DTXSID10556700 DTXSID40596033 DTXSID30287165 DTXSID40796495 DTXSID50563231 DTXSID70226876 DTXSID50293203 DTXSID70598186 DTXSID30828774 DTXSID50201202 DTXSID40399561 DTXSID40207955 DTXSID80284801 DTXSID50855769 DTXSID50705750
DTXSID40637430	DTXSID20336777 DTXSID20719162 DTXSID30400357 DTXSID90723953 DTXSID20701062 DTXSID60430268 DTXSID00866926 DTXSID10843167 DTXSID10606310 DTXSID50816451 DTXSID30294197 DTXSID50173692 DTXSID90693561 DTXSID40662500 DTXSID50469188 DTXSID40148874 DTXSID70574283 DTXSID00854782 DTXSID50214771 DTXSID20797647
DTXSID60229255	DTXSID20552238 DTXSID40183664 DTXSID00531485 DTXSID70328364 DTXSID20455750 DTXSID30573292 DTXSID80613339 DTXSID70516729 DTXSID10206172 DTXSID40577867 DTXSID10577576 DTXSID20513824 DTXSID60649136 DTXSID10182503 DTXSID50307490 DTXSID10765572 DTXSID80553706 DTXSID20716575 DTXSID80502759 DTXSID70668499
DTXSID30614275	DTXSID30222197 DTXSID20400745 DTXSID90577877 DTXSID30369379 DTXSID00213411 DTXSID9068378 DTXSID30551136 DTXSID00766412 DTXSID00351221 DTXSID70405624 DTXSID90655745 DTXSID60822144 DTXSID70366685 DTXSID30527250 DTXSID30626050 DTXSID90473840 DTXSID60312631 DTXSID60335284 DTXSID90473481 DTXSID40430185
DTXSID30532662	DTXSID80706492 DTXSID30499004 DTXSID80409214 DTXSID10547673 DTXSID90547671 DTXSID00729865 DTXSID90700087 DTXSID20298200 DTXSID30323618 DTXSID6036885 DTXSID70195699 DTXSID00421433 DTXSID80453838 DTXSID60458280 DTXSID90651202 DTXSID50630952 DTXSID60675071 DTXSID20336196 DTXSID80712533 DTXSID20718998
DTXSID80293251	DTXSID30848472 DTXSID70737937 DTXSID2046836 DTXSID50601243 DTXSID10484650 DTXSID80744157 DTXSID20536750 DTXSID90559057 DTXSID70548767 DTXSID60527804 DTXSID20641272 DTXSID20702716 DTXSID70331217 DTXSID90477242 DTXSID40829772 DTXSID60848460 DTXSID40593183 DTXSID70545195 DTXSID60444729 DTXSID90281785
DTXSID20168772	DTXSID20354471 DTXSID50225620 DTXSID00520894 DTXSID20488386 DTXSID60618529 DTXSID60351681 DTXSID50683468 DTXSID70459046 DTXSID30401122 DTXSID80639958 DTXSID20310830 DTXSID50399774 DTXSID90362083 DTXSID00664580 DTXSID70781915 DTXSID40222542 DTXSID50464178 DTXSID50368506 DTXSID60532913 DTXSID40684101
DTXSID70629489	DTXSID20351228 DTXSID30600355 DTXSID80354750 DTXSID60501705 DTXSID60573200 DTXSID30668051 DTXSID70315976 DTXSID50671709 DTXSID10380986 DTXSID50325992 DTXSID30666870 DTXSID70357679 DTXSID90581772 DTXSID50538580 DTXSID70594608 DTXSID10406059 DTXSID80612226 DTXSID70572300 DTXSID40324171 DTXSID60300674
DTXSID20619259	DTXSID80796772 DTXSID30804639 DTXSID60879719 DTXSID20228325 DTXSID40421230 DTXSID70536164 DTXSID20346058 DTXSID40756736 DTXSID50379475 DTXSID40164599 DTXSID30303394 DTXSID70397414 DTXSID10359430 DTXSID90152880 DTXSID20364510 DTXSID20604968 DTXSID30525099 DTXSID70543979 DTXSID70548964 DTXSID80377186
DTXSID50569319	DTXSID00196518 DTXSID40280980 DTXSID40633972 DTXSID30474098 DTXSID10292035 DTXSID80851239 DTXSID80771766 DTXSID40696461 DTXSID00390236 DTXSID70282356 DTXSID00508096 DTXSID50304449 DTXSID00567961 DTXSID80774196 DTXSID80143040 DTXSID10277524 DTXSID90370522 DTXSID70610039 DTXSID10651542 DTXSID00303649
DTXSID40444409	DTXSID60669233 DTXSID10347115 DTXSID70784289 DTXSID90451325 DTXSID40701403 DTXSID50776243 DTXSID10712405 DTXSID70576984 DTXSID00668987 DTXSID70669229 DTXSID40187203 DTXSID10777554 DTXSID20640467 DTXSID30857448 DTXSID10354268 DTXSID20849776 DTXSID5063605 DTXSID10172580 DTXSID00670222 DTXSID80668985
DTXSID00304090	DTXSID90425465 DTXSID90205022 DTXSID80572896 DTXSID20378677 DTXSID70828773 DTXSID10358741 DTXSID70542023 DTXSID70395213 DTXSID60329183 DTXSID10470412 DTXSID30217503 DTXSID60744317 DTXSID30730641 DTXSID30442510 DTXSID20612902 DTXSID00619277 DTXSID90499641 DTXSID90554466 DTXSID30540282 DTXSID90715717
DTXSID50436633	DTXSID50370902 DTXSID00705785 DTXSID00278323 DTXSID60222746 DTXSID40811253 DTXSID20146696 DTXSID30836834 DTXSID10313815 DTXSID70589837 DTXSID80589808 DTXSID20732210 DTXSID60842544 DTXSID80788253 DTXSID30558488 DTXSID1036886 DTXSID70437465 DTXSID50421786 DTXSID50335233 DTXSID40847597 DTXSID80700798
DTXSID50186702	DTXSID70283207 DTXSID70607621 DTXSID80675154 DTXSID10617749 DTXSID80320612 DTXSID10219323 DTXSID40279359 DTXSID70672475 DTXSID70736561 DTXSID80664260 DTXSID00681590 DTXSID80514418 DTXSID00491272 DTXSID90651949 DTXSID00505101 DTXSID70320828 DTXSID70427821 DTXSID80195726 DTXSID00658469 DTXSID80679632
DTXSID00151728	DTXSID30605128 DTXSID50636555 DTXSID50354060 DTXSID30563335 DTXSID60588132 DTXSID20191247 DTXSID70850630 DTXSID00344214 DTXSID90510345 DTXSID30462596 DTXSID20235433 DTXSID30686896 DTXSID80670922 DTXSID30162665 DTXSID70361650 DTXSID00552711 DTXSID50398949 DTXSID60395247 DTXSID20346371 DTXSID20789128
DTXSID80713888	DTXSID60790258 DTXSID40745100 DTXSID70281485 DTXSID00604441 DTXSID00533141 DTXSID60558138 DTXSID40396919 DTXSID10532468 DTXSID00606642 DTXSID30149274 DTXSID30777990 DTXSID60829072 DTXSID60289273 DTXSID20732412 DTXSID80600986 DTXSID60667577 DTXSID90209803 DTXSID30714365 DTXSID60424420 DTXSID90330909
DTXSID20352715	DTXSID10668655 DTXSID20576136 DTXSID40508893 DTXSID00710011 DTXSID00393727 DTXSID90676839 DTXSID20299454 DTXSID80657117 DTXSID80727804 DTXSID40781189 DTXSID00654103 DTXSID30279565 DTXSID30627002 DTXSID90669140 DTXSID50602750 DTXSID60319443 DTXSID90438530 DTXSID60394275 DTXSID80162953 DTXSID50165017
DTXSID00346298	DTXSID70628795 DTXSID70725612 DTXSID00352617 DTXSID40308254 DTXSID00291855 DTXSID10839444 DTXSID50321954 DTXSID80369526 DTXSID60196094 DTXSID10767591 DTXSID20739784 DTXSID20525200 DTXSID60192657 DTXSID10787436 DTXSID50716063 DTXSID70668959 DTXSID3037549 DTXSID10384429 DTXSID50494990 DTXSID70465081
DTXSID40547121	DTXSID70720440 DTXSID90280854 DTXSID10503451 DTXSID70333716 DTXSID80610828 DTXSID30823264 DTXSID10310607 DTXSID70790249 DTXSID90490996 DTXSID20587863 DTXSID60290364 DTXSID50621542 DTXSID60838245 DTXSID70737336 DTXSID00240863 DTXSID40358330 DTXSID30844257 DTXSID50788008 DTXSID30707191 DTXSID50326560
DTXSID20418305	DTXSID10344169 DTXSID80337326 DTXSID70310608 DTXSID10602690 DTXSID00769246 DTXSID80615318 DTXSID80728891 DTXSID90647221 DTXSID70710422 DTXSID40637874 DTXSID20857311 DTXSID70221568 DTXSID80896049 DTXSID50487645 DTXSID90706165 DTXSID40670741 DTXSID50856377 DTXSID50345014 DTXSID50622857 DTXSID40430266
DTXSID20834925	DTXSID2070421 DTXSID70710346 DTXSID10609947 DTXSID10819029 DTXSID60710279 DTXSID30158189 DTXSID10805149 DTXSID20808722 DTXSID70790805 DTXSID20888665 DTXSID30805762 DTXSID40867432 DTXSID60675950 DTXSID70761252 DTXSID40789867 DTXSID40830606 DTXSID00804404 DTXSID40193041 DTXSID60418021 DTXSID70769793
DTXSID60674125	DTXSID00625535 DTXSID00444107 DTXSID70712704 DTXSID80346776 DTXSID40324171 DTXSID90427267 DTXSID50818117 DTXSID50684233 DTXSID40144179 DTXSID10876213 DTXSID50538580 DTXSID00604284 DTXSID70400336 DTXSID60573200 DTXSID10364706 DTXSID30189978 DTXSID00571028 DTXSID40589445 DTXSID80354750 DTXSID9068742
DTXSID40494565	DTXSID70243806 DTXSID40809372 DTXSID60463011 DTXSID10578240 DTXSID40186074 DTXSID60445433 DTXSID50845665 DTXSID50851009 DTXSID40700032 DTXSID40527741 DTXSID70278193 DTXSID40815115 DTXSID40322596 DTXSID20323662 DTXSID50757779 DTXSID30357014 DTXSID10482090 DTXSID10780048 DTXSID00771182 DTXSID00494304
DTXSID30819304	DTXSID00612400 DTXSID50694498 DTXSID20185808 DTXSID80637257 DTXSID5070232 DTXSID00428568 DTXSID90796884 DTXSID10772928 DTXSID30594280 DTXSID00802182 DTXSID00678208 DTXSID60471818 DTXSID10590381 DTXSID70759654 DTXSID90179991 DTXSID30568360 DTXSID10715779 DTXSID10212011 DTXSID00355729 DTXSID30526586
DTXSID00454862	DTXSID30851507 DTXSID40156575 DTXSID00823534 DTXSID10782320 DTXSID00832722 DTXSID70823546 DTXSID80773083 DTXSID40823497 DTXSID60152170 DTXSID30825102 DTXSID4070378 DTXSID70880598 DTXSID10218654 DTXSID40333127 DTXSID60874764 DTXSID40652547 DTXSID40823513 DTXSID40471876 DTXSID50783619 DTXSID30155996
DTXSID20403978	DTXSID30612519 DTXSID50709551 DTXSID50481946 DTXSID60460080 DTXSID80278947 DTXSID00441777 DTXSID20161445 DTXSID90352303 DTXSID7044506 DTXSID40374510 DTXSID30418639 DTXSID00603530 DTXSID50790207 DTXSID00444965 DTXSID60183484 DTXSID60278066 DTXSID00749265 DTXSID8063834 DTXSID90404174 DTXSID10586320
DTXSID10659624	DTXSID30592241 DTXSID80208966 DTXSID50446232 DTXSID50366244 DTXSID50323352 DTXSID30711814 DTXSID70696934 DTXSID80665454 DTXSID00312019 DTXSID90238138 DTXSID20447155 DTXSID20585788 DTXSID30303990 DTXSID50593492 DTXSID40507301 DTXSID40186832 DTXSID40539147 DTXSID90801907 DTXSID00621850 DTXSID10459065
DTXSID20630782	DTXSID40581323 DTXSID30575872 DTXSID70517256 DTXSID90509214 DTXSID70457305 DTXSID60580217 DTXSID40887211 DTXSID40741889 DTXSID80531423 DTXSID50515371 DTXSID20363886 DTXSID50340948 DTXSID50711134 DTXSID40662929 DTXSID90334149 DTXSID10733817 DTXSID40303729 DTXSID00719322 DTXSID40431657 DTXSID70280034
DTXSID50743394	DTXSID40721429 DTXSID30276372 DTXSID40162656 DTXSID00483556 DTXSID60599107 DTXSID80427877 DTXSID50533277 DTXSID50703690 DTXSID00461576 DTXSID00495098 DTXSID70647749 DTXSID80464787 DTXSID90408410 DTXSID50846839 DTXSID10570168 DTXSID50663326 DTXSID20508230 DTXSID10182063 DTXSID00517608 DTXSID80221599
DTXSID20876901	DTXSID00412780 DTXSID90854731 DTXSID10544364 DTXSID10806994 DTXSID70876532 DTXSID60355402 DTXSID60146276 DTXSID1059151 DTXSID10180100 DTXSID80342814 DTXSID70704008 DTXSID10338109 DTXSID60831579 DTXSID10675349 DTXSID20225894 DTXSID80757020 DTXSID10837920 DTXSID50832292 DTXSID20903968 DTXSID50560644
DTXSID10275540	DTXSID50527333 DTXSID40774819 DTXSID00799866 DTXSID10444416 DTXSID40756958 DTXSID70502965 DTXSID00672827 DTXSID90324449 DTXSID60734738 DTXSID50421524 DTXSID30621282 DTXSID50841228 DTXSID00186176 DTXSID60188272 DTXSID00217873 DTXSID00389746 DTXSID40532698 DTXSID70212037 DTXSID20352578 DTXSID70558604
DTXSID30162665	DTXSID60588132 DTXSID00186358 DTXSID50778944 DTXSID40354256 DTXSID00766437 DTXSID00407818 DTXSID50636555 DTXSID30462596 DTXSID10875781 DTXSID80496402 DTXSID40371741 DTXSID60427936 DTXSID30605128 DTXSID00619752 DTXSID80407659 DTXSID60503325 DTXSID00151728 DTXSID80766172 DTXSID30686896 DTXSID20483593
DTXSID00503965	DTXSID00509104 DTXSID40566478 DTXSID20183980 DTXSID60285093 DTXSID50321555 DTXSID90451623 DTXSID50281206 DTXSID20368654 DTXSID70448359 DTXSID10485541 DTXSID1063512 DTXSID50520026 DTXSID0051318 DTXSID10439589 DTXSID40442061 DTXSID70179095 DTXSID30306209 DTXSID70165099 DTXSID90365271 DTXSID60337061
DTXSID90152446	DTXSID40298348 DTXSID80448244 DTXSID40708275 DTXSID00582912 DTXSID50600332 DTXSID60174711 DTXSID70297602 DTXSID00186636 DTXSID40472146 DTXSID30858713 DTXSID50174083 DTXSID10808953 DTXSID50313056 DTXSID10501058 DTXSID00225771 DTXSID90749330 DTXSID90556965 DTXSID40455419 DTXSID90590243 DTXSID5061245
DTXSID60455951	DTXSID10786207 DTXSID80767386 DTXSID10736227 DTXSID40879717 DTXSID40459811 DTXSID60370650 DTXSID00388350 DTXSID00182759 DTXSID20417717 DTXSID30698318 DTXSID80597261 DTXSID50664979 DTXSID00241971 DTXSID50332560 DTXSID10326081 DTXSID70443980 DTXSID60175440 DTXSID80708592 DTXSID5051602 DTXSID20191888
DTXSID10695340	DTXSID80176712 DTXSID30669765 DTXSID20450083 DTXSID10534740 DTXSID60180615 DTXSID40562793 DTXSID10680579 DTXSID30593950 DTXSID90478072 DTXSID00734090 DTXSID40717029 DTXSID90702203 DTXSID00896344 DTXSID20598570 DTXSID60896067 DTXSID60696105 DTXSID90570505 DTXSID20656927 DTXSID50662930 DTXSID80879711
DTXSID70855069	DTXSID00563862 DTXSID30660373 DTXSID70392702 DTXSID70884657 DTXSID70356581 DTXSID60827513 DTXSID20660362 DTXSID00604709 DTXSID30616532 DTXSID50154805 DTXSID1051692 DTXSID90203164 DTXSID90158322 DTXSID40143001 DTXSID70568465 DTXSID40470283 DTXSID80221812 DTXSID60315304 DTXSID70325651 DTXSID70234370
DTXSID80804386	DTXSID10439569 DTXSID10647905 DTXSID90344743 DTXSID80640241 DTXSID30781931 DTXSID90341893 DTXSID70212678 DTXSID40558595 DTXSID30627320 DTXSID50438652 DTXSID50679866 DTXSID80624889 DTXSID90364027 DTXSID50846995 DTXSID00540491 DTXSID70705999 DTXSID20754952 DTXSID70450932 DTXSID50467164 DTXSID20641217
DTXSID30534449	DTXSID20506014 DTXSID50565977 DTXSID40670408 DTXSID10547456 DTXSID20350337 DTXSID90885863 DTXSID10634996 DTXSID80401773 DTXSID70534448 DTXSID10455027 DTXSID40552518 DTXSID10525294 DTXSID70663580 DTXSID40783663 DTXSID80509384 DTXSID70641121 DTXSID30642134 DTXSID20201895 DTXSID70367571 DTXSID90348625
DTXSID40751488	DTXSID1044514 DTXSID30714365 DTXSID60829072 DTXSID60289273 DTXSID40396919 DTXSID20370717 DTXSID50325735 DTXSID10351257 DTXSID70281485 DTXSID50226213 DTXSID30494877 DTXSID40711522 DTXSID60228965 DTXSID70317031 DTXSID70218155 DTXSID90618219 DTXSID50801589 DTXSID40761729 DTXSID80713888 DTXSID70591854
DTXSID80561528	DTXSID00442784 DTXSID90237247 DTXSID50640314 DTXSID60203318 DTXSID30318428 DTXSID70514285 DTXSID30342460 DTXSID00780936 DTXSID50315570 DTXSID10402339 DTXSID00406523 DTXSID40289039 DTXSID90613002 DTXSID50328963 DTXSID30663066 DTXSID9048194 DTXSID40775609 DTXSID20808020 DTXSID30424634 DTXSID70537510
DTXSID30371457	DTXSID70813427 DTXSID50400551 DTXSID70597735 DTXSID30177557 DTXSID0061327 DTXSID90793535 DTXSID70873662 DTXSID00503783 DTXSID80710670 DTXSID70235529 DTXSID20605314 DTXSID80439612 DTXSID30852256 DTXSID00277376 DTXSID50181656 DTXSID50179518 DTXSID10301277 DTXSID90560729 DTXSID70276593 DTXSID30668930
DTXSID40207819	DTXSID10496253 DTXSID30395390 DTXSID80640544 DTXSID30525913 DTXSID30671560 DTXSID90300667 DTXSID90857000 DTXSID10354228 DTXSID30583371 DTXSID80810068 DTXSID70602333 DTXSID40279910 DTXSID90733219 DTXSID60524373 DTXSID60837258 DTXSID20277151 DTXSID00522398 DTXSID00362579 DTXSID0058514 DTXSID30583038
DTXSID10159977	DTXSID00381442 DTXSID40217079 DTXSID00460600 DTXSID40821059 DTXSID80211677 DTXSID30185571 DTXSID50180124 DTXSID1020770 DTXSID40437235 DTXSID60471474 DTXSID90767615 DTXSID00408603 DTXSID00420305 DTXSID20459172 DTXSID80536458 DTXSID70502324 DTXSID90530760 DTXSID10837041 DTXSID50606874 DTXSID40876064
DTXSID70817627	DTXSID20888226 DTXSID50838597 DTXSID00655190 DTXSID20463411 DTXSID40751968 DTXSID70439005 DTXSID1042659 DTXSID10551876 DTXSID00552832 DTXSID60448429 DTXSID50469825 DTXSID20847353 DTXSID20567049 DTXSID30787539 DTXSID60816765 DTXSID80300454 DTXSID60642041 DTXSID10699207 DTXSID30656776 DTXSID90751933
DTXSID80570918	DTXSID20727989 DTXSID30382301 DTXSID30631402 DTXSID90540400 DTXSID20568637 DTXSID40454942 DTXSID60669213 DTXSID30618253 DTXSID80549528 DTXSID2047016 DTXSID00700114 DTXSID20326638 DTXSID60295354 DTXSID50170540 DTXSID30672032 DTXSID20349685 DTXSID20212022 DTXSID90152749 DTXSID60427855 DTXSID80385004
DTXSID40736614	DTXSID4059253 DTXSID90401300 DTXSID40351048 DTXSID40156813 DTXSID50751116 DTXSID80666461 DTXSID90331931 DTXSID50808376 DTXSID50340180 DTXSID60212142 DTXSID90507811 DTXSID20608365 DTXSID50635109 DTXSID80324913 DTXSID00678940 DTXSID50798788 DTXSID30310881 DTXSID40369466 DTXSID10808695 DTXSID60283352
DTXSID90624653	DTXSID00143623 DTXSID00496606 DTXSID50857501 DTXSID70488816 DTXSID40749345 DTXSID30355691 DTXSID70316448 DTXSID30837109 DTXSID20423292 DTXSID00372794 DTXSID00513665 DTXSID50589017 DTXSID90506460 DTXSID40455555 DTXSID20379543 DTXSID40513705 DTXSID00428225 DTXSID90337312 DTXSID50402570 DTXSID40623939
DTXSID40433691	DTXSID30873582 DTXSID20876507 DTXSID80202505 DTXSID40597080 DTXSID00739525 DTXSID20366150 DTXSID40373801 DTXSID90772002 DTXSID70585778 DTXSID50285360 DTXSID90383692 DTXSID10797277 DTXSID20633374 DTXSID20318558 DTXSID30853743 DTXSID80588013 DTXSID80323406 DTXSID50341793 DTXSID50705639 DTXSID20759705
DTXSID70509853	DTXSID10403669 DTXSID30375137 DTXSID00220882 DTXSID90557553 DTXSID20503104 DTXSID40356114 DTXSID80281698 DTXSID40618926 DTXSID80661133 DTXSID70675103 DTXSID50220892 DTXSID20670047 DTXSID80431818 DTXSID20800029 DTXSID40621910 DTXSID30468391 DTXSID70307316 DTXSID30718308 DTXSID70445949 DTXSID00370699
DTXSID30640938	DTXSID0020492 DTXSID50732122 DTXSID60150590 DTXSID20391189 DTXSID50175277 DTXSID90645348 DTXSID90275528 DTXSID80808541 DTXSID20680303 DTXSID60829355 DTXSID60733827 DTXSID10710547 DTXSID10186102 DTXSID50681767 DTXSID30207207 DTXSID70576904 DTXSID80831692 DTXSID80154818 DTXSID1024752 DTXSID50453481
DTXSID80593006	DTXSID20346174 DTXSID50372744 DTXSID90676672 DTXSID90621804 DTXSID30291383 DTXSID70855387 DTXSID80696900 DTXSID70731571 DTXSID00346814 DTXSID10399351 DTXSID70566047 DTXSID10446950 DTXSID20372610 DTXSID90473163 DTXSID20573165 DTXSID20589443 DTXSID50727371 DTXSID00739348 DTXSID40504658 DTXSID90330949
DTXSID10181056	DTXSID80589606 DTXSID40349703 DTXSID10727791 DTXSID20303686 DTXSID10646857 DTXSID20187983 DTXSID90676738 DTXSID50352561 DTXSID00472607 DTXSID40511640 DTXSID10408598 DTXSID80601892 DTXSID10307178 DTXSID10650979 DTXSID00383284 DTXSID80496604 DTXSID10770409 DTXSID20813492 DTXSID30397253 DTXSID60729604
DTXSID00735688	DTXSID70569573 DTXSID50391273 DTXSID90809448 DTXSID60641211 DTXSID30448451 DTXSID60162739 DTXSID00438884 DTXSID50467720 DTXSID80787827 DTXSID60675172 DTXSID00164439 DTXSID50528608 DTXSID80729287 DTXSID20578675 DTXSID00407575 DTXSID40705805 DTXSID90353214 DTXSID00303785 DTXSID90302707 DTXSID40641234
DTXSID30538700	DTXSID50791274 DTXSID00281615 DTXSID50632714 DTXSID30809604 DTXSID60468920 DTXSID70564664 DTXSID40811839 DTXSID90462451 DTXSID00778656 DTXSID20288045 DTXSID40279031 DTXSID70453201 DTXSID10341658 DTXSID50198300 DTXSID60884823 DTXSID60812121 DTXSID00816986 DTXSID60526094 DTXSID60240440 DTXSID70159913
DTXSID5037602	DTXSID10717975 DTXSID40577145 DTXSID30755233 DTXSID80303546 DTXSID00316638 DTXSID30815205 DTXSID10594324 DTXSID40211870 DTXSID60449335 DTXSID70842212 DTXSID7020211 DTXSID30648393 DTXSID40765540 DTXSID50175434 DTXSID30455463 DTXSID20856788 DTXSID40760095 DTXSID80784316 DTXSID50369598 DTXSID60646549
DTXSID10699207	DTXSID40711103 DTXSID60816765 DTXSID70733176 DTXSID00764791 DTXSID20363886 DTXSID80844106 DTXSID1042659 DTXSID50675242 DTXSID4052423 DTXSID40751968 DTXSID10733817 DTXSID70439005 DTXSID70517256 DTXSID90751933 DTXSID20357760 DTXSID10551876 DTXSID20888226 DTXSID70817627 DTXSID00655190 DTXSID50340948
DTXSID50308568	DTXSID60700392 DTXSID50303811 DTXSID00722634 DTXSID50336265 DTXSID30659560 DTXSID90598183 DTXSID00398232 DTXSID60435793 DTXSID10764141 DTXSID40818848 DTXSID50292099 DTXSID70488179 DTXSID20190891 DTXSID10142980 DTXSID00314654 DTXSID10292499 DTXSID70748205 DTXSID60429096 DTXSID30727511 DTXSID00773323
DTXSID80664341	DTXSID80407255 DTXSID70589594 DTXSID90598663 DTXSID50308280 DTXSID50545799 DTXSID00879470 DTXSID10441061 DTXSID10607802 DTXSID40819113 DTXSID50681000 DTXSID20572976 DTXSID60286207 DTXSID40831916 DTXSID50283144 DTXSID20876269 DTXSID20362556 DTXSID90279162 DTXSID30447287 DTXSID80594558 DTXSID20222383
DTXSID50797539	DTXSID60844023 DTXSID60798678 DTXSID80658548 DTXSID20172399 DTXSID40208886 DTXSID40455535 DTXSID90443846 DTXSID40243015 DTXSID00470865 DTXSID10177015 DTXSID60815738 DTXSID40420900 DTXSID80851471 DTXSID90148864 DTXSID90809145 DTXSID0073110 DTXSID70562362 DTXSID40762115 DTXSID30620179 DTXSID00454781
DTXSID00725605	DTXSID60813077 DTXSID70708324 DTXSID20656366 DTXSID10733074 DTXSID30511452 DTXSID80782413 DTXSID40446064 DTXSID80640201 DTXSID70611081 DTXSID1068229 DTXSID90326600 DTXSID80299970 DTXSID60671492 DTXSID40504491 DTXSID90388046 DTXSID60536719 DTXSID70647688 DTXSID80771185 DTXSID00453451 DTXSID80338176
DTXSID60424546	DTXSID30465820 DTXSID30311237 DTXSID00657452 DTXSID10589275 DTXSID00657073 DTXSID90518144 DTXSID40713445 DTXSID70150627 DTXSID00304196 DTXSID00290363 DTXSID60785200 DTXSID30356906 DTXSID30782766 DTXSID60439377 DTXSID00223095 DTXSID00604345 DTXSID00659916 DTXSID40310175 DTXSID40225492 DTXSID70599390
DTXSID60710279	DTXSID40193041 DTXSID20808722 DTXSID40867432 DTXSID2070421 DTXSID10819029 DTXSID20834925 DTXSID60282305 DTXSID40880989 DTXSID70710346 DTXSID30158189 DTXSID30805762 DTXSID70790805 DTXSID10805149 DTXSID00804404 DTXSID70395056 DTXSID40830606 DTXSID60675950 DTXSID20888665 DTXSID60635099 DTXSID40789867
DTXSID50366244	DTXSID80208966 DTXSID90238138 DTXSID50323352 DTXSID50446232 DTXSID10659624 DTXSID70714723 DTXSID50593492 DTXSID30592241 DTXSID80181487 DTXSID80665454 DTXSID10459065 DTXSID40211431 DTXSID20549264 DTXSID40186832 DTXSID70696934 DTXSID40293717 DTXSID90288178 DTXSID30711814 DTXSID00312019 DTXSID90801907
DTXSID00620621	DTXSID40214245 DTXSID00890342 DTXSID30237408 DTXSID00494167 DTXSID50160901 DTXSID90635143 DTXSID60645335 DTXSID60446566 DTXSID00751005 DTXSID80499392 DTXSID20837330 DTXSID10718306 DTXSID20673937 DTXSID90412517 DTXSID00153121 DTXSID10364903 DTXSID30874256 DTXSID80633850 DTXSID60805391 DTXSID90708543
DTXSID20675951	DTXSID30844232 DTXSID50812175 DTXSID40706170 DTXSID30307135 DTXSID80756710 DTXSID60605217 DTXSID20802604 DTXSID90176243 DTXSID30615146 DTXSID00787248 DTXSID30851340 DTXSID40830606 DTXSID20558952 DTXSID10322826 DTXSID70484939 DTXSID00804404 DTXSID90221166 DTXSID40789867 DTXSID50780365 DTXSID80830605
DTXSID20624964	DTXSID10371773 DTXSID30194007 DTXSID80302291 DTXSID50187552 DTXSID90355415 DTXSID40398938 DTXSID10177934 DTXSID80791540 DTXSID90739716 DTXSID40319300 DTXSID50497865 DTXSID90444015 DTXSID30694618 DTXSID70177935 DTXSID60400628 DTXSID20698160 DTXSID50605887 DTXSID40619211 DTXSID60709284 DTXSID70214273
DTXSID10811083	DTXSID50850153 DTXSID20798912 DTXSID80830084 DTXSID00225190 DTXSID10838553 DTXSID90485226 DTXSID00750356 DTXSID00597642 DTXSID40510597 DTXSID70675345 DTXSID40552053 DTXSID30886990 DTXSID70808616 DTXSID20159342 DTXSID50853381 DTXSID40852060 DTXSID10292631 DTXSID50437584 DTXSID20481099 DTXSID00719322
DTXSID10483789	DTXSID10855821 DTXSID70597831 DTXSID60670046 DTXSID20545261 DTXSID30218136 DTXSID50651021 DTXSID80665419 DTXSID70372524 DTXSID60204269 DTXSID90308284 DTXSID50543058 DTXSID40764472 DTXSID60735008 DTXSID90564686 DTXSID50681000 DTXSID60552611 DTXSID70486135 DTXSID70516784 DTXSID50323554 DTXSID50308280
DTXSID70419145	DTXSID30667342 DTXSID00789368 DTXSID70459804 DTXSID30535875 DTXSID20294181 DTXSID20306273 DTXSID40630966 DTXSID10221724 DTXSID60299079 DTXSID90846131 DTXSID30377479 DTXSID90422898 DTXSID30717058 DTXSID40696128 DTXSID10653829 DTXSID80431853 DTXSID20155783 DTXSID80832225 DTXSID30473526 DTXSID70886212
DTXSID50724507	DTXSID70274817 DTXSID10720146 DTXSID90706463 DTXSID60561925 DTXSID40880500 DTXSID60730634 DTXSID8070960 DTXSID50828832 DTXSID80768252 DTXSID80764310 DTXSID30578202 DTXSID80853470 DTXSID30694012 DTXSID20173745 DTXSID00853295 DTXSID80821492 DTXSID70373192 DTXSID10244236 DTXSID00707845 DTXSID40286902
DTXSID50483384	DTXSID70744909 DTXSID70334960 DTXSID70504686 DTXSID20718998 DTXSID10179115 DTXSID40191264 DTXSID6036885 DTXSID20486403 DTXSID90547671 DTXSID10547673 DTXSID40795125 DTXSID80501489 DTXSID90651202 DTXSID80343442 DTXSID70599118 DTXSID20291539 DTXSID90461989 DTXSID80706492 DTXSID90698511 DTXSID50464411
DTXSID70701754	DTXSID50609507 DTXSID30824958 DTXSID20748694 DTXSID40780031 DTXSID60433259 DTXSID70546066 DTXSID10290430 DTXSID90542560 DTXSID30294197 DTXSID20205954 DTXSID50173692 DTXSID40763107 DTXSID20447413 DTXSID70713711 DTXSID10448196 DTXSID50469188 DTXSID20817531 DTXSID30400357 DTXSID50615143 DTXSID60430268
DTXSID50239863	DTXSID80760539 DTXSID20590599 DTXSID80383383 DTXSID30488256 DTXSID00366416 DTXSID30805005 DTXSID70569452 DTXSID50855981 DTXSID40143824 DTXSID80385004 DTXSID40312593 DTXSID90647988 DTXSID40656126 DTXSID50803285 DTXSID10653687 DTXSID30462975 DTXSID80856466 DTXSID90406890 DTXSID00700114 DTXSID20372397
DTXSID00801599	DTXSID90316763 DTXSID00709662 DTXSID90343418 DTXSID8075413 DTXSID20612189 DTXSID00556951 DTXSID40401158 DTXSID20159226 DTXSID10711913 DTXSID40319603 DTXSID80456122 DTXSID40465871 DTXSID50384589 DTXSID40174976 DTXSID70411184 DTXSID60648740 DTXSID50660936 DTXSID90238173 DTXSID90224076 DTXSID60799327
DTXSID80440283	DTXSID30587354 DTXSID00358977 DTXSID90355798 DTXSID80399560 DTXSID70199334 DTXSID40603837 DTXSID10726325 DTXSID20468163 DTXSID70219369 DTXSID40648607 DTXSID40509007 DTXSID30356764 DTXSID50301953 DTXSID30300383 DTXSID70646651 DTXSID70766489 DTXSID30849560 DTXSID70616516 DTXSID50629487 DTXSID10406736
DTXSID80181205	DTXSID50568069 DTXSID70351511 DTXSID30641809 DTXSID10876016 DTXSID00304292 DTXSID20381166 DTXSID80306315 DTXSID60292368 DTXSID70450412 DTXSID40821519 DTXSID40505180 DTXSID10463849 DTXSID70843961 DTXSID00220968 DTXSID30642477 DTXSID10430450 DTXSID50315974 DTXSID30625841 DTXSID50733937 DTXSID80383500
DTXSID70720864	DTXSID50211184 DTXSID60725808 DTXSID00629715 DTXSID70307896 DTXSID10377992 DTXSID00725807 DTXSID40394612 DTXSID00415852 DTXSID10555854 DTXSID80178953 DTXSID50609784 DTXSID70460591 DTXSID50369735 DTXSID30363675 DTXSID60401190 DTXSID10365950 DTXSID60717162 DTXSID10646473 DTXSID30782468 DTXSID10469624
DTXSID70281066	DTXSID80584818 DTXSID00842563 DTXSID40392234 DTXSID00603530 DTXSID60460080 DTXSID90352303 DTXSID90278397 DTXSID70356086 DTXSID50368960 DTXSID00897119 DTXSID90883667 DTXSID40818449 DTXSID00642146 DTXSID80456228 DTXSID10350624 DTXSID30726443 DTXSID50790207 DTXSID60816780 DTXSID40200729 DTXSID60484049
DTXSID10834858	DTXSID1025693 DTXSID60481972 DTXSID50649605 DTXSID10393859 DTXSID60649439 DTXSID5041190 DTXSID60742252 DTXSID40191628 DTXSID60635918 DTXSID90696310 DTXSID30595277 DTXSID50427884 DTXSID10569991 DTXSID00600140 DTXSID50640470 DTXSID90453768 DTXSID30342248 DTXSID90289180 DTXSID50835107 DTXSID50165719
DTXSID30660313	DTXSID00534350 DTXSID60398475 DTXSID70813563 DTXSID70736667 DTXSID60475331 DTXSID70645644 DTXSID20448142 DTXSID90286270 DTXSID00293152 DTXSID20673937 DTXSID40417916 DTXSID30219385 DTXSID40732434 DTXSID30843725 DTXSID90329050 DTXSID50555191 DTXSID40299936 DTXSID40585765 DTXSID70312566 DTXSID10150984
DTXSID80290523	DTXSID10794029 DTXSID50696972 DTXSID40503843 DTXSID00236589 DTXSID90441701 DTXSID30403904 DTXSID0052330 DTXSID40474807 DTXSID00564713 DTXSID30595277 DTXSID80407033 DTXSID00600140 DTXSID60579661 DTXSID80809139 DTXSID60776895 DTXSID5041190 DTXSID20797743 DTXSID30167256 DTXSID20876587 DTXSID60778778
DTXSID20580571	DTXSID70580809 DTXSID10594844 DTXSID90447248 DTXSID30739033 DTXSID40722613 DTXSID30510329 DTXSID00524615 DTXSID50483425 DTXSID00196816 DTXSID10352582 DTXSID20880720 DTXSID10307355 DTXSID10580808 DTXSID70571818 DTXSID20663055 DTXSID90526623 DTXSID70527512 DTXSID90359377 DTXSID00366512 DTXSID60764510
DTXSID20277075	DTXSID70295163 DTXSID30856991 DTXSID10430157 DTXSID70628018 DTXSID30876674 DTXSID40879338 DTXSID00617930 DTXSID9064007 DTXSID60551669 DTXSID90626596 DTXSID60470523 DTXSID20646803 DTXSID60635458 DTXSID20295517 DTXSID80465693 DTXSID20377125 DTXSID00462684 DTXSID70349519 DTXSID80601317 DTXSID90734029
DTXSID10679943	DTXSID10478554 DTXSID60524732 DTXSID50795277 DTXSID40616866 DTXSID70598666 DTXSID90182581 DTXSID8066975 DTXSID70600399 DTXSID80471577 DTXSID10602615 DTXSID10640052 DTXSID20311463 DTXSID90149336 DTXSID10228793 DTXSID40876185 DTXSID90441084 DTXSID80375086 DTXSID50302824 DTXSID80591547 DTXSID80582970
DTXSID4041232	DTXSID20642042 DTXSID10615447 DTXSID20740698 DTXSID80733465 DTXSID50761013 DTXSID30850116 DTXSID50862599 DTXSID10864690 DTXSID80729641 DTXSID5066089 DTXSID50365777 DTXSID4059540 DTXSID90595036 DTXSID10853165 DTXSID10301010 DTXSID80399161 DTXSID90825880 DTXSID30839224 DTXSID00203059 DTXSID10145133
DTXSID70853323	DTXSID00731302 DTXSID10321834 DTXSID10441041 DTXSID60164793 DTXSID70667604 DTXSID80879397 DTXSID20307184 DTXSID40358239 DTXSID40357580 DTXSID80552613 DTXSID90629749 DTXSID80613172 DTXSID60495337 DTXSID20417959 DTXSID10491980 DTXSID90205587 DTXSID20754836 DTXSID80613192 DTXSID30574885 DTXSID7023194
DTXSID90565294	DTXSID90277789 DTXSID90847486 DTXSID20503927 DTXSID90375214 DTXSID50170787 DTXSID80660707 DTXSID90536565 DTXSID60761685 DTXSID30753395 DTXSID50528269 DTXSID00632961 DTXSID70487304 DTXSID20630964 DTXSID10682199 DTXSID10391618 DTXSID20229796 DTXSID30463806 DTXSID10599056 DTXSID50693663 DTXSID50798425
DTXSID4041236	DTXSID0065933 DTXSID40359221 DTXSID40307383 DTXSID00356771 DTXSID40507649 DTXSID60402203 DTXSID4067771 DTXSID90480958 DTXSID20231591 DTXSID30600178 DTXSID30596401 DTXSID00484583 DTXSID50778606 DTXSID00338335 DTXSID50337419 DTXSID20678220 DTXSID30616431 DTXSID60501402 DTXSID00464688 DTXSID10491920
DTXSID30159237	DTXSID30821164 DTXSID00852122 DTXSID70529475 DTXSID50604471 DTXSID70280392 DTXSID80625058 DTXSID20384071 DTXSID30632272 DTXSID50447744 DTXSID60209350 DTXSID70558604 DTXSID6046264 DTXSID10628991 DTXSID70393496 DTXSID40298565 DTXSID80384572 DTXSID60836468 DTXSID70300165 DTXSID30395714 DTXSID80577280
DTXSID00847114	DTXSID20878369 DTXSID40813393 DTXSID60566011 DTXSID10280770 DTXSID90750981 DTXSID90500261 DTXSID90638174 DTXSID30787630 DTXSID10822073 DTXSID90444555 DTXSID90413625 DTXSID20287831 DTXSID70536543 DTXSID00756111 DTXSID90773276 DTXSID00638044 DTXSID80763020 DTXSID80613657 DTXSID10769772 DTXSID80816742
DTXSID20732598	DTXSID10454999 DTXSID4067771 DTXSID40396010 DTXSID60633570 DTXSID70509131 DTXSID60403199 DTXSID30596401 DTXSID50579352 DTXSID80228265 DTXSID10475568 DTXSID40307383 DTXSID60651597 DTXSID30382886 DTXSID00356771 DTXSID50778606 DTXSID00484583 DTXSID40507649 DTXSID00464688 DTXSID70436918 DTXSID50428912
DTXSID10567932	DTXSID20478080 DTXSID90294037 DTXSID80340113 DTXSID60202720 DTXSID40343786 DTXSID70285706 DTXSID70518021 DTXSID90514803 DTXSID2037714 DTXSID20342651 DTXSID90339518 DTXSID4052051 DTXSID60524616 DTXSID80442020 DTXSID00550772 DTXSID30813069 DTXSID20383281 DTXSID50523537 DTXSID30851865 DTXSID60510918
DTXSID80768398	DTXSID00750538 DTXSID90199836 DTXSID50730860 DTXSID40286023 DTXSID50759096 DTXSID00292524 DTXSID30532369 DTXSID80634549 DTXSID20179000 DTXSID20800625 DTXSID9041023 DTXSID4063870 DTXSID50790787 DTXSID20217653 DTXSID40163668 DTXSID50533959 DTXSID70785433 DTXSID60611979 DTXSID00200462 DTXSID70768084
DTXSID50840392	DTXSID50878074 DTXSID00616882 DTXSID10144949 DTXSID00632961 DTXSID80748150 DTXSID00701883 DTXSID20540059 DTXSID70529697 DTXSID00715541 DTXSID80660707 DTXSID70822074 DTXSID00507064 DTXSID20503927 DTXSID60761685 DTXSID90375214 DTXSID40163406 DTXSID80365482 DTXSID5026548 DTXSID50365777 DTXSID90825880
DTXSID60532913	DTXSID50399774 DTXSID70733712 DTXSID20488386 DTXSID70885523 DTXSID50683468 DTXSID60884207 DTXSID30664199 DTXSID00371020 DTXSID50225620 DTXSID3062029 DTXSID70459046 DTXSID90277769 DTXSID20452921 DTXSID20879533 DTXSID40684101 DTXSID30401122 DTXSID20168772 DTXSID60808645 DTXSID40232909 DTXSID80604429
DTXSID20185808	DTXSID90796884 DTXSID5070232 DTXSID50694498 DTXSID30526586 DTXSID30819304 DTXSID00428568 DTXSID90179991 DTXSID10715779 DTXSID00612400 DTXSID10772928 DTXSID10590381 DTXSID70759654 DTXSID00678208 DTXSID80637257 DTXSID90524068 DTXSID10518727 DTXSID60471818 DTXSID20877337 DTXSID30594280 DTXSID70477947
DTXSID30621202	DTXSID40292366 DTXSID60404409 DTXSID50739292 DTXSID90381971 DTXSID30646278 DTXSID90879303 DTXSID80703926 DTXSID00464143 DTXSID20657131 DTXSID20514699 DTXSID10695087 DTXSID00430803 DTXSID40605891 DTXSID00672261 DTXSID40622947 DTXSID10584821 DTXSID00672044 DTXSID80711086 DTXSID90392163 DTXSID70142845
DTXSID30646399	DTXSID60547421 DTXSID90434592 DTXSID10738746 DTXSID60646307 DTXSID50186363 DTXSID50515578 DTXSID00590153 DTXSID40216284 DTXSID80646384 DTXSID10511314 DTXSID90670291 DTXSID0041773 DTXSID90178803 DTXSID70613267 DTXSID20627854 DTXSID9021394 DTXSID00468540 DTXSID50646593 DTXSID00823892 DTXSID80580734
DTXSID30667342	DTXSID70419145 DTXSID70459804 DTXSID00789368 DTXSID10221724 DTXSID60299079 DTXSID30535875 DTXSID20294181 DTXSID40630966 DTXSID90846131 DTXSID20306273 DTXSID30377479 DTXSID80431853 DTXSID10653829 DTXSID90422898 DTXSID30473526 DTXSID40696128 DTXSID30717058 DTXSID00628521 DTXSID30739694 DTXSID70886212
DTXSID70733712	DTXSID60884207 DTXSID40232909 DTXSID60532913 DTXSID70885523 DTXSID50399774 DTXSID90277769 DTXSID80516533 DTXSID20452921 DTXSID90651621 DTXSID3062029 DTXSID20349428 DTXSID30664199 DTXSID80604429 DTXSID20238601 DTXSID20488386 DTXSID20553205 DTXSID50683468 DTXSID00371020 DTXSID60351601 DTXSID80289952
DTXSID30818211	DTXSID60511748 DTXSID80424583 DTXSID70349498 DTXSID30851865 DTXSID00667394 DTXSID10801303 DTXSID80765483 DTXSID60368274 DTXSID2059275 DTXSID10326566 DTXSID70518021 DTXSID00500111 DTXSID00773606 DTXSID50867463 DTXSID9070612 DTXSID90500923 DTXSID60409252 DTXSID30813069 DTXSID90592080 DTXSID20579662
DTXSID60827432	DTXSID50836972 DTXSID60465656 DTXSID40319789 DTXSID10814352 DTXSID20880987 DTXSID50301019 DTXSID90697584 DTXSID20894140 DTXSID70201486 DTXSID20333044 DTXSID40896005 DTXSID90436112 DTXSID50838375 DTXSID60801696 DTXSID00881331 DTXSID70607767 DTXSID80846044 DTXSID80316237 DTXSID30427322 DTXSID60895999
DTXSID90710484	DTXSID00147227 DTXSID40645858 DTXSID40856260 DTXSID70496976 DTXSID10321359 DTXSID0069705 DTXSID40177548 DTXSID60658162 DTXSID40222441 DTXSID60715926 DTXSID00308578 DTXSID10737794 DTXSID00423295 DTXSID90651621 DTXSID50486638 DTXSID60857299 DTXSID20553205 DTXSID20579541 DTXSID40712251 DTXSID80370950
DTXSID00337085	DTXSID40611977 DTXSID30893008 DTXSID80327409 DTXSID8034746 DTXSID00231493 DTXSID00885839 DTXSID60886165 DTXSID30234270 DTXSID10728622 DTXSID80302756 DTXSID80737983 DTXSID30281901 DTXSID00200462 DTXSID70765270 DTXSID60611979 DTXSID70467883 DTXSID70234370 DTXSID80599947 DTXSID40315307 DTXSID70316685
DTXSID70709755	DTXSID80610161 DTXSID20874164 DTXSID70381358 DTXSID40543961 DTXSID40608761 DTXSID00481577 DTXSID10312106 DTXSID00745404 DTXSID10596242 DTXSID50505434 DTXSID50172963 DTXSID10557297 DTXSID80207111 DTXSID10297702 DTXSID90814719 DTXSID70711550 DTXSID30817789 DTXSID70845046 DTXSID40640949 DTXSID30597074
DTXSID40725967	DTXSID40672548 DTXSID10743259 DTXSID70346321 DTXSID20728991 DTXSID60716675 DTXSID60722973 DTXSID20856708 DTXSID60717162 DTXSID00727285 DTXSID00415852 DTXSID60590174 DTXSID10677540 DTXSID10640133 DTXSID70460591 DTXSID10469624 DTXSID20372610 DTXSID00629715 DTXSID30478859 DTXSID30618738 DTXSID50727371
DTXSID20580753	DTXSID60695037 DTXSID80293478 DTXSID20432561 DTXSID40407716 DTXSID50170020 DTXSID20646308 DTXSID90613289 DTXSID80573368 DTXSID80482123 DTXSID00576634 DTXSID10536082 DTXSID80626181 DTXSID30799096 DTXSID30583295 DTXSID60427815 DTXSID40671112 DTXSID70489803 DTXSID10391274 DTXSID8060298 DTXSID90571239
DTXSID50576684	DTXSID90513917 DTXSID50605327 DTXSID50738063 DTXSID50217681 DTXSID10465429 DTXSID3074072 DTXSID70579435 DTXSID60830143 DTXSID00813839 DTXSID80763489 DTXSID50538186 DTXSID10482090 DTXSID60310778 DTXSID70505355 DTXSID80790533 DTXSID70727494 DTXSID70491845 DTXSID20474981 DTXSID20278103 DTXSID00606627
DTXSID40718177	DTXSID50712085 DTXSID80414949 DTXSID70773512 DTXSID60864504 DTXSID80526894 DTXSID30816732 DTXSID00816744 DTXSID70816731 DTXSID00789267 DTXSID60340757 DTXSID80820647 DTXSID40532956 DTXSID30342228 DTXSID80341685 DTXSID80836521 DTXSID8060537 DTXSID00841233 DTXSID10710087 DTXSID40633255 DTXSID40714614
DTXSID80407179	DTXSID90653105 DTXSID00791224 DTXSID50313612 DTXSID00219099 DTXSID90604692 DTXSID20468406 DTXSID30822737 DTXSID70626953 DTXSID30510223 DTXSID20501903 DTXSID50179351 DTXSID60177267 DTXSID90604177 DTXSID80855555 DTXSID90171839 DTXSID20365502 DTXSID90231780 DTXSID00655514 DTXSID80847713 DTXSID80598798
DTXSID20277616	DTXSID90645585 DTXSID70858136 DTXSID50580049 DTXSID10842610 DTXSID70276876 DTXSID30726822 DTXSID90729455 DTXSID50382641 DTXSID60308998 DTXSID10345656 DTXSID30627547 DTXSID40646800 DTXSID90711350 DTXSID70434515 DTXSID90345699 DTXSID70651861 DTXSID90397557 DTXSID30651867 DTXSID30362789 DTXSID20797748
DTXSID10569931	DTXSID40541644 DTXSID90520141 DTXSID30241545 DTXSID60378590 DTXSID70158284 DTXSID50568201 DTXSID60402369 DTXSID60820125 DTXSID30589813 DTXSID80772798 DTXSID40706014 DTXSID90456951 DTXSID40724415 DTXSID40378694 DTXSID00805870 DTXSID70594865 DTXSID70576666 DTXSID00553187 DTXSID90238799 DTXSID5069912
DTXSID30757070	DTXSID30419065 DTXSID7073486 DTXSID90477409 DTXSID20722510 DTXSID70276634 DTXSID10482636 DTXSID00346738 DTXSID90590243 DTXSID70877089 DTXSID60716493 DTXSID80601110 DTXSID00225771 DTXSID50174083 DTXSID70297602 DTXSID20509883 DTXSID00186636 DTXSID20449876 DTXSID00346314 DTXSID50395812 DTXSID50728005
DTXSID80441730	DTXSID80536276 DTXSID70729352 DTXSID50879602 DTXSID30225724 DTXSID70652636 DTXSID30889784 DTXSID60696529 DTXSID40633614 DTXSID00449339 DTXSID50179311 DTXSID60681556 DTXSID00312413 DTXSID40609798 DTXSID30599199 DTXSID70388408 DTXSID90208699 DTXSID80765302 DTXSID90664317 DTXSID70544562 DTXSID00618003
DTXSID50698456	DTXSID40615793 DTXSID40693334 DTXSID50497966 DTXSID60428307 DTXSID10538021 DTXSID90145474 DTXSID70836550 DTXSID00534895 DTXSID40844809 DTXSID30870975 DTXSID3061920 DTXSID60519360 DTXSID50188302 DTXSID60447573 DTXSID40392951 DTXSID70682094 DTXSID10214196 DTXSID60697410 DTXSID40682127 DTXSID10174882
DTXSID60591944	DTXSID60818360 DTXSID60591924 DTXSID70743018 DTXSID90360625 DTXSID80601317 DTXSID50393757 DTXSID00747382 DTXSID20641257 DTXSID90836193 DTXSID90651646 DTXSID20646803 DTXSID9064007 DTXSID00836164 DTXSID00821737 DTXSID70630050 DTXSID70724089 DTXSID60813496 DTXSID40518199 DTXSID00308639 DTXSID30876674
DTXSID60441415	DTXSID40540213 DTXSID90193935 DTXSID50430015 DTXSID20504696 DTXSID60668665 DTXSID70170840 DTXSID10645305 DTXSID80647316 DTXSID20292960 DTXSID00295777 DTXSID40427853 DTXSID90693228 DTXSID50663063 DTXSID20602808 DTXSID70472139 DTXSID00712717 DTXSID90485307 DTXSID90525914 DTXSID00427854 DTXSID60876682
DTXSID60441410	DTXSID80493638 DTXSID90842471 DTXSID00530115 DTXSID70240254 DTXSID90570323 DTXSID30339597 DTXSID40632869 DTXSID40781200 DTXSID30752484 DTXSID3052220 DTXSID90381395 DTXSID90336082 DTXSID70848557 DTXSID50757613 DTXSID00767909 DTXSID70612250 DTXSID10748022 DTXSID00216947 DTXSID40286745 DTXSID60787562
DTXSID10311699	DTXSID40398958 DTXSID40833733 DTXSID40540738 DTXSID40361622 DTXSID90587653 DTXSID00667591 DTXSID30667261 DTXSID10528447 DTXSID30550023 DTXSID90844430 DTXSID00864907 DTXSID50524827 DTXSID00401154 DTXSID50215283 DTXSID9022237 DTXSID60533122 DTXSID20633798 DTXSID80177047 DTXSID70515318 DTXSID20501347
DTXSID30646571	DTXSID70350302 DTXSID10694595 DTXSID60383684 DTXSID70665448 DTXSID10427320 DTXSID00307642 DTXSID40390270 DTXSID50283447 DTXSID30620215 DTXSID80381501 DTXSID90162424 DTXSID40432169 DTXSID80700192 DTXSID00646629 DTXSID80627158 DTXSID70578549 DTXSID10298976 DTXSID60610700 DTXSID80500114 DTXSID00211053
DTXSID00368516	DTXSID60546777 DTXSID40734014 DTXSID00183887 DTXSID70399413 DTXSID30428374 DTXSID70837562 DTXSID50816810 DTXSID20867834 DTXSID90811162 DTXSID30242911 DTXSID20679136 DTXSID70358808 DTXSID00399320 DTXSID00542450 DTXSID70470251 DTXSID80851239 DTXSID50841309 DTXSID70445343 DTXSID90507013 DTXSID70610039
DTXSID80830605	DTXSID50780365 DTXSID50533959 DTXSID40789867 DTXSID60605217 DTXSID60823212 DTXSID20888665 DTXSID70785433 DTXSID70768084 DTXSID40830606 DTXSID70790805 DTXSID00804404 DTXSID50759096 DTXSID10805149 DTXSID20179000 DTXSID80634549 DTXSID50730860 DTXSID50812175 DTXSID20802604 DTXSID40163668 DTXSID70322827
DTXSID30642472	DTXSID00611337 DTXSID40291475 DTXSID10621083 DTXSID00614525 DTXSID20562958 DTXSID40311824 DTXSID30410198 DTXSID90473522 DTXSID90208553 DTXSID40286260 DTXSID50735557 DTXSID10364125 DTXSID50388229 DTXSID40694669 DTXSID60533187 DTXSID00374536 DTXSID00651975 DTXSID70550401 DTXSID50281226 DTXSID00343681
DTXSID50640374	DTXSID40276348 DTXSID80519504 DTXSID40490688 DTXSID80753441 DTXSID20288681 DTXSID90527650 DTXSID30496230 DTXSID30542463 DTXSID90366985 DTXSID30874115 DTXSID30165636 DTXSID00559806 DTXSID20449336 DTXSID60876142 DTXSID80557042 DTXSID50559694 DTXSID60657039 DTXSID50656218 DTXSID80834981 DTXSID8036653
DTXSID70783414	DTXSID50712227 DTXSID00603050 DTXSID00887994 DTXSID00182673 DTXSID70402698 DTXSID9065364 DTXSID40334154 DTXSID00282965 DTXSID20752594 DTXSID40384679 DTXSID10561910 DTXSID10831908 DTXSID0064672 DTXSID70404955 DTXSID80531529 DTXSID70647688 DTXSID90193758 DTXSID30651201 DTXSID50524701 DTXSID50474550
DTXSID30642477	DTXSID80383500 DTXSID70843961 DTXSID50733937 DTXSID40821519 DTXSID60464760 DTXSID50315974 DTXSID30322782 DTXSID70309653 DTXSID70450412 DTXSID10876016 DTXSID30641809 DTXSID50568069 DTXSID80354891 DTXSID70351511 DTXSID80570276 DTXSID40352752 DTXSID00304292 DTXSID20493516 DTXSID20354971 DTXSID30817062
DTXSID80326235	DTXSID1041764 DTXSID6070435 DTXSID80468664 DTXSID50352288 DTXSID60443191 DTXSID40650629 DTXSID90163234 DTXSID10354788 DTXSID00773323 DTXSID20559469 DTXSID60327023 DTXSID10830875 DTXSID60897039 DTXSID60714878 DTXSID10517078 DTXSID20802265 DTXSID90731356 DTXSID70318765 DTXSID40393488 DTXSID40818848
DTXSID90369355	DTXSID70565050 DTXSID70701077 DTXSID20750474 DTXSID00681590 DTXSID10633444 DTXSID80876321 DTXSID10456716 DTXSID30433105 DTXSID00505101 DTXSID00407338 DTXSID30739694 DTXSID40874106 DTXSID10876293 DTXSID7041334 DTXSID80561462 DTXSID70886212 DTXSID40797841 DTXSID20742359 DTXSID90532289 DTXSID50704445
DTXSID60634906	DTXSID70438179 DTXSID80763949 DTXSID20477619 DTXSID50280032 DTXSID40312371 DTXSID70886191 DTXSID00416965 DTXSID40818282 DTXSID00501860 DTXSID70803545 DTXSID0069915 DTXSID60446768 DTXSID20780913 DTXSID20533380 DTXSID90567430 DTXSID70305695 DTXSID70523034 DTXSID50550262 DTXSID50852157 DTXSID10818517
DTXSID20792955	DTXSID70780766 DTXSID60315945 DTXSID60740637 DTXSID70499967 DTXSID80611870 DTXSID90513452 DTXSID00820260 DTXSID60558310 DTXSID20815673 DTXSID30167256 DTXSID40144790 DTXSID80676767 DTXSID90509850 DTXSID10448853 DTXSID80283036 DTXSID50579054 DTXSID40576476 DTXSID80240427 DTXSID80346155 DTXSID50596322
DTXSID60446501	DTXSID00481779 DTXSID60422946 DTXSID70729791 DTXSID60226204 DTXSID50152285 DTXSID50757350 DTXSID90152885 DTXSID60737648 DTXSID40507280 DTXSID00487938 DTXSID10554766 DTXSID60421353 DTXSID50311754 DTXSID9068378 DTXSID90390301 DTXSID20704255 DTXSID20771341 DTXSID90567430 DTXSID40430185 DTXSID30577437
DTXSID40312371	DTXSID50280032 DTXSID80763949 DTXSID20780913 DTXSID70438179 DTXSID70886191 DTXSID40818282 DTXSID60634906 DTXSID70523034 DTXSID50550262 DTXSID20533380 DTXSID00416965 DTXSID50640399 DTXSID20477619 DTXSID30531150 DTXSID70452719 DTXSID30610111 DTXSID00489134 DTXSID70734305 DTXSID40171485 DTXSID50852157
DTXSID00712035	DTXSID10426732 DTXSID50809828 DTXSID2071071 DTXSID20879472 DTXSID90373472 DTXSID70672798 DTXSID30761213 DTXSID90584703 DTXSID80560576 DTXSID30282190 DTXSID60875796 DTXSID6058972 DTXSID20758435 DTXSID20656063 DTXSID20708955 DTXSID30843644 DTXSID90435044 DTXSID50304707 DTXSID50646755 DTXSID60622580
DTXSID00428624	DTXSID30427761 DTXSID10849982 DTXSID20162997 DTXSID50770943 DTXSID30198141 DTXSID60895999 DTXSID80186038 DTXSID40896005 DTXSID90241283 DTXSID00896425 DTXSID20874240 DTXSID00314351 DTXSID80470343 DTXSID30826654 DTXSID90697584 DTXSID00148017 DTXSID10814392 DTXSID10896214 DTXSID50303917 DTXSID50896339
DTXSID10682199	DTXSID20229796 DTXSID30463806 DTXSID80795720 DTXSID10599056 DTXSID20423873 DTXSID90328629 DTXSID60606582 DTXSID90536565 DTXSID30753395 DTXSID90847486 DTXSID60761685 DTXSID50846531 DTXSID90375214 DTXSID90277789 DTXSID70487304 DTXSID10391618 DTXSID50528269 DTXSID00197808 DTXSID90565294 DTXSID50693663
DTXSID80464787	DTXSID20508230 DTXSID80206947 DTXSID20895511 DTXSID50846839 DTXSID30199118 DTXSID50571472 DTXSID20797460 DTXSID30194385 DTXSID80596936 DTXSID80345264 DTXSID70647749 DTXSID70352922 DTXSID30583679 DTXSID40824282 DTXSID70377711 DTXSID70341755 DTXSID60179903 DTXSID00495098 DTXSID10609068 DTXSID90573197
DTXSID70284875	DTXSID80675912 DTXSID3061683 DTXSID30744627 DTXSID00234328 DTXSID30694279 DTXSID60638580 DTXSID10225444 DTXSID10288877 DTXSID60177085 DTXSID70747839 DTXSID30584969 DTXSID10589215 DTXSID90823164 DTXSID40176910 DTXSID50590148 DTXSID30725678 DTXSID60813476 DTXSID50662894 DTXSID60674165 DTXSID10654715
DTXSID40841515	DTXSID50236892 DTXSID90382428 DTXSID50396228 DTXSID00566611 DTXSID80568895 DTXSID00672786 DTXSID10851404 DTXSID00659436 DTXSID20429673 DTXSID80698888 DTXSID40295776 DTXSID20705222 DTXSID70784229 DTXSID60477951 DTXSID30727910 DTXSID10296836 DTXSID00806822 DTXSID40727163 DTXSID10536082 DTXSID30856658
DTXSID80524375	DTXSID20560212 DTXSID70607868 DTXSID20739229 DTXSID6024337 DTXSID20444048 DTXSID40766279 DTXSID50788008 DTXSID40854463 DTXSID10403129 DTXSID70534660 DTXSID40876983 DTXSID40877591 DTXSID10480899 DTXSID30184524 DTXSID50694418 DTXSID90171935 DTXSID90280672 DTXSID20708556 DTXSID80381783 DTXSID80848381
DTXSID10391810	DTXSID10844876 DTXSID50462472 DTXSID80322656 DTXSID90281846 DTXSID90473840 DTXSID60822144 DTXSID40238805 DTXSID30483862 DTXSID70439989 DTXSID00351221 DTXSID00284505 DTXSID30551136 DTXSID30558746 DTXSID3046166 DTXSID70366685 DTXSID40546452 DTXSID40435276 DTXSID80554975 DTXSID80799980 DTXSID40286048
DTXSID00198572	DTXSID30805681 DTXSID90829782 DTXSID60678188 DTXSID60541126 DTXSID10653869 DTXSID60209613 DTXSID90702066 DTXSID70398688 DTXSID50552842 DTXSID30727894 DTXSID50534885 DTXSID70233722 DTXSID20699051 DTXSID90302949 DTXSID30431606 DTXSID50818738 DTXSID80811237 DTXSID80350570 DTXSID70703874 DTXSID40208442
DTXSID10345656	DTXSID10842610 DTXSID60308998 DTXSID70858136 DTXSID80604000 DTXSID50382641 DTXSID20277616 DTXSID50580049 DTXSID30627547 DTXSID90397557 DTXSID30726822 DTXSID30641187 DTXSID90645585 DTXSID90810493 DTXSID30734048 DTXSID80482421 DTXSID90729455 DTXSID70828995 DTXSID80495753 DTXSID40646800 DTXSID90708402
DTXSID50782980	DTXSID50767838 DTXSID20181421 DTXSID20242945 DTXSID60872285 DTXSID10824153 DTXSID20755202 DTXSID30710786 DTXSID90759777 DTXSID10699585 DTXSID20544754 DTXSID10767839 DTXSID7072040 DTXSID30147033 DTXSID80761743 DTXSID60775681 DTXSID30429503 DTXSID10202674 DTXSID60816366 DTXSID10511157 DTXSID80274202
DTXSID20852583	DTXSID40555903 DTXSID40791602 DTXSID90224076 DTXSID90348963 DTXSID90819507 DTXSID40401158 DTXSID20676827 DTXSID60648740 DTXSID80456122 DTXSID30525099 DTXSID40319603 DTXSID30352640 DTXSID20578493 DTXSID20297758 DTXSID00878988 DTXSID30303394 DTXSID40812861 DTXSID30323890 DTXSID10820953 DTXSID40611154
DTXSID00587664	DTXSID60577829 DTXSID80772798 DTXSID90456951 DTXSID30589813 DTXSID40845735 DTXSID20496845 DTXSID30837361 DTXSID5068158 DTXSID90829020 DTXSID90667540 DTXSID30667468 DTXSID60378590 DTXSID70353237 DTXSID30444615 DTXSID60402369 DTXSID60820125 DTXSID10211680 DTXSID10733776 DTXSID80760019 DTXSID60473099
DTXSID60722099	DTXSID60646342 DTXSID00181464 DTXSID20363508 DTXSID80355863 DTXSID40282924 DTXSID00287899 DTXSID30309654 DTXSID20369429 DTXSID90547797 DTXSID90462572 DTXSID50343833 DTXSID70165236 DTXSID30313635 DTXSID90622492 DTXSID00382030 DTXSID00156475 DTXSID20212022 DTXSID50704788 DTXSID60473115 DTXSID90657865
DTXSID80295957	DTXSID90657446 DTXSID90510688 DTXSID00645374 DTXSID50595274 DTXSID50594348 DTXSID40287813 DTXSID60813572 DTXSID00493150 DTXSID30321477 DTXSID50876015 DTXSID90884376 DTXSID00441090 DTXSID60502116 DTXSID30532480 DTXSID30160883 DTXSID20681875 DTXSID20879154 DTXSID00649796 DTXSID90154602 DTXSID90342643
DTXSID10144424	DTXSID70645886 DTXSID90596124 DTXSID70875984 DTXSID60290586 DTXSID80325723 DTXSID70668959 DTXSID00837752 DTXSID50837267 DTXSID40641294 DTXSID10676997 DTXSID10384429 DTXSID40757268 DTXSID20739784 DTXSID10332006 DTXSID70465081 DTXSID70815446 DTXSID80391786 DTXSID90791359 DTXSID90699861 DTXSID50290212
DTXSID30852357	DTXSID40855399 DTXSID20448384 DTXSID30509238 DTXSID70589332 DTXSID70157833 DTXSID30758224 DTXSID50181954 DTXSID20635878 DTXSID50659820 DTXSID00423295 DTXSID90317432 DTXSID60600166 DTXSID20742359 DTXSID10321359 DTXSID70812839 DTXSID90344400 DTXSID00154815 DTXSID70453488 DTXSID80604429 DTXSID40232909
DTXSID10600494	DTXSID90750769 DTXSID60523528 DTXSID50476377 DTXSID30850858 DTXSID20523529 DTXSID00523527 DTXSID70193216 DTXSID30639049 DTXSID40523526 DTXSID50479464 DTXSID30766546 DTXSID80766713 DTXSID80806628 DTXSID20297955 DTXSID70765735 DTXSID40739943 DTXSID10851661 DTXSID20565303 DTXSID10241806 DTXSID20468941
DTXSID20610786	DTXSID90365938 DTXSID10402258 DTXSID40408041 DTXSID50453587 DTXSID00646886 DTXSID20371406 DTXSID10482131 DTXSID00461157 DTXSID00651511 DTXSID50608176 DTXSID30178327 DTXSID00279294 DTXSID20180252 DTXSID80627991 DTXSID80191703 DTXSID90559693 DTXSID4025903 DTXSID00701106 DTXSID90292093 DTXSID30628892
DTXSID90829020	DTXSID30444615 DTXSID30837361 DTXSID50187390 DTXSID80422286 DTXSID50363339 DTXSID00303922 DTXSID90667540 DTXSID20479512 DTXSID90616912 DTXSID60402369 DTXSID60577829 DTXSID30589813 DTXSID00358154 DTXSID80876684 DTXSID00587664 DTXSID10563075 DTXSID00805870 DTXSID90456951 DTXSID10489948 DTXSID80772798
DTXSID70309653	DTXSID80570276 DTXSID60464760 DTXSID30322782 DTXSID80354891 DTXSID20516850 DTXSID90813707 DTXSID90808375 DTXSID50733937 DTXSID50660936 DTXSID30642477 DTXSID80211632 DTXSID80383500 DTXSID70843961 DTXSID40352752 DTXSID20159226 DTXSID70411184 DTXSID70481504 DTXSID50315974 DTXSID50549550 DTXSID40666346
DTXSID50278717	DTXSID50277740 DTXSID70835068 DTXSID70606674 DTXSID50354606 DTXSID10380522 DTXSID80618687 DTXSID40551980 DTXSID10811386 DTXSID10516460 DTXSID70667260 DTXSID50682239 DTXSID80229196 DTXSID00874349 DTXSID60363224 DTXSID90509133 DTXSID90473582 DTXSID40474221 DTXSID40885595 DTXSID40221893 DTXSID10311119
DTXSID40403172	DTXSID20307381 DTXSID40694669 DTXSID40286260 DTXSID50735557 DTXSID10406892 DTXSID10177959 DTXSID70566264 DTXSID60144510 DTXSID10364125 DTXSID60439599 DTXSID60533187 DTXSID80748231 DTXSID3042506 DTXSID80742936 DTXSID30434854 DTXSID00343681 DTXSID00651975 DTXSID60301085 DTXSID10473549 DTXSID20562958
DTXSID40341661	DTXSID80341660 DTXSID40341666 DTXSID10347973 DTXSID30297769 DTXSID10892094 DTXSID50792261 DTXSID10324880 DTXSID60239677 DTXSID40647397 DTXSID20341664 DTXSID10783832 DTXSID90804832 DTXSID70346765 DTXSID20754452 DTXSID10511839 DTXSID20794979 DTXSID80705607 DTXSID10710087 DTXSID80341685 DTXSID50700528
DTXSID60743481	DTXSID20651114 DTXSID10784723 DTXSID40781200 DTXSID10185514 DTXSID50590385 DTXSID30752484 DTXSID40886941 DTXSID90336082 DTXSID70612250 DTXSID90570323 DTXSID50462639 DTXSID3052220 DTXSID90426730 DTXSID60441410 DTXSID40398079 DTXSID70757352 DTXSID20615493 DTXSID00767909 DTXSID40212084 DTXSID80431070
DTXSID40341666	DTXSID10347973 DTXSID80341660 DTXSID40341661 DTXSID10892094 DTXSID50792261 DTXSID30297769 DTXSID90804832 DTXSID60239677 DTXSID10324880 DTXSID20794979 DTXSID10783832 DTXSID40647397 DTXSID20754452 DTXSID20341664 DTXSID70477528 DTXSID70346765 DTXSID30433605 DTXSID50700528 DTXSID10710087 DTXSID60340757
DTXSID90577877	DTXSID30614275 DTXSID30222197 DTXSID20730473 DTXSID10172404 DTXSID50323438 DTXSID80469499 DTXSID9068378 DTXSID20400745 DTXSID40181180 DTXSID90655745 DTXSID60312631 DTXSID00731524 DTXSID20526212 DTXSID70405624 DTXSID50757350 DTXSID50556204 DTXSID20297278 DTXSID90152885 DTXSID00766412 DTXSID30369379
DTXSID20228325	DTXSID90794901 DTXSID70548964 DTXSID30303394 DTXSID60879719 DTXSID70536164 DTXSID00878988 DTXSID70397414 DTXSID80796772 DTXSID50315232 DTXSID20619259 DTXSID4059251 DTXSID30804639 DTXSID20346058 DTXSID80377186 DTXSID30525099 DTXSID20578493 DTXSID50379475 DTXSID30175174 DTXSID40421230 DTXSID80218944
DTXSID30560844	DTXSID30520463 DTXSID50290732 DTXSID50653984 DTXSID40674047 DTXSID10673926 DTXSID80792577 DTXSID60796033 DTXSID30497308 DTXSID30612413 DTXSID10479400 DTXSID70737932 DTXSID30225522 DTXSID60193886 DTXSID10241008 DTXSID90401769 DTXSID10772044 DTXSID50888532 DTXSID70233722 DTXSID00706676 DTXSID7041966
DTXSID70568465	DTXSID70884657 DTXSID90203164 DTXSID90310261 DTXSID00604709 DTXSID40677396 DTXSID20660362 DTXSID90158322 DTXSID50154805 DTXSID70325651 DTXSID70855069 DTXSID90160344 DTXSID00563862 DTXSID80792077 DTXSID10580202 DTXSID60827513 DTXSID60611176 DTXSID40702713 DTXSID70459546 DTXSID00705664 DTXSID00834226
DTXSID80770815	DTXSID70587777 DTXSID90209025 DTXSID1062546 DTXSID4052005 DTXSID20824306 DTXSID2063765 DTXSID50887767 DTXSID30702166 DTXSID0074637 DTXSID00432448 DTXSID70622612 DTXSID70559575 DTXSID90765171 DTXSID50307511 DTXSID60173926 DTXSID2027967 DTXSID00775887 DTXSID60696701 DTXSID10348283 DTXSID80793165
DTXSID50164641	DTXSID1042281 DTXSID20482662 DTXSID60813496 DTXSID00308639 DTXSID70630050 DTXSID50305239 DTXSID10651305 DTXSID50322446 DTXSID00836164 DTXSID60670389 DTXSID50709672 DTXSID60167603 DTXSID10197915 DTXSID80358672 DTXSID80620381 DTXSID50672276 DTXSID30310427 DTXSID60736257 DTXSID50393757 DTXSID20349685
DTXSID70554621	DTXSID50451407 DTXSID80534131 DTXSID90222719 DTXSID20522476 DTXSID30847288 DTXSID10657206 DTXSID70678311 DTXSID40487235 DTXSID3073719 DTXSID80819470 DTXSID30546628 DTXSID60319089 DTXSID00802844 DTXSID70619608 DTXSID70314969 DTXSID00508677 DTXSID10435480 DTXSID90286755 DTXSID80478324 DTXSID40526577
DTXSID40855379	DTXSID60479238 DTXSID60704577 DTXSID20489156 DTXSID80174874 DTXSID00876505 DTXSID90667267 DTXSID20787826 DTXSID30671565 DTXSID80625058 DTXSID40298565 DTXSID50743096 DTXSID20306314 DTXSID50183731 DTXSID50564682 DTXSID70355317 DTXSID10641428 DTXSID40606782 DTXSID60589583 DTXSID30810715 DTXSID60209350
DTXSID90346141	DTXSID00391061 DTXSID40397668 DTXSID00633478 DTXSID40508111 DTXSID10343814 DTXSID70557910 DTXSID70408650 DTXSID90848559 DTXSID60800068 DTXSID2072881 DTXSID80464368 DTXSID60327528 DTXSID30278654 DTXSID30344949 DTXSID90346101 DTXSID70593176 DTXSID60536719 DTXSID80434162 DTXSID00651450 DTXSID70275501
DTXSID80375703	DTXSID3057729 DTXSID00429333 DTXSID00618321 DTXSID30823229 DTXSID30809003 DTXSID00326035 DTXSID90344400 DTXSID00165648 DTXSID20444028 DTXSID40468084 DTXSID20316332 DTXSID80668364 DTXSID10294832 DTXSID30368908 DTXSID70896038 DTXSID90722587 DTXSID20832224 DTXSID30509238 DTXSID10154664 DTXSID50181954
DTXSID70478257	DTXSID50604173 DTXSID8024787 DTXSID50596746 DTXSID30306426 DTXSID80686346 DTXSID80457932 DTXSID40415917 DTXSID60615215 DTXSID40832084 DTXSID60707361 DTXSID10280790 DTXSID20372933 DTXSID3068592 DTXSID20324518 DTXSID00720635 DTXSID60641014 DTXSID10749579 DTXSID80373744 DTXSID50274133 DTXSID10340949
DTXSID00181464	DTXSID20363508 DTXSID60722099 DTXSID70165236 DTXSID60646342 DTXSID90547797 DTXSID80355863 DTXSID90462572 DTXSID60473115 DTXSID20369429 DTXSID20212022 DTXSID90622492 DTXSID2047016 DTXSID30309654 DTXSID50818359 DTXSID00287899 DTXSID30313635 DTXSID70147895 DTXSID40282924 DTXSID10555091 DTXSID00461238
DTXSID60288589	DTXSID80195044 DTXSID30770365 DTXSID1066239 DTXSID0062921 DTXSID1068019 DTXSID5047114 DTXSID5062398 DTXSID60598059 DTXSID30223285 DTXSID70751310 DTXSID20195063 DTXSID70394423 DTXSID50783437 DTXSID50410539 DTXSID20888029 DTXSID90404730 DTXSID20411452 DTXSID90216335 DTXSID10758949 DTXSID00559144
DTXSID20231798	DTXSID80282928 DTXSID90842799 DTXSID90770189 DTXSID10467160 DTXSID00501204 DTXSID20342474 DTXSID50543331 DTXSID20406904 DTXSID70705999 DTXSID50232172 DTXSID10809122 DTXSID80437496 DTXSID50846995 DTXSID50512320 DTXSID10296917 DTXSID10236494 DTXSID40555726 DTXSID40204681 DTXSID00540491 DTXSID00507589
DTXSID60600126	DTXSID90711198 DTXSID20381262 DTXSID60488421 DTXSID20511921 DTXSID20518379 DTXSID60399725 DTXSID30405908 DTXSID50220236 DTXSID20776098 DTXSID20476203 DTXSID0044153 DTXSID50729234 DTXSID9044164 DTXSID90527776 DTXSID40551526 DTXSID10518868 DTXSID00423654 DTXSID30544588 DTXSID60232421 DTXSID40195489
DTXSID40713748	DTXSID10500445 DTXSID40437235 DTXSID00381442 DTXSID90517016 DTXSID40649518 DTXSID00460600 DTXSID50736766 DTXSID20289310 DTXSID20459172 DTXSID30389390 DTXSID50180124 DTXSID60288928 DTXSID10814130 DTXSID40434921 DTXSID00293152 DTXSID50395377 DTXSID50369891 DTXSID1073367 DTXSID90834472 DTXSID10150984
DTXSID60340732	DTXSID90171536 DTXSID40440067 DTXSID10771234 DTXSID10488239 DTXSID10399917 DTXSID30306668 DTXSID30617185 DTXSID70479325 DTXSID90567874 DTXSID10462332 DTXSID70344842 DTXSID80604368 DTXSID90306669 DTXSID80496346 DTXSID90517319 DTXSID80578333 DTXSID00565760 DTXSID20567408 DTXSID50880672 DTXSID80436883
DTXSID6066862	DTXSID60615952 DTXSID20801632 DTXSID1070856 DTXSID70477361 DTXSID70880614 DTXSID80766536 DTXSID50718047 DTXSID90423986 DTXSID30519534 DTXSID50771354 DTXSID20837451 DTXSID70596485 DTXSID70399014 DTXSID20468941 DTXSID80437850 DTXSID50404352 DTXSID20806607 DTXSID80275835 DTXSID60388215 DTXSID90539798
DTXSID50696210	DTXSID30575877 DTXSID90653125 DTXSID10195335 DTXSID70464877 DTXSID50592203 DTXSID50812953 DTXSID90452650 DTXSID20312470 DTXSID70496178 DTXSID70469226 DTXSID50289141 DTXSID60301888 DTXSID60840989 DTXSID10397478 DTXSID50623167 DTXSID10857380 DTXSID60566016 DTXSID20223597 DTXSID60400628 DTXSID80505982
DTXSID30744748	DTXSID10355573 DTXSID70803545 DTXSID60528699 DTXSID50311754 DTXSID00501860 DTXSID10597118 DTXSID60667436 DTXSID50589734 DTXSID70305695 DTXSID60385461 DTXSID10501119 DTXSID50852157 DTXSID90567430 DTXSID50538207 DTXSID40507280 DTXSID60446768 DTXSID40831936 DTXSID10818517 DTXSID60603536 DTXSID70597659
DTXSID70866337	DTXSID50432918 DTXSID80839633 DTXSID80852064 DTXSID20896780 DTXSID40511600 DTXSID80787928 DTXSID10225964 DTXSID60768896 DTXSID70764187 DTXSID20567448 DTXSID20235473 DTXSID10796088 DTXSID80700910 DTXSID80305929 DTXSID10348283 DTXSID00300092 DTXSID20285832 DTXSID60840328 DTXSID40707566 DTXSID50662258
DTXSID50879561	DTXSID60856924 DTXSID40517344 DTXSID60647298 DTXSID30350808 DTXSID90321837 DTXSID60193508 DTXSID60720717 DTXSID70358808 DTXSID30726443 DTXSID20841538 DTXSID90507013 DTXSID20514831 DTXSID80391302 DTXSID60707341 DTXSID10537195 DTXSID90323199 DTXSID90850894 DTXSID00879551 DTXSID60675511 DTXSID80405074
DTXSID90707556	DTXSID00557044 DTXSID60665472 DTXSID40372051 DTXSID90721373 DTXSID60372553 DTXSID90379934 DTXSID30459729 DTXSID10642192 DTXSID60184870 DTXSID80463452 DTXSID80350737 DTXSID20547326 DTXSID30363079 DTXSID00657250 DTXSID40453450 DTXSID20222787 DTXSID90578703 DTXSID7046388 DTXSID00452045 DTXSID40482427
DTXSID30825243	DTXSID00439250 DTXSID20370398 DTXSID90668794 DTXSID20697451 DTXSID90177598 DTXSID50377476 DTXSID60787562 DTXSID10877629 DTXSID00774698 DTXSID30541254 DTXSID40190999 DTXSID00216947 DTXSID90797093 DTXSID20442807 DTXSID90243843 DTXSID70240254 DTXSID40397845 DTXSID30339597 DTXSID60812404 DTXSID50726480
DTXSID90816713	DTXSID20602303 DTXSID50297620 DTXSID50816158 DTXSID90470157 DTXSID50177630 DTXSID8073637 DTXSID10531254 DTXSID90778665 DTXSID70799712 DTXSID00787167 DTXSID4074271 DTXSID90399273 DTXSID00290247 DTXSID40181084 DTXSID40390654 DTXSID90767918 DTXSID70762224 DTXSID70562488 DTXSID00442688 DTXSID80791444
DTXSID30385716	DTXSID50655685 DTXSID20793487 DTXSID90751271 DTXSID00813511 DTXSID80709549 DTXSID40662505 DTXSID30336223 DTXSID00504311 DTXSID10470659 DTXSID30675245 DTXSID30798185 DTXSID80630541 DTXSID60783822 DTXSID90798186 DTXSID50761336 DTXSID30639701 DTXSID60295137 DTXSID30816550 DTXSID40556238 DTXSID3060667
DTXSID30824958	DTXSID50609507 DTXSID70701754 DTXSID40780031 DTXSID20748694 DTXSID60433259 DTXSID90542560 DTXSID20205954 DTXSID30294197 DTXSID50173692 DTXSID50469188 DTXSID10448196 DTXSID20817531 DTXSID30400357 DTXSID60430268 DTXSID10290430 DTXSID30218656 DTXSID70546066 DTXSID10448999 DTXSID2073017 DTXSID40637430
DTXSID80844106	DTXSID50675242 DTXSID40711103 DTXSID60816765 DTXSID20363886 DTXSID00764791 DTXSID10699207 DTXSID50340948 DTXSID70517256 DTXSID30867401 DTXSID70733176 DTXSID40581323 DTXSID1042659 DTXSID40887211 DTXSID20630782 DTXSID10733817 DTXSID70457305 DTXSID90440214 DTXSID40751968 DTXSID90509214 DTXSID4052423
DTXSID40574457	DTXSID20213736 DTXSID50152846 DTXSID80341241 DTXSID60572394 DTXSID40435251 DTXSID80199320 DTXSID80835635 DTXSID90788825 DTXSID0024397 DTXSID30399353 DTXSID30668910 DTXSID20336196 DTXSID40697812 DTXSID50846970 DTXSID30650890 DTXSID70513854 DTXSID10761256 DTXSID30418073 DTXSID60144510 DTXSID90787030
DTXSID00526659	DTXSID20162952 DTXSID70171099 DTXSID50581773 DTXSID50170126 DTXSID40562536 DTXSID20664825 DTXSID10653849 DTXSID20355044 DTXSID40494060 DTXSID40674401 DTXSID2062032 DTXSID60344275 DTXSID30280217 DTXSID60358791 DTXSID50646174 DTXSID90389316 DTXSID6061604 DTXSID40300394 DTXSID50591554 DTXSID50374021
DTXSID10777554	DTXSID40845694 DTXSID30444993 DTXSID10712405 DTXSID50776243 DTXSID90706488 DTXSID70669229 DTXSID00668987 DTXSID20394216 DTXSID20705661 DTXSID80855090 DTXSID10356469 DTXSID70784289 DTXSID00670222 DTXSID20424567 DTXSID20640467 DTXSID70710927 DTXSID80289396 DTXSID40701403 DTXSID80479391 DTXSID5063605
DTXSID10589058	DTXSID70459046 DTXSID20310830 DTXSID30664199 DTXSID90284776 DTXSID10366846 DTXSID40244168 DTXSID00824708 DTXSID3062029 DTXSID20168772 DTXSID20452921 DTXSID90362083 DTXSID50368506 DTXSID40684101 DTXSID30711410 DTXSID00520894 DTXSID70705772 DTXSID90234635 DTXSID30401122 DTXSID80666542 DTXSID80639958
DTXSID60711645	DTXSID00865494 DTXSID30407987 DTXSID10552267 DTXSID50640470 DTXSID00501264 DTXSID50835107 DTXSID70202690 DTXSID50306004 DTXSID70447645 DTXSID90324363 DTXSID60307320 DTXSID60649439 DTXSID40191426 DTXSID00559245 DTXSID90547999 DTXSID20616925 DTXSID00502372 DTXSID30734205 DTXSID20630368 DTXSID30181371
DTXSID10183595	DTXSID90783810 DTXSID10516460 DTXSID50807743 DTXSID40196830 DTXSID70383372 DTXSID10811386 DTXSID00819932 DTXSID50710086 DTXSID60645895 DTXSID00543245 DTXSID10380522 DTXSID20656109 DTXSID90474074 DTXSID90850495 DTXSID40874348 DTXSID40474221 DTXSID40221893 DTXSID80468881 DTXSID80323663 DTXSID50277740
DTXSID80843452	DTXSID80542059 DTXSID30287665 DTXSID10667562 DTXSID00386558 DTXSID70876815 DTXSID00563342 DTXSID20310138 DTXSID50841228 DTXSID40497511 DTXSID20226240 DTXSID60328237 DTXSID40530558 DTXSID90602714 DTXSID00216604 DTXSID10403003 DTXSID00217873 DTXSID20144415 DTXSID90324449 DTXSID70195316 DTXSID90634530
DTXSID00701883	DTXSID00715541 DTXSID10144949 DTXSID50840392 DTXSID70529697 DTXSID00616882 DTXSID40163406 DTXSID00632961 DTXSID90825880 DTXSID50878074 DTXSID50365777 DTXSID00507064 DTXSID80660707 DTXSID20540059 DTXSID80748150 DTXSID20503927 DTXSID70487304 DTXSID70822074 DTXSID50761013 DTXSID10145133 DTXSID50703291
DTXSID90144927	DTXSID30761379 DTXSID40180239 DTXSID10228793 DTXSID40617191 DTXSID40876185 DTXSID60694525 DTXSID10705554 DTXSID8064981 DTXSID00488329 DTXSID20311463 DTXSID10640052 DTXSID50447183 DTXSID40710176 DTXSID50824511 DTXSID80582970 DTXSID70314868 DTXSID50795277 DTXSID90441084 DTXSID00565861 DTXSID00401058
DTXSID40787722	DTXSID00513589 DTXSID60757684 DTXSID50841824 DTXSID90680572 DTXSID80378714 DTXSID60848460 DTXSID00373802 DTXSID70191611 DTXSID90358168 DTXSID80744157 DTXSID20668040 DTXSID20559702 DTXSID20641272 DTXSID40607633 DTXSID40829772 DTXSID70545195 DTXSID70452633 DTXSID00656147 DTXSID30876518 DTXSID70196484
DTXSID80279772	DTXSID80154818 DTXSID40237176 DTXSID50681767 DTXSID70623684 DTXSID40167969 DTXSID80831692 DTXSID10160386 DTXSID60554776 DTXSID90457963 DTXSID40649795 DTXSID10278713 DTXSID20883175 DTXSID40405393 DTXSID10186102 DTXSID80349606 DTXSID70556342 DTXSID00839498 DTXSID90550105 DTXSID20391189 DTXSID70365214
DTXSID00625136	DTXSID00640283 DTXSID20322579 DTXSID60514991 DTXSID60519486 DTXSID80456102 DTXSID40439279 DTXSID40418766 DTXSID80693833 DTXSID10579757 DTXSID20595640 DTXSID10634416 DTXSID20429436 DTXSID10555314 DTXSID90290453 DTXSID90232353 DTXSID00829056 DTXSID40546790 DTXSID70715619 DTXSID20243255 DTXSID10606431
DTXSID90160344	DTXSID80792077 DTXSID50154805 DTXSID60489953 DTXSID90158322 DTXSID40677396 DTXSID40555266 DTXSID80221812 DTXSID80151569 DTXSID90203164 DTXSID00886881 DTXSID00604709 DTXSID70234370 DTXSID70884657 DTXSID90310261 DTXSID10580202 DTXSID70568465 DTXSID50804838 DTXSID30660373 DTXSID40219538 DTXSID20783666
DTXSID50296299	DTXSID40759388 DTXSID80763106 DTXSID30656776 DTXSID90464773 DTXSID70880654 DTXSID70809300 DTXSID60816588 DTXSID30544962 DTXSID60448429 DTXSID60184032 DTXSID60881211 DTXSID60241518 DTXSID90656414 DTXSID70439005 DTXSID20434202 DTXSID00655190 DTXSID60642041 DTXSID80159287 DTXSID10149196 DTXSID40751968
DTXSID20526914	DTXSID00295196 DTXSID10820094 DTXSID70840859 DTXSID30704004 DTXSID40727906 DTXSID90660374 DTXSID3052355 DTXSID00744553 DTXSID00809530 DTXSID40315180 DTXSID20530950 DTXSID10506048 DTXSID20642441 DTXSID10634214 DTXSID10798188 DTXSID50304964 DTXSID30370420 DTXSID00281357 DTXSID80345805 DTXSID20504116
DTXSID90519151	DTXSID60770393 DTXSID80648545 DTXSID00655433 DTXSID00651056 DTXSID80394919 DTXSID80594452 DTXSID10669849 DTXSID90577271 DTXSID70515318 DTXSID00837277 DTXSID80784659 DTXSID5044811 DTXSID50443483 DTXSID10640299 DTXSID00401154 DTXSID60333109 DTXSID20887118 DTXSID10693124 DTXSID80568138 DTXSID90632258
DTXSID50368960	DTXSID40818449 DTXSID90278397 DTXSID60816780 DTXSID70355317 DTXSID80584818 DTXSID40392234 DTXSID70281066 DTXSID60484049 DTXSID00642146 DTXSID00603530 DTXSID30726443 DTXSID50743096 DTXSID30157793 DTXSID60460080 DTXSID40295857 DTXSID70356086 DTXSID90352303 DTXSID10350624 DTXSID60707341 DTXSID00444965
DTXSID40667575	DTXSID50221364 DTXSID5059296 DTXSID20492625 DTXSID00338097 DTXSID20728537 DTXSID90738966 DTXSID30628054 DTXSID70733212 DTXSID70551236 DTXSID50561439 DTXSID20339268 DTXSID20464706 DTXSID60343788 DTXSID00448923 DTXSID60876905 DTXSID80485139 DTXSID90640535 DTXSID3059268 DTXSID60849235 DTXSID80392859
DTXSID80341685	DTXSID30342228 DTXSID00789267 DTXSID10511839 DTXSID10710087 DTXSID10324880 DTXSID60340757 DTXSID30816732 DTXSID80414949 DTXSID80341660 DTXSID70816731 DTXSID40341661 DTXSID60864504 DTXSID40341666 DTXSID40341646 DTXSID40647397 DTXSID40336794 DTXSID30297769 DTXSID90804832 DTXSID70346765 DTXSID10347973
DTXSID80175922	DTXSID70619188 DTXSID50383092 DTXSID70711898 DTXSID40371741 DTXSID40354256 DTXSID50778944 DTXSID30628892 DTXSID60503325 DTXSID00407818 DTXSID1063435 DTXSID00186358 DTXSID80619210 DTXSID90625201 DTXSID80407659 DTXSID10364029 DTXSID60427936 DTXSID80374438 DTXSID80496402 DTXSID70857280 DTXSID00619752
DTXSID50187390	DTXSID20479512 DTXSID90616912 DTXSID10563075 DTXSID00358154 DTXSID10489948 DTXSID50457540 DTXSID80876684 DTXSID30617640 DTXSID90667540 DTXSID50363339 DTXSID40365761 DTXSID90829020 DTXSID20318497 DTXSID80543420 DTXSID30444615 DTXSID60402369 DTXSID40378694 DTXSID50847765 DTXSID60442705 DTXSID60586219
DTXSID70578549	DTXSID00646629 DTXSID60646347 DTXSID70553659 DTXSID10298976 DTXSID60383684 DTXSID40432169 DTXSID70665448 DTXSID8060298 DTXSID40517460 DTXSID70350302 DTXSID10694595 DTXSID90162424 DTXSID60578412 DTXSID30646571 DTXSID80700192 DTXSID30620215 DTXSID40390270 DTXSID40671112 DTXSID80516730 DTXSID50669924
DTXSID60745223	DTXSID40213495 DTXSID00570016 DTXSID50176128 DTXSID80609398 DTXSID70438513 DTXSID80711127 DTXSID50825200 DTXSID40543966 DTXSID20299676 DTXSID60357421 DTXSID30879726 DTXSID00220882 DTXSID8058827 DTXSID10505874 DTXSID00811431 DTXSID70526808 DTXSID00802263 DTXSID80214022 DTXSID10519178 DTXSID20661056
DTXSID20162952	DTXSID00526659 DTXSID40562536 DTXSID70171099 DTXSID50170126 DTXSID50581773 DTXSID20355044 DTXSID10653849 DTXSID20664825 DTXSID60358791 DTXSID6061604 DTXSID40494060 DTXSID40674401 DTXSID30280217 DTXSID50591554 DTXSID2062032 DTXSID60344275 DTXSID90389316 DTXSID50646174 DTXSID70239542 DTXSID50625161
DTXSID70826239	DTXSID50846970 DTXSID30588169 DTXSID30627507 DTXSID00758317 DTXSID60640800 DTXSID20445999 DTXSID60405779 DTXSID70606538 DTXSID90489385 DTXSID50799997 DTXSID90788825 DTXSID20380033 DTXSID70513854 DTXSID70756441 DTXSID30733677 DTXSID40697812 DTXSID20213736 DTXSID80199320 DTXSID40697155 DTXSID40574457
DTXSID80630460	DTXSID90772845 DTXSID20654908 DTXSID10624458 DTXSID30181270 DTXSID60696569 DTXSID10571610 DTXSID50806832 DTXSID10193937 DTXSID20723749 DTXSID10657448 DTXSID60455133 DTXSID30725613 DTXSID20561608 DTXSID50277765 DTXSID10458452 DTXSID10756167 DTXSID1020724 DTXSID40657471 DTXSID80476729 DTXSID40423173
DTXSID50488652	DTXSID50523178 DTXSID00697494 DTXSID00151203 DTXSID70827923 DTXSID70303818 DTXSID50401306 DTXSID60842948 DTXSID30896094 DTXSID40640585 DTXSID80478263 DTXSID90294375 DTXSID10394967 DTXSID30889002 DTXSID90573157 DTXSID40876645 DTXSID10228319 DTXSID30476911 DTXSID10818850 DTXSID30551237 DTXSID30662877
DTXSID40161003	DTXSID70821062 DTXSID70203107 DTXSID90626394 DTXSID60897135 DTXSID80492984 DTXSID70831702 DTXSID90185572 DTXSID30378360 DTXSID70408539 DTXSID10876516 DTXSID70165938 DTXSID00293935 DTXSID70461260 DTXSID60365844 DTXSID80211571 DTXSID90586161 DTXSID60284824 DTXSID10581315 DTXSID40674385 DTXSID00568670
DTXSID20797061	DTXSID40845013 DTXSID40873937 DTXSID70797955 DTXSID10764146 DTXSID40613991 DTXSID10784127 DTXSID90763152 DTXSID60873939 DTXSID00234146 DTXSID6044802 DTXSID60242747 DTXSID00887474 DTXSID50499107 DTXSID10872659 DTXSID50343212 DTXSID20745486 DTXSID00829132 DTXSID50289404 DTXSID0067503 DTXSID10511157
DTXSID20179929	DTXSID60749685 DTXSID20853671 DTXSID30630197 DTXSID50857460 DTXSID40856624 DTXSID50400233 DTXSID90425687 DTXSID50613806 DTXSID20656902 DTXSID70433149 DTXSID40883091 DTXSID60227594 DTXSID10542067 DTXSID20697678 DTXSID20222681 DTXSID90847724 DTXSID80476729 DTXSID10720242 DTXSID20876683 DTXSID70327438
DTXSID30726822	DTXSID50580049 DTXSID70858136 DTXSID90345699 DTXSID10842610 DTXSID90645585 DTXSID20277616 DTXSID60308998 DTXSID40646800 DTXSID90427929 DTXSID90711350 DTXSID50535852 DTXSID70276876 DTXSID70642476 DTXSID70217345 DTXSID10345656 DTXSID30651867 DTXSID30627547 DTXSID20797748 DTXSID90729455 DTXSID80482421
DTXSID40449914	DTXSID30850393 DTXSID20764253 DTXSID80666249 DTXSID30647583 DTXSID20302371 DTXSID70329513 DTXSID70880417 DTXSID70880598 DTXSID80436722 DTXSID70851288 DTXSID4070378 DTXSID60801696 DTXSID70823546 DTXSID50519152 DTXSID00153661 DTXSID10782320 DTXSID00823534 DTXSID2062747 DTXSID40823492 DTXSID90787090
DTXSID70784289	DTXSID10347115 DTXSID40701403 DTXSID50776243 DTXSID20705661 DTXSID40187203 DTXSID90392042 DTXSID10712405 DTXSID5063605 DTXSID10354268 DTXSID90706488 DTXSID80668985 DTXSID60669233 DTXSID20640467 DTXSID10777554 DTXSID20849776 DTXSID20394216 DTXSID20424567 DTXSID40444409 DTXSID70616516 DTXSID40504113
DTXSID50600332	DTXSID10808953 DTXSID80448244 DTXSID40298348 DTXSID70297602 DTXSID90152446 DTXSID90590243 DTXSID40708275 DTXSID00186636 DTXSID50174083 DTXSID30222273 DTXSID00582912 DTXSID20449876 DTXSID80783708 DTXSID00225771 DTXSID00346738 DTXSID30858713 DTXSID60174711 DTXSID80201174 DTXSID50313056 DTXSID2052447
DTXSID50476377	DTXSID10600494 DTXSID90750769 DTXSID50479464 DTXSID30850858 DTXSID20523529 DTXSID60523528 DTXSID00523527 DTXSID70193216 DTXSID30639049 DTXSID40523526 DTXSID80806628 DTXSID80766713 DTXSID30766546 DTXSID50818238 DTXSID70765735 DTXSID20297955 DTXSID70596485 DTXSID40739943 DTXSID10241806 DTXSID10851661
DTXSID40589445	DTXSID40762559 DTXSID80407917 DTXSID90427267 DTXSID20590216 DTXSID10406059 DTXSID10364706 DTXSID40144179 DTXSID50684233 DTXSID20478000 DTXSID50381795 DTXSID50896096 DTXSID80346776 DTXSID50818117 DTXSID00571028 DTXSID50286771 DTXSID50853664 DTXSID70712704 DTXSID2060387 DTXSID90585790 DTXSID30828991
DTXSID30343679	DTXSID00681055 DTXSID10308665 DTXSID40661659 DTXSID80436661 DTXSID00377007 DTXSID20879058 DTXSID20383685 DTXSID80597943 DTXSID90722921 DTXSID20477518 DTXSID90348968 DTXSID70382567 DTXSID90693208 DTXSID80475919 DTXSID50737516 DTXSID40348731 DTXSID90370966 DTXSID70616314 DTXSID60561849 DTXSID30671904
DTXSID10572809	DTXSID30422675 DTXSID90551056 DTXSID40713743 DTXSID70476834 DTXSID80176191 DTXSID00274688 DTXSID00876287 DTXSID20393249 DTXSID30853642 DTXSID90152845 DTXSID60734490 DTXSID50667344 DTXSID50361411 DTXSID10292111 DTXSID30179672 DTXSID20143105 DTXSID00646760 DTXSID80470843 DTXSID30717210 DTXSID10517912
DTXSID80324271	DTXSID00473578 DTXSID10201521 DTXSID70602636 DTXSID60355402 DTXSID30185314 DTXSID80537122 DTXSID90577938 DTXSID10338109 DTXSID40522559 DTXSID50531652 DTXSID70434151 DTXSID60532832 DTXSID80174834 DTXSID70704008 DTXSID70711419 DTXSID00339443 DTXSID90854731 DTXSID20797743 DTXSID30304306 DTXSID70640290
DTXSID20770410	DTXSID70886858 DTXSID50412755 DTXSID70672753 DTXSID40790019 DTXSID60320630 DTXSID40310872 DTXSID50306463 DTXSID70287543 DTXSID30636396 DTXSID60143023 DTXSID80465693 DTXSID10732825 DTXSID80190337 DTXSID40694588 DTXSID90626596 DTXSID00402085 DTXSID10471025 DTXSID20406545 DTXSID40879338 DTXSID50437069
DTXSID40727906	DTXSID00295196 DTXSID40556238 DTXSID00809530 DTXSID10820094 DTXSID20526914 DTXSID10506048 DTXSID50345231 DTXSID60783822 DTXSID30704004 DTXSID30370420 DTXSID20530950 DTXSID00515129 DTXSID3052355 DTXSID60295137 DTXSID50761336 DTXSID3075335 DTXSID10211044 DTXSID20793487 DTXSID90798186 DTXSID90660374
DTXSID90203164	DTXSID70884657 DTXSID70568465 DTXSID00604709 DTXSID90310261 DTXSID40677396 DTXSID90158322 DTXSID50154805 DTXSID90160344 DTXSID80792077 DTXSID00563862 DTXSID20660362 DTXSID80221812 DTXSID70855069 DTXSID80151569 DTXSID10580202 DTXSID60827513 DTXSID30660373 DTXSID60489953 DTXSID70325651 DTXSID60611176
DTXSID90843903	DTXSID60206102 DTXSID70431468 DTXSID40751706 DTXSID60425730 DTXSID70309077 DTXSID00440826 DTXSID90501470 DTXSID30641187 DTXSID90439542 DTXSID20739168 DTXSID70742980 DTXSID00436880 DTXSID80495753 DTXSID40693273 DTXSID90708402 DTXSID20600723 DTXSID70383670 DTXSID50490730 DTXSID70618696 DTXSID80604000
DTXSID80468664	DTXSID1041764 DTXSID50352288 DTXSID80326235 DTXSID6070435 DTXSID20559469 DTXSID10354788 DTXSID90163234 DTXSID60327023 DTXSID10830875 DTXSID60714878 DTXSID20802265 DTXSID90731356 DTXSID40650629 DTXSID70318765 DTXSID70891588 DTXSID60443191 DTXSID40737303 DTXSID80879473 DTXSID10762622 DTXSID40393488
DTXSID50607326	DTXSID00462285 DTXSID70791175 DTXSID50404332 DTXSID90624976 DTXSID40295857 DTXSID70366049 DTXSID60368299 DTXSID20321380 DTXSID90182288 DTXSID50844436 DTXSID60695476 DTXSID20450149 DTXSID70674131 DTXSID90278397 DTXSID30313034 DTXSID50743096 DTXSID40533943 DTXSID10350624 DTXSID30818574 DTXSID70835922
DTXSID20183980	DTXSID90451623 DTXSID60285093 DTXSID00503965 DTXSID00509104 DTXSID50281206 DTXSID50520026 DTXSID0051318 DTXSID40566478 DTXSID60337061 DTXSID30150880 DTXSID50321555 DTXSID3059268 DTXSID20368654 DTXSID1063512 DTXSID70448359 DTXSID40640606 DTXSID30438498 DTXSID10439589 DTXSID40442061 DTXSID60486225
DTXSID10174948	DTXSID60733408 DTXSID60358175 DTXSID1060712 DTXSID90474094 DTXSID30419742 DTXSID70499149 DTXSID20591743 DTXSID20429673 DTXSID80601918 DTXSID20302452 DTXSID60221092 DTXSID10564764 DTXSID40528152 DTXSID90763672 DTXSID60284147 DTXSID00188933 DTXSID40321322 DTXSID50396228 DTXSID70239385 DTXSID30290992
DTXSID40462704	DTXSID50742761 DTXSID00546650 DTXSID50481880 DTXSID00110032 DTXSID80777521 DTXSID60526594 DTXSID10471545 DTXSID60168776 DTXSID70655400 DTXSID10498176 DTXSID60198210 DTXSID50572621 DTXSID50742145 DTXSID50311390 DTXSID70721432 DTXSID90396484 DTXSID20573226 DTXSID50479863 DTXSID10182402 DTXSID80742077
DTXSID90499161	DTXSID70221826 DTXSID70524783 DTXSID70383473 DTXSID60708712 DTXSID30540282 DTXSID40210161 DTXSID20379503 DTXSID00315606 DTXSID00184258 DTXSID90544741 DTXSID70592609 DTXSID90715717 DTXSID90431228 DTXSID60744317 DTXSID90612898 DTXSID90554466 DTXSID20797081 DTXSID20628588 DTXSID50694418 DTXSID00604183
DTXSID40278382	DTXSID10734102 DTXSID90303658 DTXSID30818135 DTXSID00292206 DTXSID40664842 DTXSID40516559 DTXSID90290453 DTXSID40309307 DTXSID40309645 DTXSID40629370 DTXSID90301614 DTXSID40439279 DTXSID50518761 DTXSID90352964 DTXSID20831939 DTXSID30400852 DTXSID40171566 DTXSID10579757 DTXSID40418766 DTXSID10606431
DTXSID00601031	DTXSID20780433 DTXSID90152845 DTXSID40319289 DTXSID80637939 DTXSID30179672 DTXSID10763412 DTXSID70799095 DTXSID70350342 DTXSID7070769 DTXSID10551290 DTXSID60879411 DTXSID60446788 DTXSID90181655 DTXSID20286440 DTXSID50356327 DTXSID00274688 DTXSID40615596 DTXSID80176191 DTXSID10572809 DTXSID10292111
DTXSID70504686	DTXSID10179115 DTXSID20718998 DTXSID70744909 DTXSID80343442 DTXSID70334960 DTXSID90698511 DTXSID60536810 DTXSID20368295 DTXSID10483385 DTXSID6036885 DTXSID50483384 DTXSID70449649 DTXSID50395110 DTXSID40191264 DTXSID10547673 DTXSID90461989 DTXSID00559149 DTXSID90547671 DTXSID90623222 DTXSID10408856
DTXSID90354120	DTXSID70749176 DTXSID80191703 DTXSID80627991 DTXSID00461157 DTXSID80729308 DTXSID70613904 DTXSID30453025 DTXSID70857280 DTXSID80646465 DTXSID00651511 DTXSID40321322 DTXSID20668222 DTXSID10282310 DTXSID20371406 DTXSID00528158 DTXSID50546887 DTXSID90156823 DTXSID60284147 DTXSID30178327 DTXSID40528152
DTXSID30793711	DTXSID40748373 DTXSID70240355 DTXSID20148998 DTXSID60188550 DTXSID20547861 DTXSID70791993 DTXSID30808778 DTXSID60520198 DTXSID40797200 DTXSID20614320 DTXSID00300092 DTXSID40413276 DTXSID20627031 DTXSID10627489 DTXSID30637126 DTXSID10467660 DTXSID80700910 DTXSID50825321 DTXSID50851665 DTXSID60704451
DTXSID70464776	DTXSID90562940 DTXSID00817918 DTXSID00807834 DTXSID00325563 DTXSID60660361 DTXSID9069849 DTXSID90786326 DTXSID80852948 DTXSID20624146 DTXSID60283413 DTXSID80729641 DTXSID90820815 DTXSID90595036 DTXSID30850116 DTXSID60573543 DTXSID90718102 DTXSID40573485 DTXSID90888152 DTXSID00816845 DTXSID20459617
DTXSID70652636	DTXSID80536276 DTXSID50179311 DTXSID80441730 DTXSID70729352 DTXSID00312413 DTXSID40633614 DTXSID50879602 DTXSID30889784 DTXSID60681556 DTXSID30225724 DTXSID60696529 DTXSID80813554 DTXSID40505180 DTXSID70388408 DTXSID30599199 DTXSID20381166 DTXSID70544562 DTXSID50454276 DTXSID10430450 DTXSID10463849
DTXSID50321732	DTXSID60657039 DTXSID70299409 DTXSID90733219 DTXSID00559806 DTXSID20288681 DTXSID20277151 DTXSID00393560 DTXSID00362579 DTXSID70589478 DTXSID20449336 DTXSID80557042 DTXSID00895933 DTXSID90482134 DTXSID60835815 DTXSID10600595 DTXSID40451698 DTXSID50170323 DTXSID70783656 DTXSID40659692 DTXSID60710254
DTXSID80407917	DTXSID40762559 DTXSID10364706 DTXSID40589445 DTXSID20590216 DTXSID90427267 DTXSID60359485 DTXSID80346776 DTXSID30828991 DTXSID50374208 DTXSID50818117 DTXSID50896096 DTXSID90585790 DTXSID50684233 DTXSID00571028 DTXSID20478000 DTXSID9068742 DTXSID2060387 DTXSID70400336 DTXSID10406059 DTXSID50286771
DTXSID60829355	DTXSID40341469 DTXSID30207207 DTXSID60733827 DTXSID4072233 DTXSID30640938 DTXSID30574648 DTXSID0020492 DTXSID1024752 DTXSID50732122 DTXSID90275528 DTXSID70576904 DTXSID5067500 DTXSID90645348 DTXSID20876805 DTXSID60896542 DTXSID80808541 DTXSID20391189 DTXSID80646122 DTXSID80785949 DTXSID60150590
DTXSID90597717	DTXSID80613192 DTXSID10224533 DTXSID70326042 DTXSID70300064 DTXSID50214857 DTXSID10342286 DTXSID60284925 DTXSID80613172 DTXSID50366168 DTXSID60187083 DTXSID60305467 DTXSID70667604 DTXSID30843644 DTXSID20708955 DTXSID60545866 DTXSID20754836 DTXSID20325065 DTXSID90444156 DTXSID80552613 DTXSID60164793
DTXSID50314442	DTXSID00201636 DTXSID80312456 DTXSID10494693 DTXSID80489637 DTXSID90460452 DTXSID70195699 DTXSID50809005 DTXSID70486135 DTXSID60757260 DTXSID80514776 DTXSID00534971 DTXSID90308284 DTXSID40374050 DTXSID20806980 DTXSID70372524 DTXSID30288293 DTXSID30685400 DTXSID60608324 DTXSID90651202 DTXSID30399353
DTXSID40586070	DTXSID70220874 DTXSID80670260 DTXSID10348884 DTXSID70542583 DTXSID60655318 DTXSID00520839 DTXSID70445949 DTXSID90827602 DTXSID80661133 DTXSID70243846 DTXSID80801219 DTXSID30468391 DTXSID60802643 DTXSID20738530 DTXSID90373674 DTXSID50384160 DTXSID50220892 DTXSID70291387 DTXSID10592880 DTXSID10590482
DTXSID80876523	DTXSID50767873 DTXSID50340165 DTXSID40504491 DTXSID30733071 DTXSID70724044 DTXSID20533542 DTXSID70664895 DTXSID60813077 DTXSID90519474 DTXSID90486990 DTXSID10584427 DTXSID20862849 DTXSID80640201 DTXSID70466078 DTXSID40446064 DTXSID80771185 DTXSID50586107 DTXSID80782413 DTXSID10728667 DTXSID00725605
DTXSID00722634	DTXSID10764141 DTXSID90598183 DTXSID60700392 DTXSID50308568 DTXSID20881333 DTXSID40397264 DTXSID50336265 DTXSID40393089 DTXSID10371410 DTXSID60429096 DTXSID10142980 DTXSID30659560 DTXSID50303811 DTXSID30727511 DTXSID50582785 DTXSID00443175 DTXSID90353299 DTXSID20190891 DTXSID00314654 DTXSID50292099
DTXSID40793823	DTXSID6041769 DTXSID60635458 DTXSID60798719 DTXSID60551669 DTXSID60626321 DTXSID50704788 DTXSID40596119 DTXSID20369429 DTXSID10685822 DTXSID90407221 DTXSID80355863 DTXSID00462684 DTXSID50879142 DTXSID30313635 DTXSID70369696 DTXSID30309654 DTXSID00287899 DTXSID00382030 DTXSID80465693 DTXSID40879338
DTXSID40504491	DTXSID50340165 DTXSID80876523 DTXSID70664895 DTXSID60813077 DTXSID50767873 DTXSID80782413 DTXSID30733071 DTXSID80771185 DTXSID00725605 DTXSID90326600 DTXSID40446064 DTXSID70466078 DTXSID70724044 DTXSID20533542 DTXSID60671492 DTXSID90486990 DTXSID80640201 DTXSID10584427 DTXSID20656366 DTXSID1068229
DTXSID10406059	DTXSID40589445 DTXSID50671709 DTXSID50381795 DTXSID30666870 DTXSID90427267 DTXSID50853664 DTXSID40762559 DTXSID40144179 DTXSID20478000 DTXSID50286771 DTXSID90581772 DTXSID80407917 DTXSID20590216 DTXSID50896096 DTXSID50538580 DTXSID50684233 DTXSID50392846 DTXSID2060387 DTXSID80466488 DTXSID60573200
DTXSID00606980	DTXSID50596246 DTXSID60556013 DTXSID50364467 DTXSID80556898 DTXSID60303226 DTXSID30588240 DTXSID70397272 DTXSID80499110 DTXSID00846581 DTXSID80724015 DTXSID40405636 DTXSID20717067 DTXSID30423703 DTXSID40820466 DTXSID90453389 DTXSID70238095 DTXSID50228318 DTXSID10805306 DTXSID90666452 DTXSID20597765
DTXSID20625113	DTXSID30514887 DTXSID30743135 DTXSID00699594 DTXSID00472485 DTXSID30434995 DTXSID80443759 DTXSID70876870 DTXSID80640842 DTXSID30886233 DTXSID80276584 DTXSID80352251 DTXSID0047088 DTXSID40180658 DTXSID50310146 DTXSID10314887 DTXSID60457672 DTXSID50735552 DTXSID10597638 DTXSID70562423 DTXSID40314517
DTXSID20876047	DTXSID30507638 DTXSID60308751 DTXSID40382933 DTXSID60214121 DTXSID70741615 DTXSID10561975 DTXSID90518543 DTXSID50178708 DTXSID00769266 DTXSID10803483 DTXSID10316220 DTXSID30661188 DTXSID40642488 DTXSID30566720 DTXSID20742591 DTXSID30676515 DTXSID70693504 DTXSID80597524 DTXSID80181841 DTXSID80700798
DTXSID00425552	DTXSID3073397 DTXSID40501208 DTXSID80645312 DTXSID50375033 DTXSID70212375 DTXSID2041963 DTXSID90411444 DTXSID60459959 DTXSID20390950 DTXSID00374031 DTXSID20435693 DTXSID70173750 DTXSID00404887 DTXSID90836456 DTXSID70876658 DTXSID90799638 DTXSID30844757 DTXSID70188187 DTXSID70283005 DTXSID80472847
DTXSID70741615	DTXSID60308751 DTXSID30553978 DTXSID40642488 DTXSID30507638 DTXSID50351094 DTXSID70561754 DTXSID60214121 DTXSID50178708 DTXSID50652836 DTXSID20876047 DTXSID30661188 DTXSID80700798 DTXSID60649212 DTXSID10363476 DTXSID90518543 DTXSID60819953 DTXSID00728974 DTXSID30676515 DTXSID50300042 DTXSID20307225
DTXSID50468535	DTXSID50491545 DTXSID30615328 DTXSID40530331 DTXSID20243255 DTXSID50478058 DTXSID80723765 DTXSID60792898 DTXSID00829056 DTXSID70236692 DTXSID40546790 DTXSID10634416 DTXSID20602343 DTXSID20409415 DTXSID10361270 DTXSID20600723 DTXSID80310179 DTXSID20892085 DTXSID60415939 DTXSID10555314 DTXSID40171566
DTXSID10541414	DTXSID80395860 DTXSID20540610 DTXSID00474121 DTXSID80612887 DTXSID90402498 DTXSID60510635 DTXSID50681040 DTXSID50760389 DTXSID80349621 DTXSID70548989 DTXSID70846715 DTXSID40415679 DTXSID60291078 DTXSID40617934 DTXSID00204985 DTXSID00854560 DTXSID10425129 DTXSID60325125 DTXSID60495337 DTXSID10491980
DTXSID90598663	DTXSID80407255 DTXSID80664341 DTXSID40831916 DTXSID00879470 DTXSID10607802 DTXSID30447287 DTXSID20572976 DTXSID70589594 DTXSID50308280 DTXSID50545799 DTXSID90349172 DTXSID20362556 DTXSID60286207 DTXSID50681000 DTXSID40819113 DTXSID3063045 DTXSID70491880 DTXSID50543058 DTXSID10426979 DTXSID00831917
DTXSID30478859	DTXSID20415399 DTXSID80724732 DTXSID90694856 DTXSID10469624 DTXSID70460591 DTXSID60717162 DTXSID50369735 DTXSID10682417 DTXSID80178953 DTXSID50722189 DTXSID30782468 DTXSID30363675 DTXSID70588229 DTXSID10640133 DTXSID10365950 DTXSID70346321 DTXSID20681991 DTXSID00415852 DTXSID50843904 DTXSID20646505
DTXSID00552711	DTXSID20346371 DTXSID70148105 DTXSID70579192 DTXSID80600426 DTXSID30563335 DTXSID00383582 DTXSID00344214 DTXSID20191247 DTXSID20236506 DTXSID30605128 DTXSID70631249 DTXSID80371649 DTXSID50659704 DTXSID90350602 DTXSID30745058 DTXSID00151728 DTXSID10668938 DTXSID50602750 DTXSID40781189 DTXSID90679880
DTXSID50300204	DTXSID80549962 DTXSID20896184 DTXSID80645236 DTXSID00734131 DTXSID20296241 DTXSID40387802 DTXSID70615746 DTXSID20720470 DTXSID00841995 DTXSID80380630 DTXSID20655571 DTXSID60567341 DTXSID20405250 DTXSID70368043 DTXSID90841565 DTXSID90295367 DTXSID00532750 DTXSID80396852 DTXSID10696352 DTXSID70237664
DTXSID90624532	DTXSID30615166 DTXSID80700137 DTXSID30444296 DTXSID60550556 DTXSID50716063 DTXSID20274988 DTXSID20702716 DTXSID40170039 DTXSID60876324 DTXSID70794227 DTXSID70545195 DTXSID20536750 DTXSID80181841 DTXSID00810328 DTXSID70331217 DTXSID80151882 DTXSID20641272 DTXSID90344526 DTXSID10787436 DTXSID70823187
DTXSID30379473	DTXSID70803782 DTXSID10143558 DTXSID80655491 DTXSID80725643 DTXSID00597940 DTXSID10896335 DTXSID90513997 DTXSID20700217 DTXSID60768134 DTXSID2068137 DTXSID10875923 DTXSID60875736 DTXSID60542496 DTXSID20173629 DTXSID70314449 DTXSID80427291 DTXSID70477482 DTXSID50509992 DTXSID40288860 DTXSID40674724
DTXSID70541990	DTXSID40210247 DTXSID90578465 DTXSID70612518 DTXSID70341093 DTXSID70652898 DTXSID50508400 DTXSID40230768 DTXSID40852686 DTXSID90390240 DTXSID80463679 DTXSID90473103 DTXSID70580985 DTXSID00355800 DTXSID40538872 DTXSID30433403 DTXSID20509580 DTXSID40789600 DTXSID50624255 DTXSID80742835 DTXSID30544482
DTXSID00775105	DTXSID50759410 DTXSID80564296 DTXSID70525891 DTXSID90609465 DTXSID50832292 DTXSID50788144 DTXSID90719154 DTXSID50306701 DTXSID80661118 DTXSID30545994 DTXSID1059151 DTXSID10837920 DTXSID90745079 DTXSID10610179 DTXSID90290716 DTXSID6052324 DTXSID50507514 DTXSID80757020 DTXSID50697661 DTXSID70876532
DTXSID50876338	DTXSID10720308 DTXSID40188098 DTXSID40485337 DTXSID50742443 DTXSID00556597 DTXSID20817910 DTXSID20474825 DTXSID20162351 DTXSID30372388 DTXSID50483768 DTXSID10740400 DTXSID50335096 DTXSID90406390 DTXSID80324913 DTXSID00313622 DTXSID70879543 DTXSID80475393 DTXSID50552847 DTXSID20511764 DTXSID80710110
DTXSID00321565	DTXSID90591795 DTXSID5073666 DTXSID20465410 DTXSID10616959 DTXSID30879120 DTXSID40492662 DTXSID80294445 DTXSID60307108 DTXSID00377461 DTXSID50473568 DTXSID60620389 DTXSID20435693 DTXSID70192522 DTXSID60377023 DTXSID60535000 DTXSID00695157 DTXSID10523215 DTXSID00506916 DTXSID30830751 DTXSID80336298
DTXSID60735008	DTXSID60204269 DTXSID20356910 DTXSID50543058 DTXSID20162654 DTXSID40764472 DTXSID70491880 DTXSID50556547 DTXSID10561894 DTXSID50651021 DTXSID00831917 DTXSID70372524 DTXSID00744412 DTXSID10483789 DTXSID20545261 DTXSID50153696 DTXSID90308284 DTXSID50323554 DTXSID70398168 DTXSID20876269 DTXSID10855821
DTXSID90577271	DTXSID80648545 DTXSID80594452 DTXSID60333109 DTXSID80394919 DTXSID90519151 DTXSID40595667 DTXSID90632258 DTXSID60770393 DTXSID50443483 DTXSID00837277 DTXSID10489847 DTXSID80568138 DTXSID80506277 DTXSID30825445 DTXSID5044811 DTXSID70473565 DTXSID00655433 DTXSID80175169 DTXSID90844430 DTXSID80539823
DTXSID10607125	DTXSID00834226 DTXSID50766987 DTXSID60611176 DTXSID60790112 DTXSID00675171 DTXSID10580202 DTXSID80817239 DTXSID30377777 DTXSID70459546 DTXSID50887924 DTXSID70325651 DTXSID00452661 DTXSID70525598 DTXSID4072316 DTXSID30675361 DTXSID30479306 DTXSID50437584 DTXSID00604709 DTXSID20660362 DTXSID40711249
DTXSID60296149	DTXSID30187171 DTXSID30218010 DTXSID10672237 DTXSID30855949 DTXSID20361488 DTXSID10278874 DTXSID80733804 DTXSID10454010 DTXSID20671211 DTXSID10287587 DTXSID00625858 DTXSID90512026 DTXSID00856726 DTXSID80170356 DTXSID20192491 DTXSID90333915 DTXSID30543016 DTXSID10340242 DTXSID50544085 DTXSID10452450
DTXSID90734423	DTXSID20445318 DTXSID60182598 DTXSID30420691 DTXSID20566037 DTXSID60390070 DTXSID00434109 DTXSID80443794 DTXSID90443725 DTXSID90182445 DTXSID20581402 DTXSID80309280 DTXSID20161445 DTXSID00441777 DTXSID90731876 DTXSID50810611 DTXSID7044506 DTXSID00847053 DTXSID60239536 DTXSID60183484 DTXSID50368783
DTXSID40467916	DTXSID10318623 DTXSID20794818 DTXSID60593084 DTXSID40594852 DTXSID70232694 DTXSID00307723 DTXSID1023233 DTXSID00421579 DTXSID30624394 DTXSID10402758 DTXSID20873935 DTXSID10808392 DTXSID90322162 DTXSID40875118 DTXSID70571636 DTXSID20453190 DTXSID30874892 DTXSID30584969 DTXSID70747839 DTXSID9069007
DTXSID60879315	DTXSID00826525 DTXSID30202090 DTXSID40295776 DTXSID40717226 DTXSID00703665 DTXSID00672786 DTXSID30375511 DTXSID70784229 DTXSID90373013 DTXSID40561387 DTXSID50725615 DTXSID00806822 DTXSID00659436 DTXSID30188123 DTXSID20705222 DTXSID40806821 DTXSID10296836 DTXSID30290992 DTXSID50236892 DTXSID80698888
DTXSID00748874	DTXSID10496814 DTXSID90817745 DTXSID70176266 DTXSID20560777 DTXSID70425569 DTXSID00472203 DTXSID60734213 DTXSID90662833 DTXSID10349573 DTXSID50848994 DTXSID50290696 DTXSID00405117 DTXSID10472875 DTXSID30876114 DTXSID10478690 DTXSID70393850 DTXSID80211571 DTXSID90675221 DTXSID10602135 DTXSID10600631
DTXSID00442784	DTXSID60203318 DTXSID80561528 DTXSID70537510 DTXSID00406523 DTXSID90613002 DTXSID50640314 DTXSID40504198 DTXSID30318428 DTXSID90237247 DTXSID20808020 DTXSID70382744 DTXSID10223001 DTXSID9048194 DTXSID00720110 DTXSID40776999 DTXSID50328963 DTXSID30424634 DTXSID30342460 DTXSID70514285 DTXSID00780936
DTXSID50447183	DTXSID50824511 DTXSID00401058 DTXSID50679149 DTXSID00488329 DTXSID80822181 DTXSID70394983 DTXSID00855931 DTXSID40180239 DTXSID40187829 DTXSID30761379 DTXSID10228793 DTXSID20874164 DTXSID00481577 DTXSID90144927 DTXSID10640052 DTXSID40406567 DTXSID10557297 DTXSID70381358 DTXSID10705554 DTXSID50616039
DTXSID00701489	DTXSID5066748 DTXSID10708267 DTXSID80843614 DTXSID10605303 DTXSID20415899 DTXSID00341061 DTXSID40755587 DTXSID9068742 DTXSID50670136 DTXSID00571028 DTXSID40480100 DTXSID20314595 DTXSID70400336 DTXSID50445684 DTXSID80509162 DTXSID30606231 DTXSID40421230 DTXSID70712704 DTXSID60787224 DTXSID30828991
DTXSID10814993	DTXSID90535912 DTXSID30280398 DTXSID50521331 DTXSID50424015 DTXSID50793056 DTXSID50855769 DTXSID30844994 DTXSID3022168 DTXSID80149663 DTXSID60192233 DTXSID90534566 DTXSID50469729 DTXSID50704849 DTXSID60391663 DTXSID40338899 DTXSID20877630 DTXSID40796495 DTXSID10601885 DTXSID20379280 DTXSID40399561
DTXSID40752753	DTXSID00473518 DTXSID30642235 DTXSID00571927 DTXSID60618928 DTXSID30489420 DTXSID20372756 DTXSID60703924 DTXSID30616294 DTXSID80215670 DTXSID80857236 DTXSID40660980 DTXSID20831939 DTXSID00768097 DTXSID40230809 DTXSID40535245 DTXSID90235405 DTXSID10291689 DTXSID60508234 DTXSID40287797 DTXSID10845207
DTXSID10371632	DTXSID40332695 DTXSID00501648 DTXSID10470013 DTXSID80370955 DTXSID50215001 DTXSID20579162 DTXSID50649802 DTXSID90406890 DTXSID50634238 DTXSID70590584 DTXSID60145820 DTXSID10857249 DTXSID50429722 DTXSID10557050 DTXSID80295533 DTXSID70722227 DTXSID00646467 DTXSID90672275 DTXSID80211218 DTXSID40656126
DTXSID10659982	DTXSID50748066 DTXSID30557279 DTXSID30368908 DTXSID10430339 DTXSID10456716 DTXSID90722587 DTXSID20832224 DTXSID30797451 DTXSID70886212 DTXSID70506807 DTXSID40468084 DTXSID80210827 DTXSID20296483 DTXSID20444028 DTXSID10803544 DTXSID00429333 DTXSID00326035 DTXSID00165648 DTXSID90846131 DTXSID40460861
DTXSID60722973	DTXSID20728991 DTXSID10743259 DTXSID00727285 DTXSID10640133 DTXSID10677540 DTXSID20856708 DTXSID70346321 DTXSID20372610 DTXSID50843904 DTXSID40452221 DTXSID20681991 DTXSID20415399 DTXSID40725967 DTXSID30478859 DTXSID40672548 DTXSID60717162 DTXSID40625933 DTXSID10469624 DTXSID50727371 DTXSID80724732
DTXSID70487026	DTXSID40841656 DTXSID40199265 DTXSID80554975 DTXSID70366685 DTXSID00213411 DTXSID30466877 DTXSID60335284 DTXSID00284505 DTXSID20344438 DTXSID40228625 DTXSID60314594 DTXSID30571612 DTXSID40671632 DTXSID00755265 DTXSID40821998 DTXSID30551136 DTXSID20400745 DTXSID80799980 DTXSID80239336 DTXSID40238805
DTXSID50224219	DTXSID70203329 DTXSID50568908 DTXSID10468334 DTXSID60738433 DTXSID50825321 DTXSID20813437 DTXSID90714144 DTXSID30402255 DTXSID80531281 DTXSID20614320 DTXSID50786221 DTXSID30808778 DTXSID00560311 DTXSID60303887 DTXSID50851665 DTXSID30637126 DTXSID90449848 DTXSID70825323 DTXSID20547861 DTXSID50545613
DTXSID40790857	DTXSID10527511 DTXSID70521479 DTXSID00345867 DTXSID5060726 DTXSID3027116 DTXSID50492532 DTXSID60344770 DTXSID00340756 DTXSID00561282 DTXSID90199053 DTXSID80633774 DTXSID10448353 DTXSID60545649 DTXSID80771069 DTXSID30757656 DTXSID10241220 DTXSID00652785 DTXSID30531317 DTXSID8067105 DTXSID40283895
DTXSID90238173	DTXSID50602699 DTXSID40786952 DTXSID20612189 DTXSID10672419 DTXSID10711913 DTXSID40174976 DTXSID40340250 DTXSID10876652 DTXSID90343418 DTXSID60172090 DTXSID70579652 DTXSID10455688 DTXSID60799327 DTXSID00576694 DTXSID00709662 DTXSID70296791 DTXSID80456122 DTXSID10812313 DTXSID00801599 DTXSID60648740
DTXSID00343944	DTXSID60856883 DTXSID90366162 DTXSID60672065 DTXSID60832561 DTXSID50478391 DTXSID40143824 DTXSID80810740 DTXSID20729766 DTXSID30180309 DTXSID80726812 DTXSID20430340 DTXSID40675519 DTXSID50855981 DTXSID00680563 DTXSID20342757 DTXSID40312593 DTXSID80458641 DTXSID60630226 DTXSID90515835 DTXSID40663355
DTXSID10726325	DTXSID70646651 DTXSID20299676 DTXSID30849560 DTXSID20661056 DTXSID70199334 DTXSID50301953 DTXSID40509007 DTXSID30587354 DTXSID10505874 DTXSID60357421 DTXSID70738949 DTXSID80440283 DTXSID90355798 DTXSID90602810 DTXSID20520119 DTXSID80222783 DTXSID80183441 DTXSID40603837 DTXSID00358977 DTXSID40648607
DTXSID60528215	DTXSID80765483 DTXSID80347102 DTXSID20579662 DTXSID00773606 DTXSID50340887 DTXSID10801303 DTXSID80567565 DTXSID20579748 DTXSID50196164 DTXSID30651120 DTXSID80651337 DTXSID10492816 DTXSID90528945 DTXSID00726213 DTXSID50867463 DTXSID20346871 DTXSID70490555 DTXSID60406004 DTXSID00425996 DTXSID90407180
DTXSID10516460	DTXSID10183595 DTXSID00819932 DTXSID90783810 DTXSID10811386 DTXSID50277740 DTXSID10380522 DTXSID90850495 DTXSID50278717 DTXSID20656109 DTXSID40474221 DTXSID00543245 DTXSID50807743 DTXSID40221893 DTXSID90474074 DTXSID00874349 DTXSID70383372 DTXSID70835068 DTXSID90639247 DTXSID70606674 DTXSID80522659
DTXSID30734048	DTXSID90810493 DTXSID90708402 DTXSID80604000 DTXSID20216883 DTXSID00403279 DTXSID50382641 DTXSID90694952 DTXSID10345656 DTXSID70431468 DTXSID20424360 DTXSID20629833 DTXSID70614779 DTXSID60739006 DTXSID50490730 DTXSID50738568 DTXSID00504730 DTXSID70742980 DTXSID20323405 DTXSID70309077 DTXSID20170274
DTXSID00764791	DTXSID60816765 DTXSID80844106 DTXSID10699207 DTXSID40711103 DTXSID50675242 DTXSID20363886 DTXSID4052423 DTXSID70733176 DTXSID40751968 DTXSID70439005 DTXSID10551876 DTXSID50469825 DTXSID20357760 DTXSID1042659 DTXSID60184032 DTXSID50340948 DTXSID70517256 DTXSID30867401 DTXSID90751933 DTXSID00562052
DTXSID30199991	DTXSID80210322 DTXSID00625732 DTXSID10366962 DTXSID40598698 DTXSID60392019 DTXSID70845046 DTXSID20473212 DTXSID10312106 DTXSID30395072 DTXSID40319825 DTXSID50178682 DTXSID10541111 DTXSID40640949 DTXSID70711550 DTXSID40368631 DTXSID30289801 DTXSID00465372 DTXSID30618435 DTXSID10565357 DTXSID10596242
DTXSID20151705	DTXSID10199636 DTXSID90445805 DTXSID10579717 DTXSID80780792 DTXSID40194558 DTXSID50662359 DTXSID90759338 DTXSID10814695 DTXSID80558271 DTXSID10712889 DTXSID80442686 DTXSID70652434 DTXSID20416442 DTXSID60875877 DTXSID20327009 DTXSID80631275 DTXSID40773983 DTXSID40308693 DTXSID30144305 DTXSID80324357
DTXSID20547043	DTXSID80577280 DTXSID10856277 DTXSID00698709 DTXSID60493752 DTXSID30757297 DTXSID10380608 DTXSID50680679 DTXSID30632272 DTXSID30849888 DTXSID60836468 DTXSID30313034 DTXSID30818574 DTXSID00697813 DTXSID90578445 DTXSID20384071 DTXSID60786151 DTXSID60209350 DTXSID10628991 DTXSID70529475 DTXSID40786316
DTXSID10778026	DTXSID4040343 DTXSID70372307 DTXSID70650576 DTXSID70424198 DTXSID60343642 DTXSID20372110 DTXSID50457580 DTXSID30857448 DTXSID20849776 DTXSID80638709 DTXSID10466890 DTXSID10466719 DTXSID60734071 DTXSID60667299 DTXSID80668985 DTXSID20632246 DTXSID60405698 DTXSID10735558 DTXSID40165147 DTXSID90827602
DTXSID90802010	DTXSID20679136 DTXSID90370522 DTXSID50304449 DTXSID20378692 DTXSID70837562 DTXSID20867834 DTXSID10651542 DTXSID00183887 DTXSID40607855 DTXSID00508096 DTXSID70693201 DTXSID40659692 DTXSID70399413 DTXSID40451698 DTXSID40696461 DTXSID0073291 DTXSID40280980 DTXSID40734014 DTXSID50841309 DTXSID40633972
DTXSID00528951	DTXSID40573142 DTXSID40408107 DTXSID70165837 DTXSID10363835 DTXSID30671762 DTXSID80358899 DTXSID70621620 DTXSID20633955 DTXSID80685814 DTXSID80661173 DTXSID40463312 DTXSID20817016 DTXSID20696449 DTXSID30393856 DTXSID10623385 DTXSID20216742 DTXSID50879349 DTXSID50695324 DTXSID60551149 DTXSID50473725
DTXSID50521331	DTXSID50424015 DTXSID50485202 DTXSID10601885 DTXSID50793056 DTXSID10814993 DTXSID30280398 DTXSID20877630 DTXSID80149663 DTXSID90458399 DTXSID10617880 DTXSID90535912 DTXSID50469729 DTXSID80676944 DTXSID40338899 DTXSID40156419 DTXSID20808909 DTXSID3022168 DTXSID80456728 DTXSID50855769 DTXSID50201202
DTXSID20477619	DTXSID60634906 DTXSID0069915 DTXSID80763949 DTXSID70886191 DTXSID70438179 DTXSID50496818 DTXSID40312371 DTXSID00303649 DTXSID50280032 DTXSID40818282 DTXSID00501860 DTXSID8061133 DTXSID70523034 DTXSID70803545 DTXSID80820329 DTXSID80774196 DTXSID30755016 DTXSID60446768 DTXSID20462722 DTXSID70645684
DTXSID80355863	DTXSID30309654 DTXSID00287899 DTXSID60646342 DTXSID30313635 DTXSID50704788 DTXSID20369429 DTXSID00382030 DTXSID70369696 DTXSID60722099 DTXSID50879142 DTXSID40793823 DTXSID00181464 DTXSID90657865 DTXSID6041769 DTXSID60798719 DTXSID70165236 DTXSID60635458 DTXSID20363508 DTXSID60626321 DTXSID40282924
DTXSID00326035	DTXSID00165648 DTXSID30823229 DTXSID00429333 DTXSID30809003 DTXSID10294832 DTXSID40468084 DTXSID00618321 DTXSID90722587 DTXSID3057729 DTXSID80668364 DTXSID80375703 DTXSID30797451 DTXSID10556543 DTXSID20832224 DTXSID30368908 DTXSID10154664 DTXSID70841881 DTXSID90383879 DTXSID70662836 DTXSID70579652
DTXSID90622179	DTXSID30479922 DTXSID50553950 DTXSID00637734 DTXSID10803483 DTXSID10495246 DTXSID40449691 DTXSID30718065 DTXSID60211832 DTXSID50812918 DTXSID00541362 DTXSID00783982 DTXSID10561975 DTXSID70353237 DTXSID20640866 DTXSID40382933 DTXSID40706014 DTXSID10340247 DTXSID5069912 DTXSID20485153 DTXSID10733776
DTXSID10465429	DTXSID70727494 DTXSID20790370 DTXSID3074072 DTXSID80578838 DTXSID50576684 DTXSID70607161 DTXSID90513917 DTXSID20474981 DTXSID70339011 DTXSID80516331 DTXSID80627658 DTXSID20678220 DTXSID50217681 DTXSID30234871 DTXSID90579073 DTXSID30600178 DTXSID90406754 DTXSID30560804 DTXSID70491845 DTXSID90758669
DTXSID3073719	DTXSID40487235 DTXSID70678311 DTXSID30847288 DTXSID20522476 DTXSID90222719 DTXSID90286755 DTXSID00321702 DTXSID70554621 DTXSID50450490 DTXSID80819470 DTXSID10327533 DTXSID80435412 DTXSID70619608 DTXSID50451407 DTXSID30524481 DTXSID00508677 DTXSID70805963 DTXSID80534131 DTXSID80674147 DTXSID60319089
DTXSID50421640	DTXSID80640322 DTXSID30392965 DTXSID20453519 DTXSID70444013 DTXSID80856784 DTXSID60671553 DTXSID90805965 DTXSID10848359 DTXSID10659745 DTXSID80241550 DTXSID60876965 DTXSID40822687 DTXSID10284657 DTXSID50458315 DTXSID70599971 DTXSID00887636 DTXSID20290527 DTXSID80339067 DTXSID40388536 DTXSID00560977
DTXSID60297232	DTXSID00896142 DTXSID90342643 DTXSID70794808 DTXSID90834472 DTXSID50369891 DTXSID40659632 DTXSID60502116 DTXSID40434921 DTXSID90349995 DTXSID90657446 DTXSID30389390 DTXSID30321477 DTXSID30415688 DTXSID00216765 DTXSID2023222 DTXSID30445344 DTXSID60225090 DTXSID00801993 DTXSID00493150 DTXSID40640121
DTXSID60895999	DTXSID00896425 DTXSID80186038 DTXSID30427761 DTXSID10849982 DTXSID20874240 DTXSID40896005 DTXSID80470343 DTXSID00428624 DTXSID10814392 DTXSID90697584 DTXSID50770943 DTXSID10896214 DTXSID20162997 DTXSID80785949 DTXSID90808572 DTXSID30198141 DTXSID30192987 DTXSID70322903 DTXSID30574648 DTXSID4072233
DTXSID90864779	DTXSID40341904 DTXSID00465357 DTXSID70558563 DTXSID90562627 DTXSID90736028 DTXSID50749917 DTXSID70642537 DTXSID20578554 DTXSID40717822 DTXSID00721268 DTXSID80801294 DTXSID00480989 DTXSID40365145 DTXSID10722665 DTXSID20308030 DTXSID80740972 DTXSID10712182 DTXSID20539948 DTXSID9047095 DTXSID70734148
DTXSID50310747	DTXSID20624303 DTXSID00350315 DTXSID60443631 DTXSID00472844 DTXSID60711948 DTXSID60365925 DTXSID90640813 DTXSID70401020 DTXSID4060739 DTXSID60668963 DTXSID50230830 DTXSID90614711 DTXSID10474339 DTXSID40794991 DTXSID60675359 DTXSID90374045 DTXSID80817057 DTXSID40319825 DTXSID40360872 DTXSID80523868
DTXSID00366416	DTXSID80760539 DTXSID00700114 DTXSID30488256 DTXSID20372397 DTXSID40312593 DTXSID90152749 DTXSID80385004 DTXSID50170540 DTXSID40454942 DTXSID50239863 DTXSID00174816 DTXSID80383383 DTXSID00287793 DTXSID90540400 DTXSID40143824 DTXSID90405863 DTXSID20831095 DTXSID60669213 DTXSID20356697 DTXSID80549528
DTXSID10600479	DTXSID10452450 DTXSID90512026 DTXSID30146309 DTXSID30543016 DTXSID10340242 DTXSID50544085 DTXSID40749345 DTXSID50590582 DTXSID00797266 DTXSID90352929 DTXSID30187171 DTXSID90506460 DTXSID80170356 DTXSID10215002 DTXSID00835551 DTXSID50589017 DTXSID50402570 DTXSID20667790 DTXSID70488816 DTXSID00372794
DTXSID70356086	DTXSID80456228 DTXSID90352303 DTXSID00842563 DTXSID90883667 DTXSID50790207 DTXSID40610364 DTXSID80278947 DTXSID70281066 DTXSID60460080 DTXSID60484049 DTXSID90799633 DTXSID80584818 DTXSID40835055 DTXSID00603530 DTXSID40818449 DTXSID50368960 DTXSID10645683 DTXSID60278066 DTXSID50549631 DTXSID80484844
DTXSID50564682	DTXSID40298565 DTXSID60642223 DTXSID70393496 DTXSID30810715 DTXSID70592240 DTXSID00876505 DTXSID40497511 DTXSID90667267 DTXSID20787826 DTXSID60704577 DTXSID70184189 DTXSID60479238 DTXSID80625058 DTXSID6046264 DTXSID40855379 DTXSID00822466 DTXSID20489156 DTXSID50447744 DTXSID20345869 DTXSID70280392
DTXSID50281226	DTXSID00374536 DTXSID90208553 DTXSID00614525 DTXSID70514624 DTXSID40415492 DTXSID60681854 DTXSID80369369 DTXSID6062672 DTXSID00749821 DTXSID30410198 DTXSID00341086 DTXSID30307175 DTXSID50604451 DTXSID70620279 DTXSID60424884 DTXSID80791282 DTXSID50651304 DTXSID00611337 DTXSID90473522 DTXSID50542445
DTXSID60305467	DTXSID10342286 DTXSID70300064 DTXSID60545866 DTXSID90434618 DTXSID90444156 DTXSID60284925 DTXSID20460561 DTXSID70665004 DTXSID70326042 DTXSID30321194 DTXSID70392328 DTXSID70593353 DTXSID50214857 DTXSID90597717 DTXSID20754836 DTXSID70834910 DTXSID80613192 DTXSID30879706 DTXSID60299094 DTXSID30574885
DTXSID70233722	DTXSID50534885 DTXSID60721022 DTXSID30805681 DTXSID10653869 DTXSID90829782 DTXSID00510558 DTXSID0060066 DTXSID30431606 DTXSID80836369 DTXSID00198572 DTXSID30225522 DTXSID60678188 DTXSID30727894 DTXSID90302949 DTXSID50814992 DTXSID20734618 DTXSID70398688 DTXSID70877569 DTXSID70703874 DTXSID60193886
DTXSID70314868	DTXSID00565861 DTXSID80582970 DTXSID70787851 DTXSID40876185 DTXSID40180239 DTXSID30218555 DTXSID90466833 DTXSID80760438 DTXSID10190906 DTXSID00342699 DTXSID90388102 DTXSID10694631 DTXSID90441084 DTXSID10640052 DTXSID40744315 DTXSID80502870 DTXSID10705554 DTXSID50361274 DTXSID10228793 DTXSID90478239
DTXSID00673733	DTXSID40467294 DTXSID10696317 DTXSID10510680 DTXSID10592481 DTXSID80175942 DTXSID70600798 DTXSID00663275 DTXSID9022100 DTXSID70739870 DTXSID70734305 DTXSID80486404 DTXSID50640399 DTXSID40171485 DTXSID40351780 DTXSID70474259 DTXSID80640529 DTXSID20327483 DTXSID50439841 DTXSID6035156 DTXSID10499269
DTXSID30188123	DTXSID50351332 DTXSID90373013 DTXSID70178265 DTXSID90284579 DTXSID30557991 DTXSID60646120 DTXSID40806821 DTXSID00585105 DTXSID60193826 DTXSID30202090 DTXSID80698888 DTXSID50725615 DTXSID40727163 DTXSID30290992 DTXSID60879315 DTXSID40717226 DTXSID00826525 DTXSID10367090 DTXSID10708742 DTXSID90763672
DTXSID80817239	DTXSID40711249 DTXSID50437584 DTXSID70459546 DTXSID50766987 DTXSID30377777 DTXSID70808616 DTXSID70325651 DTXSID00705664 DTXSID30479306 DTXSID60790112 DTXSID10802714 DTXSID50528623 DTXSID10771512 DTXSID50887924 DTXSID40702713 DTXSID70675345 DTXSID10607125 DTXSID70716782 DTXSID70639043 DTXSID20660362
DTXSID30530426	DTXSID90778807 DTXSID30508241 DTXSID80576238 DTXSID10503390 DTXSID00507589 DTXSID50539234 DTXSID80790210 DTXSID70450932 DTXSID30781931 DTXSID50232172 DTXSID80640241 DTXSID40668648 DTXSID20222484 DTXSID20406904 DTXSID70212678 DTXSID40558595 DTXSID9044790 DTXSID80804386 DTXSID70705999 DTXSID10439569
DTXSID60769626	DTXSID80444544 DTXSID80781542 DTXSID80708456 DTXSID20735842 DTXSID80763020 DTXSID50858831 DTXSID90437669 DTXSID80526096 DTXSID00331427 DTXSID10769772 DTXSID50576301 DTXSID00770211 DTXSID50708483 DTXSID80613657 DTXSID20240441 DTXSID00543068 DTXSID50775251 DTXSID20287831 DTXSID30170922 DTXSID50753675
DTXSID10501472	DTXSID60655358 DTXSID90618219 DTXSID40711522 DTXSID30494877 DTXSID70317031 DTXSID50696790 DTXSID20834607 DTXSID40526072 DTXSID70218155 DTXSID1044514 DTXSID60289273 DTXSID30583038 DTXSID30583371 DTXSID40544115 DTXSID50226213 DTXSID60312176 DTXSID30471749 DTXSID60829072 DTXSID20370717 DTXSID40676425
DTXSID50630270	DTXSID80699496 DTXSID50323675 DTXSID50535817 DTXSID30440677 DTXSID10724003 DTXSID30787675 DTXSID90633644 DTXSID90348983 DTXSID40732550 DTXSID90373674 DTXSID40504113 DTXSID90392042 DTXSID60655318 DTXSID00513862 DTXSID10735558 DTXSID80402306 DTXSID80801219 DTXSID10406736 DTXSID20632246 DTXSID80183441
DTXSID20514831	DTXSID20841538 DTXSID50509235 DTXSID50541579 DTXSID40517344 DTXSID10650333 DTXSID80391302 DTXSID10579015 DTXSID80883717 DTXSID50680477 DTXSID40712115 DTXSID60647298 DTXSID90596028 DTXSID90323199 DTXSID50879561 DTXSID30157793 DTXSID80589580 DTXSID90850894 DTXSID30350808 DTXSID50322764 DTXSID90391712
DTXSID90284478	DTXSID10389373 DTXSID60476747 DTXSID30373673 DTXSID30357635 DTXSID80396852 DTXSID70609605 DTXSID00697257 DTXSID70237664 DTXSID60298688 DTXSID10533314 DTXSID60557545 DTXSID40152835 DTXSID10842453 DTXSID80170790 DTXSID20595680 DTXSID40673171 DTXSID80320773 DTXSID00841995 DTXSID70368043 DTXSID40708639
DTXSID50798425	DTXSID10391618 DTXSID50528269 DTXSID50693663 DTXSID10880678 DTXSID50858472 DTXSID80506131 DTXSID90530942 DTXSID70565833 DTXSID1051800 DTXSID80342879 DTXSID7068001 DTXSID20604387 DTXSID80885913 DTXSID10587852 DTXSID60606582 DTXSID10767637 DTXSID90328629 DTXSID50502221 DTXSID90847486 DTXSID90565294
DTXSID90676834	DTXSID00825816 DTXSID60808645 DTXSID90724384 DTXSID00192393 DTXSID10565317 DTXSID50683468 DTXSID00371020 DTXSID20514770 DTXSID20488386 DTXSID70781915 DTXSID30606231 DTXSID00664580 DTXSID00569783 DTXSID50670136 DTXSID20879533 DTXSID50399774 DTXSID60618529 DTXSID30479725 DTXSID70812839 DTXSID50342189
DTXSID00153661	DTXSID40823492 DTXSID80436722 DTXSID30773912 DTXSID90787090 DTXSID70851288 DTXSID30826654 DTXSID00314351 DTXSID20302371 DTXSID50838375 DTXSID90241283 DTXSID30155996 DTXSID30198141 DTXSID70329513 DTXSID20162997 DTXSID40652547 DTXSID4070378 DTXSID20894140 DTXSID60801696 DTXSID50783619 DTXSID00428624
DTXSID20656366	DTXSID10733074 DTXSID70708324 DTXSID80640201 DTXSID00725605 DTXSID70611081 DTXSID60813077 DTXSID40446064 DTXSID10519254 DTXSID60550096 DTXSID80299970 DTXSID70647688 DTXSID20645871 DTXSID10452955 DTXSID30511452 DTXSID90486990 DTXSID40407377 DTXSID80782413 DTXSID80338176 DTXSID60536719 DTXSID40504491
DTXSID10645244	DTXSID90701110 DTXSID30420671 DTXSID40350132 DTXSID10842453 DTXSID80320773 DTXSID10593776 DTXSID90625943 DTXSID60298688 DTXSID80228902 DTXSID40708639 DTXSID60476747 DTXSID30357635 DTXSID70444331 DTXSID20595680 DTXSID10729396 DTXSID80405837 DTXSID70609605 DTXSID50879364 DTXSID60812722 DTXSID80626883
DTXSID60281853	DTXSID60640320 DTXSID00603732 DTXSID40822687 DTXSID40398079 DTXSID20839490 DTXSID90426730 DTXSID20615493 DTXSID50552024 DTXSID70599971 DTXSID10658556 DTXSID80699370 DTXSID70342626 DTXSID10568641 DTXSID10617229 DTXSID10528543 DTXSID40625731 DTXSID30336703 DTXSID00631297 DTXSID70858070 DTXSID10784723
DTXSID70308222	DTXSID20538310 DTXSID20590251 DTXSID70670138 DTXSID90346863 DTXSID1069952 DTXSID20626403 DTXSID10462918 DTXSID00632204 DTXSID70651563 DTXSID30240972 DTXSID50544085 DTXSID80772011 DTXSID30591799 DTXSID30364541 DTXSID50613285 DTXSID80176974 DTXSID00490346 DTXSID80470368 DTXSID5052626 DTXSID00498387
DTXSID10348283	DTXSID10796088 DTXSID20285832 DTXSID40855490 DTXSID2027967 DTXSID60696701 DTXSID40511600 DTXSID90209025 DTXSID70559575 DTXSID20824306 DTXSID1062546 DTXSID4052005 DTXSID70587777 DTXSID00432448 DTXSID60173926 DTXSID80852064 DTXSID20235473 DTXSID80770815 DTXSID40484941 DTXSID60768896 DTXSID2063765
DTXSID10676396	DTXSID90703659 DTXSID20815698 DTXSID60855710 DTXSID50701292 DTXSID20342035 DTXSID70445500 DTXSID40698844 DTXSID70290799 DTXSID50646715 DTXSID90530907 DTXSID50184864 DTXSID9072286 DTXSID10145572 DTXSID70793598 DTXSID80679990 DTXSID00326459 DTXSID80404820 DTXSID90707354 DTXSID50814573 DTXSID90437447
DTXSID10645249	DTXSID60353524 DTXSID40169908 DTXSID50427167 DTXSID90570505 DTXSID80879711 DTXSID00587649 DTXSID50675065 DTXSID20545105 DTXSID00663412 DTXSID20598570 DTXSID20450083 DTXSID30593950 DTXSID60587786 DTXSID6067549 DTXSID80703825 DTXSID20500895 DTXSID50893606 DTXSID80594755 DTXSID30314804 DTXSID20651159
DTXSID80876321	DTXSID20750474 DTXSID00681590 DTXSID70565050 DTXSID80561462 DTXSID7041334 DTXSID70701077 DTXSID90369355 DTXSID10633444 DTXSID00658469 DTXSID10617749 DTXSID50704445 DTXSID80737281 DTXSID00505101 DTXSID90697367 DTXSID30739694 DTXSID10456716 DTXSID60829037 DTXSID00359060 DTXSID40712251 DTXSID20742359
DTXSID50428912	DTXSID00464688 DTXSID20435658 DTXSID90529871 DTXSID90499202 DTXSID20231591 DTXSID30382886 DTXSID70797415 DTXSID30473081 DTXSID00872860 DTXSID50778606 DTXSID00356771 DTXSID70509131 DTXSID90358481 DTXSID80635894 DTXSID60843899 DTXSID00484583 DTXSID10491920 DTXSID80162392 DTXSID60501402 DTXSID00651930
DTXSID30647583	DTXSID70329513 DTXSID60801696 DTXSID20302371 DTXSID90436112 DTXSID70851288 DTXSID40449914 DTXSID30850393 DTXSID00881331 DTXSID20894140 DTXSID50838375 DTXSID80436722 DTXSID20880987 DTXSID90787090 DTXSID00153661 DTXSID60465656 DTXSID50519152 DTXSID40823492 DTXSID30773912 DTXSID40319789 DTXSID00348353
DTXSID60764858	DTXSID40574018 DTXSID60785886 DTXSID30446093 DTXSID10456251 DTXSID40330590 DTXSID00770579 DTXSID90755951 DTXSID60599405 DTXSID10838811 DTXSID20557243 DTXSID90719593 DTXSID80169801 DTXSID50340226 DTXSID00340731 DTXSID40200784 DTXSID90283522 DTXSID40492324 DTXSID80604368 DTXSID20431170 DTXSID00391541
DTXSID7041966	DTXSID10471782 DTXSID10772044 DTXSID00529488 DTXSID50290732 DTXSID70531250 DTXSID60835597 DTXSID80338510 DTXSID60649297 DTXSID20796933 DTXSID10704628 DTXSID90611083 DTXSID80595247 DTXSID00706676 DTXSID10359354 DTXSID70737932 DTXSID30789412 DTXSID70694495 DTXSID30560844 DTXSID20682347 DTXSID30520463
DTXSID10485541	DTXSID50321555 DTXSID50696412 DTXSID40566478 DTXSID30306209 DTXSID50281206 DTXSID10405921 DTXSID00509104 DTXSID60285093 DTXSID10439589 DTXSID00503965 DTXSID70799434 DTXSID70448359 DTXSID20477912 DTXSID90388046 DTXSID1063512 DTXSID40397668 DTXSID30511452 DTXSID10442659 DTXSID20183980 DTXSID60536719
DTXSID60497452	DTXSID70876234 DTXSID00166478 DTXSID60183868 DTXSID50879349 DTXSID50678379 DTXSID90396409 DTXSID20295274 DTXSID80661173 DTXSID90567016 DTXSID90457286 DTXSID60441157 DTXSID70165837 DTXSID60705544 DTXSID90753477 DTXSID80358899 DTXSID40697453 DTXSID00511085 DTXSID00663573 DTXSID40556990 DTXSID50531132
DTXSID70775273	DTXSID30336546 DTXSID20240441 DTXSID50576301 DTXSID90437669 DTXSID70236576 DTXSID10712521 DTXSID10711458 DTXSID3068883 DTXSID90404977 DTXSID80708456 DTXSID50288992 DTXSID50753675 DTXSID50775251 DTXSID00543068 DTXSID50858831 DTXSID60598519 DTXSID50767959 DTXSID50823948 DTXSID40781063 DTXSID90772825
DTXSID00719322	DTXSID40431657 DTXSID70770268 DTXSID40303729 DTXSID00225190 DTXSID00750356 DTXSID50853381 DTXSID30592145 DTXSID90509214 DTXSID80720234 DTXSID70457305 DTXSID00844946 DTXSID50515371 DTXSID90675241 DTXSID90334149 DTXSID80531423 DTXSID40510597 DTXSID20798912 DTXSID40833839 DTXSID50850153 DTXSID80830084
DTXSID90290716	DTXSID90719154 DTXSID50306701 DTXSID80661118 DTXSID10837920 DTXSID80787403 DTXSID40407317 DTXSID50832292 DTXSID60693876 DTXSID80838585 DTXSID90548663 DTXSID70525891 DTXSID00514773 DTXSID80813559 DTXSID80564296 DTXSID80350570 DTXSID40208442 DTXSID80757020 DTXSID60831579 DTXSID70876532 DTXSID3042269
DTXSID00645617	DTXSID70737457 DTXSID70424335 DTXSID40180118 DTXSID40380191 DTXSID20656245 DTXSID50425981 DTXSID80230045 DTXSID50808356 DTXSID40645570 DTXSID20364156 DTXSID70191530 DTXSID90668739 DTXSID20323405 DTXSID1071743 DTXSID40622548 DTXSID40741081 DTXSID70213504 DTXSID20216883 DTXSID70219349 DTXSID80557643
DTXSID00570016	DTXSID60745223 DTXSID40213495 DTXSID70438513 DTXSID40543966 DTXSID80711127 DTXSID80609398 DTXSID00811431 DTXSID50176128 DTXSID60357421 DTXSID8058827 DTXSID30879726 DTXSID20299676 DTXSID80214022 DTXSID40559067 DTXSID50825200 DTXSID00802263 DTXSID00220882 DTXSID7058048 DTXSID20351187 DTXSID10505874
DTXSID20306273	DTXSID90422898 DTXSID20294181 DTXSID30717058 DTXSID80832225 DTXSID20155783 DTXSID40630966 DTXSID30535875 DTXSID40696128 DTXSID70419145 DTXSID20832224 DTXSID00789368 DTXSID90846131 DTXSID30667342 DTXSID70428934 DTXSID90722587 DTXSID40468084 DTXSID30377479 DTXSID30809003 DTXSID70459804 DTXSID90208699
DTXSID60771643	DTXSID90279182 DTXSID30153356 DTXSID00467412 DTXSID70197592 DTXSID1046506 DTXSID40615596 DTXSID00429272 DTXSID10202997 DTXSID50368041 DTXSID20622086 DTXSID10840136 DTXSID20405593 DTXSID10202078 DTXSID00218749 DTXSID20172415 DTXSID50648810 DTXSID90478072 DTXSID90762483 DTXSID20430688 DTXSID30857589
DTXSID80371649	DTXSID00383582 DTXSID20346371 DTXSID00344214 DTXSID70148105 DTXSID20236506 DTXSID10875781 DTXSID90438530 DTXSID00552711 DTXSID70579192 DTXSID10668938 DTXSID80600426 DTXSID30596103 DTXSID30563335 DTXSID30279565 DTXSID30605128 DTXSID80727804 DTXSID40781189 DTXSID50602750 DTXSID70631249 DTXSID20191247
DTXSID10505753	DTXSID40458723 DTXSID6065052 DTXSID50716907 DTXSID70597659 DTXSID60667436 DTXSID80463053 DTXSID40831936 DTXSID70405624 DTXSID40757804 DTXSID80467394 DTXSID40430185 DTXSID50556204 DTXSID00446262 DTXSID30458691 DTXSID40544115 DTXSID50801589 DTXSID60201778 DTXSID70591854 DTXSID10355573 DTXSID90473481
DTXSID30849888	DTXSID60786151 DTXSID40786316 DTXSID60836468 DTXSID30757297 DTXSID00708473 DTXSID80795366 DTXSID80577280 DTXSID20547043 DTXSID50559694 DTXSID00697813 DTXSID70642456 DTXSID70379053 DTXSID20384071 DTXSID90468857 DTXSID30632272 DTXSID10856277 DTXSID10628991 DTXSID50328600 DTXSID30818574 DTXSID10755897
DTXSID10388942	DTXSID60810940 DTXSID60772473 DTXSID10736287 DTXSID60715789 DTXSID50752865 DTXSID80844909 DTXSID20844908 DTXSID80232084 DTXSID00404029 DTXSID80234563 DTXSID60776815 DTXSID20288823 DTXSID20840329 DTXSID50820432 DTXSID90292492 DTXSID40483015 DTXSID10431745 DTXSID90711173 DTXSID70720485 DTXSID90152264
DTXSID60772736	DTXSID20374210 DTXSID40110056 DTXSID00334377 DTXSID5052626 DTXSID00192999 DTXSID30791313 DTXSID30364541 DTXSID30476390 DTXSID50613285 DTXSID30543314 DTXSID40589021 DTXSID20541122 DTXSID60333760 DTXSID70618434 DTXSID20370833 DTXSID40335101 DTXSID40325007 DTXSID10462918 DTXSID90191012 DTXSID90409028
DTXSID10712521	DTXSID70236576 DTXSID10711458 DTXSID60598519 DTXSID90404977 DTXSID50767959 DTXSID70775273 DTXSID50823948 DTXSID30336546 DTXSID40707182 DTXSID50753675 DTXSID80887654 DTXSID00597728 DTXSID60241194 DTXSID50576301 DTXSID40880888 DTXSID50775251 DTXSID50288992 DTXSID20240441 DTXSID00543068 DTXSID9051741
DTXSID60341340	DTXSID80660101 DTXSID30157839 DTXSID80696829 DTXSID40677391 DTXSID20803419 DTXSID60636561 DTXSID50363339 DTXSID00358154 DTXSID30176388 DTXSID50708403 DTXSID80438903 DTXSID40378694 DTXSID00303922 DTXSID80752176 DTXSID10820291 DTXSID50560684 DTXSID30362789 DTXSID30617640 DTXSID20876002 DTXSID20479512
DTXSID6052324	DTXSID10610179 DTXSID60407056 DTXSID50697661 DTXSID90209343 DTXSID30278139 DTXSID60831938 DTXSID90609465 DTXSID00681570 DTXSID60346279 DTXSID50759410 DTXSID30184524 DTXSID80765908 DTXSID50507514 DTXSID70592609 DTXSID00775105 DTXSID50694418 DTXSID30545994 DTXSID30874352 DTXSID30322383 DTXSID20444048
DTXSID20530950	DTXSID3052355 DTXSID00809530 DTXSID10820094 DTXSID10506048 DTXSID50658550 DTXSID20526914 DTXSID10798188 DTXSID00295196 DTXSID30370420 DTXSID30704004 DTXSID90660374 DTXSID10211044 DTXSID40727906 DTXSID60783822 DTXSID10634214 DTXSID30398346 DTXSID60295137 DTXSID50761336 DTXSID50304964 DTXSID30593394
DTXSID70615746	DTXSID20296241 DTXSID20896184 DTXSID00532750 DTXSID10696352 DTXSID90295367 DTXSID40387802 DTXSID20392196 DTXSID90841565 DTXSID00284580 DTXSID80645236 DTXSID90371170 DTXSID20232129 DTXSID90195772 DTXSID70385937 DTXSID60193826 DTXSID20145164 DTXSID50300204 DTXSID60429672 DTXSID00734131 DTXSID00443175
DTXSID10350624	DTXSID40533943 DTXSID00897119 DTXSID60707341 DTXSID40295857 DTXSID30350808 DTXSID90278397 DTXSID70791175 DTXSID40392234 DTXSID30726443 DTXSID80584818 DTXSID60856924 DTXSID50844436 DTXSID60720717 DTXSID00462285 DTXSID50607326 DTXSID90507013 DTXSID50368960 DTXSID00542450 DTXSID50879561 DTXSID70281066
DTXSID60559382	DTXSID90668471 DTXSID80326134 DTXSID90309635 DTXSID30228250 DTXSID60358195 DTXSID90706903 DTXSID50180326 DTXSID50729870 DTXSID80416549 DTXSID90875966 DTXSID20821077 DTXSID00846006 DTXSID70325696 DTXSID50727078 DTXSID50240651 DTXSID80812845 DTXSID70556342 DTXSID80845794 DTXSID60554776 DTXSID40369466
DTXSID10430339	DTXSID20296483 DTXSID80210827 DTXSID40681493 DTXSID10659982 DTXSID80793069 DTXSID50748066 DTXSID40460861 DTXSID30797451 DTXSID70841881 DTXSID80668364 DTXSID90722587 DTXSID30368908 DTXSID70579652 DTXSID40468084 DTXSID30557279 DTXSID20444028 DTXSID10556543 DTXSID00326035 DTXSID20832224 DTXSID00165648
DTXSID90338627	DTXSID20829639 DTXSID80626000 DTXSID10512361 DTXSID90558984 DTXSID00500111 DTXSID90440375 DTXSID90826195 DTXSID00592137 DTXSID90243843 DTXSID50764246 DTXSID90187596 DTXSID00660507 DTXSID60620061 DTXSID70349498 DTXSID00425996 DTXSID40889316 DTXSID10492816 DTXSID50867463 DTXSID60812404 DTXSID30541254
DTXSID00198037	DTXSID20568798 DTXSID40473875 DTXSID90750941 DTXSID90561099 DTXSID30579431 DTXSID40397845 DTXSID40657032 DTXSID10412998 DTXSID80760271 DTXSID90714886 DTXSID50385172 DTXSID40219538 DTXSID30704064 DTXSID2068424 DTXSID30675361 DTXSID70670234 DTXSID10403184 DTXSID60469452 DTXSID40190999 DTXSID6048888
DTXSID80496346	DTXSID80604368 DTXSID20557243 DTXSID50340226 DTXSID80466206 DTXSID10462332 DTXSID40330590 DTXSID40200784 DTXSID70549451 DTXSID50457944 DTXSID60340732 DTXSID90719593 DTXSID90171536 DTXSID70344842 DTXSID30306668 DTXSID90517319 DTXSID90306669 DTXSID70479325 DTXSID80578333 DTXSID90782323 DTXSID70792849
DTXSID20528397	DTXSID30541572 DTXSID80616800 DTXSID60876900 DTXSID00706792 DTXSID30589575 DTXSID70623987 DTXSID00818667 DTXSID00145324 DTXSID90215565 DTXSID00598513 DTXSID00428720 DTXSID50604052 DTXSID90561074 DTXSID70670577 DTXSID20886929 DTXSID60579661 DTXSID10440059 DTXSID90728665 DTXSID80343765 DTXSID70359411
DTXSID80792436	DTXSID00708473 DTXSID60757588 DTXSID90739938 DTXSID50381977 DTXSID50508066 DTXSID00389746 DTXSID40761289 DTXSID20423499 DTXSID80511583 DTXSID30621282 DTXSID20591980 DTXSID70757958 DTXSID50421524 DTXSID10755897 DTXSID20170794 DTXSID30450579 DTXSID50328600 DTXSID60675475 DTXSID60553981 DTXSID50787394
DTXSID90413625	DTXSID80816742 DTXSID90750981 DTXSID30218212 DTXSID50675348 DTXSID30787630 DTXSID90500261 DTXSID10822073 DTXSID60566011 DTXSID00756111 DTXSID70822711 DTXSID20878369 DTXSID70536543 DTXSID00847114 DTXSID00638044 DTXSID80633759 DTXSID50320407 DTXSID90674855 DTXSID60749342 DTXSID60536552 DTXSID40813393
DTXSID50384160	DTXSID90661048 DTXSID70291387 DTXSID00520839 DTXSID20738530 DTXSID40568598 DTXSID70336101 DTXSID30464712 DTXSID80451632 DTXSID80661158 DTXSID00220160 DTXSID20800029 DTXSID70526808 DTXSID60646983 DTXSID10495286 DTXSID90827602 DTXSID70445949 DTXSID80661133 DTXSID70791312 DTXSID80670260 DTXSID60802643
DTXSID90339417	DTXSID70748301 DTXSID50664979 DTXSID80615075 DTXSID20695831 DTXSID60780356 DTXSID10656335 DTXSID80284886 DTXSID90527695 DTXSID50303497 DTXSID80373608 DTXSID30311434 DTXSID80465552 DTXSID90805602 DTXSID10344528 DTXSID40658504 DTXSID00542773 DTXSID40879717 DTXSID40473991 DTXSID20191888 DTXSID5051602
DTXSID90670291	DTXSID80646384 DTXSID10609124 DTXSID70743659 DTXSID10734940 DTXSID20627854 DTXSID00409377 DTXSID60646307 DTXSID90178803 DTXSID60646322 DTXSID50734328 DTXSID50515578 DTXSID90396969 DTXSID00468540 DTXSID50186363 DTXSID40650583 DTXSID80580734 DTXSID10301237 DTXSID00646205 DTXSID10511314 DTXSID40195106
DTXSID80645312	DTXSID00425552 DTXSID50375033 DTXSID70212375 DTXSID40501208 DTXSID3073397 DTXSID70173750 DTXSID20435693 DTXSID00374031 DTXSID00404887 DTXSID90411444 DTXSID60459959 DTXSID2041963 DTXSID30734902 DTXSID70876658 DTXSID30830751 DTXSID90836456 DTXSID10523215 DTXSID20390950 DTXSID70188187 DTXSID5073666
DTXSID20591980	DTXSID00389746 DTXSID50421524 DTXSID10443964 DTXSID10628991 DTXSID30621282 DTXSID10444416 DTXSID90739938 DTXSID00799866 DTXSID20384071 DTXSID80734038 DTXSID80792436 DTXSID00708473 DTXSID80511583 DTXSID10856277 DTXSID40774819 DTXSID10275540 DTXSID90468857 DTXSID70502965 DTXSID20547043 DTXSID60734738
DTXSID10493989	DTXSID50586107 DTXSID10728667 DTXSID90519474 DTXSID10888816 DTXSID70724044 DTXSID10454318 DTXSID30489046 DTXSID30770906 DTXSID20740911 DTXSID10803882 DTXSID80196374 DTXSID00501709 DTXSID00184410 DTXSID90211683 DTXSID80470161 DTXSID60645870 DTXSID00485712 DTXSID20533542 DTXSID00408825 DTXSID30309250
DTXSID20766015	DTXSID80606589 DTXSID00418328 DTXSID30319213 DTXSID00294381 DTXSID00374011 DTXSID10744428 DTXSID40473991 DTXSID10426696 DTXSID70832754 DTXSID20549406 DTXSID80708592 DTXSID10326081 DTXSID30698318 DTXSID80151549 DTXSID40241632 DTXSID10541111 DTXSID20417717 DTXSID60370650 DTXSID00388350 DTXSID5051602
DTXSID10593776	DTXSID80320773 DTXSID90625943 DTXSID40350132 DTXSID20595680 DTXSID80626883 DTXSID90419162 DTXSID60592557 DTXSID00622620 DTXSID10533314 DTXSID10645244 DTXSID60671114 DTXSID60476747 DTXSID60298688 DTXSID20646308 DTXSID80228902 DTXSID90613289 DTXSID60415535 DTXSID70489803 DTXSID80568895 DTXSID00659436
DTXSID20511921	DTXSID60399725 DTXSID20381262 DTXSID00423654 DTXSID60600126 DTXSID60488421 DTXSID90338980 DTXSID9044164 DTXSID00298647 DTXSID40405939 DTXSID70593176 DTXSID90711198 DTXSID90621465 DTXSID3061552 DTXSID90527776 DTXSID30344949 DTXSID30544588 DTXSID50220236 DTXSID90346101 DTXSID00170095 DTXSID20579586
DTXSID50313596	DTXSID70528064 DTXSID10156704 DTXSID70788843 DTXSID50804050 DTXSID40804983 DTXSID60834222 DTXSID90479640 DTXSID60281333 DTXSID10282456 DTXSID20595206 DTXSID50275968 DTXSID40733941 DTXSID30756543 DTXSID00592430 DTXSID30468098 DTXSID40767105 DTXSID10371692 DTXSID80424169 DTXSID50561575 DTXSID10364382
DTXSID60646120	DTXSID50351332 DTXSID10367090 DTXSID00585105 DTXSID30188123 DTXSID10708742 DTXSID90195772 DTXSID90373013 DTXSID40806821 DTXSID20640881 DTXSID90763672 DTXSID30290992 DTXSID00188933 DTXSID60193826 DTXSID30557991 DTXSID20651932 DTXSID90295367 DTXSID70178265 DTXSID30202090 DTXSID50725615 DTXSID60879315
DTXSID20301864	DTXSID40344319 DTXSID80694683 DTXSID40675519 DTXSID80726812 DTXSID40663355 DTXSID50610734 DTXSID60632568 DTXSID40165465 DTXSID10214297 DTXSID80810740 DTXSID20472346 DTXSID20652828 DTXSID20545827 DTXSID60672065 DTXSID50478391 DTXSID90515835 DTXSID00725569 DTXSID10594329 DTXSID10166661 DTXSID90332584
DTXSID60879719	DTXSID80796772 DTXSID30303394 DTXSID20619259 DTXSID20228325 DTXSID20604968 DTXSID30525099 DTXSID20364510 DTXSID40756736 DTXSID30804639 DTXSID30546800 DTXSID00878988 DTXSID90152880 DTXSID10359430 DTXSID40164599 DTXSID70536164 DTXSID50379475 DTXSID40812861 DTXSID20676827 DTXSID90794901 DTXSID20346058
DTXSID30169250	DTXSID30707191 DTXSID30844257 DTXSID90509850 DTXSID50621542 DTXSID80676767 DTXSID00642424 DTXSID10503451 DTXSID80800126 DTXSID80610828 DTXSID60558310 DTXSID80343765 DTXSID80346155 DTXSID50326560 DTXSID70737336 DTXSID70645881 DTXSID70499967 DTXSID90459442 DTXSID30823264 DTXSID20792955 DTXSID60315945
DTXSID70846715	DTXSID00474121 DTXSID00204985 DTXSID20540610 DTXSID10541414 DTXSID80395860 DTXSID80612887 DTXSID00176032 DTXSID70548989 DTXSID20499770 DTXSID50681040 DTXSID70174964 DTXSID60805533 DTXSID40415679 DTXSID00462982 DTXSID10634274 DTXSID60495337 DTXSID90205587 DTXSID10827381 DTXSID7023194 DTXSID70283222
DTXSID00625858	DTXSID30490596 DTXSID10672237 DTXSID20437475 DTXSID30218010 DTXSID00513983 DTXSID10287587 DTXSID30855949 DTXSID30789876 DTXSID20192491 DTXSID80733804 DTXSID10454010 DTXSID70651563 DTXSID00466667 DTXSID20361488 DTXSID80170356 DTXSID30673064 DTXSID00856726 DTXSID60296149 DTXSID20500274 DTXSID00720635
DTXSID80635894	DTXSID60843899 DTXSID00743021 DTXSID10174882 DTXSID40801856 DTXSID40824580 DTXSID90824994 DTXSID70797415 DTXSID50428912 DTXSID60447573 DTXSID90358481 DTXSID70509131 DTXSID00651930 DTXSID90499202 DTXSID20569260 DTXSID60175329 DTXSID80743286 DTXSID60432868 DTXSID50579352 DTXSID00464688 DTXSID10883785
DTXSID80239336	DTXSID50506067 DTXSID40671632 DTXSID30571612 DTXSID10707634 DTXSID60314594 DTXSID50383239 DTXSID60335284 DTXSID40199265 DTXSID40841656 DTXSID40228625 DTXSID00755265 DTXSID70487026 DTXSID10239804 DTXSID20630368 DTXSID00373504 DTXSID40325042 DTXSID10481523 DTXSID9022237 DTXSID30466877 DTXSID10588026
DTXSID90310140	DTXSID40891611 DTXSID90223180 DTXSID70349170 DTXSID20345869 DTXSID40295377 DTXSID40614266 DTXSID90803582 DTXSID40484168 DTXSID90602714 DTXSID50738205 DTXSID70195316 DTXSID90143531 DTXSID6046264 DTXSID3048316 DTXSID00822466 DTXSID80384572 DTXSID10676997 DTXSID70324861 DTXSID40531863 DTXSID70808676
DTXSID40144790	DTXSID70499967 DTXSID40576476 DTXSID20815673 DTXSID50579054 DTXSID20792955 DTXSID90666871 DTXSID00409610 DTXSID60558310 DTXSID80346155 DTXSID60315945 DTXSID90509850 DTXSID90602370 DTXSID90406638 DTXSID80676767 DTXSID10876394 DTXSID80240427 DTXSID80800126 DTXSID40606005 DTXSID70780766 DTXSID80611870
DTXSID20405250	DTXSID00841995 DTXSID70368043 DTXSID80170790 DTXSID50725615 DTXSID70342328 DTXSID40387802 DTXSID80396852 DTXSID20720470 DTXSID40806821 DTXSID60557545 DTXSID40561387 DTXSID90373013 DTXSID30375511 DTXSID60193826 DTXSID40717226 DTXSID90841565 DTXSID70178265 DTXSID30202090 DTXSID00826525 DTXSID00585105
DTXSID40144795	DTXSID30330387 DTXSID90837201 DTXSID60790692 DTXSID40840048 DTXSID90711875 DTXSID60240940 DTXSID00541968 DTXSID90148864 DTXSID00454781 DTXSID40662929 DTXSID10177015 DTXSID50242978 DTXSID50711134 DTXSID60815738 DTXSID40887211 DTXSID60582711 DTXSID90809145 DTXSID10724149 DTXSID90601904 DTXSID40315307
DTXSID40549928	DTXSID60405916 DTXSID40669211 DTXSID20443697 DTXSID20506514 DTXSID70774943 DTXSID3044918 DTXSID70428712 DTXSID70667068 DTXSID80498486 DTXSID80462369 DTXSID60503446 DTXSID70608916 DTXSID30566624 DTXSID00440467 DTXSID40663532 DTXSID10453169 DTXSID50342306 DTXSID80655638 DTXSID40348579 DTXSID40790690
DTXSID00377461	DTXSID80336298 DTXSID60620389 DTXSID90753952 DTXSID50473568 DTXSID60535000 DTXSID90479908 DTXSID20718973 DTXSID30830751 DTXSID5073666 DTXSID60307108 DTXSID10212470 DTXSID10283726 DTXSID90542803 DTXSID50487988 DTXSID90609682 DTXSID40571527 DTXSID90712105 DTXSID40345927 DTXSID30780828 DTXSID90640611
DTXSID00451331	DTXSID80175902 DTXSID20145164 DTXSID40393089 DTXSID50582785 DTXSID20232129 DTXSID40397264 DTXSID00443175 DTXSID20881333 DTXSID10371410 DTXSID90353299 DTXSID10696352 DTXSID10764141 DTXSID00284580 DTXSID70385937 DTXSID00722634 DTXSID60429672 DTXSID90598183 DTXSID30727511 DTXSID70615746 DTXSID50336265
DTXSID30575690	DTXSID50215829 DTXSID20575982 DTXSID90182445 DTXSID90290650 DTXSID70711914 DTXSID8063834 DTXSID60182598 DTXSID30420691 DTXSID50293460 DTXSID00441777 DTXSID60183484 DTXSID30452058 DTXSID00847053 DTXSID90734423 DTXSID40560431 DTXSID80443794 DTXSID00444369 DTXSID90443725 DTXSID10586320 DTXSID00650185
DTXSID70193216	DTXSID00523527 DTXSID30639049 DTXSID40523526 DTXSID60523528 DTXSID90750769 DTXSID30766546 DTXSID10600494 DTXSID30850858 DTXSID20523529 DTXSID50476377 DTXSID20297955 DTXSID10851661 DTXSID40739943 DTXSID20565303 DTXSID10241806 DTXSID30848932 DTXSID70765735 DTXSID50479464 DTXSID00289651 DTXSID70784865
DTXSID80570155	DTXSID10518525 DTXSID20207695 DTXSID80663551 DTXSID20549264 DTXSID10459065 DTXSID40388879 DTXSID20467313 DTXSID40726878 DTXSID50593492 DTXSID80181487 DTXSID50663326 DTXSID50853725 DTXSID40293717 DTXSID10296831 DTXSID50533277 DTXSID60599107 DTXSID30609247 DTXSID70714723 DTXSID30662913 DTXSID80208966
DTXSID00494167	DTXSID00890342 DTXSID00751005 DTXSID60446566 DTXSID60805391 DTXSID00620621 DTXSID30874256 DTXSID30237408 DTXSID80633850 DTXSID10718306 DTXSID40214245 DTXSID40760656 DTXSID40585765 DTXSID30677421 DTXSID70317233 DTXSID10364903 DTXSID20673937 DTXSID80320551 DTXSID50160901 DTXSID90635143 DTXSID90708543
DTXSID20708778	DTXSID10693482 DTXSID20646505 DTXSID60734410 DTXSID80681992 DTXSID60214045 DTXSID20457279 DTXSID80573166 DTXSID10475068 DTXSID70415420 DTXSID10436811 DTXSID10477784 DTXSID50726783 DTXSID20857497 DTXSID10682417 DTXSID50722189 DTXSID10646473 DTXSID90618092 DTXSID10365950 DTXSID70588229 DTXSID80211218
DTXSID90514803	DTXSID60524616 DTXSID50523537 DTXSID70518021 DTXSID20383281 DTXSID10567932 DTXSID30851865 DTXSID70285706 DTXSID20342651 DTXSID90592080 DTXSID20293179 DTXSID30813069 DTXSID70484378 DTXSID80340113 DTXSID80424583 DTXSID10326566 DTXSID2059275 DTXSID90294037 DTXSID60202720 DTXSID60511748 DTXSID70578802
DTXSID30631149	DTXSID80782812 DTXSID20211050 DTXSID30531317 DTXSID20567509 DTXSID80738591 DTXSID3027116 DTXSID70217885 DTXSID20477457 DTXSID20527587 DTXSID00561282 DTXSID40519863 DTXSID20180393 DTXSID10884631 DTXSID80545565 DTXSID40790857 DTXSID20449210 DTXSID7069071 DTXSID10448353 DTXSID70521479 DTXSID10527511
DTXSID10735396	DTXSID00551229 DTXSID80424684 DTXSID10739596 DTXSID10810950 DTXSID00165183 DTXSID70834910 DTXSID40513644 DTXSID20441052 DTXSID20708955 DTXSID20325065 DTXSID90353012 DTXSID50565290 DTXSID60545866 DTXSID90584703 DTXSID90595591 DTXSID20879472 DTXSID50214857 DTXSID30838752 DTXSID90434618 DTXSID10177550
DTXSID60597663	DTXSID50172963 DTXSID50178682 DTXSID30452679 DTXSID00465372 DTXSID30618435 DTXSID40368631 DTXSID30289801 DTXSID70711550 DTXSID10312106 DTXSID10557297 DTXSID80610161 DTXSID00406543 DTXSID10596242 DTXSID70512266 DTXSID00745404 DTXSID80207111 DTXSID00481577 DTXSID70709755 DTXSID80210322 DTXSID10426696
DTXSID80696900	DTXSID90676672 DTXSID50727371 DTXSID50372744 DTXSID70616435 DTXSID20372610 DTXSID80593006 DTXSID70725576 DTXSID80499195 DTXSID10677540 DTXSID20856708 DTXSID60624024 DTXSID40508237 DTXSID50188105 DTXSID00346814 DTXSID00727285 DTXSID30739831 DTXSID90621804 DTXSID20346174 DTXSID60561703 DTXSID70566047
DTXSID00505505	DTXSID00514839 DTXSID80365068 DTXSID30376220 DTXSID00352677 DTXSID40474802 DTXSID8069565 DTXSID50639965 DTXSID60704259 DTXSID90406754 DTXSID80769784 DTXSID90467087 DTXSID20471031 DTXSID70584509 DTXSID90579073 DTXSID40543204 DTXSID90602815 DTXSID80774393 DTXSID60487010 DTXSID50196109 DTXSID10780048
DTXSID50171214	DTXSID20429436 DTXSID80693833 DTXSID80456102 DTXSID70715619 DTXSID30681826 DTXSID80408227 DTXSID40418766 DTXSID80632282 DTXSID80525382 DTXSID10606431 DTXSID20453352 DTXSID80561785 DTXSID20322579 DTXSID90204035 DTXSID00640283 DTXSID90232353 DTXSID50228333 DTXSID00625136 DTXSID70774685 DTXSID20655394
DTXSID90399273	DTXSID40390654 DTXSID90470157 DTXSID4074271 DTXSID50342467 DTXSID50177630 DTXSID90816713 DTXSID50297620 DTXSID50816158 DTXSID8073637 DTXSID10626775 DTXSID40181084 DTXSID80398735 DTXSID20602303 DTXSID10338821 DTXSID70566345 DTXSID70762224 DTXSID50778843 DTXSID80333909 DTXSID20173321 DTXSID00787167
DTXSID60201778	DTXSID20275490 DTXSID80664725 DTXSID40510698 DTXSID10597118 DTXSID50589754 DTXSID30406531 DTXSID50589734 DTXSID00852703 DTXSID70597659 DTXSID80463053 DTXSID6065052 DTXSID10672434 DTXSID30854114 DTXSID60528699 DTXSID10501119 DTXSID40430185 DTXSID60667436 DTXSID50311754 DTXSID40435276 DTXSID10355573
DTXSID70822711	DTXSID50320407 DTXSID90674855 DTXSID50675348 DTXSID30218212 DTXSID20630964 DTXSID00638044 DTXSID70536543 DTXSID50170787 DTXSID80816742 DTXSID80633759 DTXSID90413625 DTXSID00275099 DTXSID10767637 DTXSID90750981 DTXSID80885913 DTXSID70822074 DTXSID80365482 DTXSID60749342 DTXSID10587852 DTXSID10822073
DTXSID10198806	DTXSID10510948 DTXSID60625556 DTXSID10627181 DTXSID30525231 DTXSID90433782 DTXSID00405738 DTXSID70449765 DTXSID30346509 DTXSID40791748 DTXSID10633424 DTXSID80450948 DTXSID60481437 DTXSID00551027 DTXSID4022076 DTXSID50637769 DTXSID90464854 DTXSID20495494 DTXSID50545613 DTXSID10467660 DTXSID50851665
DTXSID20145164	DTXSID00451331 DTXSID80175902 DTXSID40393089 DTXSID20232129 DTXSID10696352 DTXSID00443175 DTXSID50582785 DTXSID90353299 DTXSID00284580 DTXSID10371410 DTXSID20881333 DTXSID70385937 DTXSID40397264 DTXSID70615746 DTXSID60429672 DTXSID10764141 DTXSID00722634 DTXSID20296241 DTXSID20392196 DTXSID00532750
DTXSID30497308	DTXSID00403214 DTXSID10673926 DTXSID10669723 DTXSID30560844 DTXSID30520463 DTXSID20876603 DTXSID40674047 DTXSID50888532 DTXSID10241008 DTXSID50461349 DTXSID80792577 DTXSID50653984 DTXSID20826289 DTXSID80836369 DTXSID80852645 DTXSID10322225 DTXSID60721022 DTXSID70233722 DTXSID60193886 DTXSID30225522
DTXSID30510687	DTXSID00406482 DTXSID90284453 DTXSID60497038 DTXSID40828184 DTXSID10820953 DTXSID80780196 DTXSID70367879 DTXSID50568807 DTXSID00576694 DTXSID40553949 DTXSID80611193 DTXSID40340250 DTXSID60718134 DTXSID70296791 DTXSID10188005 DTXSID90274879 DTXSID30175174 DTXSID10558300 DTXSID10737693 DTXSID80436641
DTXSID10568964	DTXSID70428494 DTXSID00168679 DTXSID60640704 DTXSID20789128 DTXSID20656927 DTXSID00896344 DTXSID70313634 DTXSID80494029 DTXSID90702203 DTXSID40462022 DTXSID7021366 DTXSID70214298 DTXSID90768203 DTXSID70529677 DTXSID50493822 DTXSID90738764 DTXSID40655477 DTXSID90232919 DTXSID10631864 DTXSID90510345
DTXSID10774023	DTXSID60850028 DTXSID20482445 DTXSID90441084 DTXSID00243556 DTXSID8064981 DTXSID10694631 DTXSID40710176 DTXSID60345565 DTXSID60694525 DTXSID40617191 DTXSID60315960 DTXSID40876185 DTXSID50660774 DTXSID60831094 DTXSID60524732 DTXSID70598666 DTXSID80475393 DTXSID80582970 DTXSID20311463 DTXSID90401946
DTXSID80875894	DTXSID50610633 DTXSID10442477 DTXSID00463292 DTXSID80742315 DTXSID80675952 DTXSID10525294 DTXSID50760602 DTXSID50833486 DTXSID30528383 DTXSID90615844 DTXSID80309280 DTXSID20333766 DTXSID10518262 DTXSID10634996 DTXSID10538581 DTXSID60777408 DTXSID90348625 DTXSID2061480 DTXSID80851830 DTXSID90376448
DTXSID90618678	DTXSID70735690 DTXSID10716180 DTXSID00218749 DTXSID10622999 DTXSID40549529 DTXSID70197592 DTXSID30153356 DTXSID10879688 DTXSID30668930 DTXSID00467412 DTXSID00429272 DTXSID00598078 DTXSID00356670 DTXSID50409029 DTXSID50601344 DTXSID20405593 DTXSID20622086 DTXSID30361752 DTXSID30418917 DTXSID10202078
DTXSID80767386	DTXSID10786207 DTXSID60455951 DTXSID00241971 DTXSID1063140 DTXSID70443980 DTXSID40879717 DTXSID60151047 DTXSID10210118 DTXSID10736227 DTXSID00182759 DTXSID30303157 DTXSID20284901 DTXSID20238166 DTXSID20191888 DTXSID80597261 DTXSID00542773 DTXSID00730375 DTXSID80373608 DTXSID80375586 DTXSID60370650
DTXSID00485712	DTXSID30309250 DTXSID00738654 DTXSID60755463 DTXSID90200471 DTXSID60715522 DTXSID60326112 DTXSID00408825 DTXSID00475971 DTXSID30303798 DTXSID10728667 DTXSID10493989 DTXSID5068233 DTXSID30770906 DTXSID90519474 DTXSID80492621 DTXSID50586107 DTXSID20742031 DTXSID00501709 DTXSID90768723 DTXSID10630771
DTXSID70341018	DTXSID60425199 DTXSID30385110 DTXSID70589837 DTXSID40697155 DTXSID00541362 DTXSID50335233 DTXSID30640913 DTXSID10307496 DTXSID5068158 DTXSID20485153 DTXSID50799997 DTXSID00876742 DTXSID20640866 DTXSID00302733 DTXSID10211680 DTXSID40180330 DTXSID30666274 DTXSID70353237 DTXSID20163722 DTXSID20445999
DTXSID50277442	DTXSID80554157 DTXSID00162071 DTXSID70443026 DTXSID10144383 DTXSID20834965 DTXSID90453768 DTXSID50651006 DTXSID00719266 DTXSID90696310 DTXSID80540737 DTXSID50524827 DTXSID50215283 DTXSID70874098 DTXSID30550023 DTXSID40540738 DTXSID30767674 DTXSID30402492 DTXSID60172570 DTXSID20145200 DTXSID10829527
DTXSID20718973	DTXSID10212470 DTXSID90609682 DTXSID60620389 DTXSID90429862 DTXSID30537839 DTXSID30787852 DTXSID90479908 DTXSID70173750 DTXSID00377461 DTXSID30780828 DTXSID70695260 DTXSID00571407 DTXSID70401363 DTXSID30778189 DTXSID80336298 DTXSID40296581 DTXSID90753952 DTXSID70212375 DTXSID70876658 DTXSID90469167
DTXSID60600484	DTXSID10728889 DTXSID40278640 DTXSID10708424 DTXSID70670057 DTXSID70795315 DTXSID40529149 DTXSID00568731 DTXSID00856766 DTXSID70547371 DTXSID80619876 DTXSID30625664 DTXSID00506799 DTXSID80553342 DTXSID90805021 DTXSID50600110 DTXSID60722519 DTXSID80381026 DTXSID00833719 DTXSID10280518 DTXSID80820804
DTXSID70876658	DTXSID70173750 DTXSID60206622 DTXSID70401363 DTXSID70212375 DTXSID30787852 DTXSID70364525 DTXSID00571407 DTXSID90469167 DTXSID00404887 DTXSID50375033 DTXSID70332567 DTXSID00374031 DTXSID90799638 DTXSID50191730 DTXSID50558329 DTXSID10212470 DTXSID70283005 DTXSID90479908 DTXSID10711857 DTXSID20718973
DTXSID50399774	DTXSID20488386 DTXSID70885523 DTXSID60532913 DTXSID50683468 DTXSID60884207 DTXSID90277769 DTXSID70733712 DTXSID3062029 DTXSID30401122 DTXSID50225620 DTXSID40222542 DTXSID40684101 DTXSID20452921 DTXSID00371020 DTXSID20168772 DTXSID60808645 DTXSID60351601 DTXSID30664199 DTXSID70459046 DTXSID80698227
DTXSID10710163	DTXSID00704314 DTXSID00631772 DTXSID80642068 DTXSID40191269 DTXSID60674281 DTXSID20297758 DTXSID10365975 DTXSID40319603 DTXSID00464704 DTXSID40482043 DTXSID70484191 DTXSID60825514 DTXSID8075413 DTXSID50551916 DTXSID80380034 DTXSID40784357 DTXSID50345498 DTXSID1065899 DTXSID30554965 DTXSID40287797
DTXSID40279910	DTXSID40431016 DTXSID30525913 DTXSID10354228 DTXSID40679875 DTXSID70498152 DTXSID30395390 DTXSID10496253 DTXSID60415636 DTXSID30406531 DTXSID50646674 DTXSID50538207 DTXSID00446262 DTXSID70597659 DTXSID60338038 DTXSID80463053 DTXSID90857000 DTXSID00409352 DTXSID60528699 DTXSID30671560 DTXSID60312176
DTXSID90223322	DTXSID30394525 DTXSID10577213 DTXSID80615616 DTXSID10525618 DTXSID70176180 DTXSID00334771 DTXSID70571818 DTXSID90339518 DTXSID70675643 DTXSID80204468 DTXSID70874477 DTXSID10655964 DTXSID00523148 DTXSID40494464 DTXSID00366512 DTXSID10580808 DTXSID70789032 DTXSID4052051 DTXSID10738281 DTXSID20342651
DTXSID10829527	DTXSID10144383 DTXSID20834965 DTXSID50215283 DTXSID60635918 DTXSID80554157 DTXSID60649439 DTXSID00719266 DTXSID90529396 DTXSID90696310 DTXSID30354361 DTXSID50649605 DTXSID90289180 DTXSID9057680 DTXSID70849443 DTXSID10428534 DTXSID90453768 DTXSID50277442 DTXSID10528447 DTXSID1025693 DTXSID70874098
DTXSID10144949	DTXSID70529697 DTXSID00632961 DTXSID00701883 DTXSID50840392 DTXSID80748150 DTXSID70822074 DTXSID00715541 DTXSID50878074 DTXSID00616882 DTXSID80660707 DTXSID80365482 DTXSID20503927 DTXSID40163406 DTXSID5026548 DTXSID20540059 DTXSID00507064 DTXSID60842620 DTXSID70487304 DTXSID50569758 DTXSID60761685
DTXSID60733827	DTXSID1024752 DTXSID0020492 DTXSID10157079 DTXSID20368533 DTXSID70576904 DTXSID40341469 DTXSID80726635 DTXSID80831692 DTXSID60829355 DTXSID20391189 DTXSID80646122 DTXSID30640938 DTXSID30298938 DTXSID1020724 DTXSID5067500 DTXSID90508585 DTXSID10458452 DTXSID00662940 DTXSID30725613 DTXSID60896542
DTXSID80482421	DTXSID40230026 DTXSID40523066 DTXSID70828995 DTXSID80495753 DTXSID10572526 DTXSID20879593 DTXSID90345699 DTXSID10842610 DTXSID70642476 DTXSID10345656 DTXSID30641187 DTXSID60308998 DTXSID50580049 DTXSID30726822 DTXSID90427929 DTXSID80604000 DTXSID90200198 DTXSID70858136 DTXSID20323405 DTXSID40646800
DTXSID90621465	DTXSID70593176 DTXSID30344949 DTXSID30278654 DTXSID3061552 DTXSID00633478 DTXSID10518868 DTXSID60232421 DTXSID00423654 DTXSID70799434 DTXSID40508111 DTXSID30544588 DTXSID40405939 DTXSID10525310 DTXSID90711198 DTXSID30405908 DTXSID90338980 DTXSID60336195 DTXSID00611539 DTXSID90346141 DTXSID20381262
DTXSID40336794	DTXSID60826960 DTXSID90887963 DTXSID50796865 DTXSID20346750 DTXSID20280781 DTXSID30191576 DTXSID10511839 DTXSID50804111 DTXSID70346765 DTXSID40341646 DTXSID70242536 DTXSID20341664 DTXSID10771451 DTXSID40647397 DTXSID10324880 DTXSID20741069 DTXSID10784248 DTXSID30342228 DTXSID70233808 DTXSID80341685
DTXSID60283413	DTXSID40573485 DTXSID80852948 DTXSID00816845 DTXSID90718102 DTXSID80206381 DTXSID60660361 DTXSID00796355 DTXSID90888152 DTXSID00817918 DTXSID60816588 DTXSID70464776 DTXSID20847353 DTXSID90562940 DTXSID90675226 DTXSID10301010 DTXSID80729641 DTXSID30656776 DTXSID90464773 DTXSID80300454 DTXSID30850116
DTXSID30640913	DTXSID20163722 DTXSID50847765 DTXSID90667540 DTXSID70341018 DTXSID60586219 DTXSID00553187 DTXSID60425199 DTXSID80876684 DTXSID30385110 DTXSID40697155 DTXSID10345757 DTXSID70353237 DTXSID5068158 DTXSID50457540 DTXSID20640866 DTXSID50534148 DTXSID30589813 DTXSID00541362 DTXSID90456951 DTXSID10211680
DTXSID10309233	DTXSID40454922 DTXSID40674385 DTXSID60856080 DTXSID10743870 DTXSID20680621 DTXSID70642476 DTXSID10581315 DTXSID30170023 DTXSID40181286 DTXSID90427929 DTXSID10826758 DTXSID60284824 DTXSID40230026 DTXSID50420133 DTXSID50381154 DTXSID70408539 DTXSID90185572 DTXSID60532291 DTXSID30651867 DTXSID20879593
DTXSID70445949	DTXSID80661133 DTXSID50220892 DTXSID30468391 DTXSID40621910 DTXSID10403669 DTXSID20800029 DTXSID20503104 DTXSID60626947 DTXSID50825200 DTXSID30375137 DTXSID80670260 DTXSID80431818 DTXSID90591699 DTXSID70509853 DTXSID00220160 DTXSID70526808 DTXSID70220874 DTXSID00220882 DTXSID20738530 DTXSID10592880
DTXSID30506823	DTXSID10403725 DTXSID30635122 DTXSID50450374 DTXSID20740779 DTXSID10761256 DTXSID60514936 DTXSID30323618 DTXSID30653462 DTXSID00837035 DTXSID0024397 DTXSID40697812 DTXSID20336196 DTXSID30314602 DTXSID30668910 DTXSID10437121 DTXSID70513854 DTXSID90623222 DTXSID00421433 DTXSID30343396 DTXSID80409214
DTXSID40278201	DTXSID90876933 DTXSID60369483 DTXSID50560644 DTXSID20903968 DTXSID30876912 DTXSID40408768 DTXSID70834470 DTXSID50624417 DTXSID10806994 DTXSID70760740 DTXSID20370858 DTXSID60378691 DTXSID60242525 DTXSID40288729 DTXSID00506597 DTXSID70367112 DTXSID10675349 DTXSID10180100 DTXSID60831579 DTXSID00510836
DTXSID90602714	DTXSID70195316 DTXSID60328237 DTXSID40484168 DTXSID00386558 DTXSID90853663 DTXSID10667562 DTXSID10756521 DTXSID70297561 DTXSID3048316 DTXSID90310140 DTXSID10185079 DTXSID70224791 DTXSID20345869 DTXSID80384572 DTXSID40891611 DTXSID40295377 DTXSID60642223 DTXSID2073720 DTXSID6046264 DTXSID00563342
DTXSID20393587	DTXSID00745368 DTXSID60700236 DTXSID30303192 DTXSID70855781 DTXSID00508677 DTXSID40747503 DTXSID30620174 DTXSID70619608 DTXSID70314969 DTXSID90305298 DTXSID80478324 DTXSID70742102 DTXSID70732487 DTXSID60319089 DTXSID60744251 DTXSID10657206 DTXSID00673753 DTXSID70582085 DTXSID30847288 DTXSID00707800
DTXSID50896339	DTXSID50303917 DTXSID80857317 DTXSID20697678 DTXSID20819292 DTXSID20542891 DTXSID10833987 DTXSID40856624 DTXSID90847724 DTXSID60227594 DTXSID20876805 DTXSID30772304 DTXSID60896542 DTXSID80646122 DTXSID30322904 DTXSID5067500 DTXSID30630197 DTXSID20222681 DTXSID80633057 DTXSID30298938 DTXSID80476729
DTXSID30307135	DTXSID30844232 DTXSID80756710 DTXSID10322826 DTXSID40706170 DTXSID30615146 DTXSID20802604 DTXSID20675951 DTXSID20558952 DTXSID40869951 DTXSID70322827 DTXSID00787248 DTXSID60832940 DTXSID10224790 DTXSID50757835 DTXSID60789344 DTXSID60749867 DTXSID10852012 DTXSID50812175 DTXSID80185869 DTXSID60605217
DTXSID20561608	DTXSID30725613 DTXSID1020724 DTXSID10193937 DTXSID10458452 DTXSID60455133 DTXSID00662940 DTXSID20368533 DTXSID10157079 DTXSID90772845 DTXSID80726635 DTXSID90550105 DTXSID60696569 DTXSID80831692 DTXSID70576904 DTXSID20327024 DTXSID40167969 DTXSID90508585 DTXSID70365214 DTXSID10657448 DTXSID80630460
DTXSID50496595	DTXSID60646943 DTXSID50810676 DTXSID00504230 DTXSID00541347 DTXSID90649245 DTXSID80649850 DTXSID60840166 DTXSID50218754 DTXSID50805002 DTXSID40775765 DTXSID80298887 DTXSID40806220 DTXSID50193274 DTXSID40243454 DTXSID20840788 DTXSID70308404 DTXSID10525991 DTXSID70845187 DTXSID10218755 DTXSID70810077
DTXSID00762792	DTXSID20567408 DTXSID30769214 DTXSID40440067 DTXSID10399917 DTXSID90567874 DTXSID30617185 DTXSID00565760 DTXSID70479325 DTXSID30600895 DTXSID70485608 DTXSID70344842 DTXSID90517319 DTXSID10488239 DTXSID40775720 DTXSID60883917 DTXSID60340732 DTXSID80585729 DTXSID80563921 DTXSID80436883 DTXSID7068001
DTXSID30769214	DTXSID20567408 DTXSID00762792 DTXSID00565760 DTXSID30600895 DTXSID70479325 DTXSID60883917 DTXSID00375386 DTXSID70344842 DTXSID90517319 DTXSID40440067 DTXSID80585729 DTXSID70505077 DTXSID40775720 DTXSID30617185 DTXSID80436883 DTXSID90567874 DTXSID70485608 DTXSID10399917 DTXSID80563921 DTXSID70549451
DTXSID80399560	DTXSID40603837 DTXSID30300383 DTXSID80594558 DTXSID00358977 DTXSID70766489 DTXSID80440283 DTXSID20876269 DTXSID40509007 DTXSID70199334 DTXSID60876662 DTXSID70219369 DTXSID30587354 DTXSID20519503 DTXSID30356764 DTXSID70357452 DTXSID50285047 DTXSID60458689 DTXSID40648607 DTXSID50629487 DTXSID90355798
DTXSID40694422	DTXSID70359355 DTXSID80534075 DTXSID30546042 DTXSID20390738 DTXSID20747682 DTXSID5059163 DTXSID40468781 DTXSID30673827 DTXSID70642214 DTXSID30388585 DTXSID20697072 DTXSID50802031 DTXSID50488016 DTXSID20297238 DTXSID20823753 DTXSID1058393 DTXSID30790189 DTXSID80497510 DTXSID20177142 DTXSID80503882
DTXSID20603719	DTXSID50322446 DTXSID00145980 DTXSID60670389 DTXSID20482662 DTXSID00291259 DTXSID20522017 DTXSID00308639 DTXSID60813496 DTXSID70745916 DTXSID10632992 DTXSID50709672 DTXSID70630050 DTXSID40699437 DTXSID20349685 DTXSID50672276 DTXSID90285046 DTXSID3063417 DTXSID60593347 DTXSID90836193 DTXSID50164641
DTXSID70655400	DTXSID10498176 DTXSID00110032 DTXSID80777521 DTXSID10471545 DTXSID90484012 DTXSID30638613 DTXSID80742077 DTXSID20285377 DTXSID80439197 DTXSID60168776 DTXSID40462704 DTXSID50742761 DTXSID60526594 DTXSID50464411 DTXSID60199601 DTXSID10375019 DTXSID50481880 DTXSID50378741 DTXSID3057692 DTXSID90396484
DTXSID00465372	DTXSID50178682 DTXSID40368631 DTXSID60597663 DTXSID30618435 DTXSID50172963 DTXSID30452679 DTXSID70711550 DTXSID30175038 DTXSID10426696 DTXSID30289801 DTXSID10312106 DTXSID10744428 DTXSID80817057 DTXSID80210322 DTXSID00406543 DTXSID80610161 DTXSID10557297 DTXSID20362990 DTXSID10596242 DTXSID40393084
DTXSID40493992	DTXSID00425279 DTXSID00640667 DTXSID00363127 DTXSID60571408 DTXSID80769224 DTXSID10740400 DTXSID00615794 DTXSID70651745 DTXSID20229236 DTXSID80349606 DTXSID10160386 DTXSID0059081 DTXSID00313622 DTXSID00839498 DTXSID50355557 DTXSID80627799 DTXSID40405393 DTXSID70623684 DTXSID00556597 DTXSID70879543
DTXSID90426730	DTXSID20839490 DTXSID10658556 DTXSID40398079 DTXSID60640320 DTXSID20651114 DTXSID00603732 DTXSID10528543 DTXSID10784723 DTXSID70676993 DTXSID70757352 DTXSID20615493 DTXSID60281853 DTXSID10568641 DTXSID60743481 DTXSID50590385 DTXSID40781200 DTXSID10185514 DTXSID40212084 DTXSID50462639 DTXSID3052220
DTXSID30660373	DTXSID00563862 DTXSID50154805 DTXSID70855069 DTXSID80221812 DTXSID70234370 DTXSID60827513 DTXSID70392702 DTXSID30616532 DTXSID40143001 DTXSID60315304 DTXSID1051692 DTXSID90158322 DTXSID00604709 DTXSID90737919 DTXSID60886165 DTXSID40470283 DTXSID70884657 DTXSID20660362 DTXSID00885839 DTXSID90203164
DTXSID30361752	DTXSID50409029 DTXSID30668930 DTXSID00598078 DTXSID80710670 DTXSID90560729 DTXSID70735690 DTXSID00356392 DTXSID90181655 DTXSID40188937 DTXSID30591214 DTXSID90618678 DTXSID10806398 DTXSID10879688 DTXSID10301277 DTXSID00218749 DTXSID10716180 DTXSID5070529 DTXSID40693238 DTXSID30852256 DTXSID30371457
DTXSID90618092	DTXSID50745414 DTXSID80573166 DTXSID10475068 DTXSID00810742 DTXSID10646473 DTXSID60214045 DTXSID30618374 DTXSID30775971 DTXSID20879376 DTXSID90857282 DTXSID30550669 DTXSID20708778 DTXSID20646505 DTXSID60734410 DTXSID50722189 DTXSID10436811 DTXSID30782468 DTXSID30363675 DTXSID80681992 DTXSID10693482
DTXSID80856784	DTXSID80640322 DTXSID80241550 DTXSID90805965 DTXSID20453519 DTXSID20579647 DTXSID50421640 DTXSID80480689 DTXSID10659745 DTXSID50458315 DTXSID50650796 DTXSID30634231 DTXSID10515256 DTXSID30392965 DTXSID70444013 DTXSID50454695 DTXSID00645879 DTXSID50441368 DTXSID10544889 DTXSID90480155 DTXSID00154719
DTXSID60723581	DTXSID60457672 DTXSID60813198 DTXSID00472485 DTXSID20804840 DTXSID00639879 DTXSID80756235 DTXSID00699594 DTXSID20756234 DTXSID80440844 DTXSID50735552 DTXSID00400920 DTXSID30743135 DTXSID40852085 DTXSID10310263 DTXSID30540383 DTXSID30411862 DTXSID90894031 DTXSID60184532 DTXSID80276584 DTXSID20625113
DTXSID90778807	DTXSID00507589 DTXSID80790210 DTXSID30530426 DTXSID80576238 DTXSID50539234 DTXSID10503390 DTXSID30508241 DTXSID50232172 DTXSID20406904 DTXSID30781931 DTXSID70450932 DTXSID70705999 DTXSID80640241 DTXSID50846995 DTXSID00501204 DTXSID10439569 DTXSID80804386 DTXSID10467160 DTXSID70212678 DTXSID80282928
DTXSID80604328	DTXSID30854210 DTXSID10357037 DTXSID60372553 DTXSID00327365 DTXSID40482427 DTXSID20629590 DTXSID70791312 DTXSID30363079 DTXSID10495286 DTXSID40453450 DTXSID10642192 DTXSID90578703 DTXSID90379934 DTXSID60501962 DTXSID60665472 DTXSID90721373 DTXSID00557044 DTXSID90707556 DTXSID00623359 DTXSID40710035
DTXSID60616843	DTXSID30413629 DTXSID20886101 DTXSID60621912 DTXSID90596508 DTXSID40328396 DTXSID20833716 DTXSID60374335 DTXSID80337720 DTXSID40729783 DTXSID70484651 DTXSID70471682 DTXSID10191993 DTXSID10597653 DTXSID50755018 DTXSID10832697 DTXSID60318532 DTXSID40836047 DTXSID0058514 DTXSID20177142 DTXSID70480092
DTXSID70369696	DTXSID30313635 DTXSID90657865 DTXSID30309654 DTXSID60798719 DTXSID00287899 DTXSID80355863 DTXSID60626321 DTXSID90407221 DTXSID50704788 DTXSID6041769 DTXSID60803872 DTXSID40793823 DTXSID50879142 DTXSID10169758 DTXSID10494193 DTXSID00382030 DTXSID00461238 DTXSID60598918 DTXSID50761275 DTXSID60646342
DTXSID30525099	DTXSID30303394 DTXSID20676827 DTXSID90152880 DTXSID50379475 DTXSID00878988 DTXSID60879719 DTXSID40791602 DTXSID60599086 DTXSID40555903 DTXSID40494722 DTXSID20604968 DTXSID20578493 DTXSID40812861 DTXSID10359430 DTXSID20228325 DTXSID30323890 DTXSID30546800 DTXSID50315232 DTXSID90819507 DTXSID70543979
DTXSID60527743	DTXSID70554121 DTXSID70509818 DTXSID40550190 DTXSID00489694 DTXSID00716235 DTXSID40791662 DTXSID80648242 DTXSID10165937 DTXSID50844996 DTXSID40642428 DTXSID70226876 DTXSID60844886 DTXSID10497361 DTXSID90657047 DTXSID80657334 DTXSID80336576 DTXSID00209354 DTXSID60377861 DTXSID40642064 DTXSID70766141
DTXSID10312106	DTXSID80610161 DTXSID70711550 DTXSID50172963 DTXSID10596242 DTXSID50178682 DTXSID70709755 DTXSID80210322 DTXSID60597663 DTXSID30618435 DTXSID00745404 DTXSID30289801 DTXSID40543961 DTXSID60392019 DTXSID70381358 DTXSID70845046 DTXSID10557297 DTXSID00481577 DTXSID20874164 DTXSID80207111 DTXSID00465372
DTXSID50572782	DTXSID60704451 DTXSID40413276 DTXSID20627031 DTXSID20563228 DTXSID60188550 DTXSID60520198 DTXSID50750765 DTXSID90220432 DTXSID30730989 DTXSID70240355 DTXSID50188948 DTXSID60523124 DTXSID60708676 DTXSID20148998 DTXSID40763243 DTXSID00748374 DTXSID00834569 DTXSID40748373 DTXSID20762693 DTXSID00289651
DTXSID70438497	DTXSID5072486 DTXSID60488421 DTXSID30544588 DTXSID30572765 DTXSID70709538 DTXSID20448329 DTXSID60336195 DTXSID50179492 DTXSID3061552 DTXSID60654826 DTXSID90711198 DTXSID30405908 DTXSID60169208 DTXSID10525310 DTXSID10442659 DTXSID40551526 DTXSID10501058 DTXSID10518868 DTXSID30344949 DTXSID60600126
DTXSID90408410	DTXSID40845078 DTXSID40162656 DTXSID40788759 DTXSID30276372 DTXSID10182063 DTXSID00483556 DTXSID50743394 DTXSID80827696 DTXSID80221599 DTXSID50703690 DTXSID00461576 DTXSID50479863 DTXSID70782987 DTXSID20197946 DTXSID40721429 DTXSID30748463 DTXSID70341755 DTXSID90573197 DTXSID80427877 DTXSID60519461
DTXSID10712061	DTXSID20743427 DTXSID20756335 DTXSID50590148 DTXSID80552653 DTXSID60674165 DTXSID40676763 DTXSID10847428 DTXSID40724470 DTXSID40577988 DTXSID80682262 DTXSID20847232 DTXSID10589215 DTXSID90823164 DTXSID40693233 DTXSID50662894 DTXSID60813476 DTXSID30243488 DTXSID40656404 DTXSID70392924 DTXSID20778618
DTXSID10355573	DTXSID60528699 DTXSID30744748 DTXSID60385461 DTXSID60667436 DTXSID70803545 DTXSID10597118 DTXSID70597659 DTXSID80467394 DTXSID60446768 DTXSID40831936 DTXSID50311754 DTXSID00501860 DTXSID50589734 DTXSID50538207 DTXSID10501119 DTXSID6065052 DTXSID8061133 DTXSID10354228 DTXSID60201778 DTXSID50556204
DTXSID90543436	DTXSID70517771 DTXSID20318013 DTXSID60150616 DTXSID00491015 DTXSID80638027 DTXSID00706535 DTXSID40408203 DTXSID00343449 DTXSID20653476 DTXSID20190770 DTXSID30587935 DTXSID30757772 DTXSID40635496 DTXSID30333176 DTXSID90526789 DTXSID60408725 DTXSID2060967 DTXSID20744171 DTXSID80452144 DTXSID40543441
DTXSID50453481	DTXSID40649795 DTXSID80292582 DTXSID20680303 DTXSID40700572 DTXSID5022803 DTXSID20883175 DTXSID80661234 DTXSID00374652 DTXSID50175277 DTXSID50681767 DTXSID10186102 DTXSID30722324 DTXSID80349606 DTXSID60150590 DTXSID90771333 DTXSID80154818 DTXSID70623684 DTXSID90645348 DTXSID80279772 DTXSID40585508
DTXSID70514886	DTXSID70562423 DTXSID80678180 DTXSID40180658 DTXSID60804228 DTXSID30886233 DTXSID40145843 DTXSID80640842 DTXSID40551263 DTXSID80276584 DTXSID70773471 DTXSID40314517 DTXSID80352251 DTXSID30752702 DTXSID10667143 DTXSID30514887 DTXSID90774102 DTXSID30743135 DTXSID10442876 DTXSID70876870 DTXSID80443759
DTXSID70516729	DTXSID30573292 DTXSID40183664 DTXSID20552238 DTXSID70668499 DTXSID3059505 DTXSID60649136 DTXSID10765572 DTXSID00531485 DTXSID20513824 DTXSID70598444 DTXSID80855555 DTXSID60229255 DTXSID20625698 DTXSID80847713 DTXSID10604513 DTXSID40235753 DTXSID70328364 DTXSID70466457 DTXSID10182503 DTXSID80613339
DTXSID30342228	DTXSID80341685 DTXSID00789267 DTXSID10324880 DTXSID10511839 DTXSID10710087 DTXSID30816732 DTXSID60340757 DTXSID80414949 DTXSID80341660 DTXSID40341646 DTXSID70816731 DTXSID60864504 DTXSID40341661 DTXSID40336794 DTXSID40341666 DTXSID90887963 DTXSID80836521 DTXSID40718177 DTXSID30297769 DTXSID40647397
DTXSID20367369	DTXSID00372673 DTXSID3063045 DTXSID10426979 DTXSID80724393 DTXSID80181826 DTXSID00596812 DTXSID80426981 DTXSID20362556 DTXSID30447287 DTXSID10394942 DTXSID20278062 DTXSID60143962 DTXSID50462957 DTXSID60286207 DTXSID90825769 DTXSID20718317 DTXSID80395209 DTXSID40819113 DTXSID00311481 DTXSID50283144
DTXSID70496658	DTXSID80513800 DTXSID70736602 DTXSID40581646 DTXSID90626591 DTXSID10306424 DTXSID50488016 DTXSID10846613 DTXSID90519676 DTXSID30873623 DTXSID70657227 DTXSID20761262 DTXSID60184956 DTXSID80284760 DTXSID10468758 DTXSID50768183 DTXSID70153153 DTXSID30400877 DTXSID60612825 DTXSID20532696 DTXSID90873624
DTXSID50732122	DTXSID90275528 DTXSID30640938 DTXSID60150590 DTXSID70314449 DTXSID80427291 DTXSID0020492 DTXSID30207207 DTXSID80808541 DTXSID10710547 DTXSID50175277 DTXSID60829355 DTXSID80382194 DTXSID20391189 DTXSID90645348 DTXSID90661225 DTXSID80679218 DTXSID10875923 DTXSID20680303 DTXSID40341469 DTXSID60733827
DTXSID30514887	DTXSID80443759 DTXSID20625113 DTXSID80276584 DTXSID30743135 DTXSID70876870 DTXSID00472485 DTXSID30886233 DTXSID10597638 DTXSID40314517 DTXSID50310146 DTXSID40180658 DTXSID00593189 DTXSID80352251 DTXSID80640842 DTXSID70562423 DTXSID70437263 DTXSID00699594 DTXSID70773471 DTXSID60457672 DTXSID40551263
DTXSID70663580	DTXSID40552518 DTXSID70534448 DTXSID70641121 DTXSID10525294 DTXSID70500800 DTXSID00586415 DTXSID6041501 DTXSID90885863 DTXSID20350337 DTXSID2061480 DTXSID10534447 DTXSID20506014 DTXSID40783663 DTXSID20528296 DTXSID00847053 DTXSID60777408 DTXSID30534449 DTXSID10634996 DTXSID80641117 DTXSID90443725
DTXSID30343058	DTXSID40551667 DTXSID70742783 DTXSID6020012 DTXSID00353104 DTXSID70353797 DTXSID80639958 DTXSID60612426 DTXSID20375085 DTXSID90608771 DTXSID70447701 DTXSID70446597 DTXSID50464178 DTXSID30401122 DTXSID60438865 DTXSID40222542 DTXSID40195121 DTXSID00429853 DTXSID40244168 DTXSID40462946 DTXSID80698227
DTXSID70879543	DTXSID90457963 DTXSID90875966 DTXSID20474825 DTXSID40485337 DTXSID40485019 DTXSID10278713 DTXSID00839498 DTXSID40188098 DTXSID50742443 DTXSID60358195 DTXSID10720308 DTXSID70623684 DTXSID10160386 DTXSID10740400 DTXSID00556597 DTXSID70556342 DTXSID80769224 DTXSID50876338 DTXSID00363127 DTXSID80349606
DTXSID30433403	DTXSID70580985 DTXSID60522652 DTXSID60195567 DTXSID80742835 DTXSID40230768 DTXSID40210247 DTXSID40538872 DTXSID00744871 DTXSID00186792 DTXSID30742724 DTXSID90578465 DTXSID70473565 DTXSID70541990 DTXSID50521457 DTXSID10734208 DTXSID40789600 DTXSID30825445 DTXSID20629777 DTXSID70582368 DTXSID40852686
DTXSID80665419	DTXSID30218136 DTXSID10855821 DTXSID60552611 DTXSID60670046 DTXSID20545261 DTXSID10632250 DTXSID60143962 DTXSID10394942 DTXSID50323554 DTXSID80724393 DTXSID10483789 DTXSID30434854 DTXSID00744412 DTXSID3042506 DTXSID70597831 DTXSID70372524 DTXSID80402669 DTXSID00831917 DTXSID70398168 DTXSID00596812
DTXSID00480065	DTXSID80655638 DTXSID30418775 DTXSID80485831 DTXSID80348497 DTXSID40663532 DTXSID40613335 DTXSID50302763 DTXSID30811020 DTXSID20835912 DTXSID10627005 DTXSID30566624 DTXSID00373721 DTXSID80752499 DTXSID30554167 DTXSID00440467 DTXSID20707948 DTXSID50719099 DTXSID30465360 DTXSID60475730 DTXSID20604640
DTXSID60663554	DTXSID70455785 DTXSID60312318 DTXSID40758639 DTXSID60390974 DTXSID30462975 DTXSID80295533 DTXSID80856466 DTXSID20556857 DTXSID00501648 DTXSID50518509 DTXSID90406890 DTXSID00646467 DTXSID40656126 DTXSID60630226 DTXSID70569452 DTXSID50855981 DTXSID10371632 DTXSID20590599 DTXSID20579162 DTXSID10653687
DTXSID40388076	DTXSID60587524 DTXSID90481965 DTXSID20734653 DTXSID10742747 DTXSID00195960 DTXSID50653949 DTXSID80597261 DTXSID60175440 DTXSID70530864 DTXSID00391167 DTXSID40459811 DTXSID00726157 DTXSID40196774 DTXSID30742365 DTXSID10627328 DTXSID30527699 DTXSID20294540 DTXSID50595032 DTXSID20895733 DTXSID40646486
DTXSID50818157	DTXSID00469355 DTXSID40452741 DTXSID40533160 DTXSID00374899 DTXSID00503783 DTXSID80214082 DTXSID50181656 DTXSID70235529 DTXSID50369230 DTXSID70757877 DTXSID80439612 DTXSID20217613 DTXSID90556708 DTXSID30716667 DTXSID90793535 DTXSID70597735 DTXSID70873662 DTXSID40466202 DTXSID80626202 DTXSID20605314
DTXSID80619876	DTXSID00856766 DTXSID40814724 DTXSID80553342 DTXSID00568731 DTXSID50509992 DTXSID40529149 DTXSID70547371 DTXSID70795315 DTXSID10710663 DTXSID50174189 DTXSID60848061 DTXSID60600484 DTXSID90661225 DTXSID70799373 DTXSID10875923 DTXSID40585508 DTXSID30625664 DTXSID6023315 DTXSID50467003 DTXSID60768134
DTXSID20453352	DTXSID20655394 DTXSID80187787 DTXSID70715619 DTXSID20429436 DTXSID40535245 DTXSID30405488 DTXSID90235405 DTXSID70539892 DTXSID50848459 DTXSID80693833 DTXSID1068853 DTXSID50171214 DTXSID80456102 DTXSID00768471 DTXSID10845207 DTXSID60519486 DTXSID1044932 DTXSID40230809 DTXSID10289445 DTXSID20636340
DTXSID30734164	DTXSID10416330 DTXSID90456239 DTXSID20804082 DTXSID10515615 DTXSID50645627 DTXSID30516765 DTXSID10725737 DTXSID20278163 DTXSID70873607 DTXSID00782258 DTXSID50457308 DTXSID10667143 DTXSID20840788 DTXSID30202232 DTXSID90774102 DTXSID70515611 DTXSID70846614 DTXSID30752702 DTXSID00372219 DTXSID90346222
DTXSID70211469	DTXSID00365924 DTXSID10561854 DTXSID40630906 DTXSID20654822 DTXSID10661161 DTXSID90396484 DTXSID90238315 DTXSID30344146 DTXSID00566171 DTXSID80649890 DTXSID30315977 DTXSID70741539 DTXSID40563927 DTXSID80279919 DTXSID20573226 DTXSID80823330 DTXSID30757277 DTXSID20291539 DTXSID60526594 DTXSID90461989
DTXSID10575971	DTXSID70877569 DTXSID50814992 DTXSID90723352 DTXSID00510558 DTXSID00320477 DTXSID80208300 DTXSID30819187 DTXSID0060066 DTXSID60721022 DTXSID80852645 DTXSID10653869 DTXSID50534885 DTXSID90302949 DTXSID80694466 DTXSID10711433 DTXSID20734618 DTXSID40835510 DTXSID30225522 DTXSID80836369 DTXSID30675003
DTXSID90669645	DTXSID80402669 DTXSID80742936 DTXSID80426981 DTXSID50618174 DTXSID90375653 DTXSID80480780 DTXSID60143962 DTXSID60533187 DTXSID30434854 DTXSID3042506 DTXSID10632250 DTXSID40359589 DTXSID00651975 DTXSID10364125 DTXSID70566264 DTXSID30747895 DTXSID80395209 DTXSID00858129 DTXSID20285195 DTXSID70170209
DTXSID10544364	DTXSID70704008 DTXSID20876901 DTXSID90854731 DTXSID60355402 DTXSID00412780 DTXSID20225894 DTXSID10699722 DTXSID50507514 DTXSID30545994 DTXSID1059151 DTXSID30185314 DTXSID50832292 DTXSID90695126 DTXSID60346279 DTXSID10180100 DTXSID10806994 DTXSID70876532 DTXSID00473578 DTXSID10837920 DTXSID80324271
DTXSID70558604	DTXSID30821164 DTXSID00852122 DTXSID70224791 DTXSID10628991 DTXSID20384071 DTXSID90853663 DTXSID90468857 DTXSID50421524 DTXSID30159237 DTXSID10275540 DTXSID80384572 DTXSID00799866 DTXSID70393496 DTXSID40774819 DTXSID90324449 DTXSID00672827 DTXSID70529475 DTXSID6046264 DTXSID70280392 DTXSID00217873
DTXSID40819592	DTXSID80808208 DTXSID10352582 DTXSID90359377 DTXSID90470930 DTXSID30510329 DTXSID70837481 DTXSID80478086 DTXSID40722613 DTXSID10528402 DTXSID20541127 DTXSID10483209 DTXSID70490090 DTXSID00524615 DTXSID00635816 DTXSID70580809 DTXSID10334005 DTXSID40329449 DTXSID20580571 DTXSID10580808 DTXSID10594844
DTXSID4063870	DTXSID60611979 DTXSID00200462 DTXSID70467883 DTXSID20217653 DTXSID40286023 DTXSID30893008 DTXSID00231493 DTXSID8034746 DTXSID00750538 DTXSID90199836 DTXSID20800625 DTXSID80723124 DTXSID80768398 DTXSID10728622 DTXSID80302756 DTXSID80599947 DTXSID30234270 DTXSID00337085 DTXSID30815164 DTXSID30532369
DTXSID00768097	DTXSID30624051 DTXSID60508234 DTXSID00567820 DTXSID6040371 DTXSID10342625 DTXSID40287797 DTXSID00323105 DTXSID90709196 DTXSID1065899 DTXSID20183001 DTXSID60728172 DTXSID10599536 DTXSID80857236 DTXSID00571927 DTXSID00453198 DTXSID20857598 DTXSID00364871 DTXSID40752753 DTXSID20351187 DTXSID80199264
DTXSID7069071	DTXSID20449210 DTXSID20481377 DTXSID70217885 DTXSID00561282 DTXSID60150616 DTXSID50460130 DTXSID10448353 DTXSID40519863 DTXSID2060967 DTXSID30757656 DTXSID30757772 DTXSID80771069 DTXSID30396761 DTXSID80452144 DTXSID90526789 DTXSID30531317 DTXSID90199053 DTXSID40543441 DTXSID30587935 DTXSID60408725
DTXSID80793069	DTXSID20296483 DTXSID80210827 DTXSID40681493 DTXSID3061263 DTXSID10430339 DTXSID60618206 DTXSID50625080 DTXSID30713434 DTXSID80665479 DTXSID50154325 DTXSID90747351 DTXSID00618003 DTXSID30797451 DTXSID60799327 DTXSID70579652 DTXSID30599199 DTXSID50429247 DTXSID10448358 DTXSID70841881 DTXSID70662836
DTXSID50322446	DTXSID60670389 DTXSID20482662 DTXSID00308639 DTXSID60813496 DTXSID70630050 DTXSID20603719 DTXSID50672276 DTXSID50164641 DTXSID00291259 DTXSID00145980 DTXSID50393757 DTXSID50709672 DTXSID20522017 DTXSID90836193 DTXSID1042281 DTXSID20349685 DTXSID50305239 DTXSID40427616 DTXSID00836164 DTXSID50677448
DTXSID40380277	DTXSID30796606 DTXSID10696150 DTXSID40593340 DTXSID80814102 DTXSID40334275 DTXSID20647693 DTXSID10742247 DTXSID40758917 DTXSID60286045 DTXSID40474029 DTXSID10547456 DTXSID80440647 DTXSID60533288 DTXSID50494753 DTXSID90442410 DTXSID50195879 DTXSID50565977 DTXSID10455027 DTXSID40610021 DTXSID50406932
DTXSID60446566	DTXSID80633850 DTXSID00494167 DTXSID30677421 DTXSID30237408 DTXSID00890342 DTXSID40760656 DTXSID00620621 DTXSID60805391 DTXSID00751005 DTXSID70317233 DTXSID10718306 DTXSID30874256 DTXSID10364903 DTXSID90708543 DTXSID50840074 DTXSID50160901 DTXSID20837330 DTXSID40214245 DTXSID70559595 DTXSID90635143
DTXSID00845610	DTXSID80816166 DTXSID70785579 DTXSID30490839 DTXSID30182181 DTXSID50344249 DTXSID70884819 DTXSID90703593 DTXSID50543331 DTXSID90344248 DTXSID50232172 DTXSID50539234 DTXSID90770189 DTXSID20222484 DTXSID70540524 DTXSID50575672 DTXSID10503390 DTXSID00501204 DTXSID10809122 DTXSID90778807 DTXSID30530426
DTXSID80742315	DTXSID30528383 DTXSID10538581 DTXSID50610633 DTXSID50760602 DTXSID50833486 DTXSID20333766 DTXSID80875894 DTXSID20163247 DTXSID70655208 DTXSID10442477 DTXSID80675952 DTXSID00463292 DTXSID80851830 DTXSID80309280 DTXSID40725124 DTXSID90615844 DTXSID40452180 DTXSID10518262 DTXSID80726973 DTXSID00621850
DTXSID10538021	DTXSID60447573 DTXSID40615793 DTXSID50698456 DTXSID50343292 DTXSID40824580 DTXSID10174882 DTXSID70836550 DTXSID10883785 DTXSID40801856 DTXSID50562800 DTXSID20456106 DTXSID90824994 DTXSID10214196 DTXSID40844809 DTXSID90720189 DTXSID00743021 DTXSID30791772 DTXSID00202365 DTXSID00848106 DTXSID40693334
DTXSID60646943	DTXSID50810676 DTXSID50496595 DTXSID50218754 DTXSID90649245 DTXSID40775765 DTXSID40243454 DTXSID00541347 DTXSID80649850 DTXSID50805002 DTXSID00504230 DTXSID50193274 DTXSID70733717 DTXSID70810077 DTXSID20640624 DTXSID60840166 DTXSID70660978 DTXSID10218755 DTXSID10525991 DTXSID20840788 DTXSID70308404
DTXSID00339443	DTXSID30389638 DTXSID20225894 DTXSID70651144 DTXSID80174834 DTXSID20891139 DTXSID60146276 DTXSID10201521 DTXSID80342814 DTXSID00394330 DTXSID10338109 DTXSID30185314 DTXSID80324271 DTXSID30181371 DTXSID70704008 DTXSID60355402 DTXSID90547999 DTXSID60239672 DTXSID70447645 DTXSID40191426 DTXSID20616925
DTXSID00579281	DTXSID10302946 DTXSID90485226 DTXSID00206505 DTXSID00597642 DTXSID10838553 DTXSID70569992 DTXSID00341268 DTXSID90424554 DTXSID10809501 DTXSID10237007 DTXSID20200005 DTXSID20159342 DTXSID20481099 DTXSID90446897 DTXSID40833839 DTXSID90334149 DTXSID40552053 DTXSID80241717 DTXSID50436936 DTXSID50762101
DTXSID70526828	DTXSID50404433 DTXSID00145708 DTXSID70630333 DTXSID30617968 DTXSID00589805 DTXSID30504920 DTXSID50551916 DTXSID50527373 DTXSID80768257 DTXSID90826519 DTXSID30323890 DTXSID20524016 DTXSID40465871 DTXSID80278381 DTXSID00531041 DTXSID40784357 DTXSID10211645 DTXSID70507379 DTXSID00425214 DTXSID50384589
DTXSID00372219	DTXSID20856506 DTXSID20840788 DTXSID20804082 DTXSID70831702 DTXSID00293935 DTXSID10876516 DTXSID90346222 DTXSID40588519 DTXSID50303033 DTXSID10515615 DTXSID50193274 DTXSID30734164 DTXSID70873607 DTXSID30516765 DTXSID10416330 DTXSID50457308 DTXSID90586161 DTXSID90456239 DTXSID00782258 DTXSID7057787
DTXSID60303887	DTXSID80531281 DTXSID90449848 DTXSID30402255 DTXSID70545211 DTXSID8060537 DTXSID40633255 DTXSID40532956 DTXSID70825323 DTXSID00560311 DTXSID80615999 DTXSID10825483 DTXSID70203329 DTXSID60738433 DTXSID90825320 DTXSID60183020 DTXSID10468334 DTXSID70507091 DTXSID00542970 DTXSID20203379 DTXSID20443455
DTXSID40168219	DTXSID40374030 DTXSID40588493 DTXSID50467346 DTXSID00371186 DTXSID50218416 DTXSID50598124 DTXSID30311595 DTXSID20439297 DTXSID50441787 DTXSID80282226 DTXSID40450409 DTXSID40773983 DTXSID50667248 DTXSID50622857 DTXSID90805440 DTXSID80237675 DTXSID90813020 DTXSID40495597 DTXSID40296581 DTXSID40561645
DTXSID50510164	DTXSID20184699 DTXSID40452180 DTXSID40539147 DTXSID60159886 DTXSID40638942 DTXSID30303990 DTXSID80444665 DTXSID70676711 DTXSID40477959 DTXSID10466491 DTXSID30711814 DTXSID60294322 DTXSID70655208 DTXSID30580148 DTXSID20447155 DTXSID70193337 DTXSID80896685 DTXSID20163247 DTXSID70696934 DTXSID70642537
DTXSID90616634	DTXSID00574332 DTXSID90598188 DTXSID40607855 DTXSID80557042 DTXSID70693201 DTXSID40490688 DTXSID40659692 DTXSID00559806 DTXSID20679136 DTXSID70299409 DTXSID70399413 DTXSID90306129 DTXSID90325153 DTXSID10280659 DTXSID60657039 DTXSID90802010 DTXSID30537475 DTXSID50841309 DTXSID00183887 DTXSID40451698
DTXSID60429672	DTXSID00443175 DTXSID90353299 DTXSID20651932 DTXSID10371410 DTXSID20392196 DTXSID10760229 DTXSID40536090 DTXSID50830854 DTXSID70395778 DTXSID00284580 DTXSID30896150 DTXSID20881333 DTXSID70385937 DTXSID10392362 DTXSID90195772 DTXSID40393089 DTXSID20640881 DTXSID10708742 DTXSID90295367 DTXSID60429096
DTXSID50208059	DTXSID30716324 DTXSID90497425 DTXSID50590749 DTXSID80499110 DTXSID60379527 DTXSID90740544 DTXSID30716364 DTXSID20680742 DTXSID3069982 DTXSID20611374 DTXSID70615761 DTXSID70397272 DTXSID20597765 DTXSID70239385 DTXSID80556898 DTXSID80548516 DTXSID20154993 DTXSID00497850 DTXSID80351527 DTXSID60303226
DTXSID20847353	DTXSID00552832 DTXSID80300454 DTXSID20463411 DTXSID30620179 DTXSID30787539 DTXSID60660361 DTXSID90443846 DTXSID40573485 DTXSID90888152 DTXSID90718102 DTXSID20888226 DTXSID60283413 DTXSID50838597 DTXSID70817627 DTXSID20567049 DTXSID70562362 DTXSID00470865 DTXSID00817918 DTXSID10551876 DTXSID50469825
DTXSID70393850	DTXSID30205465 DTXSID80308516 DTXSID10349573 DTXSID80297436 DTXSID50629861 DTXSID00472203 DTXSID30876114 DTXSID30483029 DTXSID90675221 DTXSID10472875 DTXSID70425569 DTXSID00748874 DTXSID10700589 DTXSID90477242 DTXSID20560777 DTXSID30178928 DTXSID70337219 DTXSID10602135 DTXSID10600631 DTXSID00721061
DTXSID20217653	DTXSID60611979 DTXSID70467883 DTXSID4063870 DTXSID40286023 DTXSID00200462 DTXSID80723124 DTXSID30893008 DTXSID20800625 DTXSID90199836 DTXSID8034746 DTXSID00231493 DTXSID80599947 DTXSID30815164 DTXSID00750538 DTXSID80768398 DTXSID70765270 DTXSID30218656 DTXSID00337085 DTXSID20817531 DTXSID10448196
DTXSID00163427	DTXSID30795831 DTXSID00190516 DTXSID80850904 DTXSID50555191 DTXSID40417916 DTXSID90286270 DTXSID10276198 DTXSID40715661 DTXSID50302465 DTXSID90345331 DTXSID30597130 DTXSID80675972 DTXSID40471876 DTXSID70645644 DTXSID10501255 DTXSID60475331 DTXSID60398475 DTXSID30788844 DTXSID60886903 DTXSID30173539
DTXSID30704064	DTXSID40616169 DTXSID30638436 DTXSID90714886 DTXSID70670234 DTXSID40211794 DTXSID10658374 DTXSID30174849 DTXSID00281357 DTXSID20765467 DTXSID60795809 DTXSID40397845 DTXSID50722124 DTXSID40473875 DTXSID10634214 DTXSID00198037 DTXSID00527000 DTXSID70849943 DTXSID60283579 DTXSID00828564 DTXSID60469452
DTXSID80573368	DTXSID80482123 DTXSID40407716 DTXSID50170020 DTXSID30583295 DTXSID40671112 DTXSID80293478 DTXSID8060298 DTXSID00382853 DTXSID60695037 DTXSID20580753 DTXSID00576634 DTXSID80626181 DTXSID60427815 DTXSID90162424 DTXSID10298976 DTXSID90571239 DTXSID20432561 DTXSID20382350 DTXSID10181718 DTXSID70553659
DTXSID70488750	DTXSID50640319 DTXSID60497336 DTXSID20446421 DTXSID20403498 DTXSID30301456 DTXSID70612013 DTXSID60340393 DTXSID20835977 DTXSID90450858 DTXSID10502681 DTXSID90573096 DTXSID40481814 DTXSID90329454 DTXSID00343449 DTXSID10649722 DTXSID30671323 DTXSID80776034 DTXSID20475812 DTXSID60207018 DTXSID50318526
DTXSID00444107	DTXSID60674125 DTXSID50818117 DTXSID00625535 DTXSID00604284 DTXSID80346776 DTXSID50684233 DTXSID80718212 DTXSID90427267 DTXSID70712704 DTXSID70400336 DTXSID60820660 DTXSID70811307 DTXSID10364706 DTXSID90585790 DTXSID90561630 DTXSID40589748 DTXSID60744413 DTXSID60634123 DTXSID40324171 DTXSID10876213
DTXSID80420702	DTXSID70419125 DTXSID60302395 DTXSID40170039 DTXSID20274988 DTXSID20626029 DTXSID60550556 DTXSID60876324 DTXSID50623344 DTXSID40545147 DTXSID00810328 DTXSID10367292 DTXSID90344526 DTXSID30693106 DTXSID90624532 DTXSID60177348 DTXSID30615166 DTXSID20318558 DTXSID80323406 DTXSID00702794 DTXSID70802775
DTXSID30787998	DTXSID40507301 DTXSID30209468 DTXSID10360203 DTXSID90374489 DTXSID70538027 DTXSID60172398 DTXSID80590055 DTXSID30592241 DTXSID70364505 DTXSID50446232 DTXSID70622516 DTXSID00620020 DTXSID30308384 DTXSID90801907 DTXSID20308030 DTXSID60797262 DTXSID00175141 DTXSID40186832 DTXSID70696934 DTXSID90238138
DTXSID90403440	DTXSID30646551 DTXSID60442068 DTXSID00739141 DTXSID40493270 DTXSID30725810 DTXSID10557257 DTXSID50167293 DTXSID60307643 DTXSID30618536 DTXSID40390270 DTXSID50283447 DTXSID90594246 DTXSID60444305 DTXSID10694595 DTXSID00211053 DTXSID80428006 DTXSID80563209 DTXSID40626425 DTXSID70650152 DTXSID90847123
DTXSID60701102	DTXSID60725848 DTXSID70748200 DTXSID3066267 DTXSID60437297 DTXSID40724874 DTXSID20394317 DTXSID10808392 DTXSID70370146 DTXSID1023233 DTXSID9069007 DTXSID10426095 DTXSID80184812 DTXSID40385722 DTXSID20453190 DTXSID20873935 DTXSID50747579 DTXSID20445797 DTXSID10672873 DTXSID20809198 DTXSID90675064
DTXSID20295330	DTXSID60515882 DTXSID40887796 DTXSID80340739 DTXSID10784248 DTXSID30393871 DTXSID60552474 DTXSID40714614 DTXSID80853814 DTXSID90599953 DTXSID10339095 DTXSID40341646 DTXSID80836521 DTXSID30210675 DTXSID20346750 DTXSID70816731 DTXSID20889036 DTXSID40819355 DTXSID10771451 DTXSID40707566 DTXSID60423817
DTXSID80162392	DTXSID00872860 DTXSID10491920 DTXSID20435658 DTXSID90319355 DTXSID90499202 DTXSID50637522 DTXSID50778606 DTXSID30382886 DTXSID00484583 DTXSID90529871 DTXSID30542968 DTXSID90602815 DTXSID90358481 DTXSID20231591 DTXSID30473081 DTXSID50428912 DTXSID20471031 DTXSID00733169 DTXSID40507649 DTXSID00352677
DTXSID80642068	DTXSID10365975 DTXSID00464704 DTXSID10710163 DTXSID60674281 DTXSID80380034 DTXSID30624051 DTXSID40287797 DTXSID1065899 DTXSID70708046 DTXSID40784357 DTXSID40666346 DTXSID00425214 DTXSID8075413 DTXSID00531041 DTXSID00323105 DTXSID10342625 DTXSID00631772 DTXSID40482043 DTXSID50551916 DTXSID40319603
DTXSID40496029	DTXSID10646251 DTXSID50342720 DTXSID20345349 DTXSID30370783 DTXSID50633221 DTXSID00559664 DTXSID90602855 DTXSID70442433 DTXSID40857535 DTXSID90646350 DTXSID30754024 DTXSID8067602 DTXSID80648161 DTXSID00671936 DTXSID90626273 DTXSID50743874 DTXSID30351057 DTXSID90487361 DTXSID50346844 DTXSID40585927
DTXSID80181487	DTXSID20549264 DTXSID50593492 DTXSID70714723 DTXSID50366244 DTXSID80208966 DTXSID10459065 DTXSID90238138 DTXSID90288178 DTXSID40211431 DTXSID30599710 DTXSID30609247 DTXSID80570155 DTXSID10518525 DTXSID30341913 DTXSID20207695 DTXSID50446232 DTXSID50323352 DTXSID20148115 DTXSID10659624 DTXSID40726878
DTXSID40705360	DTXSID00442062 DTXSID30453484 DTXSID40321226 DTXSID40610021 DTXSID40474029 DTXSID30642134 DTXSID40670408 DTXSID70548464 DTXSID90187117 DTXSID40666846 DTXSID10455027 DTXSID00571482 DTXSID20654903 DTXSID10241407 DTXSID10547456 DTXSID50493443 DTXSID90286437 DTXSID70528382 DTXSID40593340 DTXSID70483129
DTXSID70395056	DTXSID60635099 DTXSID50778626 DTXSID40867432 DTXSID90176243 DTXSID30805762 DTXSID60282305 DTXSID30431328 DTXSID20808722 DTXSID90221166 DTXSID60775383 DTXSID40193041 DTXSID10819029 DTXSID00210001 DTXSID60710279 DTXSID40880989 DTXSID50812175 DTXSID70580602 DTXSID2070421 DTXSID40830606 DTXSID70484939
DTXSID10555314	DTXSID10634416 DTXSID90232353 DTXSID20595640 DTXSID20322579 DTXSID70236692 DTXSID50342886 DTXSID00640283 DTXSID80723765 DTXSID00625136 DTXSID40546790 DTXSID20409415 DTXSID6062672 DTXSID50468535 DTXSID80456102 DTXSID10321879 DTXSID00285491 DTXSID70282073 DTXSID50651304 DTXSID10579757 DTXSID20243255
DTXSID60145820	DTXSID50429722 DTXSID10557050 DTXSID40699437 DTXSID70653901 DTXSID3063417 DTXSID60593347 DTXSID90300187 DTXSID70680272 DTXSID20522017 DTXSID70590584 DTXSID40332695 DTXSID00158752 DTXSID50677448 DTXSID10857249 DTXSID90879368 DTXSID90285046 DTXSID30284199 DTXSID80370955 DTXSID00145980 DTXSID10371632
DTXSID10627328	DTXSID00391167 DTXSID50595032 DTXSID20895733 DTXSID00195960 DTXSID40697913 DTXSID50180543 DTXSID00461617 DTXSID60664203 DTXSID50208236 DTXSID10742747 DTXSID00345842 DTXSID90520383 DTXSID20734653 DTXSID60587524 DTXSID40646486 DTXSID20856622 DTXSID30527699 DTXSID90743297 DTXSID40388076 DTXSID90481965
DTXSID90228155	DTXSID60495352 DTXSID80588412 DTXSID30778189 DTXSID40352515 DTXSID30616810 DTXSID30537839 DTXSID00571407 DTXSID20301783 DTXSID50153176 DTXSID40495597 DTXSID90380404 DTXSID90429862 DTXSID90156141 DTXSID00442188 DTXSID50441787 DTXSID70695260 DTXSID70401363 DTXSID90609682 DTXSID10494052 DTXSID10212470
DTXSID70843961	DTXSID30642477 DTXSID50733937 DTXSID10876016 DTXSID60464760 DTXSID30322782 DTXSID50549550 DTXSID30641809 DTXSID00304292 DTXSID70351511 DTXSID40821519 DTXSID80383500 DTXSID10610614 DTXSID50568069 DTXSID70309653 DTXSID40352752 DTXSID80181205 DTXSID80306315 DTXSID70450412 DTXSID80211632 DTXSID70365476
DTXSID80855555	DTXSID3059505 DTXSID80847713 DTXSID90604692 DTXSID20468406 DTXSID70668499 DTXSID50734909 DTXSID00791224 DTXSID10604513 DTXSID80407179 DTXSID40724556 DTXSID10765572 DTXSID70516729 DTXSID20174712 DTXSID50313612 DTXSID00366178 DTXSID70626953 DTXSID90167257 DTXSID30573292 DTXSID00655514 DTXSID20474022
DTXSID40577145	DTXSID70842212 DTXSID60449335 DTXSID5037602 DTXSID10717975 DTXSID80303546 DTXSID50175434 DTXSID30648393 DTXSID30815205 DTXSID50369598 DTXSID60646549 DTXSID10594324 DTXSID30755233 DTXSID00316638 DTXSID20856788 DTXSID7047015 DTXSID7020211 DTXSID30455463 DTXSID70477760 DTXSID40760095 DTXSID40211870
DTXSID40467294	DTXSID00673733 DTXSID10592481 DTXSID00663275 DTXSID70600798 DTXSID70734305 DTXSID10696317 DTXSID70739870 DTXSID10510680 DTXSID50640399 DTXSID40171485 DTXSID50439841 DTXSID70474259 DTXSID00489134 DTXSID80486404 DTXSID80640529 DTXSID10680650 DTXSID80175942 DTXSID30610111 DTXSID10499269 DTXSID9022100
DTXSID20653476	DTXSID20190770 DTXSID30713515 DTXSID40543441 DTXSID30333176 DTXSID00706535 DTXSID20318013 DTXSID40408203 DTXSID80452144 DTXSID40635496 DTXSID70706764 DTXSID30757772 DTXSID90543436 DTXSID70517771 DTXSID30587935 DTXSID70418875 DTXSID00364578 DTXSID10390348 DTXSID6044648 DTXSID20744171 DTXSID60150616
DTXSID00236246	DTXSID00276107 DTXSID70669921 DTXSID40210747 DTXSID10677181 DTXSID80211511 DTXSID70317990 DTXSID70399812 DTXSID40880989 DTXSID80237610 DTXSID80752378 DTXSID60282305 DTXSID40193041 DTXSID30158189 DTXSID30694012 DTXSID60710279 DTXSID8070960 DTXSID80768252 DTXSID40880500 DTXSID2070421 DTXSID20887799
DTXSID10402339	DTXSID50315570 DTXSID00780936 DTXSID30663066 DTXSID40289039 DTXSID70514285 DTXSID20406161 DTXSID90237247 DTXSID60671553 DTXSID30342460 DTXSID80339067 DTXSID60876965 DTXSID80561528 DTXSID30318428 DTXSID40388536 DTXSID40579149 DTXSID50640314 DTXSID20443399 DTXSID50597576 DTXSID40775609 DTXSID70444013
DTXSID80604707	DTXSID10726820 DTXSID50849961 DTXSID80572891 DTXSID30541491 DTXSID30452775 DTXSID80736618 DTXSID00650544 DTXSID60217359 DTXSID40588413 DTXSID40657274 DTXSID20485012 DTXSID90185370 DTXSID30287620 DTXSID10364382 DTXSID9021712 DTXSID30553130 DTXSID50433142 DTXSID60284824 DTXSID10325094 DTXSID50833688
DTXSID50786221	DTXSID20459137 DTXSID30340426 DTXSID80332674 DTXSID10468334 DTXSID20813437 DTXSID60183020 DTXSID60738433 DTXSID70825323 DTXSID00542970 DTXSID80615999 DTXSID40285733 DTXSID60219237 DTXSID60339080 DTXSID80531281 DTXSID30402255 DTXSID50224219 DTXSID20203379 DTXSID50568185 DTXSID70203329 DTXSID70507091
DTXSID30838752	DTXSID30747335 DTXSID10177550 DTXSID50722604 DTXSID40693238 DTXSID10810950 DTXSID10292111 DTXSID70799095 DTXSID80424684 DTXSID20143105 DTXSID20384834 DTXSID00299730 DTXSID90353012 DTXSID40188937 DTXSID10675647 DTXSID00646760 DTXSID80176191 DTXSID8060610 DTXSID80143106 DTXSID00274688 DTXSID90595591
DTXSID20443455	DTXSID70531336 DTXSID00816724 DTXSID70507091 DTXSID20203379 DTXSID10825483 DTXSID90825320 DTXSID60797944 DTXSID50568185 DTXSID60513909 DTXSID00542970 DTXSID70325893 DTXSID60816740 DTXSID70825323 DTXSID80615999 DTXSID70545211 DTXSID60183020 DTXSID90449848 DTXSID90445481 DTXSID8060537 DTXSID40816743
DTXSID70342469	DTXSID40159763 DTXSID40640242 DTXSID90557492 DTXSID90170084 DTXSID90545091 DTXSID60528538 DTXSID10236494 DTXSID30482754 DTXSID40204681 DTXSID70591172 DTXSID00540491 DTXSID50609340 DTXSID40555726 DTXSID5062425 DTXSID80437496 DTXSID30441386 DTXSID90497925 DTXSID00827012 DTXSID50512320 DTXSID20406242
DTXSID10771512	DTXSID70639043 DTXSID40711249 DTXSID10834934 DTXSID70808616 DTXSID10738281 DTXSID80817239 DTXSID30813064 DTXSID80204468 DTXSID50528623 DTXSID60790112 DTXSID10592128 DTXSID70716782 DTXSID70675345 DTXSID30514509 DTXSID50405900 DTXSID70459546 DTXSID50766987 DTXSID30479306 DTXSID80552597 DTXSID30503079
DTXSID60340757	DTXSID00789267 DTXSID30816732 DTXSID80341685 DTXSID10710087 DTXSID30342228 DTXSID80414949 DTXSID10324880 DTXSID80615474 DTXSID10511839 DTXSID90804832 DTXSID80341660 DTXSID40767706 DTXSID40718177 DTXSID00816744 DTXSID40341666 DTXSID30816737 DTXSID40341661 DTXSID70477528 DTXSID20794979 DTXSID10347973
DTXSID40706150	DTXSID50374804 DTXSID90443664 DTXSID50354621 DTXSID90743974 DTXSID10316184 DTXSID00696205 DTXSID30760367 DTXSID10305598 DTXSID60385961 DTXSID70392484 DTXSID70145831 DTXSID30585375 DTXSID10170304 DTXSID90407241 DTXSID30460875 DTXSID30579375 DTXSID1066786 DTXSID30836834 DTXSID70449649 DTXSID00536894
DTXSID70314323	DTXSID50808230 DTXSID30194007 DTXSID70810991 DTXSID20705520 DTXSID40701504 DTXSID10494698 DTXSID50497865 DTXSID90396222 DTXSID50623167 DTXSID60840989 DTXSID50289141 DTXSID30555654 DTXSID50812953 DTXSID70177935 DTXSID40319300 DTXSID20624964 DTXSID40398938 DTXSID80791540 DTXSID90452650 DTXSID40646461
DTXSID30782468	DTXSID50722189 DTXSID50369735 DTXSID30363675 DTXSID80178953 DTXSID10475068 DTXSID10365950 DTXSID90694856 DTXSID10682417 DTXSID10646473 DTXSID20646505 DTXSID90618092 DTXSID60214045 DTXSID80724732 DTXSID30478859 DTXSID80681992 DTXSID20415399 DTXSID20708778 DTXSID80573166 DTXSID50726783 DTXSID10693482
DTXSID20752594	DTXSID70404955 DTXSID00182673 DTXSID00282965 DTXSID50524701 DTXSID70402698 DTXSID40285339 DTXSID80531529 DTXSID60712218 DTXSID70783414 DTXSID70424719 DTXSID50712227 DTXSID00887994 DTXSID30651201 DTXSID50597576 DTXSID50474550 DTXSID10561910 DTXSID30485028 DTXSID00603050 DTXSID9065364 DTXSID0064672
DTXSID90816733	DTXSID30326104 DTXSID60749342 DTXSID10400032 DTXSID90286816 DTXSID40675236 DTXSID00275099 DTXSID10605045 DTXSID90533897 DTXSID80783304 DTXSID80633759 DTXSID50832151 DTXSID10767637 DTXSID10587852 DTXSID40802964 DTXSID30851466 DTXSID80885913 DTXSID40816728 DTXSID90674855 DTXSID20604387 DTXSID40773347
DTXSID50590148	DTXSID10589215 DTXSID20743427 DTXSID10712061 DTXSID20756335 DTXSID60674165 DTXSID90823164 DTXSID40676763 DTXSID60813476 DTXSID30243488 DTXSID40724470 DTXSID80552653 DTXSID40693233 DTXSID50662894 DTXSID30744627 DTXSID30694279 DTXSID10847428 DTXSID20778618 DTXSID40656404 DTXSID10654715 DTXSID40577988
DTXSID90524487	DTXSID80289457 DTXSID00502372 DTXSID90719896 DTXSID90877561 DTXSID90707511 DTXSID00418545 DTXSID40546452 DTXSID20830144 DTXSID90585831 DTXSID00651859 DTXSID10481523 DTXSID50542425 DTXSID30734205 DTXSID40325042 DTXSID30558746 DTXSID20503528 DTXSID40289458 DTXSID70223906 DTXSID9073628 DTXSID50497183
DTXSID40847931	DTXSID10166560 DTXSID80761743 DTXSID60657655 DTXSID3064437 DTXSID7062829 DTXSID80755203 DTXSID20544754 DTXSID60827836 DTXSID10767839 DTXSID80435174 DTXSID90759777 DTXSID30710786 DTXSID7072040 DTXSID00181227 DTXSID20242945 DTXSID80336930 DTXSID9060780 DTXSID50782980 DTXSID30561457 DTXSID50767838
DTXSID60284824	DTXSID90185572 DTXSID40674385 DTXSID80572891 DTXSID60856080 DTXSID60217359 DTXSID60365844 DTXSID40454922 DTXSID30452775 DTXSID40588413 DTXSID80736618 DTXSID10309233 DTXSID10581315 DTXSID10826758 DTXSID70408539 DTXSID70461260 DTXSID70203107 DTXSID80604707 DTXSID60842746 DTXSID30378360 DTXSID40161003
DTXSID30536807	DTXSID50197510 DTXSID30586246 DTXSID70578327 DTXSID80757646 DTXSID10436856 DTXSID00739949 DTXSID30327237 DTXSID70550401 DTXSID00192772 DTXSID20352992 DTXSID90509411 DTXSID50738568 DTXSID00504730 DTXSID20424360 DTXSID40846969 DTXSID20170274 DTXSID70614779 DTXSID20629833 DTXSID60609316 DTXSID50388229
DTXSID40642428	DTXSID70554121 DTXSID0052386 DTXSID2052360 DTXSID70509818 DTXSID30164543 DTXSID50705750 DTXSID30642376 DTXSID60527743 DTXSID80790533 DTXSID50538186 DTXSID80753941 DTXSID90845982 DTXSID80694441 DTXSID10189714 DTXSID30620730 DTXSID00489694 DTXSID00876525 DTXSID70226876 DTXSID20364550 DTXSID40642064
DTXSID10443666	DTXSID90759515 DTXSID50562800 DTXSID00202365 DTXSID4047541 DTXSID90291501 DTXSID00445639 DTXSID20627495 DTXSID00652780 DTXSID90707415 DTXSID50343292 DTXSID70849923 DTXSID90339295 DTXSID50460438 DTXSID00171840 DTXSID50425022 DTXSID70167255 DTXSID30596148 DTXSID10214196 DTXSID10439620 DTXSID20456106
DTXSID40181286	DTXSID10743870 DTXSID50381154 DTXSID20776795 DTXSID30170023 DTXSID60532291 DTXSID00503940 DTXSID80180798 DTXSID20680621 DTXSID50623586 DTXSID50420133 DTXSID30855843 DTXSID10352183 DTXSID90185370 DTXSID10309233 DTXSID70584923 DTXSID30452775 DTXSID00485015 DTXSID10325094 DTXSID9021712 DTXSID40454922
DTXSID90651949	DTXSID70607621 DTXSID40712251 DTXSID60715926 DTXSID60829037 DTXSID20579541 DTXSID80514418 DTXSID40222441 DTXSID70496976 DTXSID7041334 DTXSID10617749 DTXSID50186702 DTXSID80320612 DTXSID00490846 DTXSID00308578 DTXSID00681590 DTXSID20542811 DTXSID10219323 DTXSID70701077 DTXSID90697367 DTXSID70320828
DTXSID7072337	DTXSID30192063 DTXSID20783666 DTXSID40148874 DTXSID10403184 DTXSID30148863 DTXSID50214771 DTXSID00886881 DTXSID00866926 DTXSID50816451 DTXSID90278413 DTXSID40662500 DTXSID40219538 DTXSID20336777 DTXSID20514871 DTXSID40637430 DTXSID40473875 DTXSID30815164 DTXSID70574283 DTXSID00527000 DTXSID20719162
DTXSID90610334	DTXSID00324278 DTXSID70425009 DTXSID20873839 DTXSID70895425 DTXSID70441289 DTXSID70895420 DTXSID20594416 DTXSID20189422 DTXSID30593753 DTXSID30878370 DTXSID40615076 DTXSID70746584 DTXSID50830455 DTXSID10648912 DTXSID90415609 DTXSID60243779 DTXSID00769261 DTXSID70243780 DTXSID6039685 DTXSID40329005
DTXSID80309280	DTXSID80675952 DTXSID60390070 DTXSID50833486 DTXSID30528383 DTXSID00463292 DTXSID80875894 DTXSID90734423 DTXSID20445318 DTXSID60239536 DTXSID50610633 DTXSID10442477 DTXSID40725124 DTXSID20239537 DTXSID80742315 DTXSID00434109 DTXSID20566037 DTXSID90443725 DTXSID10525294 DTXSID60182598 DTXSID50293460
DTXSID90812856	DTXSID50846172 DTXSID80472908 DTXSID90699861 DTXSID50440356 DTXSID40641294 DTXSID50549631 DTXSID70891442 DTXSID00406381 DTXSID70815446 DTXSID00457217 DTXSID60631637 DTXSID60290586 DTXSID90799633 DTXSID00641295 DTXSID90767079 DTXSID20745421 DTXSID70280852 DTXSID30374882 DTXSID60589644 DTXSID80538619
DTXSID30408717	DTXSID40838642 DTXSID90796788 DTXSID60813436 DTXSID60880764 DTXSID10770565 DTXSID40462365 DTXSID00794972 DTXSID80783304 DTXSID00161882 DTXSID00625252 DTXSID40455499 DTXSID90533897 DTXSID90286816 DTXSID90445481 DTXSID50816739 DTXSID90283522 DTXSID40773347 DTXSID00819290 DTXSID70709896 DTXSID20535622
DTXSID90303658	DTXSID30818135 DTXSID00292206 DTXSID40278382 DTXSID10734102 DTXSID40516559 DTXSID40664842 DTXSID90301614 DTXSID40309307 DTXSID90352964 DTXSID90290453 DTXSID40309645 DTXSID80563204 DTXSID50518761 DTXSID70288813 DTXSID40439279 DTXSID40171566 DTXSID10606431 DTXSID70365476 DTXSID30400852 DTXSID10579757
DTXSID80563507	DTXSID60608324 DTXSID70344100 DTXSID10444037 DTXSID00502857 DTXSID50534365 DTXSID00429050 DTXSID20356910 DTXSID80879731 DTXSID80489637 DTXSID40560350 DTXSID10749877 DTXSID70486135 DTXSID00201636 DTXSID10604336 DTXSID60204269 DTXSID70516784 DTXSID60735008 DTXSID20519503 DTXSID50556547 DTXSID70463027
DTXSID40444308	DTXSID50372082 DTXSID40520530 DTXSID00281054 DTXSID20429017 DTXSID80291934 DTXSID40593845 DTXSID20509202 DTXSID80378471 DTXSID70619067 DTXSID10506922 DTXSID40808289 DTXSID20534998 DTXSID50629068 DTXSID90574381 DTXSID30672274 DTXSID20431074 DTXSID40429296 DTXSID10661166 DTXSID00622867 DTXSID00769246
DTXSID10182402	DTXSID20197946 DTXSID70277929 DTXSID80596936 DTXSID60198210 DTXSID40563927 DTXSID80655517 DTXSID50572621 DTXSID70352922 DTXSID90573197 DTXSID20797460 DTXSID10609068 DTXSID50614151 DTXSID50742145 DTXSID10238155 DTXSID10560827 DTXSID10610316 DTXSID50742761 DTXSID50481880 DTXSID80827696 DTXSID70341755
DTXSID90567016	DTXSID90457286 DTXSID60705544 DTXSID40556990 DTXSID90362422 DTXSID90450050 DTXSID40508934 DTXSID70671842 DTXSID70243846 DTXSID90396409 DTXSID10590482 DTXSID60496546 DTXSID60497452 DTXSID70721139 DTXSID50678379 DTXSID70782861 DTXSID60802643 DTXSID80354715 DTXSID00511085 DTXSID50524963 DTXSID40650068
DTXSID00739525	DTXSID60400325 DTXSID80428662 DTXSID00742973 DTXSID80323406 DTXSID20876507 DTXSID90383692 DTXSID60373803 DTXSID30628918 DTXSID60589644 DTXSID50623344 DTXSID40433691 DTXSID20193125 DTXSID10875943 DTXSID30853743 DTXSID30824690 DTXSID20626029 DTXSID00722331 DTXSID40545147 DTXSID40629214 DTXSID20631638
DTXSID80787605	DTXSID80196773 DTXSID80538619 DTXSID20408685 DTXSID20193125 DTXSID90767079 DTXSID30628918 DTXSID80428662 DTXSID60400325 DTXSID60631637 DTXSID60373803 DTXSID60589644 DTXSID00742973 DTXSID1067833 DTXSID00314154 DTXSID40629214 DTXSID00832287 DTXSID00739525 DTXSID10584765 DTXSID70815446 DTXSID70725612
DTXSID90149336	DTXSID60395929 DTXSID40616866 DTXSID20375085 DTXSID60438865 DTXSID90608771 DTXSID8066975 DTXSID50795277 DTXSID80375086 DTXSID50632259 DTXSID80591547 DTXSID40425995 DTXSID90182581 DTXSID10679943 DTXSID40282005 DTXSID50280274 DTXSID20311463 DTXSID70598666 DTXSID20360335 DTXSID10478554 DTXSID10640052
DTXSID70401363	DTXSID00571407 DTXSID30787852 DTXSID70876658 DTXSID70173750 DTXSID90469167 DTXSID10212470 DTXSID30778189 DTXSID90429862 DTXSID90479908 DTXSID60206622 DTXSID20718973 DTXSID90609682 DTXSID70332567 DTXSID70212375 DTXSID30616810 DTXSID70695260 DTXSID30537839 DTXSID70364525 DTXSID90799638 DTXSID90542803
DTXSID40365680	DTXSID00371429 DTXSID20567600 DTXSID10729396 DTXSID50650554 DTXSID30420671 DTXSID70282316 DTXSID40708639 DTXSID80405837 DTXSID60812722 DTXSID7073771 DTXSID50879364 DTXSID10842453 DTXSID90701110 DTXSID60298688 DTXSID60661651 DTXSID10652953 DTXSID90753492 DTXSID00576553 DTXSID60784278 DTXSID10645244
DTXSID40852060	DTXSID10292631 DTXSID70716782 DTXSID70675345 DTXSID30886990 DTXSID80830084 DTXSID70639043 DTXSID30479306 DTXSID70808616 DTXSID20159342 DTXSID80241717 DTXSID10771512 DTXSID20798912 DTXSID30377777 DTXSID40406623 DTXSID80817239 DTXSID50437584 DTXSID40510597 DTXSID10811083 DTXSID40711249 DTXSID50853381
DTXSID40417799	DTXSID60511480 DTXSID60822902 DTXSID80195024 DTXSID00752951 DTXSID40195666 DTXSID10886074 DTXSID10699585 DTXSID00826560 DTXSID70785392 DTXSID90602057 DTXSID30147033 DTXSID00699514 DTXSID80546739 DTXSID70450674 DTXSID80468609 DTXSID00793728 DTXSID10890999 DTXSID10202674 DTXSID80278447 DTXSID50767838
DTXSID10614374	DTXSID40663259 DTXSID90670418 DTXSID90437447 DTXSID00635871 DTXSID70879705 DTXSID30614917 DTXSID80158139 DTXSID80364511 DTXSID30375718 DTXSID30275143 DTXSID10705317 DTXSID70492352 DTXSID50768289 DTXSID70290799 DTXSID20318553 DTXSID10749731 DTXSID70180323 DTXSID80564074 DTXSID50211245 DTXSID0025442
DTXSID20198872	DTXSID90624390 DTXSID80422327 DTXSID2025428 DTXSID20807311 DTXSID60664203 DTXSID90805602 DTXSID00501441 DTXSID30742365 DTXSID50208236 DTXSID30527699 DTXSID20294540 DTXSID80635137 DTXSID80618041 DTXSID30740462 DTXSID30311434 DTXSID50849249 DTXSID10742747 DTXSID20856622 DTXSID50494697 DTXSID80465552
DTXSID50171916	DTXSID20170390 DTXSID10816412 DTXSID30356901 DTXSID90622311 DTXSID20720415 DTXSID80603790 DTXSID70440333 DTXSID50627988 DTXSID50630316 DTXSID60170258 DTXSID20391366 DTXSID80234861 DTXSID50210571 DTXSID70214475 DTXSID20618065 DTXSID80196273 DTXSID80724191 DTXSID40757627 DTXSID30427584 DTXSID30378406
DTXSID40891611	DTXSID90310140 DTXSID90223180 DTXSID70349170 DTXSID20345869 DTXSID40614266 DTXSID90803582 DTXSID40295377 DTXSID50738205 DTXSID10676997 DTXSID40484168 DTXSID90143531 DTXSID6046264 DTXSID90602714 DTXSID00822466 DTXSID50290212 DTXSID80384572 DTXSID3048316 DTXSID70324861 DTXSID70195316 DTXSID50447744
DTXSID50872976	DTXSID70143155 DTXSID70170502 DTXSID50471468 DTXSID20735721 DTXSID40835510 DTXSID00458764 DTXSID80142856 DTXSID80867496 DTXSID20719167 DTXSID90447349 DTXSID60541126 DTXSID60678188 DTXSID80694466 DTXSID60598397 DTXSID30442510 DTXSID90560582 DTXSID70697582 DTXSID20605758 DTXSID10771759 DTXSID30217503
DTXSID10647309	DTXSID60499097 DTXSID90445022 DTXSID60471398 DTXSID80756533 DTXSID20675239 DTXSID60887995 DTXSID20454682 DTXSID50423907 DTXSID80399161 DTXSID30308349 DTXSID00203059 DTXSID90284610 DTXSID6070560 DTXSID10534841 DTXSID50858836 DTXSID20554217 DTXSID30839224 DTXSID60834161 DTXSID20525381 DTXSID70502400
DTXSID80775204	DTXSID50296032 DTXSID70832254 DTXSID00406003 DTXSID30447181 DTXSID10405885 DTXSID80791444 DTXSID80289376 DTXSID60174953 DTXSID10521453 DTXSID60287734 DTXSID50345019 DTXSID40855132 DTXSID20791342 DTXSID40720078 DTXSID90497925 DTXSID3058955 DTXSID90767918 DTXSID90316182 DTXSID40397623 DTXSID9058941
DTXSID20284901	DTXSID10739854 DTXSID20704078 DTXSID00241971 DTXSID90313277 DTXSID60151047 DTXSID10210118 DTXSID00182759 DTXSID90291925 DTXSID1063140 DTXSID80767386 DTXSID90478239 DTXSID40744315 DTXSID80502870 DTXSID50361274 DTXSID50763875 DTXSID10786207 DTXSID00342699 DTXSID70443980 DTXSID60646089 DTXSID70594325
DTXSID20509883	DTXSID50728005 DTXSID70877089 DTXSID50527777 DTXSID60716493 DTXSID50709910 DTXSID50354681 DTXSID50621249 DTXSID10482636 DTXSID70241625 DTXSID40462249 DTXSID70276634 DTXSID00225771 DTXSID30567075 DTXSID00444344 DTXSID80502759 DTXSID70559191 DTXSID70359395 DTXSID90477409 DTXSID50174083 DTXSID00186636
DTXSID60307643	DTXSID80428006 DTXSID90847123 DTXSID50283447 DTXSID00736695 DTXSID90594246 DTXSID40390270 DTXSID00307642 DTXSID30646551 DTXSID30618536 DTXSID20436221 DTXSID00739141 DTXSID00211053 DTXSID10694595 DTXSID90403440 DTXSID70650152 DTXSID60442068 DTXSID60383684 DTXSID60610700 DTXSID20223597 DTXSID30725810
DTXSID90801861	DTXSID20887052 DTXSID20323440 DTXSID40672402 DTXSID90448755 DTXSID90666356 DTXSID70510161 DTXSID60496400 DTXSID40488742 DTXSID10421101 DTXSID90602370 DTXSID10777655 DTXSID10876394 DTXSID00385925 DTXSID00538116 DTXSID20495555 DTXSID70346129 DTXSID00848106 DTXSID60417812 DTXSID00679558 DTXSID30791772
DTXSID20474981	DTXSID70607161 DTXSID70376901 DTXSID70727494 DTXSID50217681 DTXSID50538186 DTXSID30560804 DTXSID20790370 DTXSID3074072 DTXSID80790533 DTXSID30164543 DTXSID10465429 DTXSID30642376 DTXSID90513917 DTXSID30620730 DTXSID90630138 DTXSID90400696 DTXSID90694497 DTXSID20316433 DTXSID90768041 DTXSID50576684
DTXSID00619277	DTXSID90554466 DTXSID4061254 DTXSID90499641 DTXSID70828773 DTXSID90205022 DTXSID10673906 DTXSID30730641 DTXSID30540282 DTXSID50694473 DTXSID70524783 DTXSID10771759 DTXSID10470412 DTXSID70542023 DTXSID90715717 DTXSID10586047 DTXSID20378677 DTXSID00304090 DTXSID60744317 DTXSID70221826 DTXSID80572896
DTXSID90755017	DTXSID70425867 DTXSID60809374 DTXSID80588290 DTXSID10850376 DTXSID10642415 DTXSID60277534 DTXSID30589373 DTXSID50160981 DTXSID30675508 DTXSID80406844 DTXSID00317766 DTXSID20424284 DTXSID60597325 DTXSID60702573 DTXSID30729499 DTXSID60694580 DTXSID10606552 DTXSID90634530 DTXSID10343531 DTXSID40596295
DTXSID6024337	DTXSID90280672 DTXSID40854463 DTXSID40877591 DTXSID90280854 DTXSID20587863 DTXSID80524375 DTXSID70720440 DTXSID40358330 DTXSID00240863 DTXSID50788008 DTXSID20708556 DTXSID10480899 DTXSID40547121 DTXSID20323662 DTXSID70790249 DTXSID70607868 DTXSID70496097 DTXSID70333716 DTXSID90728665 DTXSID20739229
DTXSID3060667	DTXSID30662498 DTXSID70848835 DTXSID60874628 DTXSID10470659 DTXSID80709549 DTXSID00854782 DTXSID00813511 DTXSID10448999 DTXSID90738901 DTXSID40719149 DTXSID30336223 DTXSID10606310 DTXSID90751271 DTXSID00504311 DTXSID60430268 DTXSID80241994 DTXSID30385716 DTXSID20701062 DTXSID50655685 DTXSID50378827
DTXSID00878988	DTXSID30303394 DTXSID20578493 DTXSID90819507 DTXSID30525099 DTXSID20228325 DTXSID40791602 DTXSID90794901 DTXSID80780196 DTXSID60879719 DTXSID90224076 DTXSID10820953 DTXSID20372958 DTXSID40611154 DTXSID70548964 DTXSID00576694 DTXSID20676827 DTXSID20852583 DTXSID40555903 DTXSID80456122 DTXSID50315232
DTXSID40463534	DTXSID70457502 DTXSID40313489 DTXSID60401190 DTXSID50609784 DTXSID30359270 DTXSID00348297 DTXSID20879376 DTXSID00835551 DTXSID10383811 DTXSID30519731 DTXSID40628489 DTXSID00196871 DTXSID90333915 DTXSID90857282 DTXSID30550669 DTXSID90352929 DTXSID00810742 DTXSID10555854 DTXSID20702812 DTXSID30618374
DTXSID00485015	DTXSID60532291 DTXSID40513381 DTXSID70584923 DTXSID20485012 DTXSID40588413 DTXSID80736618 DTXSID60569264 DTXSID60217359 DTXSID90185370 DTXSID40313303 DTXSID10474798 DTXSID10826758 DTXSID40181286 DTXSID70397570 DTXSID30395633 DTXSID80572891 DTXSID80180798 DTXSID1071743 DTXSID60856080 DTXSID30452775
DTXSID70621009	DTXSID70762047 DTXSID80813019 DTXSID20352412 DTXSID10734783 DTXSID50600110 DTXSID00442188 DTXSID10199636 DTXSID80237675 DTXSID00748011 DTXSID90380404 DTXSID70652434 DTXSID10579717 DTXSID10712889 DTXSID50153176 DTXSID80780792 DTXSID10814695 DTXSID60875877 DTXSID40561645 DTXSID40570439 DTXSID20151705
DTXSID30616294	DTXSID60703924 DTXSID50290232 DTXSID10291689 DTXSID30482714 DTXSID30400852 DTXSID20831939 DTXSID80199264 DTXSID40230809 DTXSID90354903 DTXSID40752753 DTXSID70539892 DTXSID00567820 DTXSID30489420 DTXSID40660980 DTXSID40309645 DTXSID20183001 DTXSID00768471 DTXSID50518761 DTXSID00323105 DTXSID40535245
DTXSID50694498	DTXSID00428568 DTXSID5070232 DTXSID20185808 DTXSID30819304 DTXSID00612400 DTXSID90796884 DTXSID10590381 DTXSID30526586 DTXSID10715779 DTXSID90179991 DTXSID80637257 DTXSID10772928 DTXSID30594280 DTXSID00355729 DTXSID00678208 DTXSID70759654 DTXSID00802182 DTXSID70477947 DTXSID90768723 DTXSID10157478
DTXSID80753441	DTXSID60876142 DTXSID50388749 DTXSID50640374 DTXSID00179881 DTXSID40276348 DTXSID70299606 DTXSID30874115 DTXSID90502841 DTXSID30542463 DTXSID00710657 DTXSID70288277 DTXSID20288681 DTXSID90178368 DTXSID3068126 DTXSID00559806 DTXSID70589478 DTXSID40490688 DTXSID50559694 DTXSID60551285 DTXSID40454326
DTXSID40474802	DTXSID80769784 DTXSID70584509 DTXSID80365068 DTXSID50196109 DTXSID00611953 DTXSID80774393 DTXSID00514839 DTXSID20880629 DTXSID90467087 DTXSID50639965 DTXSID00505505 DTXSID30376220 DTXSID30341251 DTXSID70711292 DTXSID60704259 DTXSID10508168 DTXSID40322596 DTXSID10637523 DTXSID70508063 DTXSID8069565
DTXSID70733717	DTXSID40243454 DTXSID40775765 DTXSID70191611 DTXSID90649245 DTXSID70754826 DTXSID70452633 DTXSID50345716 DTXSID50218754 DTXSID20640624 DTXSID50810676 DTXSID80649850 DTXSID70660978 DTXSID60646943 DTXSID50805002 DTXSID00398893 DTXSID70196484 DTXSID40829772 DTXSID30876518 DTXSID20559702 DTXSID10525991
DTXSID6023315	DTXSID50467003 DTXSID30625664 DTXSID10658632 DTXSID80820804 DTXSID00223095 DTXSID40570439 DTXSID30207525 DTXSID40529149 DTXSID70375095 DTXSID10506866 DTXSID40674724 DTXSID50174189 DTXSID30280515 DTXSID30279207 DTXSID00604345 DTXSID60594132 DTXSID50509992 DTXSID00568731 DTXSID50600110 DTXSID80635011
DTXSID40474807	DTXSID0052330 DTXSID80283036 DTXSID30167256 DTXSID30403904 DTXSID80611870 DTXSID20876587 DTXSID50596322 DTXSID00236589 DTXSID70780766 DTXSID80407033 DTXSID00564713 DTXSID60586193 DTXSID20571666 DTXSID70814070 DTXSID60740637 DTXSID10794029 DTXSID20792955 DTXSID80290523 DTXSID70645881 DTXSID10448853
DTXSID10189714	DTXSID50705750 DTXSID80753941 DTXSID50293203 DTXSID10497361 DTXSID30828774 DTXSID40399561 DTXSID80889294 DTXSID60818047 DTXSID70509818 DTXSID60192233 DTXSID40796495 DTXSID40207955 DTXSID10556700 DTXSID40791662 DTXSID70226876 DTXSID40642428 DTXSID70554121 DTXSID00489694 DTXSID00468308 DTXSID30287165
DTXSID10280790	DTXSID20372933 DTXSID50604173 DTXSID40415917 DTXSID70478257 DTXSID60707361 DTXSID50596746 DTXSID30180824 DTXSID00196871 DTXSID80686346 DTXSID8024787 DTXSID20324518 DTXSID70788262 DTXSID30306426 DTXSID00720635 DTXSID20857154 DTXSID40628489 DTXSID00547167 DTXSID60500859 DTXSID50274133 DTXSID3068592
DTXSID10444037	DTXSID80879731 DTXSID20519503 DTXSID60608324 DTXSID30356764 DTXSID70516784 DTXSID50285047 DTXSID00429050 DTXSID40560350 DTXSID80563507 DTXSID10749877 DTXSID20356910 DTXSID70486135 DTXSID70219369 DTXSID20405275 DTXSID80489637 DTXSID50651021 DTXSID30300383 DTXSID20403610 DTXSID60735008 DTXSID60204269
DTXSID00338097	DTXSID30628054 DTXSID70551236 DTXSID20464706 DTXSID60876905 DTXSID20492625 DTXSID40667575 DTXSID5059296 DTXSID50561439 DTXSID70733212 DTXSID50221364 DTXSID20339268 DTXSID80392859 DTXSID30402356 DTXSID80485139 DTXSID20728537 DTXSID70503573 DTXSID00448923 DTXSID40511105 DTXSID90738966 DTXSID90825244
DTXSID70186380	DTXSID00447830 DTXSID10558300 DTXSID90767216 DTXSID60172090 DTXSID4059251 DTXSID10876652 DTXSID20677536 DTXSID30806976 DTXSID80561866 DTXSID20465778 DTXSID10455688 DTXSID10672419 DTXSID40415351 DTXSID00431456 DTXSID90794901 DTXSID40786952 DTXSID10223829 DTXSID00576694 DTXSID10188005 DTXSID00588297
DTXSID20557243	DTXSID90719593 DTXSID80604368 DTXSID10462332 DTXSID90782323 DTXSID90306669 DTXSID10771234 DTXSID80496346 DTXSID90171536 DTXSID30306668 DTXSID00770579 DTXSID30446093 DTXSID40330590 DTXSID50340226 DTXSID60785886 DTXSID90283522 DTXSID60340732 DTXSID00819290 DTXSID60764858 DTXSID40574018 DTXSID40455499
DTXSID20393249	DTXSID50628091 DTXSID50361411 DTXSID70538885 DTXSID40713743 DTXSID90551056 DTXSID70373576 DTXSID80588038 DTXSID90739897 DTXSID50667344 DTXSID80470843 DTXSID60734490 DTXSID30717210 DTXSID00876287 DTXSID20846467 DTXSID10148321 DTXSID10572809 DTXSID30422675 DTXSID10517912 DTXSID40809650 DTXSID10303695
DTXSID80597680	DTXSID10840459 DTXSID30176383 DTXSID30423223 DTXSID70344408 DTXSID30440298 DTXSID40299517 DTXSID40681458 DTXSID70176387 DTXSID90341590 DTXSID20417838 DTXSID00165183 DTXSID20441052 DTXSID60424440 DTXSID20460561 DTXSID90552402 DTXSID90595591 DTXSID60545866 DTXSID60388351 DTXSID00567360 DTXSID60299094
DTXSID40762559	DTXSID40589445 DTXSID80407917 DTXSID20590216 DTXSID90427267 DTXSID10364706 DTXSID50896096 DTXSID10406059 DTXSID20478000 DTXSID80346776 DTXSID50684233 DTXSID50818117 DTXSID50286771 DTXSID60359485 DTXSID2060387 DTXSID00571028 DTXSID90585790 DTXSID30828991 DTXSID40144179 DTXSID50374208 DTXSID50853664
DTXSID40594852	DTXSID60593084 DTXSID20794818 DTXSID30624394 DTXSID00421579 DTXSID1023233 DTXSID00307723 DTXSID70571636 DTXSID20873935 DTXSID10808392 DTXSID20453190 DTXSID10318623 DTXSID70747839 DTXSID30584969 DTXSID40467916 DTXSID3061683 DTXSID00234328 DTXSID30748145 DTXSID90322162 DTXSID30725678 DTXSID70284875
DTXSID60388210	DTXSID80192573 DTXSID50392285 DTXSID30817789 DTXSID40780334 DTXSID90663466 DTXSID40655230 DTXSID00488824 DTXSID80593541 DTXSID70494230 DTXSID40311142 DTXSID10609765 DTXSID50190364 DTXSID60813951 DTXSID80224782 DTXSID80684347 DTXSID40719260 DTXSID30572083 DTXSID30857029 DTXSID80733122 DTXSID60512533
DTXSID00527000	DTXSID50816451 DTXSID40473875 DTXSID10744741 DTXSID30155633 DTXSID10403184 DTXSID50214771 DTXSID60469452 DTXSID30174849 DTXSID20336777 DTXSID00767500 DTXSID90278413 DTXSID30579431 DTXSID30704064 DTXSID90693561 DTXSID70800130 DTXSID00854782 DTXSID80241994 DTXSID30192063 DTXSID20797647 DTXSID10658374
DTXSID60388215	DTXSID50404352 DTXSID1040247 DTXSID80437850 DTXSID20752115 DTXSID40601636 DTXSID20837451 DTXSID50718047 DTXSID1068300 DTXSID70399014 DTXSID80766536 DTXSID20801632 DTXSID80275835 DTXSID40194710 DTXSID1070856 DTXSID20814500 DTXSID80814501 DTXSID90423986 DTXSID50771354 DTXSID70477361 DTXSID50552443
DTXSID40521749	DTXSID40324499 DTXSID50576785 DTXSID90874217 DTXSID90788047 DTXSID90501531 DTXSID40395861 DTXSID80569645 DTXSID70333175 DTXSID80240427 DTXSID10448853 DTXSID60417812 DTXSID30709812 DTXSID00720559 DTXSID70182509 DTXSID20571666 DTXSID20495555 DTXSID50627362 DTXSID10439620 DTXSID50596322 DTXSID60482388
DTXSID30790189	DTXSID00509528 DTXSID20768771 DTXSID40741864 DTXSID70642214 DTXSID80534075 DTXSID50885905 DTXSID10468758 DTXSID70519199 DTXSID40695111 DTXSID20747682 DTXSID60390353 DTXSID50802031 DTXSID00443695 DTXSID40326736 DTXSID30549811 DTXSID70436675 DTXSID30400877 DTXSID40694422 DTXSID10398708 DTXSID90873624
DTXSID40676763	DTXSID60674165 DTXSID40724470 DTXSID20743427 DTXSID90823164 DTXSID50662894 DTXSID80552653 DTXSID40656404 DTXSID10712061 DTXSID10654715 DTXSID50590148 DTXSID7063421 DTXSID10847428 DTXSID40346691 DTXSID20756335 DTXSID70392924 DTXSID80825970 DTXSID10629923 DTXSID00681696 DTXSID40693233 DTXSID20778618
DTXSID90875986	DTXSID30225941 DTXSID30203209 DTXSID10295283 DTXSID80346397 DTXSID10223061 DTXSID90169897 DTXSID20857659 DTXSID00153121 DTXSID50160901 DTXSID20837330 DTXSID90708543 DTXSID80367027 DTXSID90310120 DTXSID00145566 DTXSID3037543 DTXSID30677421 DTXSID20646944 DTXSID10590306 DTXSID60178936 DTXSID90635143
DTXSID40660980	DTXSID30489420 DTXSID40230809 DTXSID00768471 DTXSID20831939 DTXSID1044932 DTXSID90235405 DTXSID50290232 DTXSID40629370 DTXSID60703924 DTXSID40752753 DTXSID30616294 DTXSID80187787 DTXSID30400852 DTXSID40535245 DTXSID60618928 DTXSID50848459 DTXSID10291689 DTXSID70715619 DTXSID40443371 DTXSID30642235
DTXSID50370902	DTXSID00278323 DTXSID00705785 DTXSID50436633 DTXSID60222746 DTXSID40811253 DTXSID60842544 DTXSID70589837 DTXSID30836834 DTXSID20146696 DTXSID80788253 DTXSID50812918 DTXSID50335233 DTXSID10313815 DTXSID20732210 DTXSID80589808 DTXSID30558488 DTXSID80700798 DTXSID50178708 DTXSID00541362 DTXSID60211832
DTXSID00522010	DTXSID50627362 DTXSID10374446 DTXSID50500126 DTXSID80569645 DTXSID90324500 DTXSID70510161 DTXSID10777655 DTXSID20332552 DTXSID60482388 DTXSID20174712 DTXSID60417812 DTXSID40672402 DTXSID90344864 DTXSID10876394 DTXSID90666356 DTXSID20307866 DTXSID00679558 DTXSID70333175 DTXSID20495555 DTXSID40724556
DTXSID0075027	DTXSID60146670 DTXSID70781576 DTXSID80891978 DTXSID8070417 DTXSID90554224 DTXSID90298272 DTXSID40821493 DTXSID90591033 DTXSID40705946 DTXSID30821189 DTXSID40501107 DTXSID50774446 DTXSID6039685 DTXSID00853295 DTXSID00769261 DTXSID30707813 DTXSID40828008 DTXSID80708279 DTXSID40220346 DTXSID80853470
DTXSID20216883	DTXSID90668739 DTXSID30734048 DTXSID20364156 DTXSID90227249 DTXSID50425981 DTXSID70424335 DTXSID00403279 DTXSID90694952 DTXSID90708402 DTXSID70618696 DTXSID90810493 DTXSID20323405 DTXSID4068533 DTXSID80604000 DTXSID00645617 DTXSID70383670 DTXSID20629833 DTXSID40380191 DTXSID30234336 DTXSID40645570
DTXSID70483129	DTXSID90187117 DTXSID70548464 DTXSID50493443 DTXSID90286437 DTXSID70377711 DTXSID60179903 DTXSID40705360 DTXSID00442062 DTXSID50571472 DTXSID10560827 DTXSID30453484 DTXSID40321226 DTXSID30199118 DTXSID30642134 DTXSID00571482 DTXSID10241407 DTXSID70458695 DTXSID50434311 DTXSID10238155 DTXSID30315977
DTXSID50520026	DTXSID0051318 DTXSID60337061 DTXSID50281206 DTXSID10439589 DTXSID20183980 DTXSID3059268 DTXSID40459098 DTXSID60285093 DTXSID20290961 DTXSID90451623 DTXSID60343788 DTXSID90388046 DTXSID60849235 DTXSID70202817 DTXSID90642514 DTXSID20728537 DTXSID1063512 DTXSID60742575 DTXSID00509104 DTXSID50321555
DTXSID60885815	DTXSID20661910 DTXSID30596103 DTXSID4020953 DTXSID00710011 DTXSID50608176 DTXSID50602750 DTXSID60646468 DTXSID00619752 DTXSID60427936 DTXSID90676839 DTXSID20236506 DTXSID90438530 DTXSID80480467 DTXSID30651887 DTXSID20299454 DTXSID10875781 DTXSID40408041 DTXSID20576136 DTXSID10482131 DTXSID40781189
DTXSID70143731	DTXSID70751971 DTXSID30816550 DTXSID20582919 DTXSID40815312 DTXSID40544695 DTXSID50707895 DTXSID70176408 DTXSID80768717 DTXSID40382796 DTXSID00587583 DTXSID60703727 DTXSID40239670 DTXSID80357468 DTXSID50847088 DTXSID00190899 DTXSID10313532 DTXSID50341511 DTXSID20550310 DTXSID90390604 DTXSID80709549
DTXSID70366049	DTXSID20450149 DTXSID50404332 DTXSID50607326 DTXSID90624976 DTXSID50604471 DTXSID60695476 DTXSID70835922 DTXSID50743096 DTXSID60368299 DTXSID30313034 DTXSID60209350 DTXSID30395714 DTXSID90182288 DTXSID30818574 DTXSID00462285 DTXSID70791175 DTXSID30632272 DTXSID40295857 DTXSID30201705 DTXSID00697813
DTXSID80378471	DTXSID40593845 DTXSID50372082 DTXSID80291934 DTXSID40520530 DTXSID30672274 DTXSID10661166 DTXSID00281054 DTXSID40444308 DTXSID20429017 DTXSID10506922 DTXSID00821737 DTXSID80492207 DTXSID20431074 DTXSID70619067 DTXSID90651646 DTXSID20509202 DTXSID20534998 DTXSID50629068 DTXSID90574381 DTXSID40808289
DTXSID40287797	DTXSID1065899 DTXSID10342625 DTXSID80380034 DTXSID30624051 DTXSID00453198 DTXSID20351187 DTXSID10365975 DTXSID60674281 DTXSID00768097 DTXSID00571927 DTXSID80642068 DTXSID40482043 DTXSID00464704 DTXSID00802263 DTXSID20372756 DTXSID00323105 DTXSID80215670 DTXSID00421630 DTXSID00473518 DTXSID40559067
DTXSID30434995	DTXSID10314887 DTXSID20625113 DTXSID40373523 DTXSID00699594 DTXSID50735552 DTXSID90894031 DTXSID70876870 DTXSID00472485 DTXSID80443759 DTXSID80424169 DTXSID30514887 DTXSID50310146 DTXSID60823116 DTXSID80352251 DTXSID0047088 DTXSID30743135 DTXSID30886233 DTXSID80756235 DTXSID80640842 DTXSID00145682
DTXSID50420133	DTXSID30170023 DTXSID50381154 DTXSID20680621 DTXSID10743870 DTXSID30855843 DTXSID90200198 DTXSID10352183 DTXSID50623586 DTXSID40181286 DTXSID20776795 DTXSID80180798 DTXSID10309233 DTXSID10708141 DTXSID00503940 DTXSID50178662 DTXSID40230026 DTXSID10572526 DTXSID20879593 DTXSID40829196 DTXSID40454922
DTXSID50636555	DTXSID60588132 DTXSID00151728 DTXSID30686896 DTXSID50354060 DTXSID30605128 DTXSID30162665 DTXSID70850630 DTXSID30462596 DTXSID00766437 DTXSID80766172 DTXSID20431438 DTXSID30563335 DTXSID50398949 DTXSID80670922 DTXSID90510345 DTXSID80407659 DTXSID80496402 DTXSID20235433 DTXSID50778944 DTXSID20483593
DTXSID60722519	DTXSID80754296 DTXSID70666899 DTXSID90156141 DTXSID00833719 DTXSID10280518 DTXSID10865142 DTXSID70547371 DTXSID50294250 DTXSID80588412 DTXSID10728889 DTXSID60369660 DTXSID80879493 DTXSID60600484 DTXSID70612538 DTXSID70560666 DTXSID30616810 DTXSID60154331 DTXSID40585508 DTXSID20548313 DTXSID10708424
DTXSID90734408	DTXSID80646728 DTXSID50473725 DTXSID30780308 DTXSID50695324 DTXSID00663573 DTXSID90175716 DTXSID20696449 DTXSID20456863 DTXSID50567355 DTXSID40538579 DTXSID70190700 DTXSID50531132 DTXSID10483325 DTXSID80828986 DTXSID40697453 DTXSID50879349 DTXSID80685814 DTXSID40857631 DTXSID00721127 DTXSID20633955
DTXSID90577216	DTXSID90383293 DTXSID80593349 DTXSID30466650 DTXSID20500274 DTXSID10749579 DTXSID40360872 DTXSID30673064 DTXSID80373744 DTXSID60641014 DTXSID60615215 DTXSID10340949 DTXSID00466667 DTXSID30306426 DTXSID30789876 DTXSID40747321 DTXSID80457932 DTXSID10287587 DTXSID40496120 DTXSID00594772 DTXSID10672237
DTXSID40629214	DTXSID30628918 DTXSID30853743 DTXSID30824690 DTXSID50323731 DTXSID00668225 DTXSID00314154 DTXSID80428662 DTXSID80741368 DTXSID40597080 DTXSID60373803 DTXSID60400325 DTXSID80787605 DTXSID80445339 DTXSID00832287 DTXSID00739525 DTXSID30465800 DTXSID90358244 DTXSID30452058 DTXSID50322305 DTXSID80734290
DTXSID10655964	DTXSID70826875 DTXSID00334771 DTXSID90520888 DTXSID30782408 DTXSID40494464 DTXSID4052051 DTXSID70786945 DTXSID30800590 DTXSID90339518 DTXSID80340113 DTXSID70675643 DTXSID20765967 DTXSID80615616 DTXSID60202720 DTXSID30813064 DTXSID10577213 DTXSID90223322 DTXSID90562960 DTXSID00523148 DTXSID20342651
DTXSID90614236	DTXSID00192772 DTXSID50388229 DTXSID70550401 DTXSID10436856 DTXSID50197510 DTXSID30586246 DTXSID30735378 DTXSID40291475 DTXSID40846969 DTXSID80757646 DTXSID00739949 DTXSID90809004 DTXSID20697239 DTXSID30327237 DTXSID20352992 DTXSID90293308 DTXSID30536807 DTXSID10754289 DTXSID30642472 DTXSID00611337
DTXSID70849923	DTXSID00652780 DTXSID00171840 DTXSID90291501 DTXSID4047541 DTXSID90759515 DTXSID20627495 DTXSID10443666 DTXSID20200787 DTXSID00445639 DTXSID90707415 DTXSID00202365 DTXSID10214196 DTXSID50562800 DTXSID50460438 DTXSID70167255 DTXSID50343292 DTXSID60697410 DTXSID20241751 DTXSID10439620 DTXSID90499429
DTXSID60876142	DTXSID70299606 DTXSID80753441 DTXSID50388749 DTXSID90502841 DTXSID00710657 DTXSID40276348 DTXSID50640374 DTXSID00179881 DTXSID70288277 DTXSID10432691 DTXSID00559806 DTXSID30542463 DTXSID90178368 DTXSID70589478 DTXSID40490688 DTXSID3068126 DTXSID00653050 DTXSID50559694 DTXSID30874115 DTXSID80557042
DTXSID50440755	DTXSID80737746 DTXSID40543047 DTXSID20182615 DTXSID90177972 DTXSID60451498 DTXSID00502150 DTXSID50768805 DTXSID50837207 DTXSID70784865 DTXSID20762693 DTXSID90541598 DTXSID40843478 DTXSID4022076 DTXSID50188948 DTXSID60762692 DTXSID10633424 DTXSID30848932 DTXSID00171365 DTXSID10241806 DTXSID60523124
DTXSID70571818	DTXSID10525618 DTXSID00366512 DTXSID70675643 DTXSID50483425 DTXSID10580808 DTXSID20880720 DTXSID90562960 DTXSID10334005 DTXSID70527512 DTXSID90447248 DTXSID80615616 DTXSID70874477 DTXSID30394525 DTXSID20580571 DTXSID30510329 DTXSID90223322 DTXSID30195034 DTXSID70580809 DTXSID00334771 DTXSID00523148
DTXSID50609340	DTXSID30441386 DTXSID20406242 DTXSID30798923 DTXSID60528538 DTXSID90170084 DTXSID80459037 DTXSID90528945 DTXSID00850007 DTXSID30482754 DTXSID80548536 DTXSID30651120 DTXSID40640242 DTXSID90293828 DTXSID90545091 DTXSID20346871 DTXSID5062425 DTXSID70591172 DTXSID60406004 DTXSID40159763 DTXSID90407180
DTXSID70771053	DTXSID40199366 DTXSID70465081 DTXSID10332006 DTXSID90454396 DTXSID70554040 DTXSID3037549 DTXSID60290586 DTXSID40641294 DTXSID50738205 DTXSID00641295 DTXSID50494990 DTXSID10676997 DTXSID10794963 DTXSID00352374 DTXSID10144424 DTXSID40707006 DTXSID90699861 DTXSID80369526 DTXSID70349170 DTXSID80391786
DTXSID70886858	DTXSID80465693 DTXSID20770410 DTXSID90626596 DTXSID70672753 DTXSID50412755 DTXSID00402085 DTXSID10685822 DTXSID40879338 DTXSID30636396 DTXSID60551669 DTXSID30856991 DTXSID00617930 DTXSID10471025 DTXSID60626321 DTXSID40790019 DTXSID70287543 DTXSID40310872 DTXSID60320630 DTXSID50697207 DTXSID50306463
DTXSID40427853	DTXSID60668665 DTXSID70170840 DTXSID20602808 DTXSID20876264 DTXSID00427854 DTXSID70472139 DTXSID90493144 DTXSID50430015 DTXSID80284285 DTXSID80207252 DTXSID40540213 DTXSID90485307 DTXSID40792871 DTXSID60441415 DTXSID50310222 DTXSID20442145 DTXSID70320828 DTXSID40657471 DTXSID50663063 DTXSID10645305
DTXSID50534365	DTXSID00502857 DTXSID10604336 DTXSID60489296 DTXSID80563507 DTXSID00669237 DTXSID00429050 DTXSID50352682 DTXSID60608324 DTXSID00559528 DTXSID80879731 DTXSID20403610 DTXSID40560350 DTXSID80289396 DTXSID80299652 DTXSID80855090 DTXSID70463027 DTXSID10444037 DTXSID20648620 DTXSID00389105 DTXSID70710927
DTXSID10675647	DTXSID00299730 DTXSID20406202 DTXSID90695323 DTXSID8060610 DTXSID90840538 DTXSID10177550 DTXSID60739526 DTXSID50722604 DTXSID30223629 DTXSID30591214 DTXSID10618519 DTXSID10806398 DTXSID40199841 DTXSID00356392 DTXSID30678938 DTXSID50631606 DTXSID30521950 DTXSID20384834 DTXSID30838752 DTXSID5070529
DTXSID50320407	DTXSID70822711 DTXSID00638044 DTXSID70536543 DTXSID30218212 DTXSID50675348 DTXSID80365482 DTXSID70822074 DTXSID90674855 DTXSID50170787 DTXSID20630964 DTXSID80816742 DTXSID20320999 DTXSID80311045 DTXSID60842620 DTXSID00632961 DTXSID80748150 DTXSID5026548 DTXSID90413625 DTXSID70529697 DTXSID20503927
DTXSID20403498	DTXSID50640319 DTXSID70488750 DTXSID60497336 DTXSID10502681 DTXSID30301456 DTXSID70612013 DTXSID80776034 DTXSID60340393 DTXSID50318526 DTXSID70825242 DTXSID20835977 DTXSID10649722 DTXSID70284653 DTXSID00405935 DTXSID30671323 DTXSID50505318 DTXSID20446421 DTXSID20172071 DTXSID10579131 DTXSID90329454
DTXSID30718969	DTXSID10314701 DTXSID40211577 DTXSID60790354 DTXSID10732143 DTXSID70317031 DTXSID70671600 DTXSID40676425 DTXSID60667577 DTXSID90473481 DTXSID20370717 DTXSID30324529 DTXSID50226213 DTXSID30626050 DTXSID70591854 DTXSID30527250 DTXSID80671277 DTXSID60829072 DTXSID60289273 DTXSID50876373 DTXSID80533624
DTXSID00839978	DTXSID90369390 DTXSID10556407 DTXSID20466467 DTXSID6033241 DTXSID20516815 DTXSID80238142 DTXSID70476117 DTXSID00186792 DTXSID10502308 DTXSID90553656 DTXSID90473103 DTXSID60766978 DTXSID00844643 DTXSID90166301 DTXSID1068302 DTXSID70582368 DTXSID40852686 DTXSID50398429 DTXSID00483778 DTXSID50624255
DTXSID20354971	DTXSID40801432 DTXSID80284008 DTXSID40821519 DTXSID20631173 DTXSID40352752 DTXSID90782383 DTXSID30642477 DTXSID80768257 DTXSID80383500 DTXSID00304292 DTXSID70283828 DTXSID70843961 DTXSID30641809 DTXSID90629724 DTXSID90354903 DTXSID60464760 DTXSID10876016 DTXSID10211645 DTXSID00425214 DTXSID70708046
DTXSID70399014	DTXSID20837451 DTXSID40601636 DTXSID80437850 DTXSID80275835 DTXSID1040247 DTXSID40194710 DTXSID80766536 DTXSID1070856 DTXSID50404352 DTXSID0046513 DTXSID60388215 DTXSID60478428 DTXSID50718047 DTXSID20806607 DTXSID20801632 DTXSID50552443 DTXSID80331586 DTXSID6066862 DTXSID80601635 DTXSID20752115
DTXSID60377023	DTXSID00695157 DTXSID80294445 DTXSID60307108 DTXSID40296581 DTXSID30726064 DTXSID20439297 DTXSID80487471 DTXSID10616959 DTXSID00506916 DTXSID50487645 DTXSID70677208 DTXSID90591795 DTXSID00321565 DTXSID80728891 DTXSID90278690 DTXSID60620389 DTXSID30780828 DTXSID10582342 DTXSID40637874 DTXSID70325535
DTXSID60627272	DTXSID80824408 DTXSID20627273 DTXSID60767243 DTXSID90610016 DTXSID30768005 DTXSID80625518 DTXSID70840778 DTXSID20337941 DTXSID60334732 DTXSID20793129 DTXSID40604041 DTXSID60768018 DTXSID10579631 DTXSID60829315 DTXSID00498408 DTXSID10338028 DTXSID60550677 DTXSID40767246 DTXSID40718915 DTXSID60818128
DTXSID50718906	DTXSID40338031 DTXSID60818128 DTXSID20818129 DTXSID40718915 DTXSID40767246 DTXSID90423986 DTXSID50771354 DTXSID70880614 DTXSID00402808 DTXSID70477361 DTXSID50718047 DTXSID10338028 DTXSID60768018 DTXSID20801632 DTXSID60615952 DTXSID30519534 DTXSID50404352 DTXSID6066862 DTXSID60388215 DTXSID60501967
DTXSID10876394	DTXSID10777655 DTXSID90602370 DTXSID90666356 DTXSID70510161 DTXSID40672402 DTXSID20323440 DTXSID80240427 DTXSID60417812 DTXSID20815673 DTXSID40576476 DTXSID70333175 DTXSID20887052 DTXSID40144790 DTXSID20495555 DTXSID60496400 DTXSID90801861 DTXSID90666871 DTXSID10240733 DTXSID40488742 DTXSID80569645
DTXSID60281959	DTXSID30234871 DTXSID50451245 DTXSID00772053 DTXSID30542968 DTXSID80516331 DTXSID50874359 DTXSID50637522 DTXSID4051740 DTXSID20790370 DTXSID80585325 DTXSID70727494 DTXSID10491920 DTXSID80578838 DTXSID70325712 DTXSID20471031 DTXSID70339011 DTXSID90319355 DTXSID90758669 DTXSID20678220 DTXSID10465429
DTXSID90278397	DTXSID50368960 DTXSID80584818 DTXSID40392234 DTXSID40818449 DTXSID60816780 DTXSID40295857 DTXSID10350624 DTXSID60707341 DTXSID00897119 DTXSID70281066 DTXSID70355317 DTXSID30726443 DTXSID50607326 DTXSID70791175 DTXSID40533943 DTXSID00642146 DTXSID00603530 DTXSID30350808 DTXSID00462285 DTXSID50743096
DTXSID10150984	DTXSID50736766 DTXSID00293152 DTXSID20673937 DTXSID10364903 DTXSID20289310 DTXSID90517016 DTXSID20837330 DTXSID40713748 DTXSID40299936 DTXSID10500445 DTXSID70736667 DTXSID00153121 DTXSID30237408 DTXSID90412517 DTXSID90635143 DTXSID50160901 DTXSID40214245 DTXSID40649518 DTXSID60645335 DTXSID1073367
DTXSID10808695	DTXSID50280274 DTXSID50736064 DTXSID90507811 DTXSID00600882 DTXSID10563954 DTXSID30485745 DTXSID60466481 DTXSID50419789 DTXSID50743511 DTXSID90214997 DTXSID20608365 DTXSID70564109 DTXSID00371126 DTXSID10288332 DTXSID00678940 DTXSID30579759 DTXSID80375086 DTXSID90608771 DTXSID80666461 DTXSID60212142
DTXSID70532929	DTXSID00170095 DTXSID70562488 DTXSID70286738 DTXSID70762224 DTXSID90275088 DTXSID00787167 DTXSID90527776 DTXSID9044164 DTXSID60656901 DTXSID50220236 DTXSID00298647 DTXSID30451647 DTXSID00290247 DTXSID60399725 DTXSID90778665 DTXSID10640512 DTXSID90338980 DTXSID00442688 DTXSID40439936 DTXSID20381262
DTXSID50663780	DTXSID00231438 DTXSID60347781 DTXSID30663369 DTXSID10721916 DTXSID90807803 DTXSID70840798 DTXSID20599345 DTXSID40165147 DTXSID80279373 DTXSID6069406 DTXSID40530477 DTXSID00729421 DTXSID20372110 DTXSID20759801 DTXSID30885241 DTXSID70349413 DTXSID4040343 DTXSID40556990 DTXSID30350580 DTXSID10466719
DTXSID6065052	DTXSID70597659 DTXSID80463053 DTXSID10505753 DTXSID40458723 DTXSID60667436 DTXSID40757804 DTXSID80467394 DTXSID00446262 DTXSID60201778 DTXSID10355573 DTXSID20275490 DTXSID50716907 DTXSID10597118 DTXSID60528699 DTXSID00409352 DTXSID40831936 DTXSID50801589 DTXSID30458691 DTXSID30854114 DTXSID30406531
DTXSID00432089	DTXSID80816363 DTXSID20184573 DTXSID70340864 DTXSID90619786 DTXSID10658859 DTXSID00887737 DTXSID00647136 DTXSID80338050 DTXSID0062896 DTXSID0074637 DTXSID7063348 DTXSID50753837 DTXSID30769931 DTXSID50307511 DTXSID5068237 DTXSID30146203 DTXSID80759781 DTXSID00432064 DTXSID50887767 DTXSID80872661
DTXSID90355415	DTXSID80302291 DTXSID80791540 DTXSID60709284 DTXSID20624964 DTXSID30694618 DTXSID10177934 DTXSID10371773 DTXSID50187552 DTXSID30194007 DTXSID50497865 DTXSID90739716 DTXSID40398938 DTXSID40319300 DTXSID30661047 DTXSID70177935 DTXSID20698160 DTXSID70214273 DTXSID10494698 DTXSID60784278 DTXSID90380868
DTXSID10181718	DTXSID10642071 DTXSID90571239 DTXSID00241638 DTXSID30856658 DTXSID30529310 DTXSID30583295 DTXSID60477951 DTXSID00382853 DTXSID50624477 DTXSID40634126 DTXSID00576634 DTXSID50170020 DTXSID90382428 DTXSID40407716 DTXSID10391274 DTXSID30308581 DTXSID80573368 DTXSID80482123 DTXSID60427815 DTXSID80601918
DTXSID70794808	DTXSID40659632 DTXSID00896142 DTXSID90349995 DTXSID30415688 DTXSID90834472 DTXSID2023222 DTXSID00216765 DTXSID40434921 DTXSID60297232 DTXSID30389390 DTXSID50369891 DTXSID90342643 DTXSID50395377 DTXSID60502116 DTXSID80384411 DTXSID30445344 DTXSID30202378 DTXSID60231434 DTXSID90774940 DTXSID90310120
DTXSID60447573	DTXSID70836550 DTXSID10174882 DTXSID10538021 DTXSID00743021 DTXSID40801856 DTXSID50343292 DTXSID90707415 DTXSID10214196 DTXSID40615793 DTXSID50562800 DTXSID40824580 DTXSID80635894 DTXSID10883785 DTXSID90759515 DTXSID20627495 DTXSID90824994 DTXSID40844809 DTXSID40143485 DTXSID50698456 DTXSID50497966
DTXSID6063511	DTXSID40208523 DTXSID10783438 DTXSID90660430 DTXSID80560258 DTXSID80576899 DTXSID00559144 DTXSID60751309 DTXSID00775887 DTXSID90765171 DTXSID70622612 DTXSID90302606 DTXSID7066148 DTXSID70751310 DTXSID2063765 DTXSID30702166 DTXSID20195063 DTXSID20411452 DTXSID90404730 DTXSID50410539 DTXSID50783437
DTXSID50576785	DTXSID40521749 DTXSID00720559 DTXSID80240427 DTXSID70333175 DTXSID40324499 DTXSID30709812 DTXSID60417812 DTXSID90874217 DTXSID20815673 DTXSID10448853 DTXSID90513452 DTXSID20495555 DTXSID00820260 DTXSID60315945 DTXSID80569645 DTXSID60740637 DTXSID40395861 DTXSID10876394 DTXSID10439620 DTXSID10777655
DTXSID50761336	DTXSID30798185 DTXSID90798186 DTXSID10211044 DTXSID60783822 DTXSID40662505 DTXSID00515129 DTXSID60490529 DTXSID20793487 DTXSID00809530 DTXSID30336223 DTXSID60295137 DTXSID3075335 DTXSID50658550 DTXSID40556238 DTXSID00504311 DTXSID30398346 DTXSID90751271 DTXSID50345231 DTXSID30370420 DTXSID40727906
DTXSID40499454	DTXSID20579162 DTXSID10470013 DTXSID20857497 DTXSID00501648 DTXSID50515836 DTXSID90406890 DTXSID10477784 DTXSID10371632 DTXSID20457279 DTXSID00646467 DTXSID30480932 DTXSID50726783 DTXSID50215001 DTXSID70569452 DTXSID40332695 DTXSID80565980 DTXSID80370955 DTXSID30462975 DTXSID20590599 DTXSID70455785
DTXSID10805149	DTXSID70790805 DTXSID20888665 DTXSID40789867 DTXSID40830606 DTXSID10819029 DTXSID50780365 DTXSID00804404 DTXSID30805762 DTXSID70710346 DTXSID60605217 DTXSID80830605 DTXSID20808722 DTXSID50812175 DTXSID20834925 DTXSID50533959 DTXSID80634549 DTXSID40163668 DTXSID60823212 DTXSID40867432 DTXSID2070421
DTXSID50148269	DTXSID00724456 DTXSID70787391 DTXSID80735383 DTXSID90213187 DTXSID80561604 DTXSID00438283 DTXSID1066104 DTXSID40528793 DTXSID90790605 DTXSID40738597 DTXSID10289521 DTXSID30384628 DTXSID90209803 DTXSID30149274 DTXSID90330909 DTXSID90706640 DTXSID50657063 DTXSID10737734 DTXSID60786631 DTXSID1069453
DTXSID70711914	DTXSID90290650 DTXSID20575982 DTXSID50215829 DTXSID30575690 DTXSID8063834 DTXSID30452058 DTXSID40560431 DTXSID30804992 DTXSID00668225 DTXSID80734290 DTXSID60623592 DTXSID70326067 DTXSID90182445 DTXSID00650185 DTXSID90681564 DTXSID00444369 DTXSID00314154 DTXSID70543696 DTXSID00441777 DTXSID60183484
DTXSID20493056	DTXSID50367973 DTXSID00366613 DTXSID30219385 DTXSID1073367 DTXSID00730234 DTXSID90674456 DTXSID40876463 DTXSID40750774 DTXSID40649518 DTXSID00512653 DTXSID90329050 DTXSID70736667 DTXSID10879603 DTXSID30843725 DTXSID40299936 DTXSID90517016 DTXSID90412517 DTXSID10500445 DTXSID10772064 DTXSID50736766
DTXSID40398079	DTXSID20615493 DTXSID10568641 DTXSID90426730 DTXSID50462639 DTXSID10658556 DTXSID60640320 DTXSID10185514 DTXSID60281853 DTXSID70858070 DTXSID20839490 DTXSID10784723 DTXSID20651114 DTXSID30336703 DTXSID60743481 DTXSID40781200 DTXSID00603732 DTXSID70342626 DTXSID10448414 DTXSID50590385 DTXSID40886941
DTXSID60738998	DTXSID60754572 DTXSID40701589 DTXSID10465025 DTXSID0075106 DTXSID00341667 DTXSID50286514 DTXSID20663055 DTXSID90492910 DTXSID30739033 DTXSID80715221 DTXSID00196816 DTXSID20351581 DTXSID10307355 DTXSID90850096 DTXSID90796667 DTXSID00338633 DTXSID10436654 DTXSID10776421 DTXSID10560226 DTXSID10410373
DTXSID10645305	DTXSID60876682 DTXSID60668665 DTXSID90693228 DTXSID60441415 DTXSID40540213 DTXSID50430015 DTXSID90193935 DTXSID20602808 DTXSID30217321 DTXSID80284285 DTXSID20292960 DTXSID40427853 DTXSID00307223 DTXSID10660230 DTXSID80647316 DTXSID70170840 DTXSID20504696 DTXSID80207252 DTXSID20317288 DTXSID8024365
DTXSID9041023	DTXSID50790787 DTXSID00292524 DTXSID70769793 DTXSID80634549 DTXSID40163668 DTXSID70809204 DTXSID70348188 DTXSID10609947 DTXSID80768398 DTXSID70710346 DTXSID50730860 DTXSID00750538 DTXSID50759096 DTXSID80783627 DTXSID60675950 DTXSID60823212 DTXSID90199836 DTXSID70761252 DTXSID50533959 DTXSID50615143
DTXSID60472608	DTXSID20345824 DTXSID60575966 DTXSID50557377 DTXSID30408732 DTXSID10619203 DTXSID6061604 DTXSID00375361 DTXSID90163931 DTXSID80564074 DTXSID00739348 DTXSID90330949 DTXSID0025442 DTXSID40504658 DTXSID50591554 DTXSID50170126 DTXSID50768289 DTXSID20355044 DTXSID70879341 DTXSID80169381 DTXSID70172723
DTXSID60192233	DTXSID3022168 DTXSID40796495 DTXSID40399561 DTXSID50293203 DTXSID50855769 DTXSID50234914 DTXSID10497361 DTXSID10189714 DTXSID10640895 DTXSID30828774 DTXSID10556700 DTXSID30280398 DTXSID50469729 DTXSID10814993 DTXSID00468308 DTXSID50563231 DTXSID80753941 DTXSID4066414 DTXSID50793056 DTXSID50705750
DTXSID70828773	DTXSID90205022 DTXSID60744317 DTXSID00304090 DTXSID90499641 DTXSID90554466 DTXSID00619277 DTXSID20378677 DTXSID30540282 DTXSID90715717 DTXSID30730641 DTXSID70395213 DTXSID90425465 DTXSID80572896 DTXSID10470412 DTXSID70542023 DTXSID80142856 DTXSID70524783 DTXSID60329183 DTXSID4061254 DTXSID00184258
DTXSID40510698	DTXSID50589754 DTXSID80664725 DTXSID00852703 DTXSID20275490 DTXSID60201778 DTXSID30406531 DTXSID10672434 DTXSID30854114 DTXSID40435276 DTXSID50589734 DTXSID10597118 DTXSID50646674 DTXSID80463053 DTXSID10501119 DTXSID70597659 DTXSID60228965 DTXSID40430185 DTXSID6065052 DTXSID00487938 DTXSID50311754
DTXSID20345869	DTXSID00822466 DTXSID90310140 DTXSID40891611 DTXSID90223180 DTXSID60642223 DTXSID60190097 DTXSID00386558 DTXSID90602714 DTXSID60328237 DTXSID70349170 DTXSID10667562 DTXSID70592240 DTXSID70184189 DTXSID40497511 DTXSID6046264 DTXSID70195316 DTXSID40614266 DTXSID90596124 DTXSID70324861 DTXSID50564682
DTXSID40696128	DTXSID30377479 DTXSID90208699 DTXSID40609798 DTXSID70428934 DTXSID90422898 DTXSID20294181 DTXSID20306273 DTXSID80765302 DTXSID10653829 DTXSID60681556 DTXSID50879602 DTXSID70419145 DTXSID80832225 DTXSID30667342 DTXSID30713434 DTXSID10618094 DTXSID90846131 DTXSID00449339 DTXSID40630966 DTXSID70506807
DTXSID90702203	DTXSID80696364 DTXSID50662930 DTXSID30593950 DTXSID70361650 DTXSID80494029 DTXSID10568964 DTXSID20500895 DTXSID60587786 DTXSID90510345 DTXSID7021366 DTXSID00896344 DTXSID80176712 DTXSID10743592 DTXSID80879711 DTXSID20789128 DTXSID70428494 DTXSID80784755 DTXSID40562793 DTXSID40717029 DTXSID10631864
DTXSID40556990	DTXSID60705544 DTXSID70671842 DTXSID90457286 DTXSID90567016 DTXSID90362422 DTXSID30350580 DTXSID90396409 DTXSID10590482 DTXSID70243846 DTXSID50524963 DTXSID90450050 DTXSID50678379 DTXSID70721139 DTXSID00729421 DTXSID80354715 DTXSID30885241 DTXSID40650068 DTXSID70840798 DTXSID40508934 DTXSID10721916
DTXSID70599254	DTXSID70768221 DTXSID10343415 DTXSID10189517 DTXSID50632779 DTXSID80819157 DTXSID60807198 DTXSID10749731 DTXSID10166661 DTXSID20652828 DTXSID80541527 DTXSID60632568 DTXSID10214297 DTXSID30275143 DTXSID50850557 DTXSID10594329 DTXSID80458641 DTXSID50610734 DTXSID00618124 DTXSID20472346 DTXSID40663259
DTXSID40527741	DTXSID10578240 DTXSID10482090 DTXSID50851009 DTXSID40809372 DTXSID80763489 DTXSID30357014 DTXSID00813839 DTXSID60463011 DTXSID40494565 DTXSID70243806 DTXSID10780048 DTXSID8070542 DTXSID60830143 DTXSID80765726 DTXSID60310778 DTXSID90467087 DTXSID40700032 DTXSID20280680 DTXSID20323662 DTXSID50605327
DTXSID00641295	DTXSID70891442 DTXSID80472908 DTXSID40641294 DTXSID90812856 DTXSID00735784 DTXSID50440356 DTXSID00406381 DTXSID00457217 DTXSID00352374 DTXSID60290586 DTXSID50846172 DTXSID90699861 DTXSID70771053 DTXSID70554040 DTXSID40757268 DTXSID90799633 DTXSID20745421 DTXSID90454396 DTXSID40610364 DTXSID60194212
DTXSID10600631	DTXSID80303985 DTXSID20560777 DTXSID30483029 DTXSID70576666 DTXSID00451851 DTXSID30876114 DTXSID50290696 DTXSID30205465 DTXSID00748874 DTXSID70473525 DTXSID50629861 DTXSID70393850 DTXSID70652439 DTXSID40877455 DTXSID00392376 DTXSID40645631 DTXSID00472203 DTXSID40590071 DTXSID30402412 DTXSID50709773
DTXSID00569783	DTXSID60634123 DTXSID10794125 DTXSID40322470 DTXSID90668592 DTXSID30606231 DTXSID20445712 DTXSID00384771 DTXSID00192393 DTXSID90561630 DTXSID20879533 DTXSID00825816 DTXSID00604284 DTXSID90676834 DTXSID00371020 DTXSID80509162 DTXSID50670136 DTXSID70400336 DTXSID00508773 DTXSID60808645 DTXSID10461224
DTXSID40490688	DTXSID40276348 DTXSID80519504 DTXSID50640374 DTXSID80557042 DTXSID90306129 DTXSID90527650 DTXSID50656218 DTXSID90598188 DTXSID8036653 DTXSID20449336 DTXSID00559806 DTXSID70562589 DTXSID80402341 DTXSID90616634 DTXSID40659692 DTXSID60657039 DTXSID30496230 DTXSID00574332 DTXSID70693201 DTXSID20288681
DTXSID80744157	DTXSID90680572 DTXSID60848460 DTXSID60757684 DTXSID30848472 DTXSID60527804 DTXSID10484650 DTXSID70548767 DTXSID40829772 DTXSID80293251 DTXSID10700589 DTXSID20641272 DTXSID70737937 DTXSID90477242 DTXSID40787722 DTXSID30178928 DTXSID00513589 DTXSID2046836 DTXSID40607633 DTXSID70545195 DTXSID40593183
DTXSID80681992	DTXSID20457279 DTXSID50726783 DTXSID20708778 DTXSID20646505 DTXSID10693482 DTXSID10477784 DTXSID20857497 DTXSID10682417 DTXSID10475068 DTXSID60734410 DTXSID10436811 DTXSID80573166 DTXSID50722189 DTXSID70588229 DTXSID70415420 DTXSID40499454 DTXSID60214045 DTXSID20579162 DTXSID50515836 DTXSID00646467
DTXSID20205954	DTXSID90542560 DTXSID40780031 DTXSID10448196 DTXSID60433259 DTXSID20817531 DTXSID20748694 DTXSID30824958 DTXSID30218656 DTXSID50609507 DTXSID50469188 DTXSID2073017 DTXSID70701754 DTXSID30815164 DTXSID50615143 DTXSID10290430 DTXSID30148863 DTXSID20800625 DTXSID70713711 DTXSID50173692 DTXSID30294197
DTXSID00571927	DTXSID00473518 DTXSID20372756 DTXSID80215670 DTXSID40752753 DTXSID30642235 DTXSID40287797 DTXSID1065899 DTXSID60618928 DTXSID20351187 DTXSID80857236 DTXSID80380034 DTXSID10342625 DTXSID00453198 DTXSID40559067 DTXSID00768097 DTXSID30624051 DTXSID30489420 DTXSID30616294 DTXSID60703924 DTXSID6040371
DTXSID90783198	DTXSID90313636 DTXSID40674183 DTXSID80190337 DTXSID20778436 DTXSID80279131 DTXSID90805440 DTXSID40310872 DTXSID20465495 DTXSID50437069 DTXSID60143023 DTXSID70820898 DTXSID10672792 DTXSID60325125 DTXSID20534918 DTXSID20406545 DTXSID30176540 DTXSID70221568 DTXSID50345014 DTXSID70805822 DTXSID90419526
DTXSID40729783	DTXSID40836047 DTXSID20177142 DTXSID30413629 DTXSID10597653 DTXSID60616843 DTXSID60374335 DTXSID10191993 DTXSID50802031 DTXSID70288277 DTXSID40454326 DTXSID50755018 DTXSID1058393 DTXSID90178368 DTXSID9059541 DTXSID10398708 DTXSID90502841 DTXSID20886101 DTXSID20697072 DTXSID00653050 DTXSID20389647
DTXSID50849249	DTXSID10396481 DTXSID30527699 DTXSID40646486 DTXSID00374011 DTXSID50332560 DTXSID5051602 DTXSID20807311 DTXSID70832754 DTXSID90805602 DTXSID00345842 DTXSID50653949 DTXSID30742365 DTXSID90481965 DTXSID40459811 DTXSID40473991 DTXSID10742747 DTXSID60664203 DTXSID40241632 DTXSID80151549 DTXSID2025428
DTXSID90763152	DTXSID60242747 DTXSID10872659 DTXSID40613991 DTXSID80274202 DTXSID00829132 DTXSID60775681 DTXSID0067503 DTXSID10511157 DTXSID60780199 DTXSID60276143 DTXSID00629477 DTXSID00234146 DTXSID60816366 DTXSID40563189 DTXSID20242521 DTXSID20797061 DTXSID40845013 DTXSID50507599 DTXSID70797955 DTXSID30429503
DTXSID20879376	DTXSID00810742 DTXSID30618374 DTXSID40313489 DTXSID90857282 DTXSID50609784 DTXSID30550669 DTXSID30775971 DTXSID50745414 DTXSID90618092 DTXSID10646473 DTXSID20702812 DTXSID40463534 DTXSID60401190 DTXSID80573166 DTXSID70457502 DTXSID60214045 DTXSID10475068 DTXSID90352929 DTXSID00797266 DTXSID50402570
DTXSID10547299	DTXSID20595206 DTXSID20144394 DTXSID40876847 DTXSID10371692 DTXSID00592430 DTXSID50664858 DTXSID90479640 DTXSID50198623 DTXSID30756543 DTXSID40147746 DTXSID80598596 DTXSID50217121 DTXSID40733941 DTXSID40296925 DTXSID80756058 DTXSID50561575 DTXSID00661216 DTXSID40657274 DTXSID60145840 DTXSID40804983
DTXSID10276198	DTXSID80850904 DTXSID80675972 DTXSID50302465 DTXSID30795831 DTXSID30788844 DTXSID40392491 DTXSID00190516 DTXSID70610372 DTXSID90345331 DTXSID50561257 DTXSID60886903 DTXSID70801127 DTXSID40767105 DTXSID00163427 DTXSID50198623 DTXSID30173539 DTXSID40417916 DTXSID10401781 DTXSID40733941 DTXSID70645644
DTXSID60848460	DTXSID90680572 DTXSID60757684 DTXSID80744157 DTXSID40607633 DTXSID40787722 DTXSID20641272 DTXSID00513589 DTXSID40593183 DTXSID20668040 DTXSID70737937 DTXSID30178928 DTXSID00373802 DTXSID50841824 DTXSID70545195 DTXSID40829772 DTXSID90559057 DTXSID80293251 DTXSID20702716 DTXSID80378714 DTXSID10484650
DTXSID20230322	DTXSID60790970 DTXSID20814500 DTXSID1068300 DTXSID60885077 DTXSID90766845 DTXSID20752115 DTXSID60388215 DTXSID50404352 DTXSID20818129 DTXSID30575670 DTXSID1040247 DTXSID80437850 DTXSID40718915 DTXSID80814501 DTXSID50718047 DTXSID40601636 DTXSID40338031 DTXSID50718906 DTXSID50771354 DTXSID20837451
DTXSID30300383	DTXSID20876269 DTXSID80399560 DTXSID80594558 DTXSID60876662 DTXSID20519503 DTXSID50651021 DTXSID50285047 DTXSID30356764 DTXSID40603837 DTXSID50153696 DTXSID00399345 DTXSID00358977 DTXSID70219369 DTXSID20162654 DTXSID50543058 DTXSID70766489 DTXSID50629487 DTXSID50681000 DTXSID20405275 DTXSID50308280
DTXSID9068409	DTXSID00617930 DTXSID50408638 DTXSID00402085 DTXSID50697207 DTXSID30876674 DTXSID9064007 DTXSID30856991 DTXSID90626596 DTXSID10471025 DTXSID50227583 DTXSID40670741 DTXSID20660963 DTXSID40294108 DTXSID10430157 DTXSID70185176 DTXSID20277075 DTXSID50412755 DTXSID40879338 DTXSID70886858 DTXSID80465693
DTXSID30195973	DTXSID20470721 DTXSID60739485 DTXSID00694544 DTXSID60148593 DTXSID60299054 DTXSID10277741 DTXSID30450579 DTXSID70807240 DTXSID70586169 DTXSID40300233 DTXSID00419451 DTXSID30287024 DTXSID10726305 DTXSID20505981 DTXSID00598957 DTXSID50787394 DTXSID60524575 DTXSID70757958 DTXSID40392471 DTXSID70548601
DTXSID80589606	DTXSID10727791 DTXSID20303686 DTXSID00472607 DTXSID10181056 DTXSID40511640 DTXSID20187983 DTXSID10307178 DTXSID70879689 DTXSID80496604 DTXSID40349703 DTXSID80601892 DTXSID30295169 DTXSID00383284 DTXSID20813492 DTXSID60729604 DTXSID90676738 DTXSID10646857 DTXSID80738773 DTXSID50352561 DTXSID80676848
DTXSID9073676	DTXSID90527559 DTXSID20529607 DTXSID00893454 DTXSID80349702 DTXSID10547911 DTXSID60896421 DTXSID90615384 DTXSID60235114 DTXSID20234486 DTXSID70896391 DTXSID00431279 DTXSID20476506 DTXSID80854048 DTXSID30823663 DTXSID90526002 DTXSID60327083 DTXSID80700652 DTXSID60896426 DTXSID30791999 DTXSID30812719
DTXSID80416549	DTXSID50180326 DTXSID80845794 DTXSID50240651 DTXSID20821077 DTXSID70325696 DTXSID50729870 DTXSID80812845 DTXSID90668471 DTXSID00846006 DTXSID9074642 DTXSID60559382 DTXSID80326134 DTXSID20317288 DTXSID60760855 DTXSID20327024 DTXSID90706903 DTXSID90309635 DTXSID10756167 DTXSID50727078 DTXSID00366532
DTXSID10375655	DTXSID80712533 DTXSID60458280 DTXSID20298200 DTXSID40545728 DTXSID50402671 DTXSID60675071 DTXSID00729865 DTXSID80453838 DTXSID40374050 DTXSID20806980 DTXSID20671716 DTXSID90307398 DTXSID70463027 DTXSID90460452 DTXSID90700087 DTXSID50727174 DTXSID10713593 DTXSID90513437 DTXSID70195699 DTXSID30532662
DTXSID90553131	DTXSID70197512 DTXSID50160981 DTXSID40309701 DTXSID40243434 DTXSID80406844 DTXSID00568892 DTXSID90804993 DTXSID00430025 DTXSID90570287 DTXSID70810274 DTXSID10343531 DTXSID70819621 DTXSID60597325 DTXSID60277534 DTXSID40243196 DTXSID10706283 DTXSID30199370 DTXSID70808676 DTXSID20359360 DTXSID20144415
DTXSID20288681	DTXSID50321732 DTXSID00362579 DTXSID00393560 DTXSID60657039 DTXSID50640374 DTXSID00895933 DTXSID20449336 DTXSID00559806 DTXSID70589478 DTXSID80753441 DTXSID30874115 DTXSID90366985 DTXSID90527650 DTXSID40276348 DTXSID30165636 DTXSID80519504 DTXSID40490688 DTXSID90733219 DTXSID80557042 DTXSID3068126
DTXSID60704577	DTXSID40855379 DTXSID20787826 DTXSID60479238 DTXSID20489156 DTXSID40298565 DTXSID50183731 DTXSID80625058 DTXSID00876505 DTXSID30810715 DTXSID80174874 DTXSID90667267 DTXSID50564682 DTXSID20306314 DTXSID60209350 DTXSID10380608 DTXSID50743096 DTXSID30671565 DTXSID70592240 DTXSID70588345 DTXSID10641428
DTXSID30675048	DTXSID90675064 DTXSID00731322 DTXSID80296964 DTXSID20726376 DTXSID70648998 DTXSID60432929 DTXSID80288283 DTXSID90706185 DTXSID40751468 DTXSID40612666 DTXSID80308177 DTXSID20445797 DTXSID00681696 DTXSID30842718 DTXSID40694386 DTXSID90727173 DTXSID10298456 DTXSID90757551 DTXSID60364099 DTXSID30293963
DTXSID10166560	DTXSID40847931 DTXSID80755203 DTXSID3064437 DTXSID7062829 DTXSID20544754 DTXSID80761743 DTXSID10767839 DTXSID90759777 DTXSID30710786 DTXSID00181227 DTXSID80336930 DTXSID60827836 DTXSID30561457 DTXSID60657655 DTXSID9060780 DTXSID70700545 DTXSID7072040 DTXSID20242945 DTXSID50767838 DTXSID50782980
DTXSID70470251	DTXSID50816810 DTXSID00399320 DTXSID00480989 DTXSID70445343 DTXSID40365145 DTXSID20578554 DTXSID70558563 DTXSID10712182 DTXSID30190943 DTXSID10537195 DTXSID20539948 DTXSID20721068 DTXSID30562621 DTXSID30242911 DTXSID70358808 DTXSID90811162 DTXSID70545993 DTXSID3063095 DTXSID90736028 DTXSID00879551
DTXSID00304196	DTXSID60588177 DTXSID40617772 DTXSID00657073 DTXSID60424546 DTXSID60785200 DTXSID60805533 DTXSID20875878 DTXSID30311237 DTXSID40713445 DTXSID20564316 DTXSID10656012 DTXSID00290363 DTXSID60439377 DTXSID3071278 DTXSID10634274 DTXSID50147050 DTXSID30356906 DTXSID70150627 DTXSID00176032 DTXSID00659916
DTXSID80852064	DTXSID60768896 DTXSID40511600 DTXSID20235473 DTXSID70866337 DTXSID10796088 DTXSID20896780 DTXSID50432918 DTXSID70559575 DTXSID80872661 DTXSID60423817 DTXSID10348283 DTXSID40707566 DTXSID00432448 DTXSID80787928 DTXSID80839633 DTXSID30210675 DTXSID10605267 DTXSID50307511 DTXSID10225964 DTXSID50662258
DTXSID90407221	DTXSID60798719 DTXSID40596119 DTXSID50896137 DTXSID60626321 DTXSID10685822 DTXSID70369696 DTXSID40793823 DTXSID50704788 DTXSID50879142 DTXSID6041769 DTXSID60551669 DTXSID70672753 DTXSID30313635 DTXSID90657865 DTXSID40357580 DTXSID80465693 DTXSID80879397 DTXSID30309654 DTXSID60803872 DTXSID00287899
DTXSID00186636	DTXSID50174083 DTXSID00225771 DTXSID70297602 DTXSID40298348 DTXSID90590243 DTXSID60716493 DTXSID10482636 DTXSID90152446 DTXSID70877089 DTXSID50600332 DTXSID60174711 DTXSID90556965 DTXSID50313056 DTXSID50728005 DTXSID80448244 DTXSID30805747 DTXSID20509883 DTXSID50709910 DTXSID70241625 DTXSID90477409
DTXSID30327237	DTXSID00739949 DTXSID80757646 DTXSID70550401 DTXSID30586246 DTXSID60609316 DTXSID20352992 DTXSID50197510 DTXSID30536807 DTXSID10436856 DTXSID60424884 DTXSID10321879 DTXSID90400712 DTXSID50388229 DTXSID00192772 DTXSID00611337 DTXSID50397735 DTXSID00614525 DTXSID40291475 DTXSID90509411 DTXSID90614236
DTXSID90788047	DTXSID40324499 DTXSID90501531 DTXSID90874217 DTXSID40521749 DTXSID30811328 DTXSID40641173 DTXSID00366178 DTXSID60569385 DTXSID00655514 DTXSID40395861 DTXSID50627362 DTXSID80569645 DTXSID50677665 DTXSID50734909 DTXSID60482388 DTXSID20730675 DTXSID60604220 DTXSID20174712 DTXSID40724556 DTXSID70182509
DTXSID60310778	DTXSID60830143 DTXSID70579435 DTXSID50605327 DTXSID40642064 DTXSID50217681 DTXSID20364550 DTXSID00876525 DTXSID90513917 DTXSID80763489 DTXSID50738063 DTXSID30620730 DTXSID50538186 DTXSID10482090 DTXSID50576684 DTXSID30357014 DTXSID70505355 DTXSID80694441 DTXSID90731255 DTXSID00813839 DTXSID20278103
DTXSID90198723	DTXSID90174022 DTXSID60716933 DTXSID40831017 DTXSID10697122 DTXSID70788823 DTXSID90315231 DTXSID10653460 DTXSID80351683 DTXSID00726157 DTXSID80730651 DTXSID40196774 DTXSID00622867 DTXSID50238654 DTXSID40729122 DTXSID20294540 DTXSID50208236 DTXSID10307991 DTXSID60745268 DTXSID50593376 DTXSID50629068
DTXSID50297443	DTXSID40753881 DTXSID00520293 DTXSID4045682 DTXSID20835432 DTXSID10586047 DTXSID40325507 DTXSID60667653 DTXSID40721964 DTXSID10673906 DTXSID10470412 DTXSID80162079 DTXSID10574121 DTXSID60240667 DTXSID90850713 DTXSID70542023 DTXSID70434232 DTXSID90151732 DTXSID20676403 DTXSID30291883 DTXSID20605758
DTXSID60725848	DTXSID60701102 DTXSID3066267 DTXSID40724874 DTXSID20394317 DTXSID10426095 DTXSID60437297 DTXSID70748200 DTXSID40385722 DTXSID50747579 DTXSID20445797 DTXSID80184812 DTXSID10672873 DTXSID70580369 DTXSID90675064 DTXSID10808392 DTXSID80288283 DTXSID40592792 DTXSID20453190 DTXSID20873935 DTXSID70370146
DTXSID60408725	DTXSID2060967 DTXSID80638027 DTXSID90526789 DTXSID60150616 DTXSID00652785 DTXSID80670184 DTXSID20481377 DTXSID90543436 DTXSID90199053 DTXSID70517771 DTXSID80771069 DTXSID00491015 DTXSID50460130 DTXSID80478884 DTXSID30757656 DTXSID30396761 DTXSID20318013 DTXSID7069071 DTXSID30587935 DTXSID30757772
DTXSID00276940	DTXSID90375653 DTXSID90787030 DTXSID60170096 DTXSID70566264 DTXSID10437121 DTXSID40359589 DTXSID20781243 DTXSID10406892 DTXSID70409389 DTXSID60661131 DTXSID80199320 DTXSID3042506 DTXSID80402669 DTXSID80742936 DTXSID30668910 DTXSID60533187 DTXSID60144510 DTXSID30283405 DTXSID90669645 DTXSID90489385
DTXSID70507379	DTXSID70630333 DTXSID00330692 DTXSID30617968 DTXSID40620145 DTXSID00589805 DTXSID60599086 DTXSID50551916 DTXSID50404433 DTXSID60825514 DTXSID50345498 DTXSID70543979 DTXSID40494722 DTXSID20524016 DTXSID70526828 DTXSID70307316 DTXSID30554965 DTXSID00145708 DTXSID40585689 DTXSID40784357 DTXSID90826519
DTXSID60156476	DTXSID50184864 DTXSID70445500 DTXSID50190425 DTXSID50814573 DTXSID9068904 DTXSID90530907 DTXSID90512546 DTXSID70646373 DTXSID5067392 DTXSID80404820 DTXSID70354901 DTXSID20342035 DTXSID20815698 DTXSID20585925 DTXSID80364511 DTXSID10676396 DTXSID70676397 DTXSID70299444 DTXSID10705317 DTXSID70757877
DTXSID10609765	DTXSID00488824 DTXSID30572083 DTXSID20216666 DTXSID10626018 DTXSID30515874 DTXSID30173276 DTXSID30313695 DTXSID80224782 DTXSID10399659 DTXSID20589302 DTXSID90663466 DTXSID70494230 DTXSID10361513 DTXSID40311142 DTXSID50392285 DTXSID60388210 DTXSID00524776 DTXSID30857029 DTXSID90193915 DTXSID50190364
DTXSID10782320	DTXSID70823546 DTXSID00823534 DTXSID4070378 DTXSID70880598 DTXSID40156575 DTXSID00454862 DTXSID70880417 DTXSID00832722 DTXSID30851507 DTXSID30155996 DTXSID40823497 DTXSID40652547 DTXSID40333127 DTXSID50783619 DTXSID80773083 DTXSID30825102 DTXSID40823492 DTXSID60152170 DTXSID60874764 DTXSID10218654
DTXSID00672044	DTXSID10584821 DTXSID40622947 DTXSID90392163 DTXSID10702806 DTXSID60731106 DTXSID00464143 DTXSID80650769 DTXSID80656847 DTXSID10695087 DTXSID80703926 DTXSID20649430 DTXSID70142845 DTXSID90879303 DTXSID10422234 DTXSID00672261 DTXSID90381971 DTXSID40777906 DTXSID60561703 DTXSID30739831 DTXSID50351190
DTXSID30419065	DTXSID30757070 DTXSID20722510 DTXSID7073486 DTXSID70276634 DTXSID90477409 DTXSID80601110 DTXSID70877089 DTXSID10482636 DTXSID00346314 DTXSID60716493 DTXSID90590243 DTXSID20509883 DTXSID00346738 DTXSID50395812 DTXSID00225771 DTXSID50174083 DTXSID80553706 DTXSID30454996 DTXSID00186636 DTXSID70297602
DTXSID80282928	DTXSID20231798 DTXSID90770189 DTXSID20406904 DTXSID10467160 DTXSID50232172 DTXSID70705999 DTXSID00501204 DTXSID50543331 DTXSID90842799 DTXSID50846995 DTXSID00507589 DTXSID80790210 DTXSID90778807 DTXSID30627320 DTXSID70450932 DTXSID30781931 DTXSID00540491 DTXSID10236494 DTXSID20342474 DTXSID30508241
DTXSID00309808	DTXSID10659285 DTXSID40820466 DTXSID90666452 DTXSID50228318 DTXSID00846581 DTXSID10385012 DTXSID80653437 DTXSID20545105 DTXSID10805306 DTXSID80703825 DTXSID10879320 DTXSID10395035 DTXSID00587649 DTXSID90434118 DTXSID50596246 DTXSID80724015 DTXSID60556013 DTXSID00663412 DTXSID00606980 DTXSID20590271
DTXSID20662927	DTXSID50341258 DTXSID20730675 DTXSID60776895 DTXSID90772360 DTXSID80407033 DTXSID90604177 DTXSID30510223 DTXSID60177267 DTXSID90650396 DTXSID70814070 DTXSID60586193 DTXSID70720187 DTXSID20876587 DTXSID80598798 DTXSID90313550 DTXSID30403904 DTXSID50313612 DTXSID30711637 DTXSID0052330 DTXSID00219099
DTXSID40286023	DTXSID20217653 DTXSID4063870 DTXSID60611979 DTXSID90199836 DTXSID70467883 DTXSID00200462 DTXSID20800625 DTXSID80768398 DTXSID00750538 DTXSID80723124 DTXSID30893008 DTXSID00231493 DTXSID30532369 DTXSID8034746 DTXSID50730860 DTXSID30218656 DTXSID50759096 DTXSID00337085 DTXSID80302756 DTXSID20179000
DTXSID00770579	DTXSID90283522 DTXSID00625252 DTXSID00794972 DTXSID00819290 DTXSID90719593 DTXSID60785886 DTXSID00340731 DTXSID40574018 DTXSID60880764 DTXSID40455499 DTXSID20557243 DTXSID60599405 DTXSID60764858 DTXSID10462332 DTXSID30446093 DTXSID60813436 DTXSID90782323 DTXSID80604368 DTXSID40773347 DTXSID70325893
DTXSID50379475	DTXSID60599086 DTXSID20346058 DTXSID70543979 DTXSID50315232 DTXSID30804639 DTXSID30525099 DTXSID50527373 DTXSID90152880 DTXSID30323890 DTXSID40494722 DTXSID20228325 DTXSID50404433 DTXSID70397414 DTXSID30303394 DTXSID60879719 DTXSID20619259 DTXSID10359430 DTXSID70507379 DTXSID20676827 DTXSID80796772
DTXSID50596322	DTXSID20571666 DTXSID80283036 DTXSID40474807 DTXSID70780766 DTXSID60740637 DTXSID10448853 DTXSID30167256 DTXSID20876587 DTXSID70814070 DTXSID0052330 DTXSID90874217 DTXSID30403904 DTXSID80407033 DTXSID60586193 DTXSID80611870 DTXSID20792955 DTXSID00820260 DTXSID20730675 DTXSID60315945 DTXSID90513452
DTXSID00227710	DTXSID00640905 DTXSID80737847 DTXSID70434611 DTXSID40216284 DTXSID60576635 DTXSID00403350 DTXSID10738746 DTXSID90316728 DTXSID9021394 DTXSID20629893 DTXSID30646399 DTXSID20730756 DTXSID20376158 DTXSID60547421 DTXSID20580733 DTXSID50186363 DTXSID80647376 DTXSID0041773 DTXSID00823892 DTXSID70613267
DTXSID70327150	DTXSID40703664 DTXSID40197327 DTXSID80351527 DTXSID00188933 DTXSID70239385 DTXSID10727852 DTXSID20591743 DTXSID60221092 DTXSID80548516 DTXSID20640881 DTXSID10392362 DTXSID60379527 DTXSID10367090 DTXSID10564764 DTXSID3069982 DTXSID30896150 DTXSID30419742 DTXSID90763672 DTXSID60284147 DTXSID60358175
DTXSID30805681	DTXSID00198572 DTXSID90829782 DTXSID70398688 DTXSID60209613 DTXSID10653869 DTXSID50552842 DTXSID30727894 DTXSID90702066 DTXSID60678188 DTXSID60541126 DTXSID30431606 DTXSID50534885 DTXSID70233722 DTXSID20699051 DTXSID90302949 DTXSID80811237 DTXSID70703874 DTXSID80449453 DTXSID0060066 DTXSID20734618
DTXSID80424583	DTXSID30851865 DTXSID30813069 DTXSID30818211 DTXSID70518021 DTXSID70605021 DTXSID60511748 DTXSID60409252 DTXSID2059275 DTXSID00667394 DTXSID90514803 DTXSID20383281 DTXSID60202720 DTXSID70578802 DTXSID50523537 DTXSID90500923 DTXSID70484378 DTXSID60524616 DTXSID10567932 DTXSID70349498 DTXSID10326566
DTXSID50415004	DTXSID90791516 DTXSID90150427 DTXSID60299079 DTXSID60836802 DTXSID80431853 DTXSID00628521 DTXSID90504401 DTXSID30650077 DTXSID30785550 DTXSID70427821 DTXSID70189210 DTXSID90532289 DTXSID40797841 DTXSID30473526 DTXSID10427188 DTXSID30739694 DTXSID60178936 DTXSID10221724 DTXSID70459804 DTXSID80726913
DTXSID90611508	DTXSID60429096 DTXSID10142980 DTXSID70238095 DTXSID00314654 DTXSID40405636 DTXSID20154993 DTXSID90598183 DTXSID70397272 DTXSID80724015 DTXSID30423703 DTXSID10292499 DTXSID30659560 DTXSID10760229 DTXSID10395035 DTXSID80318690 DTXSID30896150 DTXSID60556013 DTXSID20597765 DTXSID60700392 DTXSID10371410
DTXSID20357220	DTXSID30583679 DTXSID80345264 DTXSID70561315 DTXSID40824282 DTXSID10663509 DTXSID50846839 DTXSID70377711 DTXSID20895511 DTXSID50571472 DTXSID30199118 DTXSID30194385 DTXSID00614161 DTXSID70458695 DTXSID90286437 DTXSID50526447 DTXSID50434311 DTXSID90473567 DTXSID00420845 DTXSID80206947 DTXSID70483129
DTXSID20279130	DTXSID80736431 DTXSID90301679 DTXSID20488649 DTXSID70599113 DTXSID30551237 DTXSID00566070 DTXSID00748632 DTXSID60160179 DTXSID90521855 DTXSID80232569 DTXSID80879473 DTXSID40640585 DTXSID10762622 DTXSID60763987 DTXSID70812718 DTXSID70891588 DTXSID60842948 DTXSID70827923 DTXSID50538646 DTXSID50147792
DTXSID10307178	DTXSID80601892 DTXSID00383284 DTXSID20303686 DTXSID40511640 DTXSID50352561 DTXSID50593376 DTXSID80589606 DTXSID10727791 DTXSID20324255 DTXSID00472607 DTXSID10181056 DTXSID70663444 DTXSID90315231 DTXSID20813492 DTXSID10653460 DTXSID20187983 DTXSID10697122 DTXSID30295169 DTXSID40729122 DTXSID40518199
DTXSID90570505	DTXSID50427167 DTXSID40169908 DTXSID10645249 DTXSID20450083 DTXSID60353524 DTXSID80594755 DTXSID50675065 DTXSID50893606 DTXSID00587649 DTXSID80879711 DTXSID20645255 DTXSID00734090 DTXSID00663412 DTXSID20598570 DTXSID60896067 DTXSID6067549 DTXSID10695340 DTXSID30593950 DTXSID30708168 DTXSID90732424
DTXSID10430157	DTXSID30856991 DTXSID30876674 DTXSID40879338 DTXSID9064007 DTXSID20277075 DTXSID20646803 DTXSID60470523 DTXSID50697207 DTXSID00617930 DTXSID80601317 DTXSID10471025 DTXSID10503052 DTXSID70295163 DTXSID70724089 DTXSID80465693 DTXSID00747382 DTXSID90626596 DTXSID60551669 DTXSID80354876 DTXSID20295517
DTXSID50527358	DTXSID50639889 DTXSID60241518 DTXSID00577964 DTXSID10149196 DTXSID30544962 DTXSID00757749 DTXSID80438044 DTXSID20434202 DTXSID20172071 DTXSID90446892 DTXSID60881211 DTXSID20621973 DTXSID20594678 DTXSID80159287 DTXSID60642041 DTXSID70880654 DTXSID70459480 DTXSID00732511 DTXSID30674854 DTXSID70809300
DTXSID70560101	DTXSID10379411 DTXSID30305550 DTXSID20477518 DTXSID80475919 DTXSID90694957 DTXSID70382567 DTXSID40615374 DTXSID90559693 DTXSID20879053 DTXSID00681055 DTXSID50837444 DTXSID40629911 DTXSID80597943 DTXSID4025903 DTXSID00279294 DTXSID30671904 DTXSID50453587 DTXSID10402258 DTXSID40661659 DTXSID10653127
DTXSID90381971	DTXSID00464143 DTXSID10695087 DTXSID30621202 DTXSID80703926 DTXSID40292366 DTXSID90879303 DTXSID60404409 DTXSID50739292 DTXSID40622947 DTXSID10584821 DTXSID00672044 DTXSID90392163 DTXSID00672261 DTXSID20657131 DTXSID60561703 DTXSID30646278 DTXSID00430803 DTXSID20514699 DTXSID60731106 DTXSID40605891
DTXSID10557257	DTXSID50167293 DTXSID40493270 DTXSID90403440 DTXSID60442068 DTXSID30725810 DTXSID60469614 DTXSID30646551 DTXSID00739141 DTXSID60444305 DTXSID10705852 DTXSID80563209 DTXSID40585927 DTXSID80723543 DTXSID30351057 DTXSID90446155 DTXSID90626273 DTXSID6044858 DTXSID30618536 DTXSID40390270 DTXSID00857591
DTXSID20880987	DTXSID60465656 DTXSID00881331 DTXSID90436112 DTXSID60827432 DTXSID60801696 DTXSID20894140 DTXSID50836972 DTXSID40319789 DTXSID10814352 DTXSID50838375 DTXSID70851288 DTXSID20333044 DTXSID70329513 DTXSID80846044 DTXSID30647583 DTXSID90787090 DTXSID80403237 DTXSID90697584 DTXSID50301019 DTXSID40896005
DTXSID40595667	DTXSID30825445 DTXSID70473565 DTXSID00837277 DTXSID50521457 DTXSID90577271 DTXSID50443483 DTXSID60333109 DTXSID80648545 DTXSID00744871 DTXSID20237477 DTXSID80594452 DTXSID80506277 DTXSID5044811 DTXSID10693124 DTXSID90519151 DTXSID80568138 DTXSID30378148 DTXSID10489847 DTXSID5021625 DTXSID90632258
DTXSID30671762	DTXSID40463312 DTXSID70621620 DTXSID10363835 DTXSID40573142 DTXSID00528951 DTXSID00511085 DTXSID20633955 DTXSID70165837 DTXSID20817016 DTXSID90580922 DTXSID40408107 DTXSID80358899 DTXSID70594608 DTXSID40722214 DTXSID8040278 DTXSID20696449 DTXSID80722112 DTXSID60551149 DTXSID20216742 DTXSID40508934
DTXSID90310120	DTXSID50395377 DTXSID20857659 DTXSID00153121 DTXSID2023222 DTXSID40434921 DTXSID70563218 DTXSID40659632 DTXSID10590306 DTXSID80367027 DTXSID90349995 DTXSID30389390 DTXSID20289310 DTXSID70794808 DTXSID50160901 DTXSID30203209 DTXSID00216765 DTXSID20837330 DTXSID00896142 DTXSID90635143 DTXSID30415688
DTXSID80777521	DTXSID10471545 DTXSID70655400 DTXSID00110032 DTXSID10498176 DTXSID90484012 DTXSID50742761 DTXSID40462704 DTXSID50481880 DTXSID30638613 DTXSID50378741 DTXSID20285377 DTXSID80742077 DTXSID60168776 DTXSID80444004 DTXSID70159413 DTXSID80439197 DTXSID00546650 DTXSID60526594 DTXSID90396484 DTXSID40468009
DTXSID50551916	DTXSID40784357 DTXSID30617968 DTXSID00531041 DTXSID00145708 DTXSID70630333 DTXSID40620145 DTXSID70526828 DTXSID00589805 DTXSID60825514 DTXSID50404433 DTXSID90826519 DTXSID70708046 DTXSID20857598 DTXSID00464704 DTXSID00425214 DTXSID70507379 DTXSID20524016 DTXSID10211645 DTXSID80642068 DTXSID20631173
DTXSID40159763	DTXSID90557492 DTXSID70342469 DTXSID40640242 DTXSID90170084 DTXSID30482754 DTXSID60528538 DTXSID70591172 DTXSID00540491 DTXSID90545091 DTXSID10236494 DTXSID40204681 DTXSID5062425 DTXSID50609340 DTXSID30627320 DTXSID20641217 DTXSID30441386 DTXSID80459037 DTXSID20406242 DTXSID50438652 DTXSID00850007
DTXSID00356771	DTXSID40307383 DTXSID00464688 DTXSID20231591 DTXSID4041236 DTXSID60402203 DTXSID0065933 DTXSID4067771 DTXSID60501402 DTXSID90529871 DTXSID40507649 DTXSID40359221 DTXSID50428912 DTXSID70574046 DTXSID50778606 DTXSID20435658 DTXSID00484583 DTXSID30382886 DTXSID20732598 DTXSID30596401 DTXSID50579352
DTXSID80356057	DTXSID80627158 DTXSID40517460 DTXSID30620215 DTXSID80516730 DTXSID40478209 DTXSID60578412 DTXSID80563209 DTXSID80700192 DTXSID90406719 DTXSID60469614 DTXSID70350302 DTXSID70665448 DTXSID80304336 DTXSID80732155 DTXSID30371053 DTXSID50837444 DTXSID90319299 DTXSID80733081 DTXSID00646629 DTXSID30646571
DTXSID00160890	DTXSID80781800 DTXSID40220346 DTXSID20211873 DTXSID70283000 DTXSID40828008 DTXSID2058122 DTXSID20299055 DTXSID30707813 DTXSID20163666 DTXSID80579724 DTXSID70673129 DTXSID00343121 DTXSID90743631 DTXSID40501107 DTXSID7069023 DTXSID70621488 DTXSID30763535 DTXSID80708279 DTXSID20421218 DTXSID30294495
DTXSID40649795	DTXSID50453481 DTXSID20883175 DTXSID50681767 DTXSID20680303 DTXSID00374652 DTXSID5022803 DTXSID80292582 DTXSID80661234 DTXSID10186102 DTXSID80349606 DTXSID70623684 DTXSID40700572 DTXSID80279772 DTXSID90771333 DTXSID80154818 DTXSID30722324 DTXSID50175277 DTXSID40237176 DTXSID10160386 DTXSID10278713
DTXSID60674165	DTXSID40676763 DTXSID90823164 DTXSID20743427 DTXSID40724470 DTXSID50590148 DTXSID10712061 DTXSID80552653 DTXSID20756335 DTXSID50662894 DTXSID10847428 DTXSID7063421 DTXSID40656404 DTXSID10654715 DTXSID40693233 DTXSID20778618 DTXSID10589215 DTXSID70392924 DTXSID40346691 DTXSID30694279 DTXSID20858505
DTXSID70614092	DTXSID90751933 DTXSID60642041 DTXSID10149196 DTXSID80438044 DTXSID60881211 DTXSID60241518 DTXSID00757749 DTXSID50639889 DTXSID70880654 DTXSID20434202 DTXSID00655190 DTXSID60448429 DTXSID50527358 DTXSID30544962 DTXSID10144484 DTXSID20594678 DTXSID20357760 DTXSID4052423 DTXSID60184032 DTXSID70809300
DTXSID60598918	DTXSID10169758 DTXSID50761275 DTXSID90405585 DTXSID80640443 DTXSID90657865 DTXSID10494193 DTXSID20758435 DTXSID20417959 DTXSID60803872 DTXSID10426732 DTXSID90205587 DTXSID80879397 DTXSID40357580 DTXSID70369696 DTXSID00287899 DTXSID30761213 DTXSID90629749 DTXSID7041625 DTXSID10441041 DTXSID70303297
DTXSID00493150	DTXSID30321477 DTXSID90657446 DTXSID30792724 DTXSID20681875 DTXSID80295957 DTXSID00593846 DTXSID00441090 DTXSID50595274 DTXSID90510688 DTXSID50876015 DTXSID30403500 DTXSID90342643 DTXSID60502116 DTXSID30160883 DTXSID60813572 DTXSID40287813 DTXSID60297232 DTXSID40785682 DTXSID00229310 DTXSID70744348
DTXSID40581646	DTXSID70657227 DTXSID10846613 DTXSID70496658 DTXSID70736602 DTXSID80513800 DTXSID70153153 DTXSID20761262 DTXSID60184956 DTXSID50488016 DTXSID20532696 DTXSID90626591 DTXSID60873611 DTXSID60612825 DTXSID50280395 DTXSID90519676 DTXSID30873623 DTXSID10306424 DTXSID10468758 DTXSID70642214 DTXSID00656142
DTXSID70650152	DTXSID30618536 DTXSID40677533 DTXSID10857380 DTXSID80377949 DTXSID10397478 DTXSID70355690 DTXSID80646627 DTXSID00739141 DTXSID00211053 DTXSID40626425 DTXSID60307643 DTXSID20223597 DTXSID70464877 DTXSID30646551 DTXSID90405606 DTXSID70496178 DTXSID90847123 DTXSID00736695 DTXSID80428006 DTXSID60442068
DTXSID90223180	DTXSID40891611 DTXSID90310140 DTXSID70349170 DTXSID10676997 DTXSID50290212 DTXSID50447744 DTXSID6046264 DTXSID20345869 DTXSID00822466 DTXSID80384572 DTXSID50738205 DTXSID70280392 DTXSID90803582 DTXSID70300165 DTXSID40484168 DTXSID40614266 DTXSID40295377 DTXSID40757268 DTXSID60642223 DTXSID3048316
DTXSID00223994	DTXSID40379404 DTXSID90738906 DTXSID30201402 DTXSID70886030 DTXSID00550732 DTXSID60550733 DTXSID0044153 DTXSID80407876 DTXSID2052447 DTXSID20476203 DTXSID80783708 DTXSID2022127 DTXSID0047741 DTXSID40851134 DTXSID80201174 DTXSID30453383 DTXSID20518379 DTXSID50220236 DTXSID50729234 DTXSID40195489
DTXSID50783538	DTXSID70799737 DTXSID00816986 DTXSID90820815 DTXSID20624146 DTXSID50175070 DTXSID50198300 DTXSID40420900 DTXSID80335786 DTXSID30809604 DTXSID9069849 DTXSID90786326 DTXSID60240440 DTXSID40187066 DTXSID60659735 DTXSID00325563 DTXSID00807834 DTXSID70453201 DTXSID50632714 DTXSID20432905 DTXSID70562362
DTXSID00736695	DTXSID80428006 DTXSID90847123 DTXSID20436221 DTXSID60307643 DTXSID00307642 DTXSID50283447 DTXSID90594246 DTXSID60566016 DTXSID80505982 DTXSID40390270 DTXSID60610700 DTXSID20223597 DTXSID00211053 DTXSID10694595 DTXSID30618536 DTXSID70464877 DTXSID60383684 DTXSID10427320 DTXSID50535857 DTXSID30646551
DTXSID70737937	DTXSID20536750 DTXSID90559057 DTXSID20641272 DTXSID20702716 DTXSID2046836 DTXSID80293251 DTXSID40593183 DTXSID70331217 DTXSID40607633 DTXSID70823187 DTXSID70545195 DTXSID60848460 DTXSID70794227 DTXSID50601243 DTXSID80744157 DTXSID50321838 DTXSID80700137 DTXSID30444296 DTXSID30848472 DTXSID80324014
DTXSID20198655	DTXSID30676414 DTXSID70393719 DTXSID90182107 DTXSID50709137 DTXSID00680048 DTXSID40161482 DTXSID10784768 DTXSID40508272 DTXSID00712313 DTXSID10294599 DTXSID00186176 DTXSID60725005 DTXSID90398908 DTXSID80657339 DTXSID40532698 DTXSID30625048 DTXSID20696949 DTXSID70212037 DTXSID80206088 DTXSID50527333
DTXSID70737932	DTXSID90401769 DTXSID60796033 DTXSID70531250 DTXSID10479400 DTXSID40719366 DTXSID10772044 DTXSID60148270 DTXSID50290732 DTXSID60522172 DTXSID00529488 DTXSID30789412 DTXSID30612413 DTXSID50653984 DTXSID30560844 DTXSID80576374 DTXSID40674047 DTXSID60835597 DTXSID10704628 DTXSID00173001 DTXSID7041966
DTXSID50315419	DTXSID80729868 DTXSID40694588 DTXSID80321321 DTXSID10732825 DTXSID70805822 DTXSID70287543 DTXSID80620088 DTXSID50306463 DTXSID80190337 DTXSID10181551 DTXSID50437069 DTXSID80279131 DTXSID40674183 DTXSID20778436 DTXSID00618008 DTXSID70185176 DTXSID70820898 DTXSID20406545 DTXSID60707765 DTXSID10471025
DTXSID40453516	DTXSID50642050 DTXSID80374337 DTXSID60196817 DTXSID10758666 DTXSID80533624 DTXSID90720684 DTXSID70317677 DTXSID70223906 DTXSID90702268 DTXSID90177215 DTXSID80345481 DTXSID20503528 DTXSID30652637 DTXSID90585831 DTXSID80799980 DTXSID10608990 DTXSID60378691 DTXSID40821998 DTXSID50876373 DTXSID10528048
DTXSID70738949	DTXSID90602810 DTXSID80183441 DTXSID30609984 DTXSID10505874 DTXSID20661056 DTXSID60357421 DTXSID10519178 DTXSID20299676 DTXSID90591699 DTXSID00513862 DTXSID70646651 DTXSID90373674 DTXSID10726325 DTXSID80699496 DTXSID70526808 DTXSID20520119 DTXSID50825200 DTXSID30849560 DTXSID80801219 DTXSID90348983
DTXSID00694029	DTXSID40840361 DTXSID90469309 DTXSID00281130 DTXSID00618164 DTXSID90280773 DTXSID20825196 DTXSID40886880 DTXSID50775332 DTXSID10239187 DTXSID80793680 DTXSID80893735 DTXSID60460363 DTXSID10317277 DTXSID60236282 DTXSID70471960 DTXSID3067231 DTXSID10805583 DTXSID50191093 DTXSID30778609 DTXSID90711173
DTXSID40324499	DTXSID40521749 DTXSID90501531 DTXSID40395861 DTXSID90788047 DTXSID80569645 DTXSID50576785 DTXSID90874217 DTXSID70182509 DTXSID70333175 DTXSID60482388 DTXSID20307866 DTXSID60417812 DTXSID30709812 DTXSID20495555 DTXSID10439620 DTXSID90324500 DTXSID60604220 DTXSID50627362 DTXSID50677665 DTXSID80240427
DTXSID30158189	DTXSID60418021 DTXSID10637361 DTXSID90807484 DTXSID20887799 DTXSID70761252 DTXSID60675950 DTXSID20834925 DTXSID2070421 DTXSID80211511 DTXSID60710279 DTXSID40286902 DTXSID2050035 DTXSID10609947 DTXSID30694012 DTXSID50828832 DTXSID70373192 DTXSID40880500 DTXSID70710346 DTXSID70317990 DTXSID40193041
DTXSID50565290	DTXSID40513644 DTXSID40214669 DTXSID70834910 DTXSID90434618 DTXSID20754836 DTXSID60284925 DTXSID80292163 DTXSID10827381 DTXSID70392328 DTXSID1070773 DTXSID80182974 DTXSID20875878 DTXSID60545866 DTXSID20499770 DTXSID70780645 DTXSID10739596 DTXSID40657259 DTXSID90584703 DTXSID6058972 DTXSID70593353
DTXSID20538310	DTXSID70308222 DTXSID70670138 DTXSID20590251 DTXSID70651563 DTXSID20626403 DTXSID90346863 DTXSID30591799 DTXSID1069952 DTXSID10462918 DTXSID20437475 DTXSID80170356 DTXSID30428657 DTXSID90730905 DTXSID50544085 DTXSID00632204 DTXSID80176974 DTXSID80653997 DTXSID30364541 DTXSID5052626 DTXSID30240972
DTXSID90626273	DTXSID00671936 DTXSID40585927 DTXSID30351057 DTXSID80723543 DTXSID90487361 DTXSID80648161 DTXSID60444305 DTXSID30754024 DTXSID40493270 DTXSID50729193 DTXSID30725810 DTXSID10557257 DTXSID6044858 DTXSID60671937 DTXSID40857535 DTXSID90602855 DTXSID20168616 DTXSID90446155 DTXSID90405606 DTXSID40626425
DTXSID20797743	DTXSID70711419 DTXSID30304306 DTXSID70434151 DTXSID40522559 DTXSID80174834 DTXSID00600140 DTXSID90577938 DTXSID20891139 DTXSID80809139 DTXSID00559245 DTXSID60239672 DTXSID50306004 DTXSID90441701 DTXSID80324271 DTXSID70447645 DTXSID50696972 DTXSID10201521 DTXSID40191426 DTXSID40503843 DTXSID50835107
DTXSID70478419	DTXSID40722618 DTXSID40514434 DTXSID10824299 DTXSID30578828 DTXSID50382722 DTXSID00667551 DTXSID40595829 DTXSID40427974 DTXSID30451763 DTXSID60451392 DTXSID10640512 DTXSID60505389 DTXSID80397324 DTXSID30489122 DTXSID00651450 DTXSID90426058 DTXSID80434162 DTXSID00707608 DTXSID00611539 DTXSID80708355
DTXSID20741069	DTXSID30543410 DTXSID80546739 DTXSID70233808 DTXSID00793728 DTXSID70242536 DTXSID30191576 DTXSID80468609 DTXSID10822679 DTXSID00699514 DTXSID20280781 DTXSID80705607 DTXSID50796865 DTXSID60826960 DTXSID20341664 DTXSID50737490 DTXSID70346765 DTXSID50804111 DTXSID40647397 DTXSID40336794 DTXSID80278447
DTXSID50400233	DTXSID90425687 DTXSID50857460 DTXSID60749685 DTXSID40883091 DTXSID20179929 DTXSID30630197 DTXSID20853671 DTXSID10542067 DTXSID70433149 DTXSID50613806 DTXSID10720242 DTXSID40856624 DTXSID10182583 DTXSID20876683 DTXSID20222681 DTXSID60227594 DTXSID20462242 DTXSID70674474 DTXSID20300817 DTXSID60447351
DTXSID20797748	DTXSID40770336 DTXSID10236696 DTXSID40645631 DTXSID80492984 DTXSID40716512 DTXSID40877455 DTXSID70165938 DTXSID30651867 DTXSID70408539 DTXSID90645585 DTXSID70276876 DTXSID70217345 DTXSID30726822 DTXSID10581315 DTXSID50535852 DTXSID90427929 DTXSID00451851 DTXSID00380238 DTXSID40274541 DTXSID60897135
DTXSID10494698	DTXSID50623167 DTXSID50812953 DTXSID50808230 DTXSID90452650 DTXSID60840989 DTXSID60709284 DTXSID70469226 DTXSID70314323 DTXSID30194007 DTXSID50289141 DTXSID90444015 DTXSID60400628 DTXSID50592203 DTXSID10195335 DTXSID40701504 DTXSID30555654 DTXSID90739716 DTXSID40619211 DTXSID90355415 DTXSID50696210
DTXSID20626403	DTXSID10462918 DTXSID90346863 DTXSID1069952 DTXSID30428657 DTXSID5052626 DTXSID30591799 DTXSID70308222 DTXSID50613285 DTXSID30364541 DTXSID20538310 DTXSID20590251 DTXSID70651563 DTXSID90787550 DTXSID00856726 DTXSID60204461 DTXSID00632204 DTXSID40589021 DTXSID60772736 DTXSID00334377 DTXSID20374210
DTXSID20183001	DTXSID10599536 DTXSID10289445 DTXSID60508234 DTXSID70283828 DTXSID70539892 DTXSID60703924 DTXSID00567820 DTXSID40535245 DTXSID6040371 DTXSID00768097 DTXSID30616294 DTXSID80199264 DTXSID90354903 DTXSID10845207 DTXSID00323105 DTXSID60728172 DTXSID90782383 DTXSID20428787 DTXSID00364871 DTXSID80187787
DTXSID10392362	DTXSID40536090 DTXSID30896150 DTXSID10727852 DTXSID20640881 DTXSID80548516 DTXSID50830854 DTXSID80351527 DTXSID10760229 DTXSID20651932 DTXSID40703664 DTXSID20154993 DTXSID10708742 DTXSID60221092 DTXSID00188933 DTXSID70239385 DTXSID60379527 DTXSID70327150 DTXSID10367090 DTXSID70395778 DTXSID00384039
DTXSID40511640	DTXSID00472607 DTXSID20303686 DTXSID10727791 DTXSID80589606 DTXSID30295169 DTXSID10307178 DTXSID70879689 DTXSID80496604 DTXSID40518199 DTXSID30505119 DTXSID20324255 DTXSID70385795 DTXSID10181056 DTXSID90878937 DTXSID80601892 DTXSID20187983 DTXSID90669564 DTXSID60729604 DTXSID80738773 DTXSID00383284
DTXSID80763106	DTXSID40759388 DTXSID50296299 DTXSID70880654 DTXSID30544962 DTXSID90464773 DTXSID30656776 DTXSID60184032 DTXSID20434202 DTXSID60241518 DTXSID70809300 DTXSID90656414 DTXSID60816588 DTXSID60881211 DTXSID10149196 DTXSID60448429 DTXSID60642041 DTXSID20621973 DTXSID00757749 DTXSID70439005 DTXSID80159287
DTXSID90306129	DTXSID8036653 DTXSID50656218 DTXSID70562589 DTXSID70674131 DTXSID80519504 DTXSID40490688 DTXSID30537475 DTXSID90527650 DTXSID50404554 DTXSID00390958 DTXSID00774294 DTXSID10371591 DTXSID40659692 DTXSID70693201 DTXSID50863142 DTXSID80402341 DTXSID10280659 DTXSID90598188 DTXSID20449336 DTXSID30818579
DTXSID90182288	DTXSID60368299 DTXSID50404332 DTXSID30313034 DTXSID90578445 DTXSID60695476 DTXSID00462285 DTXSID30818574 DTXSID90624976 DTXSID20321380 DTXSID70674131 DTXSID50607326 DTXSID70562589 DTXSID10371591 DTXSID8036653 DTXSID50656218 DTXSID30201705 DTXSID70835922 DTXSID00697813 DTXSID80402341 DTXSID70791175
DTXSID40607855	DTXSID00574332 DTXSID70693201 DTXSID20679136 DTXSID90616634 DTXSID70399413 DTXSID00183887 DTXSID90598188 DTXSID90802010 DTXSID40659692 DTXSID50841309 DTXSID70837562 DTXSID40734014 DTXSID10280659 DTXSID80557042 DTXSID20378692 DTXSID90325153 DTXSID90784882 DTXSID10651542 DTXSID40451698 DTXSID20867834
DTXSID50709955	DTXSID20750954 DTXSID90806856 DTXSID00752693 DTXSID70800130 DTXSID00828564 DTXSID50798187 DTXSID30867724 DTXSID00767500 DTXSID60469452 DTXSID50658550 DTXSID30398346 DTXSID30174849 DTXSID30155633 DTXSID20765467 DTXSID80241994 DTXSID6048888 DTXSID10658374 DTXSID90693561 DTXSID60795809 DTXSID90398428
DTXSID30537475	DTXSID70674131 DTXSID50844436 DTXSID90306129 DTXSID10280659 DTXSID70791175 DTXSID50656218 DTXSID40533943 DTXSID00462285 DTXSID50841309 DTXSID8036653 DTXSID70693201 DTXSID70562589 DTXSID40295857 DTXSID90598188 DTXSID20321380 DTXSID10371591 DTXSID00542450 DTXSID90182288 DTXSID40659692 DTXSID40490688
DTXSID40293717	DTXSID10287204 DTXSID30662913 DTXSID90473567 DTXSID10459065 DTXSID50526447 DTXSID00614161 DTXSID50593492 DTXSID80208966 DTXSID00420845 DTXSID20207695 DTXSID10296831 DTXSID20585788 DTXSID40726878 DTXSID50533277 DTXSID00312019 DTXSID50366244 DTXSID70647749 DTXSID10659624 DTXSID00495098 DTXSID00621850
DTXSID20454682	DTXSID6070560 DTXSID60887995 DTXSID60834161 DTXSID90284610 DTXSID50423907 DTXSID60499097 DTXSID90445022 DTXSID20675239 DTXSID40820608 DTXSID10647309 DTXSID80541481 DTXSID20737725 DTXSID10667542 DTXSID80238102 DTXSID80506732 DTXSID20805731 DTXSID70743932 DTXSID20554217 DTXSID00203059 DTXSID50858836
DTXSID80426981	DTXSID80395209 DTXSID90669645 DTXSID60143962 DTXSID80724393 DTXSID80402669 DTXSID20367369 DTXSID10394942 DTXSID30434854 DTXSID10632250 DTXSID00343681 DTXSID00596812 DTXSID00372673 DTXSID80181826 DTXSID80742936 DTXSID00225594 DTXSID70170209 DTXSID3042506 DTXSID10621083 DTXSID50618174 DTXSID60533187
DTXSID50604471	DTXSID60209350 DTXSID80625058 DTXSID30395714 DTXSID20450149 DTXSID70366049 DTXSID50743096 DTXSID30159237 DTXSID70529475 DTXSID30632272 DTXSID90624976 DTXSID20489156 DTXSID70835922 DTXSID10641428 DTXSID50404332 DTXSID30671565 DTXSID30313034 DTXSID60695476 DTXSID60368299 DTXSID80577280 DTXSID30818574
DTXSID50837267	DTXSID90791359 DTXSID80325723 DTXSID70645886 DTXSID10384429 DTXSID70875984 DTXSID1067833 DTXSID70668959 DTXSID90430256 DTXSID70815446 DTXSID60589583 DTXSID90596124 DTXSID10144424 DTXSID60196094 DTXSID20739784 DTXSID20408685 DTXSID90699861 DTXSID70280852 DTXSID60290586 DTXSID40606782 DTXSID40641294
DTXSID90578445	DTXSID50680679 DTXSID90182288 DTXSID30818574 DTXSID30313034 DTXSID60368299 DTXSID70562589 DTXSID10380608 DTXSID8036653 DTXSID10371591 DTXSID60695476 DTXSID00697813 DTXSID30496230 DTXSID80402341 DTXSID50656218 DTXSID30757297 DTXSID00698709 DTXSID80577280 DTXSID90624976 DTXSID20822403 DTXSID20321380
DTXSID80503569	DTXSID70678917 DTXSID50481325 DTXSID30766203 DTXSID70742607 DTXSID90664317 DTXSID00645374 DTXSID20879154 DTXSID30532480 DTXSID50454276 DTXSID70388408 DTXSID30876412 DTXSID30191596 DTXSID90445749 DTXSID60408361 DTXSID70694839 DTXSID80200763 DTXSID50594348 DTXSID00312413 DTXSID00649796 DTXSID50739813
DTXSID60667299	DTXSID60734071 DTXSID90827602 DTXSID70650576 DTXSID60405698 DTXSID00520839 DTXSID20372110 DTXSID10590482 DTXSID50384160 DTXSID20738530 DTXSID40650068 DTXSID50524963 DTXSID4040343 DTXSID10778026 DTXSID60802643 DTXSID30464712 DTXSID70721139 DTXSID80801219 DTXSID70542583 DTXSID30350580 DTXSID70671842
DTXSID80738455	DTXSID20751188 DTXSID30506146 DTXSID40624587 DTXSID80681634 DTXSID50727078 DTXSID20511764 DTXSID50729870 DTXSID50240651 DTXSID90406390 DTXSID80652703 DTXSID9074642 DTXSID80845794 DTXSID90706903 DTXSID60696569 DTXSID00846006 DTXSID80416549 DTXSID00295777 DTXSID90550105 DTXSID50180326 DTXSID80326134
DTXSID50616953	DTXSID00332196 DTXSID50843540 DTXSID20440303 DTXSID40300394 DTXSID80388515 DTXSID60344275 DTXSID20509762 DTXSID70649208 DTXSID40674401 DTXSID80308495 DTXSID50374021 DTXSID10597451 DTXSID90807202 DTXSID2062032 DTXSID10355255 DTXSID20812728 DTXSID90468897 DTXSID70293240 DTXSID40494060 DTXSID50646174
DTXSID50649605	DTXSID60635918 DTXSID60649439 DTXSID1025693 DTXSID60481972 DTXSID10428534 DTXSID90696310 DTXSID10834858 DTXSID70874098 DTXSID60540114 DTXSID10829527 DTXSID90453768 DTXSID20834965 DTXSID10144383 DTXSID50215283 DTXSID50651006 DTXSID50528446 DTXSID50427884 DTXSID80554157 DTXSID50640470 DTXSID70849443
DTXSID00667394	DTXSID2059275 DTXSID90500923 DTXSID60368274 DTXSID60511748 DTXSID30818211 DTXSID70349498 DTXSID80424583 DTXSID90592080 DTXSID50144802 DTXSID9070612 DTXSID90520888 DTXSID70518021 DTXSID30851865 DTXSID80492267 DTXSID4052051 DTXSID60202720 DTXSID10326566 DTXSID70826875 DTXSID80340113 DTXSID20342651
DTXSID50457540	DTXSID80876684 DTXSID50847765 DTXSID60586219 DTXSID90616912 DTXSID90667540 DTXSID50187390 DTXSID80543420 DTXSID10563075 DTXSID10345757 DTXSID10489948 DTXSID40365761 DTXSID00553187 DTXSID20479512 DTXSID30733677 DTXSID00663053 DTXSID60405779 DTXSID30640913 DTXSID00323882 DTXSID20318497 DTXSID30617640
DTXSID30768005	DTXSID60767243 DTXSID20627273 DTXSID80625518 DTXSID60334732 DTXSID90610016 DTXSID60627272 DTXSID00498408 DTXSID60768018 DTXSID80824408 DTXSID70840778 DTXSID40604041 DTXSID20793129 DTXSID20337941 DTXSID40718915 DTXSID10338028 DTXSID40767246 DTXSID10579631 DTXSID60818128 DTXSID20818129 DTXSID40338031
DTXSID90507811	DTXSID80666461 DTXSID60212142 DTXSID10808695 DTXSID10563954 DTXSID50280274 DTXSID80375086 DTXSID50743511 DTXSID50632259 DTXSID40425995 DTXSID30579759 DTXSID40736614 DTXSID40351048 DTXSID10288332 DTXSID50736064 DTXSID40156813 DTXSID4059253 DTXSID60283352 DTXSID90401300 DTXSID50751116 DTXSID20360335
DTXSID80810740	DTXSID60672065 DTXSID40663355 DTXSID20472346 DTXSID60856883 DTXSID80726812 DTXSID50478391 DTXSID30180309 DTXSID40675519 DTXSID90366162 DTXSID10594329 DTXSID00343944 DTXSID80458641 DTXSID20301864 DTXSID20430340 DTXSID60832561 DTXSID80694683 DTXSID20342757 DTXSID50610734 DTXSID60632568 DTXSID10214297
DTXSID40615076	DTXSID70746584 DTXSID90415609 DTXSID50830455 DTXSID40329005 DTXSID80315841 DTXSID70895420 DTXSID50240176 DTXSID20873839 DTXSID4072813 DTXSID10829820 DTXSID90577150 DTXSID4057716 DTXSID00830884 DTXSID80833590 DTXSID60826127 DTXSID50841546 DTXSID50275680 DTXSID40766118 DTXSID90762382 DTXSID50786261
DTXSID60790112	DTXSID50766987 DTXSID4072316 DTXSID00452661 DTXSID70459546 DTXSID30503079 DTXSID10592128 DTXSID80817239 DTXSID70525598 DTXSID10607125 DTXSID30514509 DTXSID30845542 DTXSID10771512 DTXSID6052039 DTXSID10834934 DTXSID00834226 DTXSID40711249 DTXSID80552597 DTXSID00705664 DTXSID50528623 DTXSID30479306
DTXSID80627158	DTXSID80356057 DTXSID30620215 DTXSID40517460 DTXSID80563209 DTXSID80516730 DTXSID70350302 DTXSID80700192 DTXSID60469614 DTXSID60578412 DTXSID40478209 DTXSID70665448 DTXSID30646571 DTXSID90406719 DTXSID50167293 DTXSID10694595 DTXSID00646629 DTXSID70578549 DTXSID30371053 DTXSID60383684 DTXSID40390270
DTXSID00749821	DTXSID10310021 DTXSID80369369 DTXSID40415492 DTXSID20801894 DTXSID00374536 DTXSID50651304 DTXSID50281226 DTXSID00225594 DTXSID90208553 DTXSID00614525 DTXSID50462957 DTXSID20218842 DTXSID60681854 DTXSID60155343 DTXSID80395209 DTXSID6062672 DTXSID80791282 DTXSID10621083 DTXSID80181826 DTXSID1068853
DTXSID00374536	DTXSID50281226 DTXSID90208553 DTXSID00614525 DTXSID40415492 DTXSID70514624 DTXSID80369369 DTXSID60681854 DTXSID6062672 DTXSID00749821 DTXSID30410198 DTXSID00341086 DTXSID30307175 DTXSID50604451 DTXSID60424884 DTXSID80791282 DTXSID70620279 DTXSID00611337 DTXSID90473522 DTXSID50651304 DTXSID20774958
DTXSID80156756	DTXSID60399760 DTXSID10410373 DTXSID00405955 DTXSID90850096 DTXSID10809501 DTXSID00338633 DTXSID70569992 DTXSID10237007 DTXSID80275936 DTXSID10560226 DTXSID00206505 DTXSID00562052 DTXSID80175861 DTXSID60877351 DTXSID10302946 DTXSID00579281 DTXSID20357760 DTXSID50736206 DTXSID50762101 DTXSID50465827
DTXSID00453451	DTXSID80531529 DTXSID30485028 DTXSID70647688 DTXSID60712218 DTXSID30511452 DTXSID0064672 DTXSID80299970 DTXSID20477912 DTXSID50524701 DTXSID60536719 DTXSID80338176 DTXSID20645871 DTXSID70611081 DTXSID10733074 DTXSID1068229 DTXSID70404955 DTXSID70708324 DTXSID00725605 DTXSID80744117 DTXSID90326600
DTXSID60813951	DTXSID80593541 DTXSID60512533 DTXSID10288170 DTXSID10621200 DTXSID80684347 DTXSID60157009 DTXSID80391327 DTXSID80733122 DTXSID40719260 DTXSID90674537 DTXSID70657121 DTXSID60388210 DTXSID50190364 DTXSID90291526 DTXSID30827181 DTXSID30542746 DTXSID30857029 DTXSID90663466 DTXSID60668963 DTXSID90748782
DTXSID80682262	DTXSID40577988 DTXSID20847232 DTXSID20756335 DTXSID10847428 DTXSID10712061 DTXSID80552653 DTXSID90626591 DTXSID30873623 DTXSID40693233 DTXSID70736602 DTXSID20858505 DTXSID20590413 DTXSID20532696 DTXSID70392924 DTXSID20743427 DTXSID10306424 DTXSID50590148 DTXSID20761262 DTXSID70496658 DTXSID80513800
DTXSID10519178	DTXSID90591699 DTXSID10505874 DTXSID60357421 DTXSID80183441 DTXSID00711265 DTXSID50825200 DTXSID20661056 DTXSID80431818 DTXSID70738949 DTXSID20520119 DTXSID40621910 DTXSID60626947 DTXSID20503104 DTXSID30344888 DTXSID80222783 DTXSID70646651 DTXSID00513862 DTXSID90602810 DTXSID20299676 DTXSID40213495
DTXSID10525294	DTXSID70663580 DTXSID40552518 DTXSID70641121 DTXSID70534448 DTXSID2061480 DTXSID20506014 DTXSID60777408 DTXSID80875894 DTXSID70500800 DTXSID10634996 DTXSID40783663 DTXSID30534449 DTXSID00586415 DTXSID90885863 DTXSID00463292 DTXSID90376448 DTXSID20350337 DTXSID10442477 DTXSID50610633 DTXSID80309280
DTXSID20485012	DTXSID40588413 DTXSID40513381 DTXSID80736618 DTXSID60217359 DTXSID30395633 DTXSID00485015 DTXSID60842746 DTXSID80572891 DTXSID60532291 DTXSID40313303 DTXSID50849961 DTXSID10826758 DTXSID80604707 DTXSID10726820 DTXSID70584923 DTXSID80290306 DTXSID90185370 DTXSID60856080 DTXSID60569264 DTXSID30452775
DTXSID20372397	DTXSID90405863 DTXSID00287793 DTXSID20831095 DTXSID00174816 DTXSID10607786 DTXSID90152749 DTXSID00366416 DTXSID00700114 DTXSID20356697 DTXSID00676663 DTXSID50170540 DTXSID80760539 DTXSID80549528 DTXSID30615747 DTXSID40312593 DTXSID40454942 DTXSID60669213 DTXSID40652860 DTXSID80383383 DTXSID90540400
DTXSID30474098	DTXSID00390236 DTXSID00196518 DTXSID70282356 DTXSID50569319 DTXSID00508096 DTXSID50304449 DTXSID40633972 DTXSID90370522 DTXSID80771766 DTXSID10292035 DTXSID80851239 DTXSID40280980 DTXSID60354011 DTXSID10601360 DTXSID20867834 DTXSID60601471 DTXSID40696461 DTXSID30704488 DTXSID60727382 DTXSID10607544
DTXSID90594246	DTXSID40390270 DTXSID60307643 DTXSID80428006 DTXSID50283447 DTXSID90847123 DTXSID00736695 DTXSID20436221 DTXSID00307642 DTXSID10694595 DTXSID30646551 DTXSID60383684 DTXSID90403440 DTXSID00739141 DTXSID30618536 DTXSID30646571 DTXSID60442068 DTXSID40432169 DTXSID70350302 DTXSID60566016 DTXSID00211053
DTXSID40641996	DTXSID30848593 DTXSID80288586 DTXSID70224155 DTXSID50512103 DTXSID00810702 DTXSID70589791 DTXSID90200471 DTXSID90649664 DTXSID10794382 DTXSID30303798 DTXSID30725633 DTXSID40357808 DTXSID8032675 DTXSID00738654 DTXSID80492621 DTXSID20742031 DTXSID70500269 DTXSID50383330 DTXSID10455784 DTXSID10223001
DTXSID60675172	DTXSID90353214 DTXSID00615431 DTXSID90302707 DTXSID60641211 DTXSID00303785 DTXSID2051978 DTXSID00735688 DTXSID40705805 DTXSID50467720 DTXSID10786702 DTXSID90809448 DTXSID80222480 DTXSID50528608 DTXSID00438884 DTXSID10884631 DTXSID60179645 DTXSID80729287 DTXSID10485607 DTXSID50391273 DTXSID70569573
DTXSID90648819	DTXSID50474035 DTXSID80562318 DTXSID50345892 DTXSID90725351 DTXSID70693842 DTXSID00391501 DTXSID50145874 DTXSID30223841 DTXSID40646269 DTXSID10478731 DTXSID80701725 DTXSID80162953 DTXSID30663980 DTXSID00482887 DTXSID50627165 DTXSID70383211 DTXSID50351190 DTXSID40515688 DTXSID30735590 DTXSID70239542
DTXSID50697429	DTXSID30787357 DTXSID60588576 DTXSID20368194 DTXSID70202337 DTXSID20834086 DTXSID10393657 DTXSID10618519 DTXSID60739526 DTXSID50631606 DTXSID50179518 DTXSID90695323 DTXSID20605314 DTXSID50646755 DTXSID30678938 DTXSID00730012 DTXSID80740250 DTXSID80710670 DTXSID00585347 DTXSID80439612 DTXSID90840538
DTXSID70351511	DTXSID10876016 DTXSID30641809 DTXSID80181205 DTXSID00304292 DTXSID50568069 DTXSID60292368 DTXSID80306315 DTXSID40821519 DTXSID70843961 DTXSID30625841 DTXSID70450412 DTXSID00220968 DTXSID20381166 DTXSID30642477 DTXSID10463849 DTXSID50733937 DTXSID40505180 DTXSID80383500 DTXSID90766406 DTXSID50315974
DTXSID90164963	DTXSID80601918 DTXSID70403367 DTXSID00241638 DTXSID40634126 DTXSID30529310 DTXSID50670919 DTXSID80528156 DTXSID50624477 DTXSID60477951 DTXSID10586542 DTXSID30856658 DTXSID10391274 DTXSID10642071 DTXSID30727910 DTXSID90625963 DTXSID90571239 DTXSID10851404 DTXSID00576634 DTXSID30419742 DTXSID60427815
DTXSID50716063	DTXSID30615166 DTXSID10787436 DTXSID80700137 DTXSID10767591 DTXSID90624532 DTXSID20274988 DTXSID60192657 DTXSID50321954 DTXSID30444296 DTXSID00352617 DTXSID00810328 DTXSID20702716 DTXSID70725612 DTXSID70545195 DTXSID60550556 DTXSID80369526 DTXSID10839444 DTXSID80151882 DTXSID00346298 DTXSID2046836
DTXSID30346509	DTXSID00551027 DTXSID90464854 DTXSID90433782 DTXSID30525231 DTXSID4062519 DTXSID60625556 DTXSID30524340 DTXSID20495494 DTXSID10472219 DTXSID80450948 DTXSID50545613 DTXSID10198806 DTXSID40791748 DTXSID50851665 DTXSID60481437 DTXSID10510948 DTXSID30639589 DTXSID10467660 DTXSID20813437 DTXSID80552279
DTXSID00483778	DTXSID10502308 DTXSID50398429 DTXSID90734084 DTXSID40296046 DTXSID90553656 DTXSID40356538 DTXSID80892809 DTXSID40595309 DTXSID50580983 DTXSID30402492 DTXSID60762319 DTXSID20145200 DTXSID20516815 DTXSID70567352 DTXSID20346755 DTXSID70201941 DTXSID80212043 DTXSID20340490 DTXSID90567930 DTXSID40481576
DTXSID20719162	DTXSID40637430 DTXSID10606310 DTXSID60430268 DTXSID30400357 DTXSID20336777 DTXSID20701062 DTXSID50816451 DTXSID50173692 DTXSID30294197 DTXSID00854782 DTXSID10448999 DTXSID90723953 DTXSID00866926 DTXSID10843167 DTXSID40148874 DTXSID70848835 DTXSID80241994 DTXSID90693561 DTXSID40719149 DTXSID50214771
DTXSID80857236	DTXSID6040371 DTXSID60618928 DTXSID80215670 DTXSID40559067 DTXSID20372756 DTXSID60508234 DTXSID00571927 DTXSID30642235 DTXSID40752753 DTXSID10845207 DTXSID00768097 DTXSID80704312 DTXSID20351187 DTXSID80214022 DTXSID00473518 DTXSID40279773 DTXSID20707923 DTXSID00811431 DTXSID70857447 DTXSID00453198
DTXSID20719167	DTXSID20735721 DTXSID50471468 DTXSID70170502 DTXSID90560582 DTXSID70697582 DTXSID10303190 DTXSID80694466 DTXSID30291883 DTXSID40738931 DTXSID50872976 DTXSID20605758 DTXSID30217503 DTXSID30675003 DTXSID20478323 DTXSID80162079 DTXSID00458764 DTXSID60678188 DTXSID80836369 DTXSID90726161 DTXSID60721022
DTXSID70612538	DTXSID10865142 DTXSID50436431 DTXSID50294250 DTXSID60800821 DTXSID80879493 DTXSID60640062 DTXSID70666899 DTXSID60656749 DTXSID50355557 DTXSID80754296 DTXSID60369660 DTXSID70495863 DTXSID80769224 DTXSID00609077 DTXSID70560666 DTXSID90156141 DTXSID10280518 DTXSID20548313 DTXSID60281555 DTXSID60154331
DTXSID70509818	DTXSID70554121 DTXSID60527743 DTXSID40791662 DTXSID00489694 DTXSID10497361 DTXSID40550190 DTXSID00716235 DTXSID40642428 DTXSID50705750 DTXSID70226876 DTXSID10189714 DTXSID80657334 DTXSID80753941 DTXSID40399561 DTXSID10165937 DTXSID30287165 DTXSID60818047 DTXSID50293203 DTXSID20379280 DTXSID2052360
DTXSID40219538	DTXSID50804838 DTXSID30192063 DTXSID90278413 DTXSID20783666 DTXSID10403184 DTXSID50214771 DTXSID30579431 DTXSID40662500 DTXSID20514871 DTXSID20568798 DTXSID40473875 DTXSID90750941 DTXSID00198037 DTXSID7072337 DTXSID70574283 DTXSID20797647 DTXSID90561099 DTXSID10744741 DTXSID40677396 DTXSID80792077
DTXSID80830084	DTXSID30886990 DTXSID20798912 DTXSID40852060 DTXSID50853381 DTXSID70675345 DTXSID40510597 DTXSID20159342 DTXSID00225190 DTXSID10292631 DTXSID10811083 DTXSID70716782 DTXSID00844946 DTXSID50850153 DTXSID00750356 DTXSID10802714 DTXSID30592145 DTXSID00719322 DTXSID70808616 DTXSID80241717 DTXSID70770268
DTXSID80365482	DTXSID70822074 DTXSID70529697 DTXSID60842620 DTXSID5026548 DTXSID80748150 DTXSID20320999 DTXSID00638044 DTXSID10144949 DTXSID80311045 DTXSID00632961 DTXSID70536543 DTXSID50320407 DTXSID50569758 DTXSID50840392 DTXSID80878082 DTXSID10509216 DTXSID00701883 DTXSID50878074 DTXSID20503927 DTXSID50170787
DTXSID10240733	DTXSID40488742 DTXSID60522556 DTXSID30456915 DTXSID50448771 DTXSID20323440 DTXSID60496400 DTXSID00621052 DTXSID70651442 DTXSID00720559 DTXSID80493395 DTXSID10421101 DTXSID90559138 DTXSID90602370 DTXSID30181735 DTXSID80629657 DTXSID70436918 DTXSID30709812 DTXSID90693223 DTXSID30596148 DTXSID70333175
DTXSID10837763	DTXSID40857297 DTXSID50151738 DTXSID50807309 DTXSID00485176 DTXSID90748989 DTXSID50763875 DTXSID00646740 DTXSID60646089 DTXSID80180238 DTXSID80668581 DTXSID10711857 DTXSID40404068 DTXSID50191730 DTXSID50660774 DTXSID40856184 DTXSID20593989 DTXSID70283005 DTXSID50558329 DTXSID40483116 DTXSID80502870
DTXSID20573165	DTXSID90497142 DTXSID90330949 DTXSID00375361 DTXSID70857629 DTXSID70731571 DTXSID30444372 DTXSID00739348 DTXSID10399351 DTXSID10619203 DTXSID90621804 DTXSID60640668 DTXSID80169381 DTXSID20345824 DTXSID70566047 DTXSID60575966 DTXSID50625161 DTXSID70879341 DTXSID40504658 DTXSID00346814 DTXSID20346174
DTXSID00292362	DTXSID20676403 DTXSID90821201 DTXSID90151732 DTXSID10700887 DTXSID40385343 DTXSID90850713 DTXSID90572428 DTXSID10498196 DTXSID70434232 DTXSID9044293 DTXSID90330222 DTXSID40753881 DTXSID40721964 DTXSID60667653 DTXSID40606308 DTXSID50297443 DTXSID10660816 DTXSID90778569 DTXSID60240667 DTXSID80447398
DTXSID00603050	DTXSID40334154 DTXSID70783414 DTXSID9065364 DTXSID50712227 DTXSID40384679 DTXSID70647688 DTXSID00887994 DTXSID10831908 DTXSID20645871 DTXSID00182673 DTXSID0064672 DTXSID60327528 DTXSID90193758 DTXSID40407377 DTXSID80299970 DTXSID10561910 DTXSID80531529 DTXSID10452955 DTXSID00453451 DTXSID00282965
DTXSID50718047	DTXSID20801632 DTXSID50404352 DTXSID80766536 DTXSID20837451 DTXSID90423986 DTXSID70477361 DTXSID80437850 DTXSID50771354 DTXSID60388215 DTXSID1070856 DTXSID70880614 DTXSID70399014 DTXSID6066862 DTXSID60615952 DTXSID1040247 DTXSID40601636 DTXSID80275835 DTXSID20818129 DTXSID20752115 DTXSID40194710
DTXSID00430101	DTXSID60896042 DTXSID10896395 DTXSID40752516 DTXSID30897546 DTXSID40876645 DTXSID60535348 DTXSID00851251 DTXSID10394967 DTXSID30889002 DTXSID50523178 DTXSID60769489 DTXSID90312927 DTXSID40376130 DTXSID40877197 DTXSID20875813 DTXSID90294375 DTXSID70889001 DTXSID40839114 DTXSID60320519 DTXSID30789432
DTXSID90805965	DTXSID80856784 DTXSID20453519 DTXSID50650796 DTXSID80640322 DTXSID10515256 DTXSID50454695 DTXSID80480689 DTXSID80241550 DTXSID80611310 DTXSID50421640 DTXSID30392965 DTXSID30634231 DTXSID10659745 DTXSID50458315 DTXSID00154719 DTXSID50282854 DTXSID40822687 DTXSID20566476 DTXSID50552024 DTXSID40625731
DTXSID20739784	DTXSID70668959 DTXSID70875984 DTXSID10384429 DTXSID60196094 DTXSID80391786 DTXSID00487933 DTXSID90791359 DTXSID00837752 DTXSID80608826 DTXSID00346298 DTXSID10144424 DTXSID40308254 DTXSID70465081 DTXSID50837267 DTXSID10332006 DTXSID90596124 DTXSID70628795 DTXSID3037549 DTXSID70815446 DTXSID80325723
DTXSID3068126	DTXSID70288277 DTXSID40454326 DTXSID10597653 DTXSID50388749 DTXSID60318532 DTXSID90178368 DTXSID90502841 DTXSID00179881 DTXSID00393560 DTXSID70480092 DTXSID70589478 DTXSID40836047 DTXSID60524373 DTXSID80753441 DTXSID60374335 DTXSID00362579 DTXSID90300667 DTXSID20453973 DTXSID60621912 DTXSID20886101
DTXSID00663275	DTXSID70600798 DTXSID80486404 DTXSID40467294 DTXSID10592481 DTXSID50439841 DTXSID00673733 DTXSID10510680 DTXSID20703682 DTXSID60425230 DTXSID90385974 DTXSID10499269 DTXSID40171485 DTXSID70734305 DTXSID10696317 DTXSID70739870 DTXSID00489134 DTXSID10163594 DTXSID50640399 DTXSID9022100 DTXSID10680650
DTXSID10718149	DTXSID40763107 DTXSID40759080 DTXSID20803095 DTXSID70713711 DTXSID80803096 DTXSID10290430 DTXSID50615143 DTXSID80783627 DTXSID90339119 DTXSID70546066 DTXSID20748694 DTXSID70701754 DTXSID70570841 DTXSID70809204 DTXSID2073017 DTXSID70348188 DTXSID60433259 DTXSID30218656 DTXSID50609507 DTXSID30824958
DTXSID5051602	DTXSID50332560 DTXSID10396481 DTXSID00374011 DTXSID40473991 DTXSID50849249 DTXSID40459811 DTXSID50653949 DTXSID90805602 DTXSID40241632 DTXSID70832754 DTXSID30527699 DTXSID20807311 DTXSID30742365 DTXSID80606589 DTXSID20766015 DTXSID20695831 DTXSID00418328 DTXSID10326081 DTXSID30698318 DTXSID60455951
DTXSID30173276	DTXSID30515874 DTXSID20216666 DTXSID10609765 DTXSID10626018 DTXSID30572083 DTXSID30313695 DTXSID80292683 DTXSID60765587 DTXSID00488824 DTXSID60233812 DTXSID40430160 DTXSID40507644 DTXSID10361513 DTXSID50776829 DTXSID90193915 DTXSID10399659 DTXSID80224782 DTXSID60542335 DTXSID20599022 DTXSID20589302
DTXSID10371773	DTXSID20698160 DTXSID90739716 DTXSID50576907 DTXSID80302291 DTXSID40619211 DTXSID20624964 DTXSID60784278 DTXSID90444015 DTXSID60400628 DTXSID90355415 DTXSID50187552 DTXSID60709284 DTXSID10652953 DTXSID90380868 DTXSID30194007 DTXSID70214273 DTXSID90452650 DTXSID30694618 DTXSID10177934 DTXSID50879364
DTXSID40846969	DTXSID10436856 DTXSID00192772 DTXSID20697239 DTXSID50197510 DTXSID90809004 DTXSID20352992 DTXSID50708403 DTXSID30586246 DTXSID70578327 DTXSID90614236 DTXSID90293308 DTXSID80757646 DTXSID90509411 DTXSID50388229 DTXSID30536807 DTXSID30617640 DTXSID00430464 DTXSID00739949 DTXSID80752176 DTXSID20790592
DTXSID50378827	DTXSID60295137 DTXSID00504311 DTXSID30370420 DTXSID30336223 DTXSID80241994 DTXSID60783822 DTXSID00813511 DTXSID00854782 DTXSID10211044 DTXSID30398346 DTXSID50658550 DTXSID00828564 DTXSID00809530 DTXSID30174849 DTXSID50709955 DTXSID90738901 DTXSID20750954 DTXSID50761336 DTXSID30385716 DTXSID30798185
DTXSID90423986	DTXSID70880614 DTXSID50771354 DTXSID70477361 DTXSID50718047 DTXSID20801632 DTXSID60615952 DTXSID50718906 DTXSID40338031 DTXSID20818129 DTXSID6066862 DTXSID30519534 DTXSID80766536 DTXSID50404352 DTXSID60818128 DTXSID1070856 DTXSID60388215 DTXSID20837451 DTXSID80437850 DTXSID00402808 DTXSID40718915
DTXSID70769793	DTXSID40163668 DTXSID50790787 DTXSID9041023 DTXSID00292524 DTXSID80634549 DTXSID70710346 DTXSID70809204 DTXSID70348188 DTXSID10609947 DTXSID60823212 DTXSID60675950 DTXSID50759096 DTXSID80768398 DTXSID20888665 DTXSID70790805 DTXSID50730860 DTXSID00804404 DTXSID10805149 DTXSID80830605 DTXSID50533959
DTXSID80660101	DTXSID80696829 DTXSID60636561 DTXSID30157839 DTXSID60341340 DTXSID20803419 DTXSID40677391 DTXSID40378694 DTXSID50363339 DTXSID00358154 DTXSID50560684 DTXSID50568201 DTXSID70158284 DTXSID20479512 DTXSID00805870 DTXSID20876002 DTXSID80752176 DTXSID00303922 DTXSID10489948 DTXSID40724415 DTXSID30176388
DTXSID1023447	DTXSID30285782 DTXSID60752593 DTXSID30173534 DTXSID10776421 DTXSID8067105 DTXSID70641227 DTXSID30471305 DTXSID10241220 DTXSID00361284 DTXSID20565449 DTXSID40283895 DTXSID60460489 DTXSID20849418 DTXSID00340756 DTXSID60545649 DTXSID90492910 DTXSID10475826 DTXSID00781766 DTXSID0075106 DTXSID20351581
DTXSID90780526	DTXSID90443907 DTXSID70592886 DTXSID60794897 DTXSID80601635 DTXSID90539798 DTXSID80331586 DTXSID20806607 DTXSID0046513 DTXSID60478428 DTXSID30772566 DTXSID10757336 DTXSID5074472 DTXSID30239664 DTXSID40194710 DTXSID50552443 DTXSID50757335 DTXSID40581924 DTXSID80275835 DTXSID70399014 DTXSID40484941
DTXSID80229196	DTXSID10463425 DTXSID60363224 DTXSID00874349 DTXSID90395215 DTXSID70835068 DTXSID50277806 DTXSID00759581 DTXSID70606674 DTXSID50682239 DTXSID30651367 DTXSID50278717 DTXSID40551980 DTXSID90473582 DTXSID50354606 DTXSID90845265 DTXSID10888816 DTXSID90509133 DTXSID10311119 DTXSID50455440 DTXSID70667260
DTXSID50323554	DTXSID00744412 DTXSID70398168 DTXSID20545261 DTXSID00831917 DTXSID40764472 DTXSID60552611 DTXSID70372524 DTXSID10177959 DTXSID80665419 DTXSID10855821 DTXSID60439599 DTXSID10632250 DTXSID10394942 DTXSID90349172 DTXSID60204269 DTXSID30434854 DTXSID90308284 DTXSID3042506 DTXSID30218136 DTXSID60735008
DTXSID90361339	DTXSID90709196 DTXSID20656467 DTXSID00421630 DTXSID00364871 DTXSID60728172 DTXSID70327473 DTXSID40620145 DTXSID40585689 DTXSID60825514 DTXSID30554965 DTXSID30274378 DTXSID30288591 DTXSID20857598 DTXSID00795722 DTXSID7058048 DTXSID30718308 DTXSID30290316 DTXSID20428787 DTXSID00464704 DTXSID00531041
DTXSID80190337	DTXSID80279131 DTXSID90783198 DTXSID40674183 DTXSID10732825 DTXSID40694588 DTXSID70805822 DTXSID50437069 DTXSID70287543 DTXSID50315419 DTXSID50306463 DTXSID20778436 DTXSID90313636 DTXSID70820898 DTXSID20406545 DTXSID80729868 DTXSID60707765 DTXSID40310872 DTXSID20770410 DTXSID50412755 DTXSID80321321
DTXSID40326736	DTXSID40695111 DTXSID00771248 DTXSID10398708 DTXSID60551285 DTXSID20509929 DTXSID00653050 DTXSID60675475 DTXSID70519199 DTXSID30549811 DTXSID60390353 DTXSID00179881 DTXSID20423499 DTXSID90178368 DTXSID00443695 DTXSID70439227 DTXSID10692879 DTXSID50885905 DTXSID9059541 DTXSID20285978 DTXSID00710657
DTXSID00823534	DTXSID10782320 DTXSID70823546 DTXSID70880598 DTXSID40156575 DTXSID4070378 DTXSID00454862 DTXSID70880417 DTXSID40823497 DTXSID30851507 DTXSID00832722 DTXSID40333127 DTXSID30155996 DTXSID80773083 DTXSID40652547 DTXSID40874762 DTXSID60874764 DTXSID30825102 DTXSID10218654 DTXSID90155270 DTXSID50783619
DTXSID80456102	DTXSID80693833 DTXSID20429436 DTXSID40418766 DTXSID00640283 DTXSID50171214 DTXSID20322579 DTXSID00625136 DTXSID70715619 DTXSID90232353 DTXSID10606431 DTXSID10579757 DTXSID60519486 DTXSID70774685 DTXSID60514991 DTXSID10634416 DTXSID20595640 DTXSID10555314 DTXSID40439279 DTXSID20655394 DTXSID20453352
DTXSID10584765	DTXSID10195315 DTXSID80404426 DTXSID30465800 DTXSID10367292 DTXSID50524201 DTXSID80741368 DTXSID30824690 DTXSID50323731 DTXSID90344526 DTXSID80428662 DTXSID80597524 DTXSID30628918 DTXSID30853743 DTXSID20742591 DTXSID60400325 DTXSID70614239 DTXSID20193125 DTXSID40233512 DTXSID00739525 DTXSID80449256
DTXSID60479238	DTXSID40855379 DTXSID60704577 DTXSID00876505 DTXSID20489156 DTXSID90667267 DTXSID30671565 DTXSID80174874 DTXSID20787826 DTXSID40298565 DTXSID80625058 DTXSID50564682 DTXSID60589583 DTXSID40606782 DTXSID10641428 DTXSID70184189 DTXSID70592240 DTXSID50743096 DTXSID30810715 DTXSID20306314 DTXSID70355317
DTXSID60409252	DTXSID70605021 DTXSID70578802 DTXSID80841231 DTXSID80827797 DTXSID30851865 DTXSID30813069 DTXSID20754952 DTXSID80424583 DTXSID70484378 DTXSID00712999 DTXSID50467164 DTXSID20383281 DTXSID90364027 DTXSID30148065 DTXSID90293828 DTXSID30818211 DTXSID70518021 DTXSID20346871 DTXSID20579662 DTXSID20293179
DTXSID00377183	DTXSID90499429 DTXSID50677665 DTXSID00836962 DTXSID40235753 DTXSID70167255 DTXSID60604220 DTXSID70466457 DTXSID40339083 DTXSID20474022 DTXSID70182509 DTXSID50460438 DTXSID50307490 DTXSID90501531 DTXSID20307866 DTXSID00445639 DTXSID40395861 DTXSID60482388 DTXSID20625698 DTXSID10182503 DTXSID20241751
DTXSID30524340	DTXSID4062519 DTXSID30639589 DTXSID10472219 DTXSID20495494 DTXSID80552279 DTXSID20636986 DTXSID00814942 DTXSID90464854 DTXSID00551027 DTXSID60339080 DTXSID20459137 DTXSID80771201 DTXSID30346509 DTXSID80450948 DTXSID30737771 DTXSID40534915 DTXSID30340426 DTXSID30525231 DTXSID60481437 DTXSID40791748
DTXSID00461157	DTXSID80191703 DTXSID80627991 DTXSID00651511 DTXSID70749176 DTXSID30178327 DTXSID90354120 DTXSID20371406 DTXSID10482131 DTXSID20180252 DTXSID30453025 DTXSID70857280 DTXSID20610786 DTXSID30628892 DTXSID90292093 DTXSID00701106 DTXSID70711898 DTXSID70613904 DTXSID50206878 DTXSID80729308 DTXSID40408041
DTXSID80854048	DTXSID30823663 DTXSID20476506 DTXSID00326515 DTXSID80222344 DTXSID40652300 DTXSID20234486 DTXSID70896391 DTXSID10423387 DTXSID60327083 DTXSID80349702 DTXSID80778154 DTXSID40698521 DTXSID80700652 DTXSID00557064 DTXSID50147792 DTXSID80744314 DTXSID60896426 DTXSID10628037 DTXSID00877198 DTXSID90222451
DTXSID10356469	DTXSID70710927 DTXSID90611407 DTXSID80479391 DTXSID20394216 DTXSID90706488 DTXSID40845694 DTXSID40560350 DTXSID80855090 DTXSID00429050 DTXSID20640467 DTXSID80879731 DTXSID20424567 DTXSID20648620 DTXSID5063605 DTXSID80289396 DTXSID10354268 DTXSID20468163 DTXSID70616516 DTXSID20405275 DTXSID30450099
DTXSID2023222	DTXSID40659632 DTXSID90349995 DTXSID70794808 DTXSID00216765 DTXSID50395377 DTXSID30415688 DTXSID40434921 DTXSID90310120 DTXSID20857659 DTXSID00896142 DTXSID30389390 DTXSID90834472 DTXSID60231434 DTXSID50369891 DTXSID60297232 DTXSID90535053 DTXSID90342643 DTXSID70563218 DTXSID80384411 DTXSID50397371
DTXSID50441368	DTXSID50473745 DTXSID00707608 DTXSID20579647 DTXSID80397324 DTXSID7051686 DTXSID30578828 DTXSID50382722 DTXSID00645879 DTXSID20582959 DTXSID00667551 DTXSID30634231 DTXSID10221865 DTXSID60505389 DTXSID60375120 DTXSID10544889 DTXSID80856784 DTXSID50712227 DTXSID50458315 DTXSID70478419 DTXSID80480689
DTXSID60742111	DTXSID70274377 DTXSID20429870 DTXSID80647497 DTXSID90629749 DTXSID30761213 DTXSID00382030 DTXSID00156475 DTXSID50879142 DTXSID70672798 DTXSID30657804 DTXSID80596173 DTXSID60401296 DTXSID50704788 DTXSID20758435 DTXSID40466202 DTXSID00287899 DTXSID20656063 DTXSID30282190 DTXSID30709610 DTXSID30716667
DTXSID00816845	DTXSID80206381 DTXSID00796355 DTXSID60283413 DTXSID80852948 DTXSID40573485 DTXSID10301010 DTXSID60816588 DTXSID90675226 DTXSID90718102 DTXSID90888152 DTXSID80729641 DTXSID30656776 DTXSID90819188 DTXSID90464773 DTXSID30839224 DTXSID30674854 DTXSID70809300 DTXSID20642042 DTXSID00732511 DTXSID80159287
DTXSID70353111	DTXSID40642226 DTXSID30400690 DTXSID10650378 DTXSID80695776 DTXSID10313815 DTXSID20781223 DTXSID80436888 DTXSID30409264 DTXSID90733638 DTXSID10511354 DTXSID90549170 DTXSID70739012 DTXSID40466085 DTXSID00363884 DTXSID00318455 DTXSID60542052 DTXSID60222746 DTXSID70437465 DTXSID30558488 DTXSID80551161
DTXSID30704004	DTXSID10506048 DTXSID10820094 DTXSID20526914 DTXSID30593394 DTXSID10798188 DTXSID90398180 DTXSID00295196 DTXSID40727906 DTXSID20530950 DTXSID70836510 DTXSID00809530 DTXSID80472403 DTXSID3052355 DTXSID20734330 DTXSID70840859 DTXSID20504116 DTXSID40315180 DTXSID00515129 DTXSID00744553 DTXSID20667735
DTXSID20545105	DTXSID80653437 DTXSID00663412 DTXSID90666452 DTXSID00587649 DTXSID10385012 DTXSID60353524 DTXSID40169908 DTXSID50675065 DTXSID00309808 DTXSID80703825 DTXSID10645249 DTXSID10659285 DTXSID40820466 DTXSID50427167 DTXSID10542860 DTXSID50893606 DTXSID00822163 DTXSID10879320 DTXSID00846581 DTXSID20717067
DTXSID70428934	DTXSID70662836 DTXSID90422898 DTXSID10618094 DTXSID30713434 DTXSID40696128 DTXSID30797451 DTXSID90208699 DTXSID50154325 DTXSID40609798 DTXSID20616804 DTXSID80765302 DTXSID80665479 DTXSID50570960 DTXSID20306273 DTXSID90722587 DTXSID20294181 DTXSID00165648 DTXSID10556543 DTXSID30377479 DTXSID80297118
DTXSID80405074	DTXSID50742746 DTXSID50819321 DTXSID60193508 DTXSID60675511 DTXSID50354888 DTXSID60720717 DTXSID40200729 DTXSID60856924 DTXSID50879561 DTXSID90321837 DTXSID30705071 DTXSID40782439 DTXSID40304150 DTXSID30726443 DTXSID30418639 DTXSID20721068 DTXSID70358808 DTXSID10537195 DTXSID30190943 DTXSID90832034
DTXSID50841228	DTXSID40774819 DTXSID20310138 DTXSID50527333 DTXSID90324449 DTXSID30287665 DTXSID00217873 DTXSID10275540 DTXSID00186176 DTXSID70876815 DTXSID00799866 DTXSID00672827 DTXSID80542059 DTXSID10403003 DTXSID40530558 DTXSID80843452 DTXSID90853663 DTXSID00386558 DTXSID70297561 DTXSID50787672 DTXSID60328237
DTXSID40432169	DTXSID90162424 DTXSID60383684 DTXSID10753257 DTXSID10427320 DTXSID10298976 DTXSID40671112 DTXSID8060298 DTXSID00307642 DTXSID70578549 DTXSID60646347 DTXSID00646629 DTXSID10694595 DTXSID80626181 DTXSID80381501 DTXSID20382350 DTXSID60610700 DTXSID30646571 DTXSID20436221 DTXSID70553659 DTXSID80505982
DTXSID40732550	DTXSID40504113 DTXSID80402306 DTXSID90348983 DTXSID60356272 DTXSID30440677 DTXSID30557810 DTXSID50630270 DTXSID90392042 DTXSID20424567 DTXSID70616516 DTXSID50323675 DTXSID00513862 DTXSID20705661 DTXSID30787675 DTXSID30450099 DTXSID80699496 DTXSID10406736 DTXSID50535817 DTXSID90355798 DTXSID90633644
DTXSID90456239	DTXSID10515615 DTXSID50645627 DTXSID20278163 DTXSID30734164 DTXSID70515611 DTXSID50457308 DTXSID20804082 DTXSID70308404 DTXSID10416330 DTXSID00588237 DTXSID7057787 DTXSID20840788 DTXSID40588519 DTXSID10667143 DTXSID80298887 DTXSID10725737 DTXSID30752702 DTXSID70845187 DTXSID70471445 DTXSID40806220
DTXSID80723124	DTXSID20217653 DTXSID20800625 DTXSID30218656 DTXSID40286023 DTXSID2073017 DTXSID30815164 DTXSID60611979 DTXSID20817531 DTXSID70765270 DTXSID70467883 DTXSID90199836 DTXSID4063870 DTXSID80599947 DTXSID30893008 DTXSID00200462 DTXSID30148863 DTXSID00886881 DTXSID10448196 DTXSID60433259 DTXSID20205954
DTXSID60222746	DTXSID00705785 DTXSID40811253 DTXSID50436633 DTXSID50370902 DTXSID00278323 DTXSID30558488 DTXSID00363884 DTXSID90733638 DTXSID70589837 DTXSID10313815 DTXSID20781223 DTXSID10650378 DTXSID50178708 DTXSID60542052 DTXSID40466085 DTXSID30409264 DTXSID70353111 DTXSID40642226 DTXSID10561975 DTXSID80695776
DTXSID20148115	DTXSID40528556 DTXSID00361249 DTXSID90288178 DTXSID30341913 DTXSID40211431 DTXSID00641119 DTXSID30511391 DTXSID80752499 DTXSID70568940 DTXSID30554167 DTXSID90642135 DTXSID80161820 DTXSID50302763 DTXSID70714723 DTXSID30168268 DTXSID80181487 DTXSID90238138 DTXSID00544772 DTXSID20563844 DTXSID70622516
DTXSID20333766	DTXSID10538581 DTXSID80851830 DTXSID50760602 DTXSID80742315 DTXSID50610633 DTXSID20163247 DTXSID80875894 DTXSID10518262 DTXSID80726973 DTXSID00621850 DTXSID70655208 DTXSID90615844 DTXSID00463292 DTXSID30528383 DTXSID10442477 DTXSID90348625 DTXSID50833486 DTXSID00312019 DTXSID00393984 DTXSID80675952
DTXSID40545687	DTXSID50368647 DTXSID30157793 DTXSID60876066 DTXSID10650333 DTXSID60816780 DTXSID70588345 DTXSID50509235 DTXSID20306314 DTXSID90440991 DTXSID60288680 DTXSID40712115 DTXSID50680477 DTXSID70355317 DTXSID20514831 DTXSID80174874 DTXSID80883717 DTXSID50541579 DTXSID30736769 DTXSID40818449 DTXSID50368960
DTXSID30313695	DTXSID30515874 DTXSID00524776 DTXSID00488824 DTXSID30572083 DTXSID10609765 DTXSID90193915 DTXSID30173276 DTXSID20216666 DTXSID10399659 DTXSID80506515 DTXSID20589302 DTXSID60765587 DTXSID70512266 DTXSID20542199 DTXSID10626018 DTXSID00406543 DTXSID30857029 DTXSID80224782 DTXSID50190364 DTXSID70494230
DTXSID80383500	DTXSID30642477 DTXSID50315974 DTXSID50733937 DTXSID40821519 DTXSID70450412 DTXSID20493516 DTXSID30817062 DTXSID60464760 DTXSID70843961 DTXSID80354891 DTXSID70309653 DTXSID50568069 DTXSID30322782 DTXSID80570276 DTXSID10876016 DTXSID30641809 DTXSID00556951 DTXSID70351511 DTXSID20354971 DTXSID10812313
DTXSID30795831	DTXSID80850904 DTXSID00190516 DTXSID10276198 DTXSID90345331 DTXSID00163427 DTXSID40417916 DTXSID80675972 DTXSID50302465 DTXSID70645644 DTXSID50555191 DTXSID40392491 DTXSID30173539 DTXSID90286270 DTXSID30788844 DTXSID60886903 DTXSID40732434 DTXSID70801127 DTXSID70813563 DTXSID70610372 DTXSID70312566
DTXSID30389390	DTXSID40434921 DTXSID00896142 DTXSID50369891 DTXSID90834472 DTXSID70794808 DTXSID50395377 DTXSID2023222 DTXSID60297232 DTXSID60225090 DTXSID40659632 DTXSID90349995 DTXSID10814130 DTXSID30415688 DTXSID00216765 DTXSID90517016 DTXSID90310120 DTXSID70563218 DTXSID90342643 DTXSID00801993 DTXSID40713748
DTXSID30180309	DTXSID80458641 DTXSID50478391 DTXSID20342757 DTXSID80810740 DTXSID60807198 DTXSID60672065 DTXSID90366162 DTXSID30275143 DTXSID80725148 DTXSID20472346 DTXSID60832561 DTXSID40663355 DTXSID60856883 DTXSID00343944 DTXSID10594329 DTXSID70180323 DTXSID40675519 DTXSID20430340 DTXSID80726812 DTXSID30606195
DTXSID00515240	DTXSID90663466 DTXSID60456741 DTXSID30857029 DTXSID90674537 DTXSID40719260 DTXSID80224782 DTXSID20599022 DTXSID50190364 DTXSID90291526 DTXSID00857657 DTXSID80684347 DTXSID20589302 DTXSID90489587 DTXSID10399659 DTXSID40516574 DTXSID10626018 DTXSID50392285 DTXSID40311142 DTXSID20620805 DTXSID60512533
DTXSID40514434	DTXSID70478419 DTXSID00611539 DTXSID40595829 DTXSID50382722 DTXSID80708355 DTXSID10824299 DTXSID40722618 DTXSID30578828 DTXSID80464368 DTXSID80397324 DTXSID00667551 DTXSID20378874 DTXSID60451392 DTXSID80434162 DTXSID40405939 DTXSID30451763 DTXSID00651450 DTXSID10640512 DTXSID40508111 DTXSID40427974
DTXSID80594755	DTXSID00734090 DTXSID50893606 DTXSID20450083 DTXSID90570505 DTXSID30708168 DTXSID50427167 DTXSID00587649 DTXSID20815799 DTXSID60353524 DTXSID20590271 DTXSID60896067 DTXSID40169908 DTXSID20598570 DTXSID6067549 DTXSID60317383 DTXSID50675065 DTXSID80351481 DTXSID90598229 DTXSID30314804 DTXSID30669765
DTXSID90346101	DTXSID20579586 DTXSID00651450 DTXSID10824299 DTXSID30489122 DTXSID70557910 DTXSID60451392 DTXSID40427974 DTXSID30451763 DTXSID90338980 DTXSID80434162 DTXSID70275501 DTXSID00298647 DTXSID40405939 DTXSID00423654 DTXSID90346141 DTXSID40508111 DTXSID80464368 DTXSID40595829 DTXSID70593176 DTXSID80509708
DTXSID80308516	DTXSID70393850 DTXSID10349573 DTXSID90675221 DTXSID30205465 DTXSID10602135 DTXSID90477242 DTXSID00472203 DTXSID70425569 DTXSID10700589 DTXSID80297436 DTXSID10478690 DTXSID70337219 DTXSID70810077 DTXSID50629861 DTXSID10484650 DTXSID10472875 DTXSID30876114 DTXSID00748874 DTXSID10218755 DTXSID30178928
DTXSID10391274	DTXSID60427815 DTXSID00576634 DTXSID90571239 DTXSID40634126 DTXSID10642071 DTXSID30799096 DTXSID20432561 DTXSID90164963 DTXSID70403367 DTXSID00241638 DTXSID50170020 DTXSID10586542 DTXSID50624477 DTXSID30727910 DTXSID30583295 DTXSID30529310 DTXSID10181718 DTXSID90625963 DTXSID20646787 DTXSID80601918
DTXSID40642226	DTXSID80695776 DTXSID70353111 DTXSID10650378 DTXSID20781223 DTXSID30409264 DTXSID30400690 DTXSID80436888 DTXSID10511354 DTXSID90733638 DTXSID40466085 DTXSID90549170 DTXSID60542052 DTXSID00318455 DTXSID70739012 DTXSID10313815 DTXSID00363884 DTXSID30558488 DTXSID60193361 DTXSID60222746 DTXSID80551161
DTXSID70787391	DTXSID00438283 DTXSID1066104 DTXSID50148269 DTXSID80561604 DTXSID00724456 DTXSID1069453 DTXSID30384628 DTXSID10289521 DTXSID90213187 DTXSID60378075 DTXSID80735383 DTXSID40528793 DTXSID40738597 DTXSID10737734 DTXSID90490436 DTXSID90706640 DTXSID90790605 DTXSID90330909 DTXSID50657063 DTXSID70649586
DTXSID70446895	DTXSID50210814 DTXSID60830062 DTXSID90167257 DTXSID10765572 DTXSID50287864 DTXSID10604513 DTXSID70668499 DTXSID00531485 DTXSID30634539 DTXSID60437131 DTXSID10221340 DTXSID30398023 DTXSID20513824 DTXSID30822737 DTXSID60649136 DTXSID30573292 DTXSID00791224 DTXSID70598444 DTXSID90604692 DTXSID90171839
DTXSID00618008	DTXSID40430266 DTXSID10181551 DTXSID70820898 DTXSID50437069 DTXSID20406545 DTXSID70710422 DTXSID80492207 DTXSID90647221 DTXSID50227583 DTXSID70471389 DTXSID80729868 DTXSID70185176 DTXSID20534998 DTXSID40808289 DTXSID70221568 DTXSID20778436 DTXSID90574381 DTXSID40674183 DTXSID50315419 DTXSID70619067
DTXSID90286437	DTXSID70458695 DTXSID70483129 DTXSID10241407 DTXSID90187117 DTXSID70548464 DTXSID30453484 DTXSID40705360 DTXSID70377711 DTXSID10663509 DTXSID50493443 DTXSID30642134 DTXSID00571482 DTXSID90348625 DTXSID50434311 DTXSID40321226 DTXSID10518262 DTXSID00442062 DTXSID40670408 DTXSID60395181 DTXSID70528382
DTXSID40357808	DTXSID60829451 DTXSID50512103 DTXSID90649664 DTXSID20353681 DTXSID8032675 DTXSID80288586 DTXSID30725633 DTXSID40460886 DTXSID10455784 DTXSID70424719 DTXSID10794382 DTXSID70500269 DTXSID40579149 DTXSID70589791 DTXSID50421261 DTXSID90388561 DTXSID30848593 DTXSID40641996 DTXSID80492621 DTXSID30342460
DTXSID00618003	DTXSID30599199 DTXSID80765302 DTXSID80210827 DTXSID40609798 DTXSID30713434 DTXSID70544562 DTXSID3061263 DTXSID90208699 DTXSID10803544 DTXSID30191596 DTXSID80793069 DTXSID80200763 DTXSID50879602 DTXSID30889784 DTXSID70506807 DTXSID80441730 DTXSID50179311 DTXSID70652636 DTXSID80536276 DTXSID20296483
DTXSID60826127	DTXSID50240176 DTXSID80833590 DTXSID00592273 DTXSID50786261 DTXSID80315841 DTXSID00830884 DTXSID40329005 DTXSID40800687 DTXSID30415608 DTXSID50841546 DTXSID00725246 DTXSID70283348 DTXSID70477760 DTXSID50175434 DTXSID60646549 DTXSID60289112 DTXSID4057716 DTXSID70842212 DTXSID80579724 DTXSID30796267
DTXSID10321359	DTXSID00423295 DTXSID40856260 DTXSID40645858 DTXSID90710484 DTXSID90651621 DTXSID40232909 DTXSID00147227 DTXSID20553205 DTXSID0069705 DTXSID80516533 DTXSID70496976 DTXSID10737794 DTXSID20282922 DTXSID20448384 DTXSID30852357 DTXSID20238601 DTXSID20579541 DTXSID60715926 DTXSID70733712 DTXSID40712251
DTXSID10648492	DTXSID60752952 DTXSID70450674 DTXSID40195666 DTXSID90240731 DTXSID70241241 DTXSID30147033 DTXSID70785392 DTXSID80336930 DTXSID60822902 DTXSID10886074 DTXSID70822857 DTXSID80759781 DTXSID60511480 DTXSID00181227 DTXSID40417799 DTXSID5070602 DTXSID9060780 DTXSID00432064 DTXSID90755850 DTXSID10699585
DTXSID80288283	DTXSID90675064 DTXSID20445797 DTXSID20726376 DTXSID80296964 DTXSID30675048 DTXSID10672873 DTXSID00731322 DTXSID30842718 DTXSID3066267 DTXSID90706185 DTXSID20394317 DTXSID50747579 DTXSID70648998 DTXSID40612666 DTXSID30293963 DTXSID40751468 DTXSID00681696 DTXSID60432929 DTXSID80825970 DTXSID10426095
DTXSID50590168	DTXSID00337823 DTXSID70391154 DTXSID40736417 DTXSID20426965 DTXSID30378148 DTXSID5044811 DTXSID20704255 DTXSID20887118 DTXSID10640299 DTXSID50443483 DTXSID90390301 DTXSID30758921 DTXSID60333109 DTXSID40874080 DTXSID00837277 DTXSID30577437 DTXSID10325736 DTXSID50152285 DTXSID50439841 DTXSID90385974
DTXSID50354368	DTXSID00348838 DTXSID80628382 DTXSID00348297 DTXSID70726528 DTXSID00547167 DTXSID30180824 DTXSID50569415 DTXSID40628489 DTXSID30180364 DTXSID00342891 DTXSID10383811 DTXSID00196871 DTXSID70457502 DTXSID30519731 DTXSID60401190 DTXSID70788262 DTXSID80621691 DTXSID20372933 DTXSID10280790 DTXSID40463534
DTXSID50433142	DTXSID00661216 DTXSID30541491 DTXSID30756543 DTXSID10371692 DTXSID10325094 DTXSID80598596 DTXSID40657274 DTXSID00650544 DTXSID10364382 DTXSID9021712 DTXSID10282456 DTXSID20144394 DTXSID50804050 DTXSID30452775 DTXSID40296925 DTXSID10726820 DTXSID90479640 DTXSID40414687 DTXSID80756058 DTXSID40876847
DTXSID00213411	DTXSID30626050 DTXSID30222197 DTXSID40199265 DTXSID30527250 DTXSID70487026 DTXSID30614275 DTXSID20400745 DTXSID80554975 DTXSID60314594 DTXSID30324529 DTXSID20344438 DTXSID60335284 DTXSID30551136 DTXSID70366685 DTXSID00284505 DTXSID90473481 DTXSID00351221 DTXSID90577877 DTXSID40841656 DTXSID40211577
DTXSID70480092	DTXSID10597653 DTXSID40454326 DTXSID90340548 DTXSID60318532 DTXSID10363552 DTXSID90330247 DTXSID9059541 DTXSID90178368 DTXSID40836047 DTXSID3068126 DTXSID60524373 DTXSID20285978 DTXSID70288277 DTXSID10398708 DTXSID60616843 DTXSID60621912 DTXSID80337720 DTXSID90300667 DTXSID40729783 DTXSID00179881
DTXSID30520463	DTXSID30560844 DTXSID50653984 DTXSID40674047 DTXSID50290732 DTXSID30497308 DTXSID10673926 DTXSID70233722 DTXSID80792577 DTXSID60796033 DTXSID00403214 DTXSID7041966 DTXSID50888532 DTXSID30225522 DTXSID10772044 DTXSID80783400 DTXSID70737932 DTXSID80836369 DTXSID10669723 DTXSID60193886 DTXSID60721022
DTXSID20435693	DTXSID10523215 DTXSID90836456 DTXSID40501208 DTXSID80645312 DTXSID3073397 DTXSID70192522 DTXSID00425552 DTXSID00351640 DTXSID90411444 DTXSID80472847 DTXSID20465410 DTXSID70188187 DTXSID5073666 DTXSID20217491 DTXSID30879120 DTXSID30830751 DTXSID50375033 DTXSID00374031 DTXSID70212375 DTXSID00321565
DTXSID00184258	DTXSID00315606 DTXSID20612902 DTXSID20379503 DTXSID90544741 DTXSID20797081 DTXSID30449367 DTXSID30540282 DTXSID80876982 DTXSID70395213 DTXSID60744317 DTXSID40303103 DTXSID90431228 DTXSID90499161 DTXSID90612898 DTXSID40700158 DTXSID70383473 DTXSID60329183 DTXSID30730641 DTXSID70828773 DTXSID10630897
DTXSID60764510	DTXSID10436654 DTXSID90526623 DTXSID90447248 DTXSID30739033 DTXSID30195034 DTXSID70527512 DTXSID50483425 DTXSID00366512 DTXSID20880720 DTXSID80284725 DTXSID00565689 DTXSID30799591 DTXSID30852630 DTXSID00196816 DTXSID30563198 DTXSID70874477 DTXSID80175861 DTXSID20663055 DTXSID20580571 DTXSID80715221
DTXSID20699051	DTXSID30727894 DTXSID90302949 DTXSID70703874 DTXSID20734618 DTXSID90702066 DTXSID50534885 DTXSID30588563 DTXSID0060066 DTXSID9051745 DTXSID30819187 DTXSID70398688 DTXSID10653869 DTXSID10711433 DTXSID60209613 DTXSID30805681 DTXSID80208300 DTXSID40481793 DTXSID00198572 DTXSID50716826 DTXSID50552842
DTXSID60486225	DTXSID50399335 DTXSID30150880 DTXSID0051318 DTXSID20618883 DTXSID70165099 DTXSID40343822 DTXSID40453379 DTXSID30438498 DTXSID10724700 DTXSID70700803 DTXSID40442061 DTXSID3059268 DTXSID10366361 DTXSID60742575 DTXSID1063512 DTXSID70202817 DTXSID60849235 DTXSID70499624 DTXSID10546803 DTXSID90640535
DTXSID30336703	DTXSID20615493 DTXSID10617229 DTXSID10448414 DTXSID70858070 DTXSID80699370 DTXSID10784723 DTXSID70342626 DTXSID70390667 DTXSID60640320 DTXSID50462639 DTXSID50590385 DTXSID40826463 DTXSID40398079 DTXSID10185514 DTXSID80517949 DTXSID40886941 DTXSID60281853 DTXSID00441171 DTXSID00603732 DTXSID90426730
DTXSID20162997	DTXSID90241283 DTXSID30198141 DTXSID00428624 DTXSID00314351 DTXSID40896005 DTXSID30826654 DTXSID50770943 DTXSID30427761 DTXSID10849982 DTXSID60895999 DTXSID90787090 DTXSID30773912 DTXSID80186038 DTXSID00896425 DTXSID10814352 DTXSID90697584 DTXSID40823492 DTXSID50838375 DTXSID20874240 DTXSID00153661
DTXSID60708676	DTXSID00834569 DTXSID90220432 DTXSID00748374 DTXSID30730989 DTXSID50750765 DTXSID00289651 DTXSID20563228 DTXSID50188948 DTXSID40763243 DTXSID50572782 DTXSID70764248 DTXSID60704451 DTXSID10851661 DTXSID20627031 DTXSID30848932 DTXSID20565303 DTXSID40413276 DTXSID0068026 DTXSID60520198 DTXSID80305929
DTXSID20873935	DTXSID70571636 DTXSID10808392 DTXSID20453190 DTXSID1023233 DTXSID30748145 DTXSID30624394 DTXSID20794818 DTXSID40594852 DTXSID30725678 DTXSID00421579 DTXSID10629923 DTXSID40346691 DTXSID10654715 DTXSID40656404 DTXSID3061683 DTXSID60593084 DTXSID80825970 DTXSID00307723 DTXSID50662894 DTXSID60701102
DTXSID30311434	DTXSID90527695 DTXSID80284886 DTXSID80422327 DTXSID80615075 DTXSID80465552 DTXSID20695831 DTXSID90624390 DTXSID10656335 DTXSID70748301 DTXSID90805602 DTXSID30742365 DTXSID20294540 DTXSID90339417 DTXSID40658504 DTXSID60745268 DTXSID70530864 DTXSID60436442 DTXSID50653949 DTXSID20807311 DTXSID20198872
DTXSID90379459	DTXSID20185540 DTXSID10472875 DTXSID00721061 DTXSID30344606 DTXSID70693443 DTXSID80238243 DTXSID70652439 DTXSID30876114 DTXSID70473525 DTXSID80562893 DTXSID20559702 DTXSID70337219 DTXSID30876518 DTXSID00472203 DTXSID80297436 DTXSID00392376 DTXSID80378714 DTXSID60576312 DTXSID40433398 DTXSID90294173
DTXSID40761289	DTXSID50508066 DTXSID30450579 DTXSID70807240 DTXSID50787394 DTXSID00598957 DTXSID70757958 DTXSID00694544 DTXSID80792436 DTXSID10726305 DTXSID80511583 DTXSID50381977 DTXSID20423499 DTXSID40300233 DTXSID60757588 DTXSID50563135 DTXSID20505981 DTXSID40513801 DTXSID00389746 DTXSID70502965 DTXSID30549811
DTXSID80178751	DTXSID20714718 DTXSID30856476 DTXSID30642230 DTXSID30352640 DTXSID40812861 DTXSID60729402 DTXSID20578539 DTXSID00326196 DTXSID9061178 DTXSID30490970 DTXSID90348963 DTXSID30546800 DTXSID20604968 DTXSID30577331 DTXSID70659443 DTXSID20676827 DTXSID40555903 DTXSID20364510 DTXSID10359430 DTXSID40684601
DTXSID40501208	DTXSID3073397 DTXSID00425552 DTXSID80645312 DTXSID2041963 DTXSID50375033 DTXSID90411444 DTXSID20435693 DTXSID70212375 DTXSID20390950 DTXSID00374031 DTXSID90836456 DTXSID60459959 DTXSID70188187 DTXSID30844757 DTXSID00404887 DTXSID90401946 DTXSID80472847 DTXSID70366605 DTXSID10523215 DTXSID70173750
DTXSID70142845	DTXSID00672261 DTXSID80436661 DTXSID40348731 DTXSID90722921 DTXSID00672044 DTXSID20879058 DTXSID10777190 DTXSID10702806 DTXSID30343679 DTXSID10308665 DTXSID90348968 DTXSID40622947 DTXSID20649430 DTXSID10584821 DTXSID80703926 DTXSID00464143 DTXSID80650769 DTXSID20383685 DTXSID80656847 DTXSID00430803
DTXSID20300817	DTXSID70674474 DTXSID20462242 DTXSID90474150 DTXSID30186765 DTXSID30389739 DTXSID10174761 DTXSID80451430 DTXSID30645342 DTXSID1072260 DTXSID80679632 DTXSID00145566 DTXSID60447351 DTXSID40883091 DTXSID10182583 DTXSID70736561 DTXSID10720242 DTXSID70433149 DTXSID3037543 DTXSID10440756 DTXSID20646944
DTXSID80872661	DTXSID50307511 DTXSID30769931 DTXSID20235473 DTXSID10605267 DTXSID00432448 DTXSID70559575 DTXSID60423817 DTXSID30210675 DTXSID50753837 DTXSID20889036 DTXSID10658859 DTXSID60768896 DTXSID90619786 DTXSID80852064 DTXSID10796088 DTXSID00432089 DTXSID20824306 DTXSID40707566 DTXSID0074637 DTXSID00887737
DTXSID80620381	DTXSID20377125 DTXSID80358672 DTXSID90734029 DTXSID20295517 DTXSID90360625 DTXSID80601317 DTXSID20646803 DTXSID40297775 DTXSID60470523 DTXSID00836164 DTXSID50305239 DTXSID00747382 DTXSID70349519 DTXSID60167603 DTXSID60736257 DTXSID1042281 DTXSID50164641 DTXSID70628018 DTXSID10651305 DTXSID70630050
DTXSID70651144	DTXSID00394330 DTXSID30181371 DTXSID20616925 DTXSID80342814 DTXSID60146276 DTXSID30389638 DTXSID90547999 DTXSID00339443 DTXSID40191426 DTXSID70202690 DTXSID60307320 DTXSID20891139 DTXSID90324363 DTXSID70447645 DTXSID10338109 DTXSID50306004 DTXSID10655924 DTXSID00501264 DTXSID10201521 DTXSID00865494
DTXSID10168882	DTXSID00694049 DTXSID30734902 DTXSID40561645 DTXSID40296581 DTXSID70695260 DTXSID80294445 DTXSID10616959 DTXSID20718973 DTXSID40495597 DTXSID60377023 DTXSID80813019 DTXSID10734783 DTXSID00695157 DTXSID20352412 DTXSID90380404 DTXSID10212470 DTXSID60620389 DTXSID00748011 DTXSID90813020 DTXSID80645312
DTXSID60373803	DTXSID60589644 DTXSID60400325 DTXSID80428662 DTXSID30628918 DTXSID00742973 DTXSID00739525 DTXSID00314154 DTXSID90767079 DTXSID60631637 DTXSID80538619 DTXSID80787605 DTXSID70344367 DTXSID00832287 DTXSID90681564 DTXSID80734290 DTXSID20193125 DTXSID40629214 DTXSID20876507 DTXSID90383692 DTXSID80196773
DTXSID00780936	DTXSID70514285 DTXSID10402339 DTXSID50315570 DTXSID20406161 DTXSID30663066 DTXSID40289039 DTXSID30318428 DTXSID80561528 DTXSID90237247 DTXSID30342460 DTXSID80339067 DTXSID60671553 DTXSID60876965 DTXSID50597576 DTXSID50640314 DTXSID20443399 DTXSID40388536 DTXSID40579149 DTXSID9048194 DTXSID00398671
DTXSID40618345	DTXSID50733639 DTXSID80718853 DTXSID00190172 DTXSID80727324 DTXSID90396222 DTXSID30555654 DTXSID50346844 DTXSID30837225 DTXSID20535420 DTXSID60195325 DTXSID40646461 DTXSID70658234 DTXSID80377949 DTXSID80646627 DTXSID50289141 DTXSID10397478 DTXSID40365226 DTXSID50808230 DTXSID90405606 DTXSID40701504
DTXSID80640529	DTXSID70474259 DTXSID10680650 DTXSID10151971 DTXSID30368600 DTXSID10187391 DTXSID70734305 DTXSID40467294 DTXSID10696317 DTXSID70523034 DTXSID50640399 DTXSID20502738 DTXSID40351780 DTXSID10592481 DTXSID50772104 DTXSID00673733 DTXSID00489134 DTXSID40171485 DTXSID40818282 DTXSID70592765 DTXSID20327483
DTXSID60675950	DTXSID70761252 DTXSID90807484 DTXSID2050035 DTXSID10637361 DTXSID60418021 DTXSID70348188 DTXSID10609947 DTXSID40286902 DTXSID30158189 DTXSID20887799 DTXSID70373192 DTXSID70710346 DTXSID70769793 DTXSID50790787 DTXSID50828832 DTXSID9041023 DTXSID70809204 DTXSID10244236 DTXSID20834925 DTXSID20173745
DTXSID40611977	DTXSID00337085 DTXSID80327409 DTXSID00885839 DTXSID8034746 DTXSID30893008 DTXSID60886165 DTXSID80737983 DTXSID00231493 DTXSID10728622 DTXSID30234270 DTXSID10165497 DTXSID70316685 DTXSID00815070 DTXSID80302756 DTXSID60315304 DTXSID40315307 DTXSID70280034 DTXSID60694484 DTXSID70234370 DTXSID40470283
DTXSID10680579	DTXSID10534740 DTXSID80176712 DTXSID40717029 DTXSID00896344 DTXSID30857589 DTXSID20656927 DTXSID60280841 DTXSID10695340 DTXSID60180615 DTXSID60733680 DTXSID90478072 DTXSID80146455 DTXSID30593950 DTXSID10202997 DTXSID10840136 DTXSID90702203 DTXSID10568964 DTXSID20663297 DTXSID50648810 DTXSID30669765
DTXSID80534575	DTXSID10694474 DTXSID70393390 DTXSID20478323 DTXSID00606586 DTXSID40738931 DTXSID20593303 DTXSID30675003 DTXSID10303190 DTXSID50731357 DTXSID10322225 DTXSID40325507 DTXSID50461349 DTXSID90560582 DTXSID80162079 DTXSID20876603 DTXSID90726161 DTXSID90330222 DTXSID80562398 DTXSID80694466 DTXSID30291883
DTXSID50579352	DTXSID60175329 DTXSID20732598 DTXSID70509131 DTXSID00464688 DTXSID00651930 DTXSID00356771 DTXSID40396010 DTXSID40307383 DTXSID50428912 DTXSID00743021 DTXSID60403199 DTXSID4067771 DTXSID80635894 DTXSID10454999 DTXSID60432868 DTXSID60633570 DTXSID50425022 DTXSID80743286 DTXSID20231591 DTXSID30382886
DTXSID50662258	DTXSID40819355 DTXSID60880648 DTXSID40707566 DTXSID60840328 DTXSID60759845 DTXSID80340739 DTXSID20896780 DTXSID40714614 DTXSID00841233 DTXSID60552474 DTXSID80599205 DTXSID60195587 DTXSID60423817 DTXSID30210675 DTXSID20295330 DTXSID80787928 DTXSID80836521 DTXSID20889036 DTXSID60768896 DTXSID10605267
DTXSID00544772	DTXSID50590062 DTXSID50302703 DTXSID00500813 DTXSID00518872 DTXSID90642135 DTXSID30465360 DTXSID00641119 DTXSID30554167 DTXSID30168268 DTXSID20563844 DTXSID60487459 DTXSID30341913 DTXSID50719099 DTXSID70364505 DTXSID30811020 DTXSID50727159 DTXSID30511391 DTXSID80752499 DTXSID60475730 DTXSID00295277
DTXSID40241632	DTXSID40473991 DTXSID00374011 DTXSID80606589 DTXSID5051602 DTXSID00418328 DTXSID10326081 DTXSID20766015 DTXSID60780356 DTXSID30319213 DTXSID50332560 DTXSID90805602 DTXSID30698318 DTXSID70748301 DTXSID50849249 DTXSID00294381 DTXSID2025428 DTXSID10396481 DTXSID80708592 DTXSID00388350 DTXSID10744428
DTXSID70725612	DTXSID70628795 DTXSID00352617 DTXSID00346298 DTXSID50321954 DTXSID10839444 DTXSID80369526 DTXSID10787436 DTXSID50716063 DTXSID20193125 DTXSID60196094 DTXSID80196773 DTXSID20745421 DTXSID10767591 DTXSID00291855 DTXSID80151882 DTXSID80700137 DTXSID70614239 DTXSID10195315 DTXSID10584765 DTXSID80787605
DTXSID20876264	DTXSID90493144 DTXSID40792871 DTXSID70320828 DTXSID00427854 DTXSID80664260 DTXSID50638155 DTXSID40427853 DTXSID90485307 DTXSID00490846 DTXSID50310126 DTXSID70472139 DTXSID60668665 DTXSID50310222 DTXSID20542811 DTXSID70170840 DTXSID70672475 DTXSID20442145 DTXSID80514418 DTXSID50663063 DTXSID60729821
DTXSID90782383	DTXSID90629724 DTXSID20428787 DTXSID40801432 DTXSID70283828 DTXSID20631173 DTXSID10211645 DTXSID00364871 DTXSID60728172 DTXSID20857598 DTXSID20354971 DTXSID00567820 DTXSID90826519 DTXSID80284008 DTXSID70708046 DTXSID00323105 DTXSID90354903 DTXSID00531041 DTXSID40352752 DTXSID20656467 DTXSID20183001
DTXSID00504311	DTXSID30336223 DTXSID60295137 DTXSID50378827 DTXSID00813511 DTXSID60783822 DTXSID30370420 DTXSID10211044 DTXSID30385716 DTXSID90751271 DTXSID40662505 DTXSID50761336 DTXSID50655685 DTXSID20793487 DTXSID30798185 DTXSID80241994 DTXSID30398346 DTXSID50658550 DTXSID00809530 DTXSID80709549 DTXSID00854782
DTXSID00639879	DTXSID70751779 DTXSID40852085 DTXSID40832302 DTXSID80440844 DTXSID30848715 DTXSID90650230 DTXSID50341016 DTXSID60184532 DTXSID30540383 DTXSID80811232 DTXSID80847197 DTXSID70721614 DTXSID40306199 DTXSID60457672 DTXSID30767634 DTXSID60723581 DTXSID00653333 DTXSID20746397 DTXSID90697544 DTXSID70873622
DTXSID60598397	DTXSID2073019 DTXSID90745079 DTXSID80867496 DTXSID40208442 DTXSID00458764 DTXSID50306701 DTXSID40407317 DTXSID50818738 DTXSID80564296 DTXSID80838585 DTXSID60541126 DTXSID80350570 DTXSID70143155 DTXSID90719154 DTXSID80661118 DTXSID90290716 DTXSID50872976 DTXSID50788144 DTXSID50742468 DTXSID40491817
DTXSID80759781	DTXSID00432064 DTXSID30146203 DTXSID80338050 DTXSID70241241 DTXSID0062896 DTXSID00887737 DTXSID90619786 DTXSID90240731 DTXSID5070602 DTXSID50753837 DTXSID10658859 DTXSID5068237 DTXSID80816363 DTXSID60752952 DTXSID00432089 DTXSID70340864 DTXSID10648492 DTXSID30769931 DTXSID70822857 DTXSID90755850
DTXSID90706640	DTXSID50657063 DTXSID00755240 DTXSID70649586 DTXSID40528793 DTXSID9051745 DTXSID30701937 DTXSID40481793 DTXSID10289521 DTXSID30493143 DTXSID50716826 DTXSID00724456 DTXSID30588563 DTXSID70793053 DTXSID70703874 DTXSID1066104 DTXSID20682347 DTXSID60649297 DTXSID00706676 DTXSID70694495 DTXSID10359354
DTXSID00667591	DTXSID40361622 DTXSID00401154 DTXSID20501347 DTXSID90844430 DTXSID10311699 DTXSID90587653 DTXSID20633798 DTXSID00341006 DTXSID40833733 DTXSID40398958 DTXSID30667261 DTXSID40540738 DTXSID80177047 DTXSID70515318 DTXSID60533122 DTXSID80394919 DTXSID9022237 DTXSID60655595 DTXSID80539823 DTXSID10588026
DTXSID50153176	DTXSID20301783 DTXSID80237675 DTXSID90380404 DTXSID40495597 DTXSID00442188 DTXSID20352412 DTXSID10712889 DTXSID70762047 DTXSID80367921 DTXSID50218416 DTXSID60221411 DTXSID50441787 DTXSID40588493 DTXSID40561645 DTXSID00748011 DTXSID70621009 DTXSID80813019 DTXSID30144305 DTXSID40308693 DTXSID90228155
DTXSID40489330	DTXSID40831916 DTXSID10607802 DTXSID20572976 DTXSID50345554 DTXSID10561894 DTXSID70491880 DTXSID90349172 DTXSID60710239 DTXSID90598663 DTXSID00831917 DTXSID80407255 DTXSID50399370 DTXSID00879470 DTXSID20774958 DTXSID30447287 DTXSID20162654 DTXSID50153696 DTXSID00341086 DTXSID80664341 DTXSID50543058
DTXSID10710087	DTXSID80341685 DTXSID10511839 DTXSID00789267 DTXSID10324880 DTXSID30342228 DTXSID60340757 DTXSID80341660 DTXSID80414949 DTXSID30816732 DTXSID40341661 DTXSID40647397 DTXSID40341666 DTXSID90804832 DTXSID70346765 DTXSID50792261 DTXSID10347973 DTXSID10892094 DTXSID70816731 DTXSID30297769 DTXSID20794979
DTXSID40652067	DTXSID60175162 DTXSID90605508 DTXSID80437991 DTXSID40856366 DTXSID3068592 DTXSID20857154 DTXSID60467599 DTXSID00663871 DTXSID30772364 DTXSID20348830 DTXSID50274133 DTXSID60500859 DTXSID70651068 DTXSID50590188 DTXSID60471338 DTXSID40832084 DTXSID10343637 DTXSID80457932 DTXSID20324518 DTXSID70478257
DTXSID40543047	DTXSID50440755 DTXSID80737746 DTXSID50837207 DTXSID00502150 DTXSID20182615 DTXSID60451498 DTXSID20762693 DTXSID50768805 DTXSID90541598 DTXSID70784865 DTXSID90177972 DTXSID60762692 DTXSID4022076 DTXSID10633424 DTXSID50188948 DTXSID40843478 DTXSID00171365 DTXSID60523124 DTXSID50750765 DTXSID00405738
DTXSID70280034	DTXSID10165497 DTXSID60580217 DTXSID80737983 DTXSID00815070 DTXSID70316685 DTXSID40470283 DTXSID90278357 DTXSID60694484 DTXSID60582711 DTXSID00885839 DTXSID60315304 DTXSID90675241 DTXSID60886165 DTXSID40741889 DTXSID40303729 DTXSID40315307 DTXSID1051692 DTXSID40581323 DTXSID70392702 DTXSID20630782
DTXSID90697544	DTXSID80811232 DTXSID40832302 DTXSID40306199 DTXSID70751779 DTXSID30848715 DTXSID40852085 DTXSID20746397 DTXSID30202232 DTXSID80308374 DTXSID90650230 DTXSID70846614 DTXSID10725737 DTXSID50645627 DTXSID90774102 DTXSID90792028 DTXSID50316123 DTXSID10416330 DTXSID30734164 DTXSID70730145 DTXSID20278163
DTXSID40297356	DTXSID70704543 DTXSID1072260 DTXSID70791059 DTXSID30645342 DTXSID10174761 DTXSID70674474 DTXSID60897211 DTXSID30389739 DTXSID80451430 DTXSID90379454 DTXSID70672475 DTXSID40279359 DTXSID20442145 DTXSID00532730 DTXSID50638155 DTXSID10720242 DTXSID20462242 DTXSID80664260 DTXSID70736561 DTXSID50310222
DTXSID30630197	DTXSID60749685 DTXSID50857460 DTXSID20179929 DTXSID40856624 DTXSID20853671 DTXSID50613806 DTXSID90425687 DTXSID50400233 DTXSID90847724 DTXSID60227594 DTXSID20222681 DTXSID10542067 DTXSID70433149 DTXSID40883091 DTXSID20697678 DTXSID70327438 DTXSID30772304 DTXSID20656902 DTXSID90585659 DTXSID50739176
DTXSID70366685	DTXSID30551136 DTXSID00284505 DTXSID90473840 DTXSID80322656 DTXSID30466877 DTXSID20400745 DTXSID40238805 DTXSID00351221 DTXSID90281846 DTXSID40841656 DTXSID70487026 DTXSID60822144 DTXSID80554975 DTXSID40228625 DTXSID60335284 DTXSID40286048 DTXSID50462472 DTXSID00755265 DTXSID40821998 DTXSID00213411
DTXSID10172580	DTXSID90571577 DTXSID70632195 DTXSID70576984 DTXSID50622817 DTXSID40549185 DTXSID80505523 DTXSID20500057 DTXSID80457351 DTXSID00668987 DTXSID50356468 DTXSID40175741 DTXSID60669233 DTXSID40446483 DTXSID70721134 DTXSID70669229 DTXSID30444993 DTXSID80593521 DTXSID30483483 DTXSID00670222 DTXSID20597482
DTXSID60276426	DTXSID20210280 DTXSID40659197 DTXSID30819268 DTXSID70805761 DTXSID40770194 DTXSID10206612 DTXSID50828135 DTXSID00892301 DTXSID70239188 DTXSID10503471 DTXSID30714603 DTXSID00710076 DTXSID1041398 DTXSID30528040 DTXSID8070128 DTXSID70276578 DTXSID00884246 DTXSID8027872 DTXSID4063614 DTXSID00841374
DTXSID10399659	DTXSID20589302 DTXSID30857029 DTXSID10609765 DTXSID50190364 DTXSID00488824 DTXSID20599022 DTXSID20542199 DTXSID00524776 DTXSID10626018 DTXSID90663466 DTXSID50312908 DTXSID30515874 DTXSID30313695 DTXSID00515240 DTXSID80224782 DTXSID30173276 DTXSID40719260 DTXSID20216666 DTXSID60456741 DTXSID80506515
DTXSID30189978	DTXSID10876213 DTXSID10288155 DTXSID80625119 DTXSID20182216 DTXSID10895944 DTXSID40324171 DTXSID40516574 DTXSID10311533 DTXSID60542335 DTXSID40430160 DTXSID00625535 DTXSID00857657 DTXSID20599022 DTXSID50776829 DTXSID60820660 DTXSID60674125 DTXSID00444107 DTXSID80354750 DTXSID60573200 DTXSID40404280
DTXSID50372744	DTXSID90676672 DTXSID80696900 DTXSID80593006 DTXSID80499195 DTXSID50188105 DTXSID60624024 DTXSID70616435 DTXSID90621804 DTXSID40508237 DTXSID00346814 DTXSID50727371 DTXSID70725576 DTXSID20346174 DTXSID20372610 DTXSID70566047 DTXSID30739831 DTXSID70857629 DTXSID40777906 DTXSID70731571 DTXSID30444372
DTXSID60227594	DTXSID70327438 DTXSID30772304 DTXSID20222681 DTXSID50739176 DTXSID50857460 DTXSID40856624 DTXSID30630197 DTXSID70433149 DTXSID20542891 DTXSID90425687 DTXSID60749685 DTXSID20697678 DTXSID90847724 DTXSID20179929 DTXSID50613806 DTXSID70412616 DTXSID90585659 DTXSID10542067 DTXSID70559595 DTXSID50400233
DTXSID20306137	DTXSID80436641 DTXSID10188005 DTXSID50368642 DTXSID60855957 DTXSID00588297 DTXSID80611193 DTXSID60718134 DTXSID70287447 DTXSID60787224 DTXSID30175174 DTXSID20677536 DTXSID00829036 DTXSID40828184 DTXSID80218944 DTXSID40480100 DTXSID10154664 DTXSID70367879 DTXSID40415351 DTXSID90767216 DTXSID40755587
DTXSID20604342	DTXSID40815736 DTXSID80840345 DTXSID90152264 DTXSID50817701 DTXSID60776815 DTXSID00786099 DTXSID60658541 DTXSID20432905 DTXSID70724408 DTXSID60659735 DTXSID50766705 DTXSID50820432 DTXSID60240440 DTXSID60715789 DTXSID00339069 DTXSID30778609 DTXSID70453201 DTXSID60884823 DTXSID70557152 DTXSID70720485
DTXSID00220882	DTXSID30375137 DTXSID20503104 DTXSID80281698 DTXSID10403669 DTXSID70509853 DTXSID40543966 DTXSID50825200 DTXSID80431818 DTXSID8058827 DTXSID40621910 DTXSID30718308 DTXSID7058048 DTXSID90557553 DTXSID40213495 DTXSID50220892 DTXSID30879726 DTXSID80661133 DTXSID50176128 DTXSID40356114 DTXSID60626947
DTXSID80498486	DTXSID00440467 DTXSID30566624 DTXSID10453169 DTXSID40663532 DTXSID3044918 DTXSID50853725 DTXSID20443697 DTXSID70774943 DTXSID50302763 DTXSID20467313 DTXSID40388879 DTXSID20506514 DTXSID00373721 DTXSID90487321 DTXSID60475730 DTXSID00480065 DTXSID80655638 DTXSID00295277 DTXSID40669211 DTXSID10518525
DTXSID70287447	DTXSID50368642 DTXSID80436641 DTXSID20306137 DTXSID10188005 DTXSID60855957 DTXSID00588297 DTXSID10154664 DTXSID90767216 DTXSID20677536 DTXSID80218944 DTXSID90383879 DTXSID30175174 DTXSID70896038 DTXSID60787224 DTXSID40415351 DTXSID00829036 DTXSID80561866 DTXSID80611193 DTXSID00447830 DTXSID60718134
DTXSID60460363	DTXSID00618164 DTXSID3026564 DTXSID50775332 DTXSID80893735 DTXSID3042003 DTXSID40840361 DTXSID30300722 DTXSID60300730 DTXSID00281130 DTXSID00710076 DTXSID10239187 DTXSID8070128 DTXSID00694029 DTXSID40886880 DTXSID3067231 DTXSID90469309 DTXSID00892301 DTXSID00884246 DTXSID40880888 DTXSID20825196
DTXSID70293240	DTXSID10597451 DTXSID90468897 DTXSID20812728 DTXSID70403362 DTXSID50843540 DTXSID80696107 DTXSID70649208 DTXSID20509762 DTXSID10472193 DTXSID50875846 DTXSID50616953 DTXSID10355255 DTXSID20440303 DTXSID00332196 DTXSID40459179 DTXSID60327644 DTXSID20152590 DTXSID50374021 DTXSID50646174 DTXSID90533993
DTXSID10345757	DTXSID00553187 DTXSID60768295 DTXSID70594865 DTXSID00323882 DTXSID60586219 DTXSID20163722 DTXSID00663053 DTXSID50847765 DTXSID40724415 DTXSID10489948 DTXSID50457540 DTXSID90667540 DTXSID80876684 DTXSID30640913 DTXSID90238799 DTXSID80561381 DTXSID40378694 DTXSID60402369 DTXSID20479512 DTXSID5069912
DTXSID50195879	DTXSID60533889 DTXSID60533288 DTXSID20759705 DTXSID50285360 DTXSID30796606 DTXSID70666273 DTXSID10696150 DTXSID80509384 DTXSID10392968 DTXSID50341793 DTXSID10797277 DTXSID50565977 DTXSID20528296 DTXSID40380277 DTXSID70561092 DTXSID20350337 DTXSID80522134 DTXSID10820791 DTXSID90203604 DTXSID10547456
DTXSID2073017	DTXSID30218656 DTXSID20817531 DTXSID60433259 DTXSID20748694 DTXSID20800625 DTXSID90542560 DTXSID80723124 DTXSID20205954 DTXSID50615143 DTXSID10448196 DTXSID40780031 DTXSID70713711 DTXSID40148874 DTXSID30824958 DTXSID30148863 DTXSID30815164 DTXSID50173692 DTXSID50609507 DTXSID10290430 DTXSID70701754
DTXSID20780913	DTXSID40312371 DTXSID20533380 DTXSID40874080 DTXSID50280032 DTXSID00489134 DTXSID60456529 DTXSID80763949 DTXSID70438179 DTXSID70452719 DTXSID00416965 DTXSID40171485 DTXSID50640399 DTXSID40818282 DTXSID30610111 DTXSID10187391 DTXSID50550262 DTXSID10325736 DTXSID90567430 DTXSID70734305 DTXSID30531150
DTXSID30584969	DTXSID70747839 DTXSID00234328 DTXSID3061683 DTXSID00421579 DTXSID80675912 DTXSID00307723 DTXSID10288877 DTXSID90783517 DTXSID20722459 DTXSID70284875 DTXSID90322162 DTXSID10225444 DTXSID30624394 DTXSID40556793 DTXSID70336909 DTXSID40163623 DTXSID70571636 DTXSID30744627 DTXSID60593084 DTXSID40594852
DTXSID80396852	DTXSID10389373 DTXSID00841995 DTXSID00697257 DTXSID70368043 DTXSID60557545 DTXSID30373673 DTXSID80170790 DTXSID90284478 DTXSID20405250 DTXSID70237664 DTXSID20720470 DTXSID70342328 DTXSID60476747 DTXSID10533314 DTXSID40152835 DTXSID40561387 DTXSID70609605 DTXSID60415535 DTXSID30357635 DTXSID50725615
DTXSID80879711	DTXSID60587786 DTXSID20598570 DTXSID30593950 DTXSID6067549 DTXSID50662930 DTXSID20500895 DTXSID10645249 DTXSID10743592 DTXSID60353524 DTXSID70361650 DTXSID20651159 DTXSID80696364 DTXSID30314804 DTXSID90702203 DTXSID20450083 DTXSID00587649 DTXSID80703825 DTXSID90570505 DTXSID40169908 DTXSID50398949
DTXSID30225941	DTXSID90875986 DTXSID30203209 DTXSID10295283 DTXSID10223061 DTXSID80346397 DTXSID90169897 DTXSID20857659 DTXSID80367027 DTXSID3037543 DTXSID90708543 DTXSID00145566 DTXSID00153121 DTXSID90310120 DTXSID50160901 DTXSID50760081 DTXSID10590306 DTXSID90656353 DTXSID20837330 DTXSID60178936 DTXSID20646944
DTXSID20513824	DTXSID30573292 DTXSID50287864 DTXSID20408963 DTXSID00531485 DTXSID10765572 DTXSID10206172 DTXSID80613339 DTXSID40183664 DTXSID10530126 DTXSID70516729 DTXSID70668499 DTXSID60437131 DTXSID20455750 DTXSID20552238 DTXSID50507099 DTXSID70446895 DTXSID3059505 DTXSID60229255 DTXSID70879422 DTXSID70571398
DTXSID40230026	DTXSID20879593 DTXSID80482421 DTXSID10572526 DTXSID70642476 DTXSID20680621 DTXSID90200198 DTXSID40523066 DTXSID90345699 DTXSID90427929 DTXSID10309233 DTXSID80180798 DTXSID40646800 DTXSID90711350 DTXSID10842610 DTXSID10743870 DTXSID50420133 DTXSID80495753 DTXSID20323405 DTXSID70828995 DTXSID40454922
DTXSID40417916	DTXSID50555191 DTXSID90286270 DTXSID30795831 DTXSID00163427 DTXSID60475331 DTXSID70645644 DTXSID60398475 DTXSID70813563 DTXSID10501255 DTXSID00534350 DTXSID80850904 DTXSID10276198 DTXSID50302465 DTXSID00190516 DTXSID30660313 DTXSID30597130 DTXSID90345331 DTXSID40715661 DTXSID40732434 DTXSID30173539
DTXSID50623586	DTXSID30855843 DTXSID40829196 DTXSID50381154 DTXSID80657213 DTXSID30170023 DTXSID10352183 DTXSID40181286 DTXSID50420133 DTXSID20776795 DTXSID10743870 DTXSID00503940 DTXSID10708141 DTXSID30618773 DTXSID70876097 DTXSID20680621 DTXSID00755947 DTXSID40552573 DTXSID10325094 DTXSID80180798 DTXSID9021712
DTXSID50703291	DTXSID10145133 DTXSID50365777 DTXSID50858836 DTXSID4059540 DTXSID90825880 DTXSID70743932 DTXSID80733465 DTXSID50761013 DTXSID70563071 DTXSID00203059 DTXSID30815008 DTXSID00507064 DTXSID20540059 DTXSID70502400 DTXSID10615447 DTXSID80399161 DTXSID70798725 DTXSID50423907 DTXSID50862599 DTXSID50701934
DTXSID90334321	DTXSID40289256 DTXSID30823264 DTXSID20475594 DTXSID50816779 DTXSID80800126 DTXSID70333716 DTXSID50621542 DTXSID90490996 DTXSID00842240 DTXSID90406638 DTXSID60290364 DTXSID8047717 DTXSID10503451 DTXSID30434511 DTXSID00409610 DTXSID30341251 DTXSID90178843 DTXSID40532931 DTXSID90280854 DTXSID50196109
DTXSID70885523	DTXSID50399774 DTXSID60884207 DTXSID90277769 DTXSID70733712 DTXSID60532913 DTXSID60351601 DTXSID3062029 DTXSID40684101 DTXSID20488386 DTXSID20452921 DTXSID80698227 DTXSID30401122 DTXSID50683468 DTXSID40222542 DTXSID20349428 DTXSID40232909 DTXSID50388582 DTXSID80639958 DTXSID20238601 DTXSID10380921
DTXSID70849943	DTXSID80345805 DTXSID00744553 DTXSID40632869 DTXSID40286745 DTXSID20642441 DTXSID50304964 DTXSID70840859 DTXSID40211794 DTXSID90660374 DTXSID40315180 DTXSID40616169 DTXSID30638436 DTXSID00281357 DTXSID10634214 DTXSID20442807 DTXSID00530115 DTXSID50722124 DTXSID20765467 DTXSID60795809 DTXSID20526914
DTXSID50729870	DTXSID50240651 DTXSID00846006 DTXSID80416549 DTXSID9074642 DTXSID80845794 DTXSID90668471 DTXSID20327024 DTXSID50180326 DTXSID20821077 DTXSID60559382 DTXSID60554776 DTXSID90550105 DTXSID70325696 DTXSID80326134 DTXSID90706903 DTXSID80812845 DTXSID60760855 DTXSID50727078 DTXSID30506146 DTXSID80681634
DTXSID10441061	DTXSID90320648 DTXSID70589594 DTXSID90439183 DTXSID90279162 DTXSID80664341 DTXSID50545799 DTXSID70883463 DTXSID20222383 DTXSID70357452 DTXSID20572759 DTXSID40819113 DTXSID00879470 DTXSID80407255 DTXSID80438847 DTXSID10607802 DTXSID20572976 DTXSID50375432 DTXSID00377885 DTXSID90598663 DTXSID40396237
DTXSID00531485	DTXSID30573292 DTXSID40183664 DTXSID20552238 DTXSID10765572 DTXSID20513824 DTXSID60229255 DTXSID70516729 DTXSID10206172 DTXSID50287864 DTXSID70446895 DTXSID60649136 DTXSID70668499 DTXSID50210814 DTXSID90167257 DTXSID80613339 DTXSID20455750 DTXSID70598444 DTXSID10182503 DTXSID10604513 DTXSID60830062
DTXSID90235405	DTXSID80187787 DTXSID1044932 DTXSID40535245 DTXSID30405488 DTXSID10845207 DTXSID50848459 DTXSID40230809 DTXSID40660980 DTXSID30489420 DTXSID00768471 DTXSID60618928 DTXSID20655394 DTXSID60454621 DTXSID20453352 DTXSID70539892 DTXSID40752753 DTXSID60703924 DTXSID50375432 DTXSID10289445 DTXSID70715619
DTXSID60695476	DTXSID50404332 DTXSID70835922 DTXSID30818574 DTXSID30313034 DTXSID00697813 DTXSID30201705 DTXSID90182288 DTXSID60368299 DTXSID20450149 DTXSID90624976 DTXSID70642456 DTXSID30757297 DTXSID30632272 DTXSID70366049 DTXSID90578445 DTXSID80577280 DTXSID50607326 DTXSID70379053 DTXSID80402341 DTXSID60209350
DTXSID80320551	DTXSID30318408 DTXSID30874256 DTXSID40566796 DTXSID20805392 DTXSID00494167 DTXSID00751005 DTXSID60805391 DTXSID00890342 DTXSID60658283 DTXSID40760656 DTXSID60446566 DTXSID80633850 DTXSID70559595 DTXSID70317233 DTXSID40585765 DTXSID10718306 DTXSID00620621 DTXSID90585659 DTXSID30237408 DTXSID50739176
DTXSID00657250	DTXSID7046388 DTXSID50392846 DTXSID10642192 DTXSID00557044 DTXSID90707556 DTXSID80612226 DTXSID00452045 DTXSID80344898 DTXSID30459729 DTXSID80466488 DTXSID00623359 DTXSID10560963 DTXSID40453450 DTXSID30363079 DTXSID60372553 DTXSID50853664 DTXSID90581772 DTXSID60227615 DTXSID70594608 DTXSID40722214
DTXSID30210675	DTXSID60423817 DTXSID10605267 DTXSID20889036 DTXSID40707566 DTXSID30769931 DTXSID80872661 DTXSID40887796 DTXSID50753837 DTXSID20235473 DTXSID20295330 DTXSID60515882 DTXSID80340739 DTXSID30393871 DTXSID10658859 DTXSID40819355 DTXSID80853814 DTXSID30146203 DTXSID10339095 DTXSID60768896 DTXSID90599953
DTXSID80771069	DTXSID30757656 DTXSID90199053 DTXSID10448353 DTXSID60344770 DTXSID00652785 DTXSID90526789 DTXSID80670184 DTXSID70521479 DTXSID00561282 DTXSID2060967 DTXSID50627443 DTXSID60408725 DTXSID20449210 DTXSID7069071 DTXSID20481377 DTXSID60150616 DTXSID80478884 DTXSID5060726 DTXSID00340756 DTXSID80638027
DTXSID20290961	DTXSID60849235 DTXSID70202817 DTXSID60742575 DTXSID90738966 DTXSID40343822 DTXSID3059268 DTXSID50520026 DTXSID20728537 DTXSID70466078 DTXSID10584427 DTXSID0051318 DTXSID50221364 DTXSID60343788 DTXSID70664895 DTXSID80782413 DTXSID40667575 DTXSID10439589 DTXSID60486225 DTXSID30733071 DTXSID60337061
DTXSID90324500	DTXSID80569645 DTXSID60482388 DTXSID50500126 DTXSID20307866 DTXSID00679558 DTXSID20495555 DTXSID60417812 DTXSID00522010 DTXSID70182509 DTXSID40395861 DTXSID70510161 DTXSID60604220 DTXSID70333175 DTXSID90501531 DTXSID50627362 DTXSID10777655 DTXSID10374446 DTXSID40324499 DTXSID20887052 DTXSID20174712
DTXSID40405393	DTXSID10160386 DTXSID40237176 DTXSID70556342 DTXSID00839498 DTXSID70623684 DTXSID80349606 DTXSID90457963 DTXSID80154818 DTXSID80279772 DTXSID90875966 DTXSID20883175 DTXSID40493992 DTXSID00363127 DTXSID50681767 DTXSID30722324 DTXSID60554776 DTXSID00425279 DTXSID10278713 DTXSID80661234 DTXSID20229236
DTXSID60390353	DTXSID50885905 DTXSID00443695 DTXSID30549811 DTXSID70436675 DTXSID10692879 DTXSID40513801 DTXSID50563135 DTXSID40620483 DTXSID00509528 DTXSID80527407 DTXSID40326736 DTXSID20285978 DTXSID10398708 DTXSID00771248 DTXSID9059541 DTXSID70519199 DTXSID40695111 DTXSID90340548 DTXSID20509929 DTXSID30790189
DTXSID40780334	DTXSID30817789 DTXSID30597074 DTXSID80192573 DTXSID40640949 DTXSID60388210 DTXSID80664785 DTXSID50312665 DTXSID50505434 DTXSID70845046 DTXSID80207111 DTXSID40655230 DTXSID50392285 DTXSID70494230 DTXSID70709755 DTXSID70826658 DTXSID90780066 DTXSID40608761 DTXSID70512266 DTXSID70495707 DTXSID40543961
DTXSID30223629	DTXSID00681999 DTXSID8060610 DTXSID50366168 DTXSID20384834 DTXSID90840538 DTXSID00299730 DTXSID10675647 DTXSID20406202 DTXSID60470846 DTXSID00364013 DTXSID00646760 DTXSID50722604 DTXSID80656180 DTXSID70344408 DTXSID50214857 DTXSID10810950 DTXSID40199841 DTXSID00730012 DTXSID60187083 DTXSID90695323
DTXSID70884657	DTXSID90203164 DTXSID70568465 DTXSID00604709 DTXSID20660362 DTXSID90310261 DTXSID70855069 DTXSID00563862 DTXSID50154805 DTXSID90158322 DTXSID40677396 DTXSID60827513 DTXSID70325651 DTXSID90160344 DTXSID80792077 DTXSID30660373 DTXSID80221812 DTXSID10580202 DTXSID30616532 DTXSID60611176 DTXSID40702713
DTXSID20327024	DTXSID00846006 DTXSID90550105 DTXSID60554776 DTXSID9074642 DTXSID70365214 DTXSID50729870 DTXSID50240651 DTXSID40167969 DTXSID8059635 DTXSID20821077 DTXSID80416549 DTXSID90668471 DTXSID80845794 DTXSID10756167 DTXSID60760855 DTXSID60455133 DTXSID60559382 DTXSID70325696 DTXSID00366532 DTXSID90457963
DTXSID80752378	DTXSID70317990 DTXSID80768252 DTXSID8070960 DTXSID80211511 DTXSID10677181 DTXSID30694012 DTXSID40880500 DTXSID00707845 DTXSID20887799 DTXSID60191488 DTXSID60561925 DTXSID30578202 DTXSID50828832 DTXSID10637361 DTXSID20173745 DTXSID60730634 DTXSID00236246 DTXSID50724507 DTXSID60418021 DTXSID30158189
DTXSID2073019	DTXSID40208442 DTXSID50818738 DTXSID40407317 DTXSID60598397 DTXSID80350570 DTXSID80838585 DTXSID60541126 DTXSID50306701 DTXSID90745079 DTXSID90290716 DTXSID40491817 DTXSID80867496 DTXSID00458764 DTXSID90719154 DTXSID60209613 DTXSID00198572 DTXSID60678188 DTXSID80661118 DTXSID90829782 DTXSID90702066
DTXSID40759080	DTXSID90339119 DTXSID80803096 DTXSID40763107 DTXSID20803095 DTXSID80783627 DTXSID10718149 DTXSID10290430 DTXSID70713711 DTXSID50615143 DTXSID00804166 DTXSID70348188 DTXSID70701754 DTXSID80764310 DTXSID10244236 DTXSID70570841 DTXSID80657910 DTXSID70546066 DTXSID2050035 DTXSID70809204 DTXSID50609507
DTXSID80651337	DTXSID50340887 DTXSID10492816 DTXSID70490555 DTXSID00425996 DTXSID50867463 DTXSID80347102 DTXSID50196164 DTXSID70345692 DTXSID20579748 DTXSID90826195 DTXSID10801303 DTXSID90485165 DTXSID80765483 DTXSID60528215 DTXSID00811012 DTXSID80626000 DTXSID30725638 DTXSID00500111 DTXSID00726213 DTXSID00773606
DTXSID70341755	DTXSID90573197 DTXSID50703690 DTXSID30583679 DTXSID20895511 DTXSID80345264 DTXSID00483556 DTXSID40824282 DTXSID80596936 DTXSID70277929 DTXSID20197946 DTXSID50846839 DTXSID80464787 DTXSID10182402 DTXSID20797460 DTXSID30199118 DTXSID20508230 DTXSID20357220 DTXSID70377711 DTXSID10560827 DTXSID50571472
DTXSID70704008	DTXSID10544364 DTXSID20225894 DTXSID30185314 DTXSID60355402 DTXSID90854731 DTXSID50507514 DTXSID20876901 DTXSID60346279 DTXSID80324271 DTXSID50697661 DTXSID00339443 DTXSID00473578 DTXSID10201521 DTXSID30545994 DTXSID10699722 DTXSID70670577 DTXSID60831938 DTXSID00412780 DTXSID30322383 DTXSID1059151
DTXSID40679875	DTXSID60312176 DTXSID00409352 DTXSID60415636 DTXSID70218155 DTXSID00446262 DTXSID40279910 DTXSID70498152 DTXSID80463053 DTXSID30854114 DTXSID10672434 DTXSID30583371 DTXSID70602333 DTXSID40757804 DTXSID50646674 DTXSID30525913 DTXSID80810068 DTXSID70471682 DTXSID30406531 DTXSID10496253 DTXSID70597659
DTXSID50560644	DTXSID20903968 DTXSID60369483 DTXSID30876912 DTXSID10806994 DTXSID40278201 DTXSID90876933 DTXSID10675349 DTXSID10180100 DTXSID50624417 DTXSID00412780 DTXSID60831579 DTXSID30238455 DTXSID70367112 DTXSID90854731 DTXSID60312575 DTXSID70640290 DTXSID40408768 DTXSID00390094 DTXSID40288729 DTXSID70760740
DTXSID30761213	DTXSID20758435 DTXSID00156475 DTXSID30282190 DTXSID60742111 DTXSID50809828 DTXSID70672798 DTXSID60401296 DTXSID50343833 DTXSID10426732 DTXSID00712035 DTXSID30716667 DTXSID00382030 DTXSID60325625 DTXSID90629749 DTXSID40282924 DTXSID30657804 DTXSID70274377 DTXSID60598918 DTXSID20656063 DTXSID90373472
DTXSID90534566	DTXSID30844994 DTXSID20379280 DTXSID90535912 DTXSID50704849 DTXSID10814993 DTXSID60391663 DTXSID50855769 DTXSID40195484 DTXSID10856030 DTXSID40791662 DTXSID90242250 DTXSID40338899 DTXSID80763666 DTXSID00716235 DTXSID70766141 DTXSID80223154 DTXSID40399561 DTXSID20315027 DTXSID10497361 DTXSID70751153
DTXSID80356315	DTXSID30831501 DTXSID20513687 DTXSID70791014 DTXSID30752045 DTXSID00416965 DTXSID50495442 DTXSID20533380 DTXSID10325736 DTXSID30531150 DTXSID70232093 DTXSID50280032 DTXSID00731524 DTXSID80305424 DTXSID70438179 DTXSID20780913 DTXSID20526212 DTXSID90594948 DTXSID80506439 DTXSID50323438 DTXSID30610111
DTXSID20681875	DTXSID30321477 DTXSID30160883 DTXSID50595274 DTXSID90510688 DTXSID60813572 DTXSID60502116 DTXSID40287813 DTXSID00493150 DTXSID90342643 DTXSID40243939 DTXSID90657446 DTXSID00441090 DTXSID00593846 DTXSID40785682 DTXSID30445344 DTXSID60602903 DTXSID50876015 DTXSID70744348 DTXSID30792724 DTXSID50594348
DTXSID40462022	DTXSID90738764 DTXSID20789128 DTXSID70214298 DTXSID60640704 DTXSID70529677 DTXSID70313634 DTXSID60395247 DTXSID40655477 DTXSID00168679 DTXSID10472193 DTXSID10568964 DTXSID70428494 DTXSID00210869 DTXSID90768203 DTXSID70649208 DTXSID20509762 DTXSID20656927 DTXSID20191247 DTXSID00896344 DTXSID90533993
DTXSID60897135	DTXSID80492984 DTXSID70821062 DTXSID40161003 DTXSID80211571 DTXSID40716512 DTXSID60842746 DTXSID70203107 DTXSID80290306 DTXSID60571706 DTXSID40877455 DTXSID70176266 DTXSID30378360 DTXSID20797748 DTXSID00568670 DTXSID90185572 DTXSID30395633 DTXSID40645631 DTXSID40770336 DTXSID90662833 DTXSID30651867
DTXSID00523148	DTXSID70874477 DTXSID40494464 DTXSID30799591 DTXSID80204468 DTXSID70176180 DTXSID30563198 DTXSID00366512 DTXSID30782408 DTXSID10525618 DTXSID50405900 DTXSID40406623 DTXSID70571818 DTXSID90562960 DTXSID90223322 DTXSID30195034 DTXSID50483425 DTXSID70639043 DTXSID70527512 DTXSID10655964 DTXSID00334771
DTXSID20571666	DTXSID50596322 DTXSID80283036 DTXSID90874217 DTXSID10448853 DTXSID60740637 DTXSID40474807 DTXSID70814070 DTXSID70780766 DTXSID20876587 DTXSID20730675 DTXSID80407033 DTXSID0052330 DTXSID30403904 DTXSID60586193 DTXSID30167256 DTXSID40521749 DTXSID80611870 DTXSID50576785 DTXSID20792955 DTXSID00820260
DTXSID70515318	DTXSID80394919 DTXSID00401154 DTXSID80594452 DTXSID80177047 DTXSID00864907 DTXSID10669849 DTXSID60770393 DTXSID90519151 DTXSID80568138 DTXSID90844430 DTXSID10693124 DTXSID80784659 DTXSID00651056 DTXSID00667591 DTXSID80648545 DTXSID90577271 DTXSID00655433 DTXSID40540738 DTXSID5021625 DTXSID60655595
DTXSID30460633	DTXSID80444347 DTXSID10433567 DTXSID40551980 DTXSID90473582 DTXSID70447286 DTXSID10311119 DTXSID90509133 DTXSID50354606 DTXSID0035748 DTXSID10739314 DTXSID40619296 DTXSID20657292 DTXSID50157477 DTXSID20281692 DTXSID70637802 DTXSID60363224 DTXSID60812328 DTXSID70835068 DTXSID10380522 DTXSID50682239
DTXSID00850007	DTXSID90293828 DTXSID80459037 DTXSID30441386 DTXSID80827797 DTXSID00712999 DTXSID20346871 DTXSID20406242 DTXSID90528945 DTXSID60528538 DTXSID50609340 DTXSID30482754 DTXSID40624744 DTXSID70591172 DTXSID50467164 DTXSID50438652 DTXSID30148065 DTXSID90407180 DTXSID30651120 DTXSID30798923 DTXSID90170084
DTXSID20857659	DTXSID90310120 DTXSID2023222 DTXSID90535053 DTXSID30203209 DTXSID50395377 DTXSID90349995 DTXSID40659632 DTXSID50397371 DTXSID10590306 DTXSID00216765 DTXSID60231434 DTXSID80367027 DTXSID30225941 DTXSID30415688 DTXSID00153121 DTXSID70794808 DTXSID90875986 DTXSID40434921 DTXSID70563218 DTXSID10427188
DTXSID00703665	DTXSID00826525 DTXSID40717226 DTXSID40295776 DTXSID30375511 DTXSID60879315 DTXSID00672786 DTXSID30202090 DTXSID00659436 DTXSID40561387 DTXSID80568895 DTXSID70784229 DTXSID60415535 DTXSID50236892 DTXSID00806822 DTXSID20705222 DTXSID50725615 DTXSID80698888 DTXSID00566611 DTXSID90373013 DTXSID40841515
DTXSID50301953	DTXSID70199334 DTXSID40509007 DTXSID30849560 DTXSID00302495 DTXSID70646651 DTXSID10726325 DTXSID40603837 DTXSID20299676 DTXSID30460577 DTXSID00606703 DTXSID80222783 DTXSID20661056 DTXSID70766489 DTXSID40456163 DTXSID90628893 DTXSID60357421 DTXSID90343534 DTXSID70357452 DTXSID20520119 DTXSID10438850
DTXSID10632992	DTXSID90285046 DTXSID50518509 DTXSID90831284 DTXSID70745916 DTXSID80295533 DTXSID90300187 DTXSID20603719 DTXSID40699437 DTXSID20522017 DTXSID00145980 DTXSID20326638 DTXSID30672032 DTXSID50709672 DTXSID10857249 DTXSID50429722 DTXSID60390974 DTXSID20349685 DTXSID3063417 DTXSID60593347 DTXSID60145820
DTXSID80555467	DTXSID90459821 DTXSID40656964 DTXSID10792868 DTXSID00386154 DTXSID20467757 DTXSID30421648 DTXSID50700765 DTXSID80885534 DTXSID80206088 DTXSID9057979 DTXSID40828260 DTXSID80385786 DTXSID70810274 DTXSID60564971 DTXSID10208878 DTXSID20707605 DTXSID10484514 DTXSID50310186 DTXSID10403003 DTXSID60292449
DTXSID40876185	DTXSID40180239 DTXSID10228793 DTXSID80582970 DTXSID90441084 DTXSID70314868 DTXSID10640052 DTXSID90144927 DTXSID8064981 DTXSID40617191 DTXSID60694525 DTXSID00565861 DTXSID20311463 DTXSID10679943 DTXSID00488329 DTXSID10774023 DTXSID30761379 DTXSID40710176 DTXSID10694631 DTXSID30218555 DTXSID70787851
DTXSID60641014	DTXSID00720635 DTXSID10454010 DTXSID30855949 DTXSID10749579 DTXSID8024787 DTXSID30306426 DTXSID80686346 DTXSID10672237 DTXSID10340949 DTXSID30789876 DTXSID30218010 DTXSID90577216 DTXSID80373744 DTXSID00625858 DTXSID10287587 DTXSID80593349 DTXSID50604173 DTXSID60615215 DTXSID20361488 DTXSID50596746
DTXSID80291373	DTXSID10148321 DTXSID70318765 DTXSID60714878 DTXSID20793821 DTXSID40737303 DTXSID20802265 DTXSID70469908 DTXSID10830875 DTXSID10303695 DTXSID70373576 DTXSID50628091 DTXSID40393488 DTXSID90163234 DTXSID70891588 DTXSID40669115 DTXSID90731356 DTXSID30717210 DTXSID30226478 DTXSID60734490 DTXSID90521855
DTXSID00468540	DTXSID40195106 DTXSID80580734 DTXSID10511314 DTXSID70613267 DTXSID0041773 DTXSID00823892 DTXSID10856212 DTXSID70177935 DTXSID50186363 DTXSID40319300 DTXSID40398938 DTXSID10609124 DTXSID80646384 DTXSID50497865 DTXSID50605887 DTXSID80791540 DTXSID70743659 DTXSID90396969 DTXSID90670291 DTXSID70810991
DTXSID80232084	DTXSID50752865 DTXSID10431745 DTXSID60772473 DTXSID60463576 DTXSID20840329 DTXSID10388942 DTXSID20288823 DTXSID20844908 DTXSID40483015 DTXSID50239186 DTXSID90292492 DTXSID90407807 DTXSID60810940 DTXSID50234378 DTXSID30786582 DTXSID60715789 DTXSID00840362 DTXSID80694027 DTXSID80844909 DTXSID10736287
DTXSID40303729	DTXSID50515371 DTXSID40431657 DTXSID00719322 DTXSID70770268 DTXSID60694484 DTXSID90675241 DTXSID00815070 DTXSID80720234 DTXSID30592145 DTXSID00844946 DTXSID90737919 DTXSID40143001 DTXSID60580217 DTXSID00750356 DTXSID60315304 DTXSID1051692 DTXSID90509214 DTXSID40741889 DTXSID70457305 DTXSID40470283
DTXSID40669211	DTXSID40549928 DTXSID20443697 DTXSID60405916 DTXSID20506514 DTXSID70774943 DTXSID3044918 DTXSID80498486 DTXSID10453169 DTXSID30566624 DTXSID70428712 DTXSID00440467 DTXSID40663532 DTXSID40790690 DTXSID70608916 DTXSID30625700 DTXSID90487321 DTXSID80462369 DTXSID60503446 DTXSID80655638 DTXSID70667068
DTXSID80238203	DTXSID60769580 DTXSID00609077 DTXSID70332567 DTXSID10711857 DTXSID70364525 DTXSID50558329 DTXSID40404068 DTXSID60640062 DTXSID60206622 DTXSID70283005 DTXSID70495863 DTXSID80668581 DTXSID60656749 DTXSID30649502 DTXSID50436431 DTXSID00182971 DTXSID90748989 DTXSID40857297 DTXSID90799638 DTXSID50191730
DTXSID60289112	DTXSID20312091 DTXSID40800687 DTXSID80453999 DTXSID80579724 DTXSID30294495 DTXSID20299055 DTXSID70673129 DTXSID90743631 DTXSID70621488 DTXSID70477760 DTXSID40760095 DTXSID10294857 DTXSID2058122 DTXSID20421218 DTXSID90463827 DTXSID30815205 DTXSID00592273 DTXSID80781800 DTXSID30346908 DTXSID0042298
DTXSID80700652	DTXSID30812719 DTXSID80744314 DTXSID90526002 DTXSID10423387 DTXSID70896391 DTXSID10628037 DTXSID40624108 DTXSID20234486 DTXSID30823663 DTXSID00557064 DTXSID80854048 DTXSID70748205 DTXSID00326515 DTXSID40397264 DTXSID40818848 DTXSID80349702 DTXSID80392899 DTXSID80222344 DTXSID00398232 DTXSID00773323
DTXSID30770906	DTXSID20740911 DTXSID00501709 DTXSID90519474 DTXSID00489119 DTXSID10803882 DTXSID40885595 DTXSID70667260 DTXSID00408825 DTXSID10493989 DTXSID40591346 DTXSID50586107 DTXSID10728667 DTXSID70724044 DTXSID10888816 DTXSID90741551 DTXSID00588454 DTXSID70606674 DTXSID80470161 DTXSID00485712 DTXSID30309250
DTXSID70364505	DTXSID30308384 DTXSID70294838 DTXSID90374489 DTXSID50590062 DTXSID70622516 DTXSID00518872 DTXSID60172398 DTXSID90642135 DTXSID20563844 DTXSID30209468 DTXSID10360203 DTXSID9022100 DTXSID00500813 DTXSID30787998 DTXSID30511391 DTXSID00175141 DTXSID80175942 DTXSID00641119 DTXSID00544772 DTXSID10510680
DTXSID10758949	DTXSID0062921 DTXSID1068019 DTXSID30223285 DTXSID60288589 DTXSID80195044 DTXSID30575670 DTXSID1066239 DTXSID30770365 DTXSID20195063 DTXSID20888029 DTXSID5062398 DTXSID5047114 DTXSID20411452 DTXSID70394423 DTXSID30566341 DTXSID90216335 DTXSID70751310 DTXSID60598059 DTXSID40277350 DTXSID60885077
DTXSID10637361	DTXSID60418021 DTXSID90807484 DTXSID20887799 DTXSID70373192 DTXSID50828832 DTXSID40286902 DTXSID70761252 DTXSID20173745 DTXSID2050035 DTXSID30694012 DTXSID60675950 DTXSID40880500 DTXSID30158189 DTXSID10244236 DTXSID10720146 DTXSID8070960 DTXSID10609947 DTXSID80211511 DTXSID80764310 DTXSID70348188
DTXSID10439569	DTXSID80804386 DTXSID80640241 DTXSID50846995 DTXSID10647905 DTXSID30781931 DTXSID30627320 DTXSID90341893 DTXSID90344743 DTXSID70705999 DTXSID00540491 DTXSID50438652 DTXSID80576238 DTXSID70212678 DTXSID80790210 DTXSID00507589 DTXSID20406904 DTXSID50679866 DTXSID40558595 DTXSID90364027 DTXSID90778807
DTXSID30421648	DTXSID50310186 DTXSID60767021 DTXSID80555467 DTXSID9057979 DTXSID10484514 DTXSID80885534 DTXSID60292449 DTXSID10792868 DTXSID00386154 DTXSID70567079 DTXSID40656964 DTXSID30767634 DTXSID10498474 DTXSID70810274 DTXSID20428464 DTXSID70743614 DTXSID40828260 DTXSID90459821 DTXSID50341016 DTXSID20467757
DTXSID70835922	DTXSID60695476 DTXSID00697813 DTXSID30818574 DTXSID30313034 DTXSID30632272 DTXSID70642456 DTXSID20450149 DTXSID50404332 DTXSID30757297 DTXSID30201705 DTXSID80577280 DTXSID90624976 DTXSID60368299 DTXSID70529475 DTXSID90182288 DTXSID60786151 DTXSID60209350 DTXSID70379053 DTXSID70366049 DTXSID60836468
DTXSID10537635	DTXSID50517234 DTXSID00318455 DTXSID8047509 DTXSID80436888 DTXSID30409264 DTXSID40466085 DTXSID10786282 DTXSID60876324 DTXSID50300042 DTXSID00702794 DTXSID90733638 DTXSID20307225 DTXSID80181841 DTXSID20781223 DTXSID50652836 DTXSID90518543 DTXSID10675228 DTXSID50404296 DTXSID60177348 DTXSID80551161
DTXSID90517016	DTXSID20289310 DTXSID50736766 DTXSID1073367 DTXSID10500445 DTXSID90674456 DTXSID40713748 DTXSID00366613 DTXSID40649518 DTXSID00876464 DTXSID10814130 DTXSID10879603 DTXSID30389390 DTXSID50395377 DTXSID40434921 DTXSID40437235 DTXSID20459172 DTXSID50369891 DTXSID00730234 DTXSID70563218 DTXSID60225090
DTXSID00168679	DTXSID70428494 DTXSID10568964 DTXSID60640704 DTXSID70313634 DTXSID90768203 DTXSID20789128 DTXSID40462022 DTXSID70214298 DTXSID90738764 DTXSID90232919 DTXSID50493822 DTXSID70529677 DTXSID50505535 DTXSID20656927 DTXSID80494029 DTXSID80308495 DTXSID7021366 DTXSID00896344 DTXSID40655477 DTXSID60395247
DTXSID00326196	DTXSID10359430 DTXSID9061178 DTXSID60154018 DTXSID40684601 DTXSID90152880 DTXSID30490970 DTXSID40494722 DTXSID20604968 DTXSID30642230 DTXSID40756736 DTXSID60729402 DTXSID20364510 DTXSID80178751 DTXSID40812861 DTXSID20676827 DTXSID30546800 DTXSID20714718 DTXSID60670142 DTXSID30352640 DTXSID70659443
DTXSID60831094	DTXSID10602615 DTXSID80180238 DTXSID60524732 DTXSID40856184 DTXSID40483116 DTXSID60345565 DTXSID80475393 DTXSID90441084 DTXSID50151738 DTXSID30218555 DTXSID00243556 DTXSID50660774 DTXSID10774023 DTXSID60850028 DTXSID60315960 DTXSID30510001 DTXSID10694631 DTXSID00485176 DTXSID80333444 DTXSID70849983
DTXSID20600723	DTXSID80310179 DTXSID60381185 DTXSID20602343 DTXSID50491545 DTXSID60425730 DTXSID10647703 DTXSID90819865 DTXSID20739168 DTXSID50478058 DTXSID50468535 DTXSID30369516 DTXSID60206102 DTXSID60792898 DTXSID10167254 DTXSID40530331 DTXSID90843903 DTXSID10361270 DTXSID90501470 DTXSID40751706 DTXSID10708949
DTXSID10784248	DTXSID30393871 DTXSID60515882 DTXSID80853814 DTXSID90599953 DTXSID20346750 DTXSID40887796 DTXSID20295330 DTXSID10339095 DTXSID10771451 DTXSID40341646 DTXSID90755850 DTXSID40336794 DTXSID5070602 DTXSID90887963 DTXSID80340739 DTXSID60552474 DTXSID70822857 DTXSID80836521 DTXSID50796865 DTXSID70816731
DTXSID90567930	DTXSID60762319 DTXSID80212043 DTXSID90824055 DTXSID40481576 DTXSID70720187 DTXSID80671813 DTXSID40296046 DTXSID50528446 DTXSID20145200 DTXSID20346755 DTXSID40356538 DTXSID80892809 DTXSID90453768 DTXSID50427884 DTXSID50580983 DTXSID90696310 DTXSID50682193 DTXSID90734084 DTXSID00483778 DTXSID90772360
DTXSID40682127	DTXSID30332861 DTXSID60428307 DTXSID30870975 DTXSID90145474 DTXSID80668768 DTXSID60697410 DTXSID40693334 DTXSID3061920 DTXSID60519360 DTXSID40392951 DTXSID50188302 DTXSID20212729 DTXSID30805747 DTXSID20200787 DTXSID90556965 DTXSID00452565 DTXSID50497966 DTXSID80543061 DTXSID50698456 DTXSID20241751
DTXSID70623684	DTXSID10160386 DTXSID80349606 DTXSID90457963 DTXSID00839498 DTXSID40237176 DTXSID10278713 DTXSID40405393 DTXSID80279772 DTXSID70556342 DTXSID40649795 DTXSID70879543 DTXSID20883175 DTXSID40167969 DTXSID80154818 DTXSID90875966 DTXSID00363127 DTXSID50681767 DTXSID00374652 DTXSID90771333 DTXSID60554776
DTXSID00496606	DTXSID40749345 DTXSID70488816 DTXSID50857501 DTXSID90624653 DTXSID00143623 DTXSID50589017 DTXSID50402570 DTXSID00797266 DTXSID90506460 DTXSID20702812 DTXSID90388288 DTXSID90352929 DTXSID70316448 DTXSID00372794 DTXSID30355691 DTXSID10600479 DTXSID90337312 DTXSID00428225 DTXSID30775971 DTXSID10452450
DTXSID30369516	DTXSID60381185 DTXSID20892085 DTXSID80310179 DTXSID20602343 DTXSID70440333 DTXSID10647703 DTXSID90819865 DTXSID40171566 DTXSID50491545 DTXSID20409415 DTXSID90440052 DTXSID20600723 DTXSID70282073 DTXSID80603790 DTXSID30378406 DTXSID00237177 DTXSID10167254 DTXSID20391366 DTXSID50210571 DTXSID00188155
DTXSID70837562	DTXSID10651542 DTXSID00183887 DTXSID20867834 DTXSID90802010 DTXSID70399413 DTXSID40734014 DTXSID20679136 DTXSID40696461 DTXSID40280980 DTXSID50304449 DTXSID90784882 DTXSID0073291 DTXSID00508096 DTXSID90370522 DTXSID80851239 DTXSID10277524 DTXSID70610039 DTXSID40607855 DTXSID00368516 DTXSID30428374
DTXSID80155062	DTXSID50630952 DTXSID90700087 DTXSID40829530 DTXSID90513437 DTXSID10305598 DTXSID00421433 DTXSID90742528 DTXSID00729865 DTXSID30418073 DTXSID1066786 DTXSID30460875 DTXSID90407241 DTXSID50374804 DTXSID50402671 DTXSID20336196 DTXSID60675071 DTXSID40435251 DTXSID90443664 DTXSID10170304 DTXSID70734123
DTXSID80817057	DTXSID30175038 DTXSID10565357 DTXSID80523868 DTXSID40368631 DTXSID40598698 DTXSID00472844 DTXSID70513152 DTXSID00465372 DTXSID40325007 DTXSID40319825 DTXSID00625732 DTXSID60443631 DTXSID90640813 DTXSID50230830 DTXSID90614711 DTXSID50178682 DTXSID00294381 DTXSID60333760 DTXSID10426696 DTXSID30476390
DTXSID90560582	DTXSID10303190 DTXSID20719167 DTXSID20735721 DTXSID50471468 DTXSID80694466 DTXSID20478323 DTXSID40738931 DTXSID30675003 DTXSID20605758 DTXSID30291883 DTXSID90726161 DTXSID80162079 DTXSID70170502 DTXSID30217503 DTXSID70697582 DTXSID40325507 DTXSID70393390 DTXSID90723352 DTXSID50872976 DTXSID10470412
DTXSID50392846	DTXSID80344898 DTXSID50853664 DTXSID20478000 DTXSID7046388 DTXSID50896096 DTXSID2060387 DTXSID80612226 DTXSID80466488 DTXSID50286771 DTXSID90581772 DTXSID60774114 DTXSID30666870 DTXSID00452045 DTXSID00657250 DTXSID10560963 DTXSID10406059 DTXSID70787230 DTXSID50671709 DTXSID70594608 DTXSID60227615
DTXSID20372610	DTXSID10677540 DTXSID50727371 DTXSID20856708 DTXSID90676672 DTXSID80696900 DTXSID00727285 DTXSID60722973 DTXSID80593006 DTXSID50372744 DTXSID10743259 DTXSID20728991 DTXSID10640133 DTXSID40452221 DTXSID20346174 DTXSID60716675 DTXSID40672548 DTXSID70616435 DTXSID60590174 DTXSID70855387 DTXSID30291383
DTXSID70651442	DTXSID00621052 DTXSID60522556 DTXSID10508168 DTXSID80493395 DTXSID30181735 DTXSID00385925 DTXSID70346129 DTXSID10475568 DTXSID10240733 DTXSID60496400 DTXSID50448771 DTXSID10421101 DTXSID40488742 DTXSID60651597 DTXSID10454999 DTXSID60487010 DTXSID70508063 DTXSID60633570 DTXSID80228265 DTXSID80629657
DTXSID50338880	DTXSID30204953 DTXSID70846614 DTXSID30817906 DTXSID10725737 DTXSID30516765 DTXSID50833527 DTXSID00504230 DTXSID80180894 DTXSID00542470 DTXSID60840166 DTXSID50496595 DTXSID80298887 DTXSID10606552 DTXSID20804082 DTXSID40806220 DTXSID20840788 DTXSID50645627 DTXSID00541347 DTXSID40306199 DTXSID90649245
DTXSID80289396	DTXSID80855090 DTXSID00670222 DTXSID80593521 DTXSID70669229 DTXSID40845694 DTXSID20648620 DTXSID50356468 DTXSID00668987 DTXSID00389105 DTXSID70710927 DTXSID80299652 DTXSID10604336 DTXSID10356469 DTXSID50352682 DTXSID20640467 DTXSID20403610 DTXSID50534365 DTXSID60489296 DTXSID00502857 DTXSID90611407
DTXSID40415679	DTXSID10672792 DTXSID60325125 DTXSID80558271 DTXSID20465495 DTXSID40194558 DTXSID50681040 DTXSID40617934 DTXSID90445805 DTXSID80631275 DTXSID10541414 DTXSID50662359 DTXSID60510635 DTXSID90759338 DTXSID90402498 DTXSID00462982 DTXSID90313636 DTXSID90794320 DTXSID80442686 DTXSID00474121 DTXSID20540610
DTXSID60816765	DTXSID40711103 DTXSID00764791 DTXSID50675242 DTXSID10699207 DTXSID80844106 DTXSID20363886 DTXSID40751968 DTXSID1042659 DTXSID70439005 DTXSID10551876 DTXSID50469825 DTXSID70733176 DTXSID30867401 DTXSID70517256 DTXSID20888226 DTXSID70645649 DTXSID20567049 DTXSID4052423 DTXSID90440214 DTXSID30846155
DTXSID30201402	DTXSID70886030 DTXSID00223994 DTXSID0044153 DTXSID20476203 DTXSID40851134 DTXSID40379404 DTXSID2022127 DTXSID00550732 DTXSID40195489 DTXSID50220236 DTXSID30794804 DTXSID20776098 DTXSID2052447 DTXSID90738906 DTXSID8022169 DTXSID80407876 DTXSID30453383 DTXSID90527776 DTXSID60550733 DTXSID80783708
DTXSID70611081	DTXSID20645871 DTXSID60550096 DTXSID20656366 DTXSID70647688 DTXSID80640201 DTXSID10733074 DTXSID70708324 DTXSID80338176 DTXSID00725605 DTXSID90486990 DTXSID80299970 DTXSID40407377 DTXSID60813077 DTXSID10519254 DTXSID20862849 DTXSID00453451 DTXSID50474550 DTXSID40446064 DTXSID20533542 DTXSID10452955
DTXSID60835597	DTXSID10704628 DTXSID00529488 DTXSID20796933 DTXSID60649297 DTXSID80338510 DTXSID10772044 DTXSID10471782 DTXSID90611083 DTXSID70531250 DTXSID7041966 DTXSID10359354 DTXSID00706676 DTXSID50290732 DTXSID20682347 DTXSID80595247 DTXSID90276212 DTXSID30789412 DTXSID00755240 DTXSID90401769 DTXSID70737932
DTXSID90344248	DTXSID70540524 DTXSID30556525 DTXSID20222484 DTXSID70884819 DTXSID80160737 DTXSID40668648 DTXSID70531255 DTXSID30182181 DTXSID50203120 DTXSID30490839 DTXSID9044790 DTXSID20698403 DTXSID10503390 DTXSID10705918 DTXSID50539234 DTXSID30530426 DTXSID40223857 DTXSID80816166 DTXSID70490090 DTXSID80542993
DTXSID10143472	DTXSID90325830 DTXSID70377413 DTXSID40711481 DTXSID70511118 DTXSID00338355 DTXSID10618478 DTXSID30816914 DTXSID70640932 DTXSID20730756 DTXSID20376158 DTXSID20384137 DTXSID50660254 DTXSID7073771 DTXSID20580733 DTXSID90380868 DTXSID20284688 DTXSID70214273 DTXSID80722556 DTXSID10652953 DTXSID70666536
DTXSID90736028	DTXSID20539948 DTXSID70558563 DTXSID40365145 DTXSID00480989 DTXSID40717822 DTXSID20578554 DTXSID90864779 DTXSID70470251 DTXSID00620020 DTXSID90562627 DTXSID50816810 DTXSID30562621 DTXSID70734148 DTXSID9047095 DTXSID40341904 DTXSID80590055 DTXSID80365907 DTXSID80143040 DTXSID10712182 DTXSID90811162
DTXSID90208553	DTXSID00614525 DTXSID00374536 DTXSID50281226 DTXSID00611337 DTXSID40415492 DTXSID70514624 DTXSID60424884 DTXSID30410198 DTXSID00749821 DTXSID6062672 DTXSID80369369 DTXSID30642472 DTXSID60681854 DTXSID50651304 DTXSID20801894 DTXSID90473522 DTXSID10621083 DTXSID10310021 DTXSID00341086 DTXSID20562958
DTXSID10739854	DTXSID20704078 DTXSID20284901 DTXSID00241971 DTXSID60151047 DTXSID80502870 DTXSID10210118 DTXSID50763875 DTXSID60646089 DTXSID40744315 DTXSID00646740 DTXSID1063140 DTXSID90313277 DTXSID00342699 DTXSID40614903 DTXSID90478239 DTXSID30323219 DTXSID50807309 DTXSID90291925 DTXSID70443980 DTXSID1047071
DTXSID00854782	DTXSID80241994 DTXSID20701062 DTXSID10606310 DTXSID3060667 DTXSID20719162 DTXSID50378827 DTXSID90738901 DTXSID60430268 DTXSID70848835 DTXSID30662498 DTXSID20336777 DTXSID40637430 DTXSID00813511 DTXSID30400357 DTXSID50816451 DTXSID00504311 DTXSID10448999 DTXSID00527000 DTXSID30336223 DTXSID90693561
DTXSID20398810	DTXSID50635285 DTXSID00610163 DTXSID70811428 DTXSID60725101 DTXSID70145831 DTXSID00839751 DTXSID10596368 DTXSID00536894 DTXSID90462936 DTXSID10198205 DTXSID10727837 DTXSID90743974 DTXSID30750945 DTXSID20406141 DTXSID30579375 DTXSID70392484 DTXSID00559149 DTXSID10563479 DTXSID50450930 DTXSID10363476
DTXSID00361249	DTXSID20148115 DTXSID90288178 DTXSID30511391 DTXSID30341913 DTXSID40528556 DTXSID40211431 DTXSID70568940 DTXSID00641119 DTXSID80161820 DTXSID80752499 DTXSID70622516 DTXSID90642135 DTXSID20563844 DTXSID90374489 DTXSID10360203 DTXSID30168268 DTXSID60797262 DTXSID90238138 DTXSID50590062 DTXSID20604640
DTXSID80576238	DTXSID10503390 DTXSID30530426 DTXSID00507589 DTXSID80790210 DTXSID90778807 DTXSID50539234 DTXSID80640241 DTXSID30508241 DTXSID30781931 DTXSID10439569 DTXSID20406904 DTXSID80804386 DTXSID70450932 DTXSID40558595 DTXSID90341893 DTXSID70212678 DTXSID10647905 DTXSID20222484 DTXSID50232172 DTXSID50846995
DTXSID80456728	DTXSID40682364 DTXSID70477947 DTXSID30325278 DTXSID0024266 DTXSID60640047 DTXSID10518727 DTXSID40382812 DTXSID90179991 DTXSID50767131 DTXSID80877338 DTXSID10661722 DTXSID00678208 DTXSID70759654 DTXSID80637257 DTXSID40749587 DTXSID50793056 DTXSID10700029 DTXSID20877630 DTXSID90796884 DTXSID5070232
DTXSID00534895	DTXSID40844809 DTXSID70682094 DTXSID50497966 DTXSID40773322 DTXSID6048096 DTXSID40615793 DTXSID20342752 DTXSID80615070 DTXSID90663507 DTXSID50698456 DTXSID00694584 DTXSID70852235 DTXSID40173409 DTXSID70836550 DTXSID40392951 DTXSID3061920 DTXSID60519360 DTXSID40693334 DTXSID20212729 DTXSID00635194
DTXSID60550516	DTXSID50161635 DTXSID50704006 DTXSID90161639 DTXSID10303817 DTXSID50615385 DTXSID90387731 DTXSID40896727 DTXSID70585475 DTXSID20188935 DTXSID80722556 DTXSID20284688 DTXSID10377573 DTXSID30634736 DTXSID90675923 DTXSID80647376 DTXSID20733565 DTXSID30816914 DTXSID70640932 DTXSID80380630 DTXSID50853169
DTXSID10706283	DTXSID00568892 DTXSID20285670 DTXSID10343531 DTXSID40243434 DTXSID40309701 DTXSID90570287 DTXSID20359360 DTXSID70197512 DTXSID40531863 DTXSID60462105 DTXSID60608662 DTXSID40614266 DTXSID90553131 DTXSID10794963 DTXSID90143531 DTXSID70808676 DTXSID40295377 DTXSID80488645 DTXSID80406844 DTXSID30590308
DTXSID50640470	DTXSID00501264 DTXSID60711645 DTXSID30407987 DTXSID70202690 DTXSID70447645 DTXSID10569991 DTXSID60481972 DTXSID40191628 DTXSID00865494 DTXSID60649439 DTXSID50306004 DTXSID10393859 DTXSID30181371 DTXSID60239672 DTXSID1025693 DTXSID90324363 DTXSID10552267 DTXSID10834858 DTXSID20891139 DTXSID50649605
DTXSID10555854	DTXSID00725807 DTXSID60401190 DTXSID70457502 DTXSID50609784 DTXSID70307896 DTXSID70726528 DTXSID00348297 DTXSID80628382 DTXSID40463534 DTXSID60725808 DTXSID10377992 DTXSID00348838 DTXSID70720864 DTXSID50354368 DTXSID20879376 DTXSID40394612 DTXSID40313489 DTXSID40628489 DTXSID30180364 DTXSID10383811
DTXSID90442410	DTXSID00669479 DTXSID50585418 DTXSID40334275 DTXSID80440647 DTXSID70226290 DTXSID1061998 DTXSID1058006 DTXSID90462936 DTXSID50494753 DTXSID50190021 DTXSID20354870 DTXSID60286045 DTXSID10198205 DTXSID10742247 DTXSID00411738 DTXSID40593340 DTXSID40380277 DTXSID40758917 DTXSID20647693 DTXSID10871440
DTXSID10165937	DTXSID60676942 DTXSID60527743 DTXSID60844886 DTXSID50487822 DTXSID40834083 DTXSID60381564 DTXSID90657047 DTXSID70554121 DTXSID70509818 DTXSID80657334 DTXSID60590538 DTXSID80648242 DTXSID80694441 DTXSID50844996 DTXSID20818982 DTXSID80223154 DTXSID00209354 DTXSID70766141 DTXSID40642428 DTXSID80336576
DTXSID40299517	DTXSID30423223 DTXSID30440298 DTXSID70176387 DTXSID80597680 DTXSID10840459 DTXSID60424440 DTXSID90341590 DTXSID30176383 DTXSID60388351 DTXSID90552402 DTXSID20417838 DTXSID70344408 DTXSID00165183 DTXSID00567360 DTXSID90595591 DTXSID20441052 DTXSID40681458 DTXSID90353012 DTXSID00600983 DTXSID80143106
DTXSID20734330	DTXSID30593394 DTXSID20504116 DTXSID40212084 DTXSID70354880 DTXSID80431070 DTXSID70398406 DTXSID60877336 DTXSID70757352 DTXSID10798188 DTXSID70836510 DTXSID20667735 DTXSID30704004 DTXSID20542816 DTXSID70676993 DTXSID60893915 DTXSID90398180 DTXSID40315180 DTXSID70612250 DTXSID70840859 DTXSID20651114
DTXSID10806398	DTXSID5070529 DTXSID90560729 DTXSID90695323 DTXSID50631606 DTXSID50310520 DTXSID10177550 DTXSID10301277 DTXSID30591214 DTXSID00356392 DTXSID60739526 DTXSID50179518 DTXSID30852256 DTXSID50409029 DTXSID40188937 DTXSID40693238 DTXSID80710670 DTXSID20368194 DTXSID00299730 DTXSID10675647 DTXSID30361752
DTXSID80736618	DTXSID40588413 DTXSID60217359 DTXSID20485012 DTXSID80572891 DTXSID00485015 DTXSID40513381 DTXSID60532291 DTXSID80604707 DTXSID10726820 DTXSID30395633 DTXSID30452775 DTXSID50849961 DTXSID90185370 DTXSID60284824 DTXSID60842746 DTXSID10826758 DTXSID60856080 DTXSID70584923 DTXSID90185572 DTXSID40674385
DTXSID20705661	DTXSID90706488 DTXSID20424567 DTXSID90392042 DTXSID70616516 DTXSID40504113 DTXSID20394216 DTXSID40187203 DTXSID5063605 DTXSID70784289 DTXSID40732550 DTXSID10712405 DTXSID80402306 DTXSID40701403 DTXSID50776243 DTXSID20468163 DTXSID10354268 DTXSID10347115 DTXSID90348983 DTXSID10356469 DTXSID30450099
DTXSID40523006	DTXSID30362789 DTXSID80537829 DTXSID80501883 DTXSID40464884 DTXSID50560684 DTXSID40677391 DTXSID30402412 DTXSID00380238 DTXSID00805870 DTXSID70276876 DTXSID30627547 DTXSID40274541 DTXSID90729455 DTXSID20876002 DTXSID00303922 DTXSID80422286 DTXSID60820125 DTXSID10820291 DTXSID80660101 DTXSID70217345
DTXSID30405908	DTXSID40551526 DTXSID90711198 DTXSID10518868 DTXSID10525310 DTXSID60232421 DTXSID30544588 DTXSID3061552 DTXSID5072486 DTXSID60488421 DTXSID20776098 DTXSID90621465 DTXSID60600126 DTXSID5061245 DTXSID30344949 DTXSID70438497 DTXSID60336195 DTXSID70593176 DTXSID10442659 DTXSID70709538 DTXSID20381262
DTXSID20722459	DTXSID90783517 DTXSID70336909 DTXSID40556793 DTXSID90322162 DTXSID40163623 DTXSID10288877 DTXSID70747839 DTXSID30584969 DTXSID10225444 DTXSID40751463 DTXSID80675912 DTXSID60747202 DTXSID90217423 DTXSID00234328 DTXSID00307723 DTXSID00421579 DTXSID3061683 DTXSID70284875 DTXSID60638580 DTXSID80323547
DTXSID70486135	DTXSID80489637 DTXSID80312456 DTXSID90308284 DTXSID70516784 DTXSID60608324 DTXSID70372524 DTXSID70597831 DTXSID00201636 DTXSID10483789 DTXSID60204269 DTXSID50314442 DTXSID40764472 DTXSID10444037 DTXSID20545261 DTXSID60670046 DTXSID70398168 DTXSID80563507 DTXSID60735008 DTXSID10855821 DTXSID20356910
DTXSID50368041	DTXSID00429272 DTXSID80451172 DTXSID70197592 DTXSID10289940 DTXSID10879688 DTXSID30153356 DTXSID90279182 DTXSID00218749 DTXSID50601344 DTXSID60664208 DTXSID60771643 DTXSID90218415 DTXSID30679061 DTXSID10840136 DTXSID00598078 DTXSID20666384 DTXSID00467412 DTXSID40549529 DTXSID60696105 DTXSID90478072
DTXSID80492621	DTXSID10630771 DTXSID5068233 DTXSID90649664 DTXSID70656250 DTXSID20742031 DTXSID90200471 DTXSID8032675 DTXSID50421261 DTXSID00738654 DTXSID50512103 DTXSID10794382 DTXSID40357808 DTXSID10728667 DTXSID80288586 DTXSID70500269 DTXSID30309250 DTXSID30848593 DTXSID50586107 DTXSID40641996 DTXSID20533542
DTXSID90719154	DTXSID90290716 DTXSID50306701 DTXSID80661118 DTXSID10837920 DTXSID50832292 DTXSID70525891 DTXSID80564296 DTXSID00775105 DTXSID40407317 DTXSID80787403 DTXSID60693876 DTXSID50788144 DTXSID80838585 DTXSID80757020 DTXSID50759410 DTXSID70876532 DTXSID90548663 DTXSID1059151 DTXSID90745079 DTXSID3042269
DTXSID10437121	DTXSID90787030 DTXSID30314602 DTXSID10761256 DTXSID0024397 DTXSID30668910 DTXSID40697812 DTXSID00276940 DTXSID30544023 DTXSID60170096 DTXSID30506823 DTXSID80199320 DTXSID30653462 DTXSID20781243 DTXSID30283405 DTXSID20213736 DTXSID10403725 DTXSID50450374 DTXSID1063691 DTXSID40661119 DTXSID30666274
DTXSID40365761	DTXSID30617640 DTXSID10563075 DTXSID50187390 DTXSID50457540 DTXSID00358154 DTXSID60442705 DTXSID20479512 DTXSID10489948 DTXSID30733677 DTXSID90616912 DTXSID20318497 DTXSID00663053 DTXSID20697239 DTXSID00323882 DTXSID60586219 DTXSID80876684 DTXSID50847765 DTXSID50708403 DTXSID80543420 DTXSID70606538
DTXSID10343415	DTXSID10189517 DTXSID70599254 DTXSID60807198 DTXSID70768221 DTXSID50632779 DTXSID80819157 DTXSID20652828 DTXSID10166661 DTXSID10749731 DTXSID30275143 DTXSID80458641 DTXSID80541527 DTXSID60632568 DTXSID10214297 DTXSID10594329 DTXSID20472346 DTXSID30606195 DTXSID30180309 DTXSID50850557 DTXSID50610734
DTXSID00473578	DTXSID70602636 DTXSID80324271 DTXSID80537122 DTXSID60355402 DTXSID10201521 DTXSID60532832 DTXSID30185314 DTXSID50531652 DTXSID10338109 DTXSID90577938 DTXSID90854731 DTXSID70640290 DTXSID40522559 DTXSID10675349 DTXSID70434151 DTXSID60312575 DTXSID70704008 DTXSID10544364 DTXSID70711419 DTXSID20876901
DTXSID40757309	DTXSID60340974 DTXSID00566171 DTXSID30280974 DTXSID00559149 DTXSID10495721 DTXSID70741539 DTXSID20368295 DTXSID40630906 DTXSID50395110 DTXSID80279919 DTXSID30750945 DTXSID20406141 DTXSID00839751 DTXSID60725101 DTXSID60536810 DTXSID10471666 DTXSID70315971 DTXSID50450930 DTXSID00411738 DTXSID90462936
DTXSID10515615	DTXSID50457308 DTXSID90456239 DTXSID30734164 DTXSID40588519 DTXSID10667143 DTXSID20804082 DTXSID30752702 DTXSID10416330 DTXSID50645627 DTXSID70515611 DTXSID20278163 DTXSID70873607 DTXSID00782258 DTXSID7057787 DTXSID20856506 DTXSID20840788 DTXSID00588237 DTXSID00372219 DTXSID70308404 DTXSID90774102
DTXSID90388561	DTXSID40460886 DTXSID10280755 DTXSID70639144 DTXSID9065364 DTXSID00182673 DTXSID50474550 DTXSID60829451 DTXSID20353681 DTXSID70424719 DTXSID30506707 DTXSID30651201 DTXSID10831908 DTXSID10455784 DTXSID20581644 DTXSID40357808 DTXSID70500269 DTXSID20645871 DTXSID70783414 DTXSID60876965 DTXSID30725633
DTXSID50634238	DTXSID50649802 DTXSID20379543 DTXSID50215001 DTXSID80370955 DTXSID80211218 DTXSID40332695 DTXSID40455555 DTXSID70722227 DTXSID70316448 DTXSID10371632 DTXSID10470013 DTXSID80494605 DTXSID10436811 DTXSID70680272 DTXSID20579162 DTXSID00501648 DTXSID60145820 DTXSID10857249 DTXSID00655630 DTXSID70415420
DTXSID0062921	DTXSID1068019 DTXSID60288589 DTXSID80195044 DTXSID30223285 DTXSID10758949 DTXSID1066239 DTXSID30770365 DTXSID5047114 DTXSID20888029 DTXSID5062398 DTXSID70394423 DTXSID60598059 DTXSID20195063 DTXSID30575670 DTXSID90216335 DTXSID70751310 DTXSID50783437 DTXSID50410539 DTXSID20411452 DTXSID90404730
DTXSID60727382	DTXSID30277485 DTXSID70856511 DTXSID90391712 DTXSID40467239 DTXSID50322764 DTXSID90850894 DTXSID60601471 DTXSID70324361 DTXSID60354011 DTXSID80733622 DTXSID20378692 DTXSID00508096 DTXSID80483231 DTXSID90596028 DTXSID70545993 DTXSID20867834 DTXSID3063095 DTXSID90323199 DTXSID80391302 DTXSID70750944
DTXSID50814992	DTXSID10575971 DTXSID00510558 DTXSID70877569 DTXSID90723352 DTXSID60721022 DTXSID10653869 DTXSID00320477 DTXSID80208300 DTXSID50534885 DTXSID0060066 DTXSID80836369 DTXSID30819187 DTXSID90302949 DTXSID80694466 DTXSID80852645 DTXSID60678188 DTXSID30675003 DTXSID70233722 DTXSID50471468 DTXSID40835510
DTXSID10619405	DTXSID10555091 DTXSID60295354 DTXSID20356697 DTXSID80549528 DTXSID50170540 DTXSID2047016 DTXSID70349519 DTXSID00462684 DTXSID20212022 DTXSID60828121 DTXSID30631402 DTXSID90540400 DTXSID90734029 DTXSID20369429 DTXSID40297775 DTXSID00287793 DTXSID90547797 DTXSID70628018 DTXSID60669213 DTXSID00676663
DTXSID50527373	DTXSID70526828 DTXSID50404433 DTXSID20346058 DTXSID00589805 DTXSID50379475 DTXSID50315232 DTXSID70630333 DTXSID70543979 DTXSID60599086 DTXSID20524016 DTXSID30504920 DTXSID30617968 DTXSID30323890 DTXSID00145708 DTXSID80278381 DTXSID30806976 DTXSID80768257 DTXSID90826519 DTXSID70397414 DTXSID70507379
DTXSID60792898	DTXSID20243255 DTXSID30615328 DTXSID00829056 DTXSID50491545 DTXSID50468535 DTXSID20602343 DTXSID80310179 DTXSID40546790 DTXSID40530331 DTXSID40171566 DTXSID20600723 DTXSID10361270 DTXSID40439279 DTXSID90290453 DTXSID50478058 DTXSID10647703 DTXSID60415939 DTXSID20892085 DTXSID80723765 DTXSID90620534
DTXSID60615215	DTXSID80457932 DTXSID40832084 DTXSID80373744 DTXSID30306426 DTXSID10749579 DTXSID50596746 DTXSID10340949 DTXSID90383293 DTXSID30772364 DTXSID90577216 DTXSID3068592 DTXSID70478257 DTXSID40496120 DTXSID50604173 DTXSID20324518 DTXSID60641014 DTXSID70452133 DTXSID8024787 DTXSID40415917 DTXSID90375138
DTXSID30766546	DTXSID40523526 DTXSID30639049 DTXSID70193216 DTXSID00523527 DTXSID10851661 DTXSID20565303 DTXSID20297955 DTXSID40739943 DTXSID30848932 DTXSID60523528 DTXSID00289651 DTXSID00748374 DTXSID60708676 DTXSID90750769 DTXSID00834569 DTXSID70765735 DTXSID10600494 DTXSID10241806 DTXSID0068026 DTXSID30730989
DTXSID9072527	DTXSID00629477 DTXSID60276143 DTXSID00829132 DTXSID20197406 DTXSID20242521 DTXSID40563189 DTXSID0067503 DTXSID10890999 DTXSID60780199 DTXSID10872659 DTXSID40613991 DTXSID80559561 DTXSID30188729 DTXSID10202674 DTXSID30429503 DTXSID80274202 DTXSID90602057 DTXSID60242747 DTXSID60816366 DTXSID90763152
DTXSID90344864	DTXSID70764920 DTXSID70814070 DTXSID40576476 DTXSID90313550 DTXSID60586193 DTXSID10448853 DTXSID20332552 DTXSID20876587 DTXSID50579054 DTXSID60776895 DTXSID70780766 DTXSID50627362 DTXSID80240427 DTXSID20815673 DTXSID20832421 DTXSID00522010 DTXSID80528696 DTXSID90874217 DTXSID00639591 DTXSID80611870
DTXSID20716575	DTXSID40721469 DTXSID60493474 DTXSID80452745 DTXSID10577576 DTXSID70177915 DTXSID20455750 DTXSID10206172 DTXSID40577867 DTXSID10669208 DTXSID30454996 DTXSID50507099 DTXSID80613339 DTXSID10530126 DTXSID60229255 DTXSID80553706 DTXSID50395812 DTXSID90557811 DTXSID00531485 DTXSID40183664 DTXSID20552238
DTXSID30737771	DTXSID20340096 DTXSID10544465 DTXSID40492324 DTXSID80771201 DTXSID20636986 DTXSID90755951 DTXSID30639589 DTXSID80169801 DTXSID90487604 DTXSID00814942 DTXSID60339080 DTXSID10472219 DTXSID10818299 DTXSID80552279 DTXSID10838811 DTXSID00391541 DTXSID60184971 DTXSID30524340 DTXSID00763380 DTXSID40534915
DTXSID00405117	DTXSID50848994 DTXSID90662833 DTXSID70176266 DTXSID90817745 DTXSID60734213 DTXSID00293935 DTXSID00568670 DTXSID10496814 DTXSID70399418 DTXSID70471445 DTXSID50303033 DTXSID7057787 DTXSID80211571 DTXSID70425569 DTXSID40632283 DTXSID00748874 DTXSID00588237 DTXSID10478690 DTXSID50193274 DTXSID80238243
DTXSID80757646	DTXSID00739949 DTXSID30586246 DTXSID30327237 DTXSID70550401 DTXSID50197510 DTXSID10436856 DTXSID20352992 DTXSID30536807 DTXSID00192772 DTXSID50388229 DTXSID60609316 DTXSID90614236 DTXSID40846969 DTXSID70578327 DTXSID90509411 DTXSID90400712 DTXSID60424884 DTXSID90293308 DTXSID40291475 DTXSID10321879
DTXSID30550023	DTXSID80540737 DTXSID60172570 DTXSID00864907 DTXSID40540738 DTXSID80354371 DTXSID60766978 DTXSID5021625 DTXSID80568138 DTXSID60451877 DTXSID30767674 DTXSID10311699 DTXSID90587653 DTXSID40398958 DTXSID30738485 DTXSID40833733 DTXSID50524827 DTXSID10693124 DTXSID50277442 DTXSID00162071 DTXSID70515318
DTXSID20443399	DTXSID00398671 DTXSID40388536 DTXSID80339067 DTXSID90877304 DTXSID10364529 DTXSID40289039 DTXSID40775609 DTXSID50640314 DTXSID00734893 DTXSID70514285 DTXSID00331164 DTXSID10402339 DTXSID00780936 DTXSID50707951 DTXSID30332528 DTXSID70390667 DTXSID30213626 DTXSID50315570 DTXSID30663066 DTXSID00560977
DTXSID90554466	DTXSID00619277 DTXSID30540282 DTXSID4061254 DTXSID30730641 DTXSID70828773 DTXSID70524783 DTXSID50694473 DTXSID90499641 DTXSID90205022 DTXSID70221826 DTXSID90715717 DTXSID60744317 DTXSID90499161 DTXSID00184258 DTXSID00304090 DTXSID70542023 DTXSID10673906 DTXSID40210161 DTXSID10771759 DTXSID70395213
DTXSID30550028	DTXSID10337657 DTXSID1068807 DTXSID40534975 DTXSID60325842 DTXSID70327857 DTXSID80553504 DTXSID6063226 DTXSID80798099 DTXSID30451107 DTXSID90556268 DTXSID10418177 DTXSID3068883 DTXSID30528282 DTXSID90772825 DTXSID10773617 DTXSID40781063 DTXSID30827146 DTXSID60850189 DTXSID90823245 DTXSID80559561
DTXSID00874349	DTXSID80229196 DTXSID60363224 DTXSID70835068 DTXSID10463425 DTXSID90395215 DTXSID50277806 DTXSID70606674 DTXSID00759581 DTXSID50278717 DTXSID90509133 DTXSID90473582 DTXSID10311119 DTXSID40551980 DTXSID90850495 DTXSID30651367 DTXSID50682239 DTXSID10380522 DTXSID50354606 DTXSID10888816 DTXSID50277740
DTXSID80788253	DTXSID80700798 DTXSID10561975 DTXSID40811253 DTXSID50178708 DTXSID50812918 DTXSID60211832 DTXSID60842544 DTXSID40382933 DTXSID00278323 DTXSID50370902 DTXSID10767051 DTXSID00705785 DTXSID60308751 DTXSID30556343 DTXSID50436633 DTXSID40642488 DTXSID60222746 DTXSID30836834 DTXSID70561754 DTXSID30479922
DTXSID30388045	DTXSID90381395 DTXSID60526251 DTXSID50764246 DTXSID70421046 DTXSID40589743 DTXSID40889316 DTXSID70848557 DTXSID30595898 DTXSID50757613 DTXSID50642439 DTXSID10748022 DTXSID90336082 DTXSID90485165 DTXSID30339597 DTXSID70345692 DTXSID40781200 DTXSID3052220 DTXSID50726480 DTXSID70240254 DTXSID60441410
DTXSID70742783	DTXSID40551667 DTXSID30343058 DTXSID90608771 DTXSID00353104 DTXSID70446597 DTXSID20375085 DTXSID60438865 DTXSID30579759 DTXSID10288332 DTXSID60395929 DTXSID10563954 DTXSID50743511 DTXSID6020012 DTXSID80639958 DTXSID50280274 DTXSID40896121 DTXSID30561699 DTXSID40244168 DTXSID70353797 DTXSID70447701
DTXSID10464730	DTXSID10221724 DTXSID60231434 DTXSID30785550 DTXSID50397371 DTXSID40243939 DTXSID10427188 DTXSID90535053 DTXSID30473526 DTXSID60836802 DTXSID60178936 DTXSID60299079 DTXSID60602903 DTXSID40785682 DTXSID70744348 DTXSID50415004 DTXSID00229310 DTXSID00216765 DTXSID30667342 DTXSID10653829 DTXSID90150427
DTXSID10605267	DTXSID20889036 DTXSID30210675 DTXSID60423817 DTXSID30769931 DTXSID50753837 DTXSID80872661 DTXSID10658859 DTXSID40707566 DTXSID90619786 DTXSID20235473 DTXSID30146203 DTXSID40887796 DTXSID80338050 DTXSID50307511 DTXSID60515882 DTXSID00432064 DTXSID00432448 DTXSID30393871 DTXSID10339095 DTXSID80853814
DTXSID30566720	DTXSID70693504 DTXSID10675228 DTXSID00769266 DTXSID70823187 DTXSID50404296 DTXSID50321838 DTXSID60214121 DTXSID10340247 DTXSID40593183 DTXSID70794227 DTXSID60542052 DTXSID90518543 DTXSID40466085 DTXSID10803483 DTXSID40607633 DTXSID90559057 DTXSID10786282 DTXSID60193361 DTXSID70589756 DTXSID80181841
DTXSID00279294	DTXSID20371406 DTXSID50175959 DTXSID20180252 DTXSID80404406 DTXSID20610786 DTXSID00701106 DTXSID00461157 DTXSID90365938 DTXSID20879053 DTXSID40408041 DTXSID50546887 DTXSID10726481 DTXSID80191703 DTXSID50453587 DTXSID10402258 DTXSID10482131 DTXSID80627991 DTXSID50206878 DTXSID00651511 DTXSID90354120
DTXSID70852235	DTXSID00694584 DTXSID00635194 DTXSID80615070 DTXSID40773322 DTXSID60428125 DTXSID6048096 DTXSID20167826 DTXSID20342752 DTXSID80423814 DTXSID00423917 DTXSID70682094 DTXSID60834747 DTXSID70405947 DTXSID4065604 DTXSID40173409 DTXSID00534895 DTXSID90663507 DTXSID10724700 DTXSID70499624 DTXSID10297585
DTXSID70774943	DTXSID20506514 DTXSID70428712 DTXSID60405916 DTXSID20443697 DTXSID40669211 DTXSID40549928 DTXSID80498486 DTXSID70608916 DTXSID30566624 DTXSID00440467 DTXSID3044918 DTXSID80655638 DTXSID40663532 DTXSID60503446 DTXSID80462369 DTXSID00480065 DTXSID80485831 DTXSID10453169 DTXSID50342306 DTXSID80348497
DTXSID60206102	DTXSID40751706 DTXSID90843903 DTXSID90439542 DTXSID60425730 DTXSID40693273 DTXSID70383670 DTXSID70431468 DTXSID20600723 DTXSID50290813 DTXSID80495753 DTXSID90819865 DTXSID70876072 DTXSID30234336 DTXSID70618696 DTXSID4068533 DTXSID30641187 DTXSID00440826 DTXSID20739168 DTXSID70309077 DTXSID90283648
DTXSID50283447	DTXSID40390270 DTXSID00307642 DTXSID10694595 DTXSID60307643 DTXSID80428006 DTXSID90594246 DTXSID00736695 DTXSID60383684 DTXSID90847123 DTXSID30646551 DTXSID30646571 DTXSID20436221 DTXSID70350302 DTXSID00211053 DTXSID10427320 DTXSID00739141 DTXSID90403440 DTXSID30618536 DTXSID60442068 DTXSID60610700
DTXSID00472485	DTXSID60457672 DTXSID00699594 DTXSID20625113 DTXSID30743135 DTXSID30514887 DTXSID80276584 DTXSID80443759 DTXSID50735552 DTXSID30434995 DTXSID50310146 DTXSID40314517 DTXSID10597638 DTXSID80756235 DTXSID70876870 DTXSID60723581 DTXSID80640842 DTXSID90894031 DTXSID70332168 DTXSID30886233 DTXSID40180658
DTXSID90778665	DTXSID00290247 DTXSID00787167 DTXSID70799712 DTXSID50816158 DTXSID70562488 DTXSID10531254 DTXSID00442688 DTXSID70762224 DTXSID40181084 DTXSID90816713 DTXSID50297620 DTXSID20602303 DTXSID90470157 DTXSID00621330 DTXSID40576875 DTXSID50177630 DTXSID70532929 DTXSID3058955 DTXSID10640512 DTXSID50778843
DTXSID00147227	DTXSID90710484 DTXSID70496976 DTXSID40222441 DTXSID40177548 DTXSID40645858 DTXSID60658162 DTXSID60715926 DTXSID00308578 DTXSID10321359 DTXSID40856260 DTXSID0069705 DTXSID50663063 DTXSID00322673 DTXSID40712251 DTXSID20579541 DTXSID50486638 DTXSID60857299 DTXSID90385338 DTXSID10737794 DTXSID60829037
DTXSID00617930	DTXSID9068409 DTXSID30856991 DTXSID30876674 DTXSID90626596 DTXSID00402085 DTXSID50697207 DTXSID9064007 DTXSID20277075 DTXSID10430157 DTXSID50408638 DTXSID40879338 DTXSID80465693 DTXSID10471025 DTXSID70295163 DTXSID70886858 DTXSID50412755 DTXSID60551669 DTXSID50227583 DTXSID20646803 DTXSID70185176
DTXSID70631668	DTXSID70749156 DTXSID40668567 DTXSID00698901 DTXSID10533430 DTXSID10678537 DTXSID60341603 DTXSID30631669 DTXSID70319419 DTXSID10435480 DTXSID10309314 DTXSID10786267 DTXSID90814597 DTXSID70542023 DTXSID50719852 DTXSID80819470 DTXSID10630897 DTXSID00802844 DTXSID10358741 DTXSID7029372 DTXSID40493593
DTXSID80819899	DTXSID90490436 DTXSID10737734 DTXSID00511303 DTXSID50460918 DTXSID10752705 DTXSID50610431 DTXSID30384628 DTXSID00528794 DTXSID40526072 DTXSID10175430 DTXSID10400618 DTXSID00533141 DTXSID50233720 DTXSID70659620 DTXSID60558138 DTXSID60791689 DTXSID80561604 DTXSID10781712 DTXSID30149274 DTXSID00438283
DTXSID90844430	DTXSID80539823 DTXSID90587653 DTXSID00401154 DTXSID80394919 DTXSID00667591 DTXSID70304724 DTXSID80175169 DTXSID80568138 DTXSID70515318 DTXSID80302716 DTXSID80594452 DTXSID40833733 DTXSID90577271 DTXSID10311699 DTXSID60770393 DTXSID00341006 DTXSID90632258 DTXSID00864907 DTXSID90399319 DTXSID10489847
DTXSID80218944	DTXSID80377186 DTXSID00588297 DTXSID30175174 DTXSID70548964 DTXSID70536164 DTXSID40480100 DTXSID4059251 DTXSID20677536 DTXSID80436641 DTXSID20306137 DTXSID90767216 DTXSID40421230 DTXSID10188005 DTXSID70287447 DTXSID90794901 DTXSID50368642 DTXSID70397414 DTXSID00447830 DTXSID20228325 DTXSID40755587
DTXSID20534998	DTXSID90574381 DTXSID00281054 DTXSID40808289 DTXSID40593845 DTXSID50372082 DTXSID10506922 DTXSID80728891 DTXSID20429017 DTXSID70619067 DTXSID00769246 DTXSID80492207 DTXSID30672274 DTXSID40444308 DTXSID80291934 DTXSID10344169 DTXSID80378471 DTXSID00618008 DTXSID40520530 DTXSID70471389 DTXSID20431074
DTXSID4061254	DTXSID90554466 DTXSID00619277 DTXSID50694473 DTXSID30730641 DTXSID30540282 DTXSID70524783 DTXSID70828773 DTXSID90499641 DTXSID90205022 DTXSID10673906 DTXSID70542023 DTXSID70221826 DTXSID10786267 DTXSID40210161 DTXSID10771759 DTXSID90715717 DTXSID90237202 DTXSID10586047 DTXSID70851167 DTXSID10470412
DTXSID00694049	DTXSID40561645 DTXSID10168882 DTXSID40495597 DTXSID30734902 DTXSID70695260 DTXSID40296581 DTXSID90380404 DTXSID20352412 DTXSID80813019 DTXSID00442188 DTXSID00748011 DTXSID10734783 DTXSID80237675 DTXSID50441787 DTXSID40588493 DTXSID80294445 DTXSID30537839 DTXSID20718973 DTXSID50153176 DTXSID90429862
DTXSID00515129	DTXSID3075335 DTXSID00658368 DTXSID10506048 DTXSID90798186 DTXSID50345231 DTXSID50761336 DTXSID60682265 DTXSID60866760 DTXSID40556238 DTXSID10820094 DTXSID40727906 DTXSID00809530 DTXSID30798185 DTXSID90321852 DTXSID30704004 DTXSID10211044 DTXSID60783822 DTXSID90398180 DTXSID20530950 DTXSID20793487
DTXSID40647635	DTXSID80430902 DTXSID10310263 DTXSID40562677 DTXSID60813198 DTXSID70674691 DTXSID30320263 DTXSID70303631 DTXSID00400920 DTXSID50326520 DTXSID30411862 DTXSID80756235 DTXSID20804840 DTXSID30855727 DTXSID20756234 DTXSID80548314 DTXSID00296961 DTXSID60723581 DTXSID70855660 DTXSID50728580 DTXSID90894031
DTXSID40751468	DTXSID70648998 DTXSID60364099 DTXSID80308177 DTXSID40612666 DTXSID30675048 DTXSID70532141 DTXSID40854049 DTXSID30293963 DTXSID20726376 DTXSID80874261 DTXSID00344971 DTXSID30625048 DTXSID70526803 DTXSID50590547 DTXSID90675064 DTXSID80288283 DTXSID90727173 DTXSID80430144 DTXSID40222108 DTXSID50747579
DTXSID20765467	DTXSID10658374 DTXSID60795809 DTXSID10634214 DTXSID30174849 DTXSID00828564 DTXSID00281357 DTXSID40616169 DTXSID70670234 DTXSID90660374 DTXSID50304964 DTXSID50798187 DTXSID30867724 DTXSID80345805 DTXSID90398428 DTXSID30704064 DTXSID90806856 DTXSID40211794 DTXSID30638436 DTXSID90797093 DTXSID00752693
DTXSID40751463	DTXSID60747202 DTXSID90217423 DTXSID10225444 DTXSID10288877 DTXSID70396402 DTXSID50654936 DTXSID70336909 DTXSID20538830 DTXSID40176910 DTXSID90783517 DTXSID00522176 DTXSID60638580 DTXSID10795415 DTXSID40163623 DTXSID90328740 DTXSID40187824 DTXSID70670451 DTXSID80675912 DTXSID20722459 DTXSID40556793
DTXSID80812845	DTXSID70325696 DTXSID20821077 DTXSID50180326 DTXSID20317288 DTXSID80416549 DTXSID80845794 DTXSID60760855 DTXSID90668471 DTXSID80326134 DTXSID50240651 DTXSID90672497 DTXSID60559382 DTXSID50729870 DTXSID00366532 DTXSID00307223 DTXSID90309635 DTXSID90706903 DTXSID00846006 DTXSID10756167 DTXSID9074642
DTXSID10436654	DTXSID60764510 DTXSID90526623 DTXSID30195034 DTXSID30739033 DTXSID70527512 DTXSID90447248 DTXSID80715221 DTXSID80284725 DTXSID30852630 DTXSID80175861 DTXSID10307355 DTXSID20880720 DTXSID00366512 DTXSID50483425 DTXSID00196816 DTXSID20663055 DTXSID00565689 DTXSID70874477 DTXSID20580571 DTXSID60738998
DTXSID30395390	DTXSID30525913 DTXSID10496253 DTXSID40207819 DTXSID30671560 DTXSID80640544 DTXSID70602333 DTXSID40279910 DTXSID10354228 DTXSID90857000 DTXSID80810068 DTXSID90300667 DTXSID30583371 DTXSID20536457 DTXSID20277151 DTXSID0058514 DTXSID90733219 DTXSID40431016 DTXSID10600595 DTXSID80275653 DTXSID60415636
DTXSID90883667	DTXSID80456228 DTXSID70356086 DTXSID40610364 DTXSID00842563 DTXSID70281066 DTXSID90799633 DTXSID90352303 DTXSID50790207 DTXSID40835055 DTXSID80584818 DTXSID10645683 DTXSID30395714 DTXSID70296695 DTXSID30671565 DTXSID60460080 DTXSID80278947 DTXSID70891442 DTXSID50549631 DTXSID50425244 DTXSID40818449
DTXSID70283000	DTXSID2058122 DTXSID20211873 DTXSID80781800 DTXSID20299055 DTXSID70621488 DTXSID7069023 DTXSID90743631 DTXSID10294857 DTXSID70673129 DTXSID00160890 DTXSID70765391 DTXSID30294495 DTXSID10191478 DTXSID90463827 DTXSID20421218 DTXSID90390604 DTXSID50341511 DTXSID20159786 DTXSID90833162 DTXSID20312091
DTXSID70283005	DTXSID50558329 DTXSID10711857 DTXSID40404068 DTXSID80668581 DTXSID30649502 DTXSID70364525 DTXSID50191730 DTXSID90748989 DTXSID60206622 DTXSID00485176 DTXSID50807309 DTXSID60769580 DTXSID20593989 DTXSID00374031 DTXSID80238203 DTXSID00404887 DTXSID00182971 DTXSID40857297 DTXSID90799638 DTXSID70332567
DTXSID00489694	DTXSID40550190 DTXSID70226876 DTXSID00716235 DTXSID70509818 DTXSID40791662 DTXSID60527743 DTXSID70554121 DTXSID30287165 DTXSID10497361 DTXSID60818047 DTXSID40399561 DTXSID50181631 DTXSID50705750 DTXSID10189714 DTXSID40642428 DTXSID50855769 DTXSID80648242 DTXSID70598186 DTXSID40823058 DTXSID50293203
DTXSID50593492	DTXSID80181487 DTXSID10459065 DTXSID20549264 DTXSID80208966 DTXSID50366244 DTXSID70714723 DTXSID20207695 DTXSID40293717 DTXSID40726878 DTXSID80570155 DTXSID10659624 DTXSID90238138 DTXSID50446232 DTXSID30599710 DTXSID10518525 DTXSID10287204 DTXSID50323352 DTXSID30662913 DTXSID30592241 DTXSID30609247
DTXSID10838553	DTXSID90485226 DTXSID40552053 DTXSID00597642 DTXSID00579281 DTXSID10237007 DTXSID10811083 DTXSID20798912 DTXSID00341268 DTXSID20481099 DTXSID50850153 DTXSID10809501 DTXSID90424554 DTXSID20159342 DTXSID70569992 DTXSID50436936 DTXSID00225190 DTXSID00206505 DTXSID10302946 DTXSID30852630 DTXSID40406623
DTXSID50637522	DTXSID30542968 DTXSID10491920 DTXSID50874359 DTXSID50451245 DTXSID60281959 DTXSID90319355 DTXSID80162392 DTXSID30234871 DTXSID90529871 DTXSID80516331 DTXSID20435658 DTXSID00872860 DTXSID60501402 DTXSID30473081 DTXSID20231591 DTXSID00772053 DTXSID80585325 DTXSID20678220 DTXSID90499202 DTXSID20471031
DTXSID60736257	DTXSID30310427 DTXSID00836164 DTXSID10651305 DTXSID20377125 DTXSID80620381 DTXSID1042281 DTXSID90360625 DTXSID60167603 DTXSID90734029 DTXSID50164641 DTXSID80358672 DTXSID70349519 DTXSID80601317 DTXSID70628018 DTXSID9064007 DTXSID70295163 DTXSID50305239 DTXSID60591924 DTXSID20646803 DTXSID30876674
DTXSID50604451	DTXSID30307175 DTXSID70620279 DTXSID6062672 DTXSID50542445 DTXSID1068853 DTXSID50281226 DTXSID00374536 DTXSID60681854 DTXSID80369369 DTXSID20595640 DTXSID70514624 DTXSID90208553 DTXSID00341086 DTXSID50651304 DTXSID40415492 DTXSID20655394 DTXSID90232353 DTXSID20322579 DTXSID10555314 DTXSID60424884
DTXSID60822144	DTXSID00351221 DTXSID30551136 DTXSID30483862 DTXSID90473840 DTXSID50462472 DTXSID80322656 DTXSID00284505 DTXSID30369379 DTXSID70439989 DTXSID10391810 DTXSID70366685 DTXSID20400745 DTXSID90281846 DTXSID80554975 DTXSID40238805 DTXSID3046166 DTXSID90473481 DTXSID00766412 DTXSID10844876 DTXSID40435276
DTXSID20840788	DTXSID20804082 DTXSID50193274 DTXSID50303033 DTXSID00588237 DTXSID00372219 DTXSID7057787 DTXSID50496595 DTXSID70308404 DTXSID30734164 DTXSID30516765 DTXSID90456239 DTXSID20278163 DTXSID50645627 DTXSID60646943 DTXSID10515615 DTXSID80298887 DTXSID10725737 DTXSID70515611 DTXSID00504230 DTXSID00293935
DTXSID50658550	DTXSID30398346 DTXSID10211044 DTXSID20530950 DTXSID60295137 DTXSID60783822 DTXSID30370420 DTXSID00809530 DTXSID20750954 DTXSID3052355 DTXSID50761336 DTXSID50709955 DTXSID00828564 DTXSID50378827 DTXSID30336223 DTXSID90806856 DTXSID30798185 DTXSID00504311 DTXSID10820094 DTXSID50798187 DTXSID00752693
DTXSID40621910	DTXSID20503104 DTXSID80431818 DTXSID50220892 DTXSID60626947 DTXSID30468391 DTXSID10403669 DTXSID50825200 DTXSID30375137 DTXSID90591699 DTXSID70445949 DTXSID80661133 DTXSID00220882 DTXSID10519178 DTXSID70509853 DTXSID80281698 DTXSID00711265 DTXSID20800029 DTXSID70526808 DTXSID8058827 DTXSID90373674
DTXSID10601360	DTXSID00721268 DTXSID70282356 DTXSID80801294 DTXSID10607544 DTXSID10722665 DTXSID20462722 DTXSID80771766 DTXSID40717822 DTXSID80143040 DTXSID30474098 DTXSID60354011 DTXSID80820329 DTXSID50569319 DTXSID00390236 DTXSID00196518 DTXSID00303649 DTXSID80851239 DTXSID60601471 DTXSID70545993 DTXSID10292035
DTXSID50837207	DTXSID20762693 DTXSID90541598 DTXSID40543047 DTXSID00502150 DTXSID60762692 DTXSID50768805 DTXSID60523124 DTXSID00171365 DTXSID60451498 DTXSID50440755 DTXSID80737746 DTXSID10633424 DTXSID50188948 DTXSID20182615 DTXSID70784865 DTXSID4022076 DTXSID00405738 DTXSID50750765 DTXSID10627489 DTXSID50572782
DTXSID10577576	DTXSID30454996 DTXSID40577867 DTXSID80553706 DTXSID40721469 DTXSID20716575 DTXSID50395812 DTXSID80452745 DTXSID20455750 DTXSID60493474 DTXSID60229255 DTXSID80613339 DTXSID10206172 DTXSID70177915 DTXSID40183664 DTXSID20552238 DTXSID10669208 DTXSID70328364 DTXSID50507099 DTXSID00531485 DTXSID10530126
DTXSID50340948	DTXSID40581323 DTXSID70457305 DTXSID80844106 DTXSID90509214 DTXSID70517256 DTXSID20630782 DTXSID20363886 DTXSID50675242 DTXSID60580217 DTXSID40887211 DTXSID40711103 DTXSID80531423 DTXSID90334149 DTXSID30867401 DTXSID00597642 DTXSID60816765 DTXSID00764791 DTXSID10733817 DTXSID10699207 DTXSID00225190
DTXSID80696364	DTXSID50662930 DTXSID70361650 DTXSID90702203 DTXSID10743592 DTXSID80784755 DTXSID80494029 DTXSID90510345 DTXSID60587786 DTXSID70850630 DTXSID30593950 DTXSID10587796 DTXSID7021366 DTXSID10406256 DTXSID10631864 DTXSID20235433 DTXSID80879711 DTXSID20500895 DTXSID20598570 DTXSID40562793 DTXSID10568964
DTXSID90439542	DTXSID40693273 DTXSID40751706 DTXSID30234336 DTXSID70383670 DTXSID50290813 DTXSID60206102 DTXSID70876072 DTXSID80495753 DTXSID90843903 DTXSID4068533 DTXSID90819865 DTXSID70618696 DTXSID20364156 DTXSID70431468 DTXSID50632411 DTXSID40523066 DTXSID70424335 DTXSID90668739 DTXSID60425730 DTXSID80604000
DTXSID30307175	DTXSID50604451 DTXSID70620279 DTXSID50542445 DTXSID1068853 DTXSID6062672 DTXSID60681854 DTXSID80369369 DTXSID50281226 DTXSID00374536 DTXSID70514624 DTXSID20595640 DTXSID00341086 DTXSID90208553 DTXSID20655394 DTXSID40415492 DTXSID80791282 DTXSID40396237 DTXSID50651304 DTXSID00749821 DTXSID60519486
DTXSID80407876	DTXSID0044153 DTXSID2022127 DTXSID30451647 DTXSID00223994 DTXSID30201402 DTXSID00550732 DTXSID90275088 DTXSID70286738 DTXSID50220236 DTXSID70886030 DTXSID60550733 DTXSID30453383 DTXSID90527776 DTXSID40379404 DTXSID90738906 DTXSID20476203 DTXSID20518379 DTXSID40851134 DTXSID2052447 DTXSID20173321
DTXSID80763020	DTXSID80781542 DTXSID10769772 DTXSID80526096 DTXSID20287831 DTXSID60769626 DTXSID80444544 DTXSID80613657 DTXSID00770211 DTXSID60566011 DTXSID90444555 DTXSID20735842 DTXSID40813393 DTXSID50858831 DTXSID20144556 DTXSID90638174 DTXSID40771787 DTXSID00847114 DTXSID80708456 DTXSID00331427 DTXSID90773276
DTXSID10851661	DTXSID20565303 DTXSID40739943 DTXSID30766546 DTXSID00834569 DTXSID60708676 DTXSID0068026 DTXSID00289651 DTXSID00748374 DTXSID30848932 DTXSID30730989 DTXSID90220432 DTXSID50750765 DTXSID20297955 DTXSID20563228 DTXSID90303673 DTXSID40523526 DTXSID50188948 DTXSID70764248 DTXSID40489830 DTXSID70303954
DTXSID30352640	DTXSID40555903 DTXSID20676827 DTXSID20714718 DTXSID90348963 DTXSID80178751 DTXSID40494722 DTXSID20297758 DTXSID50345498 DTXSID40812861 DTXSID90152880 DTXSID00326196 DTXSID20604968 DTXSID40191269 DTXSID20852583 DTXSID10359430 DTXSID30525099 DTXSID9061178 DTXSID30546800 DTXSID60154018 DTXSID70484191
DTXSID00681590	DTXSID20750474 DTXSID70701077 DTXSID80876321 DTXSID70565050 DTXSID00505101 DTXSID90369355 DTXSID10633444 DTXSID7041334 DTXSID80561462 DTXSID10617749 DTXSID30433105 DTXSID00658469 DTXSID30739694 DTXSID50186702 DTXSID70427821 DTXSID60829037 DTXSID90532289 DTXSID80675154 DTXSID70607621 DTXSID90651949
DTXSID00513983	DTXSID30490596 DTXSID30789876 DTXSID00466667 DTXSID70721437 DTXSID20437475 DTXSID00625858 DTXSID10340949 DTXSID70651563 DTXSID30673064 DTXSID20500274 DTXSID80593349 DTXSID10749579 DTXSID30466650 DTXSID80373744 DTXSID20192491 DTXSID10672237 DTXSID00720635 DTXSID90787550 DTXSID80733804 DTXSID30218010
DTXSID90151732	DTXSID20676403 DTXSID40385343 DTXSID90850713 DTXSID70434232 DTXSID00292362 DTXSID10700887 DTXSID60667653 DTXSID10498196 DTXSID40721964 DTXSID90821201 DTXSID40606308 DTXSID00452641 DTXSID40753881 DTXSID90572428 DTXSID60240667 DTXSID20835432 DTXSID50297443 DTXSID90330222 DTXSID9044293 DTXSID30631669
DTXSID10236696	DTXSID40770336 DTXSID40645631 DTXSID40877455 DTXSID20797748 DTXSID00380238 DTXSID50290696 DTXSID80562893 DTXSID40274541 DTXSID70652439 DTXSID80492984 DTXSID30344606 DTXSID70165938 DTXSID00392376 DTXSID00451851 DTXSID70217345 DTXSID80501883 DTXSID50535852 DTXSID20185540 DTXSID70276876 DTXSID40716512
DTXSID20602808	DTXSID50430015 DTXSID80284285 DTXSID60668665 DTXSID40657471 DTXSID40427853 DTXSID80207252 DTXSID40540213 DTXSID70170840 DTXSID90185830 DTXSID60441415 DTXSID10645305 DTXSID00295777 DTXSID00387843 DTXSID20317288 DTXSID20442145 DTXSID60876682 DTXSID70472139 DTXSID50277765 DTXSID20876264 DTXSID00427854
DTXSID80597524	DTXSID10316220 DTXSID20742591 DTXSID80404426 DTXSID90344526 DTXSID70802775 DTXSID30661188 DTXSID50524201 DTXSID10367292 DTXSID30676515 DTXSID00372618 DTXSID40233512 DTXSID60177348 DTXSID80181841 DTXSID80449256 DTXSID80151882 DTXSID10195315 DTXSID70614239 DTXSID90518543 DTXSID30444296 DTXSID10584765
DTXSID90326600	DTXSID80771185 DTXSID1068229 DTXSID60671492 DTXSID60645870 DTXSID20496764 DTXSID80744117 DTXSID60813077 DTXSID00725605 DTXSID70876537 DTXSID80338176 DTXSID90734347 DTXSID90388046 DTXSID40504491 DTXSID90486990 DTXSID80782413 DTXSID30511452 DTXSID30489046 DTXSID70664895 DTXSID50625101 DTXSID00453451
DTXSID00738654	DTXSID00485712 DTXSID30309250 DTXSID60715522 DTXSID90200471 DTXSID30303798 DTXSID20742031 DTXSID80492621 DTXSID00810702 DTXSID60755463 DTXSID10630771 DTXSID70224155 DTXSID50383330 DTXSID60326112 DTXSID90768723 DTXSID90615809 DTXSID30848593 DTXSID40641996 DTXSID00475971 DTXSID5068233 DTXSID00355729
DTXSID20829639	DTXSID90558984 DTXSID90338627 DTXSID90243843 DTXSID00592137 DTXSID90187596 DTXSID30541254 DTXSID00660507 DTXSID90440375 DTXSID60812404 DTXSID00774698 DTXSID80626000 DTXSID60620061 DTXSID30474452 DTXSID40889316 DTXSID20697451 DTXSID50726480 DTXSID60787562 DTXSID50764246 DTXSID10512361 DTXSID00500111
DTXSID30563335	DTXSID30605128 DTXSID00151728 DTXSID20191247 DTXSID00552711 DTXSID00344214 DTXSID30462596 DTXSID80670922 DTXSID20235433 DTXSID20346371 DTXSID20236506 DTXSID50636555 DTXSID60588132 DTXSID70148105 DTXSID90510345 DTXSID70850630 DTXSID00383582 DTXSID50354060 DTXSID80371649 DTXSID10875781 DTXSID20483593
DTXSID50178708	DTXSID10561975 DTXSID40811253 DTXSID30558488 DTXSID60308751 DTXSID60214121 DTXSID40382933 DTXSID00769266 DTXSID80700798 DTXSID50652836 DTXSID80788253 DTXSID90733638 DTXSID70741615 DTXSID30507638 DTXSID10803483 DTXSID60222746 DTXSID40466085 DTXSID20876047 DTXSID60542052 DTXSID30409264 DTXSID20781223
DTXSID70421046	DTXSID90381395 DTXSID90336082 DTXSID30388045 DTXSID40589743 DTXSID10748022 DTXSID60526251 DTXSID40781200 DTXSID70848557 DTXSID30595898 DTXSID90485165 DTXSID50764246 DTXSID3052220 DTXSID70345692 DTXSID50642439 DTXSID10447669 DTXSID90718526 DTXSID10529858 DTXSID10185514 DTXSID90176884 DTXSID60240187
DTXSID3022168	DTXSID60192233 DTXSID30280398 DTXSID50234914 DTXSID40796495 DTXSID50793056 DTXSID10640895 DTXSID10814993 DTXSID40399561 DTXSID50293203 DTXSID50469729 DTXSID50855769 DTXSID30828774 DTXSID50563231 DTXSID10497361 DTXSID10556700 DTXSID20877630 DTXSID00468308 DTXSID10189714 DTXSID00552054 DTXSID4066414
DTXSID30347430	DTXSID00176173 DTXSID10626775 DTXSID50573193 DTXSID50342467 DTXSID40501203 DTXSID40390654 DTXSID90399273 DTXSID80407876 DTXSID20669335 DTXSID30453383 DTXSID30451647 DTXSID10338821 DTXSID20173321 DTXSID2022127 DTXSID70566345 DTXSID90275088 DTXSID00223994 DTXSID90470157 DTXSID20342474 DTXSID40439936
DTXSID10700029	DTXSID0052388 DTXSID80441533 DTXSID60640047 DTXSID40749587 DTXSID60700918 DTXSID20793508 DTXSID20877337 DTXSID40382812 DTXSID10518727 DTXSID70759654 DTXSID5052387 DTXSID30443108 DTXSID20544931 DTXSID40682364 DTXSID60806661 DTXSID70433583 DTXSID00678208 DTXSID40332150 DTXSID40156419 DTXSID80877338
DTXSID40812861	DTXSID30546800 DTXSID20604968 DTXSID20676827 DTXSID20364510 DTXSID40555903 DTXSID30856476 DTXSID70659443 DTXSID80178751 DTXSID30490970 DTXSID90348963 DTXSID10359430 DTXSID40756736 DTXSID60729402 DTXSID30352640 DTXSID90152880 DTXSID30525099 DTXSID00326196 DTXSID20714718 DTXSID40611154 DTXSID30642230
DTXSID20430340	DTXSID70793598 DTXSID90366162 DTXSID50701292 DTXSID60856883 DTXSID10145572 DTXSID80810740 DTXSID70180323 DTXSID60672065 DTXSID90703659 DTXSID00343944 DTXSID30180309 DTXSID80458641 DTXSID60855710 DTXSID20472346 DTXSID10594329 DTXSID70290799 DTXSID30275143 DTXSID70492352 DTXSID40663355 DTXSID50478391
DTXSID10808392	DTXSID20453190 DTXSID20873935 DTXSID1023233 DTXSID70571636 DTXSID30624394 DTXSID30748145 DTXSID20794818 DTXSID40594852 DTXSID60701102 DTXSID40346691 DTXSID3066267 DTXSID60725848 DTXSID80825970 DTXSID30725678 DTXSID10629923 DTXSID00421579 DTXSID10654715 DTXSID60593084 DTXSID40656404 DTXSID20445797
DTXSID10412998	DTXSID80760271 DTXSID90561099 DTXSID40657032 DTXSID30675361 DTXSID40190999 DTXSID2068424 DTXSID00198037 DTXSID90750941 DTXSID20568798 DTXSID00675171 DTXSID50385172 DTXSID30474452 DTXSID40397845 DTXSID50377476 DTXSID30541254 DTXSID00834226 DTXSID60620061 DTXSID10877629 DTXSID00592137 DTXSID90177598
DTXSID40752516	DTXSID60535348 DTXSID60769489 DTXSID40876645 DTXSID10394967 DTXSID00430101 DTXSID60896042 DTXSID00851251 DTXSID90294375 DTXSID30897546 DTXSID90794481 DTXSID60320519 DTXSID90573157 DTXSID50523178 DTXSID20311786 DTXSID60383846 DTXSID30564701 DTXSID10896395 DTXSID40602800 DTXSID30805207 DTXSID70615549
DTXSID80604368	DTXSID20557243 DTXSID10462332 DTXSID80496346 DTXSID90719593 DTXSID90171536 DTXSID10771234 DTXSID90782323 DTXSID90306669 DTXSID30306668 DTXSID50340226 DTXSID60340732 DTXSID40330590 DTXSID30446093 DTXSID10488239 DTXSID70344842 DTXSID40200784 DTXSID90517319 DTXSID70479325 DTXSID80466206 DTXSID50457944
DTXSID20815799	DTXSID30708168 DTXSID90598229 DTXSID50893606 DTXSID00822163 DTXSID20590271 DTXSID80594755 DTXSID00663412 DTXSID50675065 DTXSID60317383 DTXSID80351481 DTXSID90434118 DTXSID00587649 DTXSID00242185 DTXSID80653437 DTXSID40169908 DTXSID40393488 DTXSID60897039 DTXSID50427167 DTXSID60353524 DTXSID10385012
DTXSID10718306	DTXSID50840074 DTXSID70317233 DTXSID90708543 DTXSID40760656 DTXSID80633850 DTXSID70412616 DTXSID00145566 DTXSID60446566 DTXSID70559595 DTXSID00620621 DTXSID30677421 DTXSID00494167 DTXSID90169897 DTXSID90585659 DTXSID30874256 DTXSID50739176 DTXSID00890342 DTXSID80346397 DTXSID20646944 DTXSID30237408
DTXSID00491272	DTXSID00658469 DTXSID80320612 DTXSID80726913 DTXSID10617749 DTXSID80675154 DTXSID10394881 DTXSID50186702 DTXSID50664656 DTXSID50283927 DTXSID70283207 DTXSID40176334 DTXSID80561462 DTXSID60897211 DTXSID00359060 DTXSID80431853 DTXSID10291624 DTXSID40279359 DTXSID70427821 DTXSID70704543 DTXSID90697367
DTXSID50558329	DTXSID70283005 DTXSID10711857 DTXSID40404068 DTXSID80668581 DTXSID30649502 DTXSID70364525 DTXSID50191730 DTXSID90748989 DTXSID60769580 DTXSID60206622 DTXSID80238203 DTXSID00485176 DTXSID00182971 DTXSID50807309 DTXSID20593989 DTXSID00374031 DTXSID40857297 DTXSID70332567 DTXSID90799638 DTXSID00404887
DTXSID40596295	DTXSID20424284 DTXSID30589373 DTXSID50196028 DTXSID40707006 DTXSID50495023 DTXSID80608826 DTXSID30675508 DTXSID30729499 DTXSID60462105 DTXSID60608662 DTXSID10850376 DTXSID80391786 DTXSID00317766 DTXSID20660908 DTXSID80588290 DTXSID00487933 DTXSID80620169 DTXSID10794963 DTXSID70425867 DTXSID50709091
DTXSID90547570	DTXSID6044648 DTXSID10534841 DTXSID70866998 DTXSID00706535 DTXSID40635496 DTXSID40408203 DTXSID50817943 DTXSID90329454 DTXSID10528548 DTXSID30333176 DTXSID60471398 DTXSID20744171 DTXSID20805731 DTXSID90284610 DTXSID20446421 DTXSID20653476 DTXSID30301456 DTXSID90450858 DTXSID40565486 DTXSID80639059
DTXSID00551027	DTXSID30346509 DTXSID90464854 DTXSID4062519 DTXSID90433782 DTXSID30525231 DTXSID30524340 DTXSID10472219 DTXSID60625556 DTXSID20495494 DTXSID50545613 DTXSID80450948 DTXSID50851665 DTXSID20813437 DTXSID30639589 DTXSID40791748 DTXSID20459137 DTXSID10467660 DTXSID10198806 DTXSID50568908 DTXSID10468334
DTXSID30420691	DTXSID60182598 DTXSID90182445 DTXSID90734423 DTXSID80443794 DTXSID20445318 DTXSID30575690 DTXSID60183484 DTXSID7044506 DTXSID10586320 DTXSID20161445 DTXSID20575982 DTXSID00441777 DTXSID8063834 DTXSID20566037 DTXSID50293460 DTXSID50810611 DTXSID60390070 DTXSID50368783 DTXSID90443725 DTXSID00434109
DTXSID20372110	DTXSID4040343 DTXSID70650576 DTXSID40165147 DTXSID70840798 DTXSID10778026 DTXSID10721916 DTXSID90807803 DTXSID60347781 DTXSID60667299 DTXSID00231438 DTXSID70424198 DTXSID50663780 DTXSID70542583 DTXSID00729421 DTXSID10466719 DTXSID60343642 DTXSID70372307 DTXSID30350580 DTXSID60734071 DTXSID80279373
DTXSID40650583	DTXSID60646322 DTXSID50734328 DTXSID10301237 DTXSID40827091 DTXSID90396969 DTXSID70743659 DTXSID10609124 DTXSID50212651 DTXSID20535420 DTXSID20705520 DTXSID10734940 DTXSID30837225 DTXSID30646758 DTXSID70810991 DTXSID00409377 DTXSID90670291 DTXSID40365226 DTXSID30236037 DTXSID80646384 DTXSID50733639
DTXSID50500126	DTXSID90324500 DTXSID60482388 DTXSID10374446 DTXSID00522010 DTXSID20174712 DTXSID80569645 DTXSID20307866 DTXSID60604220 DTXSID00679558 DTXSID40724556 DTXSID50627362 DTXSID20474022 DTXSID90501531 DTXSID40395861 DTXSID70182509 DTXSID70510161 DTXSID60417812 DTXSID20495555 DTXSID10777655 DTXSID70333175
DTXSID40332695	DTXSID10371632 DTXSID80370955 DTXSID50215001 DTXSID50649802 DTXSID00501648 DTXSID10470013 DTXSID50634238 DTXSID60145820 DTXSID50429722 DTXSID70590584 DTXSID10557050 DTXSID20579162 DTXSID20379543 DTXSID70722227 DTXSID10857249 DTXSID40455555 DTXSID90406890 DTXSID80211218 DTXSID00158752 DTXSID70680272
DTXSID60344275	DTXSID40300394 DTXSID40494060 DTXSID2062032 DTXSID20664825 DTXSID40674401 DTXSID90494237 DTXSID50646174 DTXSID50616953 DTXSID70171099 DTXSID80388515 DTXSID50374021 DTXSID00455874 DTXSID10355255 DTXSID80351663 DTXSID00526659 DTXSID50294013 DTXSID50581773 DTXSID00332196 DTXSID90807202 DTXSID20152590
DTXSID00557064	DTXSID50147792 DTXSID80392899 DTXSID10628037 DTXSID00326515 DTXSID80222344 DTXSID70812718 DTXSID40652300 DTXSID10423387 DTXSID80744314 DTXSID60160179 DTXSID70599113 DTXSID80778154 DTXSID40624108 DTXSID30823663 DTXSID90301679 DTXSID80700652 DTXSID00748632 DTXSID10762622 DTXSID80854048 DTXSID20279130
DTXSID10311119	DTXSID90509133 DTXSID90473582 DTXSID40551980 DTXSID60363224 DTXSID10380522 DTXSID30460633 DTXSID80444347 DTXSID70835068 DTXSID50354606 DTXSID00874349 DTXSID80229196 DTXSID50278717 DTXSID30651367 DTXSID40619296 DTXSID20657292 DTXSID50682239 DTXSID70606674 DTXSID00759581 DTXSID10811386 DTXSID10463425
DTXSID80458641	DTXSID30180309 DTXSID60807198 DTXSID30275143 DTXSID50478391 DTXSID20342757 DTXSID20472346 DTXSID10594329 DTXSID70180323 DTXSID80810740 DTXSID40663355 DTXSID10343415 DTXSID80725148 DTXSID30606195 DTXSID90366162 DTXSID20652828 DTXSID60672065 DTXSID80819157 DTXSID20430340 DTXSID10189517 DTXSID70599254
DTXSID40674401	DTXSID20664825 DTXSID60344275 DTXSID40494060 DTXSID40300394 DTXSID2062032 DTXSID50374021 DTXSID50646174 DTXSID70171099 DTXSID50616953 DTXSID00526659 DTXSID10355255 DTXSID30280217 DTXSID00332196 DTXSID90389316 DTXSID50581773 DTXSID90494237 DTXSID20162952 DTXSID00383860 DTXSID80388515 DTXSID40459179
DTXSID60168776	DTXSID60526594 DTXSID10375019 DTXSID00546650 DTXSID20573226 DTXSID80742077 DTXSID60199601 DTXSID00110032 DTXSID10498176 DTXSID40462704 DTXSID70655400 DTXSID50311390 DTXSID50572621 DTXSID20654822 DTXSID50742761 DTXSID20291539 DTXSID80777521 DTXSID20486403 DTXSID10471545 DTXSID50481880 DTXSID90396484
DTXSID50528446	DTXSID20340490 DTXSID60540114 DTXSID70874098 DTXSID40356538 DTXSID50682193 DTXSID90453768 DTXSID50427884 DTXSID90696310 DTXSID90567930 DTXSID50651006 DTXSID60762319 DTXSID80772016 DTXSID50704142 DTXSID30402492 DTXSID80212043 DTXSID50649605 DTXSID00162071 DTXSID90824055 DTXSID40296046 DTXSID70720187
DTXSID4068533	DTXSID70618696 DTXSID70383670 DTXSID90819865 DTXSID10167254 DTXSID40693273 DTXSID20739168 DTXSID90694952 DTXSID00188155 DTXSID90668739 DTXSID20364156 DTXSID40751706 DTXSID30234336 DTXSID70876072 DTXSID90439542 DTXSID70431468 DTXSID90227249 DTXSID50290813 DTXSID90708402 DTXSID60381185 DTXSID50425981
DTXSID50862599	DTXSID10615447 DTXSID80733465 DTXSID10853165 DTXSID5066089 DTXSID4041232 DTXSID10864690 DTXSID20740698 DTXSID20642042 DTXSID4059540 DTXSID50761013 DTXSID10721299 DTXSID50365777 DTXSID30850116 DTXSID50703291 DTXSID80729641 DTXSID20459617 DTXSID90825880 DTXSID90595036 DTXSID60573543 DTXSID10301010
DTXSID90344526	DTXSID10367292 DTXSID70802775 DTXSID80597524 DTXSID40170039 DTXSID60177348 DTXSID80404426 DTXSID00372618 DTXSID10316220 DTXSID40233512 DTXSID60550556 DTXSID80181841 DTXSID20742591 DTXSID30661188 DTXSID30444296 DTXSID80151882 DTXSID30676515 DTXSID10584765 DTXSID50524201 DTXSID90518543 DTXSID10195315
DTXSID80665454	DTXSID50323352 DTXSID70696934 DTXSID30711814 DTXSID30303990 DTXSID40539147 DTXSID10659624 DTXSID40477959 DTXSID00621850 DTXSID00312019 DTXSID50446232 DTXSID90801907 DTXSID40186832 DTXSID60337187 DTXSID30592241 DTXSID70655208 DTXSID50366244 DTXSID20163247 DTXSID90238138 DTXSID20447155 DTXSID10538581
DTXSID00804166	DTXSID30831682 DTXSID70570841 DTXSID80768373 DTXSID90339119 DTXSID40763107 DTXSID00301524 DTXSID80803096 DTXSID20447413 DTXSID70546066 DTXSID30763535 DTXSID40759080 DTXSID80773745 DTXSID40304615 DTXSID20163666 DTXSID10510241 DTXSID70701754 DTXSID80764310 DTXSID10718149 DTXSID20803095 DTXSID2041202
DTXSID90429862	DTXSID90609682 DTXSID30537839 DTXSID10212470 DTXSID20718973 DTXSID30778189 DTXSID30787852 DTXSID30780828 DTXSID00571407 DTXSID90479908 DTXSID40352515 DTXSID70401363 DTXSID60620389 DTXSID70695260 DTXSID70173750 DTXSID90469167 DTXSID40296581 DTXSID50441787 DTXSID80336298 DTXSID00377461 DTXSID60495352
DTXSID80336576	DTXSID90657047 DTXSID60844886 DTXSID50844996 DTXSID80648242 DTXSID60377861 DTXSID60590538 DTXSID40790731 DTXSID20723880 DTXSID30447005 DTXSID00209354 DTXSID90418019 DTXSID20639957 DTXSID60527743 DTXSID40834083 DTXSID80603654 DTXSID40642064 DTXSID10165937 DTXSID70531472 DTXSID40550190 DTXSID60676942
DTXSID80214082	DTXSID70757877 DTXSID40452741 DTXSID50818157 DTXSID90793535 DTXSID50646715 DTXSID40698844 DTXSID00469355 DTXSID20342035 DTXSID00503783 DTXSID80626202 DTXSID90530907 DTXSID70597735 DTXSID0061327 DTXSID50369230 DTXSID90556708 DTXSID60855710 DTXSID30177557 DTXSID90512546 DTXSID70235529 DTXSID50181656
DTXSID50190425	DTXSID70646373 DTXSID60156476 DTXSID50814573 DTXSID50184864 DTXSID5067392 DTXSID20585925 DTXSID80364511 DTXSID70445500 DTXSID70676397 DTXSID10815440 DTXSID80404820 DTXSID70176185 DTXSID20318553 DTXSID00446065 DTXSID9068904 DTXSID70354901 DTXSID70554161 DTXSID80158139 DTXSID90530907 DTXSID10705317
DTXSID60340974	DTXSID40757309 DTXSID00566171 DTXSID70741539 DTXSID30280974 DTXSID80279919 DTXSID10495721 DTXSID40630906 DTXSID00559149 DTXSID20406141 DTXSID00839751 DTXSID70315971 DTXSID00411738 DTXSID30750945 DTXSID60725101 DTXSID10471666 DTXSID50395110 DTXSID50450930 DTXSID90462936 DTXSID20368295 DTXSID10198205
DTXSID10581315	DTXSID70408539 DTXSID90427929 DTXSID40674385 DTXSID70165938 DTXSID60856080 DTXSID70642476 DTXSID30651867 DTXSID40454922 DTXSID10309233 DTXSID10826758 DTXSID90185572 DTXSID20797748 DTXSID60284824 DTXSID90345699 DTXSID40716512 DTXSID90711350 DTXSID90626394 DTXSID40646800 DTXSID80492984 DTXSID30726822
DTXSID50323731	DTXSID30824690 DTXSID80741368 DTXSID30853743 DTXSID80445339 DTXSID30465800 DTXSID50322305 DTXSID80588013 DTXSID90358244 DTXSID40629214 DTXSID40597080 DTXSID50705639 DTXSID30628918 DTXSID10584765 DTXSID00555646 DTXSID70585778 DTXSID80428662 DTXSID20366150 DTXSID00739525 DTXSID60400325 DTXSID80404426
DTXSID50896137	DTXSID90407221 DTXSID40357580 DTXSID80879397 DTXSID70672753 DTXSID40596119 DTXSID60798719 DTXSID10685822 DTXSID10491980 DTXSID70668075 DTXSID60320630 DTXSID20307184 DTXSID10441041 DTXSID7023194 DTXSID60626321 DTXSID00854560 DTXSID50879142 DTXSID70886858 DTXSID90205587 DTXSID60803872 DTXSID70369696
DTXSID30490970	DTXSID60729402 DTXSID70659443 DTXSID40756736 DTXSID20364510 DTXSID30642230 DTXSID10810733 DTXSID40684601 DTXSID80350737 DTXSID20604968 DTXSID80463452 DTXSID00326196 DTXSID30546800 DTXSID20222787 DTXSID10359430 DTXSID40812861 DTXSID40164599 DTXSID30856476 DTXSID70787230 DTXSID80178751 DTXSID9061178
DTXSID80666249	DTXSID20764253 DTXSID30850393 DTXSID2062747 DTXSID40449914 DTXSID50519152 DTXSID40784978 DTXSID30647583 DTXSID00348353 DTXSID70329513 DTXSID20302371 DTXSID70880417 DTXSID40277799 DTXSID70880598 DTXSID60801696 DTXSID70851288 DTXSID4070378 DTXSID80436722 DTXSID70823546 DTXSID00823534 DTXSID10782320
DTXSID30812719	DTXSID90526002 DTXSID80700652 DTXSID80744314 DTXSID40624108 DTXSID40397264 DTXSID10423387 DTXSID70748205 DTXSID10628037 DTXSID40818848 DTXSID00398232 DTXSID50336265 DTXSID70896391 DTXSID00773323 DTXSID60443191 DTXSID30727511 DTXSID20234486 DTXSID00451331 DTXSID10764141 DTXSID20190891 DTXSID50582785
DTXSID50758726	DTXSID00876848 DTXSID30874115 DTXSID30165636 DTXSID90366985 DTXSID80834981 DTXSID90730243 DTXSID30542463 DTXSID60551285 DTXSID00895933 DTXSID30496230 DTXSID20509929 DTXSID50603343 DTXSID10363552 DTXSID20288681 DTXSID90527650 DTXSID50640374 DTXSID60553981 DTXSID60675475 DTXSID40190474 DTXSID80519504
DTXSID30839224	DTXSID80756533 DTXSID80399161 DTXSID90819188 DTXSID20642042 DTXSID10301010 DTXSID10864690 DTXSID80434203 DTXSID30308349 DTXSID00796355 DTXSID80206381 DTXSID00203059 DTXSID10647309 DTXSID30674854 DTXSID00816845 DTXSID00732511 DTXSID90656414 DTXSID4059540 DTXSID70502400 DTXSID4041232 DTXSID60816588
DTXSID30217321	DTXSID10660230 DTXSID90693228 DTXSID10841668 DTXSID80647316 DTXSID00712717 DTXSID80199027 DTXSID90657128 DTXSID90193935 DTXSID50737298 DTXSID10645305 DTXSID20292960 DTXSID00307223 DTXSID50635109 DTXSID60441415 DTXSID0059114 DTXSID50486638 DTXSID90788966 DTXSID90408475 DTXSID60876682 DTXSID40540213
DTXSID50369230	DTXSID90556708 DTXSID50818157 DTXSID90512546 DTXSID50646715 DTXSID20217613 DTXSID40452741 DTXSID70757877 DTXSID20342035 DTXSID00469355 DTXSID80214082 DTXSID40533160 DTXSID40698844 DTXSID90530907 DTXSID00694620 DTXSID9068904 DTXSID00676663 DTXSID20815698 DTXSID70276593 DTXSID00503783 DTXSID50389458
DTXSID50197510	DTXSID30586246 DTXSID10436856 DTXSID30536807 DTXSID80757646 DTXSID00192772 DTXSID00739949 DTXSID70550401 DTXSID70578327 DTXSID30327237 DTXSID40846969 DTXSID20352992 DTXSID90614236 DTXSID50388229 DTXSID90509411 DTXSID00504730 DTXSID20424360 DTXSID20697239 DTXSID90293308 DTXSID50738568 DTXSID90809004
DTXSID00331427	DTXSID20735842 DTXSID80444544 DTXSID50858831 DTXSID50708483 DTXSID60769626 DTXSID20240441 DTXSID80708456 DTXSID50753675 DTXSID50775251 DTXSID80613657 DTXSID80781542 DTXSID90437669 DTXSID10790102 DTXSID30170922 DTXSID00543068 DTXSID50576301 DTXSID30793837 DTXSID70159913 DTXSID00770211 DTXSID80763020
DTXSID80480467	DTXSID50608176 DTXSID30651887 DTXSID20661910 DTXSID60498388 DTXSID60885815 DTXSID60646468 DTXSID00646886 DTXSID90676839 DTXSID50602750 DTXSID00710011 DTXSID90625201 DTXSID30178327 DTXSID10402258 DTXSID20576136 DTXSID20739320 DTXSID90365938 DTXSID4020953 DTXSID10482131 DTXSID20610786 DTXSID40408041
DTXSID80299394	DTXSID60154331 DTXSID20548313 DTXSID40673595 DTXSID70560666 DTXSID20293093 DTXSID30606317 DTXSID80381026 DTXSID3041297 DTXSID80629490 DTXSID10708424 DTXSID60369660 DTXSID80318034 DTXSID30788642 DTXSID00410983 DTXSID10441586 DTXSID00506799 DTXSID10728889 DTXSID90805021 DTXSID60459959 DTXSID90156141
DTXSID60646983	DTXSID00327365 DTXSID20629590 DTXSID10495286 DTXSID80661158 DTXSID70791312 DTXSID70782861 DTXSID40453450 DTXSID40710035 DTXSID70291387 DTXSID80604328 DTXSID60802643 DTXSID90661048 DTXSID90721373 DTXSID30854210 DTXSID50472117 DTXSID10357037 DTXSID70721139 DTXSID60372553 DTXSID00220160 DTXSID30459729
DTXSID50150201	DTXSID30388904 DTXSID9058941 DTXSID1052664 DTXSID10698513 DTXSID70360269 DTXSID40720078 DTXSID10521453 DTXSID60174953 DTXSID00827012 DTXSID70801288 DTXSID50296032 DTXSID60570299 DTXSID10335956 DTXSID80440703 DTXSID50701217 DTXSID60651118 DTXSID30385655 DTXSID00667490 DTXSID70282538 DTXSID00781261
DTXSID00818667	DTXSID20886929 DTXSID30589575 DTXSID70670577 DTXSID80616800 DTXSID20528397 DTXSID50604052 DTXSID30541572 DTXSID90215565 DTXSID00706792 DTXSID50531652 DTXSID60876900 DTXSID00598513 DTXSID00145324 DTXSID70623987 DTXSID30185314 DTXSID00428720 DTXSID10527213 DTXSID60579661 DTXSID30322383 DTXSID90728665
DTXSID40208442	DTXSID50818738 DTXSID2073019 DTXSID80350570 DTXSID40407317 DTXSID80838585 DTXSID60541126 DTXSID60598397 DTXSID40491817 DTXSID50306701 DTXSID90290716 DTXSID60209613 DTXSID90719154 DTXSID00198572 DTXSID70702281 DTXSID90702066 DTXSID80787403 DTXSID90745079 DTXSID90548663 DTXSID80661118 DTXSID90829782
DTXSID60455133	DTXSID10458452 DTXSID10193937 DTXSID20561608 DTXSID10657448 DTXSID1020724 DTXSID30725613 DTXSID70365214 DTXSID20368533 DTXSID80726635 DTXSID10157079 DTXSID10756167 DTXSID90550105 DTXSID20327024 DTXSID90772845 DTXSID9074642 DTXSID90508585 DTXSID00366532 DTXSID8059635 DTXSID60554776 DTXSID60760855
DTXSID30607723	DTXSID90401582 DTXSID60396875 DTXSID30175614 DTXSID70400710 DTXSID20422326 DTXSID00498387 DTXSID80772011 DTXSID60668726 DTXSID00490346 DTXSID90409028 DTXSID40293651 DTXSID30531958 DTXSID70353035 DTXSID80470368 DTXSID50427945 DTXSID20324558 DTXSID30240972 DTXSID40456507 DTXSID00197560 DTXSID10681824
DTXSID30671207	DTXSID20646787 DTXSID30676873 DTXSID10508668 DTXSID20677798 DTXSID50669924 DTXSID50528168 DTXSID10435248 DTXSID50701111 DTXSID00199842 DTXSID10726481 DTXSID40538554 DTXSID40629911 DTXSID30308581 DTXSID70553659 DTXSID40634126 DTXSID90694957 DTXSID10653127 DTXSID60427815 DTXSID20879053 DTXSID20655894
DTXSID20431438	DTXSID80766172 DTXSID30686896 DTXSID50398949 DTXSID20663414 DTXSID90688538 DTXSID10542860 DTXSID00766437 DTXSID90592505 DTXSID60424460 DTXSID80496402 DTXSID00679770 DTXSID50636555 DTXSID80407659 DTXSID20717067 DTXSID50354060 DTXSID90453389 DTXSID10879320 DTXSID70850630 DTXSID60588132 DTXSID60587786
DTXSID10484514	DTXSID70743614 DTXSID60292449 DTXSID80885534 DTXSID60767021 DTXSID70567079 DTXSID70810274 DTXSID30199370 DTXSID30421648 DTXSID50390706 DTXSID00386154 DTXSID50341016 DTXSID20428464 DTXSID80555467 DTXSID80847197 DTXSID30767634 DTXSID90650230 DTXSID40656964 DTXSID90459821 DTXSID50242539 DTXSID70730145
DTXSID30709610	DTXSID50389458 DTXSID30222415 DTXSID40466202 DTXSID00694620 DTXSID90375774 DTXSID20217613 DTXSID60828121 DTXSID70274377 DTXSID00374899 DTXSID00156475 DTXSID40533160 DTXSID00382030 DTXSID60742111 DTXSID30716667 DTXSID80596173 DTXSID60401296 DTXSID00469355 DTXSID10555091 DTXSID90556708 DTXSID20429870
DTXSID50761275	DTXSID80640443 DTXSID10169758 DTXSID60598918 DTXSID20758435 DTXSID90657865 DTXSID10494193 DTXSID90405585 DTXSID50343833 DTXSID7041625 DTXSID10426732 DTXSID90373472 DTXSID60803872 DTXSID70303297 DTXSID30309654 DTXSID20417959 DTXSID00287899 DTXSID70369696 DTXSID30313635 DTXSID30761213 DTXSID00382030
DTXSID20631638	DTXSID30374882 DTXSID00846344 DTXSID00722331 DTXSID80423172 DTXSID10875943 DTXSID90383692 DTXSID70344367 DTXSID60166439 DTXSID50590007 DTXSID00406381 DTXSID50440356 DTXSID70296695 DTXSID60589644 DTXSID40721146 DTXSID20876507 DTXSID80323406 DTXSID00742973 DTXSID10645683 DTXSID00457217 DTXSID60631637
DTXSID40811253	DTXSID60222746 DTXSID30558488 DTXSID00705785 DTXSID50178708 DTXSID50370902 DTXSID50436633 DTXSID00278323 DTXSID10561975 DTXSID90733638 DTXSID80788253 DTXSID80700798 DTXSID50652836 DTXSID60542052 DTXSID40466085 DTXSID20781223 DTXSID50421786 DTXSID30409264 DTXSID00363884 DTXSID70589837 DTXSID10313815
DTXSID40460886	DTXSID90388561 DTXSID20353681 DTXSID60829451 DTXSID10280755 DTXSID70639144 DTXSID10455784 DTXSID40357808 DTXSID70424719 DTXSID20581644 DTXSID30506707 DTXSID50474550 DTXSID30725633 DTXSID00182673 DTXSID30651201 DTXSID9065364 DTXSID50512103 DTXSID40579149 DTXSID70500269 DTXSID20406161 DTXSID60876965
DTXSID80159287	DTXSID00732511 DTXSID30674854 DTXSID70809300 DTXSID90819188 DTXSID60448429 DTXSID60881211 DTXSID90675226 DTXSID50527358 DTXSID60642041 DTXSID60816588 DTXSID30656776 DTXSID80434203 DTXSID30544962 DTXSID60241518 DTXSID90464773 DTXSID90656414 DTXSID10149196 DTXSID70880654 DTXSID50296299 DTXSID40759388
DTXSID00540491	DTXSID30627320 DTXSID20641217 DTXSID50438652 DTXSID90557492 DTXSID50846995 DTXSID40159763 DTXSID70705999 DTXSID40640242 DTXSID60528538 DTXSID80459037 DTXSID90170084 DTXSID30482754 DTXSID10439569 DTXSID90344743 DTXSID70342469 DTXSID40204681 DTXSID70591172 DTXSID80804386 DTXSID30148065 DTXSID90293828
DTXSID00809530	DTXSID20530950 DTXSID40727906 DTXSID00295196 DTXSID60783822 DTXSID10820094 DTXSID30370420 DTXSID3052355 DTXSID20526914 DTXSID10506048 DTXSID10211044 DTXSID60295137 DTXSID40556238 DTXSID50761336 DTXSID50658550 DTXSID30704004 DTXSID00515129 DTXSID90660374 DTXSID50345231 DTXSID30398346 DTXSID30798185
DTXSID80698227	DTXSID60351601 DTXSID40684101 DTXSID50388582 DTXSID30401122 DTXSID90277769 DTXSID80639958 DTXSID3062029 DTXSID40222542 DTXSID20452921 DTXSID00353104 DTXSID20349428 DTXSID70885523 DTXSID60884207 DTXSID70447701 DTXSID40896121 DTXSID70446597 DTXSID50399774 DTXSID20238601 DTXSID30561699 DTXSID40195121
DTXSID20629833	DTXSID70614779 DTXSID00403279 DTXSID20170274 DTXSID50738568 DTXSID90694952 DTXSID20424360 DTXSID90810493 DTXSID00504730 DTXSID90708402 DTXSID30734048 DTXSID20739168 DTXSID70578327 DTXSID30536807 DTXSID10167254 DTXSID00285491 DTXSID90501470 DTXSID70309077 DTXSID50490730 DTXSID70742980 DTXSID70431468
DTXSID30541572	DTXSID20528397 DTXSID60876900 DTXSID80616800 DTXSID00706792 DTXSID30589575 DTXSID70623987 DTXSID00818667 DTXSID90215565 DTXSID00145324 DTXSID00598513 DTXSID00428720 DTXSID60579661 DTXSID20886929 DTXSID50604052 DTXSID90561074 DTXSID80343765 DTXSID90728665 DTXSID70670577 DTXSID10440059 DTXSID50326560
DTXSID70276210	DTXSID50797998 DTXSID80694027 DTXSID70580602 DTXSID00210001 DTXSID60775383 DTXSID00601051 DTXSID30431328 DTXSID60181147 DTXSID50778626 DTXSID20337704 DTXSID90780425 DTXSID50853942 DTXSID10431745 DTXSID20288823 DTXSID50762621 DTXSID30851340 DTXSID50239186 DTXSID70484939 DTXSID3070418 DTXSID90221166
DTXSID10354228	DTXSID90857000 DTXSID40279910 DTXSID40431016 DTXSID30525913 DTXSID60385461 DTXSID10496253 DTXSID30755016 DTXSID30395390 DTXSID8061133 DTXSID80467394 DTXSID60528699 DTXSID50538207 DTXSID50485005 DTXSID10355573 DTXSID40207819 DTXSID60837258 DTXSID70597659 DTXSID30671560 DTXSID00446262 DTXSID00522398
DTXSID20857598	DTXSID00531041 DTXSID40784357 DTXSID00364871 DTXSID60728172 DTXSID70708046 DTXSID10211645 DTXSID90826519 DTXSID50551916 DTXSID40620145 DTXSID00464704 DTXSID20631173 DTXSID90629724 DTXSID00323105 DTXSID60825514 DTXSID30624051 DTXSID30617968 DTXSID00567820 DTXSID20428787 DTXSID00425214 DTXSID90361339
DTXSID80214022	DTXSID00802263 DTXSID20351187 DTXSID40559067 DTXSID7058048 DTXSID00453198 DTXSID00421630 DTXSID40543966 DTXSID10342625 DTXSID30367673 DTXSID80857236 DTXSID00811431 DTXSID70438513 DTXSID30879726 DTXSID90709196 DTXSID8058827 DTXSID80711127 DTXSID6040371 DTXSID00795722 DTXSID80215670 DTXSID30718308
DTXSID50601243	DTXSID2046836 DTXSID80293251 DTXSID60192657 DTXSID70331217 DTXSID20536750 DTXSID10839444 DTXSID20525200 DTXSID20702716 DTXSID10767591 DTXSID90281785 DTXSID70737937 DTXSID30848472 DTXSID00291855 DTXSID40829772 DTXSID40654925 DTXSID80700137 DTXSID60444729 DTXSID70548767 DTXSID70545195 DTXSID20641272
DTXSID00658368	DTXSID60866760 DTXSID00515129 DTXSID3075335 DTXSID60682265 DTXSID10766741 DTXSID90798186 DTXSID40734110 DTXSID30502461 DTXSID90565613 DTXSID10506048 DTXSID60486664 DTXSID50761336 DTXSID00307829 DTXSID90321852 DTXSID50210773 DTXSID10765032 DTXSID50345231 DTXSID60490529 DTXSID80198656 DTXSID20667735
DTXSID20423873	DTXSID80795720 DTXSID10682199 DTXSID20229796 DTXSID10599056 DTXSID90328629 DTXSID50846531 DTXSID00197808 DTXSID30753395 DTXSID90536565 DTXSID30463806 DTXSID60606582 DTXSID40808082 DTXSID70487304 DTXSID90847486 DTXSID40455873 DTXSID50693663 DTXSID20184139 DTXSID80740472 DTXSID10391618 DTXSID70565833
DTXSID40790019	DTXSID60143023 DTXSID40310872 DTXSID90794320 DTXSID00201055 DTXSID60320630 DTXSID20465495 DTXSID20534918 DTXSID20770410 DTXSID00345680 DTXSID70672753 DTXSID00854560 DTXSID80349621 DTXSID60325125 DTXSID90402498 DTXSID50681040 DTXSID90783198 DTXSID80190337 DTXSID70886858 DTXSID30636396 DTXSID50760389
DTXSID30385110	DTXSID70341018 DTXSID60425199 DTXSID10307496 DTXSID00302733 DTXSID40697155 DTXSID50799997 DTXSID30640913 DTXSID40180330 DTXSID30666274 DTXSID00876742 DTXSID70589837 DTXSID5068158 DTXSID50335233 DTXSID40661119 DTXSID00541362 DTXSID50847765 DTXSID10211680 DTXSID80876684 DTXSID90667540 DTXSID60405779
DTXSID70821062	DTXSID40161003 DTXSID70203107 DTXSID60897135 DTXSID90626394 DTXSID70831702 DTXSID00293935 DTXSID80492984 DTXSID10876516 DTXSID30378360 DTXSID80211571 DTXSID70176266 DTXSID00568670 DTXSID00405117 DTXSID90662833 DTXSID60576312 DTXSID50848994 DTXSID90586161 DTXSID20856506 DTXSID90185572 DTXSID60571706
DTXSID30395072	DTXSID10366962 DTXSID60392019 DTXSID00447198 DTXSID20549406 DTXSID00720978 DTXSID60407293 DTXSID80210322 DTXSID80543965 DTXSID30199991 DTXSID20417717 DTXSID40879479 DTXSID90814719 DTXSID10541111 DTXSID90474372 DTXSID50591877 DTXSID10297702 DTXSID60370650 DTXSID40543961 DTXSID00625732 DTXSID20473212
DTXSID70557910	DTXSID80434162 DTXSID70275501 DTXSID00651450 DTXSID80464368 DTXSID60327528 DTXSID60451392 DTXSID00391061 DTXSID2072881 DTXSID90346141 DTXSID90346101 DTXSID40508111 DTXSID20579586 DTXSID40334154 DTXSID00667551 DTXSID80509708 DTXSID70408650 DTXSID00633478 DTXSID90848559 DTXSID10824299 DTXSID40397668
DTXSID60495352	DTXSID80588412 DTXSID90228155 DTXSID30616810 DTXSID30778189 DTXSID00571407 DTXSID90156141 DTXSID30537839 DTXSID70695260 DTXSID70401363 DTXSID40352515 DTXSID90429862 DTXSID90380404 DTXSID30788642 DTXSID20293093 DTXSID00442188 DTXSID40495597 DTXSID10212470 DTXSID30787852 DTXSID60369660 DTXSID90609682
DTXSID50761013	DTXSID50365777 DTXSID90825880 DTXSID10615447 DTXSID10145133 DTXSID80733465 DTXSID4041232 DTXSID50703291 DTXSID20740698 DTXSID00203059 DTXSID4059540 DTXSID50858836 DTXSID20642042 DTXSID50862599 DTXSID70563071 DTXSID80399161 DTXSID10864690 DTXSID00701883 DTXSID70743932 DTXSID70502400 DTXSID30850116
DTXSID30597130	DTXSID40715661 DTXSID40471876 DTXSID10501255 DTXSID50555191 DTXSID00163427 DTXSID50302465 DTXSID40417916 DTXSID60152170 DTXSID30795831 DTXSID90286270 DTXSID80850904 DTXSID10276198 DTXSID10856792 DTXSID00190516 DTXSID60475331 DTXSID80675972 DTXSID00590274 DTXSID70645644 DTXSID60398475 DTXSID80773083
DTXSID30296292	DTXSID00401210 DTXSID8068202 DTXSID40847597 DTXSID40390932 DTXSID10408856 DTXSID10727837 DTXSID80589808 DTXSID20146696 DTXSID30579375 DTXSID10398268 DTXSID10563479 DTXSID50421786 DTXSID30343396 DTXSID70811428 DTXSID20593166 DTXSID10313815 DTXSID30836834 DTXSID30750945 DTXSID20732210 DTXSID1036886
DTXSID50640314	DTXSID40775609 DTXSID80561528 DTXSID90877304 DTXSID30332528 DTXSID00406523 DTXSID90237247 DTXSID30424634 DTXSID20808020 DTXSID40289039 DTXSID20443399 DTXSID00442784 DTXSID10364529 DTXSID70514285 DTXSID30213626 DTXSID50315570 DTXSID10402339 DTXSID70537510 DTXSID00780936 DTXSID30663066 DTXSID00331164
DTXSID90635143	DTXSID50160901 DTXSID60645335 DTXSID80499392 DTXSID00153121 DTXSID40214245 DTXSID20837330 DTXSID00620621 DTXSID80367027 DTXSID20289310 DTXSID30237408 DTXSID90310120 DTXSID90412517 DTXSID70563218 DTXSID50736766 DTXSID10590306 DTXSID50395377 DTXSID40299936 DTXSID90517016 DTXSID90875986 DTXSID10150984
DTXSID50640319	DTXSID20403498 DTXSID70488750 DTXSID60497336 DTXSID30301456 DTXSID10502681 DTXSID60340393 DTXSID70612013 DTXSID20446421 DTXSID10649722 DTXSID20835977 DTXSID30671323 DTXSID80776034 DTXSID90573096 DTXSID40481814 DTXSID50318526 DTXSID70284653 DTXSID90329454 DTXSID70825242 DTXSID90450858 DTXSID00405935
DTXSID4063614	DTXSID00527666 DTXSID10503471 DTXSID50828135 DTXSID30819268 DTXSID70239188 DTXSID20210280 DTXSID60276426 DTXSID8027872 DTXSID40770194 DTXSID40659197 DTXSID00768219 DTXSID70805761 DTXSID00841374 DTXSID70793856 DTXSID10826637 DTXSID10206612 DTXSID30796242 DTXSID00892301 DTXSID30714603 DTXSID80847470
DTXSID30180364	DTXSID00342891 DTXSID70726528 DTXSID00348838 DTXSID50354368 DTXSID50569415 DTXSID80628382 DTXSID00547167 DTXSID80621691 DTXSID00348297 DTXSID30180824 DTXSID20507041 DTXSID70788262 DTXSID40628489 DTXSID70307896 DTXSID30378325 DTXSID10377992 DTXSID10555854 DTXSID00725807 DTXSID00196871 DTXSID10383811
DTXSID70437465	DTXSID20732210 DTXSID1036886 DTXSID70403246 DTXSID80589808 DTXSID10313815 DTXSID00302733 DTXSID50436633 DTXSID30400690 DTXSID70353111 DTXSID30343396 DTXSID00705785 DTXSID60222746 DTXSID50450374 DTXSID50370902 DTXSID00837035 DTXSID10307496 DTXSID40180330 DTXSID20740779 DTXSID00278323 DTXSID00876742
DTXSID80351906	DTXSID40326877 DTXSID70651568 DTXSID30831086 DTXSID60557242 DTXSID7067089 DTXSID80446866 DTXSID80563921 DTXSID50766366 DTXSID70485608 DTXSID60395601 DTXSID00818920 DTXSID50502221 DTXSID40367063 DTXSID10886357 DTXSID10787971 DTXSID10368683 DTXSID40288087 DTXSID80342879 DTXSID1051800 DTXSID00446909
DTXSID20241751	DTXSID40339083 DTXSID00523683 DTXSID10518101 DTXSID00452565 DTXSID20476162 DTXSID60697410 DTXSID20200787 DTXSID30870975 DTXSID70359395 DTXSID4047541 DTXSID90291501 DTXSID70167255 DTXSID00171840 DTXSID00652780 DTXSID40693334 DTXSID90145474 DTXSID60428307 DTXSID00202365 DTXSID70849923 DTXSID30567075
DTXSID60172398	DTXSID00175141 DTXSID30308384 DTXSID80590055 DTXSID00620020 DTXSID40588251 DTXSID70364505 DTXSID70622516 DTXSID20327483 DTXSID90374489 DTXSID70538027 DTXSID10360203 DTXSID80175942 DTXSID40351780 DTXSID60614763 DTXSID30787998 DTXSID70294838 DTXSID9022100 DTXSID40567809 DTXSID40507301 DTXSID70734148
DTXSID30593490	DTXSID50335096 DTXSID20511764 DTXSID30310881 DTXSID90236053 DTXSID20608365 DTXSID90406390 DTXSID70564109 DTXSID80593384 DTXSID90214997 DTXSID20751188 DTXSID80415456 DTXSID50742443 DTXSID40624587 DTXSID00371126 DTXSID80681634 DTXSID50727078 DTXSID10720308 DTXSID90401300 DTXSID30485745 DTXSID50340180
DTXSID50427884	DTXSID80772016 DTXSID50528446 DTXSID70720187 DTXSID50682193 DTXSID90567930 DTXSID90772360 DTXSID1025693 DTXSID10834858 DTXSID90696310 DTXSID90453768 DTXSID50649605 DTXSID90824055 DTXSID60481972 DTXSID50704142 DTXSID30595277 DTXSID60540114 DTXSID70874098 DTXSID60762319 DTXSID80212043 DTXSID30711637
DTXSID80679632	DTXSID30186765 DTXSID70736561 DTXSID30389739 DTXSID40279359 DTXSID70723456 DTXSID10219323 DTXSID70283207 DTXSID80451430 DTXSID30645342 DTXSID80195726 DTXSID70672475 DTXSID80675154 DTXSID10174761 DTXSID50186702 DTXSID50638155 DTXSID20444104 DTXSID3037543 DTXSID70607621 DTXSID20300817 DTXSID50760081
DTXSID30336546	DTXSID70775273 DTXSID50288992 DTXSID70236576 DTXSID3068883 DTXSID50576301 DTXSID10712521 DTXSID90437669 DTXSID10711458 DTXSID20240441 DTXSID90556268 DTXSID90404977 DTXSID80708456 DTXSID40781063 DTXSID10773617 DTXSID50767959 DTXSID70177359 DTXSID70750186 DTXSID10418177 DTXSID70867364 DTXSID5051311
DTXSID00596812	DTXSID80181826 DTXSID80724393 DTXSID10394942 DTXSID30447287 DTXSID00343681 DTXSID90349172 DTXSID3063045 DTXSID20362556 DTXSID10426979 DTXSID20367369 DTXSID60143962 DTXSID20774958 DTXSID80791282 DTXSID00879470 DTXSID90598663 DTXSID40415492 DTXSID10632250 DTXSID00831917 DTXSID20562958 DTXSID00372673
DTXSID20624303	DTXSID50310747 DTXSID60711948 DTXSID00350315 DTXSID60443631 DTXSID00472844 DTXSID60365925 DTXSID90640813 DTXSID40794991 DTXSID50230830 DTXSID4060739 DTXSID90374045 DTXSID70401020 DTXSID90614711 DTXSID40360872 DTXSID80523868 DTXSID60668963 DTXSID80817057 DTXSID00594772 DTXSID40747321 DTXSID10474339
DTXSID00606586	DTXSID70393390 DTXSID10322225 DTXSID80534575 DTXSID10694474 DTXSID30675003 DTXSID20478323 DTXSID40738931 DTXSID90726161 DTXSID80852645 DTXSID50731357 DTXSID90723352 DTXSID20876603 DTXSID10303190 DTXSID90560582 DTXSID80694466 DTXSID80562398 DTXSID20593303 DTXSID50461349 DTXSID40325507 DTXSID00403214
DTXSID80318690	DTXSID20597765 DTXSID70395778 DTXSID10760229 DTXSID00384039 DTXSID10142980 DTXSID20611374 DTXSID50830854 DTXSID60429096 DTXSID90353299 DTXSID20154993 DTXSID90497425 DTXSID40536090 DTXSID70238095 DTXSID20881333 DTXSID00314654 DTXSID10371410 DTXSID70397272 DTXSID90611508 DTXSID40405636 DTXSID80548516
DTXSID20822403	DTXSID50603343 DTXSID80360679 DTXSID40190474 DTXSID50680679 DTXSID80343528 DTXSID60493752 DTXSID10380608 DTXSID00698709 DTXSID00774294 DTXSID50863142 DTXSID80834981 DTXSID90578445 DTXSID10371591 DTXSID00390958 DTXSID50183731 DTXSID90730243 DTXSID30165636 DTXSID60288680 DTXSID70562589 DTXSID90366985
DTXSID70658234	DTXSID20168616 DTXSID90405606 DTXSID50729193 DTXSID60671937 DTXSID60195325 DTXSID6044858 DTXSID80646627 DTXSID40626425 DTXSID50346844 DTXSID70355690 DTXSID00190172 DTXSID80648161 DTXSID40618345 DTXSID60444305 DTXSID80727324 DTXSID80718853 DTXSID40677533 DTXSID40857535 DTXSID50733639 DTXSID80377949
DTXSID20449876	DTXSID00346738 DTXSID30222273 DTXSID80448244 DTXSID80201174 DTXSID50600332 DTXSID10808953 DTXSID90590243 DTXSID70297602 DTXSID90152446 DTXSID40298348 DTXSID40708275 DTXSID60550733 DTXSID0047741 DTXSID80783708 DTXSID50174083 DTXSID00186636 DTXSID00225771 DTXSID2052447 DTXSID00582912 DTXSID00550732
DTXSID20646944	DTXSID60447351 DTXSID00145566 DTXSID90169897 DTXSID80346397 DTXSID90708543 DTXSID50840074 DTXSID10295283 DTXSID40883091 DTXSID10542067 DTXSID50561611 DTXSID20300817 DTXSID90875986 DTXSID30225941 DTXSID3037543 DTXSID30677421 DTXSID20444104 DTXSID00532730 DTXSID10174761 DTXSID30203209 DTXSID70317233
DTXSID80787403	DTXSID80813559 DTXSID70702281 DTXSID90290716 DTXSID90548663 DTXSID60693876 DTXSID60831579 DTXSID10837920 DTXSID00514773 DTXSID90719154 DTXSID90306821 DTXSID60242525 DTXSID60341123 DTXSID80642422 DTXSID00199488 DTXSID80838585 DTXSID80661118 DTXSID70876532 DTXSID20308494 DTXSID50306701 DTXSID40407317
DTXSID40838642	DTXSID30408717 DTXSID60813436 DTXSID60880764 DTXSID00794972 DTXSID40455499 DTXSID80783304 DTXSID40773347 DTXSID00625252 DTXSID90286816 DTXSID90283522 DTXSID00819290 DTXSID40462365 DTXSID90533897 DTXSID20535622 DTXSID10770565 DTXSID90796788 DTXSID00161882 DTXSID40802964 DTXSID00770579 DTXSID90816733
DTXSID60318532	DTXSID90300667 DTXSID3068126 DTXSID60524373 DTXSID10597653 DTXSID70480092 DTXSID40454326 DTXSID60621912 DTXSID20886101 DTXSID00393560 DTXSID0058514 DTXSID70288277 DTXSID60616843 DTXSID00362579 DTXSID30413629 DTXSID10363552 DTXSID90178368 DTXSID70602333 DTXSID90596508 DTXSID80640544 DTXSID70589478
DTXSID10144484	DTXSID20594678 DTXSID00757749 DTXSID50465827 DTXSID10463021 DTXSID50639889 DTXSID10579131 DTXSID80438044 DTXSID20172071 DTXSID20434202 DTXSID80776034 DTXSID10149196 DTXSID50318526 DTXSID60241518 DTXSID00577964 DTXSID70825242 DTXSID50527358 DTXSID30544962 DTXSID20403498 DTXSID80275936 DTXSID70880654
DTXSID90435044	DTXSID60875796 DTXSID60622580 DTXSID50809828 DTXSID80560576 DTXSID30282190 DTXSID30716667 DTXSID70873662 DTXSID60401296 DTXSID30852256 DTXSID50181656 DTXSID60325625 DTXSID00712035 DTXSID10301277 DTXSID50179518 DTXSID00374899 DTXSID70672798 DTXSID70235529 DTXSID50310520 DTXSID30761213 DTXSID50400551
DTXSID40180118	DTXSID70191530 DTXSID70737457 DTXSID00645617 DTXSID50808356 DTXSID80661557 DTXSID30383914 DTXSID80230045 DTXSID20656245 DTXSID40430408 DTXSID10459469 DTXSID40380191 DTXSID00570430 DTXSID70848471 DTXSID40622548 DTXSID50425981 DTXSID80557643 DTXSID70424335 DTXSID1071743 DTXSID40645570 DTXSID70219349
DTXSID70523594	DTXSID80740472 DTXSID20578675 DTXSID20694900 DTXSID20488861 DTXSID30448451 DTXSID10305518 DTXSID40808082 DTXSID00197808 DTXSID70203864 DTXSID10835749 DTXSID50846531 DTXSID50391273 DTXSID5059822 DTXSID90809448 DTXSID00164439 DTXSID20184139 DTXSID80479295 DTXSID70569573 DTXSID00735688 DTXSID00725887
DTXSID20728991	DTXSID10743259 DTXSID60722973 DTXSID70346321 DTXSID00727285 DTXSID40725967 DTXSID10640133 DTXSID40672548 DTXSID10677540 DTXSID20856708 DTXSID60717162 DTXSID20372610 DTXSID60716675 DTXSID30478859 DTXSID10469624 DTXSID70460591 DTXSID20415399 DTXSID50843904 DTXSID00415852 DTXSID40452221 DTXSID80724732
DTXSID30851865	DTXSID80424583 DTXSID30813069 DTXSID70518021 DTXSID70605021 DTXSID60409252 DTXSID90514803 DTXSID30818211 DTXSID20383281 DTXSID60511748 DTXSID70578802 DTXSID50523537 DTXSID2059275 DTXSID70484378 DTXSID60202720 DTXSID10567932 DTXSID60524616 DTXSID00667394 DTXSID80841231 DTXSID20293179 DTXSID80442020
DTXSID30494877	DTXSID40711522 DTXSID50696790 DTXSID60289273 DTXSID40526072 DTXSID40396919 DTXSID60655358 DTXSID90618219 DTXSID10501472 DTXSID60829072 DTXSID00511303 DTXSID20834607 DTXSID1044514 DTXSID70317031 DTXSID40751488 DTXSID70281485 DTXSID00533141 DTXSID20370717 DTXSID60667577 DTXSID40676425 DTXSID50325735
DTXSID20640220	DTXSID00357142 DTXSID20801152 DTXSID60432868 DTXSID40504178 DTXSID70740461 DTXSID70291822 DTXSID8046791 DTXSID90179198 DTXSID80743286 DTXSID00423917 DTXSID30438498 DTXSID70603769 DTXSID40511105 DTXSID70499624 DTXSID10160907 DTXSID40173409 DTXSID10724700 DTXSID4065604 DTXSID20569260 DTXSID6048096
DTXSID80537829	DTXSID00805870 DTXSID40523006 DTXSID60820125 DTXSID50560684 DTXSID80422286 DTXSID00303922 DTXSID80501883 DTXSID40677391 DTXSID30362789 DTXSID40464884 DTXSID50363339 DTXSID20803419 DTXSID80760019 DTXSID30402412 DTXSID50568201 DTXSID70158284 DTXSID80660101 DTXSID60402369 DTXSID00380238 DTXSID80696829
DTXSID20506014	DTXSID30534449 DTXSID80401773 DTXSID40783663 DTXSID10525294 DTXSID70641121 DTXSID10634996 DTXSID40670408 DTXSID40552518 DTXSID70534448 DTXSID20350337 DTXSID50565977 DTXSID70663580 DTXSID90885863 DTXSID10547456 DTXSID60777408 DTXSID10455027 DTXSID90348625 DTXSID10518262 DTXSID80509384 DTXSID90376448
DTXSID40539147	DTXSID30303990 DTXSID40452180 DTXSID40477959 DTXSID70655208 DTXSID30711814 DTXSID20163247 DTXSID50510164 DTXSID70696934 DTXSID20447155 DTXSID20184699 DTXSID80665454 DTXSID80444665 DTXSID10538581 DTXSID80896685 DTXSID10466491 DTXSID40725124 DTXSID60337187 DTXSID80742315 DTXSID50610633 DTXSID80851830
DTXSID40775609	DTXSID30332528 DTXSID30213626 DTXSID50640314 DTXSID00331164 DTXSID90877304 DTXSID40289039 DTXSID30424634 DTXSID10364529 DTXSID40388536 DTXSID90237247 DTXSID00560977 DTXSID20443399 DTXSID50707951 DTXSID50813501 DTXSID20808020 DTXSID70305776 DTXSID00406523 DTXSID30663066 DTXSID50783876 DTXSID80561528
DTXSID60151047	DTXSID00241971 DTXSID1063140 DTXSID10210118 DTXSID70443980 DTXSID20704078 DTXSID40744315 DTXSID00730375 DTXSID10739854 DTXSID20284901 DTXSID80767386 DTXSID40614903 DTXSID70594325 DTXSID80502870 DTXSID80897339 DTXSID00542773 DTXSID20191888 DTXSID40879717 DTXSID10786207 DTXSID1047071 DTXSID10398581
DTXSID90505372	DTXSID10351257 DTXSID20833716 DTXSID30751750 DTXSID30350843 DTXSID40761729 DTXSID70471682 DTXSID10832697 DTXSID70876552 DTXSID40328396 DTXSID90596508 DTXSID50755018 DTXSID10191993 DTXSID50325735 DTXSID30413629 DTXSID20886101 DTXSID60616843 DTXSID70484651 DTXSID60633636 DTXSID60621912 DTXSID90618219
DTXSID50853381	DTXSID00225190 DTXSID40833839 DTXSID20159342 DTXSID20798912 DTXSID80830084 DTXSID00719322 DTXSID90334149 DTXSID30886990 DTXSID70770268 DTXSID00597642 DTXSID80531423 DTXSID40431657 DTXSID30592145 DTXSID90509214 DTXSID00844946 DTXSID40510597 DTXSID00750356 DTXSID80720234 DTXSID70457305 DTXSID50850153
DTXSID60710254	DTXSID80275653 DTXSID70589478 DTXSID10600595 DTXSID20536457 DTXSID20277151 DTXSID20453973 DTXSID60835815 DTXSID90733219 DTXSID30666835 DTXSID00559806 DTXSID70299409 DTXSID30671560 DTXSID00393560 DTXSID50619383 DTXSID0058514 DTXSID90325153 DTXSID50321732 DTXSID80557042 DTXSID3068126 DTXSID60338038
DTXSID10292035	DTXSID50569319 DTXSID70645684 DTXSID40633972 DTXSID00196518 DTXSID00567961 DTXSID00390236 DTXSID80774196 DTXSID50496818 DTXSID00303649 DTXSID30704488 DTXSID0069915 DTXSID30474098 DTXSID40280980 DTXSID50640834 DTXSID20462722 DTXSID70282356 DTXSID40696461 DTXSID10607544 DTXSID00522398 DTXSID80820329
DTXSID60505389	DTXSID10221865 DTXSID40397623 DTXSID90426058 DTXSID40722618 DTXSID20582959 DTXSID40578238 DTXSID60375120 DTXSID40855132 DTXSID00645879 DTXSID40576875 DTXSID00707608 DTXSID70478419 DTXSID20791342 DTXSID10640512 DTXSID70528403 DTXSID90640974 DTXSID00621330 DTXSID50345019 DTXSID3058955 DTXSID70573993
DTXSID80620088	DTXSID80729868 DTXSID80321321 DTXSID50315419 DTXSID40694588 DTXSID10732825 DTXSID70287543 DTXSID70805822 DTXSID50306463 DTXSID10181551 DTXSID10503052 DTXSID70185176 DTXSID10471025 DTXSID80190337 DTXSID50437069 DTXSID00618008 DTXSID80279131 DTXSID00461238 DTXSID40674183 DTXSID60707765 DTXSID30397672
DTXSID00721268	DTXSID80801294 DTXSID10601360 DTXSID60354011 DTXSID70282356 DTXSID60601471 DTXSID70545993 DTXSID10722665 DTXSID80483231 DTXSID40717822 DTXSID80771766 DTXSID10607544 DTXSID20206981 DTXSID80143040 DTXSID70558563 DTXSID30474098 DTXSID90864779 DTXSID40467239 DTXSID80851239 DTXSID70750944 DTXSID3063095
DTXSID60378691	DTXSID10758666 DTXSID70760740 DTXSID20370858 DTXSID9073628 DTXSID00510836 DTXSID80374337 DTXSID70223906 DTXSID80734013 DTXSID40288729 DTXSID10608990 DTXSID70834470 DTXSID90876933 DTXSID40408768 DTXSID40453516 DTXSID90702268 DTXSID7044764 DTXSID20503528 DTXSID60711589 DTXSID9025403 DTXSID40278201
DTXSID70784229	DTXSID00806822 DTXSID20705222 DTXSID10296836 DTXSID00876626 DTXSID90625963 DTXSID30727910 DTXSID30290992 DTXSID40295776 DTXSID00566611 DTXSID00672786 DTXSID60879315 DTXSID50236892 DTXSID50396228 DTXSID10586542 DTXSID30202090 DTXSID40841515 DTXSID00703665 DTXSID00826525 DTXSID40717226 DTXSID30799096
DTXSID70300044	DTXSID5058199 DTXSID10328464 DTXSID40823513 DTXSID90744249 DTXSID10218654 DTXSID40439355 DTXSID60874764 DTXSID40715661 DTXSID50793213 DTXSID10166383 DTXSID00541322 DTXSID10401781 DTXSID40201938 DTXSID80773083 DTXSID40471876 DTXSID50302465 DTXSID30597130 DTXSID50728580 DTXSID70674691 DTXSID30320263
DTXSID60240364	DTXSID80316237 DTXSID80846044 DTXSID80403237 DTXSID20333044 DTXSID30791999 DTXSID60896421 DTXSID90794628 DTXSID60896426 DTXSID00877198 DTXSID60161040 DTXSID60875812 DTXSID60327083 DTXSID70607767 DTXSID30789432 DTXSID9073676 DTXSID70889001 DTXSID20476506 DTXSID90312927 DTXSID30317294 DTXSID40877197
DTXSID10621200	DTXSID60512533 DTXSID10288170 DTXSID30827181 DTXSID80684347 DTXSID90674537 DTXSID90291526 DTXSID60813951 DTXSID30542746 DTXSID80593541 DTXSID40719260 DTXSID70657121 DTXSID20394832 DTXSID50190364 DTXSID90705153 DTXSID90748782 DTXSID00507084 DTXSID60157009 DTXSID30857029 DTXSID20629934 DTXSID80733122
DTXSID00697257	DTXSID30373673 DTXSID10389373 DTXSID60557545 DTXSID80396852 DTXSID70609605 DTXSID90284478 DTXSID40152835 DTXSID70368043 DTXSID40673171 DTXSID60476747 DTXSID30357635 DTXSID80170790 DTXSID00841995 DTXSID70237664 DTXSID60415535 DTXSID20405250 DTXSID50283649 DTXSID10842453 DTXSID40436167 DTXSID10533314
DTXSID60761685	DTXSID90375214 DTXSID80660707 DTXSID30463806 DTXSID90277789 DTXSID10599056 DTXSID00507064 DTXSID70487304 DTXSID20229796 DTXSID30753395 DTXSID90565294 DTXSID40163406 DTXSID20503927 DTXSID90536565 DTXSID10682199 DTXSID90847486 DTXSID00715541 DTXSID20540059 DTXSID40455873 DTXSID00632961 DTXSID50878074
DTXSID80207252	DTXSID80284285 DTXSID90185830 DTXSID20602808 DTXSID00387843 DTXSID20442145 DTXSID40427853 DTXSID90379454 DTXSID40657471 DTXSID50310222 DTXSID60668665 DTXSID50277765 DTXSID70791059 DTXSID50430015 DTXSID20876264 DTXSID20876683 DTXSID70170840 DTXSID60729821 DTXSID1072260 DTXSID10645305 DTXSID60876682
DTXSID80528671	DTXSID0062139 DTXSID50352682 DTXSID60542759 DTXSID40175741 DTXSID80593521 DTXSID20500057 DTXSID80299652 DTXSID60489296 DTXSID50356468 DTXSID80457351 DTXSID00305805 DTXSID30483483 DTXSID10180923 DTXSID00559528 DTXSID90408576 DTXSID00389105 DTXSID80289396 DTXSID2024791 DTXSID90483020 DTXSID10604336
DTXSID2026602	DTXSID20502450 DTXSID2040280 DTXSID50733073 DTXSID40228701 DTXSID50555378 DTXSID40847052 DTXSID00754490 DTXSID90705799 DTXSID50668230 DTXSID80287832 DTXSID0046147 DTXSID60458866 DTXSID50724466 DTXSID4034817 DTXSID20676943 DTXSID70582525 DTXSID20612381 DTXSID60658369 DTXSID40337105 DTXSID00719160
DTXSID00186176	DTXSID40508272 DTXSID50527333 DTXSID50787672 DTXSID70502965 DTXSID40756958 DTXSID60734738 DTXSID60188272 DTXSID70212037 DTXSID10275540 DTXSID40532698 DTXSID50841228 DTXSID10444416 DTXSID70393719 DTXSID40774819 DTXSID00672827 DTXSID20198655 DTXSID20310138 DTXSID20352578 DTXSID70757958 DTXSID00317504
DTXSID0059081	DTXSID60571408 DTXSID80627799 DTXSID00313622 DTXSID70651745 DTXSID60744312 DTXSID10740400 DTXSID00539461 DTXSID00425279 DTXSID00615794 DTXSID30844757 DTXSID10796583 DTXSID40493992 DTXSID00640667 DTXSID50355557 DTXSID50552847 DTXSID20229236 DTXSID80475393 DTXSID70366605 DTXSID60315960 DTXSID80318034
DTXSID40781200	DTXSID3052220 DTXSID10748022 DTXSID90336082 DTXSID60743481 DTXSID60441410 DTXSID50642439 DTXSID70421046 DTXSID10185514 DTXSID20651114 DTXSID90381395 DTXSID40286745 DTXSID30752484 DTXSID40398079 DTXSID10658556 DTXSID90426730 DTXSID90570323 DTXSID50462639 DTXSID30388045 DTXSID40589743 DTXSID80493638
DTXSID40468084	DTXSID90722587 DTXSID20832224 DTXSID30368908 DTXSID00165648 DTXSID00429333 DTXSID00326035 DTXSID30809003 DTXSID30797451 DTXSID30823229 DTXSID10294832 DTXSID00618321 DTXSID3057729 DTXSID80375703 DTXSID90422898 DTXSID20155783 DTXSID50748066 DTXSID80668364 DTXSID10659982 DTXSID10556543 DTXSID80832225
DTXSID10302946	DTXSID00579281 DTXSID90446897 DTXSID00206505 DTXSID70569992 DTXSID60877351 DTXSID50762101 DTXSID00597642 DTXSID10733817 DTXSID70733176 DTXSID90485226 DTXSID20357760 DTXSID10809501 DTXSID90334149 DTXSID40833839 DTXSID20200005 DTXSID90424554 DTXSID4052423 DTXSID80156756 DTXSID00341268 DTXSID10838553
DTXSID60422946	DTXSID40507280 DTXSID9068378 DTXSID90152885 DTXSID50757350 DTXSID90594948 DTXSID60446501 DTXSID40430185 DTXSID00766412 DTXSID70405624 DTXSID50311754 DTXSID20297278 DTXSID00481779 DTXSID60312631 DTXSID10172404 DTXSID50556204 DTXSID90567430 DTXSID30369379 DTXSID00487938 DTXSID60667436 DTXSID90655745
DTXSID10596242	DTXSID00745404 DTXSID70711550 DTXSID90474372 DTXSID70381358 DTXSID10312106 DTXSID30618435 DTXSID40543961 DTXSID00481577 DTXSID80610161 DTXSID60392019 DTXSID70709755 DTXSID90814719 DTXSID10557297 DTXSID20874164 DTXSID50172963 DTXSID80210322 DTXSID50178682 DTXSID60597663 DTXSID00720978 DTXSID30452679
DTXSID90447349	DTXSID80142856 DTXSID90715717 DTXSID90499641 DTXSID10771759 DTXSID60744317 DTXSID70143155 DTXSID00604183 DTXSID50742468 DTXSID50872976 DTXSID10516208 DTXSID70828773 DTXSID30442510 DTXSID20628588 DTXSID70524783 DTXSID70221826 DTXSID20378677 DTXSID90205022 DTXSID00619277 DTXSID90554466 DTXSID90760646
DTXSID80724015	DTXSID30423703 DTXSID10395035 DTXSID40405636 DTXSID60556013 DTXSID70238095 DTXSID10292499 DTXSID50228318 DTXSID00314654 DTXSID70397272 DTXSID10805306 DTXSID00606980 DTXSID60435793 DTXSID30659560 DTXSID50292099 DTXSID10142980 DTXSID40349804 DTXSID50596246 DTXSID00309808 DTXSID10659285 DTXSID00846581
DTXSID10820094	DTXSID10506048 DTXSID30704004 DTXSID20530950 DTXSID00809530 DTXSID20526914 DTXSID40727906 DTXSID00295196 DTXSID3052355 DTXSID10798188 DTXSID00515129 DTXSID30593394 DTXSID40556238 DTXSID70840859 DTXSID60783822 DTXSID30370420 DTXSID90660374 DTXSID90398180 DTXSID50345231 DTXSID40315180 DTXSID10211044
DTXSID00423917	DTXSID10724700 DTXSID40173409 DTXSID70499624 DTXSID30438498 DTXSID6048096 DTXSID40773322 DTXSID80615070 DTXSID00694584 DTXSID70852235 DTXSID70700803 DTXSID20640220 DTXSID30150880 DTXSID60428125 DTXSID10160907 DTXSID00635194 DTXSID50399335 DTXSID90663507 DTXSID70740461 DTXSID70603769 DTXSID20618883
DTXSID30173539	DTXSID40732434 DTXSID70801127 DTXSID70602010 DTXSID90345331 DTXSID70312566 DTXSID40392491 DTXSID70645644 DTXSID70813563 DTXSID20448142 DTXSID60886903 DTXSID60145840 DTXSID30795831 DTXSID50198623 DTXSID90329050 DTXSID00190516 DTXSID70590307 DTXSID80675972 DTXSID80294248 DTXSID10276198 DTXSID50761255
DTXSID90536565	DTXSID30753395 DTXSID90847486 DTXSID70487304 DTXSID10599056 DTXSID10682199 DTXSID20229796 DTXSID90565294 DTXSID60761685 DTXSID20503927 DTXSID90277789 DTXSID20423873 DTXSID80660707 DTXSID90375214 DTXSID30463806 DTXSID90328629 DTXSID40163406 DTXSID40455873 DTXSID10391618 DTXSID80795720 DTXSID60606582
DTXSID30745058	DTXSID00393727 DTXSID90679880 DTXSID70579192 DTXSID40781189 DTXSID70148105 DTXSID60319443 DTXSID40528157 DTXSID50602750 DTXSID20576136 DTXSID80727804 DTXSID00552711 DTXSID80657117 DTXSID80392056 DTXSID10668655 DTXSID20346371 DTXSID40508893 DTXSID00383860 DTXSID80600426 DTXSID90438530 DTXSID20236506
DTXSID40674183	DTXSID20778436 DTXSID90783198 DTXSID50437069 DTXSID80190337 DTXSID70820898 DTXSID90313636 DTXSID80279131 DTXSID90805440 DTXSID20406545 DTXSID90419526 DTXSID50315419 DTXSID40430266 DTXSID70221568 DTXSID50667248 DTXSID70805822 DTXSID40694588 DTXSID00618008 DTXSID10732825 DTXSID80729868 DTXSID90647221
DTXSID70536164	DTXSID40421230 DTXSID80377186 DTXSID70548964 DTXSID20228325 DTXSID80796772 DTXSID80218944 DTXSID20314595 DTXSID40480100 DTXSID20619259 DTXSID30175174 DTXSID60879719 DTXSID90794901 DTXSID00588297 DTXSID70397414 DTXSID4059251 DTXSID30804639 DTXSID40755587 DTXSID30303394 DTXSID00878988 DTXSID20346058
DTXSID70530864	DTXSID60175440 DTXSID80465552 DTXSID40658504 DTXSID80597261 DTXSID50653949 DTXSID10344528 DTXSID20695831 DTXSID40196774 DTXSID70477588 DTXSID60436442 DTXSID30742365 DTXSID20677995 DTXSID40388076 DTXSID40459811 DTXSID80375586 DTXSID20294540 DTXSID60587524 DTXSID10742747 DTXSID60739460 DTXSID30311434
DTXSID40657032	DTXSID90561099 DTXSID30675361 DTXSID50385172 DTXSID00675171 DTXSID10412998 DTXSID20568798 DTXSID00198037 DTXSID00834226 DTXSID2068424 DTXSID80760271 DTXSID40677396 DTXSID90750941 DTXSID30474452 DTXSID10580202 DTXSID60620061 DTXSID90310261 DTXSID10607125 DTXSID40190999 DTXSID70525598 DTXSID40397845
DTXSID00725569	DTXSID40165465 DTXSID40344319 DTXSID90332584 DTXSID00618124 DTXSID20680929 DTXSID20545827 DTXSID80541527 DTXSID20676923 DTXSID3042180 DTXSID90856710 DTXSID80694683 DTXSID20301864 DTXSID50632779 DTXSID50850557 DTXSID10166661 DTXSID60632568 DTXSID50610734 DTXSID20652828 DTXSID30642078 DTXSID10214297
DTXSID40390932	DTXSID00401210 DTXSID30296292 DTXSID10408856 DTXSID10563479 DTXSID50450930 DTXSID30750945 DTXSID8068202 DTXSID20406141 DTXSID40847597 DTXSID10727837 DTXSID60725101 DTXSID00839751 DTXSID50635285 DTXSID20593166 DTXSID70811428 DTXSID10398268 DTXSID20398810 DTXSID50395110 DTXSID30579375 DTXSID50421786
DTXSID30290033	DTXSID00738098 DTXSID10788827 DTXSID80678185 DTXSID70637802 DTXSID0035748 DTXSID60344396 DTXSID90845265 DTXSID70447286 DTXSID50455440 DTXSID00475971 DTXSID10175637 DTXSID90763758 DTXSID60326112 DTXSID60755463 DTXSID10739314 DTXSID50682239 DTXSID10433567 DTXSID20657292 DTXSID00408825 DTXSID10212011
DTXSID10748022	DTXSID3052220 DTXSID40781200 DTXSID50642439 DTXSID40589743 DTXSID90381395 DTXSID70421046 DTXSID90336082 DTXSID60526251 DTXSID30388045 DTXSID60441410 DTXSID50757613 DTXSID40286745 DTXSID10658556 DTXSID50764246 DTXSID40889316 DTXSID60743481 DTXSID10185514 DTXSID10568641 DTXSID70240254 DTXSID40398079
DTXSID80446200	DTXSID10184244 DTXSID60787986 DTXSID40844263 DTXSID60744135 DTXSID00370831 DTXSID50163578 DTXSID90456395 DTXSID70576984 DTXSID30344343 DTXSID00757406 DTXSID90451325 DTXSID90571577 DTXSID40549185 DTXSID40444409 DTXSID10172580 DTXSID80505523 DTXSID80638709 DTXSID60669233 DTXSID40341767 DTXSID40446483
DTXSID00524776	DTXSID20542199 DTXSID80506515 DTXSID30313695 DTXSID60675359 DTXSID10399659 DTXSID00488824 DTXSID20589302 DTXSID30515874 DTXSID10609765 DTXSID10474339 DTXSID70512266 DTXSID70401020 DTXSID30572083 DTXSID30857029 DTXSID50190364 DTXSID00406543 DTXSID90193915 DTXSID80733122 DTXSID30173276 DTXSID60668963
DTXSID70243846	DTXSID90450050 DTXSID10590482 DTXSID70671842 DTXSID60802643 DTXSID90457286 DTXSID90567016 DTXSID10348884 DTXSID70782861 DTXSID40556990 DTXSID40710035 DTXSID70721139 DTXSID90362422 DTXSID60705544 DTXSID40508934 DTXSID60496546 DTXSID40650068 DTXSID00729421 DTXSID50524963 DTXSID70220874 DTXSID10495286
DTXSID40551980	DTXSID90473582 DTXSID90509133 DTXSID10311119 DTXSID50354606 DTXSID70835068 DTXSID60363224 DTXSID30460633 DTXSID50278717 DTXSID10380522 DTXSID50682239 DTXSID80444347 DTXSID70606674 DTXSID10433567 DTXSID80229196 DTXSID80618687 DTXSID30651367 DTXSID00874349 DTXSID10463425 DTXSID70447286 DTXSID90845265
DTXSID80499195	DTXSID60624024 DTXSID40508237 DTXSID50188105 DTXSID30739831 DTXSID50372744 DTXSID70725576 DTXSID40777906 DTXSID10422234 DTXSID70616435 DTXSID60561703 DTXSID90676672 DTXSID80696900 DTXSID50351190 DTXSID60731106 DTXSID00346814 DTXSID90621804 DTXSID00482887 DTXSID80593006 DTXSID70857629 DTXSID50588202
DTXSID50683468	DTXSID20488386 DTXSID50399774 DTXSID50225620 DTXSID60532913 DTXSID00371020 DTXSID20168772 DTXSID70885523 DTXSID60618529 DTXSID00664580 DTXSID70781915 DTXSID20354471 DTXSID40222542 DTXSID90676834 DTXSID60808645 DTXSID30401122 DTXSID20879533 DTXSID60884207 DTXSID60351681 DTXSID70733712 DTXSID3062029
DTXSID80736431	DTXSID20488649 DTXSID20279130 DTXSID70599113 DTXSID30551237 DTXSID00748632 DTXSID90301679 DTXSID40640585 DTXSID80232569 DTXSID60842948 DTXSID60160179 DTXSID70827923 DTXSID00566070 DTXSID70303818 DTXSID80478263 DTXSID80879473 DTXSID30896094 DTXSID10762622 DTXSID50147792 DTXSID50538646 DTXSID00151203
DTXSID00802182	DTXSID10212011 DTXSID80637257 DTXSID80284826 DTXSID30819304 DTXSID80877338 DTXSID30568360 DTXSID00678208 DTXSID70477947 DTXSID00612400 DTXSID10661722 DTXSID30325278 DTXSID70759654 DTXSID20657292 DTXSID5070232 DTXSID50694498 DTXSID40682364 DTXSID90796884 DTXSID30651367 DTXSID20185808 DTXSID30594280
DTXSID40436167	DTXSID50283649 DTXSID40673171 DTXSID40152835 DTXSID70609605 DTXSID90753492 DTXSID20733565 DTXSID50853169 DTXSID30373673 DTXSID10842453 DTXSID60661651 DTXSID30357635 DTXSID40708639 DTXSID00697257 DTXSID90284478 DTXSID10389373 DTXSID70282316 DTXSID10377573 DTXSID60476747 DTXSID70237664 DTXSID60298688
DTXSID30733677	DTXSID60405779 DTXSID30588169 DTXSID70606538 DTXSID20781243 DTXSID50457540 DTXSID80543420 DTXSID60586219 DTXSID70756441 DTXSID40365761 DTXSID50847765 DTXSID10563075 DTXSID10754289 DTXSID20318497 DTXSID50799997 DTXSID90616912 DTXSID80876684 DTXSID00758317 DTXSID30666274 DTXSID60301085 DTXSID70409389
DTXSID00462285	DTXSID20321380 DTXSID70791175 DTXSID70674131 DTXSID40295857 DTXSID50607326 DTXSID50844436 DTXSID90182288 DTXSID60368299 DTXSID10371591 DTXSID50404332 DTXSID40533943 DTXSID90624976 DTXSID30537475 DTXSID70562589 DTXSID8036653 DTXSID60695476 DTXSID50656218 DTXSID30313034 DTXSID90578445 DTXSID60707341
DTXSID20163666	DTXSID30763535 DTXSID80773745 DTXSID40304615 DTXSID40828008 DTXSID30831682 DTXSID80708279 DTXSID00160890 DTXSID80768373 DTXSID10808413 DTXSID00301524 DTXSID30707813 DTXSID40220346 DTXSID80781800 DTXSID20211873 DTXSID10510241 DTXSID70570841 DTXSID00804166 DTXSID50341511 DTXSID2041202 DTXSID90390604
DTXSID40614266	DTXSID70324861 DTXSID20359360 DTXSID40531863 DTXSID90143531 DTXSID70808676 DTXSID40295377 DTXSID70349170 DTXSID10343531 DTXSID90310140 DTXSID60190097 DTXSID40891611 DTXSID90803582 DTXSID00568892 DTXSID10706283 DTXSID50738205 DTXSID60608662 DTXSID70197512 DTXSID60597325 DTXSID80406844 DTXSID30675508
DTXSID80206088	DTXSID80385786 DTXSID20707605 DTXSID50700765 DTXSID60564971 DTXSID10403003 DTXSID10792868 DTXSID80555467 DTXSID90182107 DTXSID80657339 DTXSID20467757 DTXSID90398908 DTXSID40530558 DTXSID90459821 DTXSID10784768 DTXSID40656964 DTXSID40161482 DTXSID70876815 DTXSID40828260 DTXSID9057979 DTXSID00386154
DTXSID80808541	DTXSID90645348 DTXSID50175277 DTXSID60150590 DTXSID80292582 DTXSID40700572 DTXSID80427291 DTXSID20680303 DTXSID70799373 DTXSID30640938 DTXSID90661225 DTXSID50453481 DTXSID60848061 DTXSID50732122 DTXSID10710547 DTXSID90275528 DTXSID10186102 DTXSID5022803 DTXSID40585508 DTXSID80661234 DTXSID80679218
DTXSID10489948	DTXSID20479512 DTXSID00323882 DTXSID40378694 DTXSID50187390 DTXSID40724415 DTXSID60402369 DTXSID00358154 DTXSID10345757 DTXSID70594865 DTXSID00553187 DTXSID60768295 DTXSID50457540 DTXSID30617640 DTXSID50363339 DTXSID70158284 DTXSID90667540 DTXSID80876684 DTXSID00663053 DTXSID90238799 DTXSID40365761
DTXSID10335956	DTXSID10698513 DTXSID60570299 DTXSID80530991 DTXSID70801288 DTXSID40386395 DTXSID30385655 DTXSID60768518 DTXSID70360269 DTXSID60651118 DTXSID90213687 DTXSID10842978 DTXSID80548536 DTXSID80786658 DTXSID10405885 DTXSID00827012 DTXSID30388904 DTXSID70282538 DTXSID50660638 DTXSID70832254 DTXSID00441171
DTXSID60787562	DTXSID90668794 DTXSID00774698 DTXSID30339597 DTXSID20697451 DTXSID70240254 DTXSID90177598 DTXSID30825243 DTXSID60812404 DTXSID50377476 DTXSID00439250 DTXSID00216947 DTXSID60283579 DTXSID80493638 DTXSID50726480 DTXSID00530115 DTXSID90842471 DTXSID90243843 DTXSID20370398 DTXSID30474452 DTXSID30541254
DTXSID20368295	DTXSID60536810 DTXSID00559149 DTXSID10483385 DTXSID50395110 DTXSID70449649 DTXSID00536894 DTXSID10495721 DTXSID40757309 DTXSID70504686 DTXSID70744909 DTXSID30750945 DTXSID60340974 DTXSID10179115 DTXSID10408856 DTXSID90461989 DTXSID70392484 DTXSID90698511 DTXSID00566171 DTXSID40191264 DTXSID30280974
DTXSID30819268	DTXSID70239188 DTXSID40770194 DTXSID60276426 DTXSID8027872 DTXSID20210280 DTXSID70805761 DTXSID40659197 DTXSID4063614 DTXSID10503471 DTXSID00841374 DTXSID50828135 DTXSID00892301 DTXSID00710076 DTXSID10826637 DTXSID8070128 DTXSID30714603 DTXSID00527666 DTXSID90883243 DTXSID10206612 DTXSID7070478
DTXSID00857591	DTXSID30371053 DTXSID10705852 DTXSID00214044 DTXSID60469614 DTXSID30401026 DTXSID70616314 DTXSID10646413 DTXSID90446155 DTXSID80563209 DTXSID70646297 DTXSID00646220 DTXSID90693208 DTXSID20634806 DTXSID50167293 DTXSID70733090 DTXSID80356057 DTXSID90406719 DTXSID10777190 DTXSID80627158 DTXSID90348968
DTXSID80395860	DTXSID20540610 DTXSID10541414 DTXSID80612887 DTXSID00474121 DTXSID70548989 DTXSID90402498 DTXSID50681040 DTXSID50760389 DTXSID80349621 DTXSID00854560 DTXSID10491980 DTXSID70846715 DTXSID7023194 DTXSID60495337 DTXSID60510635 DTXSID90205587 DTXSID20307184 DTXSID70668075 DTXSID00201055 DTXSID40415679
DTXSID80522134	DTXSID10696150 DTXSID30796606 DTXSID40797886 DTXSID20759705 DTXSID10349472 DTXSID70666273 DTXSID20647693 DTXSID60533889 DTXSID50195879 DTXSID50285360 DTXSID10797277 DTXSID10392968 DTXSID70181390 DTXSID50406932 DTXSID60533288 DTXSID80323562 DTXSID80814102 DTXSID40758917 DTXSID50520142 DTXSID40380277
DTXSID50734328	DTXSID90396969 DTXSID60646322 DTXSID10301237 DTXSID70743659 DTXSID40650583 DTXSID10609124 DTXSID40827091 DTXSID70810991 DTXSID20705520 DTXSID90670291 DTXSID10734940 DTXSID80646384 DTXSID20535420 DTXSID00468540 DTXSID50497865 DTXSID70314323 DTXSID40195106 DTXSID50212651 DTXSID70177935 DTXSID80580734
DTXSID30372484	DTXSID30198484 DTXSID90296834 DTXSID40795125 DTXSID10180923 DTXSID50496494 DTXSID20838140 DTXSID30288293 DTXSID70599118 DTXSID90483020 DTXSID60757260 DTXSID3057692 DTXSID00559528 DTXSID20671716 DTXSID50727174 DTXSID90408576 DTXSID90651202 DTXSID10713593 DTXSID80453838 DTXSID20486403 DTXSID60199601
DTXSID60369483	DTXSID50560644 DTXSID30876912 DTXSID20903968 DTXSID40278201 DTXSID90876933 DTXSID10806994 DTXSID50624417 DTXSID10180100 DTXSID10675349 DTXSID60831579 DTXSID40408768 DTXSID00412780 DTXSID00199488 DTXSID70367112 DTXSID70834470 DTXSID30238455 DTXSID70760740 DTXSID20370858 DTXSID40288729 DTXSID20656442
DTXSID80879731	DTXSID00429050 DTXSID40560350 DTXSID10444037 DTXSID30356764 DTXSID60608324 DTXSID70710927 DTXSID90611407 DTXSID20403610 DTXSID20519503 DTXSID20405275 DTXSID80479391 DTXSID80563507 DTXSID10749877 DTXSID20648620 DTXSID50285047 DTXSID10604336 DTXSID00502857 DTXSID10356469 DTXSID70516784 DTXSID50534365
DTXSID80406844	DTXSID60597325 DTXSID90634530 DTXSID70808676 DTXSID70197512 DTXSID40531863 DTXSID20359360 DTXSID20144415 DTXSID10343531 DTXSID50160981 DTXSID90553131 DTXSID00568892 DTXSID60277534 DTXSID70324861 DTXSID70425867 DTXSID40614266 DTXSID10706283 DTXSID30199370 DTXSID90570287 DTXSID00563342 DTXSID60190097
DTXSID2050035	DTXSID70761252 DTXSID90807484 DTXSID40286902 DTXSID60675950 DTXSID60418021 DTXSID10637361 DTXSID70373192 DTXSID10244236 DTXSID10609947 DTXSID70348188 DTXSID50828832 DTXSID80783627 DTXSID20803095 DTXSID20887799 DTXSID20173745 DTXSID10720146 DTXSID30158189 DTXSID80764310 DTXSID90339119 DTXSID40759080
DTXSID50496494	DTXSID20671716 DTXSID50727174 DTXSID70599118 DTXSID30372484 DTXSID10713593 DTXSID40795125 DTXSID80453838 DTXSID30198484 DTXSID10180923 DTXSID90296834 DTXSID60757260 DTXSID3057692 DTXSID90651202 DTXSID20298200 DTXSID40545728 DTXSID30288293 DTXSID90307398 DTXSID70195699 DTXSID80712533 DTXSID60675071
DTXSID90500923	DTXSID00667394 DTXSID2059275 DTXSID90520888 DTXSID60368274 DTXSID70826875 DTXSID60202720 DTXSID80424583 DTXSID80492267 DTXSID4052051 DTXSID30818211 DTXSID60511748 DTXSID70786945 DTXSID70349498 DTXSID50144802 DTXSID70518021 DTXSID30851865 DTXSID80340113 DTXSID10655964 DTXSID30800590 DTXSID90592080
DTXSID20352578	DTXSID00317504 DTXSID70212037 DTXSID60580712 DTXSID20170794 DTXSID60188272 DTXSID40532698 DTXSID40756958 DTXSID40392471 DTXSID30621282 DTXSID70757958 DTXSID40300233 DTXSID10275540 DTXSID50527333 DTXSID50421524 DTXSID50328600 DTXSID70502965 DTXSID00672827 DTXSID90468857 DTXSID00389746 DTXSID00186176
DTXSID50277341	DTXSID40875118 DTXSID60463218 DTXSID60189986 DTXSID30392389 DTXSID20189422 DTXSID30878370 DTXSID20733227 DTXSID60159780 DTXSID90322162 DTXSID40556793 DTXSID80323547 DTXSID40163623 DTXSID20722459 DTXSID70336909 DTXSID00575607 DTXSID90783517 DTXSID40467916 DTXSID70895425 DTXSID00307723 DTXSID00596397
DTXSID40286260	DTXSID50735557 DTXSID40694669 DTXSID40403172 DTXSID20307381 DTXSID10364125 DTXSID10177959 DTXSID40311824 DTXSID20562958 DTXSID60533187 DTXSID10406892 DTXSID80748231 DTXSID00343681 DTXSID30642472 DTXSID70566264 DTXSID90473522 DTXSID60144510 DTXSID60439599 DTXSID80742936 DTXSID00651975 DTXSID40291475
DTXSID00348353	DTXSID50519152 DTXSID30647583 DTXSID00881331 DTXSID30850393 DTXSID90436112 DTXSID80666249 DTXSID20764253 DTXSID40449914 DTXSID20880987 DTXSID60801696 DTXSID70329513 DTXSID2062747 DTXSID60465656 DTXSID20894140 DTXSID20302371 DTXSID70851288 DTXSID50838375 DTXSID60827432 DTXSID50836972 DTXSID40319789
DTXSID10655924	DTXSID80405872 DTXSID60307320 DTXSID90324363 DTXSID20616925 DTXSID7044764 DTXSID10829421 DTXSID00394330 DTXSID80342814 DTXSID60146276 DTXSID20848446 DTXSID70367112 DTXSID70651144 DTXSID90547999 DTXSID30652637 DTXSID40289458 DTXSID9025403 DTXSID30181371 DTXSID00651859 DTXSID90702268 DTXSID40191426
DTXSID80543061	DTXSID50188302 DTXSID40392951 DTXSID90145474 DTXSID00444344 DTXSID90556965 DTXSID30870975 DTXSID60428307 DTXSID70241625 DTXSID40682127 DTXSID30567075 DTXSID30332861 DTXSID40693334 DTXSID50709910 DTXSID20476162 DTXSID30805747 DTXSID50698456 DTXSID20342752 DTXSID40462249 DTXSID20212729 DTXSID60174711
DTXSID40828260	DTXSID9057979 DTXSID10792868 DTXSID00386154 DTXSID90804993 DTXSID70810274 DTXSID60564971 DTXSID50700765 DTXSID10756521 DTXSID80555467 DTXSID40530558 DTXSID2073720 DTXSID00430025 DTXSID30421648 DTXSID20144415 DTXSID90553131 DTXSID70197512 DTXSID90459821 DTXSID10403003 DTXSID20707605 DTXSID70297561
DTXSID40413276	DTXSID60704451 DTXSID50572782 DTXSID20627031 DTXSID60188550 DTXSID70240355 DTXSID60520198 DTXSID20148998 DTXSID40748373 DTXSID60523124 DTXSID20563228 DTXSID30793711 DTXSID10627489 DTXSID70791993 DTXSID40763243 DTXSID00300092 DTXSID50750765 DTXSID90220432 DTXSID30730989 DTXSID80700910 DTXSID40797200
DTXSID80385786	DTXSID80206088 DTXSID20467757 DTXSID80657339 DTXSID90182107 DTXSID40656964 DTXSID20707605 DTXSID80555467 DTXSID90459821 DTXSID50700765 DTXSID20696949 DTXSID10403003 DTXSID10792868 DTXSID20896169 DTXSID60564971 DTXSID10784768 DTXSID60725005 DTXSID30559278 DTXSID20226240 DTXSID10208878 DTXSID40161482
DTXSID30310427	DTXSID60736257 DTXSID00836164 DTXSID10651305 DTXSID1042281 DTXSID50164641 DTXSID30509975 DTXSID90360625 DTXSID60167603 DTXSID20377125 DTXSID80620381 DTXSID80468563 DTXSID60591924 DTXSID90734029 DTXSID30350186 DTXSID80358672 DTXSID50672276 DTXSID60813496 DTXSID80601317 DTXSID70630050 DTXSID00308639
DTXSID30624172	DTXSID60482060 DTXSID80595505 DTXSID50518867 DTXSID90462032 DTXSID70768463 DTXSID80633077 DTXSID90390240 DTXSID20599643 DTXSID90379515 DTXSID60503446 DTXSID00531006 DTXSID40348579 DTXSID20509580 DTXSID00355800 DTXSID70652898 DTXSID90557811 DTXSID00727482 DTXSID10561314 DTXSID80462369 DTXSID10539896
DTXSID00484361	DTXSID50616039 DTXSID60707962 DTXSID10790682 DTXSID80760438 DTXSID00521083 DTXSID70394983 DTXSID20401419 DTXSID40608761 DTXSID90388102 DTXSID50679149 DTXSID70787851 DTXSID90646759 DTXSID60574717 DTXSID10297702 DTXSID50361274 DTXSID70826658 DTXSID70381358 DTXSID90466833 DTXSID90814719 DTXSID50505434
DTXSID30573292	DTXSID70516729 DTXSID40183664 DTXSID20513824 DTXSID00531485 DTXSID20552238 DTXSID10765572 DTXSID70668499 DTXSID3059505 DTXSID60649136 DTXSID80613339 DTXSID60229255 DTXSID50287864 DTXSID20408963 DTXSID70446895 DTXSID10604513 DTXSID10206172 DTXSID80855555 DTXSID90167257 DTXSID20455750 DTXSID70598444
DTXSID00338633	DTXSID10560226 DTXSID00405955 DTXSID60399760 DTXSID90850096 DTXSID80275936 DTXSID10410373 DTXSID80156756 DTXSID50736206 DTXSID50505318 DTXSID50286514 DTXSID00405935 DTXSID10809501 DTXSID60738998 DTXSID60754572 DTXSID10463021 DTXSID80175861 DTXSID50465827 DTXSID00341667 DTXSID40701589 DTXSID10465025
DTXSID90663507	DTXSID40173409 DTXSID40773322 DTXSID6048096 DTXSID70682094 DTXSID00534895 DTXSID40844809 DTXSID70700803 DTXSID00423917 DTXSID00694584 DTXSID70852235 DTXSID80615070 DTXSID60428125 DTXSID10724700 DTXSID10160907 DTXSID90824994 DTXSID00635194 DTXSID10585474 DTXSID50497966 DTXSID20618883 DTXSID20342752
DTXSID10711913	DTXSID00709662 DTXSID60799327 DTXSID20612189 DTXSID90238173 DTXSID50602699 DTXSID90343418 DTXSID00801599 DTXSID70411184 DTXSID20159226 DTXSID40786952 DTXSID90316763 DTXSID50660936 DTXSID60648740 DTXSID40174976 DTXSID00556951 DTXSID40340250 DTXSID80456122 DTXSID40401158 DTXSID40681493 DTXSID70579652
DTXSID10371692	DTXSID20144394 DTXSID30756543 DTXSID90479640 DTXSID80598596 DTXSID20595206 DTXSID00661216 DTXSID50433142 DTXSID40147746 DTXSID40876847 DTXSID40657274 DTXSID10547299 DTXSID40296925 DTXSID50804050 DTXSID00650544 DTXSID80756058 DTXSID30541491 DTXSID10282456 DTXSID30553130 DTXSID10325094 DTXSID00592430
DTXSID60214121	DTXSID00769266 DTXSID90518543 DTXSID50178708 DTXSID60308751 DTXSID10675228 DTXSID30566720 DTXSID30558488 DTXSID70693504 DTXSID10561975 DTXSID40466085 DTXSID20876047 DTXSID70741615 DTXSID50652836 DTXSID60542052 DTXSID90733638 DTXSID30409264 DTXSID40382933 DTXSID30507638 DTXSID00318455 DTXSID80181841
DTXSID90178803	DTXSID20627854 DTXSID00409377 DTXSID50515578 DTXSID10734940 DTXSID00646205 DTXSID00495710 DTXSID90670291 DTXSID80646384 DTXSID60646307 DTXSID90434592 DTXSID70743659 DTXSID30236037 DTXSID10609124 DTXSID60646322 DTXSID10646377 DTXSID60547421 DTXSID40650583 DTXSID50646593 DTXSID00590153 DTXSID50734328
DTXSID70459804	DTXSID90846131 DTXSID60299079 DTXSID30667342 DTXSID40630966 DTXSID70419145 DTXSID30535875 DTXSID00628521 DTXSID30473526 DTXSID20294181 DTXSID30739694 DTXSID10221724 DTXSID00789368 DTXSID70886212 DTXSID40797841 DTXSID70506807 DTXSID70189210 DTXSID10803544 DTXSID20306273 DTXSID80431853 DTXSID30377479
DTXSID80610828	DTXSID10503451 DTXSID30844257 DTXSID40547121 DTXSID50326560 DTXSID30707191 DTXSID00642424 DTXSID20587863 DTXSID90280854 DTXSID70333716 DTXSID40358330 DTXSID70720440 DTXSID30823264 DTXSID30169250 DTXSID50621542 DTXSID90178843 DTXSID10310607 DTXSID70790249 DTXSID90280672 DTXSID70737336 DTXSID80800126
DTXSID70287543	DTXSID10732825 DTXSID40694588 DTXSID50306463 DTXSID50315419 DTXSID80190337 DTXSID80729868 DTXSID50412755 DTXSID10471025 DTXSID50437069 DTXSID70185176 DTXSID20770410 DTXSID20406545 DTXSID70805822 DTXSID80620088 DTXSID80321321 DTXSID70820898 DTXSID30636396 DTXSID40674183 DTXSID80279131 DTXSID10181551
DTXSID30873623	DTXSID10306424 DTXSID90626591 DTXSID70736602 DTXSID50768183 DTXSID70496658 DTXSID80513800 DTXSID80284760 DTXSID60612825 DTXSID50488016 DTXSID20532696 DTXSID60184956 DTXSID40581646 DTXSID20823753 DTXSID90519676 DTXSID10729917 DTXSID20847232 DTXSID40577988 DTXSID80682262 DTXSID60873611 DTXSID50280395
DTXSID70724089	DTXSID80354876 DTXSID00747382 DTXSID20646803 DTXSID00631737 DTXSID60470523 DTXSID80601317 DTXSID70147895 DTXSID50818359 DTXSID90360625 DTXSID20295517 DTXSID10430157 DTXSID80620381 DTXSID10503052 DTXSID20377125 DTXSID20641257 DTXSID60591944 DTXSID9064007 DTXSID70165236 DTXSID00461238 DTXSID40297775
DTXSID80351683	DTXSID10307991 DTXSID70788823 DTXSID20431074 DTXSID40831017 DTXSID60716933 DTXSID90174022 DTXSID80589267 DTXSID10661166 DTXSID00622867 DTXSID90706165 DTXSID90198723 DTXSID50629068 DTXSID10506922 DTXSID90315231 DTXSID80615318 DTXSID40429296 DTXSID10602690 DTXSID80896049 DTXSID20857311 DTXSID10697122
DTXSID50766705	DTXSID80840345 DTXSID50817701 DTXSID10317277 DTXSID60236282 DTXSID30778609 DTXSID70720485 DTXSID70557152 DTXSID70711257 DTXSID90711173 DTXSID8051706 DTXSID90280773 DTXSID00339069 DTXSID40532355 DTXSID50820432 DTXSID20604342 DTXSID90469309 DTXSID60884823 DTXSID40815736 DTXSID00786099 DTXSID60715789
DTXSID70628795	DTXSID70725612 DTXSID00346298 DTXSID00352617 DTXSID60196094 DTXSID10839444 DTXSID50321954 DTXSID00291855 DTXSID80369526 DTXSID80196773 DTXSID10384429 DTXSID40308254 DTXSID20193125 DTXSID70668959 DTXSID20739784 DTXSID10787436 DTXSID50716063 DTXSID20745421 DTXSID10767591 DTXSID20408685 DTXSID90791359
DTXSID50464178	DTXSID20676867 DTXSID60612426 DTXSID6020012 DTXSID40462946 DTXSID70781915 DTXSID00664580 DTXSID40222542 DTXSID20514770 DTXSID60618529 DTXSID40195121 DTXSID20168772 DTXSID80639958 DTXSID80354275 DTXSID9072652 DTXSID60351681 DTXSID10565317 DTXSID30343058 DTXSID00508773 DTXSID30401122 DTXSID50452131
DTXSID90303673	DTXSID80217295 DTXSID40489830 DTXSID0068026 DTXSID70303954 DTXSID40484941 DTXSID5074472 DTXSID70764248 DTXSID20567448 DTXSID40739943 DTXSID70764187 DTXSID40581924 DTXSID20565303 DTXSID80305929 DTXSID20285832 DTXSID30239664 DTXSID40763243 DTXSID70592886 DTXSID10851661 DTXSID40855490 DTXSID00834569
DTXSID7067089	DTXSID80446866 DTXSID40288087 DTXSID10368683 DTXSID60395601 DTXSID00818920 DTXSID40367063 DTXSID80815270 DTXSID80563921 DTXSID80351906 DTXSID40326877 DTXSID00446909 DTXSID30831086 DTXSID90571976 DTXSID70485608 DTXSID10886357 DTXSID70651568 DTXSID10399275 DTXSID80585729 DTXSID60557242 DTXSID40490704
DTXSID60624024	DTXSID80499195 DTXSID40508237 DTXSID50188105 DTXSID30739831 DTXSID40777906 DTXSID10422234 DTXSID70725576 DTXSID60561703 DTXSID70616435 DTXSID50372744 DTXSID50351190 DTXSID60731106 DTXSID00482887 DTXSID00346814 DTXSID90676672 DTXSID80696900 DTXSID50588202 DTXSID90621804 DTXSID70857629 DTXSID90392163
DTXSID80611193	DTXSID60718134 DTXSID40828184 DTXSID60855957 DTXSID20306137 DTXSID00829036 DTXSID80436641 DTXSID70367879 DTXSID60787224 DTXSID60497038 DTXSID10188005 DTXSID80652167 DTXSID70453488 DTXSID50181954 DTXSID50568807 DTXSID00406482 DTXSID30510687 DTXSID50368642 DTXSID90284453 DTXSID30175174 DTXSID10737693
DTXSID00182673	DTXSID50474550 DTXSID20752594 DTXSID9065364 DTXSID90388561 DTXSID70424719 DTXSID70783414 DTXSID80531529 DTXSID70404955 DTXSID40285339 DTXSID40460886 DTXSID30651201 DTXSID00603050 DTXSID70402698 DTXSID20645871 DTXSID60829451 DTXSID70647688 DTXSID50524701 DTXSID50712227 DTXSID60712218 DTXSID00282965
DTXSID50850153	DTXSID10811083 DTXSID20798912 DTXSID00750356 DTXSID00225190 DTXSID40510597 DTXSID00597642 DTXSID80830084 DTXSID40431657 DTXSID00719322 DTXSID50853381 DTXSID10838553 DTXSID90485226 DTXSID70457305 DTXSID90509214 DTXSID70356581 DTXSID30886990 DTXSID90675241 DTXSID00844946 DTXSID20159342 DTXSID90334149
DTXSID90826973	DTXSID60501967 DTXSID00402808 DTXSID10338028 DTXSID40767246 DTXSID10579631 DTXSID80766713 DTXSID30519534 DTXSID40604041 DTXSID60818128 DTXSID20793129 DTXSID50718906 DTXSID40338031 DTXSID70596485 DTXSID70880614 DTXSID40718915 DTXSID90423986 DTXSID60615952 DTXSID50771354 DTXSID70477361 DTXSID20818129
DTXSID50354060	DTXSID70850630 DTXSID50636555 DTXSID00151728 DTXSID30686896 DTXSID90510345 DTXSID70361650 DTXSID60587786 DTXSID20500895 DTXSID60588132 DTXSID50398949 DTXSID20235433 DTXSID50662930 DTXSID30605128 DTXSID80696364 DTXSID20431438 DTXSID10743592 DTXSID20191247 DTXSID20789128 DTXSID90702203 DTXSID30563335
DTXSID4060739	DTXSID60365925 DTXSID50697161 DTXSID60443631 DTXSID80391327 DTXSID00350315 DTXSID90614711 DTXSID90640813 DTXSID60625354 DTXSID60157009 DTXSID40794991 DTXSID90626950 DTXSID90374045 DTXSID70657121 DTXSID50230830 DTXSID40319825 DTXSID60668963 DTXSID50310747 DTXSID00472844 DTXSID80733122 DTXSID20624303
DTXSID50816810	DTXSID70470251 DTXSID00480989 DTXSID70445343 DTXSID00399320 DTXSID20539948 DTXSID40365145 DTXSID90811162 DTXSID30242911 DTXSID30428374 DTXSID00368516 DTXSID20578554 DTXSID70558563 DTXSID30190943 DTXSID10712182 DTXSID10537195 DTXSID30562621 DTXSID70358808 DTXSID60546777 DTXSID20721068 DTXSID90736028
DTXSID80661173	DTXSID80358899 DTXSID30393856 DTXSID60441157 DTXSID90753477 DTXSID00166478 DTXSID70165837 DTXSID60183868 DTXSID40697453 DTXSID50678379 DTXSID50879349 DTXSID20295274 DTXSID60497452 DTXSID00528951 DTXSID70876234 DTXSID90396409 DTXSID70326108 DTXSID80685814 DTXSID00663573 DTXSID00511085 DTXSID40573142
DTXSID90624976	DTXSID60368299 DTXSID50404332 DTXSID30313034 DTXSID50607326 DTXSID60695476 DTXSID90182288 DTXSID60209350 DTXSID70366049 DTXSID20450149 DTXSID30818574 DTXSID70835922 DTXSID50743096 DTXSID00462285 DTXSID50604471 DTXSID30632272 DTXSID10380608 DTXSID20321380 DTXSID90578445 DTXSID00697813 DTXSID80577280
DTXSID00754490	DTXSID40228701 DTXSID20676943 DTXSID50555378 DTXSID60458866 DTXSID40847052 DTXSID90524068 DTXSID4034817 DTXSID50733073 DTXSID10757811 DTXSID20502450 DTXSID2026602 DTXSID40209676 DTXSID7066643 DTXSID90189358 DTXSID40337105 DTXSID70433583 DTXSID6047862 DTXSID20612381 DTXSID10772928 DTXSID70876951
DTXSID40397845	DTXSID50377476 DTXSID90177598 DTXSID90714886 DTXSID10877629 DTXSID60283579 DTXSID70670234 DTXSID50722124 DTXSID30474452 DTXSID30638436 DTXSID40211794 DTXSID90797093 DTXSID40190999 DTXSID90668794 DTXSID2068424 DTXSID80760271 DTXSID60812404 DTXSID20370398 DTXSID00198037 DTXSID30825243 DTXSID30704064
DTXSID30571612	DTXSID40671632 DTXSID80239336 DTXSID00755265 DTXSID40325042 DTXSID40841656 DTXSID10481523 DTXSID20630368 DTXSID50506067 DTXSID40228625 DTXSID00373504 DTXSID90877561 DTXSID90707511 DTXSID70487026 DTXSID60335284 DTXSID30466877 DTXSID10239804 DTXSID10707634 DTXSID60314594 DTXSID40289458 DTXSID10588026
DTXSID10855821	DTXSID60670046 DTXSID20545261 DTXSID30218136 DTXSID10483789 DTXSID80665419 DTXSID70597831 DTXSID60552611 DTXSID70372524 DTXSID50323554 DTXSID90308284 DTXSID00744412 DTXSID40764472 DTXSID70398168 DTXSID60204269 DTXSID10632250 DTXSID00831917 DTXSID10394942 DTXSID50543058 DTXSID60735008 DTXSID90564686
DTXSID20732210	DTXSID1036886 DTXSID70437465 DTXSID80589808 DTXSID30343396 DTXSID00837035 DTXSID20740779 DTXSID50450374 DTXSID20146696 DTXSID50436633 DTXSID70403246 DTXSID10313815 DTXSID10403725 DTXSID50370902 DTXSID00705785 DTXSID00278323 DTXSID60514936 DTXSID40847597 DTXSID8068202 DTXSID60222746 DTXSID40180330
DTXSID90443907	DTXSID90780526 DTXSID70592886 DTXSID80601635 DTXSID20806607 DTXSID0046513 DTXSID80331586 DTXSID60478428 DTXSID60794897 DTXSID90539798 DTXSID30772566 DTXSID40194710 DTXSID50552443 DTXSID80275835 DTXSID30239664 DTXSID10757336 DTXSID70399014 DTXSID50757335 DTXSID40601636 DTXSID40581924 DTXSID1070856
DTXSID10708141	DTXSID10352183 DTXSID30618773 DTXSID70876097 DTXSID00503940 DTXSID20776795 DTXSID30855843 DTXSID40552573 DTXSID80661557 DTXSID80657213 DTXSID70219349 DTXSID50381154 DTXSID80180798 DTXSID50178662 DTXSID40430408 DTXSID70737457 DTXSID50623586 DTXSID10630059 DTXSID50420133 DTXSID10743870 DTXSID90200198
DTXSID90791516	DTXSID50415004 DTXSID90150427 DTXSID70427821 DTXSID90504401 DTXSID00628521 DTXSID80431853 DTXSID90532289 DTXSID60299079 DTXSID30739694 DTXSID60836802 DTXSID40797841 DTXSID70189210 DTXSID30650077 DTXSID80675154 DTXSID80726913 DTXSID00505101 DTXSID80195726 DTXSID30473526 DTXSID70459804 DTXSID30785550
DTXSID80209251	DTXSID20673533 DTXSID70567352 DTXSID10221340 DTXSID30398023 DTXSID30634539 DTXSID90734084 DTXSID20365502 DTXSID40756655 DTXSID70201941 DTXSID40595309 DTXSID10502308 DTXSID20346755 DTXSID00483778 DTXSID90231780 DTXSID50580983 DTXSID90171839 DTXSID10633489 DTXSID40481576 DTXSID60437131 DTXSID80892809
DTXSID70857447	DTXSID00178112 DTXSID00614904 DTXSID00811431 DTXSID90628893 DTXSID40358815 DTXSID10438850 DTXSID40279773 DTXSID80215670 DTXSID00606703 DTXSID40559067 DTXSID20372756 DTXSID30642235 DTXSID40456163 DTXSID80857236 DTXSID60618928 DTXSID00302495 DTXSID60454621 DTXSID80704312 DTXSID10361215 DTXSID00473518
DTXSID8060610	DTXSID30223629 DTXSID00299730 DTXSID00681999 DTXSID10675647 DTXSID20384834 DTXSID90840538 DTXSID20406202 DTXSID10810950 DTXSID50722604 DTXSID10177550 DTXSID00646760 DTXSID50366168 DTXSID90695323 DTXSID60470846 DTXSID30838752 DTXSID00364013 DTXSID80656180 DTXSID00165183 DTXSID80424684 DTXSID20325065
DTXSID40609798	DTXSID90208699 DTXSID80765302 DTXSID30377479 DTXSID50879602 DTXSID40696128 DTXSID00618003 DTXSID10653829 DTXSID60681556 DTXSID30713434 DTXSID70428934 DTXSID20294181 DTXSID90422898 DTXSID30225724 DTXSID80441730 DTXSID10803544 DTXSID80536276 DTXSID00449339 DTXSID70506807 DTXSID70652636 DTXSID30599199
DTXSID10341658	DTXSID00281615 DTXSID20288045 DTXSID60526094 DTXSID90462451 DTXSID00873296 DTXSID50791274 DTXSID00732571 DTXSID30538700 DTXSID00778656 DTXSID30809604 DTXSID60468920 DTXSID80612544 DTXSID40279031 DTXSID60812121 DTXSID10721299 DTXSID80407816 DTXSID70159913 DTXSID30435361 DTXSID50632714 DTXSID20459617
DTXSID90519676	DTXSID90873624 DTXSID30400877 DTXSID80304871 DTXSID30277844 DTXSID80513800 DTXSID80284760 DTXSID10468758 DTXSID3070040 DTXSID40741864 DTXSID70496658 DTXSID00419451 DTXSID70736602 DTXSID00486769 DTXSID20505981 DTXSID10306424 DTXSID90626591 DTXSID00656142 DTXSID00509528 DTXSID10548160 DTXSID30287024
DTXSID30667468	DTXSID90187238 DTXSID60885855 DTXSID20275814 DTXSID20496845 DTXSID00656147 DTXSID00587664 DTXSID60577829 DTXSID70589756 DTXSID00373802 DTXSID80772798 DTXSID80760019 DTXSID40845735 DTXSID90549170 DTXSID60193361 DTXSID10733776 DTXSID60473099 DTXSID70739012 DTXSID40433398 DTXSID90294173 DTXSID10511354
DTXSID80668581	DTXSID40404068 DTXSID50558329 DTXSID30649502 DTXSID10711857 DTXSID70283005 DTXSID00485176 DTXSID90748989 DTXSID40856184 DTXSID40483116 DTXSID00182971 DTXSID60769580 DTXSID40857297 DTXSID50191730 DTXSID70364525 DTXSID50660774 DTXSID50807309 DTXSID50151738 DTXSID10837763 DTXSID80238203 DTXSID20593989
DTXSID90463827	DTXSID30346908 DTXSID20159786 DTXSID0042298 DTXSID90743631 DTXSID90833162 DTXSID30437547 DTXSID40760095 DTXSID70621488 DTXSID30294495 DTXSID10294857 DTXSID10516763 DTXSID20312091 DTXSID20299055 DTXSID40440103 DTXSID00719160 DTXSID80484561 DTXSID80453999 DTXSID70673129 DTXSID10191478 DTXSID70283000
DTXSID20733065	DTXSID40455419 DTXSID20680227 DTXSID00560770 DTXSID60277670 DTXSID80179102 DTXSID60169208 DTXSID90749330 DTXSID5061245 DTXSID50632214 DTXSID10501058 DTXSID10297585 DTXSID40472146 DTXSID60654826 DTXSID80169503 DTXSID10778389 DTXSID70709538 DTXSID60834747 DTXSID70179095 DTXSID5072486 DTXSID90365271
DTXSID50747579	DTXSID10426095 DTXSID20394317 DTXSID10672873 DTXSID40385722 DTXSID40592792 DTXSID20445797 DTXSID40724874 DTXSID70580369 DTXSID50590547 DTXSID3066267 DTXSID80288283 DTXSID40854049 DTXSID30293963 DTXSID90675064 DTXSID00344971 DTXSID20284800 DTXSID60364099 DTXSID70648998 DTXSID70532141 DTXSID40751468
DTXSID60478428	DTXSID0046513 DTXSID80331586 DTXSID80275835 DTXSID80601635 DTXSID20806607 DTXSID40194710 DTXSID50552443 DTXSID90443907 DTXSID30772566 DTXSID70399014 DTXSID40601636 DTXSID20837451 DTXSID90780526 DTXSID80437850 DTXSID1040247 DTXSID1070856 DTXSID80766536 DTXSID70592886 DTXSID60794897 DTXSID90539798
DTXSID30323890	DTXSID40465871 DTXSID50404433 DTXSID50315232 DTXSID80278381 DTXSID80456122 DTXSID10455688 DTXSID70526828 DTXSID20578493 DTXSID40791602 DTXSID30504920 DTXSID30806976 DTXSID90224076 DTXSID50379475 DTXSID30525099 DTXSID40401158 DTXSID40174976 DTXSID40319603 DTXSID60172090 DTXSID50527373 DTXSID60599086
DTXSID20735089	DTXSID80508716 DTXSID90736407 DTXSID10646377 DTXSID00515588 DTXSID80753502 DTXSID50646593 DTXSID00495710 DTXSID30236037 DTXSID00590153 DTXSID00646205 DTXSID90178803 DTXSID20627854 DTXSID00409377 DTXSID50515578 DTXSID10734940 DTXSID70442433 DTXSID30646758 DTXSID90434592 DTXSID50743874 DTXSID50212651
DTXSID80485139	DTXSID00448923 DTXSID20339268 DTXSID60876905 DTXSID5059296 DTXSID70551236 DTXSID00338097 DTXSID20464706 DTXSID40667575 DTXSID90825244 DTXSID40694346 DTXSID30628054 DTXSID20492625 DTXSID50221364 DTXSID90640535 DTXSID80468881 DTXSID90738966 DTXSID30402356 DTXSID50561439 DTXSID70733212 DTXSID20728537
DTXSID40459811	DTXSID10396481 DTXSID50332560 DTXSID50653949 DTXSID5051602 DTXSID90481965 DTXSID60455951 DTXSID80597261 DTXSID60824108 DTXSID60175440 DTXSID40879479 DTXSID60587524 DTXSID70530864 DTXSID10786207 DTXSID70832754 DTXSID00374011 DTXSID20417717 DTXSID40388076 DTXSID30742365 DTXSID50849249 DTXSID20695831
DTXSID20345824	DTXSID60575966 DTXSID60472608 DTXSID00375361 DTXSID10619203 DTXSID00739348 DTXSID90330949 DTXSID40504658 DTXSID50557377 DTXSID30408732 DTXSID10399351 DTXSID20573165 DTXSID80169381 DTXSID70879341 DTXSID6061604 DTXSID70731571 DTXSID70566047 DTXSID90497142 DTXSID20694627 DTXSID80564074 DTXSID0025442
DTXSID20308030	DTXSID70538027 DTXSID90562627 DTXSID90801907 DTXSID80590055 DTXSID60797262 DTXSID50749917 DTXSID60337187 DTXSID40186832 DTXSID70642537 DTXSID00620020 DTXSID60614763 DTXSID40507301 DTXSID40341904 DTXSID70696934 DTXSID00465357 DTXSID10360203 DTXSID20184699 DTXSID40477959 DTXSID30303990 DTXSID90864779
DTXSID70364525	DTXSID60206622 DTXSID10711857 DTXSID50191730 DTXSID50558329 DTXSID70283005 DTXSID70332567 DTXSID90748989 DTXSID70876658 DTXSID80238203 DTXSID40404068 DTXSID00404887 DTXSID80668581 DTXSID00374031 DTXSID50807309 DTXSID60769580 DTXSID20593989 DTXSID30649502 DTXSID40697039 DTXSID40857297 DTXSID90799638
DTXSID90612898	DTXSID00315606 DTXSID70383473 DTXSID90544741 DTXSID40303103 DTXSID20797081 DTXSID90431228 DTXSID70607868 DTXSID80876982 DTXSID50343737 DTXSID20475751 DTXSID80381783 DTXSID60476803 DTXSID20379503 DTXSID50694418 DTXSID60708712 DTXSID30804533 DTXSID30184524 DTXSID40876983 DTXSID00184258 DTXSID80848381
DTXSID00842563	DTXSID90352303 DTXSID70356086 DTXSID50790207 DTXSID60460080 DTXSID70281066 DTXSID80456228 DTXSID90883667 DTXSID00603530 DTXSID80278947 DTXSID80584818 DTXSID10645683 DTXSID40610364 DTXSID20403978 DTXSID60278066 DTXSID40374510 DTXSID90799633 DTXSID40392234 DTXSID00642146 DTXSID30612519 DTXSID50368960
DTXSID20707923	DTXSID00323564 DTXSID80704312 DTXSID3044592 DTXSID20785226 DTXSID50879743 DTXSID9058155 DTXSID10463324 DTXSID40279773 DTXSID30290316 DTXSID6040371 DTXSID10845207 DTXSID20636340 DTXSID80857236 DTXSID30367673 DTXSID60508234 DTXSID60603455 DTXSID50375432 DTXSID40803118 DTXSID10599536 DTXSID30405488
DTXSID50505318	DTXSID50736206 DTXSID00405935 DTXSID10649722 DTXSID10560226 DTXSID30671323 DTXSID80275936 DTXSID70284653 DTXSID00338633 DTXSID00405955 DTXSID70612013 DTXSID20403498 DTXSID60340393 DTXSID50465827 DTXSID60497336 DTXSID40481814 DTXSID50640319 DTXSID10502681 DTXSID10463021 DTXSID50286514 DTXSID60399760
DTXSID30462596	DTXSID20483593 DTXSID80670922 DTXSID80407659 DTXSID30605128 DTXSID50778944 DTXSID10364029 DTXSID00186358 DTXSID60503325 DTXSID70513637 DTXSID40371741 DTXSID30162665 DTXSID60588132 DTXSID50636555 DTXSID30563335 DTXSID00151728 DTXSID00766437 DTXSID40354256 DTXSID90592505 DTXSID80496402 DTXSID00407818
DTXSID80733804	DTXSID20361488 DTXSID20192491 DTXSID10278874 DTXSID10454010 DTXSID30855949 DTXSID00625858 DTXSID00720635 DTXSID10672237 DTXSID60296149 DTXSID30490596 DTXSID80170356 DTXSID10340242 DTXSID90333915 DTXSID30543016 DTXSID30218010 DTXSID20437475 DTXSID30187171 DTXSID80686346 DTXSID00513983 DTXSID30789876
DTXSID70857629	DTXSID30444372 DTXSID60640668 DTXSID90497142 DTXSID20573165 DTXSID90621804 DTXSID80169381 DTXSID50625161 DTXSID10618170 DTXSID70566047 DTXSID50588202 DTXSID10619203 DTXSID00346814 DTXSID00375361 DTXSID90330949 DTXSID70731571 DTXSID00653257 DTXSID00739348 DTXSID10399351 DTXSID00482887 DTXSID50627165
DTXSID20646308	DTXSID60695037 DTXSID80293478 DTXSID90613289 DTXSID20580753 DTXSID70489803 DTXSID10536082 DTXSID80626883 DTXSID60671114 DTXSID60592557 DTXSID40407716 DTXSID00622620 DTXSID50170020 DTXSID90331274 DTXSID90419162 DTXSID90625943 DTXSID80482123 DTXSID20432561 DTXSID40350132 DTXSID80573368 DTXSID30799096
DTXSID40525565	DTXSID20167427 DTXSID90398180 DTXSID90284832 DTXSID8068171 DTXSID10506745 DTXSID70836510 DTXSID50783876 DTXSID90321852 DTXSID90733890 DTXSID80598470 DTXSID10378500 DTXSID50210773 DTXSID00307829 DTXSID80472403 DTXSID50813501 DTXSID70305776 DTXSID20670305 DTXSID30424634 DTXSID30521910 DTXSID60893915
DTXSID7047015	DTXSID30796267 DTXSID30455463 DTXSID50175434 DTXSID60646549 DTXSID00725246 DTXSID30648393 DTXSID60732693 DTXSID80303546 DTXSID70283348 DTXSID70842212 DTXSID60449335 DTXSID7020211 DTXSID40577145 DTXSID20587585 DTXSID80784316 DTXSID20808909 DTXSID5037602 DTXSID50369598 DTXSID30755233 DTXSID10717975
DTXSID30144305	DTXSID40308693 DTXSID80367921 DTXSID20327009 DTXSID60221411 DTXSID40773983 DTXSID10712889 DTXSID50218416 DTXSID80631275 DTXSID20798412 DTXSID20301783 DTXSID50662359 DTXSID80442686 DTXSID90445805 DTXSID40194558 DTXSID80324357 DTXSID80369627 DTXSID20151705 DTXSID80237675 DTXSID50153176 DTXSID80558271
DTXSID30282615	DTXSID50469906 DTXSID70179717 DTXSID20425296 DTXSID80452503 DTXSID10499269 DTXSID70600798 DTXSID70323197 DTXSID60487459 DTXSID10163594 DTXSID20604640 DTXSID20703682 DTXSID40460846 DTXSID30168268 DTXSID80486404 DTXSID9022100 DTXSID00663275 DTXSID20618585 DTXSID20563844 DTXSID50719099 DTXSID10335214
DTXSID00646467	DTXSID20857497 DTXSID10477784 DTXSID20579162 DTXSID70455785 DTXSID10470013 DTXSID00501648 DTXSID80211218 DTXSID70415420 DTXSID60663554 DTXSID10371632 DTXSID10857249 DTXSID40499454 DTXSID20457279 DTXSID60312318 DTXSID40758639 DTXSID70722227 DTXSID40332695 DTXSID10436811 DTXSID50515836 DTXSID50634238
DTXSID10565317	DTXSID50342189 DTXSID30479725 DTXSID90724384 DTXSID00825816 DTXSID20514770 DTXSID70781915 DTXSID00508773 DTXSID00664580 DTXSID80896180 DTXSID60618529 DTXSID90676834 DTXSID9072652 DTXSID20676867 DTXSID60351681 DTXSID40462946 DTXSID50464178 DTXSID50683468 DTXSID30606231 DTXSID10311533 DTXSID20488386
DTXSID80487471	DTXSID00506916 DTXSID30726064 DTXSID70677208 DTXSID70325535 DTXSID80728891 DTXSID10582342 DTXSID90574381 DTXSID60377023 DTXSID00695157 DTXSID90278690 DTXSID40808289 DTXSID20534998 DTXSID70471389 DTXSID80294445 DTXSID00281054 DTXSID60307108 DTXSID40492662 DTXSID00769246 DTXSID40444308 DTXSID20429017
DTXSID10435480	DTXSID30631669 DTXSID40721964 DTXSID80819470 DTXSID60240667 DTXSID80205258 DTXSID80534131 DTXSID20835432 DTXSID70631668 DTXSID00452641 DTXSID70749156 DTXSID10574121 DTXSID60667653 DTXSID30546628 DTXSID60341603 DTXSID70554621 DTXSID10309314 DTXSID10657206 DTXSID50451407 DTXSID00698901 DTXSID50491904
DTXSID90513997	DTXSID10143558 DTXSID20700217 DTXSID00597940 DTXSID80655491 DTXSID70803782 DTXSID2068137 DTXSID60875736 DTXSID60542496 DTXSID80725643 DTXSID30291308 DTXSID10875923 DTXSID20173629 DTXSID30379473 DTXSID00896208 DTXSID10896335 DTXSID60768134 DTXSID50509992 DTXSID70314449 DTXSID10310521 DTXSID50174189
DTXSID80456122	DTXSID90224076 DTXSID40401158 DTXSID20612189 DTXSID60648740 DTXSID40791602 DTXSID40465871 DTXSID20578493 DTXSID30323890 DTXSID40174976 DTXSID10455688 DTXSID00801599 DTXSID40340250 DTXSID40786952 DTXSID40319603 DTXSID60172090 DTXSID90238173 DTXSID00576694 DTXSID90343418 DTXSID80278381 DTXSID20852583
DTXSID4052005	DTXSID1062546 DTXSID2063765 DTXSID90209025 DTXSID80770815 DTXSID60173926 DTXSID70587777 DTXSID2027967 DTXSID60696701 DTXSID70622612 DTXSID20824306 DTXSID30702166 DTXSID90765171 DTXSID90302606 DTXSID50887767 DTXSID00775887 DTXSID10348283 DTXSID10783438 DTXSID80560258 DTXSID70559575 DTXSID00432448
DTXSID40358815	DTXSID00614904 DTXSID80438847 DTXSID70883463 DTXSID60454621 DTXSID00178112 DTXSID20222383 DTXSID10361215 DTXSID10438850 DTXSID20572759 DTXSID20718317 DTXSID50375432 DTXSID10371152 DTXSID70857447 DTXSID90320648 DTXSID00606703 DTXSID40279773 DTXSID90628893 DTXSID90825769 DTXSID20278062 DTXSID40819113
DTXSID30618773	DTXSID10708141 DTXSID40552573 DTXSID10352183 DTXSID00503940 DTXSID80661557 DTXSID80657213 DTXSID20776795 DTXSID70876097 DTXSID30855843 DTXSID40430408 DTXSID10459469 DTXSID50713451 DTXSID00755947 DTXSID50623586 DTXSID70191530 DTXSID80180798 DTXSID10630059 DTXSID60537100 DTXSID70737457 DTXSID50381154
DTXSID10767051	DTXSID70561754 DTXSID80700798 DTXSID10363476 DTXSID60385961 DTXSID00696205 DTXSID40642488 DTXSID30836834 DTXSID80788253 DTXSID00610163 DTXSID30579375 DTXSID30760367 DTXSID70811428 DTXSID10596368 DTXSID20499891 DTXSID30585375 DTXSID50421786 DTXSID70145831 DTXSID40847597 DTXSID20146696 DTXSID70741615
DTXSID90452650	DTXSID50812953 DTXSID60400628 DTXSID90444015 DTXSID10195335 DTXSID20312470 DTXSID40619211 DTXSID10494698 DTXSID50696210 DTXSID90739716 DTXSID70469226 DTXSID50592203 DTXSID60709284 DTXSID60840989 DTXSID50289141 DTXSID50623167 DTXSID90653125 DTXSID30575877 DTXSID50808230 DTXSID30194007 DTXSID10371773
DTXSID40371741	DTXSID40354256 DTXSID00186358 DTXSID50778944 DTXSID80175922 DTXSID60503325 DTXSID10364029 DTXSID50383092 DTXSID60427936 DTXSID30462596 DTXSID00407818 DTXSID80407659 DTXSID00619752 DTXSID20483593 DTXSID30162665 DTXSID70619188 DTXSID60646468 DTXSID30628892 DTXSID90625201 DTXSID70711898 DTXSID1063435
DTXSID70733176	DTXSID10699207 DTXSID10733817 DTXSID40711103 DTXSID20363886 DTXSID4052423 DTXSID00764791 DTXSID10302946 DTXSID60816765 DTXSID20357760 DTXSID80844106 DTXSID90751933 DTXSID1042659 DTXSID90446897 DTXSID70517256 DTXSID80531423 DTXSID90334149 DTXSID50675242 DTXSID70569992 DTXSID00579281 DTXSID70457305
DTXSID80639958	DTXSID30401122 DTXSID40684101 DTXSID40222542 DTXSID80698227 DTXSID3062029 DTXSID20452921 DTXSID20310830 DTXSID6020012 DTXSID60351601 DTXSID40551667 DTXSID00353104 DTXSID90277769 DTXSID30343058 DTXSID20168772 DTXSID50388582 DTXSID70447701 DTXSID50399774 DTXSID20488386 DTXSID50464178 DTXSID70885523
DTXSID20500895	DTXSID60587786 DTXSID30593950 DTXSID90702203 DTXSID80879711 DTXSID50662930 DTXSID70361650 DTXSID80696364 DTXSID50354060 DTXSID70850630 DTXSID20789128 DTXSID60280841 DTXSID90510345 DTXSID10743592 DTXSID40717029 DTXSID10645249 DTXSID20598570 DTXSID10568964 DTXSID70529677 DTXSID30686896 DTXSID40655477
DTXSID00672261	DTXSID00430803 DTXSID70142845 DTXSID40605891 DTXSID00464143 DTXSID40622947 DTXSID80703926 DTXSID20657131 DTXSID60404409 DTXSID90879303 DTXSID10695087 DTXSID00672044 DTXSID10702806 DTXSID10584821 DTXSID90381971 DTXSID40292366 DTXSID20879058 DTXSID80436661 DTXSID30621202 DTXSID10777190 DTXSID90392163
DTXSID20288823	DTXSID90292492 DTXSID20844908 DTXSID50752865 DTXSID10431745 DTXSID30786582 DTXSID80232084 DTXSID3070418 DTXSID80694027 DTXSID60810940 DTXSID60772473 DTXSID10388942 DTXSID60463576 DTXSID80844909 DTXSID20840329 DTXSID00601051 DTXSID10736287 DTXSID50797998 DTXSID50239186 DTXSID40483015 DTXSID50234378
DTXSID70548464	DTXSID90187117 DTXSID50493443 DTXSID70483129 DTXSID00442062 DTXSID40705360 DTXSID40321226 DTXSID90286437 DTXSID30642134 DTXSID30453484 DTXSID60179903 DTXSID00571482 DTXSID30757277 DTXSID70377711 DTXSID30315977 DTXSID40666846 DTXSID40610021 DTXSID00633796 DTXSID20654903 DTXSID70528382 DTXSID10238155
DTXSID30718308	DTXSID40585689 DTXSID30554965 DTXSID7058048 DTXSID00421630 DTXSID30288591 DTXSID90557553 DTXSID30879726 DTXSID40543966 DTXSID90361339 DTXSID60825514 DTXSID00802263 DTXSID70484191 DTXSID30274378 DTXSID80281698 DTXSID00795722 DTXSID40356114 DTXSID40620145 DTXSID70327473 DTXSID00220882 DTXSID20670047
DTXSID80601918	DTXSID90164963 DTXSID60477951 DTXSID30856658 DTXSID00241638 DTXSID30529310 DTXSID70403367 DTXSID10851404 DTXSID80528156 DTXSID30727910 DTXSID50624477 DTXSID40634126 DTXSID10642071 DTXSID50396228 DTXSID10586542 DTXSID50670919 DTXSID90625963 DTXSID20429673 DTXSID90474094 DTXSID90571239 DTXSID90382428
DTXSID10448353	DTXSID30757656 DTXSID60344770 DTXSID80771069 DTXSID00561282 DTXSID70521479 DTXSID90199053 DTXSID20449210 DTXSID7069071 DTXSID3027116 DTXSID5060726 DTXSID10527511 DTXSID40790857 DTXSID70217885 DTXSID20481377 DTXSID00652785 DTXSID00345867 DTXSID90526789 DTXSID30531317 DTXSID50627443 DTXSID00340756
DTXSID50701111	DTXSID50528168 DTXSID10508668 DTXSID30308581 DTXSID10298976 DTXSID70553659 DTXSID10653127 DTXSID60646347 DTXSID30671207 DTXSID80700192 DTXSID00646629 DTXSID8060298 DTXSID30583295 DTXSID70665448 DTXSID40634126 DTXSID40671112 DTXSID00382853 DTXSID50624477 DTXSID50669924 DTXSID60427815 DTXSID90571239
DTXSID40579149	DTXSID30725633 DTXSID10455784 DTXSID20581644 DTXSID30342460 DTXSID20353681 DTXSID00887636 DTXSID70589791 DTXSID30663066 DTXSID50315570 DTXSID20406161 DTXSID10280755 DTXSID40357808 DTXSID60829451 DTXSID40460886 DTXSID90237247 DTXSID80288586 DTXSID10402339 DTXSID60671553 DTXSID50512103 DTXSID60876965
DTXSID10760229	DTXSID70395778 DTXSID50830854 DTXSID40536090 DTXSID80318690 DTXSID30896150 DTXSID10392362 DTXSID00384039 DTXSID60429672 DTXSID20154993 DTXSID90353299 DTXSID80548516 DTXSID20611374 DTXSID10371410 DTXSID10727852 DTXSID20651932 DTXSID00443175 DTXSID20640881 DTXSID60429096 DTXSID20597765 DTXSID20881333
DTXSID10448358	DTXSID90747351 DTXSID50154325 DTXSID60618206 DTXSID80665479 DTXSID20493516 DTXSID5020942 DTXSID50429247 DTXSID80297118 DTXSID30713434 DTXSID50315974 DTXSID10618094 DTXSID70481504 DTXSID30817062 DTXSID70662836 DTXSID70450412 DTXSID60799327 DTXSID30759337 DTXSID10812313 DTXSID50179311 DTXSID20616804
DTXSID90535053	DTXSID50397371 DTXSID10427188 DTXSID60231434 DTXSID00216765 DTXSID00229310 DTXSID20857659 DTXSID90349995 DTXSID30785550 DTXSID60178936 DTXSID40659632 DTXSID30403500 DTXSID30415688 DTXSID10464730 DTXSID60836802 DTXSID70744348 DTXSID2023222 DTXSID40243939 DTXSID40785682 DTXSID30203209 DTXSID70794808
DTXSID90586161	DTXSID90396883 DTXSID10876516 DTXSID70831702 DTXSID30378360 DTXSID20856506 DTXSID70461260 DTXSID70203107 DTXSID40588519 DTXSID30287620 DTXSID60571706 DTXSID90147751 DTXSID30752702 DTXSID00293935 DTXSID70821062 DTXSID40161003 DTXSID00568670 DTXSID50457308 DTXSID00372219 DTXSID90185572 DTXSID60365844
DTXSID80601317	DTXSID90360625 DTXSID20646803 DTXSID00747382 DTXSID9064007 DTXSID60470523 DTXSID20377125 DTXSID70724089 DTXSID80620381 DTXSID60591944 DTXSID30876674 DTXSID60591924 DTXSID10430157 DTXSID00836164 DTXSID20295517 DTXSID80354876 DTXSID60818360 DTXSID20277075 DTXSID70630050 DTXSID30856991 DTXSID80358672
DTXSID40513381	DTXSID20485012 DTXSID00485015 DTXSID40588413 DTXSID80736618 DTXSID60532291 DTXSID40313303 DTXSID60217359 DTXSID70584923 DTXSID30395633 DTXSID60569264 DTXSID10826758 DTXSID90185370 DTXSID60842746 DTXSID80572891 DTXSID10474798 DTXSID50849961 DTXSID60856080 DTXSID70397570 DTXSID10726820 DTXSID80604707
DTXSID40455535	DTXSID00470865 DTXSID40762115 DTXSID40208886 DTXSID40243015 DTXSID60844023 DTXSID50797539 DTXSID70562362 DTXSID90443846 DTXSID80335786 DTXSID40420900 DTXSID60798678 DTXSID80851471 DTXSID40157103 DTXSID80658548 DTXSID30620179 DTXSID8061212 DTXSID20172399 DTXSID0073110 DTXSID80300454 DTXSID10177015
DTXSID90348625	DTXSID10518262 DTXSID90344283 DTXSID90615844 DTXSID00571482 DTXSID10634996 DTXSID30642134 DTXSID80726973 DTXSID50760602 DTXSID20506014 DTXSID80875894 DTXSID10442477 DTXSID20333766 DTXSID30534449 DTXSID90286437 DTXSID40670408 DTXSID70367571 DTXSID10525294 DTXSID10663509 DTXSID40705360 DTXSID80851830
DTXSID20502450	DTXSID2026602 DTXSID50555378 DTXSID40847052 DTXSID2040280 DTXSID40228701 DTXSID20612381 DTXSID4034817 DTXSID60458866 DTXSID00754490 DTXSID20676943 DTXSID90705799 DTXSID40337105 DTXSID50346667 DTXSID50733073 DTXSID60457071 DTXSID0046147 DTXSID50724466 DTXSID00223116 DTXSID80287832 DTXSID50668230
DTXSID50218416	DTXSID40588493 DTXSID40773983 DTXSID40168219 DTXSID50598124 DTXSID10712889 DTXSID40374030 DTXSID80237675 DTXSID20301783 DTXSID50441787 DTXSID00371186 DTXSID30144305 DTXSID50467346 DTXSID40495597 DTXSID50153176 DTXSID80367921 DTXSID50662359 DTXSID60221411 DTXSID80631275 DTXSID20327009 DTXSID30311595
DTXSID90751271	DTXSID40662505 DTXSID80709549 DTXSID50655685 DTXSID30385716 DTXSID30336223 DTXSID10470659 DTXSID30798185 DTXSID20793487 DTXSID40239670 DTXSID80768717 DTXSID00504311 DTXSID50761336 DTXSID60490529 DTXSID90798186 DTXSID00813511 DTXSID30816550 DTXSID10211044 DTXSID00197762 DTXSID60783822 DTXSID20582919
DTXSID60715789	DTXSID60776815 DTXSID60772473 DTXSID50820432 DTXSID60810940 DTXSID10388942 DTXSID70720485 DTXSID70557152 DTXSID90711173 DTXSID50752865 DTXSID80844909 DTXSID20844908 DTXSID30778609 DTXSID80840345 DTXSID00404029 DTXSID40483015 DTXSID50817701 DTXSID90152264 DTXSID10736287 DTXSID20840329 DTXSID80232084
DTXSID00590274	DTXSID10856792 DTXSID40219053 DTXSID10501255 DTXSID60475331 DTXSID90286270 DTXSID50555191 DTXSID60398475 DTXSID40585765 DTXSID30825102 DTXSID40417916 DTXSID30318408 DTXSID00534350 DTXSID60805391 DTXSID30660313 DTXSID00751005 DTXSID30597130 DTXSID00163427 DTXSID40471876 DTXSID80320551 DTXSID20673937
DTXSID50648810	DTXSID30857589 DTXSID70593398 DTXSID10840136 DTXSID60733680 DTXSID20172415 DTXSID80650360 DTXSID10202997 DTXSID10696599 DTXSID90279182 DTXSID20849918 DTXSID90762483 DTXSID20663297 DTXSID60771643 DTXSID40293131 DTXSID20622086 DTXSID10680579 DTXSID30534747 DTXSID40717029 DTXSID10343399 DTXSID60280841
DTXSID80774196	DTXSID50496818 DTXSID00303649 DTXSID00567961 DTXSID10292035 DTXSID20462722 DTXSID50569319 DTXSID0069915 DTXSID80820329 DTXSID70523034 DTXSID10607544 DTXSID70886191 DTXSID10277524 DTXSID40280980 DTXSID00196518 DTXSID80143040 DTXSID40633972 DTXSID40818282 DTXSID60282168 DTXSID70610039 DTXSID30542468
DTXSID90478239	DTXSID50361274 DTXSID90291925 DTXSID90388102 DTXSID90313277 DTXSID90466833 DTXSID00342699 DTXSID00182759 DTXSID60407293 DTXSID20284901 DTXSID60707962 DTXSID80760438 DTXSID20704078 DTXSID40744315 DTXSID90814719 DTXSID00565861 DTXSID00241971 DTXSID00720978 DTXSID10739854 DTXSID70314868 DTXSID00521083
DTXSID40209676	DTXSID90189358 DTXSID70433583 DTXSID00378832 DTXSID50696336 DTXSID90524068 DTXSID0052388 DTXSID00754490 DTXSID10772928 DTXSID6047862 DTXSID50668230 DTXSID5052387 DTXSID40228701 DTXSID60471818 DTXSID60458866 DTXSID50733073 DTXSID20877337 DTXSID10700029 DTXSID80287832 DTXSID70759654 DTXSID20676943
DTXSID30531317	DTXSID20211050 DTXSID70217885 DTXSID00561282 DTXSID3027116 DTXSID20449210 DTXSID7069071 DTXSID40519863 DTXSID10448353 DTXSID90199053 DTXSID20527587 DTXSID40790857 DTXSID20481377 DTXSID70521479 DTXSID80771069 DTXSID60344770 DTXSID30757656 DTXSID50460130 DTXSID10527511 DTXSID00652785 DTXSID2060967
DTXSID10672419	DTXSID10876652 DTXSID60172090 DTXSID40786952 DTXSID00431456 DTXSID90238173 DTXSID40174976 DTXSID60293931 DTXSID10455688 DTXSID70186380 DTXSID10558300 DTXSID40415351 DTXSID50602699 DTXSID50570960 DTXSID70579652 DTXSID70296791 DTXSID30759337 DTXSID00447830 DTXSID10812313 DTXSID10556543 DTXSID10223829
DTXSID70883463	DTXSID20222383 DTXSID80438847 DTXSID20572759 DTXSID90320648 DTXSID20718317 DTXSID40358815 DTXSID40819113 DTXSID50375432 DTXSID10441061 DTXSID70589594 DTXSID90439183 DTXSID50545799 DTXSID10361215 DTXSID90825769 DTXSID60454621 DTXSID10438850 DTXSID00606703 DTXSID00614904 DTXSID40279773 DTXSID70357452
DTXSID70652434	DTXSID10814695 DTXSID60875877 DTXSID10199636 DTXSID80780792 DTXSID20151705 DTXSID10579717 DTXSID70621009 DTXSID20322453 DTXSID20416442 DTXSID90759338 DTXSID70599390 DTXSID30207525 DTXSID10712889 DTXSID40570439 DTXSID70762047 DTXSID90445805 DTXSID40194558 DTXSID80442686 DTXSID50662359 DTXSID50600110
DTXSID10669723	DTXSID00403214 DTXSID20876603 DTXSID50461349 DTXSID30497308 DTXSID20826289 DTXSID80562398 DTXSID50888532 DTXSID10673926 DTXSID10322225 DTXSID30520463 DTXSID40674047 DTXSID50731357 DTXSID20392636 DTXSID80836369 DTXSID80534575 DTXSID70393390 DTXSID50653984 DTXSID30560844 DTXSID10694474 DTXSID00606586
DTXSID90578703	DTXSID90379934 DTXSID60665472 DTXSID40482427 DTXSID90454937 DTXSID10357037 DTXSID30854210 DTXSID50456533 DTXSID30363079 DTXSID60372553 DTXSID60501962 DTXSID10642192 DTXSID80604328 DTXSID90707556 DTXSID00623359 DTXSID90506566 DTXSID00557044 DTXSID60184870 DTXSID20222787 DTXSID60227615 DTXSID00774916
DTXSID70810274	DTXSID00386154 DTXSID40828260 DTXSID90804993 DTXSID90553131 DTXSID70567079 DTXSID00430025 DTXSID9057979 DTXSID30199370 DTXSID10484514 DTXSID70743614 DTXSID60292449 DTXSID80885534 DTXSID10792868 DTXSID80555467 DTXSID70197512 DTXSID50160981 DTXSID20144415 DTXSID30421648 DTXSID50390706 DTXSID20428464
DTXSID30847288	DTXSID90222719 DTXSID3073719 DTXSID40487235 DTXSID70678311 DTXSID20522476 DTXSID70554621 DTXSID70619608 DTXSID50451407 DTXSID60319089 DTXSID10657206 DTXSID00508677 DTXSID80534131 DTXSID90286755 DTXSID70314969 DTXSID00321702 DTXSID80819470 DTXSID50450490 DTXSID00745368 DTXSID30546628 DTXSID80435412
DTXSID30160883	DTXSID50595274 DTXSID40287813 DTXSID20681875 DTXSID60813572 DTXSID90510688 DTXSID50594348 DTXSID50876015 DTXSID00441090 DTXSID30889784 DTXSID30321477 DTXSID30225724 DTXSID90154602 DTXSID60502116 DTXSID20427937 DTXSID20879154 DTXSID70729352 DTXSID90664317 DTXSID60696529 DTXSID80295957 DTXSID90657446
DTXSID50759096	DTXSID20179000 DTXSID70785433 DTXSID30532369 DTXSID50730860 DTXSID60823212 DTXSID50533959 DTXSID70768084 DTXSID80768398 DTXSID80634549 DTXSID00750538 DTXSID80830605 DTXSID00292524 DTXSID90199836 DTXSID40163668 DTXSID50780365 DTXSID70322827 DTXSID9041023 DTXSID70769793 DTXSID50790787 DTXSID40286023
DTXSID40180658	DTXSID70562423 DTXSID70514886 DTXSID80678180 DTXSID30886233 DTXSID80640842 DTXSID80276584 DTXSID60804228 DTXSID80352251 DTXSID40145843 DTXSID70773471 DTXSID30743135 DTXSID30514887 DTXSID40551263 DTXSID40314517 DTXSID70876870 DTXSID10442876 DTXSID80443759 DTXSID20625113 DTXSID0047088 DTXSID30468098
DTXSID40145843	DTXSID40551263 DTXSID70773471 DTXSID80678180 DTXSID90147751 DTXSID30886233 DTXSID70514886 DTXSID70562423 DTXSID60804228 DTXSID40180658 DTXSID80352251 DTXSID70876870 DTXSID30752702 DTXSID00593189 DTXSID00782258 DTXSID10667143 DTXSID70873607 DTXSID80443759 DTXSID30854634 DTXSID10442876 DTXSID90396883
DTXSID30535875	DTXSID40630966 DTXSID00789368 DTXSID90846131 DTXSID70459804 DTXSID30717058 DTXSID70886212 DTXSID20306273 DTXSID20155783 DTXSID70419145 DTXSID20294181 DTXSID30667342 DTXSID30739694 DTXSID50704445 DTXSID90422898 DTXSID20832224 DTXSID60299079 DTXSID10633444 DTXSID70506807 DTXSID80832225 DTXSID80561462
DTXSID90467087	DTXSID70584509 DTXSID30376220 DTXSID80769784 DTXSID70711292 DTXSID40543204 DTXSID40474802 DTXSID10780048 DTXSID20880629 DTXSID10482090 DTXSID60704259 DTXSID70491845 DTXSID00606627 DTXSID00514839 DTXSID00505505 DTXSID70641909 DTXSID60463011 DTXSID00813839 DTXSID50639965 DTXSID40527741 DTXSID8069565
DTXSID20403231	DTXSID10170304 DTXSID30556343 DTXSID60842544 DTXSID70734123 DTXSID1066786 DTXSID30460875 DTXSID20380033 DTXSID50335233 DTXSID30627507 DTXSID60211832 DTXSID30760367 DTXSID20485153 DTXSID50812918 DTXSID20445999 DTXSID60640800 DTXSID90443664 DTXSID00278323 DTXSID70513854 DTXSID80788253 DTXSID40706150
DTXSID80539823	DTXSID80175169 DTXSID90844430 DTXSID70304724 DTXSID80302716 DTXSID90632258 DTXSID10489847 DTXSID90587653 DTXSID80506277 DTXSID80394919 DTXSID90577271 DTXSID00401154 DTXSID90399319 DTXSID00341006 DTXSID00667591 DTXSID40815675 DTXSID60770393 DTXSID80568138 DTXSID40833733 DTXSID80594452 DTXSID70515318
DTXSID30322782	DTXSID60464760 DTXSID70309653 DTXSID80570276 DTXSID50733937 DTXSID80211632 DTXSID90813707 DTXSID70843961 DTXSID90808375 DTXSID30642477 DTXSID80354891 DTXSID50549550 DTXSID20516850 DTXSID80383500 DTXSID40352752 DTXSID30482714 DTXSID10610614 DTXSID10349912 DTXSID50660936 DTXSID10876016 DTXSID50315974
DTXSID80327409	DTXSID40611977 DTXSID00337085 DTXSID00885839 DTXSID30893008 DTXSID60886165 DTXSID8034746 DTXSID70234370 DTXSID70765270 DTXSID80599947 DTXSID60315304 DTXSID80737983 DTXSID30660373 DTXSID00815070 DTXSID60694484 DTXSID80221812 DTXSID00231493 DTXSID10165497 DTXSID40470283 DTXSID70392702 DTXSID40143001
DTXSID20417717	DTXSID60370650 DTXSID20549406 DTXSID40879479 DTXSID80543965 DTXSID00388350 DTXSID10736227 DTXSID80708592 DTXSID60407293 DTXSID00447198 DTXSID60824108 DTXSID30698318 DTXSID80606589 DTXSID00418328 DTXSID50591877 DTXSID20766015 DTXSID00182759 DTXSID60455951 DTXSID10326081 DTXSID70832754 DTXSID30395072
DTXSID10241407	DTXSID30453484 DTXSID70458695 DTXSID90286437 DTXSID60395181 DTXSID70528382 DTXSID40705360 DTXSID10455027 DTXSID80401773 DTXSID40670408 DTXSID40321226 DTXSID40474029 DTXSID50434311 DTXSID70483129 DTXSID00442062 DTXSID90187117 DTXSID70548464 DTXSID40610021 DTXSID10547456 DTXSID30757277 DTXSID50565977
DTXSID60791689	DTXSID10400618 DTXSID10752705 DTXSID80503882 DTXSID60633636 DTXSID70659620 DTXSID50233720 DTXSID90771979 DTXSID70484651 DTXSID60612921 DTXSID30673827 DTXSID30751750 DTXSID40328396 DTXSID30471749 DTXSID70876552 DTXSID00511303 DTXSID20697072 DTXSID80819899 DTXSID50213486 DTXSID1058393 DTXSID20374336
DTXSID30549811	DTXSID00443695 DTXSID60390353 DTXSID50563135 DTXSID40513801 DTXSID20423499 DTXSID70519199 DTXSID70436675 DTXSID00509528 DTXSID40326736 DTXSID50885905 DTXSID10692879 DTXSID50381977 DTXSID20505981 DTXSID20509929 DTXSID60757588 DTXSID40695111 DTXSID60553981 DTXSID00771248 DTXSID60675475 DTXSID80304871
DTXSID60588177	DTXSID40617772 DTXSID10656012 DTXSID50586440 DTXSID3071278 DTXSID00304196 DTXSID60173527 DTXSID60439377 DTXSID00659916 DTXSID70588108 DTXSID40713445 DTXSID30356906 DTXSID10313537 DTXSID30311237 DTXSID20564316 DTXSID00371969 DTXSID40352676 DTXSID60785200 DTXSID30321194 DTXSID70780645 DTXSID60424546
DTXSID50240176	DTXSID80315841 DTXSID60826127 DTXSID00830884 DTXSID00592273 DTXSID40329005 DTXSID80833590 DTXSID50841546 DTXSID50786261 DTXSID30415608 DTXSID40615076 DTXSID40800687 DTXSID50830455 DTXSID4057716 DTXSID90415609 DTXSID00725246 DTXSID80579724 DTXSID70283348 DTXSID70746584 DTXSID60289112 DTXSID70477760
DTXSID30241545	DTXSID90294173 DTXSID40433398 DTXSID10569931 DTXSID60820125 DTXSID70473525 DTXSID40541644 DTXSID30483029 DTXSID00392376 DTXSID80772798 DTXSID70576666 DTXSID60378590 DTXSID20496845 DTXSID50568201 DTXSID70158284 DTXSID00805870 DTXSID40706014 DTXSID90520141 DTXSID60402369 DTXSID30589813 DTXSID90456951
DTXSID90640974	DTXSID3058955 DTXSID00621330 DTXSID40855132 DTXSID40578238 DTXSID40576875 DTXSID40722618 DTXSID40397623 DTXSID50345019 DTXSID60505389 DTXSID20582959 DTXSID20791342 DTXSID10640512 DTXSID10221865 DTXSID60287734 DTXSID90426058 DTXSID50778843 DTXSID00442688 DTXSID70478419 DTXSID60375120 DTXSID40181084
DTXSID80380034	DTXSID1065899 DTXSID40287797 DTXSID10365975 DTXSID60674281 DTXSID80642068 DTXSID10342625 DTXSID40482043 DTXSID30624051 DTXSID00453198 DTXSID00571927 DTXSID20351187 DTXSID00464704 DTXSID20372756 DTXSID00631772 DTXSID00768097 DTXSID80215670 DTXSID00473518 DTXSID10710163 DTXSID00323105 DTXSID00802263
DTXSID70180323	DTXSID70290799 DTXSID30275143 DTXSID90703659 DTXSID50701292 DTXSID30606195 DTXSID80458641 DTXSID10705317 DTXSID90437447 DTXSID20430340 DTXSID30180309 DTXSID80241196 DTXSID70793598 DTXSID9072286 DTXSID90707354 DTXSID40652860 DTXSID10614374 DTXSID30615747 DTXSID90366162 DTXSID60807198 DTXSID10676396
DTXSID70365476	DTXSID50228333 DTXSID10610614 DTXSID90204035 DTXSID50549550 DTXSID30625841 DTXSID30681826 DTXSID40664842 DTXSID80632282 DTXSID90766406 DTXSID80525382 DTXSID90301614 DTXSID40516559 DTXSID60332177 DTXSID80408227 DTXSID80561785 DTXSID70843961 DTXSID40309307 DTXSID30400852 DTXSID30482714 DTXSID60292368
DTXSID00606642	DTXSID10532468 DTXSID80600986 DTXSID20732412 DTXSID40745100 DTXSID40310256 DTXSID60790258 DTXSID60424420 DTXSID80713888 DTXSID80734013 DTXSID30777990 DTXSID80323385 DTXSID00604441 DTXSID70281485 DTXSID90177215 DTXSID90209803 DTXSID20517180 DTXSID00510836 DTXSID80374337 DTXSID10528048 DTXSID60667577
DTXSID20465495	DTXSID60325125 DTXSID90794320 DTXSID60143023 DTXSID20534918 DTXSID40310872 DTXSID40790019 DTXSID00201055 DTXSID10672792 DTXSID00345680 DTXSID90313636 DTXSID90783198 DTXSID40415679 DTXSID90402498 DTXSID80349621 DTXSID50681040 DTXSID60320630 DTXSID80631275 DTXSID80279131 DTXSID80190337 DTXSID00854560
DTXSID40462946	DTXSID40195121 DTXSID60612426 DTXSID80354275 DTXSID00664580 DTXSID50464178 DTXSID70781915 DTXSID20514770 DTXSID6020012 DTXSID20676867 DTXSID40222542 DTXSID70447701 DTXSID70751113 DTXSID90402756 DTXSID10565317 DTXSID80639958 DTXSID30401122 DTXSID00353104 DTXSID30343058 DTXSID50342189 DTXSID90724384
DTXSID30385655	DTXSID70360269 DTXSID90718526 DTXSID50701217 DTXSID70282538 DTXSID60570299 DTXSID50473503 DTXSID80440703 DTXSID10529858 DTXSID10335956 DTXSID10698513 DTXSID70801288 DTXSID90213687 DTXSID80530991 DTXSID60768518 DTXSID00726213 DTXSID50660638 DTXSID40386395 DTXSID80786658 DTXSID10447669 DTXSID80567565
DTXSID00241638	DTXSID30529310 DTXSID50624477 DTXSID30856658 DTXSID10642071 DTXSID60477951 DTXSID40634126 DTXSID90571239 DTXSID80601918 DTXSID90164963 DTXSID10181718 DTXSID10391274 DTXSID10851404 DTXSID80528156 DTXSID70403367 DTXSID00576634 DTXSID90382428 DTXSID30308581 DTXSID30727910 DTXSID60427815 DTXSID50670919
DTXSID40553949	DTXSID60192935 DTXSID80780196 DTXSID90274879 DTXSID50568807 DTXSID70367879 DTXSID70593232 DTXSID00406482 DTXSID20372958 DTXSID40828184 DTXSID30510687 DTXSID10737693 DTXSID40611154 DTXSID20314595 DTXSID60718134 DTXSID40480100 DTXSID40755587 DTXSID80509162 DTXSID10820953 DTXSID00878988 DTXSID50445684
DTXSID10777655	DTXSID70510161 DTXSID10876394 DTXSID40672402 DTXSID60417812 DTXSID90666356 DTXSID20323440 DTXSID70333175 DTXSID90602370 DTXSID80240427 DTXSID20887052 DTXSID80569645 DTXSID20495555 DTXSID00522010 DTXSID20815673 DTXSID40576476 DTXSID90324500 DTXSID90801861 DTXSID10448853 DTXSID50576785 DTXSID40144790
DTXSID70274377	DTXSID20429870 DTXSID60742111 DTXSID80647497 DTXSID80596173 DTXSID00382030 DTXSID50879142 DTXSID50704788 DTXSID90629749 DTXSID30709610 DTXSID40466202 DTXSID00156475 DTXSID50389458 DTXSID00287899 DTXSID30222415 DTXSID00694620 DTXSID30761213 DTXSID30657804 DTXSID60401296 DTXSID80355863 DTXSID70672798
DTXSID20197406	DTXSID40563189 DTXSID10890999 DTXSID00629477 DTXSID60276143 DTXSID10202674 DTXSID90602057 DTXSID60780199 DTXSID30429503 DTXSID00829132 DTXSID9072527 DTXSID60816366 DTXSID00826560 DTXSID80274202 DTXSID0067503 DTXSID20242521 DTXSID10872659 DTXSID00752951 DTXSID60775681 DTXSID60242747 DTXSID80278447
DTXSID40216284	DTXSID10738746 DTXSID70434611 DTXSID9021394 DTXSID60576635 DTXSID80737847 DTXSID90316728 DTXSID00403350 DTXSID30646399 DTXSID20629893 DTXSID00227710 DTXSID00640905 DTXSID50186363 DTXSID20730756 DTXSID60547421 DTXSID0041773 DTXSID70613267 DTXSID00823892 DTXSID20580733 DTXSID10511314 DTXSID60646307
DTXSID40802984	DTXSID90295286 DTXSID80499756 DTXSID80451819 DTXSID80177047 DTXSID40146198 DTXSID90529396 DTXSID60533122 DTXSID90719896 DTXSID00864907 DTXSID80784659 DTXSID00719266 DTXSID70515318 DTXSID50542425 DTXSID10588026 DTXSID00373504 DTXSID10669849 DTXSID00401154 DTXSID40540738 DTXSID40286048 DTXSID60655595
DTXSID50776243	DTXSID40701403 DTXSID20640467 DTXSID10354268 DTXSID70784289 DTXSID40187203 DTXSID5063605 DTXSID10347115 DTXSID70669229 DTXSID40845694 DTXSID10777554 DTXSID00668987 DTXSID60669233 DTXSID00670222 DTXSID20394216 DTXSID20705661 DTXSID90706488 DTXSID10712405 DTXSID10356469 DTXSID80855090 DTXSID30444993
DTXSID20776896	DTXSID10852012 DTXSID40869951 DTXSID10224790 DTXSID00764377 DTXSID20558952 DTXSID10279164 DTXSID80234563 DTXSID5061085 DTXSID60749867 DTXSID80884461 DTXSID00787248 DTXSID10736287 DTXSID80185869 DTXSID10322826 DTXSID30615146 DTXSID8061212 DTXSID80756710 DTXSID40706170 DTXSID80844909 DTXSID00404029
DTXSID80650769	DTXSID80656847 DTXSID20649430 DTXSID10702806 DTXSID60325847 DTXSID90392163 DTXSID00672044 DTXSID30663980 DTXSID40515688 DTXSID60731106 DTXSID10618958 DTXSID50351190 DTXSID30559379 DTXSID10584821 DTXSID50165017 DTXSID50474035 DTXSID00391501 DTXSID90648819 DTXSID40622947 DTXSID30735590 DTXSID60394275
DTXSID90383293	DTXSID90577216 DTXSID80593349 DTXSID40360872 DTXSID30466650 DTXSID20500274 DTXSID80373744 DTXSID10749579 DTXSID30673064 DTXSID60615215 DTXSID10340949 DTXSID00466667 DTXSID40496120 DTXSID90494676 DTXSID40747321 DTXSID70452133 DTXSID30789876 DTXSID60641014 DTXSID80457932 DTXSID20624303 DTXSID00594772
DTXSID60517609	DTXSID10596601 DTXSID70782987 DTXSID60621331 DTXSID40790690 DTXSID30625700 DTXSID10570168 DTXSID00517608 DTXSID90672093 DTXSID40162656 DTXSID40788759 DTXSID80427877 DTXSID90408410 DTXSID90487321 DTXSID40845078 DTXSID50743394 DTXSID30276372 DTXSID60599107 DTXSID10453169 DTXSID50663326 DTXSID40721429
DTXSID90792028	DTXSID00542470 DTXSID60694580 DTXSID40806220 DTXSID80298887 DTXSID10606552 DTXSID00504230 DTXSID60702573 DTXSID70846614 DTXSID70730145 DTXSID60840166 DTXSID60809374 DTXSID60642405 DTXSID00541347 DTXSID10217122 DTXSID20278163 DTXSID90755017 DTXSID90584728 DTXSID50645627 DTXSID10725737 DTXSID90697544
DTXSID00473518	DTXSID30642235 DTXSID00571927 DTXSID40752753 DTXSID20372756 DTXSID80215670 DTXSID60618928 DTXSID30489420 DTXSID80857236 DTXSID40287797 DTXSID20351187 DTXSID40559067 DTXSID1065899 DTXSID80380034 DTXSID00768097 DTXSID40660980 DTXSID30616294 DTXSID00453198 DTXSID20831939 DTXSID60703924 DTXSID10342625
DTXSID60703924	DTXSID30616294 DTXSID50290232 DTXSID70539892 DTXSID40230809 DTXSID20183001 DTXSID30400852 DTXSID30482714 DTXSID20831939 DTXSID40535245 DTXSID80199264 DTXSID10291689 DTXSID10289445 DTXSID40752753 DTXSID00567820 DTXSID10599536 DTXSID90354903 DTXSID00768471 DTXSID30489420 DTXSID40660980 DTXSID70283828
DTXSID30303990	DTXSID40539147 DTXSID70696934 DTXSID30711814 DTXSID40477959 DTXSID50510164 DTXSID40452180 DTXSID20184699 DTXSID80665454 DTXSID70655208 DTXSID60337187 DTXSID20163247 DTXSID90801907 DTXSID20447155 DTXSID70642537 DTXSID30592241 DTXSID50323352 DTXSID40186832 DTXSID20308030 DTXSID10659624 DTXSID50446232
DTXSID90887963	DTXSID40336794 DTXSID60826960 DTXSID50796865 DTXSID20346750 DTXSID30191576 DTXSID10771451 DTXSID50804111 DTXSID40341646 DTXSID20280781 DTXSID20341664 DTXSID70242536 DTXSID70346765 DTXSID20741069 DTXSID10511839 DTXSID10784248 DTXSID10324880 DTXSID30342228 DTXSID70822857 DTXSID40647397 DTXSID90755850
DTXSID80506515	DTXSID00524776 DTXSID20542199 DTXSID10474339 DTXSID80733122 DTXSID60675359 DTXSID70512266 DTXSID70401020 DTXSID80207111 DTXSID60668963 DTXSID50190364 DTXSID00488824 DTXSID30313695 DTXSID60157009 DTXSID00406543 DTXSID30857029 DTXSID80593541 DTXSID10609765 DTXSID20589302 DTXSID10399659 DTXSID30289801
DTXSID60164793	DTXSID40358239 DTXSID80552613 DTXSID60495337 DTXSID70853323 DTXSID30574885 DTXSID00731302 DTXSID20754836 DTXSID10321834 DTXSID30879706 DTXSID70548989 DTXSID90444156 DTXSID10441041 DTXSID60284925 DTXSID20307184 DTXSID80712154 DTXSID10342286 DTXSID70667604 DTXSID80613172 DTXSID10827381 DTXSID80613192
DTXSID10338028	DTXSID40604041 DTXSID40767246 DTXSID20793129 DTXSID00402808 DTXSID10579631 DTXSID60818128 DTXSID60501967 DTXSID60768018 DTXSID90826973 DTXSID40718915 DTXSID60334732 DTXSID40338031 DTXSID50718906 DTXSID80625518 DTXSID70840778 DTXSID90610016 DTXSID20818129 DTXSID20627273 DTXSID20337941 DTXSID90423986
DTXSID90736407	DTXSID00515588 DTXSID00495710 DTXSID30236037 DTXSID00646205 DTXSID10646377 DTXSID00409377 DTXSID90178803 DTXSID20627854 DTXSID20735089 DTXSID30646758 DTXSID10734940 DTXSID80508716 DTXSID50646593 DTXSID50515578 DTXSID50212651 DTXSID70442433 DTXSID80753502 DTXSID00590153 DTXSID30370783 DTXSID00559664
DTXSID90412517	DTXSID40299936 DTXSID60645335 DTXSID40214245 DTXSID80499392 DTXSID20673937 DTXSID90635143 DTXSID50367973 DTXSID50736766 DTXSID00366613 DTXSID70736667 DTXSID1073367 DTXSID20289310 DTXSID20493056 DTXSID90517016 DTXSID10150984 DTXSID00620621 DTXSID90674456 DTXSID50160901 DTXSID00876464 DTXSID00153121
DTXSID40484941	DTXSID20285832 DTXSID5074472 DTXSID40855490 DTXSID80217295 DTXSID40489830 DTXSID70303954 DTXSID10348283 DTXSID60696701 DTXSID20567448 DTXSID2027967 DTXSID90303673 DTXSID70764187 DTXSID40511600 DTXSID50432918 DTXSID60173926 DTXSID10757336 DTXSID10796088 DTXSID70866337 DTXSID70764248 DTXSID80305929
DTXSID40311824	DTXSID20562958 DTXSID90473522 DTXSID30410198 DTXSID50735557 DTXSID60710239 DTXSID40286260 DTXSID30642472 DTXSID50399370 DTXSID20774958 DTXSID00611337 DTXSID50345554 DTXSID40694669 DTXSID70514624 DTXSID00343681 DTXSID00341086 DTXSID40403172 DTXSID10177959 DTXSID20307381 DTXSID90208553 DTXSID40415492
DTXSID90242250	DTXSID90164640 DTXSID20765669 DTXSID00707800 DTXSID70751153 DTXSID10856030 DTXSID30524481 DTXSID90534566 DTXSID40195484 DTXSID20723880 DTXSID20315027 DTXSID30447005 DTXSID70766141 DTXSID00209354 DTXSID90394783 DTXSID30844994 DTXSID60377861 DTXSID80223154 DTXSID00673753 DTXSID20379280 DTXSID80648242
DTXSID90747351	DTXSID10448358 DTXSID50154325 DTXSID60618206 DTXSID80665479 DTXSID30713434 DTXSID50429247 DTXSID5020942 DTXSID80297118 DTXSID20493516 DTXSID50179311 DTXSID50315974 DTXSID10618094 DTXSID70481504 DTXSID70662836 DTXSID70450412 DTXSID80793069 DTXSID60681556 DTXSID50625080 DTXSID60799327 DTXSID70428934
DTXSID30546628	DTXSID10657206 DTXSID60319089 DTXSID80478324 DTXSID70314969 DTXSID80534131 DTXSID70554621 DTXSID10498196 DTXSID90222719 DTXSID30303192 DTXSID70732487 DTXSID50451407 DTXSID80447398 DTXSID30847288 DTXSID10435480 DTXSID70619608 DTXSID00745368 DTXSID40721964 DTXSID30631669 DTXSID60240667 DTXSID3073719
DTXSID40511600	DTXSID80852064 DTXSID10796088 DTXSID60768896 DTXSID20235473 DTXSID70866337 DTXSID10348283 DTXSID50432918 DTXSID70559575 DTXSID20896780 DTXSID00432448 DTXSID80872661 DTXSID20285832 DTXSID80787928 DTXSID60423817 DTXSID20824306 DTXSID80839633 DTXSID40855490 DTXSID40707566 DTXSID50307511 DTXSID10225964
DTXSID00472607	DTXSID40511640 DTXSID80589606 DTXSID10727791 DTXSID20303686 DTXSID70879689 DTXSID30295169 DTXSID80496604 DTXSID20187983 DTXSID80738773 DTXSID10181056 DTXSID40518199 DTXSID30505119 DTXSID10307178 DTXSID90669564 DTXSID00291259 DTXSID40427616 DTXSID50672276 DTXSID70385795 DTXSID90878937 DTXSID60729604
DTXSID80627991	DTXSID00651511 DTXSID00461157 DTXSID80191703 DTXSID70749176 DTXSID30178327 DTXSID90354120 DTXSID70857280 DTXSID10482131 DTXSID30628892 DTXSID30453025 DTXSID20371406 DTXSID70613904 DTXSID90625201 DTXSID70711898 DTXSID20180252 DTXSID90292093 DTXSID80729308 DTXSID20610786 DTXSID50206878 DTXSID70619188
DTXSID00325563	DTXSID00807834 DTXSID9069849 DTXSID90786326 DTXSID20624146 DTXSID90562940 DTXSID70464776 DTXSID90820815 DTXSID50198300 DTXSID00817918 DTXSID60573543 DTXSID20459617 DTXSID90595036 DTXSID60468920 DTXSID20288045 DTXSID70799737 DTXSID00732571 DTXSID50175070 DTXSID50783538 DTXSID80729641 DTXSID40187066
DTXSID70306869	DTXSID1052585 DTXSID80222480 DTXSID90335116 DTXSID40552058 DTXSID80196490 DTXSID00303785 DTXSID80483211 DTXSID60179645 DTXSID5059822 DTXSID00164439 DTXSID80479295 DTXSID60350371 DTXSID20488861 DTXSID60641211 DTXSID50528608 DTXSID10485607 DTXSID90809448 DTXSID20578675 DTXSID80729287 DTXSID40705805
DTXSID30844257	DTXSID00642424 DTXSID30707191 DTXSID80610828 DTXSID50326560 DTXSID30169250 DTXSID10503451 DTXSID80343765 DTXSID50621542 DTXSID90509850 DTXSID90178843 DTXSID20587863 DTXSID70333716 DTXSID40358330 DTXSID30823264 DTXSID40547121 DTXSID80800126 DTXSID90280854 DTXSID70645881 DTXSID10440059 DTXSID80346155
DTXSID10618478	DTXSID40711481 DTXSID00338355 DTXSID70377413 DTXSID20384137 DTXSID70511118 DTXSID50660254 DTXSID70640932 DTXSID10143472 DTXSID90325830 DTXSID30816914 DTXSID90380868 DTXSID70214273 DTXSID10652953 DTXSID7073771 DTXSID70666536 DTXSID60784278 DTXSID30694618 DTXSID50187552 DTXSID30661047 DTXSID10177934
DTXSID50709910	DTXSID30567075 DTXSID70241625 DTXSID50354681 DTXSID00444344 DTXSID40462249 DTXSID50728005 DTXSID70559191 DTXSID50621249 DTXSID00452565 DTXSID70359395 DTXSID10518101 DTXSID50527777 DTXSID20509883 DTXSID80543061 DTXSID20476162 DTXSID30805747 DTXSID80502759 DTXSID50188302 DTXSID00523683 DTXSID30870975
DTXSID40517460	DTXSID80356057 DTXSID80516730 DTXSID60578412 DTXSID40478209 DTXSID80627158 DTXSID30620215 DTXSID90406719 DTXSID80563209 DTXSID80304336 DTXSID80732155 DTXSID90319299 DTXSID80700192 DTXSID70578549 DTXSID00646629 DTXSID50669924 DTXSID70665448 DTXSID70350302 DTXSID80733081 DTXSID50837444 DTXSID60561849
DTXSID5066089	DTXSID10853165 DTXSID10721299 DTXSID20459617 DTXSID60573543 DTXSID50862599 DTXSID20740698 DTXSID90595036 DTXSID10615447 DTXSID30435361 DTXSID30850116 DTXSID80729641 DTXSID4041232 DTXSID00873296 DTXSID00732571 DTXSID20642042 DTXSID80733465 DTXSID80407816 DTXSID60526094 DTXSID10864690 DTXSID90786326
DTXSID50586107	DTXSID10728667 DTXSID10493989 DTXSID70724044 DTXSID90519474 DTXSID10454318 DTXSID30489046 DTXSID10888816 DTXSID80196374 DTXSID30770906 DTXSID20740911 DTXSID20533542 DTXSID60645870 DTXSID10803882 DTXSID5068233 DTXSID00501709 DTXSID90211683 DTXSID80771185 DTXSID80470161 DTXSID00184410 DTXSID80492621
DTXSID30845542	DTXSID4072316 DTXSID00452661 DTXSID70525598 DTXSID10592128 DTXSID80492267 DTXSID50144802 DTXSID30503079 DTXSID6052039 DTXSID60790112 DTXSID90440375 DTXSID80552597 DTXSID70786945 DTXSID30813064 DTXSID30514509 DTXSID60368274 DTXSID50766987 DTXSID20765967 DTXSID9070612 DTXSID00667394 DTXSID30800590
DTXSID00819932	DTXSID90850495 DTXSID90639247 DTXSID90783810 DTXSID10516460 DTXSID70511451 DTXSID20656109 DTXSID80470161 DTXSID00588454 DTXSID10183595 DTXSID50600953 DTXSID50277740 DTXSID50807743 DTXSID30782327 DTXSID00543245 DTXSID10803882 DTXSID90474074 DTXSID50278717 DTXSID00874349 DTXSID10811386 DTXSID90211683
DTXSID00338355	DTXSID10618478 DTXSID40711481 DTXSID70377413 DTXSID90325830 DTXSID10143472 DTXSID70511118 DTXSID70640932 DTXSID30816914 DTXSID50660254 DTXSID20384137 DTXSID70214273 DTXSID20730756 DTXSID20580733 DTXSID90380868 DTXSID70666536 DTXSID30661047 DTXSID30694618 DTXSID20376158 DTXSID10652953 DTXSID50187552
DTXSID80381783	DTXSID60476803 DTXSID70607868 DTXSID50343737 DTXSID20708556 DTXSID90612898 DTXSID20475751 DTXSID10480899 DTXSID70383473 DTXSID90431228 DTXSID60708712 DTXSID40877591 DTXSID40815115 DTXSID70731470 DTXSID40303103 DTXSID80524375 DTXSID40210161 DTXSID00771182 DTXSID40876983 DTXSID80876982 DTXSID00315606
DTXSID30575670	DTXSID60885077 DTXSID30223285 DTXSID60790970 DTXSID1068019 DTXSID20814500 DTXSID20888029 DTXSID90766845 DTXSID0062921 DTXSID90216335 DTXSID1068300 DTXSID10758949 DTXSID80814501 DTXSID20752115 DTXSID70394423 DTXSID5062398 DTXSID30566341 DTXSID60288589 DTXSID80195044 DTXSID20230322 DTXSID1066239
DTXSID40286902	DTXSID70373192 DTXSID90807484 DTXSID60418021 DTXSID50828832 DTXSID10244236 DTXSID2050035 DTXSID10637361 DTXSID70761252 DTXSID10720146 DTXSID20173745 DTXSID20887799 DTXSID40880500 DTXSID80764310 DTXSID60675950 DTXSID30694012 DTXSID80657910 DTXSID30158189 DTXSID20803095 DTXSID10609947 DTXSID90339119
DTXSID30666835	DTXSID20453973 DTXSID50619383 DTXSID80275653 DTXSID60710254 DTXSID60374335 DTXSID0058514 DTXSID10832697 DTXSID20290880 DTXSID20536457 DTXSID70589478 DTXSID70498152 DTXSID20886101 DTXSID10600595 DTXSID50755018 DTXSID3068126 DTXSID20833716 DTXSID60338038 DTXSID30413629 DTXSID30671560 DTXSID70602333
DTXSID40352676	DTXSID10313537 DTXSID60299094 DTXSID70665004 DTXSID70291064 DTXSID60173527 DTXSID70593353 DTXSID90788820 DTXSID30321194 DTXSID70780645 DTXSID40657259 DTXSID20460561 DTXSID00371969 DTXSID10513631 DTXSID90434618 DTXSID20441052 DTXSID60424440 DTXSID20564316 DTXSID60545866 DTXSID30176383 DTXSID70392328
DTXSID80808061	DTXSID90721252 DTXSID40781846 DTXSID10806954 DTXSID90801740 DTXSID30707171 DTXSID7066148 DTXSID80793165 DTXSID40277350 DTXSID60751309 DTXSID5052628 DTXSID90660430 DTXSID70700545 DTXSID20411452 DTXSID90765171 DTXSID40208523 DTXSID6063511 DTXSID30702166 DTXSID20195063 DTXSID10783438 DTXSID70622612
DTXSID00457217	DTXSID20745421 DTXSID50440356 DTXSID50846172 DTXSID00352374 DTXSID30693106 DTXSID90812856 DTXSID00406381 DTXSID80472908 DTXSID60194212 DTXSID00641295 DTXSID10875943 DTXSID90699861 DTXSID30374882 DTXSID70891442 DTXSID40641294 DTXSID20631638 DTXSID60631637 DTXSID60589644 DTXSID80423172 DTXSID50321954
DTXSID9058941	DTXSID30388904 DTXSID50150201 DTXSID1052664 DTXSID10521453 DTXSID60174953 DTXSID40720078 DTXSID50296032 DTXSID10698513 DTXSID00827012 DTXSID70832254 DTXSID60651118 DTXSID00667490 DTXSID10405885 DTXSID10335956 DTXSID00406003 DTXSID70360269 DTXSID70540044 DTXSID60570299 DTXSID70801288 DTXSID80289376
DTXSID20605758	DTXSID30291883 DTXSID80162079 DTXSID30217503 DTXSID10470412 DTXSID90560582 DTXSID10586047 DTXSID20735721 DTXSID20378677 DTXSID50471468 DTXSID40325507 DTXSID80572896 DTXSID10303190 DTXSID10673906 DTXSID80694466 DTXSID10771759 DTXSID90726161 DTXSID00520293 DTXSID20719167 DTXSID70170502 DTXSID20478323
DTXSID70876097	DTXSID10708141 DTXSID30618773 DTXSID10352183 DTXSID10630059 DTXSID80657213 DTXSID30855843 DTXSID40552573 DTXSID70219349 DTXSID50178662 DTXSID00755947 DTXSID20738797 DTXSID40430408 DTXSID00503940 DTXSID20776795 DTXSID80661557 DTXSID50623586 DTXSID50381154 DTXSID80588154 DTXSID60537100 DTXSID80284503
DTXSID90507013	DTXSID00542450 DTXSID90321837 DTXSID60720717 DTXSID30242911 DTXSID70358808 DTXSID60856924 DTXSID50879561 DTXSID30350808 DTXSID50841309 DTXSID40533943 DTXSID60546777 DTXSID10280659 DTXSID60707341 DTXSID60647298 DTXSID10350624 DTXSID10537195 DTXSID60675511 DTXSID40517344 DTXSID00399320 DTXSID00897119
DTXSID70170209	DTXSID00277659 DTXSID00858129 DTXSID00225594 DTXSID90400712 DTXSID80395209 DTXSID10621083 DTXSID50618174 DTXSID30747895 DTXSID10512301 DTXSID20801894 DTXSID50397735 DTXSID10703373 DTXSID80480780 DTXSID90669645 DTXSID80450049 DTXSID20285195 DTXSID60833316 DTXSID80426981 DTXSID80742936 DTXSID00651975
DTXSID70526065	DTXSID70527118 DTXSID70192805 DTXSID70614431 DTXSID40316117 DTXSID10734208 DTXSID80305424 DTXSID40815675 DTXSID10163594 DTXSID00744871 DTXSID80506439 DTXSID40789600 DTXSID20629777 DTXSID50521457 DTXSID70232093 DTXSID80506277 DTXSID40460846 DTXSID40230768 DTXSID30742724 DTXSID30825445 DTXSID50469906
DTXSID90762589	DTXSID00613750 DTXSID7044689 DTXSID10828494 DTXSID40374510 DTXSID30612519 DTXSID00749265 DTXSID00847053 DTXSID00586415 DTXSID90443725 DTXSID70500800 DTXSID20522552 DTXSID40782439 DTXSID90404174 DTXSID50709551 DTXSID00441777 DTXSID30418639 DTXSID60239536 DTXSID00434109 DTXSID10534447 DTXSID20403978
DTXSID70801288	DTXSID60570299 DTXSID70360269 DTXSID80530991 DTXSID10335956 DTXSID30385655 DTXSID10698513 DTXSID90407180 DTXSID5062425 DTXSID40624744 DTXSID80567565 DTXSID80548536 DTXSID00827012 DTXSID00726213 DTXSID30651120 DTXSID60768518 DTXSID30388904 DTXSID50701217 DTXSID90718526 DTXSID50660638 DTXSID50150201
DTXSID20449210	DTXSID7069071 DTXSID20481377 DTXSID70217885 DTXSID00561282 DTXSID10448353 DTXSID40519863 DTXSID30757656 DTXSID50460130 DTXSID80771069 DTXSID30531317 DTXSID60150616 DTXSID2060967 DTXSID90199053 DTXSID20211050 DTXSID30396761 DTXSID30757772 DTXSID90526789 DTXSID80452144 DTXSID60408725 DTXSID30587935
DTXSID10766645	DTXSID40776999 DTXSID00725468 DTXSID10190002 DTXSID7066643 DTXSID40504198 DTXSID80200465 DTXSID10651885 DTXSID60675213 DTXSID10482878 DTXSID10757811 DTXSID10223001 DTXSID30586387 DTXSID6047862 DTXSID10157478 DTXSID90613002 DTXSID30594280 DTXSID70894756 DTXSID60471818 DTXSID10772928 DTXSID50383330
DTXSID40551667	DTXSID30343058 DTXSID70742783 DTXSID6020012 DTXSID00353104 DTXSID80639958 DTXSID70353797 DTXSID90608771 DTXSID20375085 DTXSID70446597 DTXSID40244168 DTXSID60438865 DTXSID60612426 DTXSID00429853 DTXSID30401122 DTXSID70447701 DTXSID20310830 DTXSID60395929 DTXSID80698227 DTXSID40222542 DTXSID50464178
DTXSID4074271	DTXSID50177630 DTXSID40181084 DTXSID50778843 DTXSID90470157 DTXSID50297620 DTXSID90399273 DTXSID50816158 DTXSID80398735 DTXSID90816713 DTXSID40390654 DTXSID10338821 DTXSID80791444 DTXSID20602303 DTXSID90778665 DTXSID70762224 DTXSID50342467 DTXSID00787167 DTXSID20173321 DTXSID8073637 DTXSID40439936
DTXSID40482043	DTXSID60674281 DTXSID00631772 DTXSID10365975 DTXSID1065899 DTXSID00453198 DTXSID80380034 DTXSID00704314 DTXSID10342625 DTXSID80711127 DTXSID00802263 DTXSID40287797 DTXSID20351187 DTXSID30879726 DTXSID40191269 DTXSID10710163 DTXSID80642068 DTXSID00464704 DTXSID80609398 DTXSID70484191 DTXSID00421630
DTXSID80724732	DTXSID90694856 DTXSID20415399 DTXSID30478859 DTXSID10682417 DTXSID10469624 DTXSID70588229 DTXSID50722189 DTXSID50369735 DTXSID30363675 DTXSID30782468 DTXSID80178953 DTXSID10365950 DTXSID70460591 DTXSID60717162 DTXSID20646505 DTXSID20681991 DTXSID50843904 DTXSID10640133 DTXSID30571112 DTXSID40646289
DTXSID70443026	DTXSID9057680 DTXSID80554157 DTXSID00719266 DTXSID50277442 DTXSID20834965 DTXSID90529396 DTXSID80540737 DTXSID30354361 DTXSID10144383 DTXSID30767674 DTXSID90289180 DTXSID90295286 DTXSID10829527 DTXSID80451819 DTXSID40540738 DTXSID90453768 DTXSID30550023 DTXSID00162071 DTXSID90696310 DTXSID00864907
DTXSID40485019	DTXSID20474825 DTXSID60800821 DTXSID70879543 DTXSID80769224 DTXSID40188098 DTXSID40485337 DTXSID90771333 DTXSID50742443 DTXSID50876338 DTXSID00363127 DTXSID10720308 DTXSID00556597 DTXSID30372388 DTXSID70612538 DTXSID50355557 DTXSID10740400 DTXSID00425279 DTXSID60656749 DTXSID00313622 DTXSID50552847
DTXSID00748374	DTXSID00289651 DTXSID30730989 DTXSID90220432 DTXSID50750765 DTXSID60708676 DTXSID00834569 DTXSID50188948 DTXSID20563228 DTXSID30848932 DTXSID50572782 DTXSID50768805 DTXSID60704451 DTXSID70784865 DTXSID10851661 DTXSID20762693 DTXSID40413276 DTXSID40763243 DTXSID20627031 DTXSID20565303 DTXSID70764248
DTXSID1058393	DTXSID20697072 DTXSID20177142 DTXSID40468781 DTXSID5059163 DTXSID10191993 DTXSID60633636 DTXSID70876552 DTXSID50755018 DTXSID30546042 DTXSID80503882 DTXSID70359355 DTXSID30673827 DTXSID40729783 DTXSID50802031 DTXSID70484651 DTXSID30751750 DTXSID30350843 DTXSID30413629 DTXSID40328396 DTXSID20833716
DTXSID50768289	DTXSID0025442 DTXSID80564074 DTXSID70172723 DTXSID80314112 DTXSID00289818 DTXSID30408732 DTXSID00635871 DTXSID20669517 DTXSID50591554 DTXSID90163931 DTXSID10749731 DTXSID60642107 DTXSID10614374 DTXSID90670418 DTXSID6061604 DTXSID30375718 DTXSID40663259 DTXSID50294013 DTXSID50557377 DTXSID00349547
DTXSID00358154	DTXSID20479512 DTXSID50363339 DTXSID30617640 DTXSID50187390 DTXSID20803419 DTXSID10489948 DTXSID40378694 DTXSID10563075 DTXSID40365761 DTXSID60442705 DTXSID10388588 DTXSID80660101 DTXSID00303922 DTXSID80696829 DTXSID90616912 DTXSID50708403 DTXSID60402369 DTXSID00323882 DTXSID60341340 DTXSID90829020
DTXSID30314602	DTXSID10437121 DTXSID30544023 DTXSID10403725 DTXSID50450374 DTXSID30506823 DTXSID90787030 DTXSID40697812 DTXSID10761256 DTXSID40180330 DTXSID40661119 DTXSID60170096 DTXSID1063691 DTXSID0024397 DTXSID30653462 DTXSID30666274 DTXSID30668910 DTXSID20740779 DTXSID00276940 DTXSID20781243 DTXSID30635122
DTXSID00639591	DTXSID90543810 DTXSID80528696 DTXSID20832421 DTXSID80342874 DTXSID00564713 DTXSID6044773 DTXSID70764920 DTXSID40606005 DTXSID10564320 DTXSID50579054 DTXSID40226601 DTXSID90313550 DTXSID00333421 DTXSID40390038 DTXSID60778778 DTXSID7067401 DTXSID70493445 DTXSID00236589 DTXSID80673756 DTXSID60586193
DTXSID90422898	DTXSID20294181 DTXSID20306273 DTXSID20832224 DTXSID70428934 DTXSID40696128 DTXSID40630966 DTXSID90722587 DTXSID30797451 DTXSID80832225 DTXSID90846131 DTXSID30717058 DTXSID40468084 DTXSID70506807 DTXSID90208699 DTXSID20155783 DTXSID30377479 DTXSID80765302 DTXSID30368908 DTXSID30535875 DTXSID40609798
DTXSID60606582	DTXSID90328629 DTXSID50528269 DTXSID80795720 DTXSID10682199 DTXSID10391618 DTXSID1051800 DTXSID20229796 DTXSID50693663 DTXSID50766366 DTXSID50858472 DTXSID80342879 DTXSID20423873 DTXSID70651568 DTXSID70565833 DTXSID90530942 DTXSID90847486 DTXSID50798425 DTXSID30463806 DTXSID90536565 DTXSID90277789
DTXSID50187552	DTXSID10177934 DTXSID70214273 DTXSID30694618 DTXSID70666536 DTXSID30661047 DTXSID20624964 DTXSID80302291 DTXSID50605887 DTXSID10371773 DTXSID90355415 DTXSID90380868 DTXSID40398938 DTXSID20698160 DTXSID80791540 DTXSID60784278 DTXSID10652953 DTXSID40319300 DTXSID50576907 DTXSID70177935 DTXSID10856212
DTXSID10770565	DTXSID40462365 DTXSID00161882 DTXSID60813436 DTXSID90445481 DTXSID50816739 DTXSID30408717 DTXSID40838642 DTXSID90796788 DTXSID60797944 DTXSID70709896 DTXSID00794972 DTXSID90533897 DTXSID80783304 DTXSID60880764 DTXSID00625252 DTXSID00819290 DTXSID40773347 DTXSID80742456 DTXSID70325893 DTXSID60795081
DTXSID50712227	DTXSID70783414 DTXSID00887994 DTXSID70402698 DTXSID00603050 DTXSID00282965 DTXSID10561910 DTXSID40384679 DTXSID40334154 DTXSID7051686 DTXSID20752594 DTXSID0064672 DTXSID10831908 DTXSID80397324 DTXSID00182673 DTXSID9065364 DTXSID00667551 DTXSID90193758 DTXSID20579647 DTXSID70404955 DTXSID30651201
DTXSID60459959	DTXSID30788642 DTXSID80629490 DTXSID20390950 DTXSID90799638 DTXSID60281555 DTXSID50375033 DTXSID20293093 DTXSID40673595 DTXSID00425552 DTXSID10796583 DTXSID80318034 DTXSID70212375 DTXSID80645312 DTXSID3073397 DTXSID00539461 DTXSID40501208 DTXSID70173750 DTXSID2041963 DTXSID30734902 DTXSID30844757
DTXSID20611374	DTXSID00384039 DTXSID90497425 DTXSID80548516 DTXSID50208059 DTXSID70239385 DTXSID60379527 DTXSID60221092 DTXSID30716324 DTXSID50830854 DTXSID20597765 DTXSID80318690 DTXSID3069982 DTXSID70395778 DTXSID10760229 DTXSID40536090 DTXSID50590749 DTXSID10727852 DTXSID80351527 DTXSID10392362 DTXSID20154993
DTXSID60470523	DTXSID20646803 DTXSID20295517 DTXSID70724089 DTXSID00747382 DTXSID80601317 DTXSID10430157 DTXSID20377125 DTXSID80354876 DTXSID80620381 DTXSID40297775 DTXSID20277075 DTXSID00631737 DTXSID90360625 DTXSID70628018 DTXSID70147895 DTXSID9064007 DTXSID00462684 DTXSID90734029 DTXSID70295163 DTXSID50818359
DTXSID30639589	DTXSID30524340 DTXSID10472219 DTXSID4062519 DTXSID20636986 DTXSID00814942 DTXSID80552279 DTXSID20495494 DTXSID30737771 DTXSID80771201 DTXSID60339080 DTXSID40534915 DTXSID10544465 DTXSID20340096 DTXSID20459137 DTXSID90464854 DTXSID30340426 DTXSID80450948 DTXSID40492324 DTXSID00551027 DTXSID60481437
DTXSID30787357	DTXSID50697429 DTXSID20834086 DTXSID70202337 DTXSID60739526 DTXSID10618519 DTXSID10393657 DTXSID50631606 DTXSID20368194 DTXSID60588576 DTXSID50646755 DTXSID00730012 DTXSID00585347 DTXSID80656180 DTXSID50179518 DTXSID80560576 DTXSID90695323 DTXSID50304707 DTXSID20656063 DTXSID90840538 DTXSID20605314
DTXSID30420671	DTXSID10729396 DTXSID90701110 DTXSID10645244 DTXSID60812722 DTXSID40365680 DTXSID00371429 DTXSID40708639 DTXSID80228902 DTXSID10842453 DTXSID80405837 DTXSID20567600 DTXSID60298688 DTXSID50879364 DTXSID70444331 DTXSID50650554 DTXSID00576553 DTXSID30357635 DTXSID40350132 DTXSID80320773 DTXSID10593776
DTXSID00389746	DTXSID20591980 DTXSID30621282 DTXSID10444416 DTXSID80511583 DTXSID50421524 DTXSID70502965 DTXSID60734738 DTXSID10443964 DTXSID80734038 DTXSID80792436 DTXSID00799866 DTXSID10275540 DTXSID70757958 DTXSID50508066 DTXSID40756958 DTXSID40774819 DTXSID90739938 DTXSID20170794 DTXSID10628991 DTXSID60188272
DTXSID40382933	DTXSID10561975 DTXSID30507638 DTXSID60308751 DTXSID20876047 DTXSID10803483 DTXSID50178708 DTXSID80788253 DTXSID60214121 DTXSID00769266 DTXSID80700798 DTXSID70741615 DTXSID40811253 DTXSID60211832 DTXSID90622179 DTXSID30479922 DTXSID40642488 DTXSID50812918 DTXSID30558488 DTXSID50553950 DTXSID30566720
DTXSID90598183	DTXSID10764141 DTXSID00722634 DTXSID60700392 DTXSID60429096 DTXSID10142980 DTXSID20881333 DTXSID10371410 DTXSID50308568 DTXSID30659560 DTXSID00314654 DTXSID90611508 DTXSID50336265 DTXSID40393089 DTXSID90353299 DTXSID50292099 DTXSID50303811 DTXSID30727511 DTXSID00443175 DTXSID10292499 DTXSID50582785
DTXSID90195772	DTXSID90295367 DTXSID20392196 DTXSID20651932 DTXSID00585105 DTXSID10708742 DTXSID60193826 DTXSID60646120 DTXSID50351332 DTXSID10367090 DTXSID20640881 DTXSID30188123 DTXSID40806821 DTXSID90373013 DTXSID90371170 DTXSID70178265 DTXSID60429672 DTXSID40536090 DTXSID50830854 DTXSID00532750 DTXSID90763672
DTXSID90598188	DTXSID90616634 DTXSID00574332 DTXSID70693201 DTXSID80557042 DTXSID40607855 DTXSID40490688 DTXSID40659692 DTXSID90306129 DTXSID30537475 DTXSID00559806 DTXSID10280659 DTXSID50656218 DTXSID40276348 DTXSID20679136 DTXSID50841309 DTXSID60657039 DTXSID8036653 DTXSID80519504 DTXSID40451698 DTXSID70299409
DTXSID30446093	DTXSID10456251 DTXSID60785886 DTXSID60764858 DTXSID40330590 DTXSID50340226 DTXSID40574018 DTXSID10838811 DTXSID90719593 DTXSID80169801 DTXSID20557243 DTXSID90755951 DTXSID20431170 DTXSID80604368 DTXSID00391541 DTXSID00770579 DTXSID40200784 DTXSID50457944 DTXSID60599405 DTXSID10462332 DTXSID80496346
DTXSID70234370	DTXSID80221812 DTXSID80599947 DTXSID50154805 DTXSID30660373 DTXSID70765270 DTXSID90158322 DTXSID40555266 DTXSID80151569 DTXSID80792077 DTXSID90160344 DTXSID00563862 DTXSID80327409 DTXSID00886881 DTXSID60489953 DTXSID60886165 DTXSID00885839 DTXSID70855069 DTXSID70392702 DTXSID90203164 DTXSID00604709
DTXSID70677208	DTXSID70325535 DTXSID30726064 DTXSID80487471 DTXSID70471389 DTXSID00506916 DTXSID90574381 DTXSID60377023 DTXSID40808289 DTXSID80728891 DTXSID00695157 DTXSID50667248 DTXSID20534998 DTXSID90813020 DTXSID80294445 DTXSID30311595 DTXSID20439297 DTXSID80282226 DTXSID90419526 DTXSID00618008 DTXSID70619067
DTXSID80665479	DTXSID50154325 DTXSID60618206 DTXSID10448358 DTXSID70662836 DTXSID90747351 DTXSID30713434 DTXSID10618094 DTXSID50570960 DTXSID10556543 DTXSID70579652 DTXSID40681493 DTXSID60293931 DTXSID5020942 DTXSID20493516 DTXSID70428934 DTXSID20616804 DTXSID80297118 DTXSID50429247 DTXSID60799327 DTXSID80793069
DTXSID80444347	DTXSID30460633 DTXSID10433567 DTXSID90473582 DTXSID40551980 DTXSID10311119 DTXSID90509133 DTXSID40619296 DTXSID60812328 DTXSID20281692 DTXSID80889294 DTXSID30828774 DTXSID0035748 DTXSID70447286 DTXSID50354606 DTXSID50563231 DTXSID10640895 DTXSID40207955 DTXSID90385934 DTXSID10556700 DTXSID80851436
DTXSID80475919	DTXSID80733081 DTXSID80597943 DTXSID60561849 DTXSID70382567 DTXSID70560101 DTXSID80304336 DTXSID90694957 DTXSID30305550 DTXSID80732155 DTXSID10379411 DTXSID90319299 DTXSID90370966 DTXSID50837444 DTXSID40661659 DTXSID00681055 DTXSID40478209 DTXSID80516730 DTXSID20477518 DTXSID40615374 DTXSID10308665
DTXSID80211571	DTXSID00568670 DTXSID70176266 DTXSID50848994 DTXSID60571706 DTXSID60897135 DTXSID90662833 DTXSID10496814 DTXSID00405117 DTXSID90817745 DTXSID70399418 DTXSID00293935 DTXSID70821062 DTXSID70471445 DTXSID00748874 DTXSID80290306 DTXSID60734213 DTXSID80492984 DTXSID60842746 DTXSID30378360 DTXSID70203107
DTXSID00600882	DTXSID50736064 DTXSID60466481 DTXSID50419789 DTXSID10808695 DTXSID00371126 DTXSID50280274 DTXSID30524966 DTXSID30485745 DTXSID10563954 DTXSID90214997 DTXSID80593384 DTXSID50743511 DTXSID90343054 DTXSID00678940 DTXSID70564109 DTXSID90236053 DTXSID10288332 DTXSID90507811 DTXSID20608365 DTXSID30579759
DTXSID70840798	DTXSID10721916 DTXSID50663780 DTXSID00729421 DTXSID20372110 DTXSID00231438 DTXSID30885241 DTXSID30350580 DTXSID40556990 DTXSID70671842 DTXSID30663369 DTXSID40165147 DTXSID60705544 DTXSID90807803 DTXSID60347781 DTXSID80279373 DTXSID40530477 DTXSID70650576 DTXSID4040343 DTXSID10590482 DTXSID50524963
DTXSID00419451	DTXSID70586169 DTXSID00486769 DTXSID30277844 DTXSID20470721 DTXSID90519676 DTXSID90873624 DTXSID30195973 DTXSID10548160 DTXSID80304871 DTXSID3070040 DTXSID30400877 DTXSID60299054 DTXSID20505981 DTXSID30287024 DTXSID60739485 DTXSID10533536 DTXSID90727173 DTXSID00694544 DTXSID70548601 DTXSID70807240
DTXSID80756710	DTXSID40706170 DTXSID30844232 DTXSID30307135 DTXSID00787248 DTXSID20558952 DTXSID30615146 DTXSID10322826 DTXSID40869951 DTXSID20675951 DTXSID10852012 DTXSID20776896 DTXSID00764377 DTXSID10224790 DTXSID20802604 DTXSID10279164 DTXSID60749867 DTXSID80185869 DTXSID50757835 DTXSID20469635 DTXSID60789344
DTXSID40208523	DTXSID6063511 DTXSID10783438 DTXSID90660430 DTXSID80560258 DTXSID80576899 DTXSID00559144 DTXSID00775887 DTXSID60751309 DTXSID90765171 DTXSID70622612 DTXSID90302606 DTXSID7066148 DTXSID70751310 DTXSID2063765 DTXSID20195063 DTXSID20411452 DTXSID30702166 DTXSID90404730 DTXSID50410539 DTXSID50783437
DTXSID00377007	DTXSID20383685 DTXSID00681055 DTXSID30343679 DTXSID20477518 DTXSID50737516 DTXSID40680007 DTXSID30671904 DTXSID40661659 DTXSID20879058 DTXSID90631125 DTXSID20739320 DTXSID80597943 DTXSID60325847 DTXSID50165017 DTXSID90559693 DTXSID70382567 DTXSID10308665 DTXSID30559379 DTXSID80436661 DTXSID60498388
DTXSID70404955	DTXSID50524701 DTXSID20752594 DTXSID60712218 DTXSID80531529 DTXSID00282965 DTXSID40285339 DTXSID30485028 DTXSID00182673 DTXSID10561910 DTXSID70783414 DTXSID0064672 DTXSID70402698 DTXSID00453451 DTXSID00887994 DTXSID50712227 DTXSID70424719 DTXSID50474550 DTXSID00603050 DTXSID70647688 DTXSID9065364
DTXSID40652547	DTXSID30155996 DTXSID50783619 DTXSID00832722 DTXSID30825102 DTXSID30826654 DTXSID30773912 DTXSID40823492 DTXSID40219053 DTXSID00454862 DTXSID4070378 DTXSID70823546 DTXSID10782320 DTXSID00148017 DTXSID00314351 DTXSID00153661 DTXSID00823534 DTXSID00590274 DTXSID80436722 DTXSID10856792 DTXSID30851507
DTXSID40845694	DTXSID80855090 DTXSID70669229 DTXSID10777554 DTXSID00668987 DTXSID30444993 DTXSID00670222 DTXSID10356469 DTXSID80289396 DTXSID70710927 DTXSID20394216 DTXSID50776243 DTXSID20640467 DTXSID90611407 DTXSID90706488 DTXSID50356468 DTXSID80479391 DTXSID80593521 DTXSID10354268 DTXSID20648620 DTXSID5063605
DTXSID40726878	DTXSID20207695 DTXSID10459065 DTXSID10296831 DTXSID80663551 DTXSID50593492 DTXSID20549264 DTXSID80570155 DTXSID10287204 DTXSID40293717 DTXSID80208966 DTXSID10518525 DTXSID30599710 DTXSID80181487 DTXSID90473567 DTXSID30609247 DTXSID30662913 DTXSID20585788 DTXSID50366244 DTXSID10659624 DTXSID50533277
DTXSID80407659	DTXSID60503325 DTXSID20483593 DTXSID50778944 DTXSID30462596 DTXSID10364029 DTXSID90592505 DTXSID00766437 DTXSID1063435 DTXSID50383092 DTXSID80496402 DTXSID20663414 DTXSID70513637 DTXSID80670922 DTXSID40371741 DTXSID90688538 DTXSID40623494 DTXSID00407818 DTXSID00186358 DTXSID80766172 DTXSID20431438
DTXSID60707361	DTXSID40415917 DTXSID20324518 DTXSID50596746 DTXSID50604173 DTXSID30306426 DTXSID50274133 DTXSID70478257 DTXSID20372933 DTXSID10280790 DTXSID3068592 DTXSID80373744 DTXSID60615215 DTXSID10340949 DTXSID10749579 DTXSID00720635 DTXSID80686346 DTXSID8024787 DTXSID80457932 DTXSID30789876 DTXSID40832084
DTXSID70694839	DTXSID50739813 DTXSID50601960 DTXSID40757627 DTXSID40575409 DTXSID70214475 DTXSID20189700 DTXSID60408361 DTXSID80563204 DTXSID70742607 DTXSID30427584 DTXSID50630316 DTXSID70288813 DTXSID80172734 DTXSID80418427 DTXSID30356901 DTXSID50454276 DTXSID90445749 DTXSID60170258 DTXSID80503569 DTXSID40495138
DTXSID70791059	DTXSID90379454 DTXSID1072260 DTXSID40297356 DTXSID20442145 DTXSID10720242 DTXSID00387843 DTXSID50310222 DTXSID80207252 DTXSID70674474 DTXSID20876683 DTXSID90185830 DTXSID80284285 DTXSID20462242 DTXSID60729821 DTXSID30645342 DTXSID70704543 DTXSID80451430 DTXSID50277765 DTXSID50638155 DTXSID20876264
DTXSID10561314	DTXSID40192433 DTXSID00727482 DTXSID10633489 DTXSID90379515 DTXSID10845828 DTXSID10539896 DTXSID40756655 DTXSID20599643 DTXSID60560913 DTXSID00531006 DTXSID00844643 DTXSID70768463 DTXSID60437131 DTXSID70879422 DTXSID90462032 DTXSID50518867 DTXSID10221340 DTXSID30544482 DTXSID20673533 DTXSID60621250
DTXSID20348830	DTXSID40856366 DTXSID60500859 DTXSID00663871 DTXSID60471338 DTXSID40652067 DTXSID20857154 DTXSID80437991 DTXSID60175162 DTXSID70788262 DTXSID90605508 DTXSID50590188 DTXSID60467599 DTXSID20452729 DTXSID90749597 DTXSID60187922 DTXSID80621691 DTXSID3068592 DTXSID40427651 DTXSID10280790 DTXSID50274133
DTXSID30519534	DTXSID70596485 DTXSID60615952 DTXSID70880614 DTXSID6066862 DTXSID70477361 DTXSID90423986 DTXSID50771354 DTXSID00402808 DTXSID20801632 DTXSID50718047 DTXSID50718906 DTXSID1070856 DTXSID20468941 DTXSID40338031 DTXSID60501967 DTXSID80766713 DTXSID80766536 DTXSID60818128 DTXSID90826973 DTXSID20818129
DTXSID60615952	DTXSID6066862 DTXSID70880614 DTXSID70477361 DTXSID30519534 DTXSID20801632 DTXSID90423986 DTXSID50771354 DTXSID1070856 DTXSID50718047 DTXSID70596485 DTXSID80766536 DTXSID20837451 DTXSID20468941 DTXSID70399014 DTXSID50404352 DTXSID80437850 DTXSID50718906 DTXSID40338031 DTXSID60388215 DTXSID20818129
DTXSID50632259	DTXSID40425995 DTXSID80591547 DTXSID80375086 DTXSID20360335 DTXSID8066975 DTXSID60212142 DTXSID90149336 DTXSID90507811 DTXSID60395929 DTXSID60438865 DTXSID70598666 DTXSID50795277 DTXSID60283352 DTXSID80666461 DTXSID20375085 DTXSID40616866 DTXSID50751116 DTXSID90331931 DTXSID50280274 DTXSID80324913
DTXSID80464702	DTXSID50705639 DTXSID90358244 DTXSID70543696 DTXSID60434766 DTXSID50322305 DTXSID90203604 DTXSID80588013 DTXSID00650185 DTXSID80445339 DTXSID00444369 DTXSID10820791 DTXSID70561092 DTXSID40597080 DTXSID60623592 DTXSID30452058 DTXSID80641117 DTXSID20201895 DTXSID30853743 DTXSID50323731 DTXSID50494753
DTXSID60365925	DTXSID4060739 DTXSID60443631 DTXSID90614711 DTXSID00350315 DTXSID90640813 DTXSID40794991 DTXSID50230830 DTXSID90374045 DTXSID50697161 DTXSID80391327 DTXSID60625354 DTXSID50310747 DTXSID00472844 DTXSID40319825 DTXSID20624303 DTXSID60157009 DTXSID90626950 DTXSID60668963 DTXSID40598698 DTXSID20840849
DTXSID30714365	DTXSID20370717 DTXSID40751488 DTXSID60829072 DTXSID60289273 DTXSID1044514 DTXSID60228965 DTXSID70281485 DTXSID00410423 DTXSID40396919 DTXSID70591854 DTXSID70671600 DTXSID40745100 DTXSID80713888 DTXSID50226213 DTXSID60667577 DTXSID50801589 DTXSID30458691 DTXSID60424420 DTXSID60790258 DTXSID70317031
DTXSID40312593	DTXSID80760539 DTXSID40143824 DTXSID00366416 DTXSID00680563 DTXSID50855981 DTXSID30488256 DTXSID90152749 DTXSID80385004 DTXSID20729766 DTXSID00700114 DTXSID40454942 DTXSID00174816 DTXSID20372397 DTXSID80383383 DTXSID20831095 DTXSID00276783 DTXSID80856466 DTXSID50239863 DTXSID00343944 DTXSID60669213
DTXSID50394522	DTXSID90732424 DTXSID30664371 DTXSID1046506 DTXSID20430688 DTXSID50751474 DTXSID00551289 DTXSID30741914 DTXSID10202997 DTXSID60446788 DTXSID70350342 DTXSID40615596 DTXSID40743606 DTXSID80156493 DTXSID60771643 DTXSID70487647 DTXSID50400490 DTXSID30857589 DTXSID20405593 DTXSID10551290 DTXSID60896067
DTXSID90420798	DTXSID30241787 DTXSID70196484 DTXSID00427450 DTXSID70452633 DTXSID90358168 DTXSID10767591 DTXSID50494990 DTXSID60192657 DTXSID50345716 DTXSID70545195 DTXSID70191611 DTXSID10787436 DTXSID60621654 DTXSID50716063 DTXSID40829772 DTXSID50149857 DTXSID30615166 DTXSID80369526 DTXSID40654925 DTXSID20702716
DTXSID70542583	DTXSID40586070 DTXSID00729421 DTXSID70220874 DTXSID70650576 DTXSID70243846 DTXSID20372110 DTXSID10721916 DTXSID10735558 DTXSID60667299 DTXSID10590482 DTXSID4040343 DTXSID90827602 DTXSID60734071 DTXSID70671842 DTXSID60655318 DTXSID70840798 DTXSID60405698 DTXSID90633644 DTXSID00520839 DTXSID10348884
DTXSID20453190	DTXSID10808392 DTXSID20873935 DTXSID70571636 DTXSID1023233 DTXSID30624394 DTXSID30748145 DTXSID20794818 DTXSID40346691 DTXSID40594852 DTXSID80825970 DTXSID30725678 DTXSID10629923 DTXSID10654715 DTXSID60701102 DTXSID3066267 DTXSID40656404 DTXSID00421579 DTXSID7063421 DTXSID50662894 DTXSID60725848
DTXSID30831682	DTXSID00301524 DTXSID70570841 DTXSID30763535 DTXSID20163666 DTXSID00804166 DTXSID80708279 DTXSID40304615 DTXSID80773745 DTXSID80768373 DTXSID40828008 DTXSID80803096 DTXSID70546066 DTXSID90339119 DTXSID40763107 DTXSID10808413 DTXSID80657910 DTXSID80853470 DTXSID90706463 DTXSID20447413 DTXSID80764310
DTXSID50635285	DTXSID20398810 DTXSID70811428 DTXSID60725101 DTXSID00610163 DTXSID00839751 DTXSID10198205 DTXSID10563479 DTXSID20406141 DTXSID30750945 DTXSID10596368 DTXSID10727837 DTXSID50450930 DTXSID90462936 DTXSID70145831 DTXSID50406932 DTXSID40390932 DTXSID10363476 DTXSID30579375 DTXSID80440647 DTXSID00536894
DTXSID40867432	DTXSID20808722 DTXSID60710279 DTXSID10819029 DTXSID40193041 DTXSID30805762 DTXSID70395056 DTXSID2070421 DTXSID00804404 DTXSID70790805 DTXSID40830606 DTXSID60282305 DTXSID10805149 DTXSID90176243 DTXSID20834925 DTXSID60635099 DTXSID70710346 DTXSID50812175 DTXSID40789867 DTXSID20888665 DTXSID40880989
DTXSID40788759	DTXSID90408410 DTXSID40845078 DTXSID40162656 DTXSID30276372 DTXSID70782987 DTXSID60519461 DTXSID10182063 DTXSID30748463 DTXSID80221599 DTXSID80827696 DTXSID50479863 DTXSID50743394 DTXSID00461576 DTXSID60517609 DTXSID00483556 DTXSID40446483 DTXSID50703690 DTXSID20197946 DTXSID70721432 DTXSID40721429
DTXSID50393757	DTXSID60591924 DTXSID60818360 DTXSID60813496 DTXSID70630050 DTXSID00308639 DTXSID90836193 DTXSID60670389 DTXSID60591944 DTXSID20482662 DTXSID50672276 DTXSID40427616 DTXSID50322446 DTXSID00836164 DTXSID20641257 DTXSID90360625 DTXSID40518199 DTXSID00291259 DTXSID50164641 DTXSID00747382 DTXSID80601317
DTXSID90187238	DTXSID60885855 DTXSID20275814 DTXSID30667468 DTXSID70589756 DTXSID60193361 DTXSID00656147 DTXSID60473099 DTXSID00373802 DTXSID10733776 DTXSID50404296 DTXSID10340247 DTXSID10511354 DTXSID90549170 DTXSID40607633 DTXSID70739012 DTXSID20668040 DTXSID00587664 DTXSID10786282 DTXSID40845735 DTXSID80772798
DTXSID20351228	DTXSID30668051 DTXSID70629489 DTXSID30600355 DTXSID10380986 DTXSID70315976 DTXSID70357679 DTXSID60501705 DTXSID80354750 DTXSID50325992 DTXSID60573200 DTXSID80744470 DTXSID90489587 DTXSID00721127 DTXSID00857657 DTXSID50671709 DTXSID50599959 DTXSID20817016 DTXSID60456741 DTXSID60551149 DTXSID20182216
DTXSID40221893	DTXSID40474221 DTXSID80522659 DTXSID20565166 DTXSID70526161 DTXSID50771132 DTXSID10811386 DTXSID90474074 DTXSID50277740 DTXSID00543245 DTXSID20656109 DTXSID50278717 DTXSID10516460 DTXSID10380522 DTXSID00772053 DTXSID50821545 DTXSID50354606 DTXSID60645895 DTXSID4051740 DTXSID70383372 DTXSID80618687
DTXSID20599022	DTXSID40516574 DTXSID00857657 DTXSID80625119 DTXSID60456741 DTXSID50776829 DTXSID10626018 DTXSID80224782 DTXSID00515240 DTXSID10399659 DTXSID20589302 DTXSID20182216 DTXSID60542335 DTXSID50312908 DTXSID40430160 DTXSID90663466 DTXSID90489587 DTXSID30189978 DTXSID10361513 DTXSID10609765 DTXSID30173276
DTXSID00506597	DTXSID40408768 DTXSID70834470 DTXSID60242525 DTXSID60711589 DTXSID90306821 DTXSID20308494 DTXSID00239257 DTXSID20370858 DTXSID90175897 DTXSID80813559 DTXSID90177215 DTXSID80345481 DTXSID10829421 DTXSID80374337 DTXSID50828574 DTXSID90720684 DTXSID70367112 DTXSID00510836 DTXSID80642422 DTXSID40278201
DTXSID60301085	DTXSID10473549 DTXSID10754289 DTXSID70756441 DTXSID80748231 DTXSID60661131 DTXSID90489385 DTXSID50408597 DTXSID30735378 DTXSID40359589 DTXSID10406892 DTXSID00651975 DTXSID20307381 DTXSID20781243 DTXSID10364125 DTXSID40694669 DTXSID70566264 DTXSID60533187 DTXSID30733677 DTXSID40403172 DTXSID80742936
DTXSID50761255	DTXSID80294248 DTXSID70590307 DTXSID40296925 DTXSID40829196 DTXSID80598596 DTXSID90408415 DTXSID80822580 DTXSID10282456 DTXSID00755947 DTXSID60145840 DTXSID70602010 DTXSID60537100 DTXSID80657213 DTXSID60834222 DTXSID00656980 DTXSID30756543 DTXSID50623586 DTXSID80756058 DTXSID80588154 DTXSID50804050
DTXSID40460861	DTXSID70841881 DTXSID80668364 DTXSID20444028 DTXSID10430339 DTXSID70579652 DTXSID70296791 DTXSID40681493 DTXSID10556543 DTXSID00326035 DTXSID90284453 DTXSID00165648 DTXSID50602699 DTXSID80375703 DTXSID3057729 DTXSID20296483 DTXSID00429333 DTXSID40468084 DTXSID90722587 DTXSID30797451 DTXSID30823229
DTXSID60830062	DTXSID50210814 DTXSID90167257 DTXSID70446895 DTXSID10604513 DTXSID10765572 DTXSID30822737 DTXSID70668499 DTXSID70626953 DTXSID70598444 DTXSID30398023 DTXSID30634539 DTXSID90604692 DTXSID50287864 DTXSID60649136 DTXSID20468406 DTXSID60569385 DTXSID40641173 DTXSID00791224 DTXSID10221340 DTXSID00531485
DTXSID50660254	DTXSID20384137 DTXSID70640932 DTXSID10618478 DTXSID30816914 DTXSID7073771 DTXSID40711481 DTXSID70282316 DTXSID60661651 DTXSID90753492 DTXSID70511118 DTXSID10377573 DTXSID50650554 DTXSID80405837 DTXSID00338355 DTXSID70377413 DTXSID50853169 DTXSID20284688 DTXSID90380868 DTXSID10652953 DTXSID10143472
DTXSID60336195	DTXSID30544588 DTXSID3061552 DTXSID10442659 DTXSID30306209 DTXSID70799434 DTXSID70438497 DTXSID30344949 DTXSID5072486 DTXSID70709538 DTXSID20448329 DTXSID00633478 DTXSID40397668 DTXSID10525310 DTXSID90621465 DTXSID70593176 DTXSID70448359 DTXSID30572765 DTXSID30278654 DTXSID10405921 DTXSID60488421
DTXSID50610431	DTXSID30384628 DTXSID00528794 DTXSID80729803 DTXSID10737734 DTXSID90707096 DTXSID80819899 DTXSID90490436 DTXSID80561604 DTXSID10781712 DTXSID00438283 DTXSID80595247 DTXSID10175430 DTXSID20390213 DTXSID10289521 DTXSID60179988 DTXSID70475029 DTXSID20682347 DTXSID70659620 DTXSID10359354 DTXSID70388024
DTXSID30225724	DTXSID00449339 DTXSID50879602 DTXSID80441730 DTXSID70729352 DTXSID80536276 DTXSID60696529 DTXSID30889784 DTXSID40633614 DTXSID10653829 DTXSID70652636 DTXSID30160883 DTXSID40609798 DTXSID90208699 DTXSID30377479 DTXSID80765302 DTXSID60681556 DTXSID90664317 DTXSID40287813 DTXSID00618003 DTXSID00312413
DTXSID60599086	DTXSID70543979 DTXSID50379475 DTXSID40494722 DTXSID90152880 DTXSID70507379 DTXSID30525099 DTXSID10359430 DTXSID20346058 DTXSID50404433 DTXSID20676827 DTXSID30804639 DTXSID50527373 DTXSID50315232 DTXSID30323890 DTXSID70630333 DTXSID70526828 DTXSID00326196 DTXSID20604968 DTXSID00589805 DTXSID60879719
DTXSID60199601	DTXSID80742077 DTXSID10375019 DTXSID20486403 DTXSID60168776 DTXSID3057692 DTXSID20838140 DTXSID40795125 DTXSID90483020 DTXSID20291539 DTXSID70655400 DTXSID50464411 DTXSID70599118 DTXSID10498176 DTXSID30638613 DTXSID2024791 DTXSID50311390 DTXSID80501489 DTXSID60526594 DTXSID30372484 DTXSID00110032
DTXSID50456093	DTXSID70891942 DTXSID60277236 DTXSID00577909 DTXSID80773922 DTXSID20199061 DTXSID1069825 DTXSID30153558 DTXSID60444229 DTXSID40835535 DTXSID70399812 DTXSID00160532 DTXSID30196965 DTXSID70669921 DTXSID40818368 DTXSID60562871 DTXSID40210747 DTXSID30796242 DTXSID00236246 DTXSID2065757 DTXSID80198156
DTXSID30725678	DTXSID10629923 DTXSID10654715 DTXSID40656404 DTXSID50662894 DTXSID30748145 DTXSID40346691 DTXSID90823164 DTXSID80825970 DTXSID20743427 DTXSID40724470 DTXSID40676763 DTXSID60674165 DTXSID70571636 DTXSID30744627 DTXSID90706185 DTXSID50590148 DTXSID7063421 DTXSID10712061 DTXSID00731322 DTXSID80296964
DTXSID50293460	DTXSID90182445 DTXSID30575690 DTXSID50215829 DTXSID70367571 DTXSID30420691 DTXSID60182598 DTXSID90290650 DTXSID20575982 DTXSID90734423 DTXSID10442477 DTXSID70534448 DTXSID00444369 DTXSID80309280 DTXSID60390070 DTXSID70711914 DTXSID80641117 DTXSID40552518 DTXSID90885863 DTXSID8063834 DTXSID00650185
DTXSID30382301	DTXSID80570918 DTXSID20727989 DTXSID20568637 DTXSID20326638 DTXSID30631402 DTXSID30672032 DTXSID30618253 DTXSID20349685 DTXSID40454942 DTXSID90540400 DTXSID10197915 DTXSID90831284 DTXSID60669213 DTXSID50709672 DTXSID80385004 DTXSID30404754 DTXSID70745916 DTXSID50305239 DTXSID30488256 DTXSID00700114
DTXSID30753395	DTXSID90536565 DTXSID70487304 DTXSID10599056 DTXSID90847486 DTXSID10682199 DTXSID20229796 DTXSID60761685 DTXSID40163406 DTXSID80660707 DTXSID30463806 DTXSID20503927 DTXSID20423873 DTXSID40455873 DTXSID90375214 DTXSID90565294 DTXSID90277789 DTXSID90328629 DTXSID00197808 DTXSID00715541 DTXSID80795720
DTXSID00720110	DTXSID70537510 DTXSID00406523 DTXSID20808020 DTXSID90284832 DTXSID10482878 DTXSID8068171 DTXSID90565613 DTXSID30424634 DTXSID00442784 DTXSID70876951 DTXSID10568929 DTXSID50783876 DTXSID7066643 DTXSID10378500 DTXSID50640314 DTXSID40734110 DTXSID50210773 DTXSID10757811 DTXSID80561528 DTXSID60893915
DTXSID60737648	DTXSID70729791 DTXSID60226204 DTXSID70452719 DTXSID60456529 DTXSID50852157 DTXSID10554766 DTXSID90567430 DTXSID50772104 DTXSID70305695 DTXSID10818517 DTXSID30577437 DTXSID70603527 DTXSID30758921 DTXSID60446501 DTXSID10187391 DTXSID40874080 DTXSID50311754 DTXSID00501860 DTXSID90459043 DTXSID20780913
DTXSID10310521	DTXSID30348402 DTXSID20883357 DTXSID80785585 DTXSID00537482 DTXSID00896208 DTXSID70615549 DTXSID20173629 DTXSID60542496 DTXSID2068137 DTXSID90178202 DTXSID10896335 DTXSID30564701 DTXSID30291308 DTXSID90513997 DTXSID20700217 DTXSID10143558 DTXSID60875736 DTXSID80655491 DTXSID00597940 DTXSID60439377
DTXSID60177267	DTXSID50313612 DTXSID80598798 DTXSID00655514 DTXSID30510223 DTXSID00366178 DTXSID20662927 DTXSID30811328 DTXSID20730675 DTXSID50627362 DTXSID70626953 DTXSID90604177 DTXSID50341258 DTXSID20468406 DTXSID20332552 DTXSID90653105 DTXSID80407179 DTXSID00219099 DTXSID50734909 DTXSID10374446 DTXSID90604692
DTXSID60145840	DTXSID80822580 DTXSID00656980 DTXSID40296925 DTXSID80756058 DTXSID70602010 DTXSID40876847 DTXSID60876440 DTXSID80294248 DTXSID50761255 DTXSID80598596 DTXSID10547299 DTXSID70801127 DTXSID70590307 DTXSID20595206 DTXSID30756543 DTXSID40420561 DTXSID60537100 DTXSID00661216 DTXSID50198623 DTXSID30173539
DTXSID40700158	DTXSID00849057 DTXSID50742468 DTXSID20379503 DTXSID20612902 DTXSID90544741 DTXSID30449367 DTXSID70592609 DTXSID20797081 DTXSID30442510 DTXSID00315606 DTXSID60744317 DTXSID00184258 DTXSID70395213 DTXSID20628588 DTXSID10516208 DTXSID60329183 DTXSID90609465 DTXSID30278139 DTXSID90715717 DTXSID00604183
DTXSID10452955	DTXSID10519254 DTXSID2072881 DTXSID90848559 DTXSID60800068 DTXSID80299970 DTXSID40407377 DTXSID10733074 DTXSID70408650 DTXSID40334154 DTXSID60327528 DTXSID70708324 DTXSID60536719 DTXSID70647688 DTXSID20656366 DTXSID10343814 DTXSID00391061 DTXSID70611081 DTXSID00603050 DTXSID20609170 DTXSID70275501
DTXSID40763243	DTXSID80305929 DTXSID70764248 DTXSID20563228 DTXSID20627031 DTXSID60520198 DTXSID70764187 DTXSID80700910 DTXSID20567448 DTXSID10225964 DTXSID00300092 DTXSID60708676 DTXSID80839633 DTXSID00834569 DTXSID50572782 DTXSID40413276 DTXSID60704451 DTXSID70303954 DTXSID70791993 DTXSID90220432 DTXSID40489830
DTXSID50590749	DTXSID50208059 DTXSID30716324 DTXSID90740544 DTXSID3069982 DTXSID60379527 DTXSID30716364 DTXSID90497425 DTXSID20680742 DTXSID80499110 DTXSID70615761 DTXSID70239385 DTXSID40197327 DTXSID80351527 DTXSID00497850 DTXSID40703664 DTXSID80182510 DTXSID80548516 DTXSID60303226 DTXSID20611374 DTXSID20154993
DTXSID20502738	DTXSID90459043 DTXSID30542468 DTXSID00850087 DTXSID10151971 DTXSID10352800 DTXSID10818517 DTXSID50772104 DTXSID30368600 DTXSID70592765 DTXSID60282168 DTXSID60603536 DTXSID10277524 DTXSID10187391 DTXSID00567961 DTXSID40818282 DTXSID80640529 DTXSID70523034 DTXSID70610039 DTXSID70474259 DTXSID50852157
DTXSID40794991	DTXSID90374045 DTXSID50230830 DTXSID60365925 DTXSID60625354 DTXSID90614711 DTXSID20840849 DTXSID9041445 DTXSID60443631 DTXSID4060739 DTXSID50697161 DTXSID00594772 DTXSID60711948 DTXSID90626950 DTXSID40747321 DTXSID30653301 DTXSID20624303 DTXSID50310747 DTXSID00350315 DTXSID10565357 DTXSID90640813
DTXSID70604958	DTXSID30302286 DTXSID70190260 DTXSID10818299 DTXSID90487604 DTXSID90784241 DTXSID10500324 DTXSID00763380 DTXSID10544465 DTXSID60228420 DTXSID20341866 DTXSID80478920 DTXSID70460152 DTXSID60184971 DTXSID70569078 DTXSID00391541 DTXSID20340096 DTXSID20431170 DTXSID40534915 DTXSID30737771 DTXSID00814942
DTXSID50857460	DTXSID30630197 DTXSID60749685 DTXSID20179929 DTXSID40856624 DTXSID90425687 DTXSID50400233 DTXSID20853671 DTXSID50613806 DTXSID60227594 DTXSID70433149 DTXSID20222681 DTXSID10542067 DTXSID40883091 DTXSID90847724 DTXSID70327438 DTXSID30772304 DTXSID20697678 DTXSID50739176 DTXSID90585659 DTXSID10182583
DTXSID00513665	DTXSID20423292 DTXSID30733839 DTXSID10770409 DTXSID50561535 DTXSID10650979 DTXSID00428225 DTXSID90879368 DTXSID10573876 DTXSID70680272 DTXSID00655630 DTXSID80676848 DTXSID40623939 DTXSID70316448 DTXSID10705413 DTXSID40513705 DTXSID10646857 DTXSID30837109 DTXSID90624653 DTXSID00143623 DTXSID3063417
DTXSID70559575	DTXSID00432448 DTXSID50307511 DTXSID20824306 DTXSID80872661 DTXSID10796088 DTXSID70587777 DTXSID20235473 DTXSID50887767 DTXSID80770815 DTXSID90209025 DTXSID60768896 DTXSID40511600 DTXSID0074637 DTXSID10348283 DTXSID80852064 DTXSID30769931 DTXSID1062546 DTXSID4052005 DTXSID10605267 DTXSID60423817
DTXSID50492532	DTXSID00345867 DTXSID00340756 DTXSID10241220 DTXSID10527511 DTXSID5060726 DTXSID40790857 DTXSID60545649 DTXSID8067105 DTXSID70521479 DTXSID10475826 DTXSID60344770 DTXSID40283895 DTXSID90199053 DTXSID1023447 DTXSID20565449 DTXSID80633774 DTXSID00652785 DTXSID80771069 DTXSID60752593 DTXSID30173534
DTXSID40791748	DTXSID60481437 DTXSID30525231 DTXSID80450948 DTXSID10510948 DTXSID20495494 DTXSID40534915 DTXSID80552279 DTXSID70449765 DTXSID00814942 DTXSID10472219 DTXSID30346509 DTXSID50637769 DTXSID90464854 DTXSID30524340 DTXSID60228420 DTXSID4062519 DTXSID10198806 DTXSID10627181 DTXSID00551027 DTXSID30639589
DTXSID50693663	DTXSID10391618 DTXSID70565833 DTXSID90530942 DTXSID1051800 DTXSID50798425 DTXSID50528269 DTXSID50858472 DTXSID90328629 DTXSID80342879 DTXSID80506131 DTXSID60606582 DTXSID50502221 DTXSID90847486 DTXSID7068001 DTXSID10880678 DTXSID90536565 DTXSID10682199 DTXSID80795720 DTXSID70651568 DTXSID80885913
DTXSID70774685	DTXSID30378406 DTXSID50210571 DTXSID10606431 DTXSID80603790 DTXSID20391366 DTXSID70440333 DTXSID10579757 DTXSID40418766 DTXSID20892085 DTXSID80561785 DTXSID70282073 DTXSID10634416 DTXSID20322579 DTXSID90232353 DTXSID80456102 DTXSID00640283 DTXSID80724191 DTXSID60170258 DTXSID40171566 DTXSID20170390
DTXSID30574885	DTXSID80552613 DTXSID30879706 DTXSID90444156 DTXSID40358239 DTXSID60164793 DTXSID10342286 DTXSID60495337 DTXSID80712154 DTXSID70300064 DTXSID60305467 DTXSID20754836 DTXSID60284925 DTXSID80613192 DTXSID70548989 DTXSID90597717 DTXSID10634274 DTXSID70853323 DTXSID50147050 DTXSID20564316 DTXSID00731302
DTXSID50321954	DTXSID00352617 DTXSID80369526 DTXSID10787436 DTXSID20745421 DTXSID70725612 DTXSID60194212 DTXSID70628795 DTXSID50716063 DTXSID00346298 DTXSID30693106 DTXSID00352374 DTXSID20274988 DTXSID00457217 DTXSID3037549 DTXSID10767591 DTXSID20193125 DTXSID50846172 DTXSID00810328 DTXSID50494990 DTXSID20626029
DTXSID60638580	DTXSID60177085 DTXSID40176910 DTXSID10225444 DTXSID10795415 DTXSID70670451 DTXSID80675912 DTXSID40187824 DTXSID20392636 DTXSID70284875 DTXSID60747202 DTXSID00522176 DTXSID10288877 DTXSID50654936 DTXSID30694279 DTXSID40751463 DTXSID80783400 DTXSID30744627 DTXSID50888532 DTXSID20538830 DTXSID20826289
DTXSID50709137	DTXSID60725005 DTXSID20198655 DTXSID80874261 DTXSID90182107 DTXSID30676414 DTXSID20696949 DTXSID00680048 DTXSID70393719 DTXSID30625048 DTXSID20896169 DTXSID80657339 DTXSID40508272 DTXSID40161482 DTXSID70526803 DTXSID10784768 DTXSID60524575 DTXSID80385786 DTXSID00186176 DTXSID50193279 DTXSID10294599
DTXSID20278163	DTXSID50645627 DTXSID90456239 DTXSID70515611 DTXSID70308404 DTXSID80298887 DTXSID40806220 DTXSID20804082 DTXSID60642405 DTXSID00588237 DTXSID30734164 DTXSID70845187 DTXSID10515615 DTXSID7057787 DTXSID10725737 DTXSID20840788 DTXSID00504230 DTXSID50457308 DTXSID70846614 DTXSID50496595 DTXSID10218755
DTXSID90344400	DTXSID20316332 DTXSID20635878 DTXSID60600166 DTXSID80375703 DTXSID30509238 DTXSID50704445 DTXSID3057729 DTXSID20742359 DTXSID20448384 DTXSID50659820 DTXSID40855399 DTXSID00429333 DTXSID00154815 DTXSID80737281 DTXSID30557279 DTXSID50350724 DTXSID70589332 DTXSID50181954 DTXSID30809003 DTXSID20444028
DTXSID90763758	DTXSID10175637 DTXSID70637802 DTXSID80618687 DTXSID90741551 DTXSID70447286 DTXSID50455440 DTXSID80678185 DTXSID90845265 DTXSID10433567 DTXSID60344396 DTXSID50682239 DTXSID50354606 DTXSID10739314 DTXSID70667260 DTXSID00738098 DTXSID30290033 DTXSID00408825 DTXSID70606674 DTXSID40885595 DTXSID70835068
DTXSID50177630	DTXSID4074271 DTXSID50297620 DTXSID90470157 DTXSID50816158 DTXSID90816713 DTXSID40181084 DTXSID20602303 DTXSID80791444 DTXSID80398735 DTXSID50778843 DTXSID90399273 DTXSID90767918 DTXSID90778665 DTXSID8073637 DTXSID40390654 DTXSID10531254 DTXSID00787167 DTXSID70799712 DTXSID3058955 DTXSID00621330
DTXSID40556238	DTXSID50345231 DTXSID40727906 DTXSID00295196 DTXSID60783822 DTXSID20793487 DTXSID00809530 DTXSID00515129 DTXSID3075335 DTXSID10506048 DTXSID50761336 DTXSID10820094 DTXSID90798186 DTXSID30675245 DTXSID30370420 DTXSID20526914 DTXSID30798185 DTXSID30704004 DTXSID60295137 DTXSID10211044 DTXSID60682265
DTXSID10344169	DTXSID20418305 DTXSID00769246 DTXSID10602690 DTXSID80337326 DTXSID80728891 DTXSID70310608 DTXSID80615318 DTXSID10506922 DTXSID20534998 DTXSID20857311 DTXSID90574381 DTXSID80896049 DTXSID90706165 DTXSID30672274 DTXSID90647221 DTXSID70710422 DTXSID10307991 DTXSID20431074 DTXSID40637874 DTXSID90278690
DTXSID10658374	DTXSID20765467 DTXSID60795809 DTXSID70670234 DTXSID30174849 DTXSID00828564 DTXSID40616169 DTXSID10634214 DTXSID50798187 DTXSID00281357 DTXSID30704064 DTXSID30867724 DTXSID40211794 DTXSID90797093 DTXSID60469452 DTXSID90398428 DTXSID30638436 DTXSID6048888 DTXSID50304964 DTXSID90806856 DTXSID90660374
DTXSID80893735	DTXSID00618164 DTXSID60460363 DTXSID10239187 DTXSID3067231 DTXSID20825196 DTXSID40840361 DTXSID30336900 DTXSID00884246 DTXSID00694029 DTXSID50775332 DTXSID3026564 DTXSID00281130 DTXSID30714603 DTXSID90469309 DTXSID8070128 DTXSID00710076 DTXSID30300722 DTXSID90634898 DTXSID90771570 DTXSID3042003
DTXSID50180124	DTXSID00420305 DTXSID50606874 DTXSID10837041 DTXSID90767615 DTXSID40437235 DTXSID30185571 DTXSID1020770 DTXSID80442828 DTXSID40640121 DTXSID00381442 DTXSID80536458 DTXSID20459172 DTXSID10159977 DTXSID80211677 DTXSID00801993 DTXSID40613158 DTXSID60225090 DTXSID10814130 DTXSID00408603 DTXSID90834472
DTXSID60648740	DTXSID40401158 DTXSID90224076 DTXSID80456122 DTXSID20612189 DTXSID40791602 DTXSID40340250 DTXSID10820953 DTXSID20578493 DTXSID20852583 DTXSID00801599 DTXSID50602699 DTXSID40786952 DTXSID00709662 DTXSID10711913 DTXSID00576694 DTXSID90238173 DTXSID40319603 DTXSID90819507 DTXSID40465871 DTXSID90343418
DTXSID70528382	DTXSID60395181 DTXSID30757277 DTXSID30453484 DTXSID30344146 DTXSID40321226 DTXSID10661161 DTXSID40474029 DTXSID00442062 DTXSID10241407 DTXSID30315977 DTXSID40705360 DTXSID00633796 DTXSID80823330 DTXSID50434311 DTXSID40610021 DTXSID10871440 DTXSID90187117 DTXSID70548464 DTXSID40593340 DTXSID70483129
DTXSID30664199	DTXSID70459046 DTXSID3062029 DTXSID20452921 DTXSID60532913 DTXSID10589058 DTXSID60884207 DTXSID70733712 DTXSID50399774 DTXSID20349428 DTXSID40684101 DTXSID80289952 DTXSID90277769 DTXSID50225620 DTXSID20168772 DTXSID20488386 DTXSID70885523 DTXSID30401122 DTXSID20310830 DTXSID80516533 DTXSID50683468
DTXSID60704451	DTXSID50572782 DTXSID40413276 DTXSID20627031 DTXSID60188550 DTXSID60520198 DTXSID70240355 DTXSID20563228 DTXSID60523124 DTXSID20148998 DTXSID50750765 DTXSID90220432 DTXSID30730989 DTXSID40748373 DTXSID50188948 DTXSID10627489 DTXSID40763243 DTXSID30793711 DTXSID60708676 DTXSID00834569 DTXSID00748374
DTXSID50654936	DTXSID40187824 DTXSID70396402 DTXSID70670451 DTXSID70535950 DTXSID20538830 DTXSID40176910 DTXSID10795415 DTXSID00522176 DTXSID60747202 DTXSID40751463 DTXSID90217423 DTXSID60638580 DTXSID90808911 DTXSID20392636 DTXSID60177085 DTXSID10225444 DTXSID20826289 DTXSID50888532 DTXSID80562398 DTXSID20876603
DTXSID20206103	DTXSID50464411 DTXSID20285377 DTXSID80439197 DTXSID50824718 DTXSID30638613 DTXSID90307398 DTXSID40545728 DTXSID60675071 DTXSID10713593 DTXSID70599118 DTXSID90484012 DTXSID50727174 DTXSID90461989 DTXSID3057692 DTXSID90742528 DTXSID20159423 DTXSID50496494 DTXSID10179115 DTXSID10498176 DTXSID50630952
DTXSID50748066	DTXSID10659982 DTXSID30368908 DTXSID10430339 DTXSID70506807 DTXSID30557279 DTXSID30797451 DTXSID90722587 DTXSID70886212 DTXSID20832224 DTXSID80210827 DTXSID40468084 DTXSID10803544 DTXSID10456716 DTXSID20296483 DTXSID90846131 DTXSID40630966 DTXSID90422898 DTXSID80793069 DTXSID00429333 DTXSID00165648
DTXSID70574046	DTXSID90191875 DTXSID60501402 DTXSID70503573 DTXSID60402203 DTXSID70383372 DTXSID80468881 DTXSID00464688 DTXSID90529871 DTXSID50807743 DTXSID30473081 DTXSID20231591 DTXSID00356771 DTXSID40196830 DTXSID90825244 DTXSID40694346 DTXSID00651930 DTXSID50428912 DTXSID70551236 DTXSID40307383 DTXSID30402356
DTXSID80621691	DTXSID70788262 DTXSID20507041 DTXSID50569415 DTXSID00547167 DTXSID30378325 DTXSID60500859 DTXSID00342891 DTXSID80348831 DTXSID00663871 DTXSID30180824 DTXSID20348830 DTXSID00348838 DTXSID20857154 DTXSID30180364 DTXSID20452729 DTXSID40856366 DTXSID10280790 DTXSID90239443 DTXSID50354368 DTXSID20372933
DTXSID70219369	DTXSID50285047 DTXSID30356764 DTXSID20519503 DTXSID70516784 DTXSID80440283 DTXSID80399560 DTXSID30300383 DTXSID00358977 DTXSID10444037 DTXSID30587354 DTXSID50651021 DTXSID80879731 DTXSID40603837 DTXSID20468163 DTXSID70766489 DTXSID20876269 DTXSID80594558 DTXSID40560350 DTXSID60608324 DTXSID20405275
DTXSID80576374	DTXSID60148270 DTXSID30789412 DTXSID30243488 DTXSID20858505 DTXSID40719366 DTXSID40693233 DTXSID20778618 DTXSID90401769 DTXSID70531250 DTXSID60327649 DTXSID60522172 DTXSID70737932 DTXSID60813476 DTXSID00529488 DTXSID10772044 DTXSID20815911 DTXSID90611083 DTXSID60796033 DTXSID00173001 DTXSID20532696
DTXSID90167257	DTXSID10604513 DTXSID60830062 DTXSID50210814 DTXSID70446895 DTXSID10765572 DTXSID70668499 DTXSID90604692 DTXSID30822737 DTXSID20468406 DTXSID70626953 DTXSID70598444 DTXSID60649136 DTXSID00791224 DTXSID50734909 DTXSID3059505 DTXSID40641173 DTXSID80847713 DTXSID30811328 DTXSID60569385 DTXSID30398023
DTXSID70357452	DTXSID90439183 DTXSID30460577 DTXSID90320648 DTXSID00606703 DTXSID90628893 DTXSID90343534 DTXSID10441061 DTXSID40456163 DTXSID10361215 DTXSID10438850 DTXSID40509007 DTXSID40603837 DTXSID80594558 DTXSID00302495 DTXSID70883463 DTXSID10463324 DTXSID90279162 DTXSID70766489 DTXSID9058155 DTXSID80664341
DTXSID30811020	DTXSID30418775 DTXSID20835912 DTXSID80348497 DTXSID30465360 DTXSID50302703 DTXSID00373721 DTXSID40613335 DTXSID90700688 DTXSID30554167 DTXSID50719099 DTXSID60475730 DTXSID50727159 DTXSID00544772 DTXSID00480065 DTXSID00500813 DTXSID60487459 DTXSID10627005 DTXSID20618585 DTXSID30168268 DTXSID20707948
DTXSID70856415	DTXSID30280217 DTXSID20516936 DTXSID40334412 DTXSID90389316 DTXSID70239542 DTXSID30223841 DTXSID20607676 DTXSID80392056 DTXSID70805004 DTXSID00649993 DTXSID60358791 DTXSID70383211 DTXSID00383860 DTXSID90476876 DTXSID40528157 DTXSID50374021 DTXSID90679880 DTXSID00526659 DTXSID40674401 DTXSID20162952
DTXSID70582368	DTXSID40852686 DTXSID30544482 DTXSID6033241 DTXSID80463679 DTXSID80238142 DTXSID20466467 DTXSID00186792 DTXSID10556407 DTXSID00355800 DTXSID60560913 DTXSID90473103 DTXSID70580985 DTXSID90369390 DTXSID00839978 DTXSID70652898 DTXSID40210247 DTXSID50624255 DTXSID30433403 DTXSID70476117 DTXSID70541990
DTXSID80204468	DTXSID70176180 DTXSID50405900 DTXSID10738281 DTXSID40494464 DTXSID10577213 DTXSID00523148 DTXSID10771512 DTXSID30813064 DTXSID70639043 DTXSID20765967 DTXSID90223322 DTXSID70874477 DTXSID30782408 DTXSID80552597 DTXSID70786945 DTXSID10834934 DTXSID30800590 DTXSID10592128 DTXSID10655964 DTXSID70808616
DTXSID00393560	DTXSID00362579 DTXSID70589478 DTXSID90733219 DTXSID50321732 DTXSID20288681 DTXSID20277151 DTXSID90300667 DTXSID3068126 DTXSID60524373 DTXSID00559806 DTXSID60318532 DTXSID00895933 DTXSID60657039 DTXSID60710254 DTXSID70299409 DTXSID10600595 DTXSID30671560 DTXSID80275653 DTXSID70288277 DTXSID60835815
DTXSID50707951	DTXSID20542816 DTXSID00331164 DTXSID50813501 DTXSID10364529 DTXSID40343468 DTXSID70398406 DTXSID90877304 DTXSID30213626 DTXSID50783876 DTXSID40775609 DTXSID00631297 DTXSID20670305 DTXSID30521910 DTXSID60893915 DTXSID30332528 DTXSID00560977 DTXSID20443399 DTXSID40388536 DTXSID00398671 DTXSID90733890
DTXSID30590308	DTXSID50709091 DTXSID50589815 DTXSID50149857 DTXSID80488645 DTXSID20285670 DTXSID60462105 DTXSID90570287 DTXSID30331379 DTXSID40309701 DTXSID10794963 DTXSID10706283 DTXSID60608662 DTXSID40243434 DTXSID80180894 DTXSID50196028 DTXSID50833527 DTXSID50495023 DTXSID00568892 DTXSID10343531 DTXSID20424284
DTXSID80657213	DTXSID00755947 DTXSID30618773 DTXSID30855843 DTXSID50623586 DTXSID40552573 DTXSID70876097 DTXSID10708141 DTXSID10352183 DTXSID60537100 DTXSID80588154 DTXSID40829196 DTXSID00503940 DTXSID20776795 DTXSID50381154 DTXSID90408415 DTXSID50713451 DTXSID80661557 DTXSID20738797 DTXSID40420561 DTXSID30170023
DTXSID00726213	DTXSID80567565 DTXSID50660638 DTXSID80347102 DTXSID60768518 DTXSID70345692 DTXSID50196164 DTXSID80530991 DTXSID20579748 DTXSID30651120 DTXSID90407180 DTXSID10447669 DTXSID60528215 DTXSID60570299 DTXSID30385655 DTXSID50340887 DTXSID40624744 DTXSID80651337 DTXSID70801288 DTXSID10492816 DTXSID90718526
DTXSID50342720	DTXSID40496029 DTXSID30370783 DTXSID70442433 DTXSID10646251 DTXSID50633221 DTXSID20345349 DTXSID00559664 DTXSID90602855 DTXSID50743874 DTXSID90646350 DTXSID40857535 DTXSID8067602 DTXSID30754024 DTXSID80648161 DTXSID00671936 DTXSID30646758 DTXSID90626273 DTXSID40365226 DTXSID50346844 DTXSID30351057
DTXSID30489122	DTXSID40427974 DTXSID20579586 DTXSID10824299 DTXSID30451763 DTXSID00651450 DTXSID90346101 DTXSID60451392 DTXSID50482458 DTXSID00298647 DTXSID80509708 DTXSID70275501 DTXSID70573993 DTXSID80434162 DTXSID00186010 DTXSID00667551 DTXSID70478419 DTXSID30578828 DTXSID90338980 DTXSID70557910 DTXSID10640512
DTXSID60885395	DTXSID30777990 DTXSID80323385 DTXSID80503842 DTXSID30813044 DTXSID60228324 DTXSID30481989 DTXSID00604441 DTXSID30209347 DTXSID40432846 DTXSID10528048 DTXSID80600986 DTXSID70475029 DTXSID90177215 DTXSID10175430 DTXSID40310256 DTXSID80671277 DTXSID10781712 DTXSID00606642 DTXSID10532468 DTXSID90175897
DTXSID40334412	DTXSID70383211 DTXSID30223841 DTXSID40646269 DTXSID50627165 DTXSID70856415 DTXSID50345892 DTXSID50145874 DTXSID70239542 DTXSID10478731 DTXSID80562318 DTXSID10618170 DTXSID70805004 DTXSID20516936 DTXSID30735590 DTXSID80701725 DTXSID30280217 DTXSID80392056 DTXSID90725351 DTXSID60358791 DTXSID00649993
DTXSID50828832	DTXSID70373192 DTXSID20173745 DTXSID40286902 DTXSID10637361 DTXSID20887799 DTXSID40880500 DTXSID60418021 DTXSID10244236 DTXSID30694012 DTXSID90807484 DTXSID10720146 DTXSID2050035 DTXSID70761252 DTXSID80764310 DTXSID8070960 DTXSID80657910 DTXSID50724507 DTXSID60675950 DTXSID30158189 DTXSID80768252
DTXSID80666461	DTXSID60212142 DTXSID90507811 DTXSID40351048 DTXSID50751116 DTXSID40736614 DTXSID40156813 DTXSID4059253 DTXSID90401300 DTXSID40425995 DTXSID30579759 DTXSID90331931 DTXSID50632259 DTXSID50743511 DTXSID10563954 DTXSID10288332 DTXSID80375086 DTXSID10808695 DTXSID00678940 DTXSID20360335 DTXSID50635109
DTXSID70832254	DTXSID10405885 DTXSID00406003 DTXSID60174953 DTXSID50296032 DTXSID80289376 DTXSID80775204 DTXSID00827012 DTXSID10521453 DTXSID60651118 DTXSID9058941 DTXSID30447181 DTXSID10698513 DTXSID10335956 DTXSID40720078 DTXSID1052664 DTXSID80548536 DTXSID30388904 DTXSID40386395 DTXSID90497925 DTXSID50150201
DTXSID80232569	DTXSID20488649 DTXSID30476911 DTXSID00748632 DTXSID30551237 DTXSID80736431 DTXSID60842948 DTXSID10896254 DTXSID80879473 DTXSID60763987 DTXSID70827923 DTXSID00566070 DTXSID40640585 DTXSID00151203 DTXSID10762622 DTXSID20279130 DTXSID60160179 DTXSID80478263 DTXSID90896171 DTXSID50401306 DTXSID70599113
DTXSID70610039	DTXSID30428374 DTXSID70592765 DTXSID10277524 DTXSID90811162 DTXSID40280980 DTXSID40696461 DTXSID80851239 DTXSID80143040 DTXSID80771766 DTXSID70837562 DTXSID50569319 DTXSID10151971 DTXSID30368600 DTXSID10651542 DTXSID00567961 DTXSID00196518 DTXSID80774196 DTXSID40633972 DTXSID0073291 DTXSID20867834
DTXSID70593232	DTXSID60192935 DTXSID60359485 DTXSID50374208 DTXSID30828991 DTXSID40553949 DTXSID20314595 DTXSID10364706 DTXSID90274879 DTXSID80407917 DTXSID00681035 DTXSID9068742 DTXSID40322470 DTXSID80509162 DTXSID70400336 DTXSID40762559 DTXSID20372958 DTXSID20590216 DTXSID00571028 DTXSID40755587 DTXSID90585790
DTXSID40642488	DTXSID70561754 DTXSID10363476 DTXSID80700798 DTXSID70741615 DTXSID10767051 DTXSID20499891 DTXSID60308751 DTXSID30507638 DTXSID50351094 DTXSID80788253 DTXSID50178708 DTXSID30553978 DTXSID60385961 DTXSID60649212 DTXSID40382933 DTXSID20876047 DTXSID10596368 DTXSID60819953 DTXSID00728974 DTXSID00696205
DTXSID50563135	DTXSID40513801 DTXSID00443695 DTXSID30549811 DTXSID70436675 DTXSID60390353 DTXSID20505981 DTXSID10692879 DTXSID60553981 DTXSID20423499 DTXSID80304871 DTXSID50381977 DTXSID70807240 DTXSID40761289 DTXSID00509528 DTXSID50885905 DTXSID70519199 DTXSID60757588 DTXSID30450579 DTXSID20509929 DTXSID80527407
DTXSID20374210	DTXSID40110056 DTXSID60772736 DTXSID00334377 DTXSID30476390 DTXSID40589021 DTXSID5052626 DTXSID70618434 DTXSID40325007 DTXSID30791313 DTXSID60333760 DTXSID30364541 DTXSID30653301 DTXSID00192999 DTXSID30543314 DTXSID30428657 DTXSID40335101 DTXSID50613285 DTXSID20541122 DTXSID0052590 DTXSID80523868
DTXSID50345498	DTXSID70484191 DTXSID30352640 DTXSID40191269 DTXSID70507379 DTXSID40494722 DTXSID30554965 DTXSID60154018 DTXSID40585689 DTXSID20297758 DTXSID60825514 DTXSID00704314 DTXSID70307316 DTXSID90557553 DTXSID40356114 DTXSID30718308 DTXSID20714718 DTXSID00330692 DTXSID00631772 DTXSID9061178 DTXSID10710163
DTXSID50341793	DTXSID20528296 DTXSID70666273 DTXSID50285360 DTXSID10392968 DTXSID90772002 DTXSID20759705 DTXSID20633374 DTXSID80202505 DTXSID6041501 DTXSID50195879 DTXSID60533889 DTXSID10534447 DTXSID30873582 DTXSID40373801 DTXSID60533288 DTXSID40433691 DTXSID10797277 DTXSID80641117 DTXSID20350337 DTXSID40560431
DTXSID40809372	DTXSID70243806 DTXSID50851009 DTXSID10578240 DTXSID40494565 DTXSID60463011 DTXSID40527741 DTXSID40186074 DTXSID20323662 DTXSID60445433 DTXSID20280680 DTXSID10482090 DTXSID40700032 DTXSID50845665 DTXSID00494304 DTXSID00240863 DTXSID40322596 DTXSID60838245 DTXSID40815115 DTXSID20880629 DTXSID80763489
DTXSID40396010	DTXSID70509131 DTXSID60403199 DTXSID60633570 DTXSID20732598 DTXSID10454999 DTXSID50425022 DTXSID10421101 DTXSID90339295 DTXSID10475568 DTXSID90693223 DTXSID00743021 DTXSID70436918 DTXSID70651442 DTXSID80228265 DTXSID4067771 DTXSID50579352 DTXSID90448755 DTXSID30596401 DTXSID00538116 DTXSID90226358
DTXSID30418639	DTXSID50709551 DTXSID00749265 DTXSID40782439 DTXSID50481946 DTXSID30612519 DTXSID20161445 DTXSID20581402 DTXSID40200729 DTXSID50819321 DTXSID50368783 DTXSID50354888 DTXSID10828494 DTXSID00613750 DTXSID20403978 DTXSID7044506 DTXSID20566037 DTXSID00434109 DTXSID00441777 DTXSID00603530 DTXSID40304150
DTXSID00828564	DTXSID30174849 DTXSID90806856 DTXSID20765467 DTXSID50798187 DTXSID50709955 DTXSID20750954 DTXSID10658374 DTXSID00752693 DTXSID10634214 DTXSID60795809 DTXSID70800130 DTXSID30867724 DTXSID00281357 DTXSID60469452 DTXSID30370420 DTXSID90660374 DTXSID70670234 DTXSID50658550 DTXSID3052355 DTXSID90398428
DTXSID60321021	DTXSID30854634 DTXSID60281333 DTXSID90147751 DTXSID10156704 DTXSID70773471 DTXSID40551263 DTXSID40145843 DTXSID50833688 DTXSID00593189 DTXSID70876870 DTXSID30287620 DTXSID90396883 DTXSID70461260 DTXSID80352251 DTXSID70788843 DTXSID10364382 DTXSID10442876 DTXSID30886233 DTXSID80443759 DTXSID70437263
DTXSID40833839	DTXSID90334149 DTXSID80531423 DTXSID50853381 DTXSID20159342 DTXSID90509214 DTXSID00225190 DTXSID10733817 DTXSID00597642 DTXSID70457305 DTXSID00719322 DTXSID70770268 DTXSID20798912 DTXSID00579281 DTXSID30886990 DTXSID90485226 DTXSID80830084 DTXSID80241717 DTXSID10302946 DTXSID40431657 DTXSID30592145
DTXSID90572428	DTXSID9044293 DTXSID90330222 DTXSID10700887 DTXSID90850713 DTXSID00292362 DTXSID70434232 DTXSID90151732 DTXSID20676403 DTXSID40606308 DTXSID90821201 DTXSID40385343 DTXSID20593303 DTXSID50731357 DTXSID30235823 DTXSID10694474 DTXSID90778569 DTXSID80534575 DTXSID60667653 DTXSID70888756 DTXSID00452641
DTXSID1040247	DTXSID40601636 DTXSID80437850 DTXSID60388215 DTXSID50404352 DTXSID70399014 DTXSID20837451 DTXSID20752115 DTXSID80275835 DTXSID40194710 DTXSID1068300 DTXSID50552443 DTXSID80814501 DTXSID80766536 DTXSID50718047 DTXSID0046513 DTXSID60478428 DTXSID1070856 DTXSID20801632 DTXSID80331586 DTXSID90216335
DTXSID80564074	DTXSID0025442 DTXSID30408732 DTXSID50768289 DTXSID50557377 DTXSID90163931 DTXSID70172723 DTXSID60642107 DTXSID10749731 DTXSID00289818 DTXSID70879705 DTXSID60472608 DTXSID50591554 DTXSID80314112 DTXSID00635871 DTXSID10614374 DTXSID6061604 DTXSID90670418 DTXSID30614917 DTXSID80819157 DTXSID40663259
DTXSID20720415	DTXSID80234861 DTXSID50627988 DTXSID80196273 DTXSID20618065 DTXSID50171916 DTXSID90622311 DTXSID70657702 DTXSID90150922 DTXSID30356901 DTXSID20170390 DTXSID10816412 DTXSID40741081 DTXSID00188155 DTXSID60651097 DTXSID70152843 DTXSID70440333 DTXSID90227249 DTXSID40622548 DTXSID50630316 DTXSID80603790
DTXSID90797093	DTXSID10877629 DTXSID90398428 DTXSID20370398 DTXSID20442807 DTXSID70670234 DTXSID60795809 DTXSID30867724 DTXSID6048888 DTXSID40397845 DTXSID90177598 DTXSID30825243 DTXSID10658374 DTXSID50798187 DTXSID50377476 DTXSID90668794 DTXSID20765467 DTXSID40211794 DTXSID00439250 DTXSID40190999 DTXSID90339654
DTXSID70782987	DTXSID60517609 DTXSID10596601 DTXSID60621331 DTXSID40162656 DTXSID10570168 DTXSID90408410 DTXSID00517608 DTXSID40788759 DTXSID80427877 DTXSID90672093 DTXSID40790690 DTXSID40845078 DTXSID30625700 DTXSID30276372 DTXSID90487321 DTXSID50743394 DTXSID60599107 DTXSID00483556 DTXSID50663326 DTXSID40721429
DTXSID30408732	DTXSID80564074 DTXSID50557377 DTXSID0025442 DTXSID60472608 DTXSID50768289 DTXSID90163931 DTXSID10749731 DTXSID6061604 DTXSID80314112 DTXSID20345824 DTXSID50591554 DTXSID70172723 DTXSID10619203 DTXSID00289818 DTXSID60575966 DTXSID60642107 DTXSID00375361 DTXSID20669517 DTXSID00739348 DTXSID90330949
DTXSID10602135	DTXSID10478690 DTXSID90675221 DTXSID70425569 DTXSID10218755 DTXSID10349573 DTXSID80308516 DTXSID70845187 DTXSID10496814 DTXSID90817745 DTXSID70810077 DTXSID60734213 DTXSID70471445 DTXSID00588237 DTXSID7057787 DTXSID70399418 DTXSID50848994 DTXSID00472203 DTXSID00748874 DTXSID70337219 DTXSID90662833
DTXSID90527776	DTXSID50220236 DTXSID9044164 DTXSID70286738 DTXSID40851134 DTXSID8022169 DTXSID30794804 DTXSID70532929 DTXSID20381262 DTXSID60656901 DTXSID60399725 DTXSID2022127 DTXSID40195489 DTXSID00170095 DTXSID0044153 DTXSID90275088 DTXSID20378874 DTXSID60600126 DTXSID30451647 DTXSID20511921 DTXSID40405939
DTXSID20633374	DTXSID40560431 DTXSID20528296 DTXSID6041501 DTXSID50341793 DTXSID60623592 DTXSID10799296 DTXSID80734290 DTXSID60174670 DTXSID40373801 DTXSID80641117 DTXSID90772002 DTXSID40433691 DTXSID80202505 DTXSID40597080 DTXSID40721146 DTXSID70543696 DTXSID50285360 DTXSID10534447 DTXSID20876507 DTXSID30873582
DTXSID90556965	DTXSID50313056 DTXSID60174711 DTXSID30805747 DTXSID50505358 DTXSID40392951 DTXSID30332861 DTXSID80543061 DTXSID10778389 DTXSID20212729 DTXSID50188302 DTXSID40682127 DTXSID20342752 DTXSID90145474 DTXSID60428307 DTXSID30870975 DTXSID3061920 DTXSID10297585 DTXSID00444344 DTXSID50709910 DTXSID40693334
DTXSID80729005	DTXSID80614503 DTXSID20634806 DTXSID40605891 DTXSID70646297 DTXSID00430803 DTXSID70733090 DTXSID90446155 DTXSID00646220 DTXSID90487361 DTXSID20657131 DTXSID30754024 DTXSID10777190 DTXSID30646278 DTXSID00672261 DTXSID00214044 DTXSID10705852 DTXSID40348731 DTXSID20514699 DTXSID10646413 DTXSID00857591
DTXSID70300064	DTXSID10342286 DTXSID70326042 DTXSID90597717 DTXSID60284925 DTXSID60305467 DTXSID80613192 DTXSID50214857 DTXSID60545866 DTXSID10224533 DTXSID20754836 DTXSID90444156 DTXSID90434618 DTXSID80613172 DTXSID40513644 DTXSID20460561 DTXSID30574885 DTXSID80552613 DTXSID30879706 DTXSID60164793 DTXSID10739596
DTXSID60646468	DTXSID30651887 DTXSID20661910 DTXSID20236506 DTXSID60885815 DTXSID50602750 DTXSID40371741 DTXSID00619752 DTXSID60427936 DTXSID80480467 DTXSID30596103 DTXSID50608176 DTXSID70148105 DTXSID10875781 DTXSID00186358 DTXSID90625201 DTXSID10364029 DTXSID40354256 DTXSID30462596 DTXSID00710011 DTXSID00383582
DTXSID40598698	DTXSID00625732 DTXSID40319825 DTXSID90614711 DTXSID10565357 DTXSID30199991 DTXSID90640813 DTXSID20473212 DTXSID50230830 DTXSID80817057 DTXSID60443631 DTXSID80210322 DTXSID20840849 DTXSID00472844 DTXSID40368631 DTXSID70845046 DTXSID10366962 DTXSID60365925 DTXSID10541111 DTXSID50178682 DTXSID30289801
DTXSID60328237	DTXSID90602714 DTXSID70195316 DTXSID00386558 DTXSID90853663 DTXSID70224791 DTXSID40484168 DTXSID70297561 DTXSID10667562 DTXSID60642223 DTXSID80384572 DTXSID3048316 DTXSID90324449 DTXSID6046264 DTXSID10756521 DTXSID20345869 DTXSID10185079 DTXSID40497511 DTXSID00217873 DTXSID90310140 DTXSID70393496
DTXSID70296695	DTXSID50590007 DTXSID10645683 DTXSID80423172 DTXSID00406381 DTXSID30374882 DTXSID90799633 DTXSID80472908 DTXSID70344367 DTXSID20631638 DTXSID70891442 DTXSID40610364 DTXSID60278066 DTXSID50440356 DTXSID50790207 DTXSID00846344 DTXSID60166439 DTXSID50549631 DTXSID00722331 DTXSID90812856 DTXSID40721146
DTXSID60640704	DTXSID70313634 DTXSID70214298 DTXSID90738764 DTXSID00168679 DTXSID40462022 DTXSID20789128 DTXSID70428494 DTXSID70529677 DTXSID10568964 DTXSID40655477 DTXSID90768203 DTXSID10472193 DTXSID60395247 DTXSID20656927 DTXSID90533993 DTXSID20509762 DTXSID00896344 DTXSID80308495 DTXSID70649208 DTXSID00210869
DTXSID30854210	DTXSID10357037 DTXSID80604328 DTXSID60372553 DTXSID70791312 DTXSID90578703 DTXSID40482427 DTXSID90379934 DTXSID60501962 DTXSID50472117 DTXSID50456533 DTXSID10495286 DTXSID60665472 DTXSID30363079 DTXSID00327365 DTXSID20629590 DTXSID40710035 DTXSID90721373 DTXSID10642192 DTXSID90707556 DTXSID00557044
DTXSID10653687	DTXSID90647988 DTXSID40656126 DTXSID90672275 DTXSID40571168 DTXSID20590599 DTXSID70590584 DTXSID90406890 DTXSID80295533 DTXSID70569452 DTXSID30404754 DTXSID90300187 DTXSID80385004 DTXSID30488256 DTXSID90831284 DTXSID30672032 DTXSID20326638 DTXSID00158752 DTXSID70745916 DTXSID10557050 DTXSID50518509
DTXSID40300233	DTXSID40392471 DTXSID60148593 DTXSID70757958 DTXSID00317504 DTXSID20170794 DTXSID30450579 DTXSID20352578 DTXSID10277741 DTXSID50328600 DTXSID60188272 DTXSID60580712 DTXSID30195973 DTXSID40761289 DTXSID00694544 DTXSID40756958 DTXSID50508066 DTXSID70212037 DTXSID70807240 DTXSID10755897 DTXSID50787394
DTXSID00342891	DTXSID30180364 DTXSID00348838 DTXSID50569415 DTXSID70726528 DTXSID50354368 DTXSID00547167 DTXSID80628382 DTXSID80621691 DTXSID30180824 DTXSID20507041 DTXSID70788262 DTXSID00348297 DTXSID30378325 DTXSID40628489 DTXSID00196871 DTXSID80348831 DTXSID60500859 DTXSID10280790 DTXSID20372933 DTXSID10383811
DTXSID20179000	DTXSID70768084 DTXSID50759096 DTXSID70785433 DTXSID50533959 DTXSID50730860 DTXSID30532369 DTXSID60823212 DTXSID00750538 DTXSID80830605 DTXSID80768398 DTXSID70322827 DTXSID70757074 DTXSID80634549 DTXSID60832940 DTXSID50780365 DTXSID90199836 DTXSID80302756 DTXSID30782781 DTXSID50757835 DTXSID50439346
DTXSID50315570	DTXSID10402339 DTXSID30663066 DTXSID00780936 DTXSID40289039 DTXSID90237247 DTXSID30342460 DTXSID20406161 DTXSID70514285 DTXSID60671553 DTXSID40579149 DTXSID80561528 DTXSID30318428 DTXSID60876965 DTXSID80339067 DTXSID00887636 DTXSID50640314 DTXSID40388536 DTXSID40775609 DTXSID20353681 DTXSID30332528
DTXSID20441052	DTXSID00165183 DTXSID10739596 DTXSID00551229 DTXSID60545866 DTXSID30176383 DTXSID70593353 DTXSID80597680 DTXSID70834910 DTXSID30423223 DTXSID10840459 DTXSID90595591 DTXSID90552402 DTXSID60424440 DTXSID40299517 DTXSID90353012 DTXSID80424684 DTXSID90434618 DTXSID60388351 DTXSID10735396 DTXSID40657259
DTXSID80523868	DTXSID80817057 DTXSID30476390 DTXSID40325007 DTXSID30175038 DTXSID60333760 DTXSID40110056 DTXSID10565357 DTXSID60711948 DTXSID20374210 DTXSID30653301 DTXSID70513152 DTXSID70618434 DTXSID9041445 DTXSID50230830 DTXSID20624303 DTXSID60772736 DTXSID00472844 DTXSID60443631 DTXSID50310747 DTXSID30791313
DTXSID90189358	DTXSID40209676 DTXSID70433583 DTXSID00378832 DTXSID90524068 DTXSID0052388 DTXSID50696336 DTXSID10772928 DTXSID6047862 DTXSID00754490 DTXSID60471818 DTXSID40228701 DTXSID5052387 DTXSID70759654 DTXSID50668230 DTXSID60458866 DTXSID20877337 DTXSID50733073 DTXSID10700029 DTXSID20676943 DTXSID70876951
DTXSID20444028	DTXSID80668364 DTXSID40460861 DTXSID80375703 DTXSID30557279 DTXSID3057729 DTXSID70841881 DTXSID60600166 DTXSID30509238 DTXSID00429333 DTXSID00326035 DTXSID90344400 DTXSID30368908 DTXSID30823229 DTXSID40468084 DTXSID00618321 DTXSID10430339 DTXSID60497038 DTXSID00165648 DTXSID10659982 DTXSID30809003
DTXSID60840166	DTXSID00504230 DTXSID00541347 DTXSID10525991 DTXSID00542470 DTXSID80649850 DTXSID50810676 DTXSID10606552 DTXSID90649245 DTXSID50833527 DTXSID50805002 DTXSID30331379 DTXSID50496595 DTXSID60694580 DTXSID80180894 DTXSID60646943 DTXSID00398893 DTXSID40806220 DTXSID50338880 DTXSID80620169 DTXSID80298887
DTXSID90238315	DTXSID80823330 DTXSID80649890 DTXSID80279919 DTXSID10471666 DTXSID40630906 DTXSID00633796 DTXSID00411738 DTXSID10871440 DTXSID30757277 DTXSID50190021 DTXSID10495721 DTXSID70211469 DTXSID30315977 DTXSID00566171 DTXSID20654903 DTXSID60340974 DTXSID10661161 DTXSID40321226 DTXSID20159423 DTXSID00442062
DTXSID10289521	DTXSID20682347 DTXSID1066104 DTXSID80561604 DTXSID60179988 DTXSID10359354 DTXSID80729803 DTXSID90707096 DTXSID30384628 DTXSID00724456 DTXSID00438283 DTXSID90706640 DTXSID30493143 DTXSID80595247 DTXSID50657063 DTXSID70694495 DTXSID70787391 DTXSID00755240 DTXSID30701937 DTXSID50148269 DTXSID60649297
DTXSID30896559	DTXSID20896422 DTXSID80896423 DTXSID60567341 DTXSID90615384 DTXSID00431279 DTXSID60235114 DTXSID80549962 DTXSID00893454 DTXSID30634736 DTXSID80380630 DTXSID00734131 DTXSID90527559 DTXSID20529607 DTXSID50300204 DTXSID80645236 DTXSID10547911 DTXSID90158004 DTXSID20655571 DTXSID90675923 DTXSID9073676
DTXSID70849983	DTXSID40856184 DTXSID40483116 DTXSID30372388 DTXSID00182971 DTXSID50552847 DTXSID60656749 DTXSID60769580 DTXSID50151738 DTXSID40404068 DTXSID80668581 DTXSID30649502 DTXSID00485176 DTXSID80180238 DTXSID60831094 DTXSID80238203 DTXSID10837763 DTXSID40857297 DTXSID10711857 DTXSID50558329 DTXSID70495863
DTXSID80351527	DTXSID40703664 DTXSID60379527 DTXSID80548516 DTXSID70239385 DTXSID70327150 DTXSID10727852 DTXSID40197327 DTXSID20154993 DTXSID10392362 DTXSID30716324 DTXSID30896150 DTXSID90497425 DTXSID50590749 DTXSID3069982 DTXSID60221092 DTXSID50208059 DTXSID40536090 DTXSID20640881 DTXSID00188933 DTXSID20611374
DTXSID00303922	DTXSID80422286 DTXSID50363339 DTXSID00805870 DTXSID20803419 DTXSID80537829 DTXSID90829020 DTXSID60820125 DTXSID60402369 DTXSID00358154 DTXSID20479512 DTXSID40677391 DTXSID40378694 DTXSID80660101 DTXSID50187390 DTXSID70158284 DTXSID60341340 DTXSID40523006 DTXSID80696829 DTXSID10489948 DTXSID50560684
DTXSID50694473	DTXSID30730641 DTXSID4061254 DTXSID90554466 DTXSID30540282 DTXSID00619277 DTXSID90237202 DTXSID10786267 DTXSID70851167 DTXSID10588304 DTXSID10630897 DTXSID70524783 DTXSID70828773 DTXSID40210161 DTXSID90431228 DTXSID90205022 DTXSID70542023 DTXSID40753407 DTXSID00184258 DTXSID70731470 DTXSID70221826
DTXSID90473481	DTXSID40211577 DTXSID70671600 DTXSID10314701 DTXSID70591854 DTXSID30626050 DTXSID30458691 DTXSID00410423 DTXSID30483862 DTXSID30324529 DTXSID30527250 DTXSID00351221 DTXSID80554975 DTXSID30718969 DTXSID50801589 DTXSID60822144 DTXSID50226213 DTXSID00213411 DTXSID40458723 DTXSID30551136 DTXSID00284505
DTXSID00647136	DTXSID70340864 DTXSID20184573 DTXSID80816363 DTXSID00432089 DTXSID7063348 DTXSID0074637 DTXSID50887767 DTXSID00887737 DTXSID0062896 DTXSID5068237 DTXSID5052628 DTXSID50307511 DTXSID90619786 DTXSID80793165 DTXSID10658859 DTXSID80338050 DTXSID30702166 DTXSID30561457 DTXSID70587777 DTXSID30769931
DTXSID20743427	DTXSID10712061 DTXSID40676763 DTXSID60674165 DTXSID50590148 DTXSID40724470 DTXSID90823164 DTXSID50662894 DTXSID80552653 DTXSID20756335 DTXSID40656404 DTXSID10654715 DTXSID10847428 DTXSID10589215 DTXSID10629923 DTXSID30725678 DTXSID40577988 DTXSID40693233 DTXSID80682262 DTXSID40346691 DTXSID20847232
DTXSID40406623	DTXSID50436936 DTXSID30563198 DTXSID20481099 DTXSID00341268 DTXSID90424554 DTXSID30852630 DTXSID80284725 DTXSID10292631 DTXSID80241717 DTXSID40552053 DTXSID30799591 DTXSID20200005 DTXSID00523148 DTXSID70874477 DTXSID80175861 DTXSID00565689 DTXSID30195034 DTXSID40852060 DTXSID60764510 DTXSID90485226
DTXSID00879470	DTXSID50545799 DTXSID80407255 DTXSID70589594 DTXSID20572976 DTXSID20362556 DTXSID90598663 DTXSID30447287 DTXSID10607802 DTXSID80664341 DTXSID40831916 DTXSID10426979 DTXSID40819113 DTXSID80791282 DTXSID80181826 DTXSID20222383 DTXSID10441061 DTXSID3063045 DTXSID20718317 DTXSID40396237 DTXSID90349172
DTXSID90213687	DTXSID80786658 DTXSID40386395 DTXSID70858070 DTXSID00781261 DTXSID70282538 DTXSID10842978 DTXSID80517949 DTXSID00441171 DTXSID50473503 DTXSID10529858 DTXSID80440703 DTXSID50462639 DTXSID10448414 DTXSID10698513 DTXSID60651118 DTXSID30385655 DTXSID90718526 DTXSID10335956 DTXSID70342626 DTXSID10185514
DTXSID30879120	DTXSID00321565 DTXSID90591795 DTXSID20465410 DTXSID5073666 DTXSID40492662 DTXSID70192522 DTXSID10616959 DTXSID10523215 DTXSID20435693 DTXSID50303497 DTXSID10656335 DTXSID30830751 DTXSID00351640 DTXSID60535000 DTXSID50473568 DTXSID00377461 DTXSID10398581 DTXSID00506916 DTXSID80294445 DTXSID20677995
DTXSID10656012	DTXSID50586440 DTXSID60588177 DTXSID3071278 DTXSID40617772 DTXSID60173527 DTXSID70588108 DTXSID00659916 DTXSID60439377 DTXSID40713445 DTXSID30356906 DTXSID10313537 DTXSID00304196 DTXSID00371969 DTXSID40352676 DTXSID30311237 DTXSID90794481 DTXSID20311786 DTXSID20564316 DTXSID30321194 DTXSID60785200
DTXSID50783876	DTXSID50813501 DTXSID40343468 DTXSID60893915 DTXSID90284832 DTXSID50707951 DTXSID90877304 DTXSID10364529 DTXSID30424634 DTXSID20808020 DTXSID00331164 DTXSID20667735 DTXSID00406523 DTXSID20542816 DTXSID70836510 DTXSID40525565 DTXSID90398180 DTXSID8068171 DTXSID40775609 DTXSID70398406 DTXSID30332528
DTXSID30199118	DTXSID50571472 DTXSID70377711 DTXSID60179903 DTXSID80206947 DTXSID20797460 DTXSID20895511 DTXSID10609068 DTXSID40824282 DTXSID80596936 DTXSID80345264 DTXSID10560827 DTXSID20508230 DTXSID80464787 DTXSID30194385 DTXSID70483129 DTXSID10238155 DTXSID30583679 DTXSID70352922 DTXSID70277929 DTXSID90187117
DTXSID20680929	DTXSID90856710 DTXSID20545827 DTXSID90332584 DTXSID00725569 DTXSID40165465 DTXSID40646289 DTXSID40344319 DTXSID30734407 DTXSID70302644 DTXSID20301864 DTXSID10238817 DTXSID3042180 DTXSID80694683 DTXSID40625933 DTXSID00618124 DTXSID80733763 DTXSID30571112 DTXSID20676923 DTXSID40675519 DTXSID90515835
DTXSID30804533	DTXSID40876983 DTXSID80848381 DTXSID20797081 DTXSID20475751 DTXSID40303103 DTXSID80876982 DTXSID90612898 DTXSID00315606 DTXSID30184524 DTXSID90544741 DTXSID00681570 DTXSID30278139 DTXSID20379503 DTXSID50522469 DTXSID50694418 DTXSID90209343 DTXSID20444048 DTXSID00771182 DTXSID30449367 DTXSID70607868
DTXSID20569260	DTXSID80743286 DTXSID30402356 DTXSID40511105 DTXSID80392859 DTXSID00651930 DTXSID20464706 DTXSID10160907 DTXSID50561439 DTXSID60876905 DTXSID70551236 DTXSID60432868 DTXSID30628054 DTXSID70733212 DTXSID70503573 DTXSID70797415 DTXSID00338097 DTXSID00357142 DTXSID20640220 DTXSID40504178 DTXSID70291822
DTXSID30591214	DTXSID00356392 DTXSID40188937 DTXSID90181655 DTXSID40693238 DTXSID10806398 DTXSID50409029 DTXSID90695323 DTXSID10763412 DTXSID60879411 DTXSID5070529 DTXSID30361752 DTXSID10675647 DTXSID10177550 DTXSID30678938 DTXSID50512269 DTXSID20406202 DTXSID80740250 DTXSID50631606 DTXSID90560729 DTXSID00299730
DTXSID10649883	DTXSID20835659 DTXSID8069648 DTXSID80447398 DTXSID60701965 DTXSID70732487 DTXSID90821201 DTXSID40385343 DTXSID70582085 DTXSID10498196 DTXSID10660816 DTXSID50226339 DTXSID10700887 DTXSID9044293 DTXSID80478324 DTXSID00292362 DTXSID20676403 DTXSID70855781 DTXSID90572428 DTXSID40747503 DTXSID90151732
DTXSID90724384	DTXSID00825816 DTXSID10565317 DTXSID20514770 DTXSID90676834 DTXSID50342189 DTXSID30479725 DTXSID70781915 DTXSID00664580 DTXSID70751113 DTXSID90402756 DTXSID30606231 DTXSID40462946 DTXSID00508773 DTXSID00341061 DTXSID60808645 DTXSID80354275 DTXSID80896180 DTXSID60618529 DTXSID50683468 DTXSID30780585
DTXSID10546803	DTXSID40442061 DTXSID1063512 DTXSID70165099 DTXSID40453379 DTXSID10366361 DTXSID10405921 DTXSID70448359 DTXSID0051318 DTXSID60742575 DTXSID70202817 DTXSID60285093 DTXSID00509104 DTXSID60486225 DTXSID40566478 DTXSID50281206 DTXSID20439196 DTXSID40343822 DTXSID20448329 DTXSID30306209 DTXSID50399335
DTXSID10496253	DTXSID30525913 DTXSID30395390 DTXSID40207819 DTXSID30583371 DTXSID80640544 DTXSID10354228 DTXSID40279910 DTXSID70602333 DTXSID80810068 DTXSID30671560 DTXSID90857000 DTXSID00446262 DTXSID40679875 DTXSID60415636 DTXSID90300667 DTXSID40431016 DTXSID60312176 DTXSID30583038 DTXSID0058514 DTXSID40757804
DTXSID20340490	DTXSID40356538 DTXSID50528446 DTXSID30402492 DTXSID50682193 DTXSID50398429 DTXSID60540114 DTXSID70874098 DTXSID90553656 DTXSID50704142 DTXSID50651006 DTXSID00162071 DTXSID00483778 DTXSID50524827 DTXSID90166301 DTXSID60762319 DTXSID50179351 DTXSID40296046 DTXSID90567930 DTXSID90453768 DTXSID90696310
DTXSID60671114	DTXSID70489803 DTXSID90419162 DTXSID00622620 DTXSID80626883 DTXSID90331274 DTXSID60592557 DTXSID20646308 DTXSID90625943 DTXSID40350132 DTXSID80293478 DTXSID10593776 DTXSID60695037 DTXSID90539399 DTXSID90613289 DTXSID40407716 DTXSID90646895 DTXSID80228902 DTXSID20595680 DTXSID80320773 DTXSID20580753
DTXSID0052388	DTXSID10700029 DTXSID70433583 DTXSID60700918 DTXSID5052387 DTXSID40209676 DTXSID90189358 DTXSID80441533 DTXSID50696336 DTXSID70759654 DTXSID20877337 DTXSID40382812 DTXSID90524068 DTXSID00678208 DTXSID00378832 DTXSID60640047 DTXSID20793508 DTXSID80877338 DTXSID40749587 DTXSID60806661 DTXSID50668230
DTXSID80351663	DTXSID00455874 DTXSID90494237 DTXSID50361299 DTXSID50294013 DTXSID50369997 DTXSID80556555 DTXSID80388515 DTXSID70440979 DTXSID60344275 DTXSID40300394 DTXSID70172723 DTXSID00349547 DTXSID90807202 DTXSID00289818 DTXSID40494060 DTXSID2062032 DTXSID50333673 DTXSID60459171 DTXSID50616953 DTXSID20664825
DTXSID90409028	DTXSID00192999 DTXSID00490346 DTXSID20541122 DTXSID00498387 DTXSID20422326 DTXSID90401582 DTXSID20370833 DTXSID30543314 DTXSID50613285 DTXSID30531958 DTXSID30607723 DTXSID10681824 DTXSID80772011 DTXSID60396875 DTXSID30175614 DTXSID70400710 DTXSID30364541 DTXSID90191012 DTXSID1069952 DTXSID5052626
DTXSID0052386	DTXSID2052360 DTXSID40642428 DTXSID80790533 DTXSID00876525 DTXSID80694441 DTXSID00590557 DTXSID20364550 DTXSID70505355 DTXSID50538186 DTXSID60381564 DTXSID20278103 DTXSID30164543 DTXSID70554121 DTXSID70579435 DTXSID50605327 DTXSID50738063 DTXSID30642376 DTXSID90845982 DTXSID50217681 DTXSID30620730
DTXSID90850713	DTXSID70434232 DTXSID90151732 DTXSID40606308 DTXSID10700887 DTXSID20676403 DTXSID60667653 DTXSID90330222 DTXSID00292362 DTXSID90572428 DTXSID00452641 DTXSID40385343 DTXSID40325507 DTXSID20593303 DTXSID40753881 DTXSID9044293 DTXSID50297443 DTXSID40721964 DTXSID20835432 DTXSID90821201 DTXSID10694474
DTXSID40694346	DTXSID30473081 DTXSID70797415 DTXSID90825244 DTXSID60876905 DTXSID80468881 DTXSID70551236 DTXSID90319355 DTXSID90529871 DTXSID80485139 DTXSID30402356 DTXSID90499202 DTXSID20339268 DTXSID20464706 DTXSID70503573 DTXSID00338097 DTXSID90191875 DTXSID70574046 DTXSID30628054 DTXSID60501402 DTXSID50874359
DTXSID90482134	DTXSID50170323 DTXSID00895933 DTXSID1071458 DTXSID60657039 DTXSID50321732 DTXSID20449336 DTXSID10565094 DTXSID30818579 DTXSID00362579 DTXSID40451698 DTXSID90542449 DTXSID20288681 DTXSID50404554 DTXSID70299409 DTXSID90730243 DTXSID90733219 DTXSID70783656 DTXSID00393560 DTXSID20277151 DTXSID50681601
DTXSID50304707	DTXSID30843644 DTXSID50646755 DTXSID60187083 DTXSID2071071 DTXSID80656180 DTXSID00730012 DTXSID20656063 DTXSID20879472 DTXSID20325065 DTXSID20708955 DTXSID20834086 DTXSID70672798 DTXSID30657804 DTXSID80560576 DTXSID00712035 DTXSID70667604 DTXSID30787357 DTXSID00585347 DTXSID60739526 DTXSID80613172
DTXSID40741864	DTXSID00509528 DTXSID80304871 DTXSID30790189 DTXSID70436675 DTXSID10468758 DTXSID70642214 DTXSID30400877 DTXSID20747682 DTXSID90873624 DTXSID90519676 DTXSID50885905 DTXSID80534075 DTXSID20768771 DTXSID00443695 DTXSID20505981 DTXSID60390353 DTXSID80284760 DTXSID50488016 DTXSID3070040 DTXSID30549811
DTXSID30667261	DTXSID9022237 DTXSID40361622 DTXSID10528447 DTXSID20633798 DTXSID40398958 DTXSID10311699 DTXSID00667591 DTXSID40833733 DTXSID70849443 DTXSID20501347 DTXSID10588026 DTXSID60533122 DTXSID90587653 DTXSID50215283 DTXSID40540738 DTXSID00341006 DTXSID80302716 DTXSID10707634 DTXSID50506067 DTXSID90844430
DTXSID20211873	DTXSID70283000 DTXSID7069023 DTXSID80781800 DTXSID50341511 DTXSID00160890 DTXSID10191478 DTXSID20299055 DTXSID90390604 DTXSID2058122 DTXSID90743631 DTXSID70621488 DTXSID10294857 DTXSID40382796 DTXSID10808413 DTXSID80357468 DTXSID70765391 DTXSID90463827 DTXSID70673129 DTXSID30294495 DTXSID20163666
DTXSID20518379	DTXSID50729234 DTXSID20476203 DTXSID2052447 DTXSID60600126 DTXSID30858713 DTXSID0044153 DTXSID00550732 DTXSID60550733 DTXSID5061245 DTXSID90749330 DTXSID60488421 DTXSID10501058 DTXSID70886030 DTXSID90711198 DTXSID00582912 DTXSID20776098 DTXSID40708275 DTXSID30201402 DTXSID50220236 DTXSID30405908
DTXSID50733937	DTXSID30642477 DTXSID30322782 DTXSID70843961 DTXSID80383500 DTXSID80570276 DTXSID60464760 DTXSID70309653 DTXSID80354891 DTXSID50315974 DTXSID90813707 DTXSID80211632 DTXSID70450412 DTXSID50568069 DTXSID10876016 DTXSID40821519 DTXSID30641809 DTXSID70351511 DTXSID10463849 DTXSID80306315 DTXSID70481504
DTXSID10896214	DTXSID80785949 DTXSID30574648 DTXSID4072233 DTXSID80470343 DTXSID20876805 DTXSID60896542 DTXSID10814392 DTXSID40341469 DTXSID90808572 DTXSID20874240 DTXSID20819292 DTXSID5067500 DTXSID60829355 DTXSID10833987 DTXSID00896425 DTXSID80186038 DTXSID80646122 DTXSID10849982 DTXSID30207207 DTXSID1024752
DTXSID10305518	DTXSID70798725 DTXSID00197808 DTXSID80740472 DTXSID50701934 DTXSID10835749 DTXSID30815008 DTXSID40455873 DTXSID70563071 DTXSID00725887 DTXSID70523594 DTXSID70743932 DTXSID6070560 DTXSID50846531 DTXSID50423907 DTXSID70203864 DTXSID10599056 DTXSID40820608 DTXSID20454682 DTXSID60887995 DTXSID80506732
DTXSID00739348	DTXSID90330949 DTXSID00375361 DTXSID10399351 DTXSID70731571 DTXSID20345824 DTXSID70879341 DTXSID20573165 DTXSID10619203 DTXSID60575966 DTXSID40504658 DTXSID20694627 DTXSID60472608 DTXSID50557377 DTXSID30408732 DTXSID90497142 DTXSID20346174 DTXSID70566047 DTXSID80169381 DTXSID90621804 DTXSID30291383
DTXSID20834607	DTXSID50696790 DTXSID40676425 DTXSID80671277 DTXSID30209347 DTXSID30494877 DTXSID60667577 DTXSID70317031 DTXSID40526072 DTXSID10501472 DTXSID10732143 DTXSID60289273 DTXSID80503842 DTXSID70281485 DTXSID60829072 DTXSID60655358 DTXSID30718969 DTXSID40711522 DTXSID00604441 DTXSID60790354 DTXSID30813044
DTXSID00621850	DTXSID00312019 DTXSID10538581 DTXSID00420845 DTXSID20333766 DTXSID80851830 DTXSID00614161 DTXSID80665454 DTXSID50760602 DTXSID20163247 DTXSID80726973 DTXSID80742315 DTXSID20585788 DTXSID70655208 DTXSID90473567 DTXSID20447155 DTXSID40539147 DTXSID30711814 DTXSID10659624 DTXSID50526447 DTXSID30303990
DTXSID80661158	DTXSID70291387 DTXSID00220160 DTXSID70791312 DTXSID90661048 DTXSID10495286 DTXSID40568598 DTXSID20629590 DTXSID50472117 DTXSID60646983 DTXSID20800029 DTXSID80451632 DTXSID90721373 DTXSID20547326 DTXSID50384160 DTXSID40710035 DTXSID00327365 DTXSID50456533 DTXSID10357037 DTXSID80670260 DTXSID30854210
DTXSID50523537	DTXSID90514803 DTXSID20383281 DTXSID60524616 DTXSID20293179 DTXSID70518021 DTXSID70484378 DTXSID70285706 DTXSID30851865 DTXSID70578802 DTXSID10567932 DTXSID30813069 DTXSID10326566 DTXSID80424583 DTXSID90592080 DTXSID90364027 DTXSID90294037 DTXSID80841231 DTXSID60511748 DTXSID20342651 DTXSID80340113
DTXSID70599390	DTXSID20416442 DTXSID20811357 DTXSID70150627 DTXSID90759338 DTXSID30465820 DTXSID10425129 DTXSID80324357 DTXSID00290363 DTXSID20322453 DTXSID10814695 DTXSID60875877 DTXSID80442686 DTXSID10341552 DTXSID00657073 DTXSID70652434 DTXSID30207525 DTXSID10589275 DTXSID40225492 DTXSID80781567 DTXSID00176032
DTXSID90179991	DTXSID5070232 DTXSID90796884 DTXSID10518727 DTXSID50767131 DTXSID20185808 DTXSID50694498 DTXSID0024266 DTXSID80637257 DTXSID30526586 DTXSID70477947 DTXSID60640047 DTXSID70759654 DTXSID40682364 DTXSID00678208 DTXSID30819304 DTXSID80456728 DTXSID00428568 DTXSID00612400 DTXSID10715779 DTXSID20877337
DTXSID40534915	DTXSID80552279 DTXSID00814942 DTXSID60481437 DTXSID20495494 DTXSID60228420 DTXSID40791748 DTXSID80450948 DTXSID10544465 DTXSID10472219 DTXSID30639589 DTXSID20340096 DTXSID30737771 DTXSID30524340 DTXSID30525231 DTXSID20636986 DTXSID4062519 DTXSID10818299 DTXSID90464854 DTXSID10510948 DTXSID80771201
DTXSID30822737	DTXSID00219099 DTXSID70626953 DTXSID00791224 DTXSID30510223 DTXSID90604692 DTXSID90604177 DTXSID20365502 DTXSID80407179 DTXSID20468406 DTXSID30398023 DTXSID90167257 DTXSID50313612 DTXSID90653105 DTXSID10604513 DTXSID00655514 DTXSID80671813 DTXSID60830062 DTXSID30811328 DTXSID90171839 DTXSID70201941
DTXSID30428657	DTXSID30591799 DTXSID90787550 DTXSID30653301 DTXSID9041445 DTXSID20626403 DTXSID00594772 DTXSID70618434 DTXSID40747321 DTXSID5052626 DTXSID40589021 DTXSID20374210 DTXSID40110056 DTXSID90730905 DTXSID10462918 DTXSID30364541 DTXSID60772736 DTXSID70651563 DTXSID80351628 DTXSID1069952 DTXSID00334377
DTXSID80763949	DTXSID70438179 DTXSID60634906 DTXSID40312371 DTXSID50280032 DTXSID40818282 DTXSID20780913 DTXSID00501860 DTXSID70305695 DTXSID20477619 DTXSID90567430 DTXSID70886191 DTXSID70803545 DTXSID50852157 DTXSID00416965 DTXSID70452719 DTXSID70523034 DTXSID20533380 DTXSID10818517 DTXSID50550262 DTXSID60456529
DTXSID10668655	DTXSID20352715 DTXSID20576136 DTXSID80657117 DTXSID00393727 DTXSID00710011 DTXSID40508893 DTXSID90676839 DTXSID40781189 DTXSID80727804 DTXSID20299454 DTXSID60394275 DTXSID60319443 DTXSID50602750 DTXSID80162953 DTXSID90669140 DTXSID30627002 DTXSID30279565 DTXSID50165017 DTXSID00654103 DTXSID90438530
DTXSID20201173	DTXSID60315400 DTXSID10495741 DTXSID70667068 DTXSID30700546 DTXSID00743384 DTXSID40549928 DTXSID60405916 DTXSID40669211 DTXSID20720475 DTXSID60465696 DTXSID70774943 DTXSID30301279 DTXSID20506514 DTXSID20443697 DTXSID60503446 DTXSID90557811 DTXSID70428712 DTXSID70608916 DTXSID80595505 DTXSID00346314
DTXSID80222344	DTXSID00326515 DTXSID40652300 DTXSID50147792 DTXSID30823663 DTXSID80778154 DTXSID00557064 DTXSID80854048 DTXSID10423387 DTXSID40698521 DTXSID60160179 DTXSID70812718 DTXSID10628037 DTXSID20476506 DTXSID70599113 DTXSID60327083 DTXSID80744314 DTXSID80392899 DTXSID00748632 DTXSID20234486 DTXSID30896094
DTXSID50538207	DTXSID10501119 DTXSID60528699 DTXSID40431016 DTXSID50589734 DTXSID60652327 DTXSID30406531 DTXSID10355573 DTXSID60603536 DTXSID40279910 DTXSID50485005 DTXSID00850087 DTXSID60338038 DTXSID10597118 DTXSID30744748 DTXSID10354228 DTXSID60282168 DTXSID10352800 DTXSID60201778 DTXSID90857000 DTXSID70597659
DTXSID30218555	DTXSID80582970 DTXSID10190906 DTXSID80333444 DTXSID80180238 DTXSID10602615 DTXSID70314868 DTXSID70787851 DTXSID30510001 DTXSID60524732 DTXSID90441084 DTXSID00565861 DTXSID10694631 DTXSID60831094 DTXSID10478554 DTXSID40876185 DTXSID70600399 DTXSID00342699 DTXSID00646740 DTXSID10679943 DTXSID50151738
DTXSID40826463	DTXSID80364490 DTXSID10448414 DTXSID20481190 DTXSID00441171 DTXSID70342626 DTXSID10617229 DTXSID70858070 DTXSID80699370 DTXSID80517949 DTXSID30336703 DTXSID40386395 DTXSID60651118 DTXSID80786658 DTXSID00781261 DTXSID40625731 DTXSID90213687 DTXSID20615493 DTXSID10842978 DTXSID00154719 DTXSID80289376
DTXSID10396481	DTXSID50332560 DTXSID5051602 DTXSID50849249 DTXSID40459811 DTXSID70832754 DTXSID00374011 DTXSID50653949 DTXSID90481965 DTXSID30527699 DTXSID40646486 DTXSID60824108 DTXSID20807311 DTXSID40473991 DTXSID30742365 DTXSID90805602 DTXSID40879479 DTXSID50591877 DTXSID60587524 DTXSID00345842 DTXSID10742747
DTXSID50604173	DTXSID70478257 DTXSID50596746 DTXSID8024787 DTXSID30306426 DTXSID80686346 DTXSID40415917 DTXSID60707361 DTXSID10280790 DTXSID00720635 DTXSID20372933 DTXSID20324518 DTXSID60615215 DTXSID60641014 DTXSID10749579 DTXSID80457932 DTXSID3068592 DTXSID80373744 DTXSID10340949 DTXSID40832084 DTXSID10454010
DTXSID50179351	DTXSID50704142 DTXSID50682193 DTXSID90653105 DTXSID70201941 DTXSID40595309 DTXSID40356538 DTXSID20501903 DTXSID80212043 DTXSID80407179 DTXSID60762319 DTXSID20340490 DTXSID80671813 DTXSID20365502 DTXSID90231780 DTXSID50528446 DTXSID00219099 DTXSID80772016 DTXSID70720187 DTXSID90567930 DTXSID50427884
DTXSID00651859	DTXSID00418545 DTXSID9025403 DTXSID20503528 DTXSID90702268 DTXSID20848446 DTXSID30652637 DTXSID40289458 DTXSID20830144 DTXSID7044764 DTXSID70223906 DTXSID40288729 DTXSID9073628 DTXSID90585831 DTXSID00502372 DTXSID70760740 DTXSID80405872 DTXSID00390094 DTXSID90877561 DTXSID90524487 DTXSID30238455
DTXSID20801894	DTXSID00225594 DTXSID10310021 DTXSID20218842 DTXSID00277659 DTXSID90400712 DTXSID50651304 DTXSID10621083 DTXSID00749821 DTXSID00614525 DTXSID60415939 DTXSID70170209 DTXSID80395209 DTXSID90208553 DTXSID10703373 DTXSID60609316 DTXSID10321879 DTXSID50397735 DTXSID40546790 DTXSID00611337 DTXSID00374536
DTXSID20896780	DTXSID80787928 DTXSID70866337 DTXSID50432918 DTXSID80852064 DTXSID60768896 DTXSID60840328 DTXSID50662258 DTXSID40707566 DTXSID80839633 DTXSID10225964 DTXSID40511600 DTXSID20235473 DTXSID40819355 DTXSID80700910 DTXSID60423817 DTXSID60880648 DTXSID00300092 DTXSID10796088 DTXSID30210675 DTXSID70791993
DTXSID90179198	DTXSID4065604 DTXSID70603769 DTXSID8046791 DTXSID70740461 DTXSID20640220 DTXSID20801152 DTXSID00357142 DTXSID80615070 DTXSID6048096 DTXSID70499624 DTXSID60432868 DTXSID40504178 DTXSID20167826 DTXSID00423917 DTXSID40143485 DTXSID30438498 DTXSID70291822 DTXSID70852235 DTXSID00694584 DTXSID10724700
DTXSID20707948	DTXSID40613335 DTXSID80348497 DTXSID10627005 DTXSID00669338 DTXSID40192418 DTXSID20835912 DTXSID90700688 DTXSID50342306 DTXSID80485831 DTXSID40538872 DTXSID70341093 DTXSID30418775 DTXSID80655638 DTXSID30811020 DTXSID20509580 DTXSID40348579 DTXSID20618585 DTXSID80742835 DTXSID00480065 DTXSID10335214
DTXSID10144383	DTXSID50215283 DTXSID10829527 DTXSID80554157 DTXSID20834965 DTXSID00719266 DTXSID60635918 DTXSID90529396 DTXSID50277442 DTXSID10528447 DTXSID70849443 DTXSID60649439 DTXSID90696310 DTXSID50651006 DTXSID10428534 DTXSID70874098 DTXSID40398958 DTXSID90453768 DTXSID9057680 DTXSID70443026 DTXSID50649605
DTXSID30827388	DTXSID60711882 DTXSID50737490 DTXSID20754452 DTXSID90709590 DTXSID50700528 DTXSID10783832 DTXSID70699586 DTXSID80705607 DTXSID30281663 DTXSID30543410 DTXSID10822679 DTXSID80278447 DTXSID70242536 DTXSID20341664 DTXSID80468609 DTXSID30297769 DTXSID00793728 DTXSID60239677 DTXSID70346765 DTXSID50792261
DTXSID60820660	DTXSID70811307 DTXSID40516574 DTXSID60680908 DTXSID20419099 DTXSID40589748 DTXSID00444107 DTXSID80625119 DTXSID50776829 DTXSID90561630 DTXSID00857657 DTXSID40404280 DTXSID90276479 DTXSID40509623 DTXSID10288155 DTXSID30189978 DTXSID60542335 DTXSID20846260 DTXSID80718212 DTXSID10506361 DTXSID00625535
DTXSID10788827	DTXSID00738098 DTXSID30290033 DTXSID0035748 DTXSID80637257 DTXSID70477947 DTXSID30790846 DTXSID10212011 DTXSID70447286 DTXSID70637802 DTXSID10661722 DTXSID0024266 DTXSID20657292 DTXSID90845265 DTXSID30325278 DTXSID80678185 DTXSID5070232 DTXSID90179991 DTXSID80284826 DTXSID10739314 DTXSID60344396
DTXSID50546887	DTXSID90156823 DTXSID00701106 DTXSID30505336 DTXSID80404406 DTXSID10726481 DTXSID50206878 DTXSID50175959 DTXSID10282310 DTXSID70499149 DTXSID20655894 DTXSID60583001 DTXSID20302452 DTXSID90354120 DTXSID20371406 DTXSID40321322 DTXSID50670919 DTXSID00528158 DTXSID80528156 DTXSID20677798 DTXSID90292093
DTXSID30556525	DTXSID40223857 DTXSID70540524 DTXSID80160737 DTXSID70531255 DTXSID10705918 DTXSID90344248 DTXSID20698403 DTXSID40668648 DTXSID50203120 DTXSID70490090 DTXSID9044790 DTXSID10475826 DTXSID20222484 DTXSID10483209 DTXSID80633774 DTXSID80542993 DTXSID20849418 DTXSID40199745 DTXSID40329449 DTXSID40283895
DTXSID30675245	DTXSID30639701 DTXSID80630541 DTXSID20793487 DTXSID20550310 DTXSID50345231 DTXSID50655685 DTXSID60682265 DTXSID90798186 DTXSID40662505 DTXSID60457071 DTXSID3075335 DTXSID30385716 DTXSID40556238 DTXSID40815312 DTXSID80198656 DTXSID30798185 DTXSID50761336 DTXSID60486664 DTXSID60866760 DTXSID00515129
DTXSID20827933	DTXSID60373409 DTXSID90705153 DTXSID40538579 DTXSID20629934 DTXSID20456863 DTXSID50599959 DTXSID40857631 DTXSID60555147 DTXSID30827181 DTXSID60835436 DTXSID10623385 DTXSID50427622 DTXSID30542746 DTXSID80744470 DTXSID60551149 DTXSID50358169 DTXSID50473725 DTXSID80303223 DTXSID90748782 DTXSID20216742
DTXSID60716933	DTXSID90174022 DTXSID90198723 DTXSID40831017 DTXSID70788823 DTXSID10697122 DTXSID80351683 DTXSID90315231 DTXSID10653460 DTXSID00726157 DTXSID80730651 DTXSID10307991 DTXSID40196774 DTXSID00622867 DTXSID40729122 DTXSID50238654 DTXSID80589267 DTXSID20431074 DTXSID20324255 DTXSID50593376 DTXSID50629068
DTXSID2058122	DTXSID70673129 DTXSID70283000 DTXSID20299055 DTXSID70621488 DTXSID10294857 DTXSID20421218 DTXSID90743631 DTXSID80781800 DTXSID30294495 DTXSID20211873 DTXSID00160890 DTXSID90463827 DTXSID70765391 DTXSID20312091 DTXSID20159786 DTXSID30346908 DTXSID7069023 DTXSID60289112 DTXSID0042298 DTXSID80453999
DTXSID30506146	DTXSID80738455 DTXSID80681634 DTXSID40624587 DTXSID00295777 DTXSID80845794 DTXSID50240651 DTXSID80652703 DTXSID20751188 DTXSID9074642 DTXSID50729870 DTXSID60696569 DTXSID80416549 DTXSID50727078 DTXSID60760855 DTXSID50180326 DTXSID20317288 DTXSID10624458 DTXSID90706903 DTXSID40657471 DTXSID50430015
DTXSID70751153	DTXSID40195484 DTXSID10856030 DTXSID30524481 DTXSID20315027 DTXSID80763666 DTXSID90242250 DTXSID90164640 DTXSID70766141 DTXSID80223154 DTXSID00508677 DTXSID00707800 DTXSID20765669 DTXSID80674147 DTXSID10212475 DTXSID10327533 DTXSID80435412 DTXSID3073719 DTXSID90534566 DTXSID60744251 DTXSID30847288
DTXSID90284776	DTXSID90234635 DTXSID00824708 DTXSID70705772 DTXSID90548921 DTXSID90646759 DTXSID10366846 DTXSID60574717 DTXSID80666542 DTXSID90362083 DTXSID20310830 DTXSID40244168 DTXSID10589058 DTXSID50833365 DTXSID50368506 DTXSID40282005 DTXSID40406567 DTXSID00429853 DTXSID20401419 DTXSID40187829 DTXSID10566046
DTXSID20501347	DTXSID20633798 DTXSID00341006 DTXSID00667591 DTXSID40181180 DTXSID60655595 DTXSID80469499 DTXSID40361622 DTXSID9022237 DTXSID30667261 DTXSID00401154 DTXSID10707634 DTXSID50383239 DTXSID20730473 DTXSID10588026 DTXSID60533122 DTXSID90844430 DTXSID10669849 DTXSID90587653 DTXSID10311699 DTXSID80539823
DTXSID80374438	DTXSID70615761 DTXSID1063435 DTXSID00497850 DTXSID00407818 DTXSID70619188 DTXSID20680742 DTXSID50383092 DTXSID80182510 DTXSID80496402 DTXSID90740544 DTXSID70711898 DTXSID80175922 DTXSID80646465 DTXSID20663414 DTXSID60303226 DTXSID00766437 DTXSID80729308 DTXSID50778944 DTXSID60503325 DTXSID70613904
DTXSID30199370	DTXSID50160981 DTXSID50390706 DTXSID70743614 DTXSID60702573 DTXSID70730145 DTXSID60277534 DTXSID40243196 DTXSID70810274 DTXSID10484514 DTXSID90553131 DTXSID60292449 DTXSID80406844 DTXSID70567079 DTXSID00386154 DTXSID60597325 DTXSID80885534 DTXSID00430025 DTXSID70197512 DTXSID70819621 DTXSID20144415
DTXSID40348579	DTXSID80462369 DTXSID50342306 DTXSID60503446 DTXSID40192418 DTXSID20509580 DTXSID70608916 DTXSID70341093 DTXSID90390240 DTXSID20707948 DTXSID80595505 DTXSID30624172 DTXSID60482060 DTXSID70428712 DTXSID70652898 DTXSID80485831 DTXSID50508400 DTXSID00355800 DTXSID80655638 DTXSID80463679 DTXSID40613335
DTXSID10555091	DTXSID20369429 DTXSID10619405 DTXSID20212022 DTXSID2047016 DTXSID90547797 DTXSID00462684 DTXSID60828121 DTXSID90462572 DTXSID60295354 DTXSID20363508 DTXSID80549528 DTXSID60635458 DTXSID90375774 DTXSID30222415 DTXSID90622492 DTXSID40793823 DTXSID40297775 DTXSID20356697 DTXSID80355863 DTXSID30709610
DTXSID60341123	DTXSID70702281 DTXSID80642422 DTXSID10831741 DTXSID80769229 DTXSID90175897 DTXSID90306821 DTXSID30574401 DTXSID80813559 DTXSID70793053 DTXSID40491817 DTXSID60242525 DTXSID80787403 DTXSID20308494 DTXSID40432846 DTXSID10613125 DTXSID60786631 DTXSID90557134 DTXSID50716826 DTXSID50551618 DTXSID10347554
DTXSID70558563	DTXSID00480989 DTXSID90736028 DTXSID20578554 DTXSID70470251 DTXSID40365145 DTXSID90864779 DTXSID20539948 DTXSID10712182 DTXSID40717822 DTXSID50816810 DTXSID30562621 DTXSID80801294 DTXSID30190943 DTXSID00465357 DTXSID00399320 DTXSID70545993 DTXSID40341904 DTXSID90562627 DTXSID20721068 DTXSID00721268
DTXSID90408576	DTXSID90483020 DTXSID20838140 DTXSID30483483 DTXSID10181490 DTXSID60542759 DTXSID2024791 DTXSID60454661 DTXSID30372484 DTXSID80528671 DTXSID10180923 DTXSID20500057 DTXSID30198484 DTXSID80444004 DTXSID70721134 DTXSID00559528 DTXSID80742077 DTXSID3057692 DTXSID90296834 DTXSID30288293 DTXSID60199601
DTXSID10228319	DTXSID40602800 DTXSID90573157 DTXSID10818850 DTXSID10329471 DTXSID30805207 DTXSID90294375 DTXSID50401306 DTXSID00697494 DTXSID30662877 DTXSID80478263 DTXSID60700534 DTXSID10394967 DTXSID10611146 DTXSID30476911 DTXSID70827923 DTXSID50488652 DTXSID90788820 DTXSID10513631 DTXSID50523178 DTXSID90341590
DTXSID60239536	DTXSID20239537 DTXSID00434109 DTXSID60390070 DTXSID10828494 DTXSID7044689 DTXSID20522552 DTXSID80789447 DTXSID90443725 DTXSID20566037 DTXSID2061480 DTXSID20581402 DTXSID80309280 DTXSID00613750 DTXSID60294322 DTXSID00463292 DTXSID70676711 DTXSID90832034 DTXSID80675952 DTXSID90734423 DTXSID70500800
DTXSID50302465	DTXSID10276198 DTXSID80850904 DTXSID30795831 DTXSID80675972 DTXSID40715661 DTXSID30788844 DTXSID10401781 DTXSID00190516 DTXSID40392491 DTXSID00163427 DTXSID50561257 DTXSID40417916 DTXSID30597130 DTXSID70610372 DTXSID90345331 DTXSID50555191 DTXSID40767105 DTXSID50198623 DTXSID60886903 DTXSID70645644
DTXSID90712105	DTXSID50487988 DTXSID90640611 DTXSID90753952 DTXSID50856377 DTXSID50473568 DTXSID40637874 DTXSID80336298 DTXSID70337855 DTXSID60535000 DTXSID40571527 DTXSID00377461 DTXSID60739460 DTXSID40345927 DTXSID10283726 DTXSID60307108 DTXSID00825275 DTXSID90542803 DTXSID90479908 DTXSID30780828 DTXSID50487645
DTXSID40446064	DTXSID80640201 DTXSID20656366 DTXSID60813077 DTXSID00725605 DTXSID70708324 DTXSID10733074 DTXSID80782413 DTXSID10519254 DTXSID40504491 DTXSID70611081 DTXSID20439196 DTXSID50340165 DTXSID80876523 DTXSID60550096 DTXSID80299970 DTXSID60800068 DTXSID10452955 DTXSID90848559 DTXSID30511452 DTXSID50767873
DTXSID90453768	DTXSID90696310 DTXSID80554157 DTXSID20834965 DTXSID70874098 DTXSID50528446 DTXSID60540114 DTXSID50277442 DTXSID50651006 DTXSID90824055 DTXSID60635918 DTXSID50649605 DTXSID90567930 DTXSID10144383 DTXSID10829527 DTXSID00162071 DTXSID1025693 DTXSID20145200 DTXSID90289180 DTXSID50427884 DTXSID60649439
DTXSID40473991	DTXSID40241632 DTXSID80606589 DTXSID00374011 DTXSID10326081 DTXSID00418328 DTXSID5051602 DTXSID30698318 DTXSID20766015 DTXSID50332560 DTXSID30319213 DTXSID00388350 DTXSID80708592 DTXSID60370650 DTXSID10396481 DTXSID60780356 DTXSID10736227 DTXSID10744428 DTXSID90805602 DTXSID70832754 DTXSID50849249
DTXSID80703825	DTXSID20651159 DTXSID30314804 DTXSID00587649 DTXSID10879320 DTXSID6067549 DTXSID40820466 DTXSID20598570 DTXSID60353524 DTXSID20545105 DTXSID00846581 DTXSID80879711 DTXSID00679770 DTXSID60317383 DTXSID20590271 DTXSID10542860 DTXSID00309808 DTXSID10743592 DTXSID10645249 DTXSID40169908 DTXSID50398949
DTXSID60675475	DTXSID20509929 DTXSID60757588 DTXSID20423499 DTXSID50381977 DTXSID60551285 DTXSID40326736 DTXSID00876848 DTXSID30542463 DTXSID80795366 DTXSID40695111 DTXSID00771248 DTXSID00708473 DTXSID70439227 DTXSID10755897 DTXSID50559694 DTXSID00710657 DTXSID60553981 DTXSID70519199 DTXSID30874115 DTXSID10432691
DTXSID50716826	DTXSID70793053 DTXSID30588563 DTXSID80769229 DTXSID10831741 DTXSID9051745 DTXSID60786631 DTXSID70398688 DTXSID90706640 DTXSID60209613 DTXSID40528793 DTXSID50552842 DTXSID10613125 DTXSID40481793 DTXSID30574401 DTXSID50657063 DTXSID70703874 DTXSID30727894 DTXSID90702066 DTXSID60341123 DTXSID20699051
DTXSID90349995	DTXSID40659632 DTXSID00216765 DTXSID30415688 DTXSID70794808 DTXSID2023222 DTXSID90342643 DTXSID00896142 DTXSID60231434 DTXSID90535053 DTXSID60297232 DTXSID40434921 DTXSID90834472 DTXSID20857659 DTXSID60502116 DTXSID50395377 DTXSID80384411 DTXSID30389390 DTXSID30445344 DTXSID50397371 DTXSID50369891
DTXSID40714614	DTXSID60552474 DTXSID80340739 DTXSID70816731 DTXSID80836521 DTXSID20295330 DTXSID60864504 DTXSID00841233 DTXSID60880648 DTXSID40819355 DTXSID60759845 DTXSID40341646 DTXSID70773512 DTXSID50662258 DTXSID60515882 DTXSID10784248 DTXSID80526894 DTXSID50712085 DTXSID40887796 DTXSID40718177 DTXSID60195587
DTXSID80238243	DTXSID20185540 DTXSID60576312 DTXSID30344606 DTXSID90379459 DTXSID40632283 DTXSID10472875 DTXSID80562893 DTXSID60734213 DTXSID70337219 DTXSID00472203 DTXSID90662833 DTXSID70652439 DTXSID50290696 DTXSID70176266 DTXSID00721061 DTXSID50303033 DTXSID00405117 DTXSID90817745 DTXSID30876114 DTXSID00748874
DTXSID10832697	DTXSID20833716 DTXSID50755018 DTXSID60374335 DTXSID50619383 DTXSID10191993 DTXSID30350843 DTXSID30413629 DTXSID20886101 DTXSID70471682 DTXSID90505372 DTXSID20453973 DTXSID90596508 DTXSID60616843 DTXSID30666835 DTXSID0058514 DTXSID60621912 DTXSID40761729 DTXSID10351257 DTXSID20290880 DTXSID40729783
DTXSID70376901	DTXSID90630138 DTXSID30560804 DTXSID20474981 DTXSID20316433 DTXSID70598186 DTXSID90768041 DTXSID70607161 DTXSID90400696 DTXSID70325712 DTXSID90694497 DTXSID80284801 DTXSID30642376 DTXSID50821545 DTXSID20790370 DTXSID70727494 DTXSID30620730 DTXSID3074072 DTXSID30164543 DTXSID40207955 DTXSID20281692
DTXSID60285093	DTXSID00509104 DTXSID50281206 DTXSID40566478 DTXSID1063512 DTXSID50321555 DTXSID70448359 DTXSID20183980 DTXSID0051318 DTXSID00503965 DTXSID40442061 DTXSID90451623 DTXSID50520026 DTXSID10439589 DTXSID70165099 DTXSID10485541 DTXSID10405921 DTXSID10546803 DTXSID60486225 DTXSID30150880 DTXSID40453379
DTXSID50316123	DTXSID80847197 DTXSID40306199 DTXSID50242539 DTXSID70721614 DTXSID20746397 DTXSID80308374 DTXSID30817906 DTXSID30204953 DTXSID40832302 DTXSID90650230 DTXSID70846614 DTXSID50390706 DTXSID30767634 DTXSID60767021 DTXSID20428464 DTXSID60292449 DTXSID80811232 DTXSID40852085 DTXSID30848715 DTXSID50338880
DTXSID90398180	DTXSID70836510 DTXSID40525565 DTXSID20667735 DTXSID30704004 DTXSID80472403 DTXSID10506745 DTXSID10506048 DTXSID50783876 DTXSID60893915 DTXSID90284832 DTXSID30593394 DTXSID90733890 DTXSID20167427 DTXSID50813501 DTXSID90321852 DTXSID70398406 DTXSID10820094 DTXSID00515129 DTXSID20734330 DTXSID40343468
DTXSID50790787	DTXSID9041023 DTXSID70769793 DTXSID00292524 DTXSID40163668 DTXSID80634549 DTXSID70809204 DTXSID70348188 DTXSID10609947 DTXSID70710346 DTXSID80768398 DTXSID60675950 DTXSID50730860 DTXSID50759096 DTXSID00750538 DTXSID80783627 DTXSID60823212 DTXSID90199836 DTXSID70761252 DTXSID2050035 DTXSID20800625
DTXSID60874628	DTXSID30662498 DTXSID10470659 DTXSID3060667 DTXSID70848835 DTXSID80709549 DTXSID60662507 DTXSID2041202 DTXSID00678763 DTXSID90738901 DTXSID50707895 DTXSID90751271 DTXSID60703727 DTXSID10448999 DTXSID40719149 DTXSID10510241 DTXSID30816550 DTXSID00854782 DTXSID30336223 DTXSID00813511 DTXSID60430268
DTXSID30652637	DTXSID20848446 DTXSID90702268 DTXSID20503528 DTXSID40289458 DTXSID00651859 DTXSID7044764 DTXSID50642050 DTXSID70223906 DTXSID90585831 DTXSID00418545 DTXSID9025403 DTXSID90877561 DTXSID80405872 DTXSID40453516 DTXSID40821998 DTXSID20630368 DTXSID10758666 DTXSID80799980 DTXSID70760740 DTXSID10829421
DTXSID70315971	DTXSID40758917 DTXSID80814102 DTXSID50406932 DTXSID00839751 DTXSID10198205 DTXSID50450930 DTXSID40334275 DTXSID20406141 DTXSID20647693 DTXSID80440647 DTXSID60340974 DTXSID60725101 DTXSID00411738 DTXSID30280974 DTXSID30750945 DTXSID90462936 DTXSID40757309 DTXSID40380277 DTXSID10871440 DTXSID00566171
DTXSID30331379	DTXSID10525991 DTXSID60621654 DTXSID60840166 DTXSID50589815 DTXSID80620169 DTXSID50709091 DTXSID50345716 DTXSID00398893 DTXSID50833527 DTXSID50196028 DTXSID10606552 DTXSID50149857 DTXSID30590308 DTXSID80649850 DTXSID80180894 DTXSID60462105 DTXSID20424284 DTXSID70754826 DTXSID60694580 DTXSID90649245
DTXSID00716235	DTXSID40550190 DTXSID40791662 DTXSID00489694 DTXSID60527743 DTXSID70509818 DTXSID80648242 DTXSID10497361 DTXSID20379280 DTXSID70226876 DTXSID70554121 DTXSID40399561 DTXSID20723880 DTXSID70766141 DTXSID00209354 DTXSID80657334 DTXSID30844994 DTXSID80223154 DTXSID60377861 DTXSID50855769 DTXSID30287165
DTXSID10803483	DTXSID10561975 DTXSID40382933 DTXSID90622179 DTXSID00769266 DTXSID50553950 DTXSID50178708 DTXSID30479922 DTXSID70693504 DTXSID30566720 DTXSID10340247 DTXSID60214121 DTXSID20876047 DTXSID50321838 DTXSID60308751 DTXSID30507638 DTXSID10675228 DTXSID60542052 DTXSID60211832 DTXSID50812918 DTXSID60473099
DTXSID80308495	DTXSID20440303 DTXSID90768203 DTXSID20509762 DTXSID50505535 DTXSID70649208 DTXSID50493822 DTXSID50843540 DTXSID00332196 DTXSID90533993 DTXSID70313634 DTXSID90232919 DTXSID70428494 DTXSID00168679 DTXSID60640704 DTXSID20435577 DTXSID50616953 DTXSID10472193 DTXSID70214298 DTXSID20812728 DTXSID90350602
DTXSID70820898	DTXSID50437069 DTXSID20406545 DTXSID40430266 DTXSID70221568 DTXSID70710422 DTXSID90647221 DTXSID00618008 DTXSID40674183 DTXSID20778436 DTXSID50345014 DTXSID30636396 DTXSID80190337 DTXSID90783198 DTXSID50412755 DTXSID50227583 DTXSID50667248 DTXSID10181551 DTXSID70287543 DTXSID70471389 DTXSID90805440
DTXSID80304336	DTXSID80732155 DTXSID90319299 DTXSID60578412 DTXSID80516730 DTXSID50669924 DTXSID40478209 DTXSID90694957 DTXSID80733081 DTXSID80475919 DTXSID40517460 DTXSID60561849 DTXSID50837444 DTXSID10653127 DTXSID80356057 DTXSID90370966 DTXSID30305550 DTXSID70382567 DTXSID30676873 DTXSID40629911 DTXSID80597943
DTXSID50848994	DTXSID90817745 DTXSID00405117 DTXSID70176266 DTXSID90662833 DTXSID10496814 DTXSID60734213 DTXSID70399418 DTXSID00568670 DTXSID70471445 DTXSID00293935 DTXSID80211571 DTXSID70425569 DTXSID00748874 DTXSID50303033 DTXSID7057787 DTXSID10478690 DTXSID00588237 DTXSID10602135 DTXSID40632283 DTXSID90675221
DTXSID10661722	DTXSID30325278 DTXSID10212011 DTXSID70477947 DTXSID00552054 DTXSID20657292 DTXSID00802182 DTXSID80637257 DTXSID40682364 DTXSID0035748 DTXSID80877338 DTXSID80456728 DTXSID60812328 DTXSID80284826 DTXSID10788827 DTXSID10640895 DTXSID00678208 DTXSID30651367 DTXSID50234914 DTXSID30790846 DTXSID70759654
DTXSID50332560	DTXSID5051602 DTXSID10396481 DTXSID00374011 DTXSID40459811 DTXSID50849249 DTXSID50653949 DTXSID40473991 DTXSID70832754 DTXSID90805602 DTXSID30527699 DTXSID40241632 DTXSID20807311 DTXSID30742365 DTXSID80606589 DTXSID20766015 DTXSID90481965 DTXSID60824108 DTXSID60455951 DTXSID20695831 DTXSID40646486
DTXSID10672434	DTXSID30854114 DTXSID20275490 DTXSID30406531 DTXSID50646674 DTXSID00409352 DTXSID40510698 DTXSID50589754 DTXSID70498152 DTXSID80463053 DTXSID60201778 DTXSID00852703 DTXSID40679875 DTXSID60415636 DTXSID80664725 DTXSID60228965 DTXSID60312176 DTXSID20290880 DTXSID50801589 DTXSID70218155 DTXSID70597659
DTXSID70580602	DTXSID50797998 DTXSID70276210 DTXSID30431328 DTXSID00210001 DTXSID80694027 DTXSID90221166 DTXSID70484939 DTXSID50778626 DTXSID60775383 DTXSID30851340 DTXSID3070418 DTXSID90176243 DTXSID20288823 DTXSID00840362 DTXSID50853942 DTXSID00601051 DTXSID60181147 DTXSID10431745 DTXSID90292492 DTXSID70395056
DTXSID70400710	DTXSID30175614 DTXSID80772011 DTXSID00498387 DTXSID60668726 DTXSID20422326 DTXSID80470368 DTXSID90401582 DTXSID00490346 DTXSID30240972 DTXSID30607723 DTXSID40293651 DTXSID20667790 DTXSID60396875 DTXSID50427945 DTXSID90409028 DTXSID40456507 DTXSID00632204 DTXSID50740727 DTXSID1069952 DTXSID90346863
DTXSID00567946	DTXSID80292143 DTXSID9046865 DTXSID90159298 DTXSID70385795 DTXSID30505119 DTXSID30295169 DTXSID20509202 DTXSID90669564 DTXSID80496604 DTXSID50629068 DTXSID50238654 DTXSID80730651 DTXSID60729604 DTXSID40520530 DTXSID40729122 DTXSID90878937 DTXSID00622867 DTXSID00821737 DTXSID80378471 DTXSID20324255
DTXSID30202232	DTXSID90774102 DTXSID40314517 DTXSID10416330 DTXSID40852085 DTXSID90697544 DTXSID80811232 DTXSID10667143 DTXSID00782258 DTXSID30734164 DTXSID80308374 DTXSID70873607 DTXSID60804228 DTXSID50645627 DTXSID90456239 DTXSID10515615 DTXSID30752702 DTXSID70437263 DTXSID80276584 DTXSID10725737 DTXSID10597638
DTXSID00655630	DTXSID70316448 DTXSID70722227 DTXSID90719730 DTXSID00428225 DTXSID00513665 DTXSID70680272 DTXSID30733839 DTXSID10705413 DTXSID20379543 DTXSID80494605 DTXSID10573876 DTXSID50561535 DTXSID90879368 DTXSID20423292 DTXSID10770409 DTXSID50649802 DTXSID80211218 DTXSID10650979 DTXSID50634238 DTXSID10857249
DTXSID40341767	DTXSID80446200 DTXSID10184244 DTXSID60787986 DTXSID40788759 DTXSID40844263 DTXSID60517609 DTXSID70782987 DTXSID60519461 DTXSID00370831 DTXSID60744135 DTXSID40549185 DTXSID10596601 DTXSID40446483 DTXSID90571577 DTXSID80505523 DTXSID70576984 DTXSID90408410 DTXSID40845078 DTXSID50163578 DTXSID00757406
DTXSID30804639	DTXSID20619259 DTXSID20346058 DTXSID80796772 DTXSID50379475 DTXSID60879719 DTXSID70397414 DTXSID20228325 DTXSID70543979 DTXSID60599086 DTXSID50315232 DTXSID90152880 DTXSID30525099 DTXSID10359430 DTXSID40421230 DTXSID70536164 DTXSID30303394 DTXSID50527373 DTXSID90794901 DTXSID70548964 DTXSID40756736
DTXSID90407241	DTXSID30460875 DTXSID1066786 DTXSID10316184 DTXSID90623222 DTXSID30585375 DTXSID90443664 DTXSID30760367 DTXSID60514936 DTXSID10170304 DTXSID50354621 DTXSID00837035 DTXSID30635122 DTXSID20146696 DTXSID50374804 DTXSID90698511 DTXSID40706150 DTXSID10305598 DTXSID30579375 DTXSID30836834 DTXSID70734123
DTXSID10463021	DTXSID10144484 DTXSID50465827 DTXSID80275936 DTXSID20594678 DTXSID70825242 DTXSID80776034 DTXSID00405935 DTXSID10579131 DTXSID60877351 DTXSID00757749 DTXSID70284653 DTXSID50505318 DTXSID00338633 DTXSID10560226 DTXSID20403498 DTXSID50639889 DTXSID80438044 DTXSID50318526 DTXSID20172071 DTXSID20357760
DTXSID60329183	DTXSID70395213 DTXSID10358741 DTXSID20612902 DTXSID30449367 DTXSID90425465 DTXSID00304090 DTXSID30442510 DTXSID60744317 DTXSID00849057 DTXSID00184258 DTXSID70828773 DTXSID90205022 DTXSID40700158 DTXSID20378677 DTXSID80572896 DTXSID50742468 DTXSID90715717 DTXSID20379503 DTXSID20797081 DTXSID30540282
DTXSID70476117	DTXSID00186792 DTXSID60766978 DTXSID60451877 DTXSID20466467 DTXSID00839978 DTXSID20516815 DTXSID80238142 DTXSID6033241 DTXSID60172570 DTXSID10556407 DTXSID1068302 DTXSID90369390 DTXSID30767674 DTXSID90166301 DTXSID80354371 DTXSID30738485 DTXSID90553656 DTXSID40745084 DTXSID5021625 DTXSID30550023
DTXSID30663980	DTXSID10618958 DTXSID00391501 DTXSID30735590 DTXSID60325847 DTXSID30559379 DTXSID40646269 DTXSID30627002 DTXSID90669140 DTXSID20345788 DTXSID70693842 DTXSID40515688 DTXSID50165017 DTXSID50345892 DTXSID80701725 DTXSID70383211 DTXSID60394275 DTXSID90648819 DTXSID80162953 DTXSID10478731 DTXSID30223841
DTXSID60511480	DTXSID40417799 DTXSID80195024 DTXSID60822902 DTXSID40195666 DTXSID10886074 DTXSID00752951 DTXSID70785392 DTXSID10699585 DTXSID00699514 DTXSID00826560 DTXSID80546739 DTXSID30147033 DTXSID90602057 DTXSID70450674 DTXSID00793728 DTXSID80468609 DTXSID70233808 DTXSID30191576 DTXSID50804111 DTXSID20741069
DTXSID80558271	DTXSID40194558 DTXSID90445805 DTXSID50662359 DTXSID80631275 DTXSID40415679 DTXSID80442686 DTXSID20327009 DTXSID90759338 DTXSID20151705 DTXSID10672792 DTXSID60325125 DTXSID40773983 DTXSID20798412 DTXSID40617934 DTXSID30176540 DTXSID10579717 DTXSID20416442 DTXSID10199636 DTXSID40450409 DTXSID20465495
DTXSID20702812	DTXSID30550669 DTXSID90857282 DTXSID50402570 DTXSID30775971 DTXSID00797266 DTXSID90352929 DTXSID50857501 DTXSID00496606 DTXSID50745414 DTXSID40749345 DTXSID00810742 DTXSID30618374 DTXSID70488816 DTXSID90624653 DTXSID40313489 DTXSID20879376 DTXSID10600479 DTXSID50589017 DTXSID00143623 DTXSID00835551
DTXSID70891442	DTXSID80472908 DTXSID00406381 DTXSID00641295 DTXSID50440356 DTXSID90799633 DTXSID90812856 DTXSID40610364 DTXSID70296695 DTXSID50549631 DTXSID50590007 DTXSID50846172 DTXSID00457217 DTXSID00735784 DTXSID80423172 DTXSID40641294 DTXSID30374882 DTXSID90699861 DTXSID60290586 DTXSID10645683 DTXSID20631638
DTXSID40830606	DTXSID40789867 DTXSID70790805 DTXSID00804404 DTXSID20888665 DTXSID10805149 DTXSID60605217 DTXSID50780365 DTXSID30805762 DTXSID50812175 DTXSID10819029 DTXSID80830605 DTXSID20808722 DTXSID50533959 DTXSID20675951 DTXSID60823212 DTXSID90176243 DTXSID70710346 DTXSID40867432 DTXSID70785433 DTXSID80634549
DTXSID50804111	DTXSID50796865 DTXSID30191576 DTXSID70822857 DTXSID70785392 DTXSID90755850 DTXSID10771451 DTXSID20346750 DTXSID80546739 DTXSID70233808 DTXSID60826960 DTXSID20741069 DTXSID40336794 DTXSID90887963 DTXSID00699514 DTXSID5070602 DTXSID00793728 DTXSID30543410 DTXSID20280781 DTXSID80468609 DTXSID70242536
DTXSID10650979	DTXSID10770409 DTXSID30733839 DTXSID50561535 DTXSID20423292 DTXSID00513665 DTXSID10573876 DTXSID80676848 DTXSID10646857 DTXSID10181056 DTXSID00428225 DTXSID90879368 DTXSID40349703 DTXSID40513705 DTXSID10705413 DTXSID80589606 DTXSID20187983 DTXSID40623939 DTXSID10727791 DTXSID70680272 DTXSID30284199
DTXSID10510241	DTXSID2041202 DTXSID20447413 DTXSID80768373 DTXSID40304615 DTXSID60662507 DTXSID80773745 DTXSID00678763 DTXSID50847088 DTXSID60703727 DTXSID60874628 DTXSID10808413 DTXSID50707895 DTXSID70546066 DTXSID10470659 DTXSID30662498 DTXSID30816550 DTXSID20163666 DTXSID90390604 DTXSID80768717 DTXSID50341511
DTXSID00615431	DTXSID90302707 DTXSID90353214 DTXSID60675172 DTXSID10884631 DTXSID10786702 DTXSID2051978 DTXSID60641211 DTXSID00303785 DTXSID00438884 DTXSID20477457 DTXSID40705805 DTXSID10485607 DTXSID00735688 DTXSID50467720 DTXSID40483212 DTXSID20527587 DTXSID80222480 DTXSID50528608 DTXSID80729287 DTXSID90809448
DTXSID90424554	DTXSID20200005 DTXSID00341268 DTXSID50436936 DTXSID20481099 DTXSID80241717 DTXSID00206505 DTXSID40406623 DTXSID20159342 DTXSID90485226 DTXSID00579281 DTXSID30852630 DTXSID10809501 DTXSID30563198 DTXSID00565689 DTXSID80175861 DTXSID40552053 DTXSID10237007 DTXSID10292631 DTXSID50762101 DTXSID10838553
DTXSID40432846	DTXSID60228324 DTXSID30481989 DTXSID80323385 DTXSID90175897 DTXSID30574401 DTXSID20308494 DTXSID60885395 DTXSID90306821 DTXSID40310256 DTXSID60786631 DTXSID90557134 DTXSID80642422 DTXSID30777990 DTXSID50551618 DTXSID10831741 DTXSID00239257 DTXSID80600986 DTXSID60341123 DTXSID60242525 DTXSID90790605
DTXSID40640949	DTXSID30597074 DTXSID70845046 DTXSID40780334 DTXSID50505434 DTXSID30817789 DTXSID80207111 DTXSID40543961 DTXSID70709755 DTXSID10312106 DTXSID80210322 DTXSID30199991 DTXSID10297702 DTXSID80610161 DTXSID40608761 DTXSID30289801 DTXSID80192573 DTXSID10366962 DTXSID70381358 DTXSID60392019 DTXSID40319825
DTXSID90798186	DTXSID30798185 DTXSID50761336 DTXSID40662505 DTXSID3075335 DTXSID60490529 DTXSID00515129 DTXSID20793487 DTXSID10211044 DTXSID60783822 DTXSID60866760 DTXSID50345231 DTXSID60682265 DTXSID00658368 DTXSID30675245 DTXSID40556238 DTXSID90751271 DTXSID50655685 DTXSID00197762 DTXSID20550310 DTXSID30336223
DTXSID70464877	DTXSID30575877 DTXSID90653125 DTXSID50696210 DTXSID70496178 DTXSID10397478 DTXSID10857380 DTXSID50592203 DTXSID20223597 DTXSID60566016 DTXSID80377949 DTXSID00736695 DTXSID80505982 DTXSID70650152 DTXSID90847123 DTXSID10195335 DTXSID20436221 DTXSID60301888 DTXSID50535857 DTXSID50289141 DTXSID80428006
DTXSID90218415	DTXSID60664208 DTXSID10289940 DTXSID50601344 DTXSID30679061 DTXSID8029072 DTXSID80451172 DTXSID30668930 DTXSID50368041 DTXSID20666384 DTXSID00429272 DTXSID10879688 DTXSID70730968 DTXSID00598078 DTXSID70197592 DTXSID00218749 DTXSID90618678 DTXSID40549529 DTXSID30153356 DTXSID20415915 DTXSID30361752
DTXSID30416392	DTXSID80540772 DTXSID90615809 DTXSID30568360 DTXSID30586387 DTXSID70894756 DTXSID50383330 DTXSID1058004 DTXSID00184410 DTXSID20742031 DTXSID80200465 DTXSID70656250 DTXSID30594280 DTXSID60675213 DTXSID60715522 DTXSID80284826 DTXSID50277806 DTXSID10630771 DTXSID00759581 DTXSID90395215 DTXSID10190002
DTXSID70542023	DTXSID00304090 DTXSID90205022 DTXSID70749156 DTXSID90425465 DTXSID00698901 DTXSID10470412 DTXSID80572896 DTXSID30730641 DTXSID70828773 DTXSID20835432 DTXSID20378677 DTXSID00619277 DTXSID10358741 DTXSID90554466 DTXSID50694473 DTXSID10786267 DTXSID4061254 DTXSID10586047 DTXSID30217503 DTXSID70631668
DTXSID50696336	DTXSID50668230 DTXSID70433583 DTXSID80287832 DTXSID40209676 DTXSID5052387 DTXSID90189358 DTXSID0052388 DTXSID90524068 DTXSID50724466 DTXSID50733073 DTXSID20877337 DTXSID60700918 DTXSID10852996 DTXSID60806661 DTXSID10700029 DTXSID00754490 DTXSID70582525 DTXSID00378832 DTXSID60658369 DTXSID2040280
DTXSID30651367	DTXSID00759581 DTXSID20657292 DTXSID60363224 DTXSID10463425 DTXSID50277806 DTXSID90395215 DTXSID80284826 DTXSID80229196 DTXSID50682239 DTXSID90845265 DTXSID10212011 DTXSID90473582 DTXSID40551980 DTXSID70835068 DTXSID00874349 DTXSID10311119 DTXSID30568360 DTXSID60344396 DTXSID90509133 DTXSID50455440
DTXSID50679866	DTXSID90341893 DTXSID80624889 DTXSID10647905 DTXSID60510918 DTXSID30639766 DTXSID90364027 DTXSID40558595 DTXSID90720280 DTXSID70285706 DTXSID80804386 DTXSID80640241 DTXSID20293179 DTXSID90344743 DTXSID80841231 DTXSID90294037 DTXSID80442020 DTXSID30406096 DTXSID70212678 DTXSID70578802 DTXSID20383281
DTXSID90171536	DTXSID10771234 DTXSID10462332 DTXSID60340732 DTXSID30306668 DTXSID90306669 DTXSID10488239 DTXSID80604368 DTXSID90782323 DTXSID20557243 DTXSID90719593 DTXSID50880672 DTXSID80496346 DTXSID30617185 DTXSID20535622 DTXSID90567874 DTXSID40440067 DTXSID10399917 DTXSID70344842 DTXSID70479325 DTXSID90517319
DTXSID00606627	DTXSID70491845 DTXSID3058371 DTXSID00813839 DTXSID70629186 DTXSID70641909 DTXSID40543204 DTXSID70711292 DTXSID70479168 DTXSID80763489 DTXSID50738063 DTXSID00338335 DTXSID90467087 DTXSID50576684 DTXSID80627658 DTXSID10482090 DTXSID8070542 DTXSID20278103 DTXSID60704259 DTXSID70505355 DTXSID90579073
DTXSID40429296	DTXSID00622867 DTXSID30208956 DTXSID50629068 DTXSID60745268 DTXSID20509202 DTXSID40831017 DTXSID20431074 DTXSID80351683 DTXSID40444308 DTXSID10506922 DTXSID10582342 DTXSID9046865 DTXSID80292143 DTXSID50372082 DTXSID10307991 DTXSID40520530 DTXSID90159298 DTXSID00281054 DTXSID90278690 DTXSID40593845
DTXSID20567509	DTXSID80738591 DTXSID80782812 DTXSID80545565 DTXSID20477457 DTXSID70343335 DTXSID40483212 DTXSID00843479 DTXSID30631149 DTXSID10485607 DTXSID10884631 DTXSID20527587 DTXSID00615431 DTXSID80471779 DTXSID90302707 DTXSID90353214 DTXSID80483211 DTXSID80196490 DTXSID20211050 DTXSID60675172 DTXSID2051978
DTXSID10343637	DTXSID70651068 DTXSID00376691 DTXSID70507899 DTXSID30772364 DTXSID50274133 DTXSID50695420 DTXSID50567355 DTXSID3068592 DTXSID10483325 DTXSID80685814 DTXSID70452133 DTXSID90375138 DTXSID80828986 DTXSID90605508 DTXSID90494676 DTXSID40832084 DTXSID20324518 DTXSID40496120 DTXSID80457932 DTXSID60467599
DTXSID00276783	DTXSID8041323 DTXSID60427855 DTXSID60618160 DTXSID80626202 DTXSID50401109 DTXSID00174816 DTXSID20438164 DTXSID90152749 DTXSID40312593 DTXSID10607786 DTXSID60669213 DTXSID00680563 DTXSID90622492 DTXSID20568637 DTXSID20727989 DTXSID40454942 DTXSID10145572 DTXSID90462572 DTXSID40698844 DTXSID20831095
DTXSID50388749	DTXSID90502841 DTXSID70288277 DTXSID00179881 DTXSID90178368 DTXSID80753441 DTXSID3068126 DTXSID70299606 DTXSID40454326 DTXSID60876142 DTXSID10597653 DTXSID00653050 DTXSID40836047 DTXSID30874115 DTXSID70589478 DTXSID60551285 DTXSID00710657 DTXSID00771248 DTXSID60318532 DTXSID40729783 DTXSID30542463
DTXSID70341891	DTXSID60729604 DTXSID40729122 DTXSID80496604 DTXSID10408598 DTXSID50238654 DTXSID80730651 DTXSID30295169 DTXSID80618041 DTXSID20303686 DTXSID10727791 DTXSID20856622 DTXSID90315231 DTXSID70601548 DTXSID30740462 DTXSID50593376 DTXSID40349703 DTXSID70663444 DTXSID50352561 DTXSID70385795 DTXSID90743297
DTXSID70593398	DTXSID80650360 DTXSID20849918 DTXSID20172415 DTXSID10696599 DTXSID40293131 DTXSID10840136 DTXSID50648810 DTXSID20663297 DTXSID10368805 DTXSID20666384 DTXSID10343399 DTXSID30534747 DTXSID40494863 DTXSID90762483 DTXSID90279182 DTXSID60733680 DTXSID00200205 DTXSID30418917 DTXSID50601344 DTXSID30857589
DTXSID20282922	DTXSID10167355 DTXSID10782168 DTXSID50484710 DTXSID20799641 DTXSID80397783 DTXSID50812190 DTXSID60553360 DTXSID40645858 DTXSID20603350 DTXSID40670701 DTXSID60447795 DTXSID50759132 DTXSID50350724 DTXSID40856260 DTXSID70157217 DTXSID20553205 DTXSID90651621 DTXSID10380921 DTXSID10154821 DTXSID10321359
DTXSID70788262	DTXSID80621691 DTXSID60500859 DTXSID00663871 DTXSID00547167 DTXSID20348830 DTXSID50569415 DTXSID20857154 DTXSID30180824 DTXSID10280790 DTXSID20372933 DTXSID20507041 DTXSID40856366 DTXSID30378325 DTXSID40415917 DTXSID40628489 DTXSID60467599 DTXSID40652067 DTXSID80348831 DTXSID00342891 DTXSID00348838
DTXSID70704543	DTXSID60897211 DTXSID40297356 DTXSID10174761 DTXSID30645342 DTXSID00532730 DTXSID30389739 DTXSID20444104 DTXSID40279359 DTXSID50561611 DTXSID70672475 DTXSID70283207 DTXSID80726913 DTXSID1072260 DTXSID80451430 DTXSID70736561 DTXSID70674474 DTXSID70791059 DTXSID80664260 DTXSID00491272 DTXSID80675154
DTXSID90743974	DTXSID70145831 DTXSID70392484 DTXSID50354621 DTXSID00696205 DTXSID50374804 DTXSID40706150 DTXSID00536894 DTXSID90443664 DTXSID60385961 DTXSID10316184 DTXSID70811428 DTXSID70449649 DTXSID30585375 DTXSID10596368 DTXSID00610163 DTXSID30760367 DTXSID30579375 DTXSID10305598 DTXSID20398810 DTXSID10727837
DTXSID80343528	DTXSID80360679 DTXSID50863142 DTXSID40190474 DTXSID00390958 DTXSID10371591 DTXSID90440991 DTXSID20822403 DTXSID60876066 DTXSID50603343 DTXSID60288680 DTXSID70588345 DTXSID00774294 DTXSID20321380 DTXSID50681601 DTXSID50680679 DTXSID30736769 DTXSID40712115 DTXSID10380608 DTXSID70562589 DTXSID80834981
DTXSID10830875	DTXSID60714878 DTXSID70318765 DTXSID90163234 DTXSID20802265 DTXSID80291373 DTXSID90731356 DTXSID20793821 DTXSID60327023 DTXSID40737303 DTXSID20559469 DTXSID40393488 DTXSID10148321 DTXSID70891588 DTXSID80468664 DTXSID10303695 DTXSID1041764 DTXSID70373576 DTXSID40650629 DTXSID70469908 DTXSID40809650
DTXSID3044918	DTXSID30566624 DTXSID40663532 DTXSID20506514 DTXSID00373721 DTXSID80498486 DTXSID20443697 DTXSID00440467 DTXSID60475730 DTXSID80348497 DTXSID50853725 DTXSID80655638 DTXSID00480065 DTXSID70774943 DTXSID30811020 DTXSID10453169 DTXSID30418775 DTXSID50302763 DTXSID30554167 DTXSID70428712 DTXSID00295277
DTXSID70888756	DTXSID90778569 DTXSID30235823 DTXSID90808911 DTXSID40677331 DTXSID50731357 DTXSID00649599 DTXSID70717870 DTXSID80562398 DTXSID90572428 DTXSID9044293 DTXSID90330222 DTXSID0070784 DTXSID70396402 DTXSID90328740 DTXSID70535950 DTXSID10694474 DTXSID10700887 DTXSID00292362 DTXSID70592149 DTXSID20876603
DTXSID40698521	DTXSID90222451 DTXSID80778154 DTXSID40652300 DTXSID30317294 DTXSID30896094 DTXSID80222344 DTXSID00326515 DTXSID50147792 DTXSID60327083 DTXSID60842948 DTXSID80854048 DTXSID20476506 DTXSID00748632 DTXSID00877198 DTXSID30823663 DTXSID00151203 DTXSID30889002 DTXSID70599113 DTXSID60896426 DTXSID50488652
DTXSID30659560	DTXSID50292099 DTXSID00314654 DTXSID10292499 DTXSID60435793 DTXSID60700392 DTXSID10142980 DTXSID50303811 DTXSID30423703 DTXSID20190891 DTXSID00311522 DTXSID50308568 DTXSID50336265 DTXSID90598183 DTXSID40405636 DTXSID40349804 DTXSID60429096 DTXSID70238095 DTXSID80724015 DTXSID10805306 DTXSID10395035
DTXSID50178682	DTXSID60597663 DTXSID00465372 DTXSID50172963 DTXSID40368631 DTXSID30289801 DTXSID10312106 DTXSID70711550 DTXSID30618435 DTXSID30452679 DTXSID80610161 DTXSID80210322 DTXSID00406543 DTXSID10596242 DTXSID10557297 DTXSID80207111 DTXSID70845046 DTXSID10426696 DTXSID30199991 DTXSID60392019 DTXSID70512266
DTXSID70706764	DTXSID30713515 DTXSID70418875 DTXSID00364578 DTXSID20190770 DTXSID20653476 DTXSID30333176 DTXSID40543441 DTXSID80452144 DTXSID40641234 DTXSID10390348 DTXSID80787827 DTXSID10667542 DTXSID00438884 DTXSID00407575 DTXSID70569573 DTXSID80541481 DTXSID80506732 DTXSID00706535 DTXSID40408203 DTXSID20737725
DTXSID60464760	DTXSID30322782 DTXSID70309653 DTXSID90808375 DTXSID30642477 DTXSID70843961 DTXSID80570276 DTXSID20516850 DTXSID50733937 DTXSID40352752 DTXSID80354891 DTXSID80383500 DTXSID50549550 DTXSID90813707 DTXSID80211632 DTXSID90354903 DTXSID30482714 DTXSID10610614 DTXSID40666346 DTXSID40821519 DTXSID80199264
DTXSID90427929	DTXSID70642476 DTXSID90345699 DTXSID10581315 DTXSID90711350 DTXSID30651867 DTXSID30726822 DTXSID40646800 DTXSID60856080 DTXSID10826758 DTXSID50580049 DTXSID70408539 DTXSID40230026 DTXSID10842610 DTXSID10309233 DTXSID20797748 DTXSID70858136 DTXSID70165938 DTXSID50535852 DTXSID40454922 DTXSID80482421
DTXSID20635878	DTXSID20742359 DTXSID60600166 DTXSID20448384 DTXSID90344400 DTXSID40855399 DTXSID30509238 DTXSID80737281 DTXSID10456716 DTXSID60829037 DTXSID7041334 DTXSID50704445 DTXSID20316332 DTXSID30852357 DTXSID30557279 DTXSID50659820 DTXSID70589332 DTXSID50350724 DTXSID20579541 DTXSID80876321 DTXSID40712251
DTXSID30346908	DTXSID0042298 DTXSID10516763 DTXSID20159786 DTXSID40760095 DTXSID90463827 DTXSID30437547 DTXSID10294857 DTXSID40440103 DTXSID10594324 DTXSID70621488 DTXSID90743631 DTXSID90833162 DTXSID30294495 DTXSID10852996 DTXSID40765540 DTXSID20312091 DTXSID80484561 DTXSID80453999 DTXSID10717975 DTXSID70673129
DTXSID80470843	DTXSID90739897 DTXSID80588038 DTXSID40713743 DTXSID20846467 DTXSID20393249 DTXSID50628091 DTXSID60734490 DTXSID50667344 DTXSID40809650 DTXSID70373576 DTXSID10517912 DTXSID70538885 DTXSID30717210 DTXSID90551056 DTXSID10148321 DTXSID30422675 DTXSID50361411 DTXSID00876287 DTXSID70891588 DTXSID60763987
DTXSID60327083	DTXSID20476506 DTXSID60896426 DTXSID00877198 DTXSID80854048 DTXSID30823663 DTXSID40698521 DTXSID40652300 DTXSID30791999 DTXSID80222344 DTXSID00326515 DTXSID30317294 DTXSID80349702 DTXSID20234486 DTXSID80778154 DTXSID90222451 DTXSID70896391 DTXSID50147792 DTXSID60875812 DTXSID00557064 DTXSID10423387
DTXSID70746584	DTXSID90415609 DTXSID40615076 DTXSID50830455 DTXSID40329005 DTXSID70895420 DTXSID4072813 DTXSID10829820 DTXSID90577150 DTXSID80315841 DTXSID4057716 DTXSID20873839 DTXSID50240176 DTXSID50275680 DTXSID40766118 DTXSID90762382 DTXSID80833590 DTXSID60826127 DTXSID00575607 DTXSID30415608 DTXSID00830884
DTXSID50524201	DTXSID10195315 DTXSID70614239 DTXSID80404426 DTXSID80597524 DTXSID20742591 DTXSID80151882 DTXSID10584765 DTXSID10316220 DTXSID90344526 DTXSID30465800 DTXSID10367292 DTXSID80449256 DTXSID30676515 DTXSID70802775 DTXSID30444296 DTXSID30661188 DTXSID70331217 DTXSID40233512 DTXSID70725612 DTXSID80741368
DTXSID50479863	DTXSID80221599 DTXSID10182063 DTXSID80827696 DTXSID00461576 DTXSID60198210 DTXSID40462704 DTXSID70721432 DTXSID50742761 DTXSID20197946 DTXSID50614151 DTXSID00546650 DTXSID10182402 DTXSID50481880 DTXSID30748463 DTXSID50572621 DTXSID50742145 DTXSID50311390 DTXSID10471545 DTXSID80777521 DTXSID60526594
DTXSID90380868	DTXSID10652953 DTXSID60784278 DTXSID70511118 DTXSID70214273 DTXSID30694618 DTXSID20698160 DTXSID80302291 DTXSID70377413 DTXSID10177934 DTXSID50187552 DTXSID40711481 DTXSID50576907 DTXSID20384137 DTXSID10371773 DTXSID70666536 DTXSID30661047 DTXSID10618478 DTXSID90355415 DTXSID7073771 DTXSID00371429
DTXSID40857631	DTXSID40538579 DTXSID80303223 DTXSID50873509 DTXSID20456863 DTXSID20827933 DTXSID60373409 DTXSID50473725 DTXSID30780308 DTXSID80646728 DTXSID50403123 DTXSID90705153 DTXSID60835436 DTXSID90494676 DTXSID10623385 DTXSID50695420 DTXSID60555147 DTXSID70452133 DTXSID70507899 DTXSID80685814 DTXSID50358169
DTXSID30580148	DTXSID70193337 DTXSID30562621 DTXSID20184699 DTXSID10712182 DTXSID20578554 DTXSID70642537 DTXSID50696457 DTXSID30705071 DTXSID60159886 DTXSID50660118 DTXSID40638942 DTXSID60294322 DTXSID00465357 DTXSID40365145 DTXSID90832034 DTXSID50510164 DTXSID90562627 DTXSID90475203 DTXSID70558563 DTXSID70445343
DTXSID70593176	DTXSID30344949 DTXSID90621465 DTXSID30278654 DTXSID00633478 DTXSID3061552 DTXSID00423654 DTXSID40508111 DTXSID40405939 DTXSID90346141 DTXSID90338980 DTXSID70799434 DTXSID30544588 DTXSID90346101 DTXSID10518868 DTXSID40397668 DTXSID60232421 DTXSID60336195 DTXSID00611539 DTXSID20381262 DTXSID80464368
DTXSID30207207	DTXSID60829355 DTXSID90275528 DTXSID40341469 DTXSID50732122 DTXSID30640938 DTXSID4072233 DTXSID80427291 DTXSID90645348 DTXSID30574648 DTXSID80808541 DTXSID70314449 DTXSID80382194 DTXSID60733827 DTXSID0020492 DTXSID60150590 DTXSID70576904 DTXSID50175277 DTXSID40186675 DTXSID1024752 DTXSID20391189
DTXSID20621973	DTXSID70459480 DTXSID30544962 DTXSID20172071 DTXSID80434203 DTXSID90656414 DTXSID50817943 DTXSID50527358 DTXSID30308349 DTXSID90446892 DTXSID70866998 DTXSID20434202 DTXSID60241518 DTXSID00577964 DTXSID50639889 DTXSID00757749 DTXSID10579131 DTXSID50318526 DTXSID80763106 DTXSID10149196 DTXSID70880654
DTXSID00400920	DTXSID50326520 DTXSID20756234 DTXSID70303631 DTXSID10310263 DTXSID80756235 DTXSID60813198 DTXSID90894031 DTXSID30411862 DTXSID30855727 DTXSID20804840 DTXSID50735552 DTXSID40647635 DTXSID50728580 DTXSID60494921 DTXSID60723581 DTXSID00699594 DTXSID30540383 DTXSID80440844 DTXSID00296961 DTXSID70873622
DTXSID20509929	DTXSID60675475 DTXSID60551285 DTXSID50381977 DTXSID20423499 DTXSID00876848 DTXSID60757588 DTXSID40326736 DTXSID00771248 DTXSID60553981 DTXSID10692879 DTXSID40695111 DTXSID30549811 DTXSID30542463 DTXSID30874115 DTXSID00708473 DTXSID70519199 DTXSID00443695 DTXSID20285978 DTXSID60390353 DTXSID80795366
DTXSID70790805	DTXSID10805149 DTXSID20888665 DTXSID40789867 DTXSID40830606 DTXSID00804404 DTXSID10819029 DTXSID50780365 DTXSID60605217 DTXSID30805762 DTXSID80830605 DTXSID70710346 DTXSID50812175 DTXSID20808722 DTXSID50533959 DTXSID60823212 DTXSID80634549 DTXSID40163668 DTXSID20834925 DTXSID40867432 DTXSID70785433
DTXSID50792261	DTXSID10892094 DTXSID60239677 DTXSID10347973 DTXSID40341661 DTXSID40341666 DTXSID10783832 DTXSID80341660 DTXSID30297769 DTXSID40647397 DTXSID30433605 DTXSID90804832 DTXSID20794979 DTXSID20754452 DTXSID70346765 DTXSID50700528 DTXSID20341664 DTXSID10324880 DTXSID50737490 DTXSID70477528 DTXSID20280781
DTXSID00556597	DTXSID10740400 DTXSID20817910 DTXSID50876338 DTXSID40485337 DTXSID10720308 DTXSID40188098 DTXSID50742443 DTXSID20229236 DTXSID00313622 DTXSID80627799 DTXSID50483768 DTXSID20162351 DTXSID20474825 DTXSID60571408 DTXSID60358195 DTXSID70879543 DTXSID80710110 DTXSID80475393 DTXSID50552847 DTXSID90875966
DTXSID6052039	DTXSID30503079 DTXSID80552597 DTXSID30514509 DTXSID10592128 DTXSID10834934 DTXSID50144802 DTXSID30845542 DTXSID30813064 DTXSID80492267 DTXSID20765967 DTXSID00452661 DTXSID4072316 DTXSID60790112 DTXSID10738281 DTXSID70525598 DTXSID10771512 DTXSID7071024 DTXSID70459546 DTXSID50766987 DTXSID10577213
DTXSID70768221	DTXSID70599254 DTXSID80819157 DTXSID10343415 DTXSID10749731 DTXSID10189517 DTXSID20652828 DTXSID10166661 DTXSID50632779 DTXSID60807198 DTXSID80541527 DTXSID10214297 DTXSID60632568 DTXSID10594329 DTXSID30275143 DTXSID20472346 DTXSID50610734 DTXSID50850557 DTXSID80458641 DTXSID50557377 DTXSID40663259
DTXSID20594416	DTXSID10648912 DTXSID00769261 DTXSID60243779 DTXSID6039685 DTXSID80284205 DTXSID30593753 DTXSID50774446 DTXSID90554224 DTXSID00853295 DTXSID80821492 DTXSID40821493 DTXSID0075027 DTXSID70781576 DTXSID60146670 DTXSID70425009 DTXSID30578202 DTXSID60561925 DTXSID90298272 DTXSID70274817 DTXSID60730634
DTXSID10579757	DTXSID40439279 DTXSID90290453 DTXSID40171566 DTXSID20892085 DTXSID40418766 DTXSID00640283 DTXSID30378406 DTXSID10634416 DTXSID00625136 DTXSID10606431 DTXSID70774685 DTXSID50210571 DTXSID20322579 DTXSID80456102 DTXSID20391366 DTXSID20243255 DTXSID80693833 DTXSID00829056 DTXSID50491545 DTXSID10555314
DTXSID00338335	DTXSID30600178 DTXSID80627658 DTXSID30616431 DTXSID70491845 DTXSID20678220 DTXSID70641909 DTXSID80578838 DTXSID90480958 DTXSID90579073 DTXSID70339011 DTXSID40543204 DTXSID40359221 DTXSID0065933 DTXSID50337419 DTXSID00606627 DTXSID4041236 DTXSID8069565 DTXSID60704259 DTXSID10465429 DTXSID40507649
DTXSID60589644	DTXSID90767079 DTXSID60631637 DTXSID00742973 DTXSID60373803 DTXSID60400325 DTXSID20193125 DTXSID80538619 DTXSID80428662 DTXSID70344367 DTXSID30374882 DTXSID00739525 DTXSID20631638 DTXSID80196773 DTXSID90383692 DTXSID80787605 DTXSID10875943 DTXSID50846172 DTXSID80323406 DTXSID50440356 DTXSID30628918
DTXSID20489156	DTXSID40855379 DTXSID30671565 DTXSID80625058 DTXSID60479238 DTXSID50743096 DTXSID60704577 DTXSID10641428 DTXSID60209350 DTXSID00876505 DTXSID80174874 DTXSID50604471 DTXSID40298565 DTXSID30395714 DTXSID70355317 DTXSID20787826 DTXSID90667267 DTXSID50564682 DTXSID90624976 DTXSID40606782 DTXSID40835055
DTXSID10720242	DTXSID20462242 DTXSID70791059 DTXSID90379454 DTXSID20876683 DTXSID1072260 DTXSID70674474 DTXSID20442145 DTXSID50310222 DTXSID90474150 DTXSID60729821 DTXSID90185830 DTXSID00387843 DTXSID40297356 DTXSID50277765 DTXSID20723749 DTXSID80207252 DTXSID10182583 DTXSID30181270 DTXSID50400233 DTXSID20300817
DTXSID10613125	DTXSID40528793 DTXSID30588563 DTXSID70793053 DTXSID90557134 DTXSID50716826 DTXSID50551618 DTXSID10831741 DTXSID30574401 DTXSID9051745 DTXSID40481793 DTXSID80642422 DTXSID80769229 DTXSID60341123 DTXSID10347554 DTXSID60786631 DTXSID40491817 DTXSID70702281 DTXSID00724456 DTXSID20699051 DTXSID90702066
DTXSID5058199	DTXSID10328464 DTXSID90744249 DTXSID50793213 DTXSID70300044 DTXSID40439355 DTXSID00541322 DTXSID50728580 DTXSID70156705 DTXSID00145682 DTXSID10401781 DTXSID70674691 DTXSID40373523 DTXSID30411862 DTXSID60823116 DTXSID70303631 DTXSID90894031 DTXSID50275968 DTXSID30320263 DTXSID50735552 DTXSID30788844
DTXSID70739870	DTXSID6035156 DTXSID70734305 DTXSID50640399 DTXSID30610111 DTXSID40171485 DTXSID50550262 DTXSID40467294 DTXSID70323197 DTXSID10499269 DTXSID00673733 DTXSID00730714 DTXSID00489134 DTXSID30531150 DTXSID70474259 DTXSID70600798 DTXSID20425296 DTXSID00663275 DTXSID40460846 DTXSID20780913 DTXSID40312371
DTXSID00511328	DTXSID50639945 DTXSID80486469 DTXSID60340196 DTXSID80589580 DTXSID10307537 DTXSID80740972 DTXSID00879551 DTXSID40504138 DTXSID10174660 DTXSID40304150 DTXSID10579015 DTXSID70750944 DTXSID20721068 DTXSID60193508 DTXSID20206981 DTXSID50810611 DTXSID50742746 DTXSID30190943 DTXSID30705071 DTXSID60647298
DTXSID90668592	DTXSID20445712 DTXSID00384771 DTXSID00569783 DTXSID60634123 DTXSID10794125 DTXSID90561630 DTXSID40726050 DTXSID20879533 DTXSID00371020 DTXSID20419099 DTXSID10506361 DTXSID00520894 DTXSID50225620 DTXSID60680908 DTXSID30711410 DTXSID20354471 DTXSID40322470 DTXSID60351681 DTXSID60618529 DTXSID00480469
DTXSID10280659	DTXSID50841309 DTXSID70693201 DTXSID30537475 DTXSID40659692 DTXSID20679136 DTXSID00542450 DTXSID20378692 DTXSID90323199 DTXSID90306129 DTXSID00183887 DTXSID40607855 DTXSID50404554 DTXSID40451698 DTXSID70674131 DTXSID90507013 DTXSID90850894 DTXSID90802010 DTXSID90598188 DTXSID00574332 DTXSID50844436
DTXSID30451647	DTXSID90275088 DTXSID2022127 DTXSID70762224 DTXSID70286738 DTXSID20173321 DTXSID70532929 DTXSID40439936 DTXSID00170095 DTXSID70562488 DTXSID90527776 DTXSID30453383 DTXSID50220236 DTXSID00787167 DTXSID80407876 DTXSID10338821 DTXSID0044153 DTXSID40181084 DTXSID90778665 DTXSID60656901 DTXSID9044164
DTXSID00744871	DTXSID50521457 DTXSID20629777 DTXSID40316117 DTXSID20237477 DTXSID30825445 DTXSID70527118 DTXSID60522652 DTXSID40595667 DTXSID70473565 DTXSID70526065 DTXSID60195567 DTXSID30378148 DTXSID60333109 DTXSID80506277 DTXSID40815675 DTXSID50443483 DTXSID00837277 DTXSID70614431 DTXSID70548101 DTXSID60425230
DTXSID60370650	DTXSID00388350 DTXSID20417717 DTXSID10736227 DTXSID80708592 DTXSID20549406 DTXSID80543965 DTXSID30698318 DTXSID10326081 DTXSID80606589 DTXSID00418328 DTXSID60407293 DTXSID60455951 DTXSID00182759 DTXSID40879479 DTXSID20766015 DTXSID40473991 DTXSID40879717 DTXSID90474372 DTXSID10744428 DTXSID30319213
DTXSID00337823	DTXSID50590168 DTXSID70391154 DTXSID40736417 DTXSID20426965 DTXSID20704255 DTXSID30758921 DTXSID20887118 DTXSID30378148 DTXSID40874080 DTXSID90390301 DTXSID10640299 DTXSID30577437 DTXSID5044811 DTXSID50152285 DTXSID50443483 DTXSID60456529 DTXSID10325736 DTXSID50439841 DTXSID60333109 DTXSID00489134
DTXSID10642071	DTXSID90571239 DTXSID10181718 DTXSID00241638 DTXSID60477951 DTXSID30529310 DTXSID30856658 DTXSID00576634 DTXSID40634126 DTXSID10391274 DTXSID50624477 DTXSID90164963 DTXSID30583295 DTXSID60427815 DTXSID50170020 DTXSID80601918 DTXSID30799096 DTXSID90382428 DTXSID30727910 DTXSID10536082 DTXSID00566611
DTXSID50527333	DTXSID10275540 DTXSID00186176 DTXSID00672827 DTXSID40774819 DTXSID50841228 DTXSID40756958 DTXSID40532698 DTXSID40508272 DTXSID70212037 DTXSID60188272 DTXSID70502965 DTXSID10444416 DTXSID60734738 DTXSID00799866 DTXSID90324449 DTXSID50787672 DTXSID20352578 DTXSID00217873 DTXSID00317504 DTXSID30621282
DTXSID10658556	DTXSID20839490 DTXSID90426730 DTXSID40398079 DTXSID10568641 DTXSID60640320 DTXSID10528543 DTXSID60281853 DTXSID3052220 DTXSID20651114 DTXSID40781200 DTXSID00603732 DTXSID70676993 DTXSID10748022 DTXSID20615493 DTXSID10185514 DTXSID10784723 DTXSID70757352 DTXSID60743481 DTXSID50462639 DTXSID50642439
DTXSID80795366	DTXSID50559694 DTXSID40786316 DTXSID30542463 DTXSID30849888 DTXSID70379053 DTXSID30496230 DTXSID00710657 DTXSID60675475 DTXSID30757297 DTXSID10432691 DTXSID00708473 DTXSID60786151 DTXSID00876848 DTXSID80402341 DTXSID00697813 DTXSID40276348 DTXSID70642456 DTXSID30874115 DTXSID70439227 DTXSID20509929
DTXSID10172404	DTXSID20526212 DTXSID50323438 DTXSID90594948 DTXSID20297278 DTXSID00731524 DTXSID40507280 DTXSID90577877 DTXSID50556204 DTXSID90152885 DTXSID60422946 DTXSID9068378 DTXSID20730473 DTXSID60312631 DTXSID70405624 DTXSID50757350 DTXSID40831936 DTXSID90567430 DTXSID30614275 DTXSID20513687 DTXSID90655745
DTXSID80381501	DTXSID90162424 DTXSID20382350 DTXSID10427320 DTXSID90646895 DTXSID80500114 DTXSID40671112 DTXSID00382853 DTXSID10753257 DTXSID10298976 DTXSID40432169 DTXSID30646571 DTXSID60610700 DTXSID80482123 DTXSID70665448 DTXSID60383684 DTXSID8060298 DTXSID90539399 DTXSID80573368 DTXSID30583295 DTXSID70350302
DTXSID50844436	DTXSID70791175 DTXSID70674131 DTXSID30537475 DTXSID00462285 DTXSID40533943 DTXSID40295857 DTXSID50607326 DTXSID20321380 DTXSID90182288 DTXSID10350624 DTXSID50656218 DTXSID50404332 DTXSID90306129 DTXSID60707341 DTXSID8036653 DTXSID10371591 DTXSID70562589 DTXSID10280659 DTXSID60368299 DTXSID00897119
DTXSID30727910	DTXSID90625963 DTXSID00876626 DTXSID20705222 DTXSID00806822 DTXSID10586542 DTXSID00566611 DTXSID70784229 DTXSID30799096 DTXSID10296836 DTXSID50396228 DTXSID70403367 DTXSID60477951 DTXSID80601918 DTXSID90164963 DTXSID50236892 DTXSID10536082 DTXSID40841515 DTXSID30290992 DTXSID10851404 DTXSID10642071
DTXSID20322579	DTXSID00640283 DTXSID90232353 DTXSID10555314 DTXSID00625136 DTXSID10634416 DTXSID20595640 DTXSID80456102 DTXSID40418766 DTXSID80693833 DTXSID10579757 DTXSID20429436 DTXSID70774685 DTXSID60514991 DTXSID40439279 DTXSID60519486 DTXSID70236692 DTXSID50171214 DTXSID50342886 DTXSID40546790 DTXSID10606431
DTXSID70341093	DTXSID40192418 DTXSID20509580 DTXSID50508400 DTXSID90390240 DTXSID70541990 DTXSID70652898 DTXSID00355800 DTXSID80463679 DTXSID40538872 DTXSID40210247 DTXSID90578465 DTXSID00669338 DTXSID20707948 DTXSID40348579 DTXSID10627005 DTXSID40852686 DTXSID80485831 DTXSID50342306 DTXSID30544482 DTXSID70612518
DTXSID80610161	DTXSID10312106 DTXSID70709755 DTXSID50172963 DTXSID20874164 DTXSID00481577 DTXSID10596242 DTXSID10557297 DTXSID00745404 DTXSID70381358 DTXSID60597663 DTXSID40543961 DTXSID70711550 DTXSID30289801 DTXSID50178682 DTXSID80207111 DTXSID70512266 DTXSID30618435 DTXSID00406543 DTXSID30452679 DTXSID70845046
DTXSID20536553	DTXSID60149080 DTXSID70477528 DTXSID00809999 DTXSID20790537 DTXSID20794979 DTXSID60816720 DTXSID90804832 DTXSID30816737 DTXSID80615474 DTXSID40776631 DTXSID40767706 DTXSID30433605 DTXSID50811567 DTXSID10892094 DTXSID60239677 DTXSID80742456 DTXSID10347973 DTXSID40341666 DTXSID50792261 DTXSID80341660
DTXSID8063834	DTXSID00441777 DTXSID20575982 DTXSID30575690 DTXSID70711914 DTXSID90290650 DTXSID60183484 DTXSID00847053 DTXSID60182598 DTXSID50215829 DTXSID90182445 DTXSID70326067 DTXSID7044506 DTXSID90443725 DTXSID20161445 DTXSID20403978 DTXSID10586320 DTXSID30420691 DTXSID80734290 DTXSID80443794 DTXSID30804992
DTXSID40707006	DTXSID50495023 DTXSID40596295 DTXSID60608662 DTXSID80391786 DTXSID30589373 DTXSID10332006 DTXSID20424284 DTXSID30675508 DTXSID10794963 DTXSID50196028 DTXSID80608826 DTXSID60462105 DTXSID90143531 DTXSID70465081 DTXSID3037549 DTXSID50494990 DTXSID70324861 DTXSID00487933 DTXSID80488645 DTXSID50709091
DTXSID00391167	DTXSID50595032 DTXSID10627328 DTXSID00195960 DTXSID00345842 DTXSID10742747 DTXSID20895733 DTXSID60664203 DTXSID40646486 DTXSID20734653 DTXSID40697913 DTXSID60587524 DTXSID50180543 DTXSID00461617 DTXSID50208236 DTXSID30527699 DTXSID90481965 DTXSID20807311 DTXSID40388076 DTXSID90520383 DTXSID20856622
DTXSID00857657	DTXSID60456741 DTXSID40516574 DTXSID80625119 DTXSID20599022 DTXSID90489587 DTXSID20182216 DTXSID00515240 DTXSID30600355 DTXSID20620805 DTXSID30668051 DTXSID50325992 DTXSID60820660 DTXSID50312908 DTXSID30189978 DTXSID70811307 DTXSID10876213 DTXSID50776829 DTXSID20846260 DTXSID10380986 DTXSID80224782
DTXSID50220236	DTXSID90527776 DTXSID9044164 DTXSID40851134 DTXSID70286738 DTXSID30794804 DTXSID8022169 DTXSID0044153 DTXSID2022127 DTXSID20381262 DTXSID40195489 DTXSID60399725 DTXSID70532929 DTXSID60600126 DTXSID60656901 DTXSID00170095 DTXSID20776098 DTXSID90275088 DTXSID30451647 DTXSID30201402 DTXSID20511921
DTXSID30413629	DTXSID60616843 DTXSID20886101 DTXSID60621912 DTXSID60374335 DTXSID20833716 DTXSID40729783 DTXSID10191993 DTXSID50755018 DTXSID90596508 DTXSID40328396 DTXSID10832697 DTXSID20177142 DTXSID40836047 DTXSID70484651 DTXSID80337720 DTXSID10597653 DTXSID70471682 DTXSID0058514 DTXSID60318532 DTXSID30350843
DTXSID20640467	DTXSID10354268 DTXSID5063605 DTXSID50776243 DTXSID40187203 DTXSID00670222 DTXSID20648620 DTXSID40701403 DTXSID70669229 DTXSID20394216 DTXSID10356469 DTXSID70710927 DTXSID40845694 DTXSID80289396 DTXSID80855090 DTXSID00668987 DTXSID90611407 DTXSID20468163 DTXSID90706488 DTXSID80479391 DTXSID10347115
DTXSID40750774	DTXSID40876463 DTXSID00730234 DTXSID00512653 DTXSID10772064 DTXSID20493056 DTXSID00366613 DTXSID90674456 DTXSID50367973 DTXSID60544819 DTXSID10511778 DTXSID40649518 DTXSID1073367 DTXSID00408603 DTXSID30219385 DTXSID50618790 DTXSID20459172 DTXSID10879603 DTXSID20812723 DTXSID20596511 DTXSID30843725
DTXSID70333716	DTXSID30823264 DTXSID90280854 DTXSID10503451 DTXSID90490996 DTXSID40547121 DTXSID70720440 DTXSID90178843 DTXSID60290364 DTXSID90334321 DTXSID80610828 DTXSID50621542 DTXSID50788008 DTXSID8047717 DTXSID30707191 DTXSID50326560 DTXSID30434511 DTXSID30844257 DTXSID20587863 DTXSID20475594 DTXSID80800126
DTXSID00541322	DTXSID50793213 DTXSID50728580 DTXSID40373523 DTXSID90894031 DTXSID00145682 DTXSID60823116 DTXSID70156705 DTXSID50735552 DTXSID30411862 DTXSID10314887 DTXSID30434995 DTXSID70303631 DTXSID5058199 DTXSID90744249 DTXSID80756235 DTXSID40439355 DTXSID10328464 DTXSID80424169 DTXSID00699594 DTXSID50275968
DTXSID10594329	DTXSID20472346 DTXSID40663355 DTXSID80819157 DTXSID10214297 DTXSID60632568 DTXSID20652828 DTXSID50610734 DTXSID80810740 DTXSID80458641 DTXSID60807198 DTXSID10166661 DTXSID30180309 DTXSID70768221 DTXSID30275143 DTXSID10343415 DTXSID70599254 DTXSID20301864 DTXSID80541527 DTXSID60672065 DTXSID20430340
DTXSID30805762	DTXSID40830606 DTXSID10819029 DTXSID70790805 DTXSID10805149 DTXSID50812175 DTXSID40789867 DTXSID20888665 DTXSID00804404 DTXSID20808722 DTXSID60605217 DTXSID90176243 DTXSID50780365 DTXSID40867432 DTXSID70395056 DTXSID80830605 DTXSID2070421 DTXSID70710346 DTXSID20834925 DTXSID20675951 DTXSID90221166
DTXSID80579724	DTXSID60289112 DTXSID40800687 DTXSID20299055 DTXSID00343121 DTXSID70673129 DTXSID20312091 DTXSID30294495 DTXSID80781800 DTXSID40220346 DTXSID00160890 DTXSID90743631 DTXSID80453999 DTXSID2058122 DTXSID40501107 DTXSID70621488 DTXSID40705946 DTXSID20421218 DTXSID00592273 DTXSID70283000 DTXSID70477760
DTXSID80398735	DTXSID80791444 DTXSID50177630 DTXSID90767918 DTXSID4074271 DTXSID90497925 DTXSID30447181 DTXSID80333909 DTXSID50297620 DTXSID90399273 DTXSID30508463 DTXSID8073637 DTXSID90470157 DTXSID90816713 DTXSID70540044 DTXSID50816158 DTXSID20602303 DTXSID40390654 DTXSID40555726 DTXSID70566345 DTXSID40181084
DTXSID60873611	DTXSID50280395 DTXSID20532696 DTXSID70153153 DTXSID60184956 DTXSID20171206 DTXSID60612825 DTXSID60327649 DTXSID20815911 DTXSID40581646 DTXSID10729917 DTXSID20788974 DTXSID70657227 DTXSID90611083 DTXSID50488016 DTXSID90276212 DTXSID70388024 DTXSID70496658 DTXSID70382865 DTXSID70736602 DTXSID30873623
DTXSID40623494	DTXSID30595075 DTXSID10364029 DTXSID70513637 DTXSID20483593 DTXSID60503325 DTXSID80407659 DTXSID90592505 DTXSID50383092 DTXSID1063435 DTXSID80619210 DTXSID90688538 DTXSID80182510 DTXSID20663414 DTXSID80670922 DTXSID50778944 DTXSID80175922 DTXSID40371741 DTXSID30462596 DTXSID90453389 DTXSID00679770
DTXSID50193274	DTXSID50303033 DTXSID20840788 DTXSID00588237 DTXSID40632283 DTXSID7057787 DTXSID60646943 DTXSID50496595 DTXSID70308404 DTXSID10218755 DTXSID50218754 DTXSID20804082 DTXSID00405117 DTXSID40243454 DTXSID70845187 DTXSID60734213 DTXSID70471445 DTXSID00293935 DTXSID10478690 DTXSID70810077 DTXSID90662833
DTXSID60620061	DTXSID30474452 DTXSID2068424 DTXSID60812404 DTXSID60283579 DTXSID50722124 DTXSID40889316 DTXSID20829639 DTXSID50377476 DTXSID00774698 DTXSID90714886 DTXSID90177598 DTXSID40397845 DTXSID90338627 DTXSID50757613 DTXSID30339597 DTXSID60787562 DTXSID90243843 DTXSID90668794 DTXSID30541254 DTXSID80760271
DTXSID20734653	DTXSID90481965 DTXSID60587524 DTXSID40388076 DTXSID00195960 DTXSID10742747 DTXSID00391167 DTXSID50595032 DTXSID00345842 DTXSID40646486 DTXSID10627328 DTXSID30527699 DTXSID20895733 DTXSID10396481 DTXSID50653949 DTXSID40459811 DTXSID60824108 DTXSID20807311 DTXSID30742365 DTXSID60664203 DTXSID50849249
DTXSID00532730	DTXSID50561611 DTXSID20444104 DTXSID60897211 DTXSID80726913 DTXSID10174761 DTXSID70704543 DTXSID30650077 DTXSID30389739 DTXSID40279359 DTXSID40297356 DTXSID30645342 DTXSID60447351 DTXSID70283207 DTXSID80675154 DTXSID80195726 DTXSID30186765 DTXSID50760081 DTXSID10295283 DTXSID00491272 DTXSID3037543
DTXSID60876066	DTXSID90440991 DTXSID50368647 DTXSID40545687 DTXSID60288680 DTXSID70588345 DTXSID40712115 DTXSID80343528 DTXSID10650333 DTXSID30736769 DTXSID30157793 DTXSID50509235 DTXSID50541579 DTXSID20306314 DTXSID80360679 DTXSID50863142 DTXSID20514831 DTXSID60816780 DTXSID20321380 DTXSID00390958 DTXSID10371591
DTXSID50193279	DTXSID40222108 DTXSID80699299 DTXSID30625048 DTXSID60739485 DTXSID30676414 DTXSID00680048 DTXSID70548601 DTXSID70393719 DTXSID90757551 DTXSID40612666 DTXSID10294599 DTXSID90727173 DTXSID80430144 DTXSID10298456 DTXSID20198655 DTXSID20470721 DTXSID00712313 DTXSID80308177 DTXSID50709137 DTXSID10533536
DTXSID80297118	DTXSID5020942 DTXSID60681556 DTXSID10618094 DTXSID10448358 DTXSID90747351 DTXSID20616804 DTXSID50154325 DTXSID70450412 DTXSID20493516 DTXSID80665479 DTXSID30713434 DTXSID50315974 DTXSID50179311 DTXSID20381166 DTXSID70428934 DTXSID60618206 DTXSID90516105 DTXSID70662836 DTXSID50568069 DTXSID30759337
DTXSID60435733	DTXSID70601927 DTXSID70392924 DTXSID20761262 DTXSID60831973 DTXSID20623710 DTXSID10548160 DTXSID10846613 DTXSID10847428 DTXSID00681696 DTXSID80552653 DTXSID20847232 DTXSID10298456 DTXSID40581646 DTXSID70657227 DTXSID20590413 DTXSID70736602 DTXSID90757551 DTXSID80513800 DTXSID90626591 DTXSID70496658
DTXSID40279359	DTXSID70283207 DTXSID70736561 DTXSID70672475 DTXSID30645342 DTXSID30389739 DTXSID80675154 DTXSID80679632 DTXSID50186702 DTXSID10219323 DTXSID10174761 DTXSID80451430 DTXSID80195726 DTXSID30186765 DTXSID70704543 DTXSID60897211 DTXSID70723456 DTXSID80664260 DTXSID50638155 DTXSID20444104 DTXSID70607621
DTXSID50814391	DTXSID00575607 DTXSID00596397 DTXSID30276034 DTXSID4072813 DTXSID10829820 DTXSID60701965 DTXSID30392389 DTXSID90577150 DTXSID20733227 DTXSID40677331 DTXSID50226339 DTXSID40766118 DTXSID80323547 DTXSID50275680 DTXSID70592149 DTXSID90762382 DTXSID0070784 DTXSID60159780 DTXSID00649599 DTXSID10649883
DTXSID10541111	DTXSID80151549 DTXSID50591877 DTXSID30653902 DTXSID10366962 DTXSID00294381 DTXSID70832754 DTXSID00447198 DTXSID20766015 DTXSID70513152 DTXSID00625732 DTXSID20473212 DTXSID20549406 DTXSID30199991 DTXSID40879479 DTXSID30395072 DTXSID80210322 DTXSID10744428 DTXSID20417717 DTXSID60392019 DTXSID80606589
DTXSID00413191	DTXSID10837041 DTXSID60471474 DTXSID10705776 DTXSID50606874 DTXSID10379299 DTXSID20476965 DTXSID80211677 DTXSID00420305 DTXSID40613158 DTXSID10888412 DTXSID90767615 DTXSID80442828 DTXSID20589741 DTXSID50180124 DTXSID60291290 DTXSID70744343 DTXSID20158431 DTXSID90150922 DTXSID30185571 DTXSID40640121
DTXSID60597325	DTXSID80406844 DTXSID90634530 DTXSID20144415 DTXSID70808676 DTXSID40531863 DTXSID20359360 DTXSID70197512 DTXSID10343531 DTXSID00563342 DTXSID90553131 DTXSID50160981 DTXSID00568892 DTXSID70324861 DTXSID60190097 DTXSID40614266 DTXSID70425867 DTXSID30199370 DTXSID60277534 DTXSID10706283 DTXSID70810274
DTXSID60640047	DTXSID10518727 DTXSID40749587 DTXSID10700029 DTXSID50767131 DTXSID20877337 DTXSID90179991 DTXSID80456728 DTXSID40682364 DTXSID0024266 DTXSID20793508 DTXSID40156419 DTXSID90796884 DTXSID80441533 DTXSID20544931 DTXSID70759654 DTXSID90458399 DTXSID40382812 DTXSID0052388 DTXSID00678208 DTXSID60806661
DTXSID60729821	DTXSID50310222 DTXSID40423173 DTXSID10440756 DTXSID80724631 DTXSID20442145 DTXSID90379454 DTXSID20462242 DTXSID1072260 DTXSID50638155 DTXSID90474150 DTXSID80451430 DTXSID50310126 DTXSID20876264 DTXSID20542811 DTXSID70674474 DTXSID70672475 DTXSID10720242 DTXSID70791059 DTXSID80207252 DTXSID90493144
DTXSID20456106	DTXSID90720189 DTXSID30791772 DTXSID00848106 DTXSID50343292 DTXSID00202365 DTXSID00538116 DTXSID50562800 DTXSID00679558 DTXSID10883785 DTXSID90448755 DTXSID90339295 DTXSID10443666 DTXSID70167255 DTXSID50425022 DTXSID00445639 DTXSID10538021 DTXSID90801861 DTXSID30596148 DTXSID20887052 DTXSID10421101
DTXSID60880764	DTXSID00625252 DTXSID90283522 DTXSID00794972 DTXSID40455499 DTXSID40838642 DTXSID60813436 DTXSID00819290 DTXSID00770579 DTXSID30408717 DTXSID40462365 DTXSID40773347 DTXSID20535622 DTXSID70325893 DTXSID00340731 DTXSID10770565 DTXSID80783304 DTXSID40574018 DTXSID90782323 DTXSID90719593 DTXSID90286816
DTXSID10572526	DTXSID20879593 DTXSID40523066 DTXSID90200198 DTXSID40230026 DTXSID20323405 DTXSID80482421 DTXSID40380191 DTXSID20680621 DTXSID80180798 DTXSID50178662 DTXSID80495753 DTXSID70219349 DTXSID10743870 DTXSID50420133 DTXSID70424335 DTXSID70642476 DTXSID80604000 DTXSID10352183 DTXSID70828995 DTXSID1071743
DTXSID30621282	DTXSID50421524 DTXSID00389746 DTXSID20170794 DTXSID20591980 DTXSID70757958 DTXSID40756958 DTXSID20352578 DTXSID10444416 DTXSID60188272 DTXSID10275540 DTXSID60580712 DTXSID70502965 DTXSID80792436 DTXSID00317504 DTXSID90468857 DTXSID10628991 DTXSID80511583 DTXSID50328600 DTXSID60734738 DTXSID50508066
DTXSID70316448	DTXSID20379543 DTXSID40455555 DTXSID00655630 DTXSID50649802 DTXSID70680272 DTXSID50634238 DTXSID00513665 DTXSID70722227 DTXSID90879368 DTXSID90624653 DTXSID80494605 DTXSID90719730 DTXSID20423292 DTXSID30733839 DTXSID80211218 DTXSID00428225 DTXSID80370955 DTXSID50215001 DTXSID30837109 DTXSID10573876
DTXSID80782812	DTXSID20567509 DTXSID80738591 DTXSID30631149 DTXSID20477457 DTXSID80545565 DTXSID20527587 DTXSID20211050 DTXSID10884631 DTXSID30531317 DTXSID70217885 DTXSID40483212 DTXSID40519863 DTXSID90302707 DTXSID00615431 DTXSID10786702 DTXSID90353214 DTXSID10485607 DTXSID3027116 DTXSID00843479 DTXSID50460130
DTXSID70840778	DTXSID90610016 DTXSID20337941 DTXSID80625518 DTXSID20793129 DTXSID20627273 DTXSID60334732 DTXSID40604041 DTXSID10579631 DTXSID80824408 DTXSID60627272 DTXSID30768005 DTXSID60768018 DTXSID10338028 DTXSID60767243 DTXSID40767246 DTXSID40718915 DTXSID60818128 DTXSID00402808 DTXSID90826973 DTXSID60501967
DTXSID60707341	DTXSID30350808 DTXSID10350624 DTXSID40533943 DTXSID40295857 DTXSID30726443 DTXSID60856924 DTXSID90278397 DTXSID70791175 DTXSID40392234 DTXSID10650333 DTXSID00897119 DTXSID50879561 DTXSID50509235 DTXSID40517344 DTXSID90323199 DTXSID00462285 DTXSID50844436 DTXSID20321380 DTXSID60720717 DTXSID50541579
DTXSID20812723	DTXSID20596511 DTXSID10814130 DTXSID10879603 DTXSID60225090 DTXSID80536458 DTXSID00408603 DTXSID70655440 DTXSID40464728 DTXSID1020770 DTXSID00730234 DTXSID20459172 DTXSID30185571 DTXSID40876463 DTXSID90674456 DTXSID00801993 DTXSID90767615 DTXSID40750774 DTXSID00876464 DTXSID00420305 DTXSID00512653
DTXSID40875118	DTXSID90322162 DTXSID40556793 DTXSID40163623 DTXSID20722459 DTXSID90783517 DTXSID70336909 DTXSID60159780 DTXSID00307723 DTXSID60593084 DTXSID50277341 DTXSID70747839 DTXSID80323547 DTXSID00421579 DTXSID30584969 DTXSID40467916 DTXSID30392389 DTXSID20733227 DTXSID40594852 DTXSID10288877 DTXSID90217423
DTXSID10465025	DTXSID00341667 DTXSID60738998 DTXSID0075106 DTXSID60754572 DTXSID20663055 DTXSID00196816 DTXSID40701589 DTXSID2071025 DTXSID30739033 DTXSID10776421 DTXSID50286514 DTXSID90492910 DTXSID90796667 DTXSID00338633 DTXSID80532359 DTXSID90850096 DTXSID00405935 DTXSID70284653 DTXSID10436654 DTXSID20351581
DTXSID60183484	DTXSID10586320 DTXSID7044506 DTXSID20161445 DTXSID80443794 DTXSID50481946 DTXSID50368783 DTXSID60182598 DTXSID00441777 DTXSID8063834 DTXSID30420691 DTXSID10285503 DTXSID20575982 DTXSID20403978 DTXSID00444965 DTXSID20455836 DTXSID30575690 DTXSID90182445 DTXSID50709551 DTXSID90734423 DTXSID70326067
DTXSID30185571	DTXSID1020770 DTXSID90767615 DTXSID80536458 DTXSID00420305 DTXSID80211677 DTXSID00408603 DTXSID50180124 DTXSID20459172 DTXSID20476965 DTXSID20158431 DTXSID70502324 DTXSID10159977 DTXSID00801993 DTXSID40437235 DTXSID60225090 DTXSID10814130 DTXSID10888412 DTXSID40640121 DTXSID40876064 DTXSID20812723
DTXSID50505434	DTXSID10297702 DTXSID30597074 DTXSID40608761 DTXSID40543961 DTXSID00521083 DTXSID40640949 DTXSID70709755 DTXSID40780334 DTXSID70381358 DTXSID90814719 DTXSID00720978 DTXSID30817789 DTXSID10790682 DTXSID80664785 DTXSID70826658 DTXSID50312665 DTXSID20874164 DTXSID80610161 DTXSID70845046 DTXSID10312106
DTXSID60383846	DTXSID20311786 DTXSID30564701 DTXSID60320519 DTXSID70588108 DTXSID60769489 DTXSID00659916 DTXSID20883357 DTXSID70615549 DTXSID30356906 DTXSID90178202 DTXSID90794481 DTXSID40713445 DTXSID3071278 DTXSID30279363 DTXSID90518144 DTXSID60439377 DTXSID40752516 DTXSID80785585 DTXSID00537482 DTXSID50586440
DTXSID10876016	DTXSID70351511 DTXSID30641809 DTXSID00304292 DTXSID80181205 DTXSID50568069 DTXSID70843961 DTXSID60292368 DTXSID40821519 DTXSID80306315 DTXSID30642477 DTXSID70450412 DTXSID30625841 DTXSID50733937 DTXSID10463849 DTXSID00220968 DTXSID20381166 DTXSID80383500 DTXSID40505180 DTXSID50549550 DTXSID50315974
DTXSID20287831	DTXSID20144556 DTXSID80613657 DTXSID80763020 DTXSID60566011 DTXSID80781542 DTXSID70159913 DTXSID00847114 DTXSID60812121 DTXSID10769772 DTXSID60769626 DTXSID80311045 DTXSID80444544 DTXSID40813393 DTXSID80526096 DTXSID20320999 DTXSID80878082 DTXSID10509216 DTXSID20735842 DTXSID70536543 DTXSID40279031
DTXSID60488421	DTXSID70438497 DTXSID30544588 DTXSID90711198 DTXSID60600126 DTXSID5072486 DTXSID3061552 DTXSID30405908 DTXSID20511921 DTXSID00423654 DTXSID20381262 DTXSID60336195 DTXSID40551526 DTXSID10518868 DTXSID10525310 DTXSID70709538 DTXSID50179492 DTXSID60399725 DTXSID30344949 DTXSID70593176 DTXSID90621465
DTXSID20756234	DTXSID00400920 DTXSID50326520 DTXSID20804840 DTXSID30855727 DTXSID60813198 DTXSID80756235 DTXSID60494921 DTXSID10310263 DTXSID30540383 DTXSID80440844 DTXSID70873622 DTXSID70303631 DTXSID00296961 DTXSID20204487 DTXSID90894031 DTXSID60723581 DTXSID50735552 DTXSID60184532 DTXSID60457672 DTXSID30411862
DTXSID80625119	DTXSID40516574 DTXSID00857657 DTXSID20182216 DTXSID30189978 DTXSID20599022 DTXSID10876213 DTXSID60456741 DTXSID60820660 DTXSID50776829 DTXSID10288155 DTXSID30600355 DTXSID90489587 DTXSID60542335 DTXSID40324171 DTXSID00625535 DTXSID40430160 DTXSID50312908 DTXSID80354750 DTXSID70811307 DTXSID30668051
DTXSID60849235	DTXSID20290961 DTXSID90738966 DTXSID40343822 DTXSID70202817 DTXSID60742575 DTXSID20728537 DTXSID3059268 DTXSID50221364 DTXSID10584427 DTXSID0051318 DTXSID40667575 DTXSID70466078 DTXSID50520026 DTXSID60343788 DTXSID60486225 DTXSID90640535 DTXSID50399335 DTXSID70733212 DTXSID20492625 DTXSID20618883
DTXSID00839498	DTXSID70556342 DTXSID90457963 DTXSID10160386 DTXSID90875966 DTXSID70623684 DTXSID40405393 DTXSID70879543 DTXSID60358195 DTXSID80349606 DTXSID10278713 DTXSID40237176 DTXSID60554776 DTXSID40167969 DTXSID60559382 DTXSID90668471 DTXSID40493992 DTXSID20229236 DTXSID80279772 DTXSID00846006 DTXSID00363127
DTXSID20229236	DTXSID10740400 DTXSID20817910 DTXSID00556597 DTXSID60571408 DTXSID60358195 DTXSID90875966 DTXSID30228250 DTXSID40493992 DTXSID80710110 DTXSID80627799 DTXSID0059081 DTXSID00839498 DTXSID40369466 DTXSID10720308 DTXSID00425279 DTXSID40485337 DTXSID90309635 DTXSID70556342 DTXSID00313622 DTXSID50876338
DTXSID30315977	DTXSID30757277 DTXSID10238155 DTXSID10610316 DTXSID10560827 DTXSID10661161 DTXSID10609068 DTXSID70528382 DTXSID80649890 DTXSID30344146 DTXSID60179903 DTXSID40321226 DTXSID60395181 DTXSID00633796 DTXSID40563927 DTXSID00442062 DTXSID80823330 DTXSID90187117 DTXSID70548464 DTXSID50493443 DTXSID90238315
DTXSID80588412	DTXSID60495352 DTXSID30616810 DTXSID90228155 DTXSID90156141 DTXSID30778189 DTXSID00571407 DTXSID60369660 DTXSID20293093 DTXSID20548313 DTXSID70401363 DTXSID70695260 DTXSID10865142 DTXSID30788642 DTXSID30537839 DTXSID40352515 DTXSID80629490 DTXSID60722519 DTXSID90380404 DTXSID00442188 DTXSID70560666
DTXSID00421579	DTXSID00307723 DTXSID60593084 DTXSID30624394 DTXSID40594852 DTXSID30584969 DTXSID70747839 DTXSID70571636 DTXSID20794818 DTXSID3061683 DTXSID20873935 DTXSID00234328 DTXSID1023233 DTXSID90322162 DTXSID20453190 DTXSID10808392 DTXSID80675912 DTXSID20722459 DTXSID70284875 DTXSID10318623 DTXSID90783517
DTXSID10410373	DTXSID90850096 DTXSID60399760 DTXSID00405955 DTXSID80156756 DTXSID00338633 DTXSID10809501 DTXSID80175861 DTXSID10560226 DTXSID10237007 DTXSID80275936 DTXSID30852630 DTXSID00206505 DTXSID80715221 DTXSID50286514 DTXSID50736206 DTXSID70569992 DTXSID00341268 DTXSID60738998 DTXSID10436654 DTXSID80284725
DTXSID20158431	DTXSID10888412 DTXSID40876064 DTXSID80211677 DTXSID70489489 DTXSID70676812 DTXSID70502324 DTXSID20476965 DTXSID50415544 DTXSID30207606 DTXSID70744343 DTXSID90767615 DTXSID70456873 DTXSID30185571 DTXSID80536458 DTXSID1020770 DTXSID60291290 DTXSID70655440 DTXSID60471474 DTXSID10379299 DTXSID00420305
DTXSID00317504	DTXSID20352578 DTXSID40392471 DTXSID60188272 DTXSID70212037 DTXSID20170794 DTXSID40756958 DTXSID60580712 DTXSID40532698 DTXSID40300233 DTXSID70757958 DTXSID30621282 DTXSID60148593 DTXSID50328600 DTXSID10275540 DTXSID50421524 DTXSID50527333 DTXSID70502965 DTXSID40508272 DTXSID00389746 DTXSID50508066
DTXSID10825483	DTXSID90825320 DTXSID70545211 DTXSID8060537 DTXSID40633255 DTXSID20443455 DTXSID90449848 DTXSID40532956 DTXSID70825323 DTXSID60816740 DTXSID60303887 DTXSID80615999 DTXSID00816724 DTXSID00816744 DTXSID70507091 DTXSID60183020 DTXSID30402255 DTXSID20203379 DTXSID70531336 DTXSID60797944 DTXSID80531281
DTXSID10160907	DTXSID40511105 DTXSID10585474 DTXSID20618883 DTXSID80392859 DTXSID40173409 DTXSID90640535 DTXSID20569260 DTXSID30402356 DTXSID20464706 DTXSID50561439 DTXSID00423917 DTXSID10724700 DTXSID70700803 DTXSID70733212 DTXSID80743286 DTXSID20640220 DTXSID30438498 DTXSID60876905 DTXSID30150880 DTXSID50399335
DTXSID90185572	DTXSID60284824 DTXSID40674385 DTXSID80572891 DTXSID60365844 DTXSID60856080 DTXSID70203107 DTXSID60217359 DTXSID70408539 DTXSID40161003 DTXSID10581315 DTXSID70461260 DTXSID30378360 DTXSID40454922 DTXSID40588413 DTXSID60842746 DTXSID10826758 DTXSID60897135 DTXSID80736618 DTXSID90626394 DTXSID70821062
DTXSID40460846	DTXSID10499269 DTXSID70323197 DTXSID10163594 DTXSID20703682 DTXSID80506439 DTXSID70232093 DTXSID70614431 DTXSID50469906 DTXSID20425296 DTXSID80305424 DTXSID10325736 DTXSID30610111 DTXSID60425230 DTXSID40316117 DTXSID6035156 DTXSID40171485 DTXSID70526065 DTXSID70527118 DTXSID30531150 DTXSID70739870
DTXSID80211632	DTXSID90813707 DTXSID30322782 DTXSID80570276 DTXSID30346367 DTXSID50733937 DTXSID70309653 DTXSID80354891 DTXSID60464760 DTXSID90352964 DTXSID70843961 DTXSID90301614 DTXSID10349912 DTXSID50549550 DTXSID90808375 DTXSID30642477 DTXSID70481504 DTXSID10463849 DTXSID20516850 DTXSID50660936 DTXSID50518761
DTXSID10423387	DTXSID80700652 DTXSID80744314 DTXSID10628037 DTXSID00326515 DTXSID30823663 DTXSID00557064 DTXSID80222344 DTXSID80854048 DTXSID30812719 DTXSID40624108 DTXSID70812718 DTXSID40652300 DTXSID80392899 DTXSID70896391 DTXSID90526002 DTXSID50147792 DTXSID20234486 DTXSID60160179 DTXSID80778154 DTXSID60443191
DTXSID00308578	DTXSID40177548 DTXSID40222441 DTXSID60715926 DTXSID00490846 DTXSID70496976 DTXSID00440381 DTXSID8024365 DTXSID50663063 DTXSID20292960 DTXSID90485307 DTXSID70157217 DTXSID00147227 DTXSID40792871 DTXSID90408475 DTXSID20579541 DTXSID80320612 DTXSID50664656 DTXSID70320828 DTXSID40712251 DTXSID10154821
DTXSID50421786	DTXSID10398268 DTXSID80551161 DTXSID50652836 DTXSID20307225 DTXSID60649212 DTXSID20593166 DTXSID10563479 DTXSID40847597 DTXSID10313815 DTXSID30558488 DTXSID70561754 DTXSID90733638 DTXSID00401210 DTXSID00728974 DTXSID10363476 DTXSID30836834 DTXSID40811253 DTXSID30553978 DTXSID80700798 DTXSID20146696
DTXSID50457308	DTXSID10515615 DTXSID40588519 DTXSID90456239 DTXSID30752702 DTXSID10667143 DTXSID70515611 DTXSID30734164 DTXSID70399418 DTXSID7057787 DTXSID70471445 DTXSID20804082 DTXSID20856506 DTXSID50645627 DTXSID20278163 DTXSID00293935 DTXSID00568670 DTXSID00588237 DTXSID10416330 DTXSID10876516 DTXSID70873607
DTXSID20159342	DTXSID30886990 DTXSID80241717 DTXSID50853381 DTXSID80830084 DTXSID20798912 DTXSID10292631 DTXSID40833839 DTXSID90485226 DTXSID00597642 DTXSID90424554 DTXSID00225190 DTXSID40852060 DTXSID00579281 DTXSID90334149 DTXSID20481099 DTXSID20200005 DTXSID50436936 DTXSID00341268 DTXSID10811083 DTXSID10838553
DTXSID50352561	DTXSID80601892 DTXSID90743297 DTXSID70663444 DTXSID50593376 DTXSID10408598 DTXSID10307178 DTXSID10181056 DTXSID90520383 DTXSID40349703 DTXSID20303686 DTXSID30397253 DTXSID00383284 DTXSID10646857 DTXSID70341891 DTXSID90676738 DTXSID10727791 DTXSID80589606 DTXSID20856622 DTXSID10653460 DTXSID60729604
DTXSID30287165	DTXSID70226876 DTXSID60818047 DTXSID70598186 DTXSID90654910 DTXSID50181631 DTXSID40823058 DTXSID40596033 DTXSID80284801 DTXSID00489694 DTXSID40550190 DTXSID80851436 DTXSID40207955 DTXSID50705750 DTXSID70554121 DTXSID70376901 DTXSID50293203 DTXSID70509818 DTXSID40399561 DTXSID4066414 DTXSID10189714
DTXSID60831938	DTXSID60407056 DTXSID50697661 DTXSID60346279 DTXSID30322383 DTXSID6052324 DTXSID10610179 DTXSID70670577 DTXSID10527213 DTXSID80765908 DTXSID30874352 DTXSID50507514 DTXSID00162036 DTXSID50604052 DTXSID10403129 DTXSID90209343 DTXSID20886929 DTXSID70704008 DTXSID20739229 DTXSID70522562 DTXSID00681570
DTXSID1070856	DTXSID80766536 DTXSID20837451 DTXSID20801632 DTXSID6066862 DTXSID70399014 DTXSID50718047 DTXSID20806607 DTXSID80437850 DTXSID60615952 DTXSID80275835 DTXSID70477361 DTXSID0046513 DTXSID50404352 DTXSID40601636 DTXSID60478428 DTXSID40194710 DTXSID70880614 DTXSID1040247 DTXSID60388215 DTXSID50771354
DTXSID80393503	DTXSID70393678 DTXSID50624255 DTXSID00844643 DTXSID90473103 DTXSID10556407 DTXSID10539896 DTXSID90369390 DTXSID00839978 DTXSID60621250 DTXSID50435964 DTXSID60560913 DTXSID40745084 DTXSID40852686 DTXSID20516815 DTXSID1068302 DTXSID50398429 DTXSID90166301 DTXSID40210247 DTXSID70612518 DTXSID30544482
DTXSID20670305	DTXSID30521910 DTXSID80598470 DTXSID00631297 DTXSID90733890 DTXSID30213626 DTXSID00331164 DTXSID00560977 DTXSID70305776 DTXSID70460238 DTXSID50707951 DTXSID50813501 DTXSID10528543 DTXSID30332528 DTXSID20542816 DTXSID00603732 DTXSID10284657 DTXSID40775609 DTXSID70599971 DTXSID10506745 DTXSID70398406
DTXSID50810676	DTXSID80649850 DTXSID60646943 DTXSID00541347 DTXSID50805002 DTXSID40775765 DTXSID90649245 DTXSID50496595 DTXSID50218754 DTXSID00504230 DTXSID60840166 DTXSID10525991 DTXSID20640624 DTXSID70660978 DTXSID40243454 DTXSID70733717 DTXSID00398893 DTXSID70810077 DTXSID70754826 DTXSID40806220 DTXSID80298887
DTXSID80789543	DTXSID30528282 DTXSID30316929 DTXSID80553504 DTXSID6063226 DTXSID30433605 DTXSID10797611 DTXSID60850189 DTXSID60325842 DTXSID50700528 DTXSID10337657 DTXSID1068807 DTXSID80798099 DTXSID30827388 DTXSID60239677 DTXSID80873118 DTXSID20754452 DTXSID10418177 DTXSID70327857 DTXSID40534975 DTXSID30550028
DTXSID50638155	DTXSID80664260 DTXSID70672475 DTXSID20876264 DTXSID20542811 DTXSID70320828 DTXSID50310126 DTXSID80451430 DTXSID70736561 DTXSID90493144 DTXSID80514418 DTXSID40792871 DTXSID30645342 DTXSID60729821 DTXSID50310222 DTXSID10219323 DTXSID1072260 DTXSID80724631 DTXSID40279359 DTXSID10440756 DTXSID00427854
DTXSID10299009	DTXSID60383760 DTXSID40623939 DTXSID10702407 DTXSID60285497 DTXSID20813492 DTXSID20187983 DTXSID30284199 DTXSID70653901 DTXSID90879368 DTXSID80676848 DTXSID60593347 DTXSID70879689 DTXSID80468563 DTXSID90676738 DTXSID30837109 DTXSID00383284 DTXSID00158752 DTXSID50677448 DTXSID10557050 DTXSID3063417
DTXSID60286207	DTXSID50283144 DTXSID00311481 DTXSID50681000 DTXSID50308280 DTXSID90564686 DTXSID3063045 DTXSID40819113 DTXSID90825769 DTXSID90598663 DTXSID10426979 DTXSID80664341 DTXSID80407255 DTXSID20362556 DTXSID70589594 DTXSID30447287 DTXSID00372673 DTXSID00879470 DTXSID50545799 DTXSID30218136 DTXSID20367369
DTXSID30313635	DTXSID70369696 DTXSID30309654 DTXSID90657865 DTXSID80355863 DTXSID00287899 DTXSID50704788 DTXSID60798719 DTXSID6041769 DTXSID60626321 DTXSID60646342 DTXSID40793823 DTXSID50879142 DTXSID00382030 DTXSID90407221 DTXSID00461238 DTXSID20369429 DTXSID10169758 DTXSID60803872 DTXSID50761275 DTXSID10494193
DTXSID90584703	DTXSID6058972 DTXSID80613172 DTXSID1070773 DTXSID20708955 DTXSID20879472 DTXSID80182974 DTXSID00712035 DTXSID40513644 DTXSID80292163 DTXSID10426732 DTXSID20325065 DTXSID70303297 DTXSID30843644 DTXSID2071071 DTXSID20754836 DTXSID60284925 DTXSID10827381 DTXSID90373472 DTXSID50565290 DTXSID20417959
DTXSID90670418	DTXSID70879705 DTXSID10614374 DTXSID20318553 DTXSID70554161 DTXSID30614917 DTXSID00635871 DTXSID90437447 DTXSID80364511 DTXSID50211245 DTXSID70492352 DTXSID80158139 DTXSID60642107 DTXSID60459171 DTXSID40663259 DTXSID30375718 DTXSID10815440 DTXSID50768289 DTXSID70172723 DTXSID70646373 DTXSID50333673
DTXSID80664725	DTXSID50589754 DTXSID40510698 DTXSID00852703 DTXSID60201778 DTXSID20275490 DTXSID30406531 DTXSID50589734 DTXSID10597118 DTXSID40435276 DTXSID10672434 DTXSID00487938 DTXSID30854114 DTXSID40430185 DTXSID10501119 DTXSID50311754 DTXSID80463053 DTXSID70597659 DTXSID50646674 DTXSID6065052 DTXSID60528699
DTXSID50838375	DTXSID20894140 DTXSID90787090 DTXSID70851288 DTXSID60801696 DTXSID10814352 DTXSID40319789 DTXSID80436722 DTXSID00153661 DTXSID90241283 DTXSID50836972 DTXSID30198141 DTXSID00314351 DTXSID70329513 DTXSID20162997 DTXSID30773912 DTXSID40823492 DTXSID20302371 DTXSID60465656 DTXSID90436112 DTXSID40896005
DTXSID90609465	DTXSID10610179 DTXSID50759410 DTXSID50788144 DTXSID70592609 DTXSID00775105 DTXSID6052324 DTXSID30545994 DTXSID80564296 DTXSID70525891 DTXSID50507514 DTXSID10516208 DTXSID20628588 DTXSID50697661 DTXSID60346279 DTXSID80765908 DTXSID30278139 DTXSID90209343 DTXSID40700158 DTXSID00604183 DTXSID10552787
DTXSID40186832	DTXSID90801907 DTXSID60797262 DTXSID50323352 DTXSID90238138 DTXSID50446232 DTXSID20308030 DTXSID70696934 DTXSID40507301 DTXSID60337187 DTXSID70538027 DTXSID10360203 DTXSID30592241 DTXSID50749917 DTXSID70568940 DTXSID80665454 DTXSID40211431 DTXSID30303990 DTXSID30711814 DTXSID90562627 DTXSID80590055
DTXSID50759410	DTXSID00775105 DTXSID90609465 DTXSID70525891 DTXSID30545994 DTXSID80564296 DTXSID50788144 DTXSID50832292 DTXSID50507514 DTXSID10610179 DTXSID80661118 DTXSID1059151 DTXSID50697661 DTXSID90719154 DTXSID6052324 DTXSID10837920 DTXSID50306701 DTXSID60346279 DTXSID10552787 DTXSID10699722 DTXSID10544364
DTXSID90345699	DTXSID90427929 DTXSID70642476 DTXSID30726822 DTXSID50580049 DTXSID10842610 DTXSID80482421 DTXSID40646800 DTXSID90711350 DTXSID50535852 DTXSID70858136 DTXSID60308998 DTXSID40230026 DTXSID70217345 DTXSID30651867 DTXSID20277616 DTXSID90645585 DTXSID10581315 DTXSID70828995 DTXSID10345656 DTXSID20797748
DTXSID50363339	DTXSID20803419 DTXSID00358154 DTXSID00303922 DTXSID20479512 DTXSID80422286 DTXSID40378694 DTXSID50187390 DTXSID00805870 DTXSID60402369 DTXSID10489948 DTXSID90829020 DTXSID80660101 DTXSID80696829 DTXSID70158284 DTXSID30617640 DTXSID60341340 DTXSID40677391 DTXSID50568201 DTXSID60820125 DTXSID80537829
DTXSID60875877	DTXSID10814695 DTXSID70652434 DTXSID10199636 DTXSID20151705 DTXSID80369627 DTXSID10712889 DTXSID40570439 DTXSID30207525 DTXSID20416442 DTXSID70599390 DTXSID40308693 DTXSID80780792 DTXSID90759338 DTXSID10579717 DTXSID70621009 DTXSID80442686 DTXSID80324357 DTXSID80367921 DTXSID70762047 DTXSID10658632
DTXSID80228265	DTXSID60651597 DTXSID10454999 DTXSID30596401 DTXSID50556143 DTXSID10475568 DTXSID4067771 DTXSID60487010 DTXSID20732598 DTXSID60633570 DTXSID50337419 DTXSID30181735 DTXSID10637523 DTXSID90480958 DTXSID70651442 DTXSID60403199 DTXSID40507649 DTXSID50448771 DTXSID70436918 DTXSID40396010 DTXSID50639965
DTXSID10721299	DTXSID5066089 DTXSID30435361 DTXSID20459617 DTXSID10853165 DTXSID00873296 DTXSID60573543 DTXSID00732571 DTXSID80407816 DTXSID60526094 DTXSID90595036 DTXSID20740698 DTXSID50862599 DTXSID30850116 DTXSID10615447 DTXSID20288045 DTXSID80729641 DTXSID4041232 DTXSID10341658 DTXSID9069849 DTXSID90786326
DTXSID30857589	DTXSID50648810 DTXSID60733680 DTXSID10202997 DTXSID10680579 DTXSID40717029 DTXSID60280841 DTXSID10534740 DTXSID10840136 DTXSID00896344 DTXSID20656927 DTXSID80176712 DTXSID60771643 DTXSID20663297 DTXSID90279182 DTXSID70593398 DTXSID80650360 DTXSID80146455 DTXSID90478072 DTXSID90533993 DTXSID40655477
DTXSID00817918	DTXSID70464776 DTXSID90562940 DTXSID90786326 DTXSID60660361 DTXSID90820815 DTXSID9069849 DTXSID00807834 DTXSID90888152 DTXSID60283413 DTXSID00325563 DTXSID20624146 DTXSID80852948 DTXSID80729641 DTXSID40573485 DTXSID00796355 DTXSID00816845 DTXSID20847353 DTXSID60573543 DTXSID90718102 DTXSID70562362
DTXSID50404554	DTXSID30818579 DTXSID40451698 DTXSID40659692 DTXSID20449336 DTXSID10565094 DTXSID90527650 DTXSID00390958 DTXSID90306129 DTXSID1071458 DTXSID00774294 DTXSID20378692 DTXSID50170323 DTXSID50863142 DTXSID80519504 DTXSID70693201 DTXSID90730243 DTXSID50681601 DTXSID60657039 DTXSID90542449 DTXSID90366985
DTXSID70799712	DTXSID10531254 DTXSID00290247 DTXSID00442688 DTXSID90778665 DTXSID50816158 DTXSID00787167 DTXSID40576875 DTXSID20602303 DTXSID20791342 DTXSID70562488 DTXSID60287734 DTXSID50297620 DTXSID00621330 DTXSID90816713 DTXSID30874251 DTXSID3058955 DTXSID90426058 DTXSID10640512 DTXSID70573993 DTXSID40397623
DTXSID20657131	DTXSID00430803 DTXSID60404409 DTXSID40605891 DTXSID20514699 DTXSID30646278 DTXSID40292366 DTXSID90879303 DTXSID80703926 DTXSID00672261 DTXSID30621202 DTXSID50739292 DTXSID00464143 DTXSID90381971 DTXSID80729005 DTXSID70142845 DTXSID80614503 DTXSID10695087 DTXSID40622947 DTXSID10584821 DTXSID10777190
DTXSID80700137	DTXSID30444296 DTXSID90624532 DTXSID30615166 DTXSID50716063 DTXSID70331217 DTXSID20536750 DTXSID20702716 DTXSID80151882 DTXSID2046836 DTXSID10767591 DTXSID60192657 DTXSID70545195 DTXSID60550556 DTXSID10839444 DTXSID20641272 DTXSID70737937 DTXSID70794227 DTXSID20274988 DTXSID70614239 DTXSID50601243
DTXSID70364282	DTXSID10668938 DTXSID50418656 DTXSID70631249 DTXSID00649993 DTXSID90476876 DTXSID20607676 DTXSID80600426 DTXSID40509345 DTXSID70805004 DTXSID40459179 DTXSID20516936 DTXSID70579192 DTXSID90350602 DTXSID00210869 DTXSID80696107 DTXSID20346371 DTXSID50374021 DTXSID70403362 DTXSID80371649 DTXSID00344214
DTXSID50844996	DTXSID60844886 DTXSID40642064 DTXSID80336576 DTXSID90657047 DTXSID60527743 DTXSID90418019 DTXSID40834083 DTXSID40790731 DTXSID60310778 DTXSID80694441 DTXSID60830143 DTXSID70554121 DTXSID30620730 DTXSID70579435 DTXSID80648242 DTXSID90731255 DTXSID00876525 DTXSID10165937 DTXSID20364550 DTXSID60381564
DTXSID70569573	DTXSID00735688 DTXSID50391273 DTXSID30448451 DTXSID80787827 DTXSID90809448 DTXSID00407575 DTXSID60162739 DTXSID00438884 DTXSID40641234 DTXSID50467720 DTXSID60641211 DTXSID70706764 DTXSID80729287 DTXSID80506732 DTXSID50528608 DTXSID20578675 DTXSID00164439 DTXSID40705805 DTXSID00364578 DTXSID70418875
DTXSID10354268	DTXSID5063605 DTXSID20640467 DTXSID40187203 DTXSID40701403 DTXSID50776243 DTXSID20394216 DTXSID20468163 DTXSID10356469 DTXSID20648620 DTXSID70710927 DTXSID10347115 DTXSID20705661 DTXSID70616516 DTXSID90706488 DTXSID70784289 DTXSID90611407 DTXSID00670222 DTXSID40845694 DTXSID80479391 DTXSID70669229
DTXSID2027967	DTXSID60696701 DTXSID60173926 DTXSID40855490 DTXSID1062546 DTXSID4052005 DTXSID10348283 DTXSID90209025 DTXSID2063765 DTXSID20285832 DTXSID80770815 DTXSID70587777 DTXSID20824306 DTXSID10796088 DTXSID90302606 DTXSID70559575 DTXSID10757336 DTXSID40484941 DTXSID00432448 DTXSID70622612 DTXSID40511600
DTXSID30293963	DTXSID00344971 DTXSID80430144 DTXSID70532141 DTXSID40612666 DTXSID40222108 DTXSID20726376 DTXSID30625048 DTXSID80694421 DTXSID50590547 DTXSID40751468 DTXSID60364099 DTXSID10672873 DTXSID20337542 DTXSID50747579 DTXSID50193279 DTXSID70648998 DTXSID80308177 DTXSID80288283 DTXSID40854049 DTXSID70526803
DTXSID20439196	DTXSID10343814 DTXSID60800068 DTXSID90848559 DTXSID10405921 DTXSID70408650 DTXSID10519254 DTXSID40446064 DTXSID70708324 DTXSID40397668 DTXSID10733074 DTXSID10546803 DTXSID00391061 DTXSID60536719 DTXSID10452955 DTXSID90346141 DTXSID20656366 DTXSID30306209 DTXSID2072881 DTXSID80299970 DTXSID00725605
DTXSID10570168	DTXSID00517608 DTXSID90672093 DTXSID80427877 DTXSID60599107 DTXSID60621331 DTXSID90487321 DTXSID50663326 DTXSID50743394 DTXSID40162656 DTXSID10453169 DTXSID80570155 DTXSID50533277 DTXSID80663551 DTXSID40721429 DTXSID10518525 DTXSID40790690 DTXSID70782987 DTXSID20467313 DTXSID40388879 DTXSID20207695
DTXSID10485607	DTXSID80196490 DTXSID80483211 DTXSID00843479 DTXSID80222480 DTXSID40483212 DTXSID60179645 DTXSID1052585 DTXSID00303785 DTXSID90353214 DTXSID80545565 DTXSID60675172 DTXSID00615431 DTXSID90335116 DTXSID60641211 DTXSID70306869 DTXSID2051978 DTXSID70343335 DTXSID90302707 DTXSID40552058 DTXSID40705805
DTXSID10630897	DTXSID90814597 DTXSID80876982 DTXSID50522469 DTXSID90431228 DTXSID40303103 DTXSID30730641 DTXSID10533430 DTXSID00698901 DTXSID10786267 DTXSID00184258 DTXSID50343737 DTXSID40668567 DTXSID50694473 DTXSID90237202 DTXSID90876473 DTXSID30540282 DTXSID10588304 DTXSID10678537 DTXSID30449367 DTXSID60790435
DTXSID70846614	DTXSID10725737 DTXSID50338880 DTXSID30204953 DTXSID30817906 DTXSID00542470 DTXSID30516765 DTXSID40306199 DTXSID50645627 DTXSID80298887 DTXSID00504230 DTXSID80308374 DTXSID40806220 DTXSID20746397 DTXSID30734164 DTXSID20278163 DTXSID90697544 DTXSID20804082 DTXSID60840166 DTXSID90792028 DTXSID50833527
DTXSID30488256	DTXSID80385004 DTXSID80760539 DTXSID00366416 DTXSID00700114 DTXSID40454942 DTXSID40312593 DTXSID50239863 DTXSID20326638 DTXSID90647988 DTXSID90540400 DTXSID40656126 DTXSID50170540 DTXSID10653687 DTXSID30382301 DTXSID50855981 DTXSID30404754 DTXSID90152749 DTXSID30618253 DTXSID40571168 DTXSID30672032
DTXSID10488239	DTXSID30617185 DTXSID90567874 DTXSID30306668 DTXSID50880672 DTXSID90306669 DTXSID90171536 DTXSID60340732 DTXSID40440067 DTXSID10399917 DTXSID90782323 DTXSID10771234 DTXSID70344842 DTXSID70479325 DTXSID90517319 DTXSID00565760 DTXSID00762792 DTXSID20567408 DTXSID10462332 DTXSID50832151 DTXSID20535622
DTXSID10734783	DTXSID00748011 DTXSID00410983 DTXSID80813019 DTXSID00506799 DTXSID00442188 DTXSID70762047 DTXSID3041297 DTXSID80381026 DTXSID20352412 DTXSID90380404 DTXSID70621009 DTXSID00694049 DTXSID50600110 DTXSID40561645 DTXSID10168882 DTXSID70670057 DTXSID40495597 DTXSID30734902 DTXSID40278640 DTXSID80237675
DTXSID70651745	DTXSID00615794 DTXSID00640667 DTXSID60571408 DTXSID00425279 DTXSID80318034 DTXSID0059081 DTXSID00539461 DTXSID30606317 DTXSID40493992 DTXSID10796583 DTXSID50355557 DTXSID80627799 DTXSID00313622 DTXSID10441586 DTXSID00363127 DTXSID80769224 DTXSID30844757 DTXSID40673595 DTXSID20390950 DTXSID70560666
DTXSID90561074	DTXSID00428720 DTXSID00145324 DTXSID10440059 DTXSID70359411 DTXSID70623987 DTXSID00706792 DTXSID20528397 DTXSID80343765 DTXSID00162036 DTXSID60876900 DTXSID90178843 DTXSID50604052 DTXSID00598513 DTXSID60778778 DTXSID30541572 DTXSID90215565 DTXSID6044773 DTXSID00642424 DTXSID30589575 DTXSID30434511
DTXSID80282226	DTXSID30311595 DTXSID00371186 DTXSID90813020 DTXSID40450409 DTXSID30176540 DTXSID40168219 DTXSID40374030 DTXSID50467346 DTXSID10579717 DTXSID40588493 DTXSID90805440 DTXSID90419526 DTXSID50667248 DTXSID40561645 DTXSID50218416 DTXSID50662359 DTXSID80237675 DTXSID20439297 DTXSID40773983 DTXSID10712889
DTXSID90222719	DTXSID30847288 DTXSID70554621 DTXSID20522476 DTXSID70678311 DTXSID3073719 DTXSID50451407 DTXSID40487235 DTXSID80534131 DTXSID10657206 DTXSID60319089 DTXSID70619608 DTXSID80819470 DTXSID00508677 DTXSID70314969 DTXSID30546628 DTXSID90286755 DTXSID00321702 DTXSID00745368 DTXSID00802844 DTXSID50450490
DTXSID20234486	DTXSID70896391 DTXSID80349702 DTXSID30823663 DTXSID80854048 DTXSID20476506 DTXSID80700652 DTXSID10423387 DTXSID90526002 DTXSID80744314 DTXSID00326515 DTXSID80222344 DTXSID60327083 DTXSID30812719 DTXSID40652300 DTXSID10547911 DTXSID20529607 DTXSID9073676 DTXSID00557064 DTXSID10628037 DTXSID60896426
DTXSID00500813	DTXSID00518872 DTXSID50590062 DTXSID90642135 DTXSID20563844 DTXSID30168268 DTXSID60487459 DTXSID00544772 DTXSID30465360 DTXSID00641119 DTXSID50302703 DTXSID50719099 DTXSID50727159 DTXSID70294838 DTXSID70364505 DTXSID30308384 DTXSID9022100 DTXSID20604640 DTXSID80752499 DTXSID20618585 DTXSID30554167
DTXSID60373409	DTXSID20827933 DTXSID20456863 DTXSID40538579 DTXSID20629934 DTXSID50599959 DTXSID90705153 DTXSID10623385 DTXSID60555147 DTXSID80744470 DTXSID60551149 DTXSID40857631 DTXSID50427622 DTXSID50473725 DTXSID20216742 DTXSID30827181 DTXSID50358169 DTXSID60835436 DTXSID30542746 DTXSID90175716 DTXSID80722112
DTXSID60375120	DTXSID10221865 DTXSID30634231 DTXSID40397623 DTXSID70528403 DTXSID00645879 DTXSID60505389 DTXSID80480689 DTXSID20582959 DTXSID50282854 DTXSID20791342 DTXSID10544889 DTXSID50345019 DTXSID90426058 DTXSID30874251 DTXSID40855132 DTXSID00707608 DTXSID60287734 DTXSID40578238 DTXSID50650796 DTXSID90316182
DTXSID2047016	DTXSID20212022 DTXSID90547797 DTXSID60295354 DTXSID90462572 DTXSID40297775 DTXSID20363508 DTXSID10555091 DTXSID90622492 DTXSID20369429 DTXSID30631402 DTXSID80549528 DTXSID60473115 DTXSID00462684 DTXSID80570918 DTXSID60669213 DTXSID00181464 DTXSID70165236 DTXSID90540400 DTXSID20295517 DTXSID10619405
DTXSID20581402	DTXSID20566037 DTXSID00434109 DTXSID80789447 DTXSID50354888 DTXSID30418639 DTXSID90731876 DTXSID00749265 DTXSID20445318 DTXSID90832034 DTXSID10828494 DTXSID50660118 DTXSID90734423 DTXSID40304150 DTXSID50709551 DTXSID90443725 DTXSID50810611 DTXSID20161445 DTXSID90475203 DTXSID60239536 DTXSID80443794
DTXSID70600399	DTXSID80471577 DTXSID10478554 DTXSID50302824 DTXSID00430282 DTXSID10602615 DTXSID60524732 DTXSID80333444 DTXSID10679943 DTXSID30510001 DTXSID80415456 DTXSID90182581 DTXSID10566046 DTXSID60283352 DTXSID30218555 DTXSID40616866 DTXSID10190906 DTXSID70564109 DTXSID60831094 DTXSID70598666 DTXSID40282005
DTXSID10875781	DTXSID00619752 DTXSID30596103 DTXSID60427936 DTXSID20236506 DTXSID00186358 DTXSID30162665 DTXSID80371649 DTXSID00383582 DTXSID40354256 DTXSID00344214 DTXSID30605128 DTXSID40371741 DTXSID20346371 DTXSID60588132 DTXSID60885815 DTXSID60646468 DTXSID70148105 DTXSID30462596 DTXSID50778944 DTXSID30563335
DTXSID10784127	DTXSID50499107 DTXSID00887474 DTXSID40873937 DTXSID10764146 DTXSID60873939 DTXSID6044802 DTXSID70797955 DTXSID20745486 DTXSID50289404 DTXSID50343212 DTXSID20797061 DTXSID70888296 DTXSID40845013 DTXSID40613991 DTXSID70793856 DTXSID70867364 DTXSID3051541 DTXSID00768219 DTXSID70177359 DTXSID5051311
DTXSID90740544	DTXSID30716364 DTXSID20680742 DTXSID50590749 DTXSID70615761 DTXSID80499110 DTXSID00497850 DTXSID50208059 DTXSID60303226 DTXSID80182510 DTXSID30716324 DTXSID30588240 DTXSID80374438 DTXSID90497425 DTXSID3069982 DTXSID80556898 DTXSID60379527 DTXSID50364467 DTXSID70397272 DTXSID50596246 DTXSID00606980
DTXSID80451819	DTXSID80499756 DTXSID90295286 DTXSID40802984 DTXSID90529396 DTXSID00719266 DTXSID40146198 DTXSID90719896 DTXSID9057680 DTXSID30354361 DTXSID80177047 DTXSID50542425 DTXSID60533122 DTXSID70443026 DTXSID00373504 DTXSID10588026 DTXSID00864907 DTXSID40540738 DTXSID40286048 DTXSID10144383 DTXSID80554157
DTXSID20275814	DTXSID90187238 DTXSID60885855 DTXSID70589756 DTXSID00373802 DTXSID30667468 DTXSID60193361 DTXSID00656147 DTXSID40607633 DTXSID50404296 DTXSID20668040 DTXSID60473099 DTXSID10340247 DTXSID10786282 DTXSID10733776 DTXSID10511354 DTXSID60848460 DTXSID40593183 DTXSID90549170 DTXSID70739012 DTXSID40787722
DTXSID80727324	DTXSID00190172 DTXSID20535420 DTXSID60195325 DTXSID40646461 DTXSID50733639 DTXSID40618345 DTXSID30555654 DTXSID80718853 DTXSID40365226 DTXSID20705520 DTXSID70658234 DTXSID50808230 DTXSID80646627 DTXSID90396222 DTXSID80377949 DTXSID50346844 DTXSID50623167 DTXSID40827091 DTXSID30837225 DTXSID50289141
DTXSID10888412	DTXSID20476965 DTXSID20158431 DTXSID70489489 DTXSID70744343 DTXSID30207606 DTXSID60291290 DTXSID10379299 DTXSID80211677 DTXSID80364915 DTXSID70456873 DTXSID30217881 DTXSID70676812 DTXSID90767615 DTXSID40876064 DTXSID50415544 DTXSID60471474 DTXSID00420305 DTXSID30185571 DTXSID80536458 DTXSID00413191
DTXSID90549170	DTXSID70739012 DTXSID10511354 DTXSID10650378 DTXSID80695776 DTXSID00363884 DTXSID40642226 DTXSID60193361 DTXSID70589756 DTXSID40845735 DTXSID70353111 DTXSID20781223 DTXSID00876742 DTXSID60542052 DTXSID60473099 DTXSID10733776 DTXSID10211680 DTXSID60885855 DTXSID5068158 DTXSID40466085 DTXSID30409264
DTXSID50170020	DTXSID40407716 DTXSID80573368 DTXSID80293478 DTXSID80482123 DTXSID30583295 DTXSID00576634 DTXSID20580753 DTXSID60695037 DTXSID20432561 DTXSID90571239 DTXSID60427815 DTXSID40671112 DTXSID00382853 DTXSID10642071 DTXSID10181718 DTXSID20646308 DTXSID8060298 DTXSID10391274 DTXSID10536082 DTXSID30799096
DTXSID70825323	DTXSID80615999 DTXSID60183020 DTXSID90449848 DTXSID30402255 DTXSID60303887 DTXSID00542970 DTXSID80531281 DTXSID70545211 DTXSID20203379 DTXSID10825483 DTXSID40633255 DTXSID70507091 DTXSID60738433 DTXSID50568185 DTXSID50786221 DTXSID8060537 DTXSID80332674 DTXSID20443455 DTXSID10468334 DTXSID00560311
DTXSID10803544	DTXSID70506807 DTXSID90846131 DTXSID80765302 DTXSID70886212 DTXSID20294181 DTXSID00618003 DTXSID50748066 DTXSID40609798 DTXSID30377479 DTXSID90208699 DTXSID40630966 DTXSID70459804 DTXSID30473526 DTXSID90422898 DTXSID00593846 DTXSID00407338 DTXSID10653829 DTXSID80210827 DTXSID10659982 DTXSID30797451
DTXSID50369891	DTXSID00896142 DTXSID30389390 DTXSID90834472 DTXSID40434921 DTXSID60225090 DTXSID60297232 DTXSID70794808 DTXSID10814130 DTXSID40659632 DTXSID50395377 DTXSID00801993 DTXSID2023222 DTXSID40640121 DTXSID90349995 DTXSID90342643 DTXSID00876464 DTXSID70563218 DTXSID30415688 DTXSID60502116 DTXSID10879603
DTXSID00355729	DTXSID90768723 DTXSID30594280 DTXSID30303798 DTXSID00810702 DTXSID50383330 DTXSID60715522 DTXSID60326112 DTXSID00475971 DTXSID00612400 DTXSID10157478 DTXSID70894756 DTXSID00428568 DTXSID10590381 DTXSID60755463 DTXSID00738654 DTXSID70224155 DTXSID50694498 DTXSID30819304 DTXSID30568360 DTXSID30586387
DTXSID70283828	DTXSID00567820 DTXSID20183001 DTXSID90354903 DTXSID80199264 DTXSID90782383 DTXSID10599536 DTXSID10289445 DTXSID40352752 DTXSID00323105 DTXSID70539892 DTXSID60703924 DTXSID20631173 DTXSID60508234 DTXSID60728172 DTXSID20428787 DTXSID30616294 DTXSID00364871 DTXSID90629724 DTXSID20354971 DTXSID10610614
DTXSID50239186	DTXSID10431745 DTXSID90758447 DTXSID00601051 DTXSID60463576 DTXSID90407807 DTXSID50234378 DTXSID20840329 DTXSID80232084 DTXSID90780425 DTXSID30786582 DTXSID70471960 DTXSID40483015 DTXSID50652477 DTXSID50752865 DTXSID80793680 DTXSID80694027 DTXSID20288823 DTXSID50191093 DTXSID90292492 DTXSID60772473
DTXSID00796355	DTXSID10301010 DTXSID00816845 DTXSID80206381 DTXSID80729641 DTXSID80852948 DTXSID60283413 DTXSID90675226 DTXSID20642042 DTXSID40573485 DTXSID30850116 DTXSID90888152 DTXSID30839224 DTXSID10864690 DTXSID60816588 DTXSID90819188 DTXSID00817918 DTXSID30674854 DTXSID00732511 DTXSID4041232 DTXSID90718102
DTXSID60591924	DTXSID60818360 DTXSID60591944 DTXSID50393757 DTXSID90360625 DTXSID00836164 DTXSID80601317 DTXSID70630050 DTXSID40518199 DTXSID70743018 DTXSID00747382 DTXSID60813496 DTXSID90836193 DTXSID00308639 DTXSID20641257 DTXSID50672276 DTXSID9064007 DTXSID20646803 DTXSID20482662 DTXSID60670389 DTXSID90878937
DTXSID90406890	DTXSID70569452 DTXSID20590599 DTXSID00501648 DTXSID40656126 DTXSID10653687 DTXSID90647988 DTXSID10371632 DTXSID10470013 DTXSID30462975 DTXSID20579162 DTXSID60663554 DTXSID80295533 DTXSID90672275 DTXSID70590584 DTXSID40332695 DTXSID40499454 DTXSID70455785 DTXSID50215001 DTXSID80370955 DTXSID60390974
DTXSID20240441	DTXSID70775273 DTXSID50753675 DTXSID50858831 DTXSID90437669 DTXSID50576301 DTXSID80708456 DTXSID50775251 DTXSID90404977 DTXSID00331427 DTXSID20735842 DTXSID10711458 DTXSID3068883 DTXSID80444544 DTXSID00543068 DTXSID10712521 DTXSID30336546 DTXSID60769626 DTXSID70236576 DTXSID50708483 DTXSID00770211
DTXSID90745079	DTXSID60598397 DTXSID80867496 DTXSID80564296 DTXSID50306701 DTXSID50788144 DTXSID50742468 DTXSID00775105 DTXSID70143155 DTXSID80661118 DTXSID90719154 DTXSID00458764 DTXSID2073019 DTXSID00849057 DTXSID10516208 DTXSID40407317 DTXSID30442510 DTXSID50759410 DTXSID70525891 DTXSID90609465 DTXSID90290716
DTXSID40296581	DTXSID00695157 DTXSID60377023 DTXSID20439297 DTXSID80294445 DTXSID00694049 DTXSID60307108 DTXSID40561645 DTXSID10168882 DTXSID30780828 DTXSID40588493 DTXSID50441787 DTXSID20718973 DTXSID50487645 DTXSID60620389 DTXSID30537839 DTXSID40495597 DTXSID90429862 DTXSID40168219 DTXSID90609682 DTXSID10212470
DTXSID10556543	DTXSID70579652 DTXSID70662836 DTXSID50570960 DTXSID60293931 DTXSID70841881 DTXSID00326035 DTXSID90383879 DTXSID80665479 DTXSID00165648 DTXSID40681493 DTXSID00431456 DTXSID80668364 DTXSID10294832 DTXSID70296791 DTXSID40415351 DTXSID10672419 DTXSID30797451 DTXSID50154325 DTXSID10154664 DTXSID30823229
DTXSID50825321	DTXSID50568908 DTXSID30808778 DTXSID20614320 DTXSID50224219 DTXSID90714144 DTXSID20547861 DTXSID30637126 DTXSID70203329 DTXSID50851665 DTXSID60738433 DTXSID10468334 DTXSID50545613 DTXSID10467660 DTXSID20813437 DTXSID80531281 DTXSID30402255 DTXSID00560311 DTXSID40797200 DTXSID80599205 DTXSID30793711
DTXSID20671211	DTXSID60204461 DTXSID00632204 DTXSID00856726 DTXSID40456507 DTXSID10215002 DTXSID30187171 DTXSID30531958 DTXSID10462918 DTXSID50613285 DTXSID90346863 DTXSID50544085 DTXSID50590582 DTXSID30218010 DTXSID60296149 DTXSID10287587 DTXSID1069952 DTXSID20590251 DTXSID30146309 DTXSID00498387 DTXSID20626403
DTXSID90664317	DTXSID20879154 DTXSID50481325 DTXSID30889784 DTXSID70388408 DTXSID50594348 DTXSID50454276 DTXSID30191596 DTXSID00312413 DTXSID60696529 DTXSID70729352 DTXSID40287813 DTXSID20427937 DTXSID70544562 DTXSID80200763 DTXSID80503569 DTXSID30766203 DTXSID50876015 DTXSID00645374 DTXSID30160883 DTXSID50595274
DTXSID40440067	DTXSID10399917 DTXSID20567408 DTXSID00762792 DTXSID30617185 DTXSID90567874 DTXSID60340732 DTXSID10488239 DTXSID00565760 DTXSID70479325 DTXSID30600895 DTXSID30769214 DTXSID70344842 DTXSID90517319 DTXSID80436883 DTXSID60883917 DTXSID40775720 DTXSID90171536 DTXSID50880672 DTXSID30306668 DTXSID80578333
DTXSID50704006	DTXSID60550516 DTXSID10303817 DTXSID90387731 DTXSID50615385 DTXSID50161635 DTXSID40896727 DTXSID90161639 DTXSID70585475 DTXSID20284688 DTXSID80722556 DTXSID80647376 DTXSID20188935 DTXSID10377573 DTXSID30816914 DTXSID90675923 DTXSID20733565 DTXSID70640932 DTXSID20376158 DTXSID30634736 DTXSID50853169
DTXSID10416330	DTXSID30734164 DTXSID70873607 DTXSID00782258 DTXSID10667143 DTXSID10515615 DTXSID90774102 DTXSID30202232 DTXSID30516765 DTXSID90456239 DTXSID20804082 DTXSID50645627 DTXSID30752702 DTXSID90346222 DTXSID10725737 DTXSID70437263 DTXSID50457308 DTXSID80308374 DTXSID20278163 DTXSID00372219 DTXSID20840788
DTXSID80192573	DTXSID60388210 DTXSID40780334 DTXSID30817789 DTXSID50392285 DTXSID40655230 DTXSID70494230 DTXSID80664785 DTXSID50312665 DTXSID40311142 DTXSID30597074 DTXSID00488824 DTXSID90663466 DTXSID30708643 DTXSID30572083 DTXSID70495707 DTXSID10609765 DTXSID80224782 DTXSID10528381 DTXSID90780066 DTXSID40640949
DTXSID00334771	DTXSID10655964 DTXSID70826875 DTXSID90339518 DTXSID90520888 DTXSID80615616 DTXSID4052051 DTXSID70675643 DTXSID80340113 DTXSID40494464 DTXSID90223322 DTXSID30782408 DTXSID30394525 DTXSID60202720 DTXSID20478080 DTXSID20342651 DTXSID90562960 DTXSID70789032 DTXSID70571818 DTXSID10525618 DTXSID10577213
DTXSID20742359	DTXSID20635878 DTXSID60600166 DTXSID40855399 DTXSID20448384 DTXSID90344400 DTXSID10456716 DTXSID60829037 DTXSID30509238 DTXSID7041334 DTXSID80737281 DTXSID30557279 DTXSID80876321 DTXSID50704445 DTXSID20579541 DTXSID40712251 DTXSID70701077 DTXSID20750474 DTXSID30852357 DTXSID70565050 DTXSID90369355
DTXSID60767021	DTXSID60292449 DTXSID10484514 DTXSID30767634 DTXSID70743614 DTXSID80847197 DTXSID70567079 DTXSID50242539 DTXSID30421648 DTXSID50341016 DTXSID20428464 DTXSID80885534 DTXSID50310186 DTXSID50390706 DTXSID70810274 DTXSID90650230 DTXSID00386154 DTXSID80555467 DTXSID00653333 DTXSID30199370 DTXSID00430025
DTXSID40454326	DTXSID10597653 DTXSID90178368 DTXSID70480092 DTXSID70288277 DTXSID3068126 DTXSID40836047 DTXSID00179881 DTXSID60318532 DTXSID50388749 DTXSID90340548 DTXSID9059541 DTXSID90502841 DTXSID10398708 DTXSID40729783 DTXSID00771248 DTXSID10363552 DTXSID60524373 DTXSID60551285 DTXSID60616843 DTXSID90330247
DTXSID90520383	DTXSID50180543 DTXSID90743297 DTXSID40697913 DTXSID00461617 DTXSID20856622 DTXSID40681973 DTXSID70663444 DTXSID50457707 DTXSID20895733 DTXSID50740727 DTXSID10627328 DTXSID10408598 DTXSID50352561 DTXSID50593376 DTXSID50595032 DTXSID00391167 DTXSID50208236 DTXSID60664203 DTXSID40293651 DTXSID70601548
DTXSID60823116	DTXSID70156705 DTXSID50735552 DTXSID00699594 DTXSID90894031 DTXSID50728580 DTXSID30411862 DTXSID30434995 DTXSID0047088 DTXSID20625113 DTXSID40373523 DTXSID50793213 DTXSID00541322 DTXSID80756235 DTXSID30743135 DTXSID00472485 DTXSID10314887 DTXSID80640842 DTXSID80424169 DTXSID70303631 DTXSID00145682
DTXSID90396969	DTXSID50734328 DTXSID10301237 DTXSID60646322 DTXSID70743659 DTXSID10609124 DTXSID40650583 DTXSID70810991 DTXSID40827091 DTXSID20705520 DTXSID70314323 DTXSID50497865 DTXSID90670291 DTXSID00468540 DTXSID20535420 DTXSID70177935 DTXSID40701504 DTXSID40319300 DTXSID40195106 DTXSID80646384 DTXSID80580734
DTXSID70191611	DTXSID70452633 DTXSID70196484 DTXSID70733717 DTXSID90358168 DTXSID00513589 DTXSID40829772 DTXSID40787722 DTXSID50345716 DTXSID60757684 DTXSID00427450 DTXSID70545195 DTXSID90420798 DTXSID20640624 DTXSID50841824 DTXSID90680572 DTXSID70754826 DTXSID70660978 DTXSID80378714 DTXSID40775765 DTXSID60527804
DTXSID10794382	DTXSID8032675 DTXSID90649664 DTXSID50421261 DTXSID9048194 DTXSID30848593 DTXSID70382744 DTXSID40357808 DTXSID20742031 DTXSID70589791 DTXSID70656250 DTXSID1058004 DTXSID10630771 DTXSID60396471 DTXSID80288586 DTXSID90613002 DTXSID70224155 DTXSID30318428 DTXSID40641996 DTXSID80492621 DTXSID50512103
DTXSID90316763	DTXSID00801599 DTXSID00556951 DTXSID90343418 DTXSID8075413 DTXSID00709662 DTXSID20159226 DTXSID50384589 DTXSID50660936 DTXSID00425214 DTXSID70411184 DTXSID20612189 DTXSID40465871 DTXSID40174976 DTXSID40319603 DTXSID20516850 DTXSID10711913 DTXSID30817062 DTXSID40666346 DTXSID30504920 DTXSID80354891
DTXSID5022803	DTXSID00374652 DTXSID80292582 DTXSID50453481 DTXSID40700572 DTXSID40649795 DTXSID90771333 DTXSID40585508 DTXSID20680303 DTXSID00833719 DTXSID80661234 DTXSID20883175 DTXSID30722324 DTXSID50175277 DTXSID80349606 DTXSID60848061 DTXSID10280518 DTXSID70799373 DTXSID10186102 DTXSID50681767 DTXSID50294250
DTXSID70397272	DTXSID60556013 DTXSID70238095 DTXSID40405636 DTXSID80499110 DTXSID00606980 DTXSID20597765 DTXSID30588240 DTXSID80724015 DTXSID80556898 DTXSID30716364 DTXSID30423703 DTXSID50596246 DTXSID30716324 DTXSID50208059 DTXSID20154993 DTXSID60303226 DTXSID00314654 DTXSID90497425 DTXSID10395035 DTXSID90740544
DTXSID40143824	DTXSID40312593 DTXSID50855981 DTXSID80760539 DTXSID20729766 DTXSID00343944 DTXSID00680563 DTXSID80383383 DTXSID60832561 DTXSID60856883 DTXSID90366162 DTXSID00366416 DTXSID80856466 DTXSID50239863 DTXSID30805005 DTXSID30488256 DTXSID80241196 DTXSID80385004 DTXSID50478391 DTXSID20831095 DTXSID60672065
DTXSID70813427	DTXSID70597735 DTXSID30371457 DTXSID30177557 DTXSID90793535 DTXSID0061327 DTXSID00503783 DTXSID50400551 DTXSID70235529 DTXSID80439612 DTXSID70873662 DTXSID00277376 DTXSID20605314 DTXSID50181656 DTXSID70276593 DTXSID80710670 DTXSID70299444 DTXSID30852256 DTXSID70757877 DTXSID50179518 DTXSID00356670
DTXSID40721429	DTXSID50743394 DTXSID00495098 DTXSID50533277 DTXSID70647749 DTXSID00483556 DTXSID30276372 DTXSID80464787 DTXSID50846839 DTXSID20508230 DTXSID50703690 DTXSID60599107 DTXSID20895511 DTXSID80206947 DTXSID00461576 DTXSID40162656 DTXSID70341755 DTXSID30662913 DTXSID50526447 DTXSID10296831 DTXSID30194385
DTXSID30203209	DTXSID30225941 DTXSID90875986 DTXSID10295283 DTXSID20857659 DTXSID10223061 DTXSID80346397 DTXSID60178936 DTXSID90169897 DTXSID50760081 DTXSID90535053 DTXSID3037543 DTXSID90310120 DTXSID50397371 DTXSID80367027 DTXSID90656353 DTXSID10590306 DTXSID30785550 DTXSID00153121 DTXSID10427188 DTXSID60231434
DTXSID8051706	DTXSID70711257 DTXSID10317277 DTXSID40532355 DTXSID50482655 DTXSID10790102 DTXSID90280773 DTXSID50766705 DTXSID30793837 DTXSID10805583 DTXSID40886880 DTXSID90469309 DTXSID60884823 DTXSID80840345 DTXSID30170922 DTXSID60236282 DTXSID00339069 DTXSID40840361 DTXSID50817701 DTXSID00694029 DTXSID50708483
DTXSID20705222	DTXSID00806822 DTXSID00566611 DTXSID00876626 DTXSID70784229 DTXSID30727910 DTXSID90625963 DTXSID30799096 DTXSID00672786 DTXSID10536082 DTXSID50236892 DTXSID40295776 DTXSID10296836 DTXSID10586542 DTXSID40841515 DTXSID50396228 DTXSID00659436 DTXSID60879315 DTXSID00703665 DTXSID30290992 DTXSID80568895
DTXSID00625252	DTXSID90283522 DTXSID00794972 DTXSID60880764 DTXSID40455499 DTXSID00819290 DTXSID00770579 DTXSID60813436 DTXSID40838642 DTXSID40773347 DTXSID40462365 DTXSID00340731 DTXSID20535622 DTXSID30408717 DTXSID90719593 DTXSID70325893 DTXSID40574018 DTXSID20557243 DTXSID90782323 DTXSID10462332 DTXSID80783304
DTXSID80142896	DTXSID40837933 DTXSID90162823 DTXSID40469056 DTXSID90155270 DTXSID40874762 DTXSID70850690 DTXSID40333127 DTXSID40201938 DTXSID90214876 DTXSID10166383 DTXSID60874764 DTXSID40823497 DTXSID30874892 DTXSID10218654 DTXSID10402758 DTXSID40823513 DTXSID80584131 DTXSID30851507 DTXSID70300044 DTXSID50526109
DTXSID10468334	DTXSID20813437 DTXSID60738433 DTXSID50224219 DTXSID50786221 DTXSID70203329 DTXSID30402255 DTXSID80531281 DTXSID20459137 DTXSID70825323 DTXSID60183020 DTXSID80615999 DTXSID50568908 DTXSID60303887 DTXSID80332674 DTXSID90449848 DTXSID30340426 DTXSID00560311 DTXSID50825321 DTXSID00542970 DTXSID40633255
DTXSID70418875	DTXSID00364578 DTXSID80452144 DTXSID30713515 DTXSID70706764 DTXSID20190770 DTXSID30396761 DTXSID00438884 DTXSID40543441 DTXSID80787827 DTXSID20653476 DTXSID40441716 DTXSID50460130 DTXSID00407575 DTXSID10786702 DTXSID30333176 DTXSID40641234 DTXSID90543436 DTXSID70569573 DTXSID10390348 DTXSID30757772
DTXSID9068904	DTXSID90512546 DTXSID70354901 DTXSID60156476 DTXSID90530907 DTXSID50184864 DTXSID70299444 DTXSID70276593 DTXSID00277376 DTXSID50814573 DTXSID20585925 DTXSID20415915 DTXSID20342035 DTXSID70757877 DTXSID70445500 DTXSID50190425 DTXSID80404820 DTXSID70646373 DTXSID70676397 DTXSID00356670 DTXSID80634847
DTXSID80278447	DTXSID80468609 DTXSID70699586 DTXSID00826560 DTXSID90709590 DTXSID00793728 DTXSID60711882 DTXSID10890999 DTXSID00699514 DTXSID10822679 DTXSID90602057 DTXSID30543410 DTXSID30827388 DTXSID50737490 DTXSID30281663 DTXSID80546739 DTXSID80195024 DTXSID20197406 DTXSID20741069 DTXSID70233808 DTXSID00752951
DTXSID60816780	DTXSID70355317 DTXSID40818449 DTXSID50368960 DTXSID90278397 DTXSID30157793 DTXSID40545687 DTXSID50368647 DTXSID80174874 DTXSID40392234 DTXSID60484049 DTXSID10650333 DTXSID80584818 DTXSID70588345 DTXSID20306314 DTXSID00642146 DTXSID60876066 DTXSID00444965 DTXSID50509235 DTXSID30726443 DTXSID60707341
DTXSID40702713	DTXSID00705664 DTXSID40711249 DTXSID50528623 DTXSID50437584 DTXSID70808616 DTXSID70325651 DTXSID20660362 DTXSID70459546 DTXSID80817239 DTXSID10802714 DTXSID10834934 DTXSID70356581 DTXSID70675345 DTXSID60827513 DTXSID10771512 DTXSID40510597 DTXSID70884657 DTXSID50766987 DTXSID30616532 DTXSID70568465
DTXSID50845665	DTXSID40700032 DTXSID00771182 DTXSID50757779 DTXSID40494565 DTXSID40815115 DTXSID60790435 DTXSID20624161 DTXSID10578240 DTXSID60445433 DTXSID70243806 DTXSID40186074 DTXSID00809813 DTXSID40809372 DTXSID70278193 DTXSID60463011 DTXSID20475751 DTXSID80466281 DTXSID30357014 DTXSID50851009 DTXSID40527741
DTXSID60195567	DTXSID60522652 DTXSID30433403 DTXSID70580985 DTXSID80742835 DTXSID00744871 DTXSID70473565 DTXSID50521457 DTXSID30825445 DTXSID20629777 DTXSID20237477 DTXSID40595667 DTXSID40538872 DTXSID40230768 DTXSID00186792 DTXSID30742724 DTXSID40316117 DTXSID40210247 DTXSID10734208 DTXSID70527118 DTXSID70548101
DTXSID40610021	DTXSID40474029 DTXSID40593340 DTXSID20654903 DTXSID00442062 DTXSID40705360 DTXSID40321226 DTXSID10742247 DTXSID40666846 DTXSID00633796 DTXSID10871440 DTXSID50190021 DTXSID10547456 DTXSID30453484 DTXSID40670408 DTXSID10455027 DTXSID30642134 DTXSID40380277 DTXSID50565977 DTXSID60286045 DTXSID80823330
DTXSID40877455	DTXSID40645631 DTXSID40770336 DTXSID50290696 DTXSID10236696 DTXSID00451851 DTXSID80492984 DTXSID20797748 DTXSID70652439 DTXSID40716512 DTXSID30344606 DTXSID80303985 DTXSID70276876 DTXSID20560777 DTXSID00392376 DTXSID60897135 DTXSID00380238 DTXSID40590071 DTXSID10600631 DTXSID80562893 DTXSID90645585
DTXSID20703682	DTXSID10163594 DTXSID40460846 DTXSID10499269 DTXSID60425230 DTXSID90385974 DTXSID70323197 DTXSID50469906 DTXSID00663275 DTXSID70614431 DTXSID70600798 DTXSID70232093 DTXSID80486404 DTXSID30378148 DTXSID70179717 DTXSID40316117 DTXSID80506439 DTXSID50439841 DTXSID30610111 DTXSID40171485 DTXSID20425296
DTXSID70674131	DTXSID50844436 DTXSID00462285 DTXSID30537475 DTXSID70791175 DTXSID20321380 DTXSID90306129 DTXSID50656218 DTXSID8036653 DTXSID70562589 DTXSID90182288 DTXSID10371591 DTXSID40295857 DTXSID40533943 DTXSID50607326 DTXSID00390958 DTXSID60368299 DTXSID50404332 DTXSID80402341 DTXSID50863142 DTXSID90578445
DTXSID40288729	DTXSID9025403 DTXSID9073628 DTXSID70760740 DTXSID30238455 DTXSID00390094 DTXSID00651859 DTXSID40452140 DTXSID00418545 DTXSID60378691 DTXSID60312575 DTXSID90876933 DTXSID7044764 DTXSID70367112 DTXSID20503528 DTXSID70223906 DTXSID80405872 DTXSID90702268 DTXSID10758666 DTXSID20370858 DTXSID20903968
DTXSID90592080	DTXSID50805163 DTXSID10326566 DTXSID9070612 DTXSID60524616 DTXSID2059275 DTXSID7071024 DTXSID90514803 DTXSID20342651 DTXSID60511748 DTXSID70518021 DTXSID50144802 DTXSID00667394 DTXSID50523537 DTXSID4052051 DTXSID10801303 DTXSID30818211 DTXSID80340113 DTXSID90323992 DTXSID80424583 DTXSID30851865
DTXSID50210571	DTXSID20391366 DTXSID30378406 DTXSID80603790 DTXSID70440333 DTXSID70774685 DTXSID60170258 DTXSID10606431 DTXSID80724191 DTXSID40309307 DTXSID20892085 DTXSID10579757 DTXSID80561785 DTXSID40171566 DTXSID40418766 DTXSID20170390 DTXSID40516559 DTXSID30369516 DTXSID10816412 DTXSID70214475 DTXSID90290453
DTXSID20542199	DTXSID60675359 DTXSID00524776 DTXSID80506515 DTXSID20589302 DTXSID50190364 DTXSID60668963 DTXSID30857029 DTXSID10399659 DTXSID80676828 DTXSID80733122 DTXSID70401020 DTXSID10474339 DTXSID30313695 DTXSID40719260 DTXSID60157009 DTXSID00488824 DTXSID80593541 DTXSID10288170 DTXSID10609765 DTXSID90674537
DTXSID30276372	DTXSID50743394 DTXSID40162656 DTXSID00461576 DTXSID40721429 DTXSID00483556 DTXSID90408410 DTXSID10182063 DTXSID80221599 DTXSID40845078 DTXSID50703690 DTXSID50614151 DTXSID80827696 DTXSID50479863 DTXSID20197946 DTXSID80464787 DTXSID20508230 DTXSID70341755 DTXSID80427877 DTXSID60599107 DTXSID90573197
DTXSID60292449	DTXSID10484514 DTXSID70743614 DTXSID60767021 DTXSID70567079 DTXSID80885534 DTXSID50390706 DTXSID20428464 DTXSID30199370 DTXSID80847197 DTXSID70810274 DTXSID30421648 DTXSID50242539 DTXSID30767634 DTXSID50341016 DTXSID00386154 DTXSID90650230 DTXSID40243196 DTXSID00430025 DTXSID70819621 DTXSID20746397
DTXSID80738773	DTXSID90669564 DTXSID40427616 DTXSID30505119 DTXSID80496604 DTXSID00472607 DTXSID30295169 DTXSID10727791 DTXSID00291259 DTXSID40511640 DTXSID80589606 DTXSID70385795 DTXSID20303686 DTXSID60729604 DTXSID00567946 DTXSID70879689 DTXSID10181056 DTXSID80676848 DTXSID90878937 DTXSID10770409 DTXSID10650979
DTXSID40308693	DTXSID30144305 DTXSID80367921 DTXSID60221411 DTXSID20327009 DTXSID80369627 DTXSID10712889 DTXSID80442686 DTXSID80324357 DTXSID40773983 DTXSID20798412 DTXSID20301783 DTXSID60875877 DTXSID50218416 DTXSID80631275 DTXSID50662359 DTXSID40194558 DTXSID90445805 DTXSID20151705 DTXSID10199636 DTXSID50153176
DTXSID30798923	DTXSID90528945 DTXSID20406242 DTXSID50609340 DTXSID30441386 DTXSID30651120 DTXSID80548536 DTXSID20346871 DTXSID00850007 DTXSID60406004 DTXSID90407180 DTXSID80459037 DTXSID60528538 DTXSID40624744 DTXSID90170084 DTXSID80567565 DTXSID90293828 DTXSID80530991 DTXSID30482754 DTXSID20579662 DTXSID60528215
DTXSID10358741	DTXSID60329183 DTXSID90425465 DTXSID70395213 DTXSID00304090 DTXSID20612902 DTXSID30449367 DTXSID80572896 DTXSID90205022 DTXSID20378677 DTXSID70542023 DTXSID00698901 DTXSID70828773 DTXSID70749156 DTXSID30442510 DTXSID60744317 DTXSID00184258 DTXSID30730641 DTXSID30217503 DTXSID10533430 DTXSID70631668
DTXSID90293828	DTXSID00850007 DTXSID80459037 DTXSID80827797 DTXSID00712999 DTXSID20346871 DTXSID30441386 DTXSID30148065 DTXSID50467164 DTXSID50438652 DTXSID20406242 DTXSID20754952 DTXSID70591172 DTXSID90528945 DTXSID60528538 DTXSID30482754 DTXSID20641217 DTXSID40624744 DTXSID50609340 DTXSID80841231 DTXSID60406004
DTXSID00343121	DTXSID40220346 DTXSID80579724 DTXSID40501107 DTXSID30707813 DTXSID20421218 DTXSID80781800 DTXSID00160890 DTXSID70673129 DTXSID2058122 DTXSID80891978 DTXSID40705946 DTXSID20299055 DTXSID60289112 DTXSID40828008 DTXSID70477760 DTXSID70283000 DTXSID70621488 DTXSID90743631 DTXSID40800687 DTXSID50841546
DTXSID30508463	DTXSID80437496 DTXSID90767918 DTXSID8073637 DTXSID70566345 DTXSID70540044 DTXSID80333909 DTXSID90497925 DTXSID40555726 DTXSID80398735 DTXSID50512320 DTXSID50297620 DTXSID20602303 DTXSID80791444 DTXSID90816713 DTXSID30447181 DTXSID10521453 DTXSID70342469 DTXSID50177630 DTXSID10296917 DTXSID90399273
DTXSID80483211	DTXSID80196490 DTXSID1052585 DTXSID10485607 DTXSID80222480 DTXSID00843479 DTXSID40483212 DTXSID70306869 DTXSID90335116 DTXSID00303785 DTXSID60179645 DTXSID90353214 DTXSID40552058 DTXSID2051978 DTXSID60641211 DTXSID80545565 DTXSID60675172 DTXSID40705805 DTXSID70343335 DTXSID50528608 DTXSID00615431
DTXSID80616800	DTXSID20528397 DTXSID00706792 DTXSID30541572 DTXSID00818667 DTXSID70623987 DTXSID00145324 DTXSID60579661 DTXSID60876900 DTXSID30589575 DTXSID50604052 DTXSID00428720 DTXSID20886929 DTXSID70670577 DTXSID90215565 DTXSID00598513 DTXSID50531652 DTXSID90561074 DTXSID70359411 DTXSID80809139 DTXSID80343765
DTXSID40517344	DTXSID60647298 DTXSID20841538 DTXSID20514831 DTXSID50879561 DTXSID80391302 DTXSID50541579 DTXSID50509235 DTXSID10579015 DTXSID30350808 DTXSID90323199 DTXSID90850894 DTXSID10650333 DTXSID50322764 DTXSID60856924 DTXSID70856511 DTXSID90391712 DTXSID70750944 DTXSID40712115 DTXSID90596028 DTXSID60193508
DTXSID10704628	DTXSID60835597 DTXSID20796933 DTXSID60649297 DTXSID00706676 DTXSID00529488 DTXSID80338510 DTXSID70649586 DTXSID50290732 DTXSID10772044 DTXSID10359354 DTXSID00755240 DTXSID10471782 DTXSID50657063 DTXSID70531250 DTXSID7041966 DTXSID90401769 DTXSID20682347 DTXSID30493143 DTXSID30225522 DTXSID60193886
DTXSID90762483	DTXSID20622086 DTXSID30418917 DTXSID00200205 DTXSID20172415 DTXSID60697394 DTXSID10696599 DTXSID00467412 DTXSID40549529 DTXSID80634847 DTXSID10202078 DTXSID70593398 DTXSID50648810 DTXSID90279182 DTXSID60771643 DTXSID20405593 DTXSID70197592 DTXSID80650360 DTXSID20666384 DTXSID30153356 DTXSID50601344
DTXSID90178843	DTXSID10440059 DTXSID30434511 DTXSID70333716 DTXSID50326560 DTXSID30823264 DTXSID90280854 DTXSID20475594 DTXSID10503451 DTXSID00642424 DTXSID10403129 DTXSID00842240 DTXSID20587863 DTXSID90561074 DTXSID90728665 DTXSID30707191 DTXSID30844257 DTXSID50788008 DTXSID80610828 DTXSID90490996 DTXSID90334321
DTXSID60711589	DTXSID20370858 DTXSID00506597 DTXSID10829421 DTXSID80345481 DTXSID00239257 DTXSID40408768 DTXSID90720684 DTXSID70367112 DTXSID50828574 DTXSID70834470 DTXSID20308494 DTXSID80374337 DTXSID90177215 DTXSID60242525 DTXSID90306821 DTXSID60182518 DTXSID70760740 DTXSID7044764 DTXSID60378691 DTXSID80405872
DTXSID30625664	DTXSID40570439 DTXSID50467003 DTXSID6023315 DTXSID40529149 DTXSID80820804 DTXSID50600110 DTXSID40278640 DTXSID10658632 DTXSID30207525 DTXSID30280515 DTXSID70670057 DTXSID50174189 DTXSID00568731 DTXSID60600484 DTXSID10494052 DTXSID70762047 DTXSID70375095 DTXSID00223095 DTXSID80369627 DTXSID60875877
DTXSID90458399	DTXSID40156419 DTXSID50485202 DTXSID40749587 DTXSID30443108 DTXSID10601885 DTXSID20793508 DTXSID20544931 DTXSID50345559 DTXSID40332150 DTXSID50521331 DTXSID20877630 DTXSID60640047 DTXSID80441533 DTXSID40211870 DTXSID40765540 DTXSID50424015 DTXSID30755233 DTXSID80456728 DTXSID10700029 DTXSID10617880
DTXSID30662913	DTXSID40293717 DTXSID50526447 DTXSID90473567 DTXSID10287204 DTXSID70647749 DTXSID00495098 DTXSID50533277 DTXSID00420845 DTXSID00614161 DTXSID10459065 DTXSID10296831 DTXSID70561315 DTXSID50593492 DTXSID20207695 DTXSID00312019 DTXSID50846839 DTXSID80208966 DTXSID20585788 DTXSID00621850 DTXSID30194385
DTXSID50695324	DTXSID90175716 DTXSID20696449 DTXSID70190700 DTXSID00721127 DTXSID50473725 DTXSID50531132 DTXSID00663573 DTXSID20633955 DTXSID90734408 DTXSID20456863 DTXSID20817016 DTXSID40538579 DTXSID70357679 DTXSID50879349 DTXSID80646728 DTXSID60551149 DTXSID60373409 DTXSID60501705 DTXSID50358169 DTXSID70621620
DTXSID90590243	DTXSID70297602 DTXSID50174083 DTXSID00225771 DTXSID00186636 DTXSID60716493 DTXSID50600332 DTXSID10482636 DTXSID00346738 DTXSID40298348 DTXSID70877089 DTXSID90477409 DTXSID70276634 DTXSID80448244 DTXSID10808953 DTXSID20449876 DTXSID90152446 DTXSID30757070 DTXSID20509883 DTXSID30222273 DTXSID50728005
DTXSID20730135	DTXSID20596874 DTXSID90548663 DTXSID00239257 DTXSID60182518 DTXSID20308494 DTXSID90175897 DTXSID50828574 DTXSID80813559 DTXSID60228324 DTXSID70702281 DTXSID90306821 DTXSID40554138 DTXSID40432846 DTXSID80787403 DTXSID60341123 DTXSID00506597 DTXSID30813044 DTXSID30481989 DTXSID60711589 DTXSID60885395
DTXSID60288928	DTXSID00460600 DTXSID40649518 DTXSID30843725 DTXSID00293152 DTXSID40821059 DTXSID00381442 DTXSID10500445 DTXSID00512653 DTXSID40217079 DTXSID40713748 DTXSID40437235 DTXSID10511778 DTXSID20459172 DTXSID10159977 DTXSID50618790 DTXSID60278708 DTXSID30219385 DTXSID50736766 DTXSID90517016 DTXSID00408603
DTXSID10349912	DTXSID50518761 DTXSID40309645 DTXSID10291689 DTXSID30482714 DTXSID90808375 DTXSID50290232 DTXSID20516850 DTXSID30400852 DTXSID20831939 DTXSID30322782 DTXSID30616294 DTXSID80211632 DTXSID70309653 DTXSID90813707 DTXSID60464760 DTXSID80570276 DTXSID50549550 DTXSID80199264 DTXSID90354903 DTXSID40666346
DTXSID70450412	DTXSID50568069 DTXSID50315974 DTXSID80383500 DTXSID80181205 DTXSID40821519 DTXSID20493516 DTXSID30642477 DTXSID50733937 DTXSID20381166 DTXSID10876016 DTXSID30641809 DTXSID70351511 DTXSID40505180 DTXSID5020942 DTXSID80297118 DTXSID80306315 DTXSID70843961 DTXSID50429247 DTXSID10448358 DTXSID10463849
DTXSID10628991	DTXSID20384071 DTXSID50421524 DTXSID20591980 DTXSID60836468 DTXSID30821164 DTXSID90468857 DTXSID10443964 DTXSID70529475 DTXSID70558604 DTXSID30621282 DTXSID20547043 DTXSID80577280 DTXSID00389746 DTXSID00799866 DTXSID30632272 DTXSID30159237 DTXSID70393496 DTXSID60786151 DTXSID00852122 DTXSID30849888
DTXSID40712115	DTXSID50541579 DTXSID30736769 DTXSID50509235 DTXSID90440991 DTXSID10650333 DTXSID60876066 DTXSID90596028 DTXSID20514831 DTXSID90323199 DTXSID20841538 DTXSID70324361 DTXSID50368647 DTXSID80391302 DTXSID40545687 DTXSID40517344 DTXSID30157793 DTXSID90850894 DTXSID90391712 DTXSID10579015 DTXSID80883717
DTXSID70724044	DTXSID50586107 DTXSID90519474 DTXSID10728667 DTXSID10493989 DTXSID30489046 DTXSID20533542 DTXSID10454318 DTXSID80876523 DTXSID60645870 DTXSID80771185 DTXSID20740911 DTXSID50767873 DTXSID30770906 DTXSID80470161 DTXSID80196374 DTXSID40504491 DTXSID90486990 DTXSID50340165 DTXSID10888816 DTXSID30733071
DTXSID80438847	DTXSID70883463 DTXSID20222383 DTXSID20718317 DTXSID40358815 DTXSID40819113 DTXSID10361215 DTXSID90825769 DTXSID90320648 DTXSID20572759 DTXSID10438850 DTXSID70589594 DTXSID50545799 DTXSID20278062 DTXSID50375432 DTXSID00614904 DTXSID00606703 DTXSID90439183 DTXSID10371152 DTXSID10441061 DTXSID10426979
DTXSID90446892	DTXSID00577964 DTXSID10528548 DTXSID50817943 DTXSID50318526 DTXSID20172071 DTXSID90329454 DTXSID50527358 DTXSID20621973 DTXSID70459480 DTXSID50639889 DTXSID20594678 DTXSID70866998 DTXSID30308349 DTXSID80776034 DTXSID60471398 DTXSID40565486 DTXSID80434203 DTXSID30544962 DTXSID00757749 DTXSID10534841
DTXSID30624394	DTXSID70571636 DTXSID40594852 DTXSID00421579 DTXSID20873935 DTXSID20453190 DTXSID60593084 DTXSID10808392 DTXSID20794818 DTXSID00307723 DTXSID1023233 DTXSID3061683 DTXSID70747839 DTXSID30584969 DTXSID00234328 DTXSID30748145 DTXSID30725678 DTXSID70284875 DTXSID40346691 DTXSID80675912 DTXSID10654715
DTXSID60442705	DTXSID10563075 DTXSID20318497 DTXSID10388588 DTXSID90696739 DTXSID30617640 DTXSID40365761 DTXSID00358154 DTXSID90616912 DTXSID50187390 DTXSID70409389 DTXSID00513140 DTXSID50708403 DTXSID20697239 DTXSID80543420 DTXSID20285195 DTXSID20479512 DTXSID90293308 DTXSID50457540 DTXSID30733677 DTXSID50363339
DTXSID20394216	DTXSID90706488 DTXSID10356469 DTXSID90611407 DTXSID80479391 DTXSID20424567 DTXSID70710927 DTXSID70616516 DTXSID20705661 DTXSID5063605 DTXSID20468163 DTXSID10354268 DTXSID40187203 DTXSID40845694 DTXSID20640467 DTXSID30450099 DTXSID50776243 DTXSID40560350 DTXSID80855090 DTXSID10777554 DTXSID20405275
DTXSID50424015	DTXSID50521331 DTXSID10601885 DTXSID50485202 DTXSID10814993 DTXSID30280398 DTXSID20877630 DTXSID50793056 DTXSID90535912 DTXSID20808909 DTXSID10617880 DTXSID40338899 DTXSID60732693 DTXSID90458399 DTXSID50704849 DTXSID80149663 DTXSID60391663 DTXSID3022168 DTXSID40156419 DTXSID50469729 DTXSID30455463
DTXSID40427616	DTXSID00291259 DTXSID50393757 DTXSID80738773 DTXSID90836193 DTXSID30505119 DTXSID90669564 DTXSID50672276 DTXSID60670389 DTXSID60818360 DTXSID00472607 DTXSID60813496 DTXSID00308639 DTXSID50322446 DTXSID40518199 DTXSID60591924 DTXSID20482662 DTXSID70630050 DTXSID70879689 DTXSID20641257 DTXSID40511640
DTXSID20616804	DTXSID10618094 DTXSID90516105 DTXSID50570960 DTXSID5020942 DTXSID60293931 DTXSID10223829 DTXSID80297118 DTXSID70662836 DTXSID00431456 DTXSID30759337 DTXSID70428934 DTXSID50154325 DTXSID80665479 DTXSID10448358 DTXSID10556543 DTXSID90747351 DTXSID60681556 DTXSID90383879 DTXSID30713434 DTXSID10672419
DTXSID00680563	DTXSID20729766 DTXSID50855981 DTXSID40312593 DTXSID80856466 DTXSID40143824 DTXSID00343944 DTXSID80760539 DTXSID60856883 DTXSID00276783 DTXSID8041323 DTXSID20326638 DTXSID60390974 DTXSID90366162 DTXSID20727989 DTXSID80385004 DTXSID60630226 DTXSID30488256 DTXSID60832561 DTXSID60427855 DTXSID20568637
DTXSID50238654	DTXSID80730651 DTXSID40729122 DTXSID90315231 DTXSID9046865 DTXSID90159298 DTXSID40831017 DTXSID70341891 DTXSID80292143 DTXSID60729604 DTXSID80618041 DTXSID10697122 DTXSID70385795 DTXSID00622867 DTXSID30295169 DTXSID90198723 DTXSID80496604 DTXSID20324255 DTXSID50629068 DTXSID00567946 DTXSID90174022
DTXSID80661133	DTXSID70445949 DTXSID20800029 DTXSID10403669 DTXSID50220892 DTXSID30468391 DTXSID40621910 DTXSID20503104 DTXSID70509853 DTXSID30375137 DTXSID00220160 DTXSID50825200 DTXSID80670260 DTXSID60626947 DTXSID80431818 DTXSID00220882 DTXSID10592880 DTXSID70291387 DTXSID70675103 DTXSID70336101 DTXSID90661048
DTXSID10737693	DTXSID50568807 DTXSID90274879 DTXSID80652167 DTXSID70367879 DTXSID50445684 DTXSID80509162 DTXSID40828184 DTXSID60718134 DTXSID60192935 DTXSID70812839 DTXSID60787224 DTXSID10461224 DTXSID70453488 DTXSID80611193 DTXSID40553949 DTXSID50670136 DTXSID00829036 DTXSID40755587 DTXSID00192393 DTXSID00406482
DTXSID20735842	DTXSID00331427 DTXSID50858831 DTXSID80444544 DTXSID60769626 DTXSID80781542 DTXSID80613657 DTXSID20240441 DTXSID80708456 DTXSID50708483 DTXSID90437669 DTXSID00770211 DTXSID50775251 DTXSID50753675 DTXSID80763020 DTXSID50576301 DTXSID80526096 DTXSID00543068 DTXSID30170922 DTXSID10769772 DTXSID70159913
DTXSID10842978	DTXSID80517949 DTXSID00441171 DTXSID40386395 DTXSID90213687 DTXSID10447669 DTXSID70858070 DTXSID40886941 DTXSID10448414 DTXSID50462639 DTXSID60768518 DTXSID80786658 DTXSID10185514 DTXSID10335956 DTXSID60651118 DTXSID50660638 DTXSID10698513 DTXSID40826463 DTXSID80530991 DTXSID30385655 DTXSID70282538
DTXSID2041202	DTXSID10510241 DTXSID00678763 DTXSID60703727 DTXSID60874628 DTXSID20447413 DTXSID40304615 DTXSID60662507 DTXSID10808413 DTXSID50707895 DTXSID80768373 DTXSID50847088 DTXSID30662498 DTXSID80773745 DTXSID10470659 DTXSID70546066 DTXSID70848835 DTXSID3060667 DTXSID30816550 DTXSID40719149 DTXSID80709549
DTXSID90758447	DTXSID50652477 DTXSID50239186 DTXSID00601051 DTXSID90780425 DTXSID90407807 DTXSID50234378 DTXSID70471960 DTXSID90634898 DTXSID60463576 DTXSID10431745 DTXSID30609742 DTXSID80793680 DTXSID50191093 DTXSID20337704 DTXSID90771570 DTXSID20825196 DTXSID30786582 DTXSID3067231 DTXSID20840329 DTXSID6069826
DTXSID60489296	DTXSID50352682 DTXSID00559528 DTXSID50534365 DTXSID00502857 DTXSID00669237 DTXSID80528671 DTXSID10180923 DTXSID10604336 DTXSID0062139 DTXSID80299652 DTXSID80593521 DTXSID00389105 DTXSID30288293 DTXSID80289396 DTXSID00305805 DTXSID60542759 DTXSID40175741 DTXSID80855090 DTXSID30372484 DTXSID50356468
DTXSID40534975	DTXSID1068807 DTXSID80553504 DTXSID30550028 DTXSID10337657 DTXSID6063226 DTXSID90556268 DTXSID60325842 DTXSID10773617 DTXSID80559561 DTXSID30827146 DTXSID90823245 DTXSID30188729 DTXSID70327857 DTXSID30281663 DTXSID30528282 DTXSID5051311 DTXSID80798099 DTXSID3051541 DTXSID10418177 DTXSID30451107
DTXSID80187787	DTXSID90235405 DTXSID40535245 DTXSID30405488 DTXSID10845207 DTXSID20655394 DTXSID20453352 DTXSID50848459 DTXSID1044932 DTXSID40230809 DTXSID00768471 DTXSID70539892 DTXSID10289445 DTXSID40660980 DTXSID70715619 DTXSID30489420 DTXSID60618928 DTXSID20636340 DTXSID10599536 DTXSID60454621 DTXSID60703924
DTXSID60173926	DTXSID2027967 DTXSID4052005 DTXSID60696701 DTXSID1062546 DTXSID2063765 DTXSID90302606 DTXSID90209025 DTXSID80770815 DTXSID70622612 DTXSID40855490 DTXSID80560258 DTXSID70587777 DTXSID10757336 DTXSID80576899 DTXSID00775887 DTXSID10348283 DTXSID90765171 DTXSID10783438 DTXSID00559144 DTXSID20824306
DTXSID00679770	DTXSID90688538 DTXSID50398949 DTXSID90592505 DTXSID20651159 DTXSID10879320 DTXSID40621798 DTXSID60424460 DTXSID30314804 DTXSID20431438 DTXSID10743592 DTXSID90453389 DTXSID80703825 DTXSID20663414 DTXSID10587796 DTXSID6067549 DTXSID10542860 DTXSID00846581 DTXSID80784755 DTXSID30686896 DTXSID70361650
DTXSID70415420	DTXSID10436811 DTXSID80211218 DTXSID60734410 DTXSID80494605 DTXSID00646467 DTXSID10477784 DTXSID20857497 DTXSID70722227 DTXSID20457279 DTXSID10693482 DTXSID90719730 DTXSID20708778 DTXSID50634238 DTXSID80573166 DTXSID10470013 DTXSID20579162 DTXSID50649802 DTXSID10857249 DTXSID80681992 DTXSID00655630
DTXSID00484583	DTXSID50778606 DTXSID40507649 DTXSID30382886 DTXSID10491920 DTXSID20435658 DTXSID50337419 DTXSID30596401 DTXSID20231591 DTXSID4067771 DTXSID00872860 DTXSID90602815 DTXSID60487010 DTXSID60633570 DTXSID80162392 DTXSID20678220 DTXSID8069565 DTXSID90529871 DTXSID00352677 DTXSID4041236 DTXSID50428912
DTXSID90284579	DTXSID40727163 DTXSID70178265 DTXSID80698888 DTXSID30557991 DTXSID30188123 DTXSID60193826 DTXSID90373013 DTXSID50351332 DTXSID20429673 DTXSID30202090 DTXSID90371170 DTXSID50396228 DTXSID40841515 DTXSID50725615 DTXSID50236892 DTXSID40717226 DTXSID90474094 DTXSID30290992 DTXSID70342328 DTXSID40806821
DTXSID50774446	DTXSID00853295 DTXSID6039685 DTXSID70781576 DTXSID70274817 DTXSID8070417 DTXSID0075027 DTXSID00769261 DTXSID90591033 DTXSID80821492 DTXSID60243779 DTXSID60146670 DTXSID10648912 DTXSID30821189 DTXSID60730634 DTXSID60561925 DTXSID90554224 DTXSID90706463 DTXSID80284205 DTXSID30578202 DTXSID80891978
DTXSID70455785	DTXSID60663554 DTXSID40758639 DTXSID60312318 DTXSID60390974 DTXSID30462975 DTXSID00646467 DTXSID20556857 DTXSID00501648 DTXSID80295533 DTXSID80856466 DTXSID60630226 DTXSID20579162 DTXSID90406890 DTXSID10470013 DTXSID50515836 DTXSID50518509 DTXSID20857497 DTXSID10477784 DTXSID10371632 DTXSID70569452
DTXSID90240731	DTXSID70241241 DTXSID60752952 DTXSID80759781 DTXSID10648492 DTXSID00432064 DTXSID0062896 DTXSID70450674 DTXSID5068237 DTXSID30146203 DTXSID70822857 DTXSID80336930 DTXSID90755850 DTXSID80338050 DTXSID00887737 DTXSID40195666 DTXSID5070602 DTXSID70785392 DTXSID9060780 DTXSID10771451 DTXSID30561457
DTXSID90753492	DTXSID70282316 DTXSID40708639 DTXSID50283649 DTXSID40436167 DTXSID60661651 DTXSID10842453 DTXSID50650554 DTXSID80405837 DTXSID40673171 DTXSID50853169 DTXSID70609605 DTXSID90701110 DTXSID00371429 DTXSID20567600 DTXSID30357635 DTXSID40365680 DTXSID50660254 DTXSID20384137 DTXSID10729396 DTXSID7073771
DTXSID00398232	DTXSID40818848 DTXSID40624108 DTXSID70488179 DTXSID00773323 DTXSID50308568 DTXSID50303811 DTXSID70748205 DTXSID60443191 DTXSID50336265 DTXSID20190891 DTXSID60700392 DTXSID10628037 DTXSID60435793 DTXSID80392899 DTXSID00722634 DTXSID50292099 DTXSID10517078 DTXSID30659560 DTXSID40650629 DTXSID10764141
DTXSID50390706	DTXSID40243196 DTXSID30199370 DTXSID50160981 DTXSID70567079 DTXSID70743614 DTXSID60277534 DTXSID60292449 DTXSID70730145 DTXSID60702573 DTXSID70819621 DTXSID10484514 DTXSID20428464 DTXSID20746397 DTXSID90553131 DTXSID00430025 DTXSID70810274 DTXSID60767021 DTXSID90570287 DTXSID50242539 DTXSID80847197
DTXSID40532698	DTXSID70212037 DTXSID60188272 DTXSID20352578 DTXSID40756958 DTXSID00317504 DTXSID50527333 DTXSID40508272 DTXSID00186176 DTXSID40392471 DTXSID00672827 DTXSID10275540 DTXSID70393719 DTXSID60580712 DTXSID20170794 DTXSID00712313 DTXSID70757958 DTXSID70502965 DTXSID30621282 DTXSID40300233 DTXSID60734738
DTXSID90649664	DTXSID8032675 DTXSID40357808 DTXSID10794382 DTXSID50421261 DTXSID80492621 DTXSID50512103 DTXSID10630771 DTXSID80288586 DTXSID60829451 DTXSID70656250 DTXSID30848593 DTXSID20742031 DTXSID20353681 DTXSID70424719 DTXSID9048194 DTXSID40641996 DTXSID60396471 DTXSID5068233 DTXSID40474524 DTXSID70500269
DTXSID00390094	DTXSID30238455 DTXSID60312575 DTXSID40452140 DTXSID70640290 DTXSID40288729 DTXSID9025403 DTXSID10675349 DTXSID60532832 DTXSID00418545 DTXSID10338109 DTXSID70760740 DTXSID00651859 DTXSID80537122 DTXSID80405872 DTXSID20830144 DTXSID70367112 DTXSID20903968 DTXSID90547999 DTXSID9073628 DTXSID7044764
DTXSID70317677	DTXSID80799980 DTXSID80533624 DTXSID40821998 DTXSID60196817 DTXSID40453516 DTXSID10608990 DTXSID80554975 DTXSID30558746 DTXSID90585831 DTXSID40238805 DTXSID50642050 DTXSID70223906 DTXSID00284505 DTXSID10758666 DTXSID10844876 DTXSID20344438 DTXSID40211577 DTXSID20503528 DTXSID90702268 DTXSID10314701
DTXSID60734213	DTXSID90817745 DTXSID90662833 DTXSID70176266 DTXSID00405117 DTXSID50848994 DTXSID10496814 DTXSID70425569 DTXSID50303033 DTXSID00748874 DTXSID40632283 DTXSID10478690 DTXSID70471445 DTXSID70399418 DTXSID00472203 DTXSID80238243 DTXSID10602135 DTXSID00568670 DTXSID7057787 DTXSID00293935 DTXSID70337219
DTXSID80655491	DTXSID00597940 DTXSID70803782 DTXSID20700217 DTXSID10143558 DTXSID90513997 DTXSID80725643 DTXSID2068137 DTXSID60875736 DTXSID30379473 DTXSID60768134 DTXSID60542496 DTXSID10875923 DTXSID50509992 DTXSID20173629 DTXSID30291308 DTXSID40674724 DTXSID70477482 DTXSID10896335 DTXSID50174189 DTXSID40814724
DTXSID20195063	DTXSID20411452 DTXSID7066148 DTXSID70751310 DTXSID60751309 DTXSID40277350 DTXSID30770365 DTXSID90660430 DTXSID1066239 DTXSID40208523 DTXSID5047114 DTXSID6063511 DTXSID80195044 DTXSID60288589 DTXSID00559144 DTXSID50783437 DTXSID50410539 DTXSID10783438 DTXSID80576899 DTXSID90404730 DTXSID80560258
DTXSID80407033	DTXSID30403904 DTXSID0052330 DTXSID50341258 DTXSID20876587 DTXSID60776895 DTXSID60586193 DTXSID00236589 DTXSID20662927 DTXSID40474807 DTXSID70814070 DTXSID20730675 DTXSID80283036 DTXSID50596322 DTXSID20571666 DTXSID90772360 DTXSID90650396 DTXSID10794029 DTXSID30167256 DTXSID00564713 DTXSID80290523
DTXSID50840074	DTXSID90708543 DTXSID10718306 DTXSID00145566 DTXSID70317233 DTXSID90169897 DTXSID70412616 DTXSID80346397 DTXSID20646944 DTXSID80633850 DTXSID40760656 DTXSID30677421 DTXSID10223061 DTXSID70559595 DTXSID10542067 DTXSID90875986 DTXSID30225941 DTXSID50739176 DTXSID90585659 DTXSID40883091 DTXSID20300817
DTXSID60240667	DTXSID40721964 DTXSID10574121 DTXSID80205258 DTXSID20835432 DTXSID10435480 DTXSID10498196 DTXSID30631669 DTXSID40753881 DTXSID60667653 DTXSID50297443 DTXSID90151732 DTXSID20676403 DTXSID70805963 DTXSID50491904 DTXSID80819470 DTXSID50450490 DTXSID40385343 DTXSID30546628 DTXSID60319089 DTXSID00452641
DTXSID80499110	DTXSID50208059 DTXSID90740544 DTXSID80556898 DTXSID30716364 DTXSID70397272 DTXSID60303226 DTXSID30716324 DTXSID20680742 DTXSID50590749 DTXSID90497425 DTXSID00606980 DTXSID30588240 DTXSID00497850 DTXSID20597765 DTXSID50364467 DTXSID70615761 DTXSID60556013 DTXSID50596246 DTXSID60379527 DTXSID80182510
DTXSID20159423	DTXSID10495721 DTXSID10471666 DTXSID50824718 DTXSID80279919 DTXSID80439197 DTXSID00559149 DTXSID90461989 DTXSID00536894 DTXSID20368295 DTXSID90238315 DTXSID20285377 DTXSID10483385 DTXSID70449649 DTXSID20206103 DTXSID70392484 DTXSID40630906 DTXSID10561854 DTXSID90742528 DTXSID40757309 DTXSID60536810
DTXSID80781542	DTXSID80763020 DTXSID60769626 DTXSID80444544 DTXSID80526096 DTXSID10769772 DTXSID20735842 DTXSID00770211 DTXSID50858831 DTXSID80613657 DTXSID20287831 DTXSID80708456 DTXSID00331427 DTXSID90437669 DTXSID50576301 DTXSID40813393 DTXSID90444555 DTXSID20240441 DTXSID40771787 DTXSID60566011 DTXSID40781063
DTXSID70693504	DTXSID30566720 DTXSID10675228 DTXSID00769266 DTXSID50404296 DTXSID10340247 DTXSID70823187 DTXSID50321838 DTXSID60214121 DTXSID60542052 DTXSID40593183 DTXSID70794227 DTXSID40466085 DTXSID10803483 DTXSID60193361 DTXSID40607633 DTXSID90518543 DTXSID70589756 DTXSID10786282 DTXSID90559057 DTXSID20781223
DTXSID90454396	DTXSID50738205 DTXSID70771053 DTXSID40199366 DTXSID10676997 DTXSID70349170 DTXSID10332006 DTXSID50290212 DTXSID70554040 DTXSID70465081 DTXSID10794963 DTXSID90803582 DTXSID00735784 DTXSID90143531 DTXSID00641295 DTXSID3037549 DTXSID60290586 DTXSID40757268 DTXSID90223180 DTXSID40891611 DTXSID40641294
DTXSID60556013	DTXSID00606980 DTXSID80724015 DTXSID70397272 DTXSID40405636 DTXSID70238095 DTXSID30423703 DTXSID50596246 DTXSID30588240 DTXSID10395035 DTXSID50228318 DTXSID10292499 DTXSID80556898 DTXSID00846581 DTXSID80499110 DTXSID50364467 DTXSID10805306 DTXSID00314654 DTXSID60303226 DTXSID40820466 DTXSID20597765
DTXSID30310881	DTXSID20608365 DTXSID60147440 DTXSID50340180 DTXSID30593490 DTXSID90406390 DTXSID50808376 DTXSID40624587 DTXSID50335096 DTXSID90401300 DTXSID80681634 DTXSID20511764 DTXSID50727078 DTXSID4059253 DTXSID90236053 DTXSID80593384 DTXSID80652703 DTXSID40736614 DTXSID50635109 DTXSID80199027 DTXSID50798788
DTXSID30181735	DTXSID80493395 DTXSID50448771 DTXSID10475568 DTXSID60522556 DTXSID70508063 DTXSID70651442 DTXSID90559138 DTXSID60651597 DTXSID00621052 DTXSID50556143 DTXSID10637523 DTXSID70436918 DTXSID10240733 DTXSID80228265 DTXSID80629657 DTXSID30456915 DTXSID90459442 DTXSID70737336 DTXSID10454999 DTXSID10508168
DTXSID40219053	DTXSID00590274 DTXSID10856792 DTXSID30825102 DTXSID10501255 DTXSID30318408 DTXSID60475331 DTXSID50783619 DTXSID20805392 DTXSID60805391 DTXSID40585765 DTXSID50555191 DTXSID80320551 DTXSID90286270 DTXSID60398475 DTXSID00751005 DTXSID00832722 DTXSID40417916 DTXSID60152170 DTXSID30597130 DTXSID40471876
DTXSID50623344	DTXSID20626029 DTXSID80323406 DTXSID40545147 DTXSID30693106 DTXSID10875943 DTXSID00739525 DTXSID90383692 DTXSID00742973 DTXSID80420702 DTXSID60302395 DTXSID60400325 DTXSID20876507 DTXSID80428662 DTXSID20274988 DTXSID00722331 DTXSID20318558 DTXSID20193125 DTXSID70419125 DTXSID70585778 DTXSID20366150
DTXSID00308639	DTXSID60813496 DTXSID20482662 DTXSID70630050 DTXSID60670389 DTXSID50322446 DTXSID50393757 DTXSID50164641 DTXSID50672276 DTXSID90836193 DTXSID00836164 DTXSID60591924 DTXSID1042281 DTXSID20603719 DTXSID00291259 DTXSID50709672 DTXSID50305239 DTXSID60818360 DTXSID90360625 DTXSID40427616 DTXSID20349685
DTXSID50404433	DTXSID70526828 DTXSID70630333 DTXSID00145708 DTXSID30617968 DTXSID30323890 DTXSID50551916 DTXSID00589805 DTXSID40465871 DTXSID50527373 DTXSID30504920 DTXSID70507379 DTXSID80278381 DTXSID60599086 DTXSID40784357 DTXSID20524016 DTXSID00531041 DTXSID50379475 DTXSID90826519 DTXSID50315232 DTXSID80768257
DTXSID30468391	DTXSID50220892 DTXSID60626947 DTXSID40621910 DTXSID70445949 DTXSID10403669 DTXSID20503104 DTXSID80661133 DTXSID80431818 DTXSID30375137 DTXSID70509853 DTXSID90591699 DTXSID50825200 DTXSID00220882 DTXSID20800029 DTXSID80281698 DTXSID10519178 DTXSID10592880 DTXSID80670260 DTXSID70675103 DTXSID00711265
DTXSID90532289	DTXSID90504401 DTXSID70427821 DTXSID10876293 DTXSID90150427 DTXSID00505101 DTXSID20737386 DTXSID40874106 DTXSID40797841 DTXSID30433105 DTXSID70189210 DTXSID90791516 DTXSID00628521 DTXSID30739694 DTXSID60836802 DTXSID80195726 DTXSID50415004 DTXSID10633444 DTXSID60829754 DTXSID00407338 DTXSID70723456
DTXSID00816986	DTXSID60240440 DTXSID50783538 DTXSID60659735 DTXSID30809604 DTXSID70799737 DTXSID70453201 DTXSID50198300 DTXSID50632714 DTXSID50175070 DTXSID20432905 DTXSID60658541 DTXSID00786099 DTXSID70724408 DTXSID40187066 DTXSID20624146 DTXSID60468920 DTXSID30538700 DTXSID90560906 DTXSID60884823 DTXSID40815736
DTXSID30415688	DTXSID00216765 DTXSID90349995 DTXSID70794808 DTXSID40659632 DTXSID2023222 DTXSID60231434 DTXSID80384411 DTXSID90342643 DTXSID00896142 DTXSID30445344 DTXSID90834472 DTXSID60602903 DTXSID60502116 DTXSID40434921 DTXSID90774940 DTXSID60297232 DTXSID90535053 DTXSID30389390 DTXSID30202378 DTXSID50395377
DTXSID30444615	DTXSID30837361 DTXSID90829020 DTXSID90616912 DTXSID90667540 DTXSID80543420 DTXSID80876684 DTXSID50187390 DTXSID20318497 DTXSID10563075 DTXSID60577829 DTXSID50457540 DTXSID00587664 DTXSID20479512 DTXSID30589813 DTXSID90456951 DTXSID1063691 DTXSID40661119 DTXSID50847765 DTXSID60402369 DTXSID40845735
DTXSID80694683	DTXSID40675519 DTXSID80726812 DTXSID20301864 DTXSID90515835 DTXSID40165465 DTXSID40344319 DTXSID50478391 DTXSID20545827 DTXSID20342757 DTXSID70302644 DTXSID60832561 DTXSID40663355 DTXSID60672065 DTXSID80725148 DTXSID80810740 DTXSID00725569 DTXSID50610734 DTXSID30180309 DTXSID60632568 DTXSID60630226
DTXSID90639247	DTXSID70511451 DTXSID00819932 DTXSID50600953 DTXSID90850495 DTXSID30782327 DTXSID80470161 DTXSID90783810 DTXSID00588454 DTXSID20482041 DTXSID90211683 DTXSID10516460 DTXSID60343788 DTXSID20656109 DTXSID80696420 DTXSID60337061 DTXSID40459098 DTXSID70466078 DTXSID10803882 DTXSID70876537 DTXSID90642514
DTXSID60344770	DTXSID70521479 DTXSID10448353 DTXSID30757656 DTXSID5060726 DTXSID80771069 DTXSID10527511 DTXSID00345867 DTXSID00340756 DTXSID90199053 DTXSID40790857 DTXSID00561282 DTXSID20565449 DTXSID50627443 DTXSID50492532 DTXSID3027116 DTXSID00652785 DTXSID60545649 DTXSID80670184 DTXSID10241220 DTXSID60460489
DTXSID00876742	DTXSID10307496 DTXSID5068158 DTXSID00363884 DTXSID40845735 DTXSID10211680 DTXSID00302733 DTXSID60425199 DTXSID70739012 DTXSID30385110 DTXSID70589837 DTXSID70341018 DTXSID70403246 DTXSID90549170 DTXSID10650378 DTXSID70353237 DTXSID00541362 DTXSID10733776 DTXSID60222746 DTXSID60473099 DTXSID80695776
DTXSID40601636	DTXSID1040247 DTXSID70399014 DTXSID80275835 DTXSID80437850 DTXSID40194710 DTXSID20837451 DTXSID50404352 DTXSID50552443 DTXSID60388215 DTXSID0046513 DTXSID60478428 DTXSID20752115 DTXSID80814501 DTXSID80331586 DTXSID80766536 DTXSID1068300 DTXSID1070856 DTXSID50718047 DTXSID20806607 DTXSID80601635
DTXSID10521453	DTXSID60174953 DTXSID50296032 DTXSID70540044 DTXSID9058941 DTXSID00827012 DTXSID70832254 DTXSID90767918 DTXSID50150201 DTXSID30388904 DTXSID30447181 DTXSID10405885 DTXSID40720078 DTXSID80775204 DTXSID1052664 DTXSID80791444 DTXSID00406003 DTXSID90497925 DTXSID00667490 DTXSID60287734 DTXSID10698513
DTXSID70562488	DTXSID00787167 DTXSID70762224 DTXSID00290247 DTXSID00170095 DTXSID70532929 DTXSID90778665 DTXSID90275088 DTXSID00442688 DTXSID70799712 DTXSID70286738 DTXSID50816158 DTXSID10531254 DTXSID30451647 DTXSID40181084 DTXSID10640512 DTXSID00298647 DTXSID90470157 DTXSID90816713 DTXSID00621330 DTXSID20602303
DTXSID40299936	DTXSID90412517 DTXSID40214245 DTXSID20673937 DTXSID60645335 DTXSID70736667 DTXSID50367973 DTXSID50736766 DTXSID20493056 DTXSID00366613 DTXSID80499392 DTXSID1073367 DTXSID10150984 DTXSID20289310 DTXSID90635143 DTXSID90517016 DTXSID90674456 DTXSID00293152 DTXSID30219385 DTXSID40585765 DTXSID00620621
DTXSID10163594	DTXSID20703682 DTXSID40460846 DTXSID70614431 DTXSID60425230 DTXSID50469906 DTXSID10499269 DTXSID40316117 DTXSID70179717 DTXSID80506439 DTXSID70232093 DTXSID70323197 DTXSID90385974 DTXSID70527118 DTXSID70526065 DTXSID20629777 DTXSID80305424 DTXSID20425296 DTXSID80452503 DTXSID30378148 DTXSID30282615
DTXSID80517949	DTXSID00441171 DTXSID10842978 DTXSID70858070 DTXSID10448414 DTXSID40886941 DTXSID50462639 DTXSID90213687 DTXSID40386395 DTXSID10185514 DTXSID40826463 DTXSID80786658 DTXSID10447669 DTXSID20615493 DTXSID30336703 DTXSID70342626 DTXSID60651118 DTXSID00781261 DTXSID40398079 DTXSID90336082 DTXSID60768518
DTXSID40388536	DTXSID80339067 DTXSID00398671 DTXSID40289039 DTXSID20443399 DTXSID00560977 DTXSID10848359 DTXSID40775609 DTXSID00734893 DTXSID00331164 DTXSID30663066 DTXSID30213626 DTXSID10402339 DTXSID30332528 DTXSID70390667 DTXSID30392965 DTXSID10364529 DTXSID50315570 DTXSID90877304 DTXSID70444013 DTXSID50640314
DTXSID90226358	DTXSID00733169 DTXSID4062646 DTXSID90602815 DTXSID90358481 DTXSID00352677 DTXSID00385925 DTXSID60633570 DTXSID70346129 DTXSID70509131 DTXSID30382886 DTXSID10421101 DTXSID00538116 DTXSID00872860 DTXSID70651442 DTXSID40396010 DTXSID10883785 DTXSID50778606 DTXSID60487010 DTXSID00484583 DTXSID40801856
DTXSID20857497	DTXSID10477784 DTXSID20457279 DTXSID00646467 DTXSID20579162 DTXSID40499454 DTXSID10470013 DTXSID80681992 DTXSID50515836 DTXSID50726783 DTXSID70415420 DTXSID80211218 DTXSID10436811 DTXSID00501648 DTXSID70455785 DTXSID10371632 DTXSID10693482 DTXSID80598016 DTXSID20708778 DTXSID80733763 DTXSID60734410
DTXSID50873509	DTXSID80303223 DTXSID20180474 DTXSID40857631 DTXSID90748782 DTXSID60835436 DTXSID90494676 DTXSID50403123 DTXSID90705153 DTXSID50695420 DTXSID20827933 DTXSID70657121 DTXSID90375138 DTXSID40360872 DTXSID70452133 DTXSID40538579 DTXSID90626950 DTXSID50697161 DTXSID30542746 DTXSID60373409 DTXSID30780308
DTXSID80760438	DTXSID70787851 DTXSID90388102 DTXSID60707962 DTXSID00484361 DTXSID10190906 DTXSID50616039 DTXSID70314868 DTXSID00342699 DTXSID10790682 DTXSID50361274 DTXSID90466833 DTXSID90478239 DTXSID80582970 DTXSID00565861 DTXSID00521083 DTXSID10640052 DTXSID30218555 DTXSID40180239 DTXSID70394983 DTXSID20401419
DTXSID10850376	DTXSID80588290 DTXSID60809374 DTXSID70425867 DTXSID30589373 DTXSID20424284 DTXSID90755017 DTXSID00317766 DTXSID30729499 DTXSID30675508 DTXSID40596295 DTXSID50196028 DTXSID80608826 DTXSID60462105 DTXSID10642415 DTXSID80620169 DTXSID20660908 DTXSID50495023 DTXSID00487933 DTXSID40707006 DTXSID60694580
DTXSID00596397	DTXSID30276034 DTXSID00575607 DTXSID50814391 DTXSID20733227 DTXSID70592149 DTXSID0070784 DTXSID40677331 DTXSID00649599 DTXSID80323547 DTXSID30392389 DTXSID70717870 DTXSID60701965 DTXSID90328740 DTXSID60159780 DTXSID30235823 DTXSID4072813 DTXSID50226339 DTXSID10829820 DTXSID10649883 DTXSID90778569
DTXSID10607544	DTXSID20462722 DTXSID10722665 DTXSID80820329 DTXSID00303649 DTXSID10601360 DTXSID70282356 DTXSID80143040 DTXSID80774196 DTXSID40717822 DTXSID50569319 DTXSID10292035 DTXSID0069915 DTXSID80801294 DTXSID00721268 DTXSID80771766 DTXSID00196518 DTXSID50496818 DTXSID80365907 DTXSID30474098 DTXSID00390236
DTXSID90456395	DTXSID80638709 DTXSID60744135 DTXSID60343642 DTXSID70424198 DTXSID10466719 DTXSID50163578 DTXSID10466890 DTXSID30857448 DTXSID30344343 DTXSID00370831 DTXSID90827869 DTXSID10778026 DTXSID70372307 DTXSID4040343 DTXSID40165147 DTXSID90807803 DTXSID60347781 DTXSID20849776 DTXSID40844263 DTXSID20372110
DTXSID0044153	DTXSID30201402 DTXSID50220236 DTXSID20476203 DTXSID70886030 DTXSID90527776 DTXSID20518379 DTXSID80407876 DTXSID00550732 DTXSID40851134 DTXSID2022127 DTXSID60600126 DTXSID00223994 DTXSID2052447 DTXSID70286738 DTXSID50729234 DTXSID20776098 DTXSID40195489 DTXSID30794804 DTXSID9044164 DTXSID8022169
DTXSID20535622	DTXSID40773347 DTXSID40802964 DTXSID00819290 DTXSID50880672 DTXSID80783304 DTXSID40455499 DTXSID90782323 DTXSID90306669 DTXSID90286816 DTXSID00794972 DTXSID30306668 DTXSID50832151 DTXSID10771234 DTXSID60813436 DTXSID90171536 DTXSID90283522 DTXSID40838642 DTXSID00625252 DTXSID10488239 DTXSID10462332
DTXSID30442510	DTXSID50742468 DTXSID70143155 DTXSID60744317 DTXSID00849057 DTXSID70395213 DTXSID60329183 DTXSID90715717 DTXSID40700158 DTXSID80142856 DTXSID80867496 DTXSID20612902 DTXSID20378677 DTXSID70828773 DTXSID90447349 DTXSID90425465 DTXSID00304090 DTXSID00458764 DTXSID30449367 DTXSID90205022 DTXSID10516208
DTXSID90780066	DTXSID70826658 DTXSID30505255 DTXSID80664785 DTXSID50312665 DTXSID70495707 DTXSID30708643 DTXSID20401419 DTXSID40406567 DTXSID70494230 DTXSID10528381 DTXSID70705772 DTXSID70394983 DTXSID90646759 DTXSID80822181 DTXSID10790682 DTXSID60574717 DTXSID90548921 DTXSID10366846 DTXSID50616039 DTXSID40608761
DTXSID50555191	DTXSID40417916 DTXSID90286270 DTXSID60475331 DTXSID10501255 DTXSID00163427 DTXSID60398475 DTXSID30795831 DTXSID30597130 DTXSID70645644 DTXSID00534350 DTXSID10856792 DTXSID70813563 DTXSID30660313 DTXSID80850904 DTXSID40715661 DTXSID50302465 DTXSID00190516 DTXSID10276198 DTXSID90345331 DTXSID00590274
DTXSID80567565	DTXSID00726213 DTXSID50660638 DTXSID30651120 DTXSID80347102 DTXSID90407180 DTXSID60768518 DTXSID50196164 DTXSID80530991 DTXSID40624744 DTXSID60528215 DTXSID70345692 DTXSID90528945 DTXSID20579748 DTXSID60570299 DTXSID70801288 DTXSID00773606 DTXSID50734888 DTXSID50340887 DTXSID20579662 DTXSID80651337
DTXSID20700217	DTXSID2068137 DTXSID60875736 DTXSID00597940 DTXSID80655491 DTXSID90513997 DTXSID60542496 DTXSID30291308 DTXSID70803782 DTXSID10143558 DTXSID20173629 DTXSID60768134 DTXSID80725643 DTXSID50509992 DTXSID10875923 DTXSID30379473 DTXSID40674724 DTXSID70477482 DTXSID50174189 DTXSID90178202 DTXSID00537482
DTXSID90545091	DTXSID40640242 DTXSID70342469 DTXSID90170084 DTXSID80548536 DTXSID60528538 DTXSID00827012 DTXSID50609340 DTXSID40159763 DTXSID90497925 DTXSID30482754 DTXSID90557492 DTXSID30441386 DTXSID10236494 DTXSID40204681 DTXSID20406242 DTXSID30798923 DTXSID5062425 DTXSID30447181 DTXSID70591172 DTXSID60174953
DTXSID30424634	DTXSID20808020 DTXSID00406523 DTXSID30332528 DTXSID8068171 DTXSID50640314 DTXSID40775609 DTXSID70537510 DTXSID10378500 DTXSID50328963 DTXSID70305776 DTXSID90237247 DTXSID30213626 DTXSID50783876 DTXSID90284832 DTXSID80561528 DTXSID90877304 DTXSID50813501 DTXSID00720110 DTXSID00331164 DTXSID00442784
DTXSID90517319	DTXSID70344842 DTXSID70479325 DTXSID00565760 DTXSID60883917 DTXSID30617185 DTXSID70549451 DTXSID30306668 DTXSID30769214 DTXSID10488239 DTXSID90567874 DTXSID40440067 DTXSID60340732 DTXSID90306669 DTXSID00762792 DTXSID80496346 DTXSID20567408 DTXSID30600895 DTXSID90782323 DTXSID80436883 DTXSID10399917
DTXSID90577938	DTXSID40522559 DTXSID70434151 DTXSID10201521 DTXSID80537122 DTXSID00559245 DTXSID70711419 DTXSID80324271 DTXSID70602636 DTXSID30304306 DTXSID10338109 DTXSID40191426 DTXSID20797743 DTXSID00473578 DTXSID60532832 DTXSID90547999 DTXSID20891139 DTXSID50306004 DTXSID60312575 DTXSID70640290 DTXSID80174834
DTXSID80526096	DTXSID10769772 DTXSID80763020 DTXSID80781542 DTXSID00770211 DTXSID60769626 DTXSID40771787 DTXSID80444544 DTXSID40781063 DTXSID90444555 DTXSID50858831 DTXSID90772825 DTXSID10418177 DTXSID90638174 DTXSID40813393 DTXSID90773276 DTXSID20735842 DTXSID60850189 DTXSID90437669 DTXSID80708456 DTXSID80798099
DTXSID40545728	DTXSID60675071 DTXSID90307398 DTXSID20298200 DTXSID10375655 DTXSID50727174 DTXSID80712533 DTXSID80453838 DTXSID10713593 DTXSID20671716 DTXSID20206103 DTXSID00729865 DTXSID50496494 DTXSID90700087 DTXSID70599118 DTXSID60458280 DTXSID50630952 DTXSID80706492 DTXSID90651202 DTXSID50464411 DTXSID30532662
DTXSID10743870	DTXSID40181286 DTXSID50381154 DTXSID20680621 DTXSID30170023 DTXSID50420133 DTXSID80180798 DTXSID20776795 DTXSID00503940 DTXSID10352183 DTXSID30855843 DTXSID10309233 DTXSID60532291 DTXSID50623586 DTXSID90200198 DTXSID20879593 DTXSID40454922 DTXSID10708141 DTXSID70584923 DTXSID40230026 DTXSID10572526
DTXSID20428787	DTXSID60728172 DTXSID00364871 DTXSID90629724 DTXSID20656467 DTXSID90782383 DTXSID10211645 DTXSID20857598 DTXSID90709196 DTXSID90361339 DTXSID90826519 DTXSID70283828 DTXSID00567820 DTXSID20524016 DTXSID10599536 DTXSID60508234 DTXSID00531041 DTXSID30290316 DTXSID20183001 DTXSID20631173 DTXSID40620145
DTXSID50793056	DTXSID30280398 DTXSID50469729 DTXSID20877630 DTXSID50521331 DTXSID10814993 DTXSID3022168 DTXSID50424015 DTXSID50234914 DTXSID80149663 DTXSID80676944 DTXSID60192233 DTXSID10640895 DTXSID40796495 DTXSID50201202 DTXSID80456728 DTXSID50485202 DTXSID50563231 DTXSID50855769 DTXSID10601885 DTXSID4066414
DTXSID80531281	DTXSID60303887 DTXSID30402255 DTXSID90449848 DTXSID70203329 DTXSID70825323 DTXSID70545211 DTXSID8060537 DTXSID40633255 DTXSID00560311 DTXSID60738433 DTXSID40532956 DTXSID80615999 DTXSID10468334 DTXSID60183020 DTXSID50224219 DTXSID10825483 DTXSID90825320 DTXSID50786221 DTXSID00542970 DTXSID20813437
DTXSID30743498	DTXSID20645255 DTXSID30167650 DTXSID10517912 DTXSID20793821 DTXSID90731356 DTXSID50400490 DTXSID40743606 DTXSID30717210 DTXSID60734490 DTXSID10303695 DTXSID00876287 DTXSID7070769 DTXSID30741914 DTXSID60327023 DTXSID90598229 DTXSID30226478 DTXSID30664371 DTXSID00822163 DTXSID70373576 DTXSID70469908
DTXSID70669921	DTXSID40210747 DTXSID00276107 DTXSID00236246 DTXSID70399812 DTXSID40880989 DTXSID60282305 DTXSID10677181 DTXSID80211511 DTXSID70317990 DTXSID40193041 DTXSID80237610 DTXSID60710279 DTXSID80752378 DTXSID60635099 DTXSID2070421 DTXSID30158189 DTXSID80773922 DTXSID40867432 DTXSID70395056 DTXSID30694012
DTXSID50165017	DTXSID60394275 DTXSID40515688 DTXSID60325847 DTXSID00391501 DTXSID70693842 DTXSID80162953 DTXSID90631125 DTXSID10668655 DTXSID40680007 DTXSID20352715 DTXSID30559379 DTXSID10618958 DTXSID30663980 DTXSID80657117 DTXSID30627002 DTXSID20739320 DTXSID90669140 DTXSID20576136 DTXSID80701725 DTXSID90676839
DTXSID20351581	DTXSID90492910 DTXSID40701589 DTXSID10594844 DTXSID00524615 DTXSID00781766 DTXSID30471305 DTXSID10307355 DTXSID40722613 DTXSID60738998 DTXSID60754572 DTXSID10776421 DTXSID30285782 DTXSID50286514 DTXSID60752593 DTXSID70641227 DTXSID80715221 DTXSID70580809 DTXSID20663055 DTXSID20580571 DTXSID0075106
DTXSID30348402	DTXSID80785585 DTXSID10310521 DTXSID00896208 DTXSID70615549 DTXSID10896335 DTXSID30564701 DTXSID20883357 DTXSID60542496 DTXSID20173629 DTXSID00537482 DTXSID10143558 DTXSID90513997 DTXSID2068137 DTXSID60320519 DTXSID20700217 DTXSID90178202 DTXSID30379473 DTXSID80655491 DTXSID30291308 DTXSID60875736
DTXSID30501474	DTXSID80337720 DTXSID30471749 DTXSID30583038 DTXSID60612921 DTXSID40328396 DTXSID80810068 DTXSID70484651 DTXSID60621912 DTXSID90596508 DTXSID60616843 DTXSID90771979 DTXSID20886101 DTXSID30583371 DTXSID90330247 DTXSID70480092 DTXSID60318532 DTXSID70471682 DTXSID70602333 DTXSID90300667 DTXSID20389647
DTXSID00390236	DTXSID30474098 DTXSID70282356 DTXSID00196518 DTXSID10292035 DTXSID50569319 DTXSID40633972 DTXSID50304449 DTXSID90370522 DTXSID00508096 DTXSID70645684 DTXSID30704488 DTXSID40280980 DTXSID00522398 DTXSID10601360 DTXSID80771766 DTXSID80851239 DTXSID60354011 DTXSID10607544 DTXSID60837258 DTXSID40696461
DTXSID10565357	DTXSID80817057 DTXSID40598698 DTXSID50230830 DTXSID00625732 DTXSID90614711 DTXSID70513152 DTXSID40325007 DTXSID70618434 DTXSID80523868 DTXSID30175038 DTXSID60443631 DTXSID40319825 DTXSID20473212 DTXSID9041445 DTXSID20840849 DTXSID80351628 DTXSID30653301 DTXSID90640813 DTXSID80151549 DTXSID00472844
DTXSID70729352	DTXSID60696529 DTXSID80441730 DTXSID30889784 DTXSID80536276 DTXSID30225724 DTXSID70652636 DTXSID40633614 DTXSID50879602 DTXSID90664317 DTXSID00312413 DTXSID70388408 DTXSID00449339 DTXSID20879154 DTXSID50454276 DTXSID50481325 DTXSID30160883 DTXSID20427937 DTXSID50594348 DTXSID50179311 DTXSID70544562
DTXSID70157217	DTXSID10291624 DTXSID20603350 DTXSID50664656 DTXSID40176334 DTXSID90697367 DTXSID10154821 DTXSID90892294 DTXSID8024365 DTXSID00440381 DTXSID90408475 DTXSID00308578 DTXSID00359060 DTXSID80320612 DTXSID40177548 DTXSID80737281 DTXSID60715926 DTXSID10394881 DTXSID20579541 DTXSID50350724 DTXSID10617749
DTXSID40452221	DTXSID40625933 DTXSID20681991 DTXSID50843904 DTXSID20589443 DTXSID30571112 DTXSID10640133 DTXSID90473163 DTXSID3042180 DTXSID10446950 DTXSID90856710 DTXSID20676923 DTXSID30291383 DTXSID40646289 DTXSID70855387 DTXSID10238817 DTXSID20680929 DTXSID90332584 DTXSID00727285 DTXSID60722973 DTXSID00725569
DTXSID80653437	DTXSID10385012 DTXSID00663412 DTXSID20545105 DTXSID90666452 DTXSID10659285 DTXSID00309808 DTXSID50675065 DTXSID00822163 DTXSID00587649 DTXSID40169908 DTXSID60353524 DTXSID60897039 DTXSID50893606 DTXSID90598229 DTXSID40820466 DTXSID30708168 DTXSID20815799 DTXSID80703825 DTXSID10805306 DTXSID50427167
DTXSID20318553	DTXSID70554161 DTXSID10815440 DTXSID90670418 DTXSID80364511 DTXSID70646373 DTXSID00446065 DTXSID50369997 DTXSID60459171 DTXSID00635871 DTXSID80556555 DTXSID80158139 DTXSID50333673 DTXSID90437447 DTXSID50190425 DTXSID70440979 DTXSID30375718 DTXSID80404820 DTXSID50211245 DTXSID50814573 DTXSID00349547
DTXSID70502400	DTXSID4059540 DTXSID80399161 DTXSID50858836 DTXSID10864690 DTXSID00203059 DTXSID20675239 DTXSID80733465 DTXSID50703291 DTXSID60499097 DTXSID90445022 DTXSID10647309 DTXSID70743932 DTXSID50423907 DTXSID30839224 DTXSID10145133 DTXSID20642042 DTXSID30815008 DTXSID80756533 DTXSID4041232 DTXSID60887995
DTXSID30287620	DTXSID50833688 DTXSID10364382 DTXSID70461260 DTXSID90396883 DTXSID90586161 DTXSID80604707 DTXSID90147751 DTXSID30378360 DTXSID30553130 DTXSID60365844 DTXSID80572891 DTXSID30452775 DTXSID10726820 DTXSID00650544 DTXSID60284824 DTXSID70203107 DTXSID90185572 DTXSID30541491 DTXSID10876516 DTXSID70831702
DTXSID80845794	DTXSID50240651 DTXSID80416549 DTXSID9074642 DTXSID50729870 DTXSID60760855 DTXSID50180326 DTXSID70325696 DTXSID20317288 DTXSID20821077 DTXSID80812845 DTXSID00846006 DTXSID30506146 DTXSID10756167 DTXSID90668471 DTXSID20327024 DTXSID80326134 DTXSID80681634 DTXSID60559382 DTXSID90706903 DTXSID90672497
DTXSID20318558	DTXSID20366150 DTXSID70585778 DTXSID80323562 DTXSID70181390 DTXSID90585376 DTXSID40797886 DTXSID60302395 DTXSID40545147 DTXSID30873582 DTXSID40233512 DTXSID8059007 DTXSID40433691 DTXSID70419125 DTXSID10367292 DTXSID90429206 DTXSID50623344 DTXSID10797277 DTXSID50520142 DTXSID00555646 DTXSID00702794
DTXSID60588132	DTXSID50636555 DTXSID30162665 DTXSID00151728 DTXSID30605128 DTXSID00766437 DTXSID30686896 DTXSID30462596 DTXSID50354060 DTXSID00186358 DTXSID80766172 DTXSID50778944 DTXSID80496402 DTXSID30563335 DTXSID10875781 DTXSID80407659 DTXSID20431438 DTXSID40354256 DTXSID00407818 DTXSID00344214 DTXSID70850630
DTXSID40801856	DTXSID00743021 DTXSID10883785 DTXSID60843899 DTXSID80635894 DTXSID10174882 DTXSID60447573 DTXSID40824580 DTXSID90358481 DTXSID4062646 DTXSID00538116 DTXSID70509131 DTXSID10538021 DTXSID90824994 DTXSID50343292 DTXSID50425022 DTXSID90226358 DTXSID00848106 DTXSID40396010 DTXSID50562800 DTXSID30791772
DTXSID40659692	DTXSID40451698 DTXSID70693201 DTXSID50404554 DTXSID20378692 DTXSID20449336 DTXSID00574332 DTXSID20679136 DTXSID60657039 DTXSID30818579 DTXSID10280659 DTXSID40607855 DTXSID90306129 DTXSID90802010 DTXSID50841309 DTXSID80557042 DTXSID90598188 DTXSID40490688 DTXSID90616634 DTXSID10565094 DTXSID90527650
DTXSID00720635	DTXSID80686346 DTXSID10454010 DTXSID60641014 DTXSID30855949 DTXSID8024787 DTXSID30306426 DTXSID20361488 DTXSID10672237 DTXSID80733804 DTXSID10749579 DTXSID30789876 DTXSID50604173 DTXSID10340949 DTXSID20192491 DTXSID00625858 DTXSID30490596 DTXSID50596746 DTXSID30218010 DTXSID00513983 DTXSID80373744
DTXSID90274879	DTXSID50568807 DTXSID10737693 DTXSID60192935 DTXSID40553949 DTXSID70367879 DTXSID80509162 DTXSID70593232 DTXSID50445684 DTXSID40828184 DTXSID00406482 DTXSID80652167 DTXSID60718134 DTXSID80780196 DTXSID10794125 DTXSID40755587 DTXSID30510687 DTXSID60787224 DTXSID60497038 DTXSID40322470 DTXSID40480100
DTXSID60883917	DTXSID70549451 DTXSID80436883 DTXSID70479325 DTXSID30600895 DTXSID70344842 DTXSID90517319 DTXSID00565760 DTXSID20383463 DTXSID80578333 DTXSID30769214 DTXSID70505077 DTXSID00375386 DTXSID10805644 DTXSID40775720 DTXSID20567408 DTXSID40440067 DTXSID80585729 DTXSID80496346 DTXSID60319948 DTXSID60340732
DTXSID80451172	DTXSID50368041 DTXSID00429272 DTXSID10879688 DTXSID10289940 DTXSID00598078 DTXSID70197592 DTXSID00218749 DTXSID30153356 DTXSID90218415 DTXSID60664208 DTXSID50601344 DTXSID90279182 DTXSID60696105 DTXSID30679061 DTXSID30668930 DTXSID10377159 DTXSID60771643 DTXSID90478072 DTXSID90618678 DTXSID20286440
DTXSID10633489	DTXSID40756655 DTXSID10561314 DTXSID40192433 DTXSID00727482 DTXSID90379515 DTXSID10221340 DTXSID20673533 DTXSID30634539 DTXSID10845828 DTXSID60437131 DTXSID80209251 DTXSID60560913 DTXSID30398023 DTXSID50287864 DTXSID00844643 DTXSID70768463 DTXSID70567352 DTXSID20599643 DTXSID10539896 DTXSID90171839
DTXSID30363675	DTXSID10365950 DTXSID80178953 DTXSID50369735 DTXSID30782468 DTXSID50722189 DTXSID10646473 DTXSID10475068 DTXSID60214045 DTXSID20646505 DTXSID90694856 DTXSID10682417 DTXSID90618092 DTXSID80724732 DTXSID20708778 DTXSID30478859 DTXSID10693482 DTXSID80573166 DTXSID10469624 DTXSID80681992 DTXSID20415399
DTXSID60284925	DTXSID20754836 DTXSID70300064 DTXSID10342286 DTXSID40513644 DTXSID80613172 DTXSID60305467 DTXSID90444156 DTXSID90434618 DTXSID50565290 DTXSID90597717 DTXSID60545866 DTXSID70326042 DTXSID80613192 DTXSID60164793 DTXSID10827381 DTXSID40214669 DTXSID70392328 DTXSID50214857 DTXSID90584703 DTXSID80292163
DTXSID70283207	DTXSID40279359 DTXSID80675154 DTXSID50186702 DTXSID70736561 DTXSID70672475 DTXSID80679632 DTXSID10219323 DTXSID80195726 DTXSID30389739 DTXSID30645342 DTXSID70723456 DTXSID70607621 DTXSID70427821 DTXSID80664260 DTXSID80451430 DTXSID60897211 DTXSID10174761 DTXSID30186765 DTXSID00491272 DTXSID70704543
DTXSID30482754	DTXSID60528538 DTXSID70591172 DTXSID90170084 DTXSID90557492 DTXSID5062425 DTXSID40159763 DTXSID30441386 DTXSID00850007 DTXSID50609340 DTXSID70342469 DTXSID80459037 DTXSID90293828 DTXSID40640242 DTXSID20406242 DTXSID20641217 DTXSID90545091 DTXSID00540491 DTXSID50438652 DTXSID30148065 DTXSID30798923
DTXSID20778618	DTXSID40693233 DTXSID20858505 DTXSID30243488 DTXSID80576374 DTXSID20756335 DTXSID10847428 DTXSID60674165 DTXSID70392924 DTXSID80552653 DTXSID60813476 DTXSID40676763 DTXSID40577988 DTXSID40719366 DTXSID60148270 DTXSID60327649 DTXSID30789412 DTXSID50590148 DTXSID20847232 DTXSID70153153 DTXSID10712061
DTXSID80684347	DTXSID60512533 DTXSID90674537 DTXSID10621200 DTXSID40719260 DTXSID10288170 DTXSID90291526 DTXSID20394832 DTXSID60813951 DTXSID90663466 DTXSID80593541 DTXSID00515240 DTXSID50190364 DTXSID30827181 DTXSID30857029 DTXSID00507084 DTXSID50392285 DTXSID60388210 DTXSID30542746 DTXSID40655230 DTXSID70735498
DTXSID90451623	DTXSID20183980 DTXSID00503965 DTXSID60285093 DTXSID00509104 DTXSID50520026 DTXSID30150880 DTXSID50281206 DTXSID0051318 DTXSID20368654 DTXSID60337061 DTXSID30438498 DTXSID3059268 DTXSID40566478 DTXSID40640606 DTXSID90642514 DTXSID70499624 DTXSID50321555 DTXSID70448359 DTXSID60486225 DTXSID1063512
DTXSID80318034	DTXSID10796583 DTXSID00539461 DTXSID20390950 DTXSID40673595 DTXSID30606317 DTXSID70651745 DTXSID60459959 DTXSID60281555 DTXSID80629490 DTXSID80299394 DTXSID00615794 DTXSID30844757 DTXSID20293093 DTXSID20548313 DTXSID70560666 DTXSID30788642 DTXSID60154331 DTXSID90799638 DTXSID60369660 DTXSID50355557
DTXSID20452729	DTXSID60187922 DTXSID60562356 DTXSID90749597 DTXSID80348831 DTXSID60471338 DTXSID00484725 DTXSID60590477 DTXSID50590188 DTXSID40845472 DTXSID90239443 DTXSID30346347 DTXSID30378325 DTXSID40856366 DTXSID20348830 DTXSID40427651 DTXSID00663871 DTXSID60500859 DTXSID20507041 DTXSID20759801 DTXSID80437991
DTXSID70666899	DTXSID80754296 DTXSID50294250 DTXSID80879493 DTXSID10280518 DTXSID60722519 DTXSID10865142 DTXSID90156141 DTXSID70612538 DTXSID60369660 DTXSID70560666 DTXSID60154331 DTXSID00833719 DTXSID20548313 DTXSID90805021 DTXSID10728889 DTXSID10708424 DTXSID40673595 DTXSID50436431 DTXSID60640062 DTXSID60800821
DTXSID30480932	DTXSID80565980 DTXSID50515836 DTXSID80598016 DTXSID10238817 DTXSID80733763 DTXSID60492366 DTXSID40499454 DTXSID30734407 DTXSID50803285 DTXSID50726783 DTXSID70302644 DTXSID20857497 DTXSID30462975 DTXSID10477784 DTXSID90515835 DTXSID20579162 DTXSID20545827 DTXSID20556857 DTXSID30805005 DTXSID40646289
DTXSID1069825	DTXSID40835535 DTXSID00160532 DTXSID00577909 DTXSID40818368 DTXSID60562871 DTXSID80198156 DTXSID2065757 DTXSID50762621 DTXSID60181147 DTXSID6069826 DTXSID50853942 DTXSID20337704 DTXSID70891942 DTXSID20199061 DTXSID90780425 DTXSID50652477 DTXSID60775383 DTXSID1041398 DTXSID10206612 DTXSID50828135
DTXSID80598470	DTXSID90733890 DTXSID20670305 DTXSID30521910 DTXSID10506745 DTXSID00631297 DTXSID70305776 DTXSID10528543 DTXSID30213626 DTXSID70460238 DTXSID40525565 DTXSID80472403 DTXSID70836510 DTXSID00331164 DTXSID00560977 DTXSID50813501 DTXSID50707951 DTXSID70676993 DTXSID00603732 DTXSID30332528 DTXSID20542816
DTXSID70401020	DTXSID10474339 DTXSID60675359 DTXSID00472844 DTXSID80506515 DTXSID60668963 DTXSID20542199 DTXSID00350315 DTXSID90640813 DTXSID00524776 DTXSID50310747 DTXSID80733122 DTXSID40368631 DTXSID00406543 DTXSID30289801 DTXSID70512266 DTXSID60443631 DTXSID40319825 DTXSID60157009 DTXSID80207111 DTXSID20624303
DTXSID90748989	DTXSID50807309 DTXSID50191730 DTXSID10711857 DTXSID40857297 DTXSID20593989 DTXSID70283005 DTXSID80668581 DTXSID40404068 DTXSID00485176 DTXSID50558329 DTXSID10837763 DTXSID70364525 DTXSID60646089 DTXSID50763875 DTXSID60206622 DTXSID50151738 DTXSID00374031 DTXSID00404887 DTXSID50660774 DTXSID00646740
DTXSID90379515	DTXSID10561314 DTXSID00727482 DTXSID70768463 DTXSID40192433 DTXSID10633489 DTXSID80633077 DTXSID90462032 DTXSID20599643 DTXSID60560913 DTXSID40756655 DTXSID50518867 DTXSID30544482 DTXSID00531006 DTXSID10539896 DTXSID10845828 DTXSID00355800 DTXSID60482060 DTXSID30624172 DTXSID70879422 DTXSID00844643
DTXSID30551136	DTXSID90473840 DTXSID00351221 DTXSID60822144 DTXSID70366685 DTXSID80322656 DTXSID00284505 DTXSID20400745 DTXSID50462472 DTXSID90281846 DTXSID30369379 DTXSID80554975 DTXSID30483862 DTXSID40238805 DTXSID70439989 DTXSID30614275 DTXSID10391810 DTXSID30466877 DTXSID70487026 DTXSID00213411 DTXSID3046166
DTXSID70618696	DTXSID4068533 DTXSID70383670 DTXSID10167254 DTXSID20739168 DTXSID90694952 DTXSID90819865 DTXSID40693273 DTXSID40751706 DTXSID70431468 DTXSID20364156 DTXSID90668739 DTXSID00188155 DTXSID90708402 DTXSID30234336 DTXSID90439542 DTXSID70876072 DTXSID90227249 DTXSID00403279 DTXSID20216883 DTXSID90843903
DTXSID80196273	DTXSID20618065 DTXSID90150922 DTXSID20720415 DTXSID70657702 DTXSID80234861 DTXSID50627988 DTXSID40741081 DTXSID40622548 DTXSID70152843 DTXSID10379299 DTXSID90622311 DTXSID70744343 DTXSID70456873 DTXSID60291290 DTXSID70848471 DTXSID40645570 DTXSID30356901 DTXSID50171916 DTXSID80557643 DTXSID60651097
DTXSID00598078	DTXSID10879688 DTXSID30668930 DTXSID00218749 DTXSID30361752 DTXSID80451172 DTXSID50409029 DTXSID00429272 DTXSID90181655 DTXSID90618678 DTXSID30153356 DTXSID70197592 DTXSID70735690 DTXSID50368041 DTXSID90218415 DTXSID00356392 DTXSID40188937 DTXSID30591214 DTXSID10289940 DTXSID10622999 DTXSID10763412
DTXSID20511764	DTXSID50335096 DTXSID30593490 DTXSID20751188 DTXSID90406390 DTXSID40624587 DTXSID30310881 DTXSID50742443 DTXSID80681634 DTXSID50727078 DTXSID80738455 DTXSID10720308 DTXSID40188098 DTXSID40485337 DTXSID90706903 DTXSID50876338 DTXSID80652703 DTXSID20474825 DTXSID20608365 DTXSID50340180 DTXSID90236053
DTXSID00192393	DTXSID60808645 DTXSID70812839 DTXSID20879533 DTXSID00371020 DTXSID90676834 DTXSID10461224 DTXSID80604429 DTXSID00569783 DTXSID50670136 DTXSID10794125 DTXSID00825816 DTXSID50683468 DTXSID80509162 DTXSID80652167 DTXSID50445684 DTXSID10737693 DTXSID30606231 DTXSID60532913 DTXSID70157833 DTXSID20488386
DTXSID40636908	DTXSID00787066 DTXSID50811567 DTXSID70842010 DTXSID40776631 DTXSID00632966 DTXSID10577450 DTXSID20613499 DTXSID80873118 DTXSID30865700 DTXSID60536552 DTXSID60795081 DTXSID50816734 DTXSID10797611 DTXSID60816720 DTXSID00756111 DTXSID40816728 DTXSID00809999 DTXSID10822073 DTXSID80742456 DTXSID90500261
DTXSID10523215	DTXSID90836456 DTXSID20435693 DTXSID00351640 DTXSID70192522 DTXSID80472847 DTXSID70188187 DTXSID20217491 DTXSID30830751 DTXSID00730375 DTXSID10655469 DTXSID50303497 DTXSID80897339 DTXSID30879120 DTXSID90411444 DTXSID1047071 DTXSID10398581 DTXSID5073666 DTXSID80373608 DTXSID00374031 DTXSID40501208
DTXSID1052585	DTXSID80222480 DTXSID70306869 DTXSID80196490 DTXSID80483211 DTXSID00303785 DTXSID60179645 DTXSID40552058 DTXSID90335116 DTXSID10485607 DTXSID60641211 DTXSID00164439 DTXSID50528608 DTXSID40483212 DTXSID40705805 DTXSID5059822 DTXSID90353214 DTXSID2051978 DTXSID80729287 DTXSID90809448 DTXSID50467720
DTXSID80887654	DTXSID7070478 DTXSID00597728 DTXSID90883243 DTXSID40880888 DTXSID60598519 DTXSID50767959 DTXSID40707182 DTXSID50823948 DTXSID3042003 DTXSID9051741 DTXSID60300730 DTXSID3026564 DTXSID10712521 DTXSID00841374 DTXSID70236576 DTXSID10711458 DTXSID00892301 DTXSID90404977 DTXSID30300722 DTXSID00710076
DTXSID90733219	DTXSID20277151 DTXSID10600595 DTXSID70299409 DTXSID00393560 DTXSID50321732 DTXSID60835815 DTXSID30671560 DTXSID70589478 DTXSID60710254 DTXSID00362579 DTXSID00559806 DTXSID80275653 DTXSID60657039 DTXSID70783656 DTXSID20536457 DTXSID90325153 DTXSID20288681 DTXSID30395390 DTXSID90300667 DTXSID80557042
DTXSID90700087	DTXSID00729865 DTXSID50630952 DTXSID80155062 DTXSID40829530 DTXSID90513437 DTXSID60675071 DTXSID00421433 DTXSID30532662 DTXSID50402671 DTXSID80706492 DTXSID60458280 DTXSID30499004 DTXSID30418073 DTXSID20298200 DTXSID80712533 DTXSID10375655 DTXSID90742528 DTXSID40545728 DTXSID20336196 DTXSID10547673
DTXSID80415456	DTXSID70564109 DTXSID90214997 DTXSID50302824 DTXSID30485745 DTXSID00430282 DTXSID70600399 DTXSID80471577 DTXSID60466481 DTXSID10566046 DTXSID90236053 DTXSID10808695 DTXSID10478554 DTXSID30524966 DTXSID60283352 DTXSID20608365 DTXSID50280274 DTXSID50736064 DTXSID00600882 DTXSID50419789 DTXSID30593490
DTXSID60338038	DTXSID60652327 DTXSID50646674 DTXSID20536457 DTXSID20290880 DTXSID40431016 DTXSID70498152 DTXSID30406531 DTXSID40279910 DTXSID50538207 DTXSID10501119 DTXSID80275653 DTXSID10600595 DTXSID30671560 DTXSID60415636 DTXSID10672434 DTXSID60835815 DTXSID20275490 DTXSID60710254 DTXSID30666835 DTXSID30525913
DTXSID90808375	DTXSID20516850 DTXSID60464760 DTXSID70309653 DTXSID40352752 DTXSID30322782 DTXSID40666346 DTXSID80199264 DTXSID90354903 DTXSID30482714 DTXSID10349912 DTXSID80570276 DTXSID50549550 DTXSID00323105 DTXSID10291689 DTXSID80354891 DTXSID30616294 DTXSID90813707 DTXSID30642477 DTXSID70843961 DTXSID50518761
DTXSID50518867	DTXSID30624172 DTXSID60482060 DTXSID90462032 DTXSID20599643 DTXSID00531006 DTXSID80595505 DTXSID10539896 DTXSID90390240 DTXSID70768463 DTXSID90379515 DTXSID10561314 DTXSID00727482 DTXSID00355800 DTXSID70652898 DTXSID40192433 DTXSID60560913 DTXSID80633077 DTXSID30544482 DTXSID70879422 DTXSID20509580
DTXSID10758666	DTXSID70223906 DTXSID60378691 DTXSID10608990 DTXSID9073628 DTXSID90585831 DTXSID40453516 DTXSID80374337 DTXSID20503528 DTXSID70760740 DTXSID90702268 DTXSID80734013 DTXSID00510836 DTXSID20370858 DTXSID70317677 DTXSID40288729 DTXSID7044764 DTXSID30652637 DTXSID9025403 DTXSID00651859 DTXSID50642050
DTXSID20236506	DTXSID70148105 DTXSID00383582 DTXSID10875781 DTXSID20346371 DTXSID60646468 DTXSID50602750 DTXSID80371649 DTXSID00552711 DTXSID30596103 DTXSID00619752 DTXSID30563335 DTXSID30605128 DTXSID90438530 DTXSID00344214 DTXSID60885815 DTXSID60427936 DTXSID70579192 DTXSID00186358 DTXSID30462596 DTXSID40781189
DTXSID50383592	DTXSID90571976 DTXSID80815270 DTXSID90335116 DTXSID40367063 DTXSID00818920 DTXSID10368683 DTXSID40288087 DTXSID80446866 DTXSID00843479 DTXSID60395601 DTXSID7067089 DTXSID80483211 DTXSID70306869 DTXSID10886357 DTXSID70343335 DTXSID80196490 DTXSID10399275 DTXSID60350371 DTXSID1052585 DTXSID60179645
DTXSID6069406	DTXSID70349413 DTXSID20599345 DTXSID60347781 DTXSID90807803 DTXSID80279373 DTXSID50663780 DTXSID90827869 DTXSID00231438 DTXSID30663369 DTXSID40165147 DTXSID00377486 DTXSID20759801 DTXSID90373735 DTXSID10466719 DTXSID40530477 DTXSID10721916 DTXSID70840798 DTXSID40845472 DTXSID20372110 DTXSID4040343
DTXSID00186010	DTXSID80509708 DTXSID20609170 DTXSID50482458 DTXSID7051686 DTXSID60451392 DTXSID70275501 DTXSID40384679 DTXSID00667551 DTXSID90193758 DTXSID10544889 DTXSID30489122 DTXSID00651450 DTXSID40427974 DTXSID30578828 DTXSID40720210 DTXSID80434162 DTXSID20579586 DTXSID70573993 DTXSID00645879 DTXSID10831908
DTXSID30543016	DTXSID10340242 DTXSID00835551 DTXSID10600479 DTXSID10278874 DTXSID10452450 DTXSID30359270 DTXSID80170356 DTXSID90333915 DTXSID50544085 DTXSID30187171 DTXSID90512026 DTXSID80733804 DTXSID20192491 DTXSID90352929 DTXSID30146309 DTXSID00797266 DTXSID20361488 DTXSID60296149 DTXSID50402570 DTXSID50590582
DTXSID70513152	DTXSID00294381 DTXSID80151549 DTXSID40325007 DTXSID60333760 DTXSID10541111 DTXSID10565357 DTXSID80817057 DTXSID20766015 DTXSID10426696 DTXSID30476390 DTXSID30175038 DTXSID30319213 DTXSID10744428 DTXSID80523868 DTXSID70618434 DTXSID00374011 DTXSID00625732 DTXSID70832754 DTXSID80606589 DTXSID00418328
DTXSID70439989	DTXSID50462472 DTXSID3046166 DTXSID30369379 DTXSID90281846 DTXSID90473840 DTXSID60822144 DTXSID80322656 DTXSID00351221 DTXSID00487938 DTXSID10391810 DTXSID30551136 DTXSID00766412 DTXSID30483862 DTXSID00481779 DTXSID40435276 DTXSID70366685 DTXSID90655745 DTXSID20400745 DTXSID40430185 DTXSID9068378
DTXSID50602699	DTXSID90238173 DTXSID40786952 DTXSID40340250 DTXSID20612189 DTXSID10711913 DTXSID00576694 DTXSID10876652 DTXSID70296791 DTXSID10672419 DTXSID70579652 DTXSID40174976 DTXSID60648740 DTXSID70841881 DTXSID60172090 DTXSID80456122 DTXSID90284453 DTXSID40681493 DTXSID60799327 DTXSID00709662 DTXSID10558300
DTXSID00498408	DTXSID30768005 DTXSID60767243 DTXSID60768018 DTXSID60334732 DTXSID20627273 DTXSID20230322 DTXSID80625518 DTXSID40718915 DTXSID90766845 DTXSID90610016 DTXSID60790970 DTXSID20818129 DTXSID60627272 DTXSID60818128 DTXSID40604041 DTXSID40767246 DTXSID40338031 DTXSID20814500 DTXSID80824408 DTXSID50718906
DTXSID40876645	DTXSID50523178 DTXSID10394967 DTXSID40752516 DTXSID90294375 DTXSID60535348 DTXSID00430101 DTXSID90573157 DTXSID60896042 DTXSID50488652 DTXSID60769489 DTXSID00697494 DTXSID40602800 DTXSID30889002 DTXSID10228319 DTXSID90794481 DTXSID30805207 DTXSID30897546 DTXSID00851251 DTXSID50401306 DTXSID10896395
DTXSID90551056	DTXSID20393249 DTXSID40713743 DTXSID10572809 DTXSID50361411 DTXSID30422675 DTXSID70538885 DTXSID00876287 DTXSID50667344 DTXSID50628091 DTXSID60734490 DTXSID80470843 DTXSID90739897 DTXSID30717210 DTXSID80588038 DTXSID70373576 DTXSID10517912 DTXSID20846467 DTXSID70476834 DTXSID90152845 DTXSID7070769
DTXSID80444544	DTXSID60769626 DTXSID80781542 DTXSID20735842 DTXSID80708456 DTXSID00331427 DTXSID50858831 DTXSID90437669 DTXSID80763020 DTXSID80526096 DTXSID50708483 DTXSID50576301 DTXSID80613657 DTXSID20240441 DTXSID00770211 DTXSID10769772 DTXSID50775251 DTXSID00543068 DTXSID30170922 DTXSID50753675 DTXSID20287831
DTXSID30332528	DTXSID40775609 DTXSID30213626 DTXSID30424634 DTXSID50640314 DTXSID70305776 DTXSID00331164 DTXSID90237247 DTXSID00560977 DTXSID40289039 DTXSID70460238 DTXSID20808020 DTXSID90877304 DTXSID40388536 DTXSID50813501 DTXSID50707951 DTXSID30663066 DTXSID20670305 DTXSID00406523 DTXSID10364529 DTXSID50328963
DTXSID60603536	DTXSID60282168 DTXSID10352800 DTXSID30542468 DTXSID00850087 DTXSID00501860 DTXSID00567961 DTXSID50485005 DTXSID70305695 DTXSID10818517 DTXSID70803545 DTXSID50496818 DTXSID50640834 DTXSID50538207 DTXSID90459043 DTXSID50852157 DTXSID10501119 DTXSID30744748 DTXSID60528699 DTXSID40818282 DTXSID20502738
DTXSID80407816	DTXSID30435361 DTXSID00873296 DTXSID60526094 DTXSID00732571 DTXSID10721299 DTXSID80612544 DTXSID20459617 DTXSID5066089 DTXSID20740698 DTXSID60573543 DTXSID50569758 DTXSID90595036 DTXSID10509216 DTXSID80878082 DTXSID10853165 DTXSID20288045 DTXSID10341658 DTXSID70529697 DTXSID10615447 DTXSID30850116
DTXSID60203318	DTXSID00442784 DTXSID70382744 DTXSID80561528 DTXSID9048194 DTXSID90613002 DTXSID30318428 DTXSID40504198 DTXSID10223001 DTXSID40776999 DTXSID30342460 DTXSID90237247 DTXSID70537510 DTXSID10794382 DTXSID60396471 DTXSID50328963 DTXSID70589791 DTXSID00406523 DTXSID50640314 DTXSID70514285 DTXSID1058004
DTXSID10198205	DTXSID80440647 DTXSID50406932 DTXSID40758917 DTXSID00839751 DTXSID20647693 DTXSID40334275 DTXSID60725101 DTXSID70315971 DTXSID80814102 DTXSID90462936 DTXSID50450930 DTXSID50635285 DTXSID20406141 DTXSID90442410 DTXSID20398810 DTXSID20354870 DTXSID70226290 DTXSID00411738 DTXSID10349472 DTXSID30750945
DTXSID50163578	DTXSID30344343 DTXSID60744135 DTXSID00370831 DTXSID90456395 DTXSID10466890 DTXSID80638709 DTXSID10466719 DTXSID40844263 DTXSID60343642 DTXSID70424198 DTXSID90451325 DTXSID30857448 DTXSID70372307 DTXSID40165147 DTXSID90827869 DTXSID00757406 DTXSID10778026 DTXSID90807803 DTXSID4040343 DTXSID40444409
DTXSID40747321	DTXSID00594772 DTXSID90787550 DTXSID30653301 DTXSID9041445 DTXSID30673064 DTXSID30466650 DTXSID20500274 DTXSID30428657 DTXSID60711948 DTXSID90374045 DTXSID40794991 DTXSID70618434 DTXSID30591799 DTXSID80593349 DTXSID50230830 DTXSID40110056 DTXSID20374210 DTXSID00466667 DTXSID20626403 DTXSID20624303
DTXSID10592880	DTXSID80670260 DTXSID70675103 DTXSID50472117 DTXSID50456533 DTXSID20800029 DTXSID10348884 DTXSID70791312 DTXSID40618926 DTXSID80661133 DTXSID00220160 DTXSID60670142 DTXSID70445949 DTXSID80661158 DTXSID10357037 DTXSID10495286 DTXSID30854210 DTXSID70291387 DTXSID30468391 DTXSID40710035 DTXSID70509853
DTXSID30483483	DTXSID10181490 DTXSID90408576 DTXSID20500057 DTXSID60542759 DTXSID70721134 DTXSID60454661 DTXSID80528671 DTXSID90483020 DTXSID2024791 DTXSID20838140 DTXSID80457351 DTXSID20597482 DTXSID40175741 DTXSID80444004 DTXSID0062139 DTXSID40468009 DTXSID70632195 DTXSID60365268 DTXSID50352682 DTXSID80593521
DTXSID90405606	DTXSID60671937 DTXSID20168616 DTXSID70355690 DTXSID40626425 DTXSID6044858 DTXSID80646627 DTXSID50729193 DTXSID70658234 DTXSID40677533 DTXSID60195325 DTXSID60444305 DTXSID30725810 DTXSID80377949 DTXSID70650152 DTXSID40493270 DTXSID00739141 DTXSID30618536 DTXSID30351057 DTXSID10397478 DTXSID10857380
DTXSID80787827	DTXSID00407575 DTXSID00438884 DTXSID70418875 DTXSID70569573 DTXSID40641234 DTXSID50391273 DTXSID00364578 DTXSID70706764 DTXSID00735688 DTXSID60162739 DTXSID50467720 DTXSID30448451 DTXSID80729287 DTXSID40441716 DTXSID40705805 DTXSID30713515 DTXSID50528608 DTXSID10390348 DTXSID30396761 DTXSID10786702
DTXSID00383284	DTXSID20813492 DTXSID80601892 DTXSID10307178 DTXSID20187983 DTXSID90676738 DTXSID10702407 DTXSID80589606 DTXSID50352561 DTXSID20303686 DTXSID10181056 DTXSID40511640 DTXSID70879689 DTXSID10727791 DTXSID00472607 DTXSID30509975 DTXSID10299009 DTXSID50593376 DTXSID40623939 DTXSID10646857 DTXSID60285497
DTXSID80196490	DTXSID80483211 DTXSID1052585 DTXSID80222480 DTXSID10485607 DTXSID40483212 DTXSID70306869 DTXSID00843479 DTXSID00303785 DTXSID90335116 DTXSID60179645 DTXSID90353214 DTXSID40552058 DTXSID2051978 DTXSID60641211 DTXSID60675172 DTXSID40705805 DTXSID50528608 DTXSID80545565 DTXSID00615431 DTXSID00164439
DTXSID80435412	DTXSID00321702 DTXSID10327533 DTXSID90286755 DTXSID50450490 DTXSID3073719 DTXSID80674147 DTXSID40487235 DTXSID70805963 DTXSID50487822 DTXSID10178941 DTXSID20818982 DTXSID70678311 DTXSID30524481 DTXSID30847288 DTXSID20522476 DTXSID70531472 DTXSID80369228 DTXSID60676942 DTXSID10856030 DTXSID80223154
DTXSID60408361	DTXSID80563204 DTXSID90445749 DTXSID20189700 DTXSID50739813 DTXSID90352964 DTXSID70694839 DTXSID80172734 DTXSID80418427 DTXSID30766203 DTXSID90301614 DTXSID40757627 DTXSID50601960 DTXSID50454276 DTXSID80813554 DTXSID70214475 DTXSID70388408 DTXSID80621994 DTXSID30346367 DTXSID70288813 DTXSID90766406
DTXSID70549451	DTXSID60883917 DTXSID80436883 DTXSID80578333 DTXSID20383463 DTXSID70479325 DTXSID70344842 DTXSID30600895 DTXSID70792849 DTXSID90517319 DTXSID80466206 DTXSID60319948 DTXSID80496346 DTXSID00565760 DTXSID10805644 DTXSID70505077 DTXSID00375386 DTXSID30769214 DTXSID40775720 DTXSID10404676 DTXSID60340732
DTXSID10828494	DTXSID7044689 DTXSID00613750 DTXSID90762589 DTXSID00749265 DTXSID20522552 DTXSID90443725 DTXSID60239536 DTXSID00434109 DTXSID80789447 DTXSID30612519 DTXSID20581402 DTXSID30418639 DTXSID00847053 DTXSID20566037 DTXSID40782439 DTXSID50709551 DTXSID20239537 DTXSID00441777 DTXSID00586415 DTXSID70500800
DTXSID40655977	DTXSID20649435 DTXSID20222787 DTXSID40164599 DTXSID50853664 DTXSID80466488 DTXSID80463452 DTXSID90454937 DTXSID90506566 DTXSID20478000 DTXSID10810733 DTXSID80350737 DTXSID50381795 DTXSID00774916 DTXSID00452045 DTXSID10406059 DTXSID20590216 DTXSID70787230 DTXSID40756736 DTXSID40589445 DTXSID30490970
DTXSID00470865	DTXSID40455535 DTXSID40762115 DTXSID70562362 DTXSID90443846 DTXSID60844023 DTXSID80851471 DTXSID40208886 DTXSID50797539 DTXSID30620179 DTXSID40243015 DTXSID80335786 DTXSID80300454 DTXSID40420900 DTXSID00552832 DTXSID30787539 DTXSID0073110 DTXSID80658548 DTXSID60798678 DTXSID20847353 DTXSID20172399
DTXSID20163722	DTXSID30640913 DTXSID00553187 DTXSID10345757 DTXSID50847765 DTXSID5069912 DTXSID60586219 DTXSID50534148 DTXSID90520141 DTXSID90667540 DTXSID20640866 DTXSID60378590 DTXSID60768295 DTXSID30589813 DTXSID70594865 DTXSID80876684 DTXSID70353237 DTXSID50457540 DTXSID40697155 DTXSID30718065 DTXSID90456951
DTXSID00732511	DTXSID30674854 DTXSID80159287 DTXSID90819188 DTXSID70809300 DTXSID80434203 DTXSID90675226 DTXSID30308349 DTXSID50527358 DTXSID90656414 DTXSID60816588 DTXSID60448429 DTXSID60881211 DTXSID80756533 DTXSID70459480 DTXSID90464773 DTXSID30544962 DTXSID30656776 DTXSID60642041 DTXSID80206381 DTXSID60241518
DTXSID90418019	DTXSID40790731 DTXSID20624161 DTXSID30357014 DTXSID00809813 DTXSID50844996 DTXSID80336576 DTXSID50757779 DTXSID60844886 DTXSID90657047 DTXSID80466281 DTXSID40642064 DTXSID60310778 DTXSID60830143 DTXSID50845665 DTXSID10804531 DTXSID40834083 DTXSID40527741 DTXSID40700032 DTXSID60790435 DTXSID10578240
DTXSID70674474	DTXSID20462242 DTXSID1072260 DTXSID20300817 DTXSID80451430 DTXSID90474150 DTXSID30645342 DTXSID10720242 DTXSID10174761 DTXSID40297356 DTXSID30389739 DTXSID70791059 DTXSID90379454 DTXSID60729821 DTXSID30186765 DTXSID50310222 DTXSID70704543 DTXSID20442145 DTXSID70736561 DTXSID10440756 DTXSID70672475
DTXSID70388408	DTXSID50454276 DTXSID00312413 DTXSID90664317 DTXSID50481325 DTXSID80813554 DTXSID30766203 DTXSID20879154 DTXSID30889784 DTXSID20189700 DTXSID90445749 DTXSID70729352 DTXSID70544562 DTXSID60696529 DTXSID30191596 DTXSID80418427 DTXSID70652636 DTXSID80536276 DTXSID50179311 DTXSID80503569 DTXSID60408361
DTXSID90672497	DTXSID00366532 DTXSID60760855 DTXSID10756167 DTXSID80812845 DTXSID20317288 DTXSID70325696 DTXSID40657471 DTXSID20821077 DTXSID50277765 DTXSID80845794 DTXSID80416549 DTXSID90185830 DTXSID50180326 DTXSID50240651 DTXSID9074642 DTXSID8059635 DTXSID10657448 DTXSID20602808 DTXSID00387843 DTXSID70365214
DTXSID50401109	DTXSID80626202 DTXSID20438164 DTXSID60618160 DTXSID90375774 DTXSID90622492 DTXSID8041323 DTXSID40452741 DTXSID60427855 DTXSID00276783 DTXSID90462572 DTXSID80214082 DTXSID20363508 DTXSID00469355 DTXSID60325625 DTXSID40282924 DTXSID60722099 DTXSID20217613 DTXSID50818157 DTXSID10607786 DTXSID00374899
DTXSID30805747	DTXSID90556965 DTXSID30332861 DTXSID40682127 DTXSID50354681 DTXSID50313056 DTXSID80668768 DTXSID00452565 DTXSID40392951 DTXSID30870975 DTXSID50709910 DTXSID20212729 DTXSID50188302 DTXSID60428307 DTXSID90145474 DTXSID50505358 DTXSID30567075 DTXSID80543061 DTXSID10518101 DTXSID50728005 DTXSID60697410
DTXSID10584821	DTXSID00672044 DTXSID40622947 DTXSID90392163 DTXSID00464143 DTXSID60731106 DTXSID10695087 DTXSID80703926 DTXSID10702806 DTXSID80650769 DTXSID10422234 DTXSID90879303 DTXSID90381971 DTXSID80656847 DTXSID20649430 DTXSID60561703 DTXSID30739831 DTXSID70142845 DTXSID40777906 DTXSID00672261 DTXSID50351190
DTXSID20629934	DTXSID30827181 DTXSID30542746 DTXSID00507084 DTXSID60555147 DTXSID20827933 DTXSID60373409 DTXSID80744470 DTXSID20394832 DTXSID10623385 DTXSID90705153 DTXSID20216742 DTXSID50599959 DTXSID60551149 DTXSID80722112 DTXSID90291526 DTXSID10621200 DTXSID90748782 DTXSID90674537 DTXSID60512533 DTXSID80684347
DTXSID50585418	DTXSID90442410 DTXSID00669479 DTXSID60286045 DTXSID1061998 DTXSID50494753 DTXSID1058006 DTXSID10742247 DTXSID70226290 DTXSID20354870 DTXSID00346495 DTXSID40334275 DTXSID50190021 DTXSID90203604 DTXSID80440647 DTXSID50603368 DTXSID40380277 DTXSID40593340 DTXSID70561092 DTXSID20201895 DTXSID90462936
DTXSID90854731	DTXSID00412780 DTXSID20876901 DTXSID60355402 DTXSID10544364 DTXSID10675349 DTXSID10180100 DTXSID10806994 DTXSID00473578 DTXSID70602636 DTXSID10338109 DTXSID70704008 DTXSID90695126 DTXSID80537122 DTXSID10201521 DTXSID20903968 DTXSID80324271 DTXSID10699722 DTXSID30185314 DTXSID60532832 DTXSID50560644
DTXSID70219349	DTXSID70213504 DTXSID50178662 DTXSID80284503 DTXSID20656245 DTXSID80230045 DTXSID70737457 DTXSID10708141 DTXSID70876097 DTXSID40380191 DTXSID80557643 DTXSID10630059 DTXSID90200198 DTXSID40430408 DTXSID10352183 DTXSID70191530 DTXSID70424335 DTXSID00645617 DTXSID80661557 DTXSID10572526 DTXSID40180118
DTXSID90388102	DTXSID50361274 DTXSID90478239 DTXSID80760438 DTXSID00342699 DTXSID60707962 DTXSID90466833 DTXSID00484361 DTXSID90291925 DTXSID70787851 DTXSID70314868 DTXSID90313277 DTXSID00521083 DTXSID00565861 DTXSID10190906 DTXSID50616039 DTXSID10790682 DTXSID20704078 DTXSID90814719 DTXSID80582970 DTXSID10297702
DTXSID80513800	DTXSID70496658 DTXSID70736602 DTXSID90626591 DTXSID40581646 DTXSID90519676 DTXSID10846613 DTXSID10306424 DTXSID20761262 DTXSID50488016 DTXSID70657227 DTXSID30873623 DTXSID80284760 DTXSID10468758 DTXSID30400877 DTXSID90873624 DTXSID60184956 DTXSID40741864 DTXSID10548160 DTXSID30277844 DTXSID70153153
DTXSID30666870	DTXSID90581772 DTXSID50671709 DTXSID80612226 DTXSID10406059 DTXSID10560963 DTXSID50853664 DTXSID50286771 DTXSID50392846 DTXSID60227615 DTXSID70594608 DTXSID70572300 DTXSID70629489 DTXSID20478000 DTXSID80344898 DTXSID2060387 DTXSID50896096 DTXSID40589445 DTXSID40722214 DTXSID60774114 DTXSID80466488
DTXSID10211044	DTXSID50761336 DTXSID60783822 DTXSID30798185 DTXSID50658550 DTXSID30398346 DTXSID60295137 DTXSID00809530 DTXSID30336223 DTXSID90798186 DTXSID30370420 DTXSID00504311 DTXSID40662505 DTXSID20530950 DTXSID60490529 DTXSID50378827 DTXSID00515129 DTXSID20793487 DTXSID90751271 DTXSID10820094 DTXSID40727906
DTXSID3073397	DTXSID40501208 DTXSID00425552 DTXSID2041963 DTXSID80645312 DTXSID50375033 DTXSID90411444 DTXSID70212375 DTXSID20435693 DTXSID20390950 DTXSID00374031 DTXSID60459959 DTXSID90836456 DTXSID30844757 DTXSID90401946 DTXSID70366605 DTXSID70188187 DTXSID00404887 DTXSID80472847 DTXSID70173750 DTXSID10523215
DTXSID10597451	DTXSID70293240 DTXSID90468897 DTXSID20812728 DTXSID70403362 DTXSID50843540 DTXSID50875846 DTXSID80696107 DTXSID50616953 DTXSID20509762 DTXSID70649208 DTXSID10355255 DTXSID20440303 DTXSID10472193 DTXSID00332196 DTXSID60327644 DTXSID20152590 DTXSID40459179 DTXSID50646174 DTXSID50374021 DTXSID40494863
DTXSID70310608	DTXSID80337326 DTXSID20418305 DTXSID40670741 DTXSID10344169 DTXSID20857311 DTXSID80896049 DTXSID80615318 DTXSID70710422 DTXSID40294108 DTXSID90706165 DTXSID10602690 DTXSID90647221 DTXSID50408638 DTXSID00769246 DTXSID40430266 DTXSID70221568 DTXSID50227583 DTXSID30672274 DTXSID80492207 DTXSID50345014
DTXSID30371053	DTXSID00857591 DTXSID00214044 DTXSID30401026 DTXSID70616314 DTXSID10646413 DTXSID90693208 DTXSID60469614 DTXSID10705852 DTXSID60561849 DTXSID90370966 DTXSID40478209 DTXSID90406719 DTXSID80733081 DTXSID80356057 DTXSID80563209 DTXSID90348968 DTXSID10777190 DTXSID80627158 DTXSID40348731 DTXSID00646220
DTXSID70764920	DTXSID90344864 DTXSID50579054 DTXSID90313550 DTXSID40576476 DTXSID00639591 DTXSID80528696 DTXSID60586193 DTXSID70814070 DTXSID20832421 DTXSID20332552 DTXSID20876587 DTXSID40606005 DTXSID90543810 DTXSID70499967 DTXSID10448853 DTXSID00564713 DTXSID40144790 DTXSID60776895 DTXSID80611870 DTXSID40390038
DTXSID10606552	DTXSID00542470 DTXSID60840166 DTXSID50833527 DTXSID60694580 DTXSID30331379 DTXSID60277534 DTXSID80180894 DTXSID60809374 DTXSID80620169 DTXSID80588290 DTXSID70425867 DTXSID00504230 DTXSID90792028 DTXSID10525991 DTXSID40243196 DTXSID90570287 DTXSID10850376 DTXSID30204953 DTXSID90755017 DTXSID50160981
DTXSID60877351	DTXSID90446897 DTXSID50762101 DTXSID10302946 DTXSID00206505 DTXSID20357760 DTXSID10463021 DTXSID80156756 DTXSID10809501 DTXSID70569992 DTXSID00579281 DTXSID80275936 DTXSID4052423 DTXSID20200005 DTXSID00338633 DTXSID60399760 DTXSID10144484 DTXSID00562052 DTXSID50465827 DTXSID10410373 DTXSID70733176
DTXSID1068853	DTXSID70620279 DTXSID30307175 DTXSID50604451 DTXSID50542445 DTXSID20655394 DTXSID60519486 DTXSID60514991 DTXSID6062672 DTXSID80369369 DTXSID50848459 DTXSID20453352 DTXSID10345131 DTXSID60681854 DTXSID20595640 DTXSID00625136 DTXSID60155343 DTXSID20429436 DTXSID50281226 DTXSID40396237 DTXSID00640283
DTXSID60640062	DTXSID50436431 DTXSID00609077 DTXSID70495863 DTXSID60656749 DTXSID10865142 DTXSID60769580 DTXSID80238203 DTXSID70612538 DTXSID60281555 DTXSID90799638 DTXSID60369660 DTXSID00182971 DTXSID50355557 DTXSID70332567 DTXSID30649502 DTXSID50558329 DTXSID40404068 DTXSID30616810 DTXSID90156141 DTXSID10711857
DTXSID20835432	DTXSID60667653 DTXSID50297443 DTXSID40721964 DTXSID60240667 DTXSID10574121 DTXSID70542023 DTXSID40753881 DTXSID30631669 DTXSID10435480 DTXSID00520293 DTXSID70749156 DTXSID00452641 DTXSID80205258 DTXSID70434232 DTXSID10470412 DTXSID00698901 DTXSID10586047 DTXSID4045682 DTXSID90151732 DTXSID40325507
DTXSID90365938	DTXSID20610786 DTXSID10402258 DTXSID00646886 DTXSID40408041 DTXSID50453587 DTXSID50608176 DTXSID10482131 DTXSID90559693 DTXSID20371406 DTXSID30178327 DTXSID00279294 DTXSID00461157 DTXSID00651511 DTXSID4020953 DTXSID60498388 DTXSID20180252 DTXSID4025903 DTXSID20661910 DTXSID80191703 DTXSID80627991
DTXSID30450579	DTXSID70807240 DTXSID00694544 DTXSID40761289 DTXSID50787394 DTXSID00598957 DTXSID50508066 DTXSID70757958 DTXSID10726305 DTXSID40300233 DTXSID30195973 DTXSID20505981 DTXSID20470721 DTXSID60148593 DTXSID60188272 DTXSID80792436 DTXSID40756958 DTXSID80511583 DTXSID60524575 DTXSID00317504 DTXSID60739485
DTXSID40504178	DTXSID70291822 DTXSID00357142 DTXSID20640220 DTXSID80743286 DTXSID60432868 DTXSID80392859 DTXSID40640606 DTXSID70740461 DTXSID20801152 DTXSID20569260 DTXSID40511105 DTXSID00651930 DTXSID50561439 DTXSID30438498 DTXSID90642514 DTXSID90179198 DTXSID70603769 DTXSID80696420 DTXSID70733212 DTXSID30402356
DTXSID60828121	DTXSID30222415 DTXSID00676663 DTXSID50389458 DTXSID20217613 DTXSID90375774 DTXSID30709610 DTXSID20356697 DTXSID00694620 DTXSID10555091 DTXSID00287793 DTXSID90556708 DTXSID40466202 DTXSID10607786 DTXSID10619405 DTXSID80549528 DTXSID20438164 DTXSID00174816 DTXSID60618160 DTXSID90462572 DTXSID90622492
DTXSID80569645	DTXSID90324500 DTXSID60482388 DTXSID60417812 DTXSID20307866 DTXSID40395861 DTXSID50627362 DTXSID20495555 DTXSID90501531 DTXSID70333175 DTXSID40324499 DTXSID00522010 DTXSID50500126 DTXSID70182509 DTXSID10777655 DTXSID70510161 DTXSID00679558 DTXSID40521749 DTXSID60604220 DTXSID90788047 DTXSID10374446
DTXSID20285670	DTXSID10706283 DTXSID90570287 DTXSID40309701 DTXSID60462105 DTXSID00568892 DTXSID10343531 DTXSID40243434 DTXSID30590308 DTXSID60608662 DTXSID80488645 DTXSID50709091 DTXSID10794963 DTXSID20359360 DTXSID60277534 DTXSID70197512 DTXSID90553131 DTXSID40531863 DTXSID50495023 DTXSID50589815 DTXSID90143531
DTXSID10298456	DTXSID90757551 DTXSID60831973 DTXSID90727173 DTXSID40612666 DTXSID70601927 DTXSID20623710 DTXSID70548601 DTXSID20726376 DTXSID10548160 DTXSID30842718 DTXSID50193279 DTXSID40222108 DTXSID00681696 DTXSID60435733 DTXSID40694386 DTXSID80308177 DTXSID70586169 DTXSID30625048 DTXSID30675048 DTXSID80699299
DTXSID40338899	DTXSID20808909 DTXSID90535912 DTXSID50704849 DTXSID60732693 DTXSID10617880 DTXSID50424015 DTXSID90394783 DTXSID10814993 DTXSID10601885 DTXSID30455463 DTXSID60391663 DTXSID90534566 DTXSID20315027 DTXSID50521331 DTXSID10212475 DTXSID30844994 DTXSID80784316 DTXSID50485202 DTXSID20587585 DTXSID7020211
DTXSID10279164	DTXSID00764377 DTXSID60749867 DTXSID20776896 DTXSID8061212 DTXSID5061085 DTXSID80884461 DTXSID20469635 DTXSID10852012 DTXSID40869951 DTXSID80185869 DTXSID10224790 DTXSID80756710 DTXSID60798678 DTXSID80234563 DTXSID20558952 DTXSID60789344 DTXSID00787248 DTXSID40706170 DTXSID10322826 DTXSID40157103
DTXSID00384771	DTXSID90668592 DTXSID20445712 DTXSID90561630 DTXSID60634123 DTXSID20419099 DTXSID00569783 DTXSID10794125 DTXSID40726050 DTXSID60680908 DTXSID90276479 DTXSID10506361 DTXSID40322470 DTXSID00480469 DTXSID40589748 DTXSID80648005 DTXSID00604284 DTXSID20879533 DTXSID80718212 DTXSID30711410 DTXSID60820660
DTXSID30641809	DTXSID10876016 DTXSID70351511 DTXSID00304292 DTXSID80181205 DTXSID50568069 DTXSID40821519 DTXSID70843961 DTXSID60292368 DTXSID80306315 DTXSID30642477 DTXSID70450412 DTXSID30625841 DTXSID50733937 DTXSID80383500 DTXSID20381166 DTXSID00220968 DTXSID10463849 DTXSID50315974 DTXSID50549550 DTXSID40505180
DTXSID40879338	DTXSID10430157 DTXSID30856991 DTXSID80465693 DTXSID60551669 DTXSID60626321 DTXSID20277075 DTXSID90626596 DTXSID6041769 DTXSID10503052 DTXSID30876674 DTXSID10471025 DTXSID00617930 DTXSID70886858 DTXSID50697207 DTXSID10685822 DTXSID70295163 DTXSID60635458 DTXSID60470523 DTXSID9064007 DTXSID00461238
DTXSID70791014	DTXSID30752045 DTXSID20513687 DTXSID50495442 DTXSID80356315 DTXSID30831501 DTXSID00731524 DTXSID10325736 DTXSID50323438 DTXSID90390301 DTXSID20533380 DTXSID00416965 DTXSID10489847 DTXSID90632258 DTXSID90594948 DTXSID70232093 DTXSID10172404 DTXSID20526212 DTXSID90152885 DTXSID80305424 DTXSID20730473
DTXSID90642135	DTXSID20563844 DTXSID00518872 DTXSID00500813 DTXSID50590062 DTXSID00641119 DTXSID30168268 DTXSID60487459 DTXSID00544772 DTXSID70364505 DTXSID70294838 DTXSID30465360 DTXSID30511391 DTXSID30308384 DTXSID70622516 DTXSID90374489 DTXSID30341913 DTXSID50719099 DTXSID9022100 DTXSID50302703 DTXSID80161820
DTXSID40705805	DTXSID50467720 DTXSID80729287 DTXSID50528608 DTXSID2051978 DTXSID60162739 DTXSID60641211 DTXSID90809448 DTXSID00164439 DTXSID00303785 DTXSID40552058 DTXSID90353214 DTXSID50391273 DTXSID00438884 DTXSID00735688 DTXSID60675172 DTXSID80787827 DTXSID00407575 DTXSID70569573 DTXSID80222480 DTXSID00615431
DTXSID80748231	DTXSID10473549 DTXSID60301085 DTXSID20307381 DTXSID40694669 DTXSID90489385 DTXSID10406892 DTXSID70756441 DTXSID10754289 DTXSID30735378 DTXSID60661131 DTXSID40403172 DTXSID10364125 DTXSID70566264 DTXSID50408597 DTXSID40286260 DTXSID60144510 DTXSID00651975 DTXSID60533187 DTXSID40359589 DTXSID50735557
DTXSID50382722	DTXSID80397324 DTXSID00707608 DTXSID70478419 DTXSID50473745 DTXSID30578828 DTXSID50441368 DTXSID40514434 DTXSID20582959 DTXSID00667551 DTXSID40722618 DTXSID40578238 DTXSID60505389 DTXSID7051686 DTXSID10221865 DTXSID60451392 DTXSID20579647 DTXSID00887994 DTXSID10824299 DTXSID10561910 DTXSID80434162
DTXSID10379299	DTXSID60291290 DTXSID70744343 DTXSID90150922 DTXSID10888412 DTXSID70456873 DTXSID70489489 DTXSID20618065 DTXSID30207606 DTXSID80196273 DTXSID20476965 DTXSID70152843 DTXSID10705776 DTXSID00413191 DTXSID50627988 DTXSID80364915 DTXSID20589741 DTXSID60471474 DTXSID30217881 DTXSID20158431 DTXSID70848471
DTXSID40877197	DTXSID90312927 DTXSID60875812 DTXSID70889001 DTXSID60161040 DTXSID30789432 DTXSID30317294 DTXSID30889002 DTXSID90222451 DTXSID90794628 DTXSID10896395 DTXSID00430101 DTXSID60896042 DTXSID40376130 DTXSID50523178 DTXSID40876645 DTXSID00877198 DTXSID50488652 DTXSID40698521 DTXSID30897546 DTXSID40752516
DTXSID30279363	DTXSID90518144 DTXSID30356906 DTXSID40310175 DTXSID40713445 DTXSID30782766 DTXSID40225492 DTXSID60785200 DTXSID00659916 DTXSID80664447 DTXSID80635011 DTXSID80781567 DTXSID20292127 DTXSID70588108 DTXSID60424546 DTXSID30465820 DTXSID8066347 DTXSID30311237 DTXSID00604345 DTXSID40288860 DTXSID3071278
DTXSID70673129	DTXSID70621488 DTXSID20299055 DTXSID90743631 DTXSID2058122 DTXSID20421218 DTXSID10294857 DTXSID30294495 DTXSID20312091 DTXSID70283000 DTXSID60289112 DTXSID80453999 DTXSID80781800 DTXSID70477760 DTXSID90463827 DTXSID30346908 DTXSID40760095 DTXSID80579724 DTXSID0042298 DTXSID20159786 DTXSID40800687
DTXSID50649802	DTXSID50634238 DTXSID20379543 DTXSID80370955 DTXSID50215001 DTXSID40332695 DTXSID40455555 DTXSID70316448 DTXSID70722227 DTXSID10371632 DTXSID80211218 DTXSID70680272 DTXSID10470013 DTXSID60145820 DTXSID10857249 DTXSID50429722 DTXSID00501648 DTXSID80494605 DTXSID90879368 DTXSID00655630 DTXSID10557050
DTXSID80776034	DTXSID70825242 DTXSID50318526 DTXSID20594678 DTXSID20403498 DTXSID20172071 DTXSID10144484 DTXSID00577964 DTXSID20835977 DTXSID50640319 DTXSID10463021 DTXSID70612013 DTXSID70488750 DTXSID90329454 DTXSID70284653 DTXSID50639889 DTXSID60497336 DTXSID90446892 DTXSID10579131 DTXSID00405935 DTXSID50465827
DTXSID60402203	DTXSID60501402 DTXSID40359221 DTXSID00356771 DTXSID70574046 DTXSID20231591 DTXSID0065933 DTXSID4041236 DTXSID40196830 DTXSID40307383 DTXSID00464688 DTXSID90529871 DTXSID80585325 DTXSID70383372 DTXSID40507649 DTXSID30600178 DTXSID90191875 DTXSID10491920 DTXSID50451245 DTXSID20435658 DTXSID30473081
DTXSID70607161	DTXSID20474981 DTXSID20790370 DTXSID70727494 DTXSID90400696 DTXSID90758669 DTXSID10465429 DTXSID70376901 DTXSID30560804 DTXSID30164543 DTXSID20316433 DTXSID90768041 DTXSID30642376 DTXSID3074072 DTXSID60443732 DTXSID80790533 DTXSID90630138 DTXSID50538186 DTXSID50217681 DTXSID00318718 DTXSID50821545
DTXSID90436112	DTXSID00881331 DTXSID20880987 DTXSID60801696 DTXSID60465656 DTXSID20894140 DTXSID50838375 DTXSID50836972 DTXSID40319789 DTXSID60827432 DTXSID70329513 DTXSID10814352 DTXSID70851288 DTXSID30647583 DTXSID90787090 DTXSID20302371 DTXSID80436722 DTXSID00153661 DTXSID30198141 DTXSID90697584 DTXSID90241283
DTXSID40401158	DTXSID90224076 DTXSID80456122 DTXSID60648740 DTXSID40319603 DTXSID40791602 DTXSID20612189 DTXSID00801599 DTXSID40465871 DTXSID20852583 DTXSID8075413 DTXSID30323890 DTXSID20578493 DTXSID00709662 DTXSID90343418 DTXSID90316763 DTXSID40174976 DTXSID40340250 DTXSID10711913 DTXSID10455688 DTXSID90238173
DTXSID80169503	DTXSID80423814 DTXSID60169208 DTXSID60834747 DTXSID00560770 DTXSID60654826 DTXSID70405947 DTXSID80179102 DTXSID00635194 DTXSID40472146 DTXSID60428125 DTXSID30572765 DTXSID70709538 DTXSID50179492 DTXSID60277670 DTXSID10297585 DTXSID20167826 DTXSID70852235 DTXSID00694584 DTXSID90365271 DTXSID20448329
DTXSID90298272	DTXSID40705946 DTXSID40821493 DTXSID60146670 DTXSID90554224 DTXSID40501107 DTXSID0075027 DTXSID80891978 DTXSID50841546 DTXSID70781576 DTXSID00830884 DTXSID30821189 DTXSID8070417 DTXSID40220346 DTXSID80579724 DTXSID90591033 DTXSID00343121 DTXSID30707813 DTXSID00769261 DTXSID40828008 DTXSID80708279
DTXSID20337704	DTXSID60181147 DTXSID90780425 DTXSID2065757 DTXSID80198156 DTXSID50652477 DTXSID50762621 DTXSID00601051 DTXSID6069826 DTXSID90758447 DTXSID70276210 DTXSID60562871 DTXSID50853942 DTXSID40818368 DTXSID90634898 DTXSID80694027 DTXSID50239186 DTXSID50797998 DTXSID60775383 DTXSID10431745 DTXSID50191093
DTXSID70757877	DTXSID80214082 DTXSID90530907 DTXSID20342035 DTXSID40452741 DTXSID90793535 DTXSID90512546 DTXSID00503783 DTXSID00277376 DTXSID50818157 DTXSID50646715 DTXSID70597735 DTXSID30177557 DTXSID50369230 DTXSID0061327 DTXSID70276593 DTXSID9068904 DTXSID40698844 DTXSID00469355 DTXSID70299444 DTXSID50184864
DTXSID80729308	DTXSID80646465 DTXSID70613904 DTXSID90354120 DTXSID20668222 DTXSID30453025 DTXSID70749176 DTXSID40528152 DTXSID70857280 DTXSID40321322 DTXSID70711898 DTXSID60284147 DTXSID70619188 DTXSID80191703 DTXSID80627991 DTXSID00461157 DTXSID80374438 DTXSID30628892 DTXSID00651511 DTXSID80175922 DTXSID00528158
DTXSID90719730	DTXSID80494605 DTXSID00655630 DTXSID70316448 DTXSID80211218 DTXSID70722227 DTXSID10436811 DTXSID70415420 DTXSID20379543 DTXSID00428225 DTXSID90388288 DTXSID50634238 DTXSID60734410 DTXSID70488816 DTXSID50589017 DTXSID00496606 DTXSID50649802 DTXSID00513665 DTXSID90624653 DTXSID70680272 DTXSID40455555
DTXSID50675065	DTXSID00663412 DTXSID40169908 DTXSID50427167 DTXSID50893606 DTXSID00822163 DTXSID60353524 DTXSID00587649 DTXSID90570505 DTXSID80653437 DTXSID10645249 DTXSID20545105 DTXSID90598229 DTXSID30708168 DTXSID20645255 DTXSID10385012 DTXSID20815799 DTXSID80594755 DTXSID80703825 DTXSID20450083 DTXSID90666452
DTXSID20806607	DTXSID0046513 DTXSID60478428 DTXSID90443907 DTXSID80275835 DTXSID40194710 DTXSID90539798 DTXSID80331586 DTXSID80601635 DTXSID1070856 DTXSID70399014 DTXSID70592886 DTXSID90780526 DTXSID20837451 DTXSID50552443 DTXSID80766536 DTXSID40601636 DTXSID30772566 DTXSID80437850 DTXSID30239664 DTXSID1040247
DTXSID20432905	DTXSID70724408 DTXSID60659735 DTXSID00786099 DTXSID90152264 DTXSID60658541 DTXSID60240440 DTXSID90560906 DTXSID20604342 DTXSID00404029 DTXSID00816986 DTXSID40815736 DTXSID00339069 DTXSID40157103 DTXSID70799737 DTXSID50175070 DTXSID80234563 DTXSID80840345 DTXSID60776815 DTXSID60715789 DTXSID50783538
DTXSID10440059	DTXSID10403129 DTXSID90178843 DTXSID00598513 DTXSID90728665 DTXSID90561074 DTXSID90215565 DTXSID30434511 DTXSID50326560 DTXSID60876900 DTXSID30589575 DTXSID20739229 DTXSID00428720 DTXSID70496097 DTXSID00642424 DTXSID20528397 DTXSID20587863 DTXSID40766279 DTXSID70534660 DTXSID00162036 DTXSID00145324
DTXSID40217079	DTXSID40821059 DTXSID10159977 DTXSID90530760 DTXSID00460600 DTXSID10511778 DTXSID60278708 DTXSID60544819 DTXSID00381442 DTXSID50618790 DTXSID40420561 DTXSID60288928 DTXSID00512653 DTXSID00408603 DTXSID70502324 DTXSID80588154 DTXSID50713451 DTXSID20459172 DTXSID1020770 DTXSID40437235 DTXSID30843725
DTXSID90709196	DTXSID90361339 DTXSID60728172 DTXSID00364871 DTXSID20656467 DTXSID30290316 DTXSID00421630 DTXSID70327473 DTXSID00768097 DTXSID6040371 DTXSID3044592 DTXSID20428787 DTXSID20857598 DTXSID00795722 DTXSID60508234 DTXSID30367673 DTXSID7058048 DTXSID60825514 DTXSID40620145 DTXSID10342625 DTXSID30274378
DTXSID00514839	DTXSID80365068 DTXSID00505505 DTXSID40474802 DTXSID00352677 DTXSID50639965 DTXSID30376220 DTXSID80769784 DTXSID8069565 DTXSID60704259 DTXSID70584509 DTXSID80774393 DTXSID50196109 DTXSID90467087 DTXSID00611953 DTXSID60487010 DTXSID90602815 DTXSID40543204 DTXSID70711292 DTXSID10508168 DTXSID90579073
DTXSID20371406	DTXSID00279294 DTXSID20180252 DTXSID00461157 DTXSID80191703 DTXSID50175959 DTXSID20610786 DTXSID00701106 DTXSID80627991 DTXSID90354120 DTXSID00651511 DTXSID80404406 DTXSID50546887 DTXSID10482131 DTXSID70749176 DTXSID30453025 DTXSID90365938 DTXSID40408041 DTXSID50206878 DTXSID30178327 DTXSID90292093
DTXSID50534885	DTXSID0060066 DTXSID90302949 DTXSID20734618 DTXSID30727894 DTXSID00510558 DTXSID10653869 DTXSID20699051 DTXSID70703874 DTXSID30225522 DTXSID00320477 DTXSID30819187 DTXSID70233722 DTXSID30805681 DTXSID70877569 DTXSID50814992 DTXSID90702066 DTXSID60193886 DTXSID00198572 DTXSID80208300 DTXSID10575971
DTXSID70823546	DTXSID10782320 DTXSID00823534 DTXSID4070378 DTXSID70880598 DTXSID70880417 DTXSID40156575 DTXSID00454862 DTXSID00832722 DTXSID30155996 DTXSID40652547 DTXSID30851507 DTXSID40823497 DTXSID50783619 DTXSID80773083 DTXSID30825102 DTXSID40333127 DTXSID40823492 DTXSID60152170 DTXSID80436722 DTXSID30773912
DTXSID80321321	DTXSID80729868 DTXSID50315419 DTXSID80620088 DTXSID40694588 DTXSID70805822 DTXSID10181551 DTXSID10732825 DTXSID70287543 DTXSID50306463 DTXSID80190337 DTXSID80279131 DTXSID50437069 DTXSID40674183 DTXSID00618008 DTXSID20778436 DTXSID70185176 DTXSID90419526 DTXSID70820898 DTXSID60707765 DTXSID20406545
DTXSID00234328	DTXSID3061683 DTXSID80675912 DTXSID70284875 DTXSID30584969 DTXSID70747839 DTXSID30744627 DTXSID10288877 DTXSID10225444 DTXSID30694279 DTXSID60638580 DTXSID00421579 DTXSID70571636 DTXSID30725678 DTXSID30624394 DTXSID90783517 DTXSID90823164 DTXSID00307723 DTXSID10589215 DTXSID20722459 DTXSID60177085
DTXSID50810611	DTXSID90731876 DTXSID40304150 DTXSID60340196 DTXSID90475203 DTXSID80443794 DTXSID20445318 DTXSID10307537 DTXSID50368783 DTXSID50639945 DTXSID20566037 DTXSID10174660 DTXSID20581402 DTXSID90734423 DTXSID00511328 DTXSID20161445 DTXSID80740972 DTXSID30420691 DTXSID7044506 DTXSID00434109 DTXSID50660118
DTXSID30479306	DTXSID70716782 DTXSID30377777 DTXSID80817239 DTXSID70639043 DTXSID40852060 DTXSID70675345 DTXSID50887924 DTXSID10771512 DTXSID10292631 DTXSID50766987 DTXSID50437584 DTXSID70808616 DTXSID60790112 DTXSID30886990 DTXSID10802714 DTXSID40711249 DTXSID80830084 DTXSID10607125 DTXSID70459546 DTXSID70325651
DTXSID70576904	DTXSID00662940 DTXSID10186102 DTXSID80831692 DTXSID60733827 DTXSID1020724 DTXSID10157079 DTXSID30725613 DTXSID20561608 DTXSID20680303 DTXSID90645348 DTXSID50681767 DTXSID20391189 DTXSID20368533 DTXSID0020492 DTXSID10458452 DTXSID80726635 DTXSID80279772 DTXSID30640938 DTXSID80154818 DTXSID40649795
DTXSID3075335	DTXSID00515129 DTXSID60682265 DTXSID00658368 DTXSID50345231 DTXSID60866760 DTXSID90798186 DTXSID90321852 DTXSID40556238 DTXSID80198656 DTXSID50761336 DTXSID00307829 DTXSID10506048 DTXSID30675245 DTXSID60486664 DTXSID30502461 DTXSID30798185 DTXSID20793487 DTXSID50210773 DTXSID40727906 DTXSID10766741
DTXSID60495337	DTXSID70548989 DTXSID80612887 DTXSID60164793 DTXSID80712154 DTXSID40358239 DTXSID10634274 DTXSID80552613 DTXSID80395860 DTXSID30879706 DTXSID20754836 DTXSID20499770 DTXSID20540610 DTXSID30574885 DTXSID90444156 DTXSID10827381 DTXSID20307184 DTXSID10541414 DTXSID00474121 DTXSID80292163 DTXSID70853323
DTXSID20677536	DTXSID90767216 DTXSID10558300 DTXSID10188005 DTXSID00447830 DTXSID00588297 DTXSID70186380 DTXSID40415351 DTXSID4059251 DTXSID30175174 DTXSID80436641 DTXSID10876652 DTXSID80561866 DTXSID70548964 DTXSID20306137 DTXSID90383879 DTXSID90794901 DTXSID50368642 DTXSID80218944 DTXSID10154664 DTXSID00576694
DTXSID90584728	DTXSID10217122 DTXSID80620169 DTXSID60694580 DTXSID10525991 DTXSID90281785 DTXSID60444729 DTXSID00398893 DTXSID40654925 DTXSID50805002 DTXSID20660908 DTXSID70660978 DTXSID80649850 DTXSID00317766 DTXSID60621654 DTXSID00541347 DTXSID30729499 DTXSID20640624 DTXSID40775765 DTXSID60840166 DTXSID20525200
DTXSID30651887	DTXSID60646468 DTXSID90625201 DTXSID20661910 DTXSID80480467 DTXSID50608176 DTXSID60885815 DTXSID40371741 DTXSID30178327 DTXSID80619210 DTXSID30628892 DTXSID10482131 DTXSID60427936 DTXSID00619752 DTXSID80175922 DTXSID10364029 DTXSID50602750 DTXSID00651511 DTXSID20236506 DTXSID40354256 DTXSID00186358
DTXSID50655685	DTXSID30385716 DTXSID20793487 DTXSID90751271 DTXSID40662505 DTXSID80709549 DTXSID00813511 DTXSID30675245 DTXSID30336223 DTXSID00504311 DTXSID80630541 DTXSID30798185 DTXSID10470659 DTXSID90798186 DTXSID30639701 DTXSID50761336 DTXSID60783822 DTXSID30816550 DTXSID40239670 DTXSID80768717 DTXSID20550310
DTXSID90751933	DTXSID70614092 DTXSID60642041 DTXSID10149196 DTXSID80438044 DTXSID70880654 DTXSID60881211 DTXSID4052423 DTXSID00655190 DTXSID60241518 DTXSID20357760 DTXSID00757749 DTXSID20434202 DTXSID70733176 DTXSID60184032 DTXSID10699207 DTXSID60448429 DTXSID50639889 DTXSID70439005 DTXSID30544962 DTXSID10144484
DTXSID70730145	DTXSID60702573 DTXSID30199370 DTXSID50390706 DTXSID20746397 DTXSID70743614 DTXSID50160981 DTXSID90650230 DTXSID60277534 DTXSID30848715 DTXSID40243196 DTXSID40306199 DTXSID10484514 DTXSID60292449 DTXSID40832302 DTXSID90792028 DTXSID90755017 DTXSID10606552 DTXSID00542470 DTXSID80885534 DTXSID70425867
DTXSID80715221	DTXSID10307355 DTXSID90526623 DTXSID10436654 DTXSID40701589 DTXSID30739033 DTXSID60738998 DTXSID30195034 DTXSID50286514 DTXSID70527512 DTXSID90850096 DTXSID80175861 DTXSID60764510 DTXSID10594844 DTXSID20880720 DTXSID90447248 DTXSID80284725 DTXSID10410373 DTXSID20351581 DTXSID30852630 DTXSID20580571
DTXSID40378694	DTXSID70158284 DTXSID10489948 DTXSID40724415 DTXSID50568201 DTXSID60402369 DTXSID20479512 DTXSID00323882 DTXSID20803419 DTXSID50363339 DTXSID90238799 DTXSID70594865 DTXSID80660101 DTXSID80696829 DTXSID00358154 DTXSID60636561 DTXSID50187390 DTXSID00805870 DTXSID60768295 DTXSID10345757 DTXSID00553187
DTXSID00531006	DTXSID20599643 DTXSID70879422 DTXSID90462032 DTXSID10845828 DTXSID50518867 DTXSID10561314 DTXSID10530126 DTXSID50507099 DTXSID90379515 DTXSID10539896 DTXSID70768463 DTXSID40192433 DTXSID00727482 DTXSID70177915 DTXSID10633489 DTXSID30624172 DTXSID80633077 DTXSID60482060 DTXSID60437131 DTXSID20408963
DTXSID30757297	DTXSID00697813 DTXSID40786316 DTXSID60786151 DTXSID80577280 DTXSID70642456 DTXSID30818574 DTXSID70835922 DTXSID30849888 DTXSID70379053 DTXSID30632272 DTXSID60836468 DTXSID30313034 DTXSID30201705 DTXSID60695476 DTXSID20547043 DTXSID90578445 DTXSID80795366 DTXSID70529475 DTXSID50559694 DTXSID80402341
DTXSID20656245	DTXSID80230045 DTXSID70737457 DTXSID70213504 DTXSID00645617 DTXSID70219349 DTXSID40645570 DTXSID80557643 DTXSID70424335 DTXSID40180118 DTXSID50425981 DTXSID40380191 DTXSID50808356 DTXSID70191530 DTXSID40622548 DTXSID20364156 DTXSID80284503 DTXSID30234336 DTXSID40741081 DTXSID90668739 DTXSID40430408
DTXSID80483231	DTXSID20206981 DTXSID70750944 DTXSID40467239 DTXSID60601471 DTXSID3063095 DTXSID70545993 DTXSID60354011 DTXSID50322764 DTXSID90391712 DTXSID70856511 DTXSID10579015 DTXSID60727382 DTXSID90850894 DTXSID80391302 DTXSID80486469 DTXSID00879551 DTXSID60647298 DTXSID80801294 DTXSID40504138 DTXSID90596028
DTXSID90610016	DTXSID80625518 DTXSID20627273 DTXSID70840778 DTXSID60334732 DTXSID20793129 DTXSID20337941 DTXSID40604041 DTXSID80824408 DTXSID60627272 DTXSID30768005 DTXSID10579631 DTXSID60768018 DTXSID60767243 DTXSID10338028 DTXSID40767246 DTXSID40718915 DTXSID60818128 DTXSID00498408 DTXSID40338031 DTXSID00402808
DTXSID50701217	DTXSID80440703 DTXSID50473503 DTXSID90718526 DTXSID70282538 DTXSID10529858 DTXSID70360269 DTXSID30385655 DTXSID90213687 DTXSID60570299 DTXSID30595898 DTXSID10698513 DTXSID80786658 DTXSID70801288 DTXSID00781261 DTXSID10568641 DTXSID10335956 DTXSID30388904 DTXSID40589743 DTXSID50150201 DTXSID40386395
DTXSID50311754	DTXSID10597118 DTXSID30744748 DTXSID50589734 DTXSID40430185 DTXSID60422946 DTXSID40507280 DTXSID60667436 DTXSID10554766 DTXSID10355573 DTXSID60528699 DTXSID60201778 DTXSID60446501 DTXSID70405624 DTXSID70729791 DTXSID00766412 DTXSID60737648 DTXSID70803545 DTXSID10501119 DTXSID00487938 DTXSID90567430
DTXSID00773323	DTXSID60443191 DTXSID40818848 DTXSID00398232 DTXSID70748205 DTXSID40624108 DTXSID20190891 DTXSID6070435 DTXSID80326235 DTXSID70488179 DTXSID50303811 DTXSID40650629 DTXSID50336265 DTXSID1041764 DTXSID50352288 DTXSID10517078 DTXSID50308568 DTXSID50292099 DTXSID60435793 DTXSID80468664 DTXSID60897039
DTXSID80588290	DTXSID10850376 DTXSID60809374 DTXSID70425867 DTXSID90755017 DTXSID30589373 DTXSID20424284 DTXSID00317766 DTXSID30729499 DTXSID50196028 DTXSID30675508 DTXSID40596295 DTXSID80620169 DTXSID60462105 DTXSID80608826 DTXSID10642415 DTXSID20660908 DTXSID60694580 DTXSID10606552 DTXSID60277534 DTXSID50495023
DTXSID00811431	DTXSID40559067 DTXSID70857447 DTXSID40456163 DTXSID00178112 DTXSID90628893 DTXSID70438513 DTXSID80214022 DTXSID40279773 DTXSID80704312 DTXSID80857236 DTXSID10463324 DTXSID80215670 DTXSID00570016 DTXSID00302495 DTXSID20785226 DTXSID20351187 DTXSID00614904 DTXSID00323564 DTXSID00606703 DTXSID90343534
DTXSID20324558	DTXSID40513705 DTXSID90337312 DTXSID70353035 DTXSID50427945 DTXSID60396875 DTXSID30607723 DTXSID60668726 DTXSID30175614 DTXSID20667790 DTXSID90401582 DTXSID90506460 DTXSID50561535 DTXSID70400710 DTXSID40349703 DTXSID30397253 DTXSID00428225 DTXSID10646857 DTXSID00372794 DTXSID40293651 DTXSID00197560
DTXSID70235529	DTXSID80439612 DTXSID50181656 DTXSID70873662 DTXSID00503783 DTXSID20605314 DTXSID70597735 DTXSID70813427 DTXSID90793535 DTXSID50400551 DTXSID50818157 DTXSID00469355 DTXSID30371457 DTXSID50179518 DTXSID40533160 DTXSID70276593 DTXSID30852256 DTXSID60622580 DTXSID00374899 DTXSID30177557 DTXSID0061327
DTXSID20879053	DTXSID40629911 DTXSID80404406 DTXSID30676873 DTXSID00199842 DTXSID10726481 DTXSID30305550 DTXSID40615374 DTXSID00701106 DTXSID20677798 DTXSID90694957 DTXSID20655894 DTXSID50206878 DTXSID00279294 DTXSID50175959 DTXSID50453587 DTXSID10379411 DTXSID90292093 DTXSID20371406 DTXSID4025903 DTXSID50546887
DTXSID90565613	DTXSID40734110 DTXSID10766741 DTXSID50210773 DTXSID10672217 DTXSID10568929 DTXSID00307829 DTXSID50234732 DTXSID90284832 DTXSID60866760 DTXSID60486664 DTXSID80198656 DTXSID00720110 DTXSID00658368 DTXSID30502461 DTXSID60682265 DTXSID90321852 DTXSID70876951 DTXSID20167427 DTXSID20612381 DTXSID10765032
DTXSID10716180	DTXSID70735690 DTXSID90618678 DTXSID10622999 DTXSID80740250 DTXSID30678938 DTXSID00356670 DTXSID60588576 DTXSID00356392 DTXSID40549529 DTXSID50409029 DTXSID80679718 DTXSID00218749 DTXSID20368194 DTXSID50512269 DTXSID80710670 DTXSID20405593 DTXSID10618519 DTXSID00467412 DTXSID10202078 DTXSID30668930
DTXSID20879058	DTXSID30343679 DTXSID40661659 DTXSID00681055 DTXSID20383685 DTXSID00377007 DTXSID80436661 DTXSID10308665 DTXSID80597943 DTXSID50737516 DTXSID90722921 DTXSID30671904 DTXSID70382567 DTXSID70142845 DTXSID90370966 DTXSID90693208 DTXSID20477518 DTXSID90631125 DTXSID10702806 DTXSID90348968 DTXSID40348731
DTXSID70841881	DTXSID40460861 DTXSID80668364 DTXSID70579652 DTXSID10556543 DTXSID40681493 DTXSID70296791 DTXSID00326035 DTXSID10430339 DTXSID20444028 DTXSID50602699 DTXSID00165648 DTXSID40415351 DTXSID90284453 DTXSID30797451 DTXSID30823229 DTXSID90722587 DTXSID40468084 DTXSID70662836 DTXSID90383879 DTXSID20296483
DTXSID70167255	DTXSID90499429 DTXSID00445639 DTXSID00202365 DTXSID50460438 DTXSID00377183 DTXSID90291501 DTXSID70182509 DTXSID10443666 DTXSID60604220 DTXSID20307866 DTXSID40339083 DTXSID00652780 DTXSID4047541 DTXSID00679558 DTXSID00171840 DTXSID70849923 DTXSID20456106 DTXSID40395861 DTXSID10439620 DTXSID50562800
DTXSID40544115	DTXSID40757804 DTXSID40458723 DTXSID00446262 DTXSID50226213 DTXSID10505753 DTXSID70317031 DTXSID70218155 DTXSID50716907 DTXSID50801589 DTXSID30324529 DTXSID6065052 DTXSID70671600 DTXSID80463053 DTXSID80467394 DTXSID60312176 DTXSID70591854 DTXSID30718969 DTXSID00409352 DTXSID10501472 DTXSID30458691
DTXSID80740972	DTXSID10174660 DTXSID50639945 DTXSID60340196 DTXSID00511328 DTXSID80486469 DTXSID40504138 DTXSID00879551 DTXSID80589580 DTXSID90475203 DTXSID10307537 DTXSID90731876 DTXSID30705071 DTXSID50810611 DTXSID20721068 DTXSID00465357 DTXSID70193337 DTXSID70750944 DTXSID20206981 DTXSID30190943 DTXSID40304150
DTXSID50605327	DTXSID70579435 DTXSID50738063 DTXSID60830143 DTXSID70505355 DTXSID20364550 DTXSID60310778 DTXSID90513917 DTXSID00876525 DTXSID20278103 DTXSID50538186 DTXSID50217681 DTXSID50576684 DTXSID80763489 DTXSID80790533 DTXSID00813839 DTXSID00590557 DTXSID40642064 DTXSID80694441 DTXSID10482090 DTXSID30620730
DTXSID40804983	DTXSID50561575 DTXSID70528064 DTXSID50217121 DTXSID50664858 DTXSID50313596 DTXSID90479640 DTXSID40733941 DTXSID70788843 DTXSID20595206 DTXSID00592430 DTXSID40767105 DTXSID30468098 DTXSID80424169 DTXSID50561257 DTXSID50275968 DTXSID10442876 DTXSID50804050 DTXSID70610372 DTXSID40147746 DTXSID10371692
DTXSID10360203	DTXSID90374489 DTXSID40507301 DTXSID70622516 DTXSID30209468 DTXSID30511391 DTXSID30787998 DTXSID60797262 DTXSID70568940 DTXSID70538027 DTXSID40211431 DTXSID70364505 DTXSID30308384 DTXSID60172398 DTXSID40186832 DTXSID80590055 DTXSID90801907 DTXSID90238138 DTXSID60614763 DTXSID20308030 DTXSID50446232
DTXSID60755463	DTXSID60326112 DTXSID00475971 DTXSID60715522 DTXSID00485712 DTXSID00408825 DTXSID60344396 DTXSID30309250 DTXSID90768723 DTXSID00738654 DTXSID80678185 DTXSID30303798 DTXSID00355729 DTXSID50455440 DTXSID90845265 DTXSID30290033 DTXSID00810702 DTXSID70637802 DTXSID90200471 DTXSID50682239 DTXSID30770906
DTXSID20406904	DTXSID70705999 DTXSID50846995 DTXSID00507589 DTXSID80790210 DTXSID10467160 DTXSID90778807 DTXSID50232172 DTXSID80282928 DTXSID00501204 DTXSID30781931 DTXSID80576238 DTXSID70450932 DTXSID10439569 DTXSID30508241 DTXSID30530426 DTXSID30627320 DTXSID50539234 DTXSID90770189 DTXSID00540491 DTXSID80804386
DTXSID30149274	DTXSID60558138 DTXSID90213187 DTXSID90330909 DTXSID40738597 DTXSID00533141 DTXSID90790605 DTXSID90209803 DTXSID80735383 DTXSID80713888 DTXSID60790258 DTXSID00604441 DTXSID10737734 DTXSID90490436 DTXSID50460918 DTXSID40745100 DTXSID40396919 DTXSID80561604 DTXSID00511303 DTXSID10175430 DTXSID30777990
DTXSID30540282	DTXSID90554466 DTXSID30730641 DTXSID70524783 DTXSID00184258 DTXSID70828773 DTXSID50694473 DTXSID90499161 DTXSID70221826 DTXSID60744317 DTXSID00619277 DTXSID4061254 DTXSID90205022 DTXSID90715717 DTXSID90431228 DTXSID40210161 DTXSID90499641 DTXSID00315606 DTXSID70395213 DTXSID70383473 DTXSID20612902
DTXSID70735690	DTXSID10716180 DTXSID90618678 DTXSID50409029 DTXSID30668930 DTXSID80710670 DTXSID00356670 DTXSID10622999 DTXSID30361752 DTXSID00218749 DTXSID00356392 DTXSID40549529 DTXSID20368194 DTXSID60588576 DTXSID00598078 DTXSID80740250 DTXSID10879688 DTXSID80679718 DTXSID30678938 DTXSID30591214 DTXSID70197592
DTXSID00892301	DTXSID00710076 DTXSID70805761 DTXSID8070128 DTXSID40770194 DTXSID30714603 DTXSID3042003 DTXSID40659197 DTXSID3026564 DTXSID60300730 DTXSID00884246 DTXSID90883243 DTXSID30300722 DTXSID60276426 DTXSID60460363 DTXSID7070478 DTXSID9051741 DTXSID30819268 DTXSID40880888 DTXSID00841374 DTXSID80893735
DTXSID80435174	DTXSID7072040 DTXSID6070431 DTXSID20373501 DTXSID80761743 DTXSID60657655 DTXSID40847931 DTXSID10824153 DTXSID20242945 DTXSID10166560 DTXSID20755202 DTXSID60872285 DTXSID50782980 DTXSID20544754 DTXSID90759777 DTXSID30710786 DTXSID50507599 DTXSID10511157 DTXSID50767838 DTXSID20181421 DTXSID10767839
DTXSID90475203	DTXSID90731876 DTXSID50660118 DTXSID50810611 DTXSID10174660 DTXSID30705071 DTXSID70193337 DTXSID60340196 DTXSID20445318 DTXSID60294322 DTXSID50639945 DTXSID20566037 DTXSID20581402 DTXSID80740972 DTXSID80789447 DTXSID50354888 DTXSID40304150 DTXSID00434109 DTXSID40725124 DTXSID90734423 DTXSID90832034
DTXSID1025693	DTXSID10834858 DTXSID60481972 DTXSID50649605 DTXSID60649439 DTXSID60635918 DTXSID90696310 DTXSID10393859 DTXSID10428534 DTXSID5041190 DTXSID90453768 DTXSID60742252 DTXSID50427884 DTXSID10829527 DTXSID40191628 DTXSID20834965 DTXSID50640470 DTXSID70874098 DTXSID60540114 DTXSID90289180 DTXSID30595277
DTXSID70332567	DTXSID60206622 DTXSID80238203 DTXSID70364525 DTXSID10711857 DTXSID00609077 DTXSID70876658 DTXSID60769580 DTXSID90469167 DTXSID50558329 DTXSID50191730 DTXSID70283005 DTXSID70401363 DTXSID90748989 DTXSID40697039 DTXSID40404068 DTXSID30787852 DTXSID80668581 DTXSID40857297 DTXSID60640062 DTXSID00571407
DTXSID60854566	DTXSID10591237 DTXSID40334755 DTXSID00227472 DTXSID40781609 DTXSID90769098 DTXSID60232926 DTXSID00637274 DTXSID40795620 DTXSID50309898 DTXSID10634658 DTXSID50818238 DTXSID80806628 DTXSID20337941 DTXSID10579631 DTXSID90826973 DTXSID20793129 DTXSID60501967 DTXSID70840778 DTXSID40604041 DTXSID10338028
DTXSID30340426	DTXSID20459137 DTXSID80332674 DTXSID50786221 DTXSID60339080 DTXSID60219237 DTXSID40285733 DTXSID00542970 DTXSID20636986 DTXSID4062519 DTXSID20813437 DTXSID80771201 DTXSID10468334 DTXSID10472219 DTXSID60183020 DTXSID70825323 DTXSID20203379 DTXSID80615999 DTXSID70507091 DTXSID90464854 DTXSID30524340
DTXSID60196817	DTXSID80533624 DTXSID70317677 DTXSID20344438 DTXSID80799980 DTXSID80554975 DTXSID50642050 DTXSID50876373 DTXSID40821998 DTXSID40453516 DTXSID40211577 DTXSID10314701 DTXSID00284505 DTXSID60790354 DTXSID70487026 DTXSID40238805 DTXSID10732143 DTXSID30626050 DTXSID90585831 DTXSID90473481 DTXSID70223906
DTXSID80395209	DTXSID00225594 DTXSID80426981 DTXSID70170209 DTXSID20801894 DTXSID00277659 DTXSID10621083 DTXSID00749821 DTXSID10310021 DTXSID90669645 DTXSID20367369 DTXSID10703373 DTXSID90400712 DTXSID00858129 DTXSID50618174 DTXSID50462957 DTXSID80724393 DTXSID60143962 DTXSID40415492 DTXSID80742936 DTXSID00343681
DTXSID50375033	DTXSID70212375 DTXSID00425552 DTXSID80645312 DTXSID70173750 DTXSID3073397 DTXSID40501208 DTXSID60459959 DTXSID00374031 DTXSID70876658 DTXSID00404887 DTXSID90799638 DTXSID2041963 DTXSID20390950 DTXSID90411444 DTXSID30788642 DTXSID70283005 DTXSID60206622 DTXSID70364525 DTXSID50558329 DTXSID20435693
DTXSID60626947	DTXSID50220892 DTXSID30468391 DTXSID80431818 DTXSID40621910 DTXSID20503104 DTXSID30375137 DTXSID10403669 DTXSID90591699 DTXSID70445949 DTXSID10519178 DTXSID50825200 DTXSID00711265 DTXSID80661133 DTXSID80281698 DTXSID00220882 DTXSID70509853 DTXSID8058827 DTXSID30344888 DTXSID90373674 DTXSID80183441
DTXSID60710239	DTXSID50345554 DTXSID40311824 DTXSID50399370 DTXSID90473522 DTXSID20562958 DTXSID20774958 DTXSID90349172 DTXSID30410198 DTXSID50735557 DTXSID40489330 DTXSID10177959 DTXSID00341086 DTXSID00831917 DTXSID40286260 DTXSID00343681 DTXSID00744412 DTXSID70514624 DTXSID40831916 DTXSID80791282 DTXSID40403172
DTXSID40588413	DTXSID80736618 DTXSID60217359 DTXSID20485012 DTXSID80572891 DTXSID40513381 DTXSID00485015 DTXSID30395633 DTXSID60532291 DTXSID60842746 DTXSID10826758 DTXSID80604707 DTXSID60856080 DTXSID60284824 DTXSID10726820 DTXSID30452775 DTXSID50849961 DTXSID90185370 DTXSID90185572 DTXSID40674385 DTXSID70584923
DTXSID20800625	DTXSID30218656 DTXSID40286023 DTXSID50615143 DTXSID80723124 DTXSID20217653 DTXSID2073017 DTXSID90199836 DTXSID20817531 DTXSID70713711 DTXSID80768398 DTXSID4063870 DTXSID60611979 DTXSID90542560 DTXSID20205954 DTXSID70467883 DTXSID00750538 DTXSID60433259 DTXSID10448196 DTXSID10290430 DTXSID20748694
DTXSID00770211	DTXSID90772825 DTXSID80526096 DTXSID10769772 DTXSID50858831 DTXSID80781542 DTXSID40781063 DTXSID30451107 DTXSID80763020 DTXSID60769626 DTXSID40771787 DTXSID80444544 DTXSID10418177 DTXSID80798099 DTXSID20735842 DTXSID70327857 DTXSID3068883 DTXSID20240441 DTXSID60850189 DTXSID90437669 DTXSID40813393
DTXSID90480155	DTXSID50597576 DTXSID70444013 DTXSID10659745 DTXSID50458315 DTXSID60876965 DTXSID70402698 DTXSID30651201 DTXSID60671553 DTXSID20290527 DTXSID80640322 DTXSID20579647 DTXSID80339067 DTXSID30392965 DTXSID80856784 DTXSID50473745 DTXSID00154719 DTXSID50441368 DTXSID50421640 DTXSID20406161 DTXSID00780936
DTXSID80499756	DTXSID80451819 DTXSID40802984 DTXSID90719896 DTXSID40146198 DTXSID90295286 DTXSID90529396 DTXSID00719266 DTXSID50542425 DTXSID00373504 DTXSID60533122 DTXSID10588026 DTXSID80177047 DTXSID40286048 DTXSID30354361 DTXSID90707511 DTXSID9057680 DTXSID00755265 DTXSID40546452 DTXSID40325042 DTXSID10481523
DTXSID50656218	DTXSID8036653 DTXSID70562589 DTXSID90306129 DTXSID80402341 DTXSID70674131 DTXSID80519504 DTXSID40490688 DTXSID90182288 DTXSID30496230 DTXSID90527650 DTXSID30537475 DTXSID40276348 DTXSID10371591 DTXSID90578445 DTXSID00774294 DTXSID70379053 DTXSID50844436 DTXSID30201705 DTXSID00462285 DTXSID00390958
DTXSID00676663	DTXSID00287793 DTXSID60828121 DTXSID10607786 DTXSID20356697 DTXSID00174816 DTXSID90405863 DTXSID90556708 DTXSID20217613 DTXSID20372397 DTXSID90375774 DTXSID90152749 DTXSID80549528 DTXSID30222415 DTXSID50389458 DTXSID20831095 DTXSID60618160 DTXSID20438164 DTXSID50170540 DTXSID00700114 DTXSID60669213
DTXSID20528296	DTXSID6041501 DTXSID50341793 DTXSID20633374 DTXSID80641117 DTXSID20350337 DTXSID10534447 DTXSID90885863 DTXSID50285360 DTXSID70666273 DTXSID10392968 DTXSID70534448 DTXSID50195879 DTXSID40560431 DTXSID40552518 DTXSID60533288 DTXSID60533889 DTXSID20759705 DTXSID70663580 DTXSID00586415 DTXSID60623592
DTXSID60711948	DTXSID20624303 DTXSID00594772 DTXSID50310747 DTXSID40747321 DTXSID30653301 DTXSID50230830 DTXSID60443631 DTXSID9041445 DTXSID40794991 DTXSID80523868 DTXSID90374045 DTXSID00350315 DTXSID60365925 DTXSID90614711 DTXSID10565357 DTXSID80817057 DTXSID00472844 DTXSID30466650 DTXSID90787550 DTXSID70618434
DTXSID90339518	DTXSID20478080 DTXSID80615616 DTXSID2037714 DTXSID00550772 DTXSID70789032 DTXSID80340113 DTXSID40343786 DTXSID00334771 DTXSID30394525 DTXSID4052051 DTXSID10567932 DTXSID60202720 DTXSID20342651 DTXSID70675643 DTXSID90294037 DTXSID90520888 DTXSID70826875 DTXSID10655964 DTXSID10334005 DTXSID90223322
DTXSID90375214	DTXSID60761685 DTXSID90277789 DTXSID80660707 DTXSID90565294 DTXSID20503927 DTXSID30463806 DTXSID90847486 DTXSID20229796 DTXSID90536565 DTXSID30753395 DTXSID70487304 DTXSID10599056 DTXSID10682199 DTXSID00507064 DTXSID00632961 DTXSID40163406 DTXSID50878074 DTXSID20540059 DTXSID00715541 DTXSID50840392
DTXSID5070232	DTXSID50694498 DTXSID90796884 DTXSID90179991 DTXSID20185808 DTXSID00428568 DTXSID30819304 DTXSID80637257 DTXSID30526586 DTXSID00612400 DTXSID10715779 DTXSID10590381 DTXSID70477947 DTXSID00678208 DTXSID70759654 DTXSID10518727 DTXSID50767131 DTXSID10772928 DTXSID00802182 DTXSID0024266 DTXSID40682364
DTXSID10767591	DTXSID60192657 DTXSID50716063 DTXSID30241787 DTXSID80700137 DTXSID2046836 DTXSID00427450 DTXSID10839444 DTXSID00346298 DTXSID10787436 DTXSID20702716 DTXSID90420798 DTXSID70545195 DTXSID50601243 DTXSID20525200 DTXSID30615166 DTXSID40308254 DTXSID00291855 DTXSID50321954 DTXSID90624532 DTXSID20536750
DTXSID10810950	DTXSID80424684 DTXSID00551229 DTXSID10735396 DTXSID00165183 DTXSID30838752 DTXSID10739596 DTXSID90353012 DTXSID10177550 DTXSID20384834 DTXSID8060610 DTXSID90595591 DTXSID30747335 DTXSID20325065 DTXSID00681999 DTXSID00299730 DTXSID20441052 DTXSID50214857 DTXSID10675647 DTXSID20708955 DTXSID80143106
DTXSID30438498	DTXSID10724700 DTXSID70499624 DTXSID30150880 DTXSID00423917 DTXSID50399335 DTXSID60486225 DTXSID70740461 DTXSID20640220 DTXSID20618883 DTXSID00357142 DTXSID90451623 DTXSID40173409 DTXSID70603769 DTXSID10160907 DTXSID70700803 DTXSID70291822 DTXSID3059268 DTXSID20183980 DTXSID40511105 DTXSID20368654
DTXSID20212022	DTXSID2047016 DTXSID90547797 DTXSID90462572 DTXSID20363508 DTXSID60295354 DTXSID90622492 DTXSID10555091 DTXSID40297775 DTXSID20369429 DTXSID00181464 DTXSID60473115 DTXSID70165236 DTXSID80549528 DTXSID00462684 DTXSID30631402 DTXSID60669213 DTXSID80570918 DTXSID20295517 DTXSID10619405 DTXSID90540400
DTXSID10734102	DTXSID30818135 DTXSID40278382 DTXSID90303658 DTXSID40664842 DTXSID40516559 DTXSID00292206 DTXSID40309307 DTXSID90290453 DTXSID90301614 DTXSID10606431 DTXSID40439279 DTXSID40418766 DTXSID10579757 DTXSID40171566 DTXSID40309645 DTXSID30400852 DTXSID70365476 DTXSID90352964 DTXSID40629370 DTXSID50228333
DTXSID10772044	DTXSID70531250 DTXSID00529488 DTXSID50290732 DTXSID7041966 DTXSID70737932 DTXSID60835597 DTXSID30789412 DTXSID90401769 DTXSID80338510 DTXSID60796033 DTXSID10704628 DTXSID10471782 DTXSID60148270 DTXSID90611083 DTXSID00173001 DTXSID20796933 DTXSID60649297 DTXSID30560844 DTXSID40719366 DTXSID50653984
DTXSID50885905	DTXSID60390353 DTXSID70436675 DTXSID80527407 DTXSID40620483 DTXSID00509528 DTXSID10398708 DTXSID9059541 DTXSID00443695 DTXSID30549811 DTXSID80356693 DTXSID40741864 DTXSID30790189 DTXSID20386156 DTXSID10692879 DTXSID20285978 DTXSID90340548 DTXSID00771248 DTXSID40326736 DTXSID90330247 DTXSID20747682
DTXSID00289651	DTXSID00748374 DTXSID90220432 DTXSID50750765 DTXSID30730989 DTXSID50188948 DTXSID60708676 DTXSID00834569 DTXSID30848932 DTXSID50768805 DTXSID20563228 DTXSID70784865 DTXSID50572782 DTXSID10851661 DTXSID60704451 DTXSID20762693 DTXSID20565303 DTXSID20297955 DTXSID40413276 DTXSID40763243 DTXSID20627031
DTXSID3061683	DTXSID00234328 DTXSID70284875 DTXSID80675912 DTXSID30584969 DTXSID70747839 DTXSID30744627 DTXSID30694279 DTXSID70571636 DTXSID30624394 DTXSID10288877 DTXSID30725678 DTXSID10225444 DTXSID00421579 DTXSID90823164 DTXSID60638580 DTXSID10654715 DTXSID50662894 DTXSID40656404 DTXSID10589215 DTXSID00307723
DTXSID70896391	DTXSID20234486 DTXSID80349702 DTXSID30823663 DTXSID80854048 DTXSID80700652 DTXSID20476506 DTXSID90526002 DTXSID10423387 DTXSID80744314 DTXSID30812719 DTXSID00326515 DTXSID80222344 DTXSID40652300 DTXSID60327083 DTXSID10547911 DTXSID9073676 DTXSID20529607 DTXSID10628037 DTXSID00557064 DTXSID40624108
DTXSID80613192	DTXSID90597717 DTXSID10224533 DTXSID70300064 DTXSID70326042 DTXSID50214857 DTXSID10342286 DTXSID60284925 DTXSID70667604 DTXSID80613172 DTXSID60187083 DTXSID60305467 DTXSID50366168 DTXSID80552613 DTXSID30843644 DTXSID30574885 DTXSID20754836 DTXSID60164793 DTXSID20708955 DTXSID90444156 DTXSID00731302
DTXSID80292683	DTXSID40507644 DTXSID60233812 DTXSID60765587 DTXSID50452131 DTXSID30173276 DTXSID40430160 DTXSID20216666 DTXSID60542335 DTXSID10361513 DTXSID40404280 DTXSID50776829 DTXSID9072652 DTXSID30515874 DTXSID10626018 DTXSID30572083 DTXSID10311533 DTXSID10895944 DTXSID10528381 DTXSID80896180 DTXSID10609765
DTXSID10528048	DTXSID30813044 DTXSID90177215 DTXSID80503842 DTXSID80600986 DTXSID50828574 DTXSID90720684 DTXSID10732143 DTXSID80671277 DTXSID60885395 DTXSID60182518 DTXSID30209347 DTXSID30777990 DTXSID80374337 DTXSID20596874 DTXSID80345481 DTXSID40676425 DTXSID60667577 DTXSID40453516 DTXSID80323385 DTXSID60790354
DTXSID70366605	DTXSID30844757 DTXSID2041963 DTXSID60744312 DTXSID90401946 DTXSID20390950 DTXSID10796583 DTXSID90411444 DTXSID3073397 DTXSID40501208 DTXSID00539461 DTXSID30649502 DTXSID50660774 DTXSID00425552 DTXSID20482445 DTXSID60850028 DTXSID0059081 DTXSID00182971 DTXSID00243556 DTXSID70283005 DTXSID80627799
DTXSID50783619	DTXSID40652547 DTXSID00832722 DTXSID30155996 DTXSID30825102 DTXSID40219053 DTXSID30826654 DTXSID00148017 DTXSID00590274 DTXSID10856792 DTXSID30318408 DTXSID00454862 DTXSID30773912 DTXSID40823492 DTXSID20805392 DTXSID80320551 DTXSID00314351 DTXSID4070378 DTXSID10501255 DTXSID60152170 DTXSID70823546
DTXSID5059163	DTXSID40468781 DTXSID20697072 DTXSID30546042 DTXSID1058393 DTXSID70359355 DTXSID20177142 DTXSID30673827 DTXSID20390738 DTXSID40694422 DTXSID50802031 DTXSID60633636 DTXSID80503882 DTXSID20389647 DTXSID40729783 DTXSID20747682 DTXSID80534075 DTXSID70484651 DTXSID10191993 DTXSID20297238 DTXSID90771979
DTXSID60496546	DTXSID80545883 DTXSID60501962 DTXSID8040278 DTXSID90580922 DTXSID90567016 DTXSID90450050 DTXSID40508934 DTXSID90457286 DTXSID10357037 DTXSID30854210 DTXSID40710035 DTXSID70782861 DTXSID70243846 DTXSID80604328 DTXSID40482427 DTXSID10348884 DTXSID00511085 DTXSID50472117 DTXSID90578703 DTXSID30363079
DTXSID00809999	DTXSID60816720 DTXSID20536553 DTXSID20790537 DTXSID60149080 DTXSID70477528 DTXSID40776631 DTXSID20794979 DTXSID50811567 DTXSID30816737 DTXSID80742456 DTXSID40767706 DTXSID90804832 DTXSID60795081 DTXSID70842010 DTXSID80615474 DTXSID40636908 DTXSID40816743 DTXSID00632966 DTXSID30433605 DTXSID00787066
DTXSID4067771	DTXSID30596401 DTXSID20732598 DTXSID40507649 DTXSID40307383 DTXSID80228265 DTXSID10454999 DTXSID00484583 DTXSID60633570 DTXSID50778606 DTXSID4041236 DTXSID50337419 DTXSID30382886 DTXSID60651597 DTXSID00356771 DTXSID60487010 DTXSID0065933 DTXSID90480958 DTXSID20231591 DTXSID70509131 DTXSID00464688
DTXSID80668985	DTXSID20849776 DTXSID50457580 DTXSID30787675 DTXSID90392042 DTXSID10724003 DTXSID10347115 DTXSID10406736 DTXSID30857448 DTXSID70784289 DTXSID20632246 DTXSID50630270 DTXSID50535817 DTXSID70372307 DTXSID30440677 DTXSID80699496 DTXSID40701403 DTXSID90348983 DTXSID20705661 DTXSID40187203 DTXSID10735558
DTXSID10605303	DTXSID20415899 DTXSID00341061 DTXSID80843614 DTXSID00701489 DTXSID50670136 DTXSID30780585 DTXSID60787224 DTXSID40755587 DTXSID50445684 DTXSID40480100 DTXSID80652167 DTXSID5066748 DTXSID70453488 DTXSID00829036 DTXSID80509162 DTXSID60855957 DTXSID10708267 DTXSID60718134 DTXSID20306137 DTXSID80436641
DTXSID60818047	DTXSID30287165 DTXSID40823058 DTXSID70226876 DTXSID90654910 DTXSID70598186 DTXSID80851436 DTXSID40207955 DTXSID50293203 DTXSID40596033 DTXSID50705750 DTXSID10556700 DTXSID00468308 DTXSID10189714 DTXSID00489694 DTXSID40399561 DTXSID30828774 DTXSID40796495 DTXSID4066414 DTXSID80284801 DTXSID50181631
DTXSID40880888	DTXSID9051741 DTXSID00597728 DTXSID3042003 DTXSID80887654 DTXSID60598519 DTXSID3026564 DTXSID7070478 DTXSID50823948 DTXSID90883243 DTXSID60300730 DTXSID40707182 DTXSID50767959 DTXSID90404977 DTXSID50775332 DTXSID60460363 DTXSID00892301 DTXSID8070128 DTXSID10711458 DTXSID10712521 DTXSID00710076
DTXSID30594280	DTXSID00612400 DTXSID00355729 DTXSID10190002 DTXSID30586387 DTXSID50383330 DTXSID30819304 DTXSID70894756 DTXSID00428568 DTXSID10590381 DTXSID30568360 DTXSID60675213 DTXSID80200465 DTXSID60471818 DTXSID90768723 DTXSID10157478 DTXSID10772928 DTXSID50694498 DTXSID00810702 DTXSID00725468 DTXSID10766645
DTXSID70297561	DTXSID10756521 DTXSID90853663 DTXSID2073720 DTXSID70195316 DTXSID10185079 DTXSID40530558 DTXSID60328237 DTXSID90602714 DTXSID40484168 DTXSID70224791 DTXSID00672827 DTXSID3048316 DTXSID00386558 DTXSID70876815 DTXSID50841228 DTXSID10403003 DTXSID60564971 DTXSID50700765 DTXSID10667562 DTXSID40828260
DTXSID00382030	DTXSID50879142 DTXSID50704788 DTXSID00287899 DTXSID70274377 DTXSID80355863 DTXSID60742111 DTXSID00156475 DTXSID60646342 DTXSID30309654 DTXSID80596173 DTXSID30313635 DTXSID20429870 DTXSID90657865 DTXSID30761213 DTXSID70369696 DTXSID20758435 DTXSID80647497 DTXSID50343833 DTXSID40793823 DTXSID90629749
DTXSID00284580	DTXSID70385937 DTXSID20232129 DTXSID10696352 DTXSID90353299 DTXSID00443175 DTXSID70395778 DTXSID60429672 DTXSID20392196 DTXSID00532750 DTXSID10371410 DTXSID50830854 DTXSID80175902 DTXSID20145164 DTXSID20881333 DTXSID40393089 DTXSID50582785 DTXSID10760229 DTXSID70615746 DTXSID90371170 DTXSID20651932
DTXSID10363835	DTXSID70621620 DTXSID30671762 DTXSID40573142 DTXSID40463312 DTXSID20817016 DTXSID40408107 DTXSID00528951 DTXSID80722112 DTXSID20633955 DTXSID60551149 DTXSID20216742 DTXSID70594608 DTXSID10623385 DTXSID20696449 DTXSID70165837 DTXSID70315976 DTXSID00511085 DTXSID80744470 DTXSID00721127 DTXSID40722214
DTXSID40707566	DTXSID60423817 DTXSID40819355 DTXSID30210675 DTXSID50662258 DTXSID10605267 DTXSID80340739 DTXSID20889036 DTXSID20896780 DTXSID20235473 DTXSID60880648 DTXSID60768896 DTXSID20295330 DTXSID80872661 DTXSID80852064 DTXSID40887796 DTXSID60840328 DTXSID30769931 DTXSID60515882 DTXSID60552474 DTXSID40714614
DTXSID70500800	DTXSID00586415 DTXSID70663580 DTXSID70641121 DTXSID40552518 DTXSID10534447 DTXSID00847053 DTXSID6041501 DTXSID2061480 DTXSID10525294 DTXSID70534448 DTXSID90443725 DTXSID00613750 DTXSID90762589 DTXSID7044689 DTXSID60239536 DTXSID10828494 DTXSID20528296 DTXSID40783663 DTXSID60777408 DTXSID20350337
DTXSID00822466	DTXSID20345869 DTXSID70184189 DTXSID90596124 DTXSID70592240 DTXSID90223180 DTXSID00837752 DTXSID90310140 DTXSID40891611 DTXSID60642223 DTXSID10144424 DTXSID60190097 DTXSID00876505 DTXSID90667267 DTXSID70349170 DTXSID80325723 DTXSID50564682 DTXSID10676997 DTXSID40497511 DTXSID70645886 DTXSID50290212
DTXSID80434162	DTXSID70557910 DTXSID70275501 DTXSID60451392 DTXSID00651450 DTXSID00667551 DTXSID80464368 DTXSID60327528 DTXSID80509708 DTXSID30578828 DTXSID90346101 DTXSID40334154 DTXSID2072881 DTXSID10824299 DTXSID40508111 DTXSID20579586 DTXSID00391061 DTXSID20609170 DTXSID30489122 DTXSID00887994 DTXSID80470489
DTXSID30748463	DTXSID60519461 DTXSID60365268 DTXSID70721432 DTXSID20597482 DTXSID40446483 DTXSID50311390 DTXSID50479863 DTXSID80827696 DTXSID40468009 DTXSID60454661 DTXSID00546650 DTXSID10182063 DTXSID70721134 DTXSID80221599 DTXSID10181490 DTXSID40462704 DTXSID40549185 DTXSID80444004 DTXSID20197946 DTXSID60168776
DTXSID90807484	DTXSID60418021 DTXSID70761252 DTXSID10637361 DTXSID2050035 DTXSID40286902 DTXSID70373192 DTXSID60675950 DTXSID20887799 DTXSID50828832 DTXSID10244236 DTXSID30158189 DTXSID20173745 DTXSID10609947 DTXSID30694012 DTXSID40880500 DTXSID10720146 DTXSID70348188 DTXSID20803095 DTXSID80764310 DTXSID80657910
DTXSID60635458	DTXSID00462684 DTXSID6041769 DTXSID40793823 DTXSID60551669 DTXSID20369429 DTXSID60626321 DTXSID70628018 DTXSID70295163 DTXSID20295517 DTXSID20277075 DTXSID60798719 DTXSID40879338 DTXSID60470523 DTXSID10685822 DTXSID80355863 DTXSID40297775 DTXSID70165236 DTXSID10430157 DTXSID70349519 DTXSID80465693
DTXSID20876805	DTXSID60896542 DTXSID5067500 DTXSID10833987 DTXSID80785949 DTXSID40341469 DTXSID80646122 DTXSID20819292 DTXSID10896214 DTXSID30574648 DTXSID4072233 DTXSID60829355 DTXSID1024752 DTXSID60733827 DTXSID30298938 DTXSID30322904 DTXSID80633057 DTXSID50896339 DTXSID20697678 DTXSID70542503 DTXSID80470343
DTXSID10377992	DTXSID70307896 DTXSID40394612 DTXSID70720864 DTXSID00725807 DTXSID10555854 DTXSID70726528 DTXSID60725808 DTXSID60401190 DTXSID30180364 DTXSID50211184 DTXSID80628382 DTXSID50354368 DTXSID00348838 DTXSID50609784 DTXSID00348297 DTXSID30455140 DTXSID70457502 DTXSID00629715 DTXSID00342891 DTXSID40463534
DTXSID10199636	DTXSID20151705 DTXSID10579717 DTXSID80780792 DTXSID10814695 DTXSID10712889 DTXSID70652434 DTXSID60875877 DTXSID90445805 DTXSID50662359 DTXSID40194558 DTXSID70621009 DTXSID90759338 DTXSID80237675 DTXSID80558271 DTXSID20327009 DTXSID80442686 DTXSID20416442 DTXSID40773983 DTXSID20352412 DTXSID40308693
DTXSID40563189	DTXSID20197406 DTXSID00629477 DTXSID60276143 DTXSID60780199 DTXSID00829132 DTXSID80274202 DTXSID60816366 DTXSID10202674 DTXSID0067503 DTXSID10890999 DTXSID30429503 DTXSID90602057 DTXSID10872659 DTXSID9072527 DTXSID20242521 DTXSID60775681 DTXSID60242747 DTXSID00826560 DTXSID90763152 DTXSID40613991
DTXSID30294197	DTXSID30400357 DTXSID50173692 DTXSID60430268 DTXSID10606310 DTXSID20719162 DTXSID40637430 DTXSID10448999 DTXSID20701062 DTXSID30824958 DTXSID90723953 DTXSID50469188 DTXSID50609507 DTXSID20336777 DTXSID70848835 DTXSID40719149 DTXSID90738901 DTXSID20748694 DTXSID70701754 DTXSID30662498 DTXSID10843167
DTXSID50340887	DTXSID10492816 DTXSID80651337 DTXSID50867463 DTXSID00425996 DTXSID50196164 DTXSID70490555 DTXSID80347102 DTXSID10801303 DTXSID80765483 DTXSID70345692 DTXSID90826195 DTXSID20579748 DTXSID60528215 DTXSID00773606 DTXSID80626000 DTXSID00500111 DTXSID90485165 DTXSID00726213 DTXSID80567565 DTXSID00811012
DTXSID60398475	DTXSID00534350 DTXSID60475331 DTXSID30660313 DTXSID90286270 DTXSID70813563 DTXSID40417916 DTXSID50555191 DTXSID70645644 DTXSID70736667 DTXSID20448142 DTXSID40585765 DTXSID40732434 DTXSID10501255 DTXSID30795831 DTXSID20673937 DTXSID10856792 DTXSID70312566 DTXSID30173539 DTXSID00163427 DTXSID00293152
DTXSID70159913	DTXSID60812121 DTXSID40279031 DTXSID90462451 DTXSID00778656 DTXSID20144556 DTXSID80613657 DTXSID50791274 DTXSID00281615 DTXSID20287831 DTXSID40811839 DTXSID30538700 DTXSID80612544 DTXSID10341658 DTXSID70564664 DTXSID80878082 DTXSID10509216 DTXSID20735842 DTXSID00331427 DTXSID50482655 DTXSID80444544
DTXSID10406892	DTXSID70566264 DTXSID20307381 DTXSID60144510 DTXSID40403172 DTXSID80748231 DTXSID40694669 DTXSID10364125 DTXSID90489385 DTXSID60533187 DTXSID60301085 DTXSID60439599 DTXSID10473549 DTXSID40359589 DTXSID40286260 DTXSID60661131 DTXSID80742936 DTXSID80199320 DTXSID50735557 DTXSID3042506 DTXSID00651975
DTXSID70344100	DTXSID80563507 DTXSID20356910 DTXSID60653339 DTXSID90460452 DTXSID20771280 DTXSID50556547 DTXSID40764472 DTXSID60204269 DTXSID20806980 DTXSID70463027 DTXSID40374050 DTXSID60735008 DTXSID00201636 DTXSID90278559 DTXSID70398168 DTXSID70372524 DTXSID90308284 DTXSID60608324 DTXSID10749877 DTXSID80489637
DTXSID60209350	DTXSID50604471 DTXSID80625058 DTXSID30632272 DTXSID90624976 DTXSID30313034 DTXSID70529475 DTXSID80577280 DTXSID50743096 DTXSID60368299 DTXSID70835922 DTXSID20450149 DTXSID10380608 DTXSID30818574 DTXSID20489156 DTXSID60695476 DTXSID50404332 DTXSID70366049 DTXSID30159237 DTXSID20547043 DTXSID00697813
DTXSID70488816	DTXSID50589017 DTXSID00143623 DTXSID40749345 DTXSID00496606 DTXSID90506460 DTXSID90388288 DTXSID90624653 DTXSID90337312 DTXSID00428225 DTXSID50857501 DTXSID00372794 DTXSID50427945 DTXSID70353035 DTXSID00797266 DTXSID40513705 DTXSID10600479 DTXSID50590582 DTXSID30355691 DTXSID10452450 DTXSID50402570
DTXSID00603732	DTXSID60640320 DTXSID00631297 DTXSID10528543 DTXSID60281853 DTXSID20839490 DTXSID90426730 DTXSID30521910 DTXSID70599971 DTXSID20670305 DTXSID70676993 DTXSID20542816 DTXSID10658556 DTXSID70757352 DTXSID40398079 DTXSID20615493 DTXSID00560977 DTXSID00331164 DTXSID10784723 DTXSID70398406 DTXSID50707951
DTXSID00312019	DTXSID00621850 DTXSID20585788 DTXSID00614161 DTXSID00420845 DTXSID80851830 DTXSID20447155 DTXSID10538581 DTXSID10659624 DTXSID80665454 DTXSID30711814 DTXSID90473567 DTXSID20333766 DTXSID20163247 DTXSID00393984 DTXSID80208966 DTXSID40539147 DTXSID70655208 DTXSID40293717 DTXSID10287204 DTXSID30303990
DTXSID60149080	DTXSID70477528 DTXSID20536553 DTXSID20790537 DTXSID20794979 DTXSID00809999 DTXSID90804832 DTXSID30816737 DTXSID60816720 DTXSID80615474 DTXSID40767706 DTXSID10892094 DTXSID40776631 DTXSID30433605 DTXSID40341666 DTXSID10347973 DTXSID80742456 DTXSID60239677 DTXSID40816743 DTXSID80341660 DTXSID50792261
DTXSID70496976	DTXSID00147227 DTXSID40222441 DTXSID60715926 DTXSID40177548 DTXSID90710484 DTXSID00308578 DTXSID40712251 DTXSID20579541 DTXSID90651949 DTXSID50663063 DTXSID40645858 DTXSID60829037 DTXSID60658162 DTXSID00490846 DTXSID90485307 DTXSID10321359 DTXSID00322673 DTXSID40856260 DTXSID0069705 DTXSID50486638
DTXSID00231493	DTXSID80302756 DTXSID8034746 DTXSID10728622 DTXSID30234270 DTXSID30893008 DTXSID00337085 DTXSID00200462 DTXSID40611977 DTXSID4063870 DTXSID60611979 DTXSID70467883 DTXSID30281901 DTXSID40286023 DTXSID20217653 DTXSID80327409 DTXSID30532369 DTXSID50790641 DTXSID50242978 DTXSID00885839 DTXSID90199836
DTXSID30799096	DTXSID20432561 DTXSID00576634 DTXSID10536082 DTXSID20705222 DTXSID30727910 DTXSID00876626 DTXSID00806822 DTXSID00566611 DTXSID90625963 DTXSID10391274 DTXSID10586542 DTXSID20580753 DTXSID60427815 DTXSID10642071 DTXSID50170020 DTXSID70784229 DTXSID90571239 DTXSID60695037 DTXSID80293478 DTXSID40407716
DTXSID80179102	DTXSID00560770 DTXSID60277670 DTXSID60834747 DTXSID90365271 DTXSID70179095 DTXSID60169208 DTXSID50632214 DTXSID80169503 DTXSID10297585 DTXSID20167826 DTXSID20733065 DTXSID80423814 DTXSID20680227 DTXSID00635194 DTXSID40455419 DTXSID70405947 DTXSID60654826 DTXSID70709538 DTXSID20368654 DTXSID60428125
DTXSID60784278	DTXSID20698160 DTXSID50576907 DTXSID10652953 DTXSID90380868 DTXSID10371773 DTXSID50879364 DTXSID90739716 DTXSID80302291 DTXSID80405837 DTXSID40619211 DTXSID10729396 DTXSID70214273 DTXSID00371429 DTXSID50187552 DTXSID60709284 DTXSID90355415 DTXSID30694618 DTXSID00576553 DTXSID40365680 DTXSID20384137
DTXSID00661216	DTXSID50433142 DTXSID30756543 DTXSID80598596 DTXSID10325094 DTXSID30541491 DTXSID10371692 DTXSID9021712 DTXSID80756058 DTXSID40296925 DTXSID40414687 DTXSID40876847 DTXSID40657274 DTXSID20144394 DTXSID10282456 DTXSID00650544 DTXSID50804050 DTXSID30452775 DTXSID90185370 DTXSID10726820 DTXSID90479640
DTXSID50221364	DTXSID40667575 DTXSID20728537 DTXSID20492625 DTXSID90738966 DTXSID5059296 DTXSID60343788 DTXSID00338097 DTXSID70733212 DTXSID30628054 DTXSID60849235 DTXSID3059268 DTXSID50561439 DTXSID20290961 DTXSID20339268 DTXSID70551236 DTXSID70466078 DTXSID00448923 DTXSID10584427 DTXSID90642514 DTXSID20464706
DTXSID60599405	DTXSID00340731 DTXSID60785886 DTXSID00770579 DTXSID60513909 DTXSID40574018 DTXSID60764858 DTXSID30446093 DTXSID40285733 DTXSID10456251 DTXSID60219237 DTXSID70325893 DTXSID50568185 DTXSID00625252 DTXSID90283522 DTXSID90755951 DTXSID90719593 DTXSID70531336 DTXSID00794972 DTXSID80169801 DTXSID60880764
DTXSID20168616	DTXSID60671937 DTXSID90405606 DTXSID6044858 DTXSID50729193 DTXSID70355690 DTXSID40626425 DTXSID80646627 DTXSID70658234 DTXSID60195325 DTXSID40677533 DTXSID60444305 DTXSID30725810 DTXSID40493270 DTXSID30351057 DTXSID70650152 DTXSID80377949 DTXSID00739141 DTXSID30618536 DTXSID80648161 DTXSID00190172
DTXSID80819157	DTXSID70768221 DTXSID20652828 DTXSID70599254 DTXSID10594329 DTXSID10343415 DTXSID10166661 DTXSID10214297 DTXSID60632568 DTXSID10749731 DTXSID20472346 DTXSID60807198 DTXSID50632779 DTXSID10189517 DTXSID50610734 DTXSID80541527 DTXSID30275143 DTXSID80458641 DTXSID40663355 DTXSID50557377 DTXSID30614917
DTXSID10554766	DTXSID70729791 DTXSID60737648 DTXSID60226204 DTXSID50852157 DTXSID50311754 DTXSID70452719 DTXSID60446501 DTXSID90459043 DTXSID50772104 DTXSID10818517 DTXSID50589734 DTXSID70603527 DTXSID70305695 DTXSID60456529 DTXSID10597118 DTXSID30577437 DTXSID30744748 DTXSID90567430 DTXSID10501119 DTXSID00487938
DTXSID60734410	DTXSID70415420 DTXSID10436811 DTXSID80573166 DTXSID20708778 DTXSID10693482 DTXSID80494605 DTXSID60214045 DTXSID80211218 DTXSID20457279 DTXSID20646505 DTXSID80681992 DTXSID90719730 DTXSID10477784 DTXSID20857497 DTXSID90618092 DTXSID10475068 DTXSID00646467 DTXSID10646473 DTXSID50634238 DTXSID50745414
DTXSID00694544	DTXSID30450579 DTXSID00598957 DTXSID10726305 DTXSID70807240 DTXSID50787394 DTXSID30195973 DTXSID20470721 DTXSID40761289 DTXSID70757958 DTXSID60524575 DTXSID50508066 DTXSID60739485 DTXSID40300233 DTXSID60188272 DTXSID60148593 DTXSID20505981 DTXSID40756958 DTXSID10533536 DTXSID70212037 DTXSID70586169
DTXSID50600953	DTXSID70511451 DTXSID90639247 DTXSID30782327 DTXSID60343788 DTXSID60337061 DTXSID40459098 DTXSID70466078 DTXSID90642514 DTXSID80470161 DTXSID00588454 DTXSID70664895 DTXSID20728537 DTXSID50221364 DTXSID80696420 DTXSID20492625 DTXSID00819932 DTXSID20482041 DTXSID50520026 DTXSID40640606 DTXSID30733071
DTXSID20243255	DTXSID00829056 DTXSID60792898 DTXSID30615328 DTXSID50468535 DTXSID40546790 DTXSID50491545 DTXSID40439279 DTXSID10634416 DTXSID40530331 DTXSID20218842 DTXSID80723765 DTXSID90290453 DTXSID20602343 DTXSID40171566 DTXSID10579757 DTXSID00625136 DTXSID20595640 DTXSID50478058 DTXSID60415939 DTXSID20892085
DTXSID70344367	DTXSID30374882 DTXSID20631638 DTXSID60166439 DTXSID80423172 DTXSID40721146 DTXSID60278066 DTXSID00846344 DTXSID60589644 DTXSID50590007 DTXSID70296695 DTXSID10645683 DTXSID90383692 DTXSID60373803 DTXSID60174670 DTXSID00722331 DTXSID10799296 DTXSID90681564 DTXSID20876507 DTXSID60631637 DTXSID00406381
DTXSID70630050	DTXSID00308639 DTXSID60813496 DTXSID20482662 DTXSID60670389 DTXSID50393757 DTXSID50322446 DTXSID50164641 DTXSID90836193 DTXSID00836164 DTXSID60591924 DTXSID50672276 DTXSID90360625 DTXSID50305239 DTXSID1042281 DTXSID80620381 DTXSID60818360 DTXSID00747382 DTXSID60591944 DTXSID80601317 DTXSID50709672
DTXSID80351628	DTXSID90730905 DTXSID70618434 DTXSID40589021 DTXSID30591799 DTXSID80698343 DTXSID80176974 DTXSID50299588 DTXSID80653997 DTXSID20473212 DTXSID9041445 DTXSID80151549 DTXSID30653902 DTXSID20840849 DTXSID0052590 DTXSID10565357 DTXSID40325007 DTXSID30428657 DTXSID30653301 DTXSID10541111 DTXSID70513152
DTXSID40711103	DTXSID60816765 DTXSID10699207 DTXSID20363886 DTXSID80844106 DTXSID50675242 DTXSID00764791 DTXSID1042659 DTXSID70733176 DTXSID70517256 DTXSID40751968 DTXSID30867401 DTXSID70439005 DTXSID50340948 DTXSID10551876 DTXSID10733817 DTXSID40581323 DTXSID50469825 DTXSID4052423 DTXSID20888226 DTXSID90440214
DTXSID10705554	DTXSID30761379 DTXSID90144927 DTXSID40180239 DTXSID40617191 DTXSID60694525 DTXSID70594325 DTXSID90466833 DTXSID00565861 DTXSID60540119 DTXSID40876185 DTXSID40710176 DTXSID8064981 DTXSID70314868 DTXSID40744315 DTXSID10228793 DTXSID00488329 DTXSID10374441 DTXSID80582970 DTXSID50447183 DTXSID10655469
DTXSID70382865	DTXSID80497510 DTXSID30284694 DTXSID60378075 DTXSID70388024 DTXSID30388585 DTXSID20374336 DTXSID1069453 DTXSID70443223 DTXSID20788974 DTXSID60612825 DTXSID10729917 DTXSID50233720 DTXSID60184956 DTXSID30673827 DTXSID90276212 DTXSID20815911 DTXSID50280395 DTXSID70359355 DTXSID30546042 DTXSID60873611
DTXSID60641211	DTXSID00303785 DTXSID90809448 DTXSID60675172 DTXSID50467720 DTXSID00164439 DTXSID50528608 DTXSID90353214 DTXSID40705805 DTXSID00735688 DTXSID80729287 DTXSID40552058 DTXSID60162739 DTXSID50391273 DTXSID80222480 DTXSID20578675 DTXSID2051978 DTXSID00615431 DTXSID70569573 DTXSID60179645 DTXSID90302707
DTXSID60241518	DTXSID10149196 DTXSID20434202 DTXSID00757749 DTXSID70880654 DTXSID30544962 DTXSID80438044 DTXSID50639889 DTXSID50527358 DTXSID60881211 DTXSID60642041 DTXSID70614092 DTXSID60184032 DTXSID10144484 DTXSID20172071 DTXSID20594678 DTXSID90751933 DTXSID80763106 DTXSID70809300 DTXSID60448429 DTXSID00577964
DTXSID90676839	DTXSID00710011 DTXSID20576136 DTXSID20352715 DTXSID60498388 DTXSID00654103 DTXSID10668655 DTXSID20739320 DTXSID20299454 DTXSID4020953 DTXSID60885815 DTXSID50602750 DTXSID00393727 DTXSID80657117 DTXSID40508893 DTXSID90631125 DTXSID80480467 DTXSID40781189 DTXSID20661910 DTXSID90438530 DTXSID00646886
DTXSID10755897	DTXSID10488012 DTXSID70439227 DTXSID50328600 DTXSID70519199 DTXSID60757588 DTXSID20423499 DTXSID00708473 DTXSID60675475 DTXSID40300233 DTXSID40695111 DTXSID80792436 DTXSID30849888 DTXSID20170794 DTXSID50381977 DTXSID10432691 DTXSID40326736 DTXSID20509929 DTXSID80795366 DTXSID60580712 DTXSID00710657
DTXSID50629487	DTXSID00399345 DTXSID20405275 DTXSID30450099 DTXSID40648607 DTXSID60458689 DTXSID60876662 DTXSID00358977 DTXSID30300383 DTXSID60356272 DTXSID90355798 DTXSID30557810 DTXSID80399560 DTXSID10749877 DTXSID80594558 DTXSID80402306 DTXSID30356764 DTXSID40560350 DTXSID80479391 DTXSID20519503 DTXSID50153696
DTXSID20648620	DTXSID20403610 DTXSID80289396 DTXSID70710927 DTXSID00389105 DTXSID10604336 DTXSID20640467 DTXSID80879731 DTXSID80855090 DTXSID00670222 DTXSID10356469 DTXSID10354268 DTXSID90611407 DTXSID00429050 DTXSID40560350 DTXSID00502857 DTXSID80479391 DTXSID50534365 DTXSID5063605 DTXSID10444037 DTXSID30356764
DTXSID80279131	DTXSID80190337 DTXSID70805822 DTXSID90783198 DTXSID60707765 DTXSID40674183 DTXSID00462982 DTXSID10732825 DTXSID40694588 DTXSID50315419 DTXSID20778436 DTXSID90313636 DTXSID50306463 DTXSID10672792 DTXSID90419526 DTXSID50437069 DTXSID80321321 DTXSID70287543 DTXSID80729868 DTXSID20465495 DTXSID50681040
DTXSID10811386	DTXSID10380522 DTXSID50771132 DTXSID40221893 DTXSID10516460 DTXSID50277740 DTXSID40474221 DTXSID50278717 DTXSID60645895 DTXSID80522659 DTXSID10183595 DTXSID50354606 DTXSID50710086 DTXSID80323663 DTXSID00318718 DTXSID50821545 DTXSID90509133 DTXSID40551980 DTXSID70526161 DTXSID70835068 DTXSID20565166
DTXSID20761262	DTXSID10846613 DTXSID40581646 DTXSID70736602 DTXSID80513800 DTXSID10548160 DTXSID60435733 DTXSID70657227 DTXSID70496658 DTXSID70601927 DTXSID90626591 DTXSID70392924 DTXSID20847232 DTXSID20623710 DTXSID90519676 DTXSID70153153 DTXSID60831973 DTXSID10847428 DTXSID20590413 DTXSID30400877 DTXSID3070040
DTXSID70590584	DTXSID90672275 DTXSID00158752 DTXSID10557050 DTXSID50429722 DTXSID90300187 DTXSID50677448 DTXSID60145820 DTXSID10653687 DTXSID90647988 DTXSID60593347 DTXSID40656126 DTXSID40332695 DTXSID10371632 DTXSID80370955 DTXSID40571168 DTXSID70653901 DTXSID50215001 DTXSID20522017 DTXSID90406890 DTXSID30350186
DTXSID80199264	DTXSID90354903 DTXSID00323105 DTXSID00567820 DTXSID40352752 DTXSID40666346 DTXSID90808375 DTXSID30616294 DTXSID70283828 DTXSID30482714 DTXSID60703924 DTXSID20516850 DTXSID20631173 DTXSID30624051 DTXSID70708046 DTXSID20183001 DTXSID10291689 DTXSID00768097 DTXSID50290232 DTXSID60464760 DTXSID50549550
DTXSID90660430	DTXSID60751309 DTXSID40208523 DTXSID6063511 DTXSID10783438 DTXSID90765171 DTXSID00775887 DTXSID7066148 DTXSID70622612 DTXSID80560258 DTXSID80576899 DTXSID00559144 DTXSID20411452 DTXSID90302606 DTXSID70751310 DTXSID30702166 DTXSID20195063 DTXSID80793165 DTXSID40277350 DTXSID90721252 DTXSID80808061
DTXSID10328464	DTXSID5058199 DTXSID90744249 DTXSID50793213 DTXSID00541322 DTXSID10401781 DTXSID70300044 DTXSID70156705 DTXSID40439355 DTXSID50728580 DTXSID00145682 DTXSID30788844 DTXSID50275968 DTXSID60823116 DTXSID50561257 DTXSID50302465 DTXSID40373523 DTXSID40715661 DTXSID30411862 DTXSID70674691 DTXSID80675972
DTXSID40439279	DTXSID90290453 DTXSID10579757 DTXSID00625136 DTXSID40171566 DTXSID00640283 DTXSID00829056 DTXSID40418766 DTXSID20243255 DTXSID20892085 DTXSID10634416 DTXSID60514991 DTXSID20322579 DTXSID60792898 DTXSID60519486 DTXSID10734102 DTXSID10606431 DTXSID50491545 DTXSID80456102 DTXSID40546790 DTXSID80693833
DTXSID40626425	DTXSID70355690 DTXSID90405606 DTXSID6044858 DTXSID80646627 DTXSID60671937 DTXSID20168616 DTXSID40677533 DTXSID30725810 DTXSID50729193 DTXSID60444305 DTXSID70650152 DTXSID70658234 DTXSID80377949 DTXSID00739141 DTXSID30618536 DTXSID40493270 DTXSID60195325 DTXSID10397478 DTXSID90403440 DTXSID60442068
DTXSID70582085	DTXSID40747503 DTXSID90305298 DTXSID8069648 DTXSID70697481 DTXSID70855781 DTXSID3063966 DTXSID20835659 DTXSID60701965 DTXSID70732487 DTXSID70742102 DTXSID20393587 DTXSID50226339 DTXSID90762382 DTXSID30303192 DTXSID40766118 DTXSID60700236 DTXSID80478324 DTXSID10649883 DTXSID80447398 DTXSID00745368
DTXSID50524701	DTXSID70404955 DTXSID60712218 DTXSID80531529 DTXSID20752594 DTXSID30485028 DTXSID00282965 DTXSID40285339 DTXSID0064672 DTXSID10561910 DTXSID00453451 DTXSID00182673 DTXSID70783414 DTXSID00887994 DTXSID70402698 DTXSID50712227 DTXSID50474550 DTXSID70424719 DTXSID00603050 DTXSID70647688 DTXSID80470489
DTXSID40832084	DTXSID80457932 DTXSID30772364 DTXSID60615215 DTXSID3068592 DTXSID40496120 DTXSID80828986 DTXSID50596746 DTXSID70452133 DTXSID10483325 DTXSID70478257 DTXSID30306426 DTXSID80373744 DTXSID50274133 DTXSID20324518 DTXSID60175162 DTXSID10749579 DTXSID10343637 DTXSID90494676 DTXSID50604173 DTXSID40415917
DTXSID50742145	DTXSID50481880 DTXSID60198210 DTXSID80655517 DTXSID90396484 DTXSID50742761 DTXSID10610316 DTXSID70352922 DTXSID50614151 DTXSID10182402 DTXSID40462704 DTXSID10238155 DTXSID40563927 DTXSID10609068 DTXSID80596936 DTXSID20797460 DTXSID00110032 DTXSID80649890 DTXSID60179903 DTXSID70277929 DTXSID30315977
DTXSID90573157	DTXSID90294375 DTXSID40602800 DTXSID10228319 DTXSID30805207 DTXSID10394967 DTXSID00697494 DTXSID10818850 DTXSID10329471 DTXSID50401306 DTXSID50523178 DTXSID90794481 DTXSID40876645 DTXSID50488652 DTXSID30662877 DTXSID60700534 DTXSID80478263 DTXSID60535348 DTXSID10611146 DTXSID10513631 DTXSID60769489
DTXSID70745916	DTXSID90831284 DTXSID30672032 DTXSID50709672 DTXSID10197915 DTXSID10632992 DTXSID20326638 DTXSID30404754 DTXSID90300187 DTXSID20349685 DTXSID50518509 DTXSID90285046 DTXSID20522017 DTXSID20603719 DTXSID40571168 DTXSID50677448 DTXSID30618253 DTXSID30382301 DTXSID80295533 DTXSID50322446 DTXSID00145980
DTXSID10667643	DTXSID10804531 DTXSID20173846 DTXSID60847019 DTXSID90876473 DTXSID80535688 DTXSID80466281 DTXSID50587654 DTXSID00732157 DTXSID50757779 DTXSID60790435 DTXSID90819603 DTXSID00494304 DTXSID40700032 DTXSID00809813 DTXSID10588304 DTXSID40815115 DTXSID90237202 DTXSID40834083 DTXSID00829995 DTXSID20624161
DTXSID20405593	DTXSID10202078 DTXSID10622999 DTXSID70487647 DTXSID00467412 DTXSID30428359 DTXSID20622086 DTXSID30153356 DTXSID1046506 DTXSID70197592 DTXSID00218749 DTXSID60771643 DTXSID40615596 DTXSID90618678 DTXSID40549529 DTXSID50512269 DTXSID10716180 DTXSID20430688 DTXSID90762483 DTXSID80740250 DTXSID30418917
DTXSID40520530	DTXSID80291934 DTXSID40444308 DTXSID50372082 DTXSID20429017 DTXSID00281054 DTXSID80378471 DTXSID20509202 DTXSID40593845 DTXSID70619067 DTXSID50629068 DTXSID10506922 DTXSID40808289 DTXSID00821737 DTXSID20534998 DTXSID30672274 DTXSID80292143 DTXSID10661166 DTXSID90574381 DTXSID20431074 DTXSID90651646
DTXSID60587524	DTXSID40388076 DTXSID10742747 DTXSID90481965 DTXSID20734653 DTXSID00195960 DTXSID00391167 DTXSID50653949 DTXSID30527699 DTXSID30742365 DTXSID50595032 DTXSID40646486 DTXSID10627328 DTXSID20807311 DTXSID40459811 DTXSID00345842 DTXSID20294540 DTXSID10396481 DTXSID70530864 DTXSID20895733 DTXSID60664203
DTXSID40452140	DTXSID60312575 DTXSID30238455 DTXSID00390094 DTXSID70640290 DTXSID10867661 DTXSID40288729 DTXSID60532832 DTXSID9025403 DTXSID20830144 DTXSID00418545 DTXSID30734205 DTXSID80537122 DTXSID10675349 DTXSID9073628 DTXSID00651859 DTXSID80289457 DTXSID20903968 DTXSID90577938 DTXSID50497183 DTXSID70760740
DTXSID00646220	DTXSID70646297 DTXSID90446155 DTXSID70733090 DTXSID20634806 DTXSID10646413 DTXSID10705852 DTXSID00857591 DTXSID30371053 DTXSID90406719 DTXSID80563209 DTXSID00214044 DTXSID60469614 DTXSID90487361 DTXSID10557257 DTXSID10777190 DTXSID90693208 DTXSID50167293 DTXSID30401026 DTXSID90370966 DTXSID40585927
DTXSID60487459	DTXSID30168268 DTXSID50719099 DTXSID00500813 DTXSID30465360 DTXSID20563844 DTXSID90642135 DTXSID00518872 DTXSID50727159 DTXSID20604640 DTXSID20618585 DTXSID50590062 DTXSID30282615 DTXSID00641119 DTXSID00544772 DTXSID80452503 DTXSID60508572 DTXSID80752499 DTXSID70179717 DTXSID70294838 DTXSID50302703
DTXSID00377885	DTXSID40396237 DTXSID20636340 DTXSID20572759 DTXSID50375432 DTXSID50542445 DTXSID10441061 DTXSID30405488 DTXSID50545799 DTXSID20222383 DTXSID90320648 DTXSID20572976 DTXSID00879470 DTXSID90279162 DTXSID70589594 DTXSID70883463 DTXSID10607802 DTXSID80791282 DTXSID90439183 DTXSID60681854 DTXSID9058155
DTXSID50179311	DTXSID70652636 DTXSID80536276 DTXSID40505180 DTXSID80813554 DTXSID00312413 DTXSID30599199 DTXSID80441730 DTXSID60681556 DTXSID90747351 DTXSID20381166 DTXSID50429247 DTXSID10463849 DTXSID70544562 DTXSID70388408 DTXSID80297118 DTXSID30889784 DTXSID70450412 DTXSID10448358 DTXSID30713434 DTXSID70729352
DTXSID70592765	DTXSID30368600 DTXSID10151971 DTXSID70610039 DTXSID30428374 DTXSID90811162 DTXSID80143040 DTXSID10277524 DTXSID20502738 DTXSID40280980 DTXSID40696461 DTXSID80851239 DTXSID80774196 DTXSID80771766 DTXSID80640529 DTXSID00480989 DTXSID00567961 DTXSID20539948 DTXSID70837562 DTXSID50569319 DTXSID40717822
DTXSID00200462	DTXSID4063870 DTXSID70467883 DTXSID60611979 DTXSID20217653 DTXSID40286023 DTXSID8034746 DTXSID30893008 DTXSID00231493 DTXSID10728622 DTXSID30234270 DTXSID80302756 DTXSID00750538 DTXSID00337085 DTXSID80599947 DTXSID90199836 DTXSID80723124 DTXSID40611977 DTXSID80768398 DTXSID80327409 DTXSID20800625
DTXSID10590482	DTXSID60802643 DTXSID90450050 DTXSID70671842 DTXSID70243846 DTXSID70721139 DTXSID40650068 DTXSID50524963 DTXSID90362422 DTXSID70782861 DTXSID90457286 DTXSID40556990 DTXSID90567016 DTXSID40710035 DTXSID60705544 DTXSID40508934 DTXSID30350580 DTXSID10348884 DTXSID10495286 DTXSID00327365 DTXSID60646983
DTXSID20468406	DTXSID90604692 DTXSID70626953 DTXSID50734909 DTXSID80847713 DTXSID00366178 DTXSID00655514 DTXSID10604513 DTXSID50313612 DTXSID80855555 DTXSID80407179 DTXSID30811328 DTXSID30822737 DTXSID00791224 DTXSID3059505 DTXSID90167257 DTXSID70668499 DTXSID60177267 DTXSID30510223 DTXSID40724556 DTXSID00219099
DTXSID30740462	DTXSID00501441 DTXSID70601548 DTXSID00197560 DTXSID80635137 DTXSID20856622 DTXSID80618041 DTXSID10408598 DTXSID10681824 DTXSID40293651 DTXSID70341891 DTXSID20198872 DTXSID00461617 DTXSID60729604 DTXSID60664203 DTXSID50208236 DTXSID50740727 DTXSID50457707 DTXSID50494697 DTXSID30607723 DTXSID40349703
DTXSID80482123	DTXSID80573368 DTXSID40407716 DTXSID50170020 DTXSID30583295 DTXSID80293478 DTXSID40671112 DTXSID00382853 DTXSID8060298 DTXSID60695037 DTXSID80626181 DTXSID20580753 DTXSID90162424 DTXSID00576634 DTXSID20382350 DTXSID10298976 DTXSID60427815 DTXSID90571239 DTXSID90646895 DTXSID10753257 DTXSID20432561
DTXSID80835635	DTXSID60572394 DTXSID30668910 DTXSID30399353 DTXSID40574457 DTXSID0024397 DTXSID50152846 DTXSID10761256 DTXSID40435251 DTXSID20213736 DTXSID00534971 DTXSID20336196 DTXSID80341241 DTXSID80199320 DTXSID40697812 DTXSID00421433 DTXSID30499004 DTXSID30418073 DTXSID30283405 DTXSID80514776 DTXSID20771280
DTXSID10367292	DTXSID90344526 DTXSID40233512 DTXSID80404426 DTXSID70802775 DTXSID60177348 DTXSID00372618 DTXSID80597524 DTXSID40170039 DTXSID10584765 DTXSID30661188 DTXSID20742591 DTXSID10316220 DTXSID30676515 DTXSID80449256 DTXSID60550556 DTXSID90585376 DTXSID30465800 DTXSID80296106 DTXSID50524201 DTXSID70585778
DTXSID70355317	DTXSID60816780 DTXSID40818449 DTXSID50368960 DTXSID80174874 DTXSID50743096 DTXSID90278397 DTXSID20306314 DTXSID60484049 DTXSID70588345 DTXSID30671565 DTXSID40545687 DTXSID30157793 DTXSID20489156 DTXSID50368647 DTXSID80584818 DTXSID40855379 DTXSID40392234 DTXSID60876066 DTXSID50607326 DTXSID60288680
DTXSID50594348	DTXSID40287813 DTXSID20879154 DTXSID90510688 DTXSID50595274 DTXSID20427937 DTXSID60813572 DTXSID90664317 DTXSID90884376 DTXSID30160883 DTXSID00645374 DTXSID50481325 DTXSID80295957 DTXSID90154602 DTXSID30889784 DTXSID50876015 DTXSID60696529 DTXSID90657446 DTXSID30876412 DTXSID30532480 DTXSID60502116
DTXSID90825244	DTXSID80468881 DTXSID20339268 DTXSID40694346 DTXSID90474074 DTXSID00543245 DTXSID70551236 DTXSID70383372 DTXSID80485139 DTXSID50807743 DTXSID70503573 DTXSID00448923 DTXSID30473081 DTXSID60876905 DTXSID00338097 DTXSID5059296 DTXSID20656109 DTXSID90191875 DTXSID50874359 DTXSID30628054 DTXSID70574046
DTXSID30786582	DTXSID90292492 DTXSID50191093 DTXSID20288823 DTXSID50234378 DTXSID60463576 DTXSID50752865 DTXSID10431745 DTXSID70471960 DTXSID40483015 DTXSID00601051 DTXSID80793680 DTXSID90407807 DTXSID20840329 DTXSID20844908 DTXSID50239186 DTXSID80232084 DTXSID50820432 DTXSID60772473 DTXSID90711173 DTXSID70557152
DTXSID40306199	DTXSID20746397 DTXSID40832302 DTXSID50316123 DTXSID90650230 DTXSID80811232 DTXSID80308374 DTXSID90697544 DTXSID30848715 DTXSID70846614 DTXSID80847197 DTXSID30204953 DTXSID30817906 DTXSID70730145 DTXSID10725737 DTXSID70751779 DTXSID40852085 DTXSID60702573 DTXSID50242539 DTXSID50390706 DTXSID50338880
DTXSID10462918	DTXSID90346863 DTXSID1069952 DTXSID20626403 DTXSID50613285 DTXSID5052626 DTXSID00632204 DTXSID60204461 DTXSID30364541 DTXSID70308222 DTXSID00498387 DTXSID20590251 DTXSID80772011 DTXSID00490346 DTXSID00856726 DTXSID40456507 DTXSID20671211 DTXSID60772736 DTXSID30428657 DTXSID00192999 DTXSID00334377
DTXSID80781567	DTXSID40310175 DTXSID80664447 DTXSID40225492 DTXSID60594132 DTXSID30782766 DTXSID30279207 DTXSID30465820 DTXSID80635011 DTXSID10658632 DTXSID10506866 DTXSID10341552 DTXSID00223095 DTXSID70599390 DTXSID30207525 DTXSID00604345 DTXSID10589275 DTXSID80324357 DTXSID30280515 DTXSID90518144 DTXSID30279363
DTXSID80350570	DTXSID50818738 DTXSID40208442 DTXSID80838585 DTXSID2073019 DTXSID40491817 DTXSID40407317 DTXSID60541126 DTXSID60209613 DTXSID70702281 DTXSID90290716 DTXSID90702066 DTXSID60598397 DTXSID60341123 DTXSID80787403 DTXSID50306701 DTXSID00198572 DTXSID90719154 DTXSID50552842 DTXSID10831741 DTXSID90548663
DTXSID70519199	DTXSID20423499 DTXSID30549811 DTXSID40695111 DTXSID10755897 DTXSID40326736 DTXSID20768771 DTXSID00443695 DTXSID10488012 DTXSID60757588 DTXSID70439227 DTXSID00509528 DTXSID60675475 DTXSID30790189 DTXSID60390353 DTXSID50381977 DTXSID20509929 DTXSID20505981 DTXSID50563135 DTXSID00771248 DTXSID40300233
DTXSID60166439	DTXSID40721146 DTXSID00846344 DTXSID10799296 DTXSID70344367 DTXSID60174670 DTXSID40373801 DTXSID20631638 DTXSID80423172 DTXSID00722331 DTXSID30374882 DTXSID90383692 DTXSID50590007 DTXSID20876507 DTXSID10645683 DTXSID90404174 DTXSID70296695 DTXSID60278066 DTXSID10875943 DTXSID80202505 DTXSID90772002
DTXSID00432064	DTXSID30146203 DTXSID80759781 DTXSID80338050 DTXSID70241241 DTXSID00887737 DTXSID90619786 DTXSID0062896 DTXSID50753837 DTXSID90240731 DTXSID5070602 DTXSID10658859 DTXSID90599953 DTXSID90755850 DTXSID30769931 DTXSID80853814 DTXSID70822857 DTXSID80816363 DTXSID5068237 DTXSID70340864 DTXSID40887796
DTXSID80850904	DTXSID00190516 DTXSID10276198 DTXSID30795831 DTXSID80675972 DTXSID90345331 DTXSID30788844 DTXSID50302465 DTXSID00163427 DTXSID60886903 DTXSID40392491 DTXSID70610372 DTXSID70801127 DTXSID40767105 DTXSID40417916 DTXSID30173539 DTXSID50561257 DTXSID40715661 DTXSID70645644 DTXSID50555191 DTXSID40733941
DTXSID80661118	DTXSID50306701 DTXSID70525891 DTXSID90719154 DTXSID50832292 DTXSID90290716 DTXSID10837920 DTXSID50788144 DTXSID3042269 DTXSID60693876 DTXSID80564296 DTXSID00493059 DTXSID80369485 DTXSID00514773 DTXSID10552787 DTXSID50759410 DTXSID00534259 DTXSID00775105 DTXSID40802181 DTXSID30545994 DTXSID80787403
DTXSID00850087	DTXSID30542468 DTXSID10352800 DTXSID60603536 DTXSID60282168 DTXSID90459043 DTXSID20502738 DTXSID10818517 DTXSID10501119 DTXSID70305695 DTXSID50538207 DTXSID00567961 DTXSID00501860 DTXSID50852157 DTXSID50485005 DTXSID50640834 DTXSID10277524 DTXSID70803545 DTXSID50589734 DTXSID50496818 DTXSID60528699
DTXSID40585927	DTXSID90626273 DTXSID80723543 DTXSID00671936 DTXSID30351057 DTXSID90487361 DTXSID40493270 DTXSID60444305 DTXSID10557257 DTXSID80648161 DTXSID30725810 DTXSID30754024 DTXSID50729193 DTXSID90446155 DTXSID70733090 DTXSID6044858 DTXSID60671937 DTXSID90403440 DTXSID50167293 DTXSID10705852 DTXSID70646297
DTXSID50833365	DTXSID10566046 DTXSID00824708 DTXSID90234635 DTXSID40282005 DTXSID90284776 DTXSID60574717 DTXSID90646759 DTXSID90182581 DTXSID80471577 DTXSID90548921 DTXSID40244168 DTXSID10478554 DTXSID00430282 DTXSID50302824 DTXSID30524966 DTXSID70600399 DTXSID70705772 DTXSID70787851 DTXSID60466481 DTXSID10190906
DTXSID40736417	DTXSID20426965 DTXSID50590168 DTXSID70391154 DTXSID00337823 DTXSID5044811 DTXSID30378148 DTXSID50443483 DTXSID10640299 DTXSID20887118 DTXSID60333109 DTXSID00837277 DTXSID20704255 DTXSID90390301 DTXSID00655433 DTXSID80648545 DTXSID50152285 DTXSID10489847 DTXSID90385974 DTXSID30758921 DTXSID90632258
DTXSID10896254	DTXSID90896171 DTXSID70353277 DTXSID10211569 DTXSID70789794 DTXSID60763987 DTXSID70209866 DTXSID70554328 DTXSID30476911 DTXSID60490347 DTXSID80232569 DTXSID10377134 DTXSID50401306 DTXSID00566070 DTXSID30662877 DTXSID20846467 DTXSID50538646 DTXSID10818850 DTXSID80478263 DTXSID40623797 DTXSID10329471
DTXSID1063140	DTXSID10210118 DTXSID70443980 DTXSID60151047 DTXSID00730375 DTXSID00241971 DTXSID10398581 DTXSID1047071 DTXSID80767386 DTXSID00542773 DTXSID30378209 DTXSID30303157 DTXSID10786207 DTXSID80897339 DTXSID80373608 DTXSID20191888 DTXSID20704078 DTXSID40614903 DTXSID10739854 DTXSID40879717 DTXSID20284901
DTXSID00510836	DTXSID80734013 DTXSID20517180 DTXSID60378691 DTXSID70834470 DTXSID40310256 DTXSID80374337 DTXSID10758666 DTXSID20370858 DTXSID40408768 DTXSID20732412 DTXSID00606642 DTXSID00506597 DTXSID80600986 DTXSID10532468 DTXSID90177215 DTXSID10608990 DTXSID90876933 DTXSID70760740 DTXSID40278201 DTXSID60424420
DTXSID40658504	DTXSID10344528 DTXSID70477588 DTXSID60436442 DTXSID70530864 DTXSID20677995 DTXSID80465552 DTXSID20695831 DTXSID60175440 DTXSID30303157 DTXSID40196774 DTXSID60739460 DTXSID70337855 DTXSID80284886 DTXSID30311434 DTXSID60745268 DTXSID20238166 DTXSID80597261 DTXSID10656335 DTXSID80375586 DTXSID90339417
DTXSID90666871	DTXSID00409610 DTXSID40532931 DTXSID90406638 DTXSID90602370 DTXSID40144790 DTXSID50816779 DTXSID80629657 DTXSID80800126 DTXSID60496400 DTXSID90666356 DTXSID10508168 DTXSID10876394 DTXSID40576476 DTXSID50196109 DTXSID50621542 DTXSID80346155 DTXSID00621052 DTXSID30341251 DTXSID20815673 DTXSID90334321
DTXSID00220968	DTXSID80226706 DTXSID90766406 DTXSID60292368 DTXSID80621994 DTXSID60332177 DTXSID80306315 DTXSID30625841 DTXSID80172734 DTXSID20741908 DTXSID10463849 DTXSID80418427 DTXSID70351511 DTXSID40280460 DTXSID10876016 DTXSID40495138 DTXSID10430450 DTXSID80181205 DTXSID80637712 DTXSID80724191 DTXSID30641809
DTXSID8068202	DTXSID00401210 DTXSID30296292 DTXSID80589808 DTXSID40847597 DTXSID40390932 DTXSID10398268 DTXSID10313815 DTXSID20146696 DTXSID50421786 DTXSID10727837 DTXSID10408856 DTXSID20593166 DTXSID10563479 DTXSID30343396 DTXSID1036886 DTXSID20732210 DTXSID30579375 DTXSID80551161 DTXSID30836834 DTXSID70437465
DTXSID50531132	DTXSID00663573 DTXSID20696449 DTXSID70190700 DTXSID50879349 DTXSID20633955 DTXSID50695324 DTXSID00721127 DTXSID8040278 DTXSID90175716 DTXSID90734408 DTXSID20817016 DTXSID70621620 DTXSID50473725 DTXSID60300674 DTXSID00528951 DTXSID70165837 DTXSID80545883 DTXSID90580922 DTXSID60497452 DTXSID40463312
DTXSID10345131	DTXSID10371152 DTXSID50848459 DTXSID60155343 DTXSID40443371 DTXSID50744341 DTXSID50462957 DTXSID1044932 DTXSID60454621 DTXSID20278062 DTXSID20718317 DTXSID30405488 DTXSID1068853 DTXSID20655394 DTXSID20222383 DTXSID50375432 DTXSID60519486 DTXSID90235405 DTXSID60514991 DTXSID20572759 DTXSID40358815
DTXSID00421433	DTXSID30418073 DTXSID20336196 DTXSID40829530 DTXSID40435251 DTXSID90700087 DTXSID1066786 DTXSID90513437 DTXSID30635122 DTXSID80155062 DTXSID70513854 DTXSID30460875 DTXSID00729865 DTXSID20380033 DTXSID30532662 DTXSID70734123 DTXSID50630952 DTXSID30499004 DTXSID90623222 DTXSID30323618 DTXSID60514936
DTXSID50807743	DTXSID70383372 DTXSID90783810 DTXSID80468881 DTXSID10183595 DTXSID00543245 DTXSID90474074 DTXSID20656109 DTXSID90191875 DTXSID90825244 DTXSID70503573 DTXSID40196830 DTXSID70574046 DTXSID10516460 DTXSID00819932 DTXSID60501402 DTXSID80696420 DTXSID20339268 DTXSID30782327 DTXSID40474221 DTXSID20492625
DTXSID50793213	DTXSID50728580 DTXSID00541322 DTXSID30411862 DTXSID90894031 DTXSID70156705 DTXSID70303631 DTXSID60823116 DTXSID40439355 DTXSID50735552 DTXSID70674691 DTXSID5058199 DTXSID40373523 DTXSID80756235 DTXSID10328464 DTXSID00400920 DTXSID90744249 DTXSID30434995 DTXSID00145682 DTXSID10310263 DTXSID00699594
DTXSID10340949	DTXSID10749579 DTXSID80373744 DTXSID30789876 DTXSID00466667 DTXSID30306426 DTXSID70721437 DTXSID80593349 DTXSID00513983 DTXSID60641014 DTXSID60615215 DTXSID30490596 DTXSID20500274 DTXSID00720635 DTXSID30673064 DTXSID30466650 DTXSID90383293 DTXSID90577216 DTXSID50596746 DTXSID00625858 DTXSID10454010
DTXSID30223841	DTXSID80562318 DTXSID50345892 DTXSID40334412 DTXSID70383211 DTXSID50145874 DTXSID40646269 DTXSID70239542 DTXSID50627165 DTXSID80701725 DTXSID90725351 DTXSID70856415 DTXSID10478731 DTXSID80392056 DTXSID90648819 DTXSID40528157 DTXSID60358791 DTXSID30280217 DTXSID70693842 DTXSID30735590 DTXSID90669140
DTXSID20604640	DTXSID80752499 DTXSID50719099 DTXSID30168268 DTXSID60487459 DTXSID30282615 DTXSID30465360 DTXSID20618585 DTXSID20563844 DTXSID00641119 DTXSID80452503 DTXSID90642135 DTXSID10335214 DTXSID00500813 DTXSID70179717 DTXSID50469906 DTXSID50727159 DTXSID40528556 DTXSID00518872 DTXSID20425296 DTXSID30418775
DTXSID60381564	DTXSID80694441 DTXSID40834083 DTXSID00876525 DTXSID20364550 DTXSID10277564 DTXSID80765726 DTXSID2052360 DTXSID0052386 DTXSID00590557 DTXSID20278103 DTXSID70505355 DTXSID10165937 DTXSID60847019 DTXSID8070542 DTXSID20173846 DTXSID70579435 DTXSID50605327 DTXSID60844886 DTXSID40642428 DTXSID50844996
DTXSID70648998	DTXSID40751468 DTXSID60364099 DTXSID30675048 DTXSID80308177 DTXSID40612666 DTXSID40854049 DTXSID20726376 DTXSID90675064 DTXSID70532141 DTXSID80288283 DTXSID30293963 DTXSID00344971 DTXSID50590547 DTXSID80874261 DTXSID50747579 DTXSID70526803 DTXSID20445797 DTXSID30625048 DTXSID60432929 DTXSID00731322
DTXSID90431228	DTXSID50343737 DTXSID70383473 DTXSID90612898 DTXSID60476803 DTXSID40303103 DTXSID80876982 DTXSID40210161 DTXSID80381783 DTXSID00315606 DTXSID60708712 DTXSID70731470 DTXSID00184258 DTXSID10630897 DTXSID90544741 DTXSID30540282 DTXSID20797081 DTXSID70607868 DTXSID10588304 DTXSID90499161 DTXSID20475751
DTXSID20809198	DTXSID90309877 DTXSID60437297 DTXSID70370146 DTXSID80584131 DTXSID70748200 DTXSID40562677 DTXSID80184812 DTXSID9069007 DTXSID80548314 DTXSID30320263 DTXSID40724874 DTXSID80430902 DTXSID40385722 DTXSID60701102 DTXSID40647635 DTXSID60725848 DTXSID40439355 DTXSID10166383 DTXSID10310263 DTXSID70580369
DTXSID90833162	DTXSID00719160 DTXSID80484561 DTXSID20159786 DTXSID30437547 DTXSID90463827 DTXSID40440103 DTXSID10191478 DTXSID30346908 DTXSID10516763 DTXSID70765391 DTXSID0042298 DTXSID2040280 DTXSID80287832 DTXSID10852996 DTXSID0046147 DTXSID10294857 DTXSID50668230 DTXSID40760095 DTXSID7069023 DTXSID50724466
DTXSID60487010	DTXSID50337419 DTXSID50639965 DTXSID30596401 DTXSID60651597 DTXSID60704259 DTXSID8069565 DTXSID50556143 DTXSID00352677 DTXSID10637523 DTXSID80228265 DTXSID00484583 DTXSID60633570 DTXSID40507649 DTXSID90602815 DTXSID4067771 DTXSID10454999 DTXSID50778606 DTXSID70651442 DTXSID30382886 DTXSID70641909
DTXSID00442062	DTXSID40321226 DTXSID40705360 DTXSID00633796 DTXSID40610021 DTXSID20654903 DTXSID40474029 DTXSID70548464 DTXSID30757277 DTXSID30453484 DTXSID50493443 DTXSID90187117 DTXSID70528382 DTXSID40666846 DTXSID10871440 DTXSID40593340 DTXSID80823330 DTXSID50190021 DTXSID30642134 DTXSID70483129 DTXSID60395181
DTXSID20797460	DTXSID80596936 DTXSID70352922 DTXSID10609068 DTXSID30199118 DTXSID80655517 DTXSID60179903 DTXSID20895511 DTXSID50571472 DTXSID20508230 DTXSID70277929 DTXSID80206947 DTXSID80464787 DTXSID10238155 DTXSID10560827 DTXSID70377711 DTXSID50614151 DTXSID10610316 DTXSID10182402 DTXSID40824282 DTXSID80345264
DTXSID30545994	DTXSID50507514 DTXSID70525891 DTXSID50759410 DTXSID10699722 DTXSID50832292 DTXSID10552787 DTXSID60346279 DTXSID10544364 DTXSID90609465 DTXSID50788144 DTXSID3042269 DTXSID00534259 DTXSID00775105 DTXSID50697661 DTXSID10837920 DTXSID80661118 DTXSID10610179 DTXSID70704008 DTXSID80765908 DTXSID1059151
DTXSID30190943	DTXSID20721068 DTXSID10537195 DTXSID00399320 DTXSID00879551 DTXSID70358808 DTXSID10712182 DTXSID3063095 DTXSID60675511 DTXSID30242911 DTXSID70470251 DTXSID80486469 DTXSID20206981 DTXSID70445343 DTXSID70750944 DTXSID90321837 DTXSID60647298 DTXSID20578554 DTXSID70545993 DTXSID50742746 DTXSID60193508
DTXSID30824690	DTXSID50323731 DTXSID30853743 DTXSID80741368 DTXSID30465800 DTXSID80445339 DTXSID40629214 DTXSID30628918 DTXSID50322305 DTXSID80588013 DTXSID90358244 DTXSID40597080 DTXSID10584765 DTXSID50705639 DTXSID80428662 DTXSID00739525 DTXSID60400325 DTXSID70585778 DTXSID00555646 DTXSID20366150 DTXSID80404426
DTXSID8041323	DTXSID60427855 DTXSID00276783 DTXSID60618160 DTXSID20568637 DTXSID90622492 DTXSID20727989 DTXSID50401109 DTXSID60669213 DTXSID20438164 DTXSID80626202 DTXSID00174816 DTXSID90152749 DTXSID40454942 DTXSID90462572 DTXSID80570918 DTXSID00680563 DTXSID40312593 DTXSID10607786 DTXSID80549528 DTXSID90540400
DTXSID10448196	DTXSID20205954 DTXSID90542560 DTXSID40780031 DTXSID20817531 DTXSID50469188 DTXSID60433259 DTXSID30815164 DTXSID30218656 DTXSID30148863 DTXSID20748694 DTXSID30824958 DTXSID50609507 DTXSID40148874 DTXSID2073017 DTXSID00866926 DTXSID90723953 DTXSID50173692 DTXSID30294197 DTXSID70701754 DTXSID40662500
DTXSID80652167	DTXSID70453488 DTXSID50445684 DTXSID00829036 DTXSID60787224 DTXSID10737693 DTXSID60718134 DTXSID50670136 DTXSID80509162 DTXSID70367879 DTXSID80611193 DTXSID20415899 DTXSID70812839 DTXSID80843614 DTXSID60855957 DTXSID40755587 DTXSID40828184 DTXSID50568807 DTXSID30758224 DTXSID10605303 DTXSID50181954
DTXSID00179881	DTXSID90178368 DTXSID50388749 DTXSID70288277 DTXSID90502841 DTXSID80753441 DTXSID60551285 DTXSID40454326 DTXSID00771248 DTXSID30874115 DTXSID3068126 DTXSID70299606 DTXSID00653050 DTXSID10597653 DTXSID30542463 DTXSID60876142 DTXSID40836047 DTXSID00710657 DTXSID40326736 DTXSID10398708 DTXSID70480092
DTXSID50858472	DTXSID80342879 DTXSID1051800 DTXSID90530942 DTXSID50798425 DTXSID50693663 DTXSID10391618 DTXSID50502221 DTXSID80506131 DTXSID10880678 DTXSID70565833 DTXSID7068001 DTXSID50528269 DTXSID60557242 DTXSID70651568 DTXSID60606582 DTXSID90328629 DTXSID50766366 DTXSID80351906 DTXSID80795720 DTXSID20604387
DTXSID40309307	DTXSID40516559 DTXSID90301614 DTXSID00292206 DTXSID30818135 DTXSID80724191 DTXSID10734102 DTXSID40664842 DTXSID50210571 DTXSID20391366 DTXSID60170258 DTXSID10606431 DTXSID80563204 DTXSID90303658 DTXSID70365476 DTXSID90766406 DTXSID40757627 DTXSID30378406 DTXSID70214475 DTXSID90352964 DTXSID40278382
DTXSID80536276	DTXSID80441730 DTXSID70652636 DTXSID70729352 DTXSID50879602 DTXSID40633614 DTXSID30225724 DTXSID30889784 DTXSID50179311 DTXSID60696529 DTXSID60681556 DTXSID00312413 DTXSID00449339 DTXSID70388408 DTXSID30599199 DTXSID40609798 DTXSID70544562 DTXSID50454276 DTXSID80813554 DTXSID20381166 DTXSID90664317
DTXSID70607621	DTXSID80514418 DTXSID50186702 DTXSID10219323 DTXSID90651949 DTXSID20542811 DTXSID80320612 DTXSID70320828 DTXSID80664260 DTXSID70672475 DTXSID70283207 DTXSID10617749 DTXSID50310126 DTXSID70736561 DTXSID00490846 DTXSID50638155 DTXSID80675154 DTXSID40279359 DTXSID40792871 DTXSID00681590 DTXSID60715926
DTXSID00649796	DTXSID30532480 DTXSID60876849 DTXSID70678917 DTXSID00645374 DTXSID30876412 DTXSID90884376 DTXSID70742607 DTXSID30217881 DTXSID80364915 DTXSID40464728 DTXSID80295957 DTXSID00801993 DTXSID40640121 DTXSID50594348 DTXSID20427937 DTXSID80503569 DTXSID20879154 DTXSID50481325 DTXSID90510688 DTXSID20476965
DTXSID30759337	DTXSID10812313 DTXSID90516105 DTXSID30817062 DTXSID10223829 DTXSID20493516 DTXSID10672419 DTXSID5020942 DTXSID60293931 DTXSID00431456 DTXSID40174976 DTXSID20616804 DTXSID50384589 DTXSID50570960 DTXSID10618094 DTXSID80278381 DTXSID10455688 DTXSID60172090 DTXSID10448358 DTXSID20465778 DTXSID80665479
DTXSID60524732	DTXSID10602615 DTXSID10679943 DTXSID70600399 DTXSID10478554 DTXSID60831094 DTXSID30218555 DTXSID90441084 DTXSID60345565 DTXSID80471577 DTXSID70598666 DTXSID80333444 DTXSID30510001 DTXSID80582970 DTXSID50302824 DTXSID10774023 DTXSID00430282 DTXSID60283352 DTXSID80180238 DTXSID50795277 DTXSID00243556
DTXSID80322656	DTXSID90473840 DTXSID90281846 DTXSID30551136 DTXSID70366685 DTXSID00284505 DTXSID60822144 DTXSID50462472 DTXSID40238805 DTXSID00351221 DTXSID10391810 DTXSID70439989 DTXSID3046166 DTXSID40286048 DTXSID30466877 DTXSID20400745 DTXSID30483862 DTXSID10844876 DTXSID30369379 DTXSID80554975 DTXSID40546452
DTXSID50323438	DTXSID00731524 DTXSID10172404 DTXSID20730473 DTXSID20526212 DTXSID90594948 DTXSID90152885 DTXSID90577877 DTXSID60312631 DTXSID20297278 DTXSID80469499 DTXSID9068378 DTXSID40507280 DTXSID50757350 DTXSID70791014 DTXSID60422946 DTXSID40181180 DTXSID90655745 DTXSID20513687 DTXSID50556204 DTXSID00341006
DTXSID10552267	DTXSID50835107 DTXSID00865494 DTXSID00559245 DTXSID30734205 DTXSID60711645 DTXSID30407987 DTXSID50497183 DTXSID00502372 DTXSID40191426 DTXSID50306004 DTXSID20830144 DTXSID10867661 DTXSID5041190 DTXSID70447645 DTXSID60742252 DTXSID00600140 DTXSID90547999 DTXSID40522559 DTXSID50707759 DTXSID60307320
DTXSID10766741	DTXSID40734110 DTXSID10672217 DTXSID30502461 DTXSID60866760 DTXSID90565613 DTXSID60486664 DTXSID10765032 DTXSID50234732 DTXSID00658368 DTXSID10568929 DTXSID60682265 DTXSID00223116 DTXSID80198656 DTXSID50210773 DTXSID00307829 DTXSID3075335 DTXSID00515129 DTXSID90321852 DTXSID20612381 DTXSID40847052
DTXSID70622516	DTXSID90374489 DTXSID10360203 DTXSID30308384 DTXSID70568940 DTXSID30511391 DTXSID80161820 DTXSID70364505 DTXSID60614763 DTXSID60172398 DTXSID60797262 DTXSID40588251 DTXSID00175141 DTXSID70294838 DTXSID20563844 DTXSID40507301 DTXSID40567809 DTXSID90642135 DTXSID9022100 DTXSID30209468 DTXSID70538027
DTXSID90548921	DTXSID70705772 DTXSID90234635 DTXSID90646759 DTXSID80666542 DTXSID90284776 DTXSID40406567 DTXSID00429853 DTXSID40187829 DTXSID90362083 DTXSID00855931 DTXSID00824708 DTXSID60574717 DTXSID80822181 DTXSID30505255 DTXSID10366846 DTXSID40244168 DTXSID20401419 DTXSID20310830 DTXSID40282005 DTXSID70353797
DTXSID00833719	DTXSID40585508 DTXSID10280518 DTXSID70795315 DTXSID70666899 DTXSID80754296 DTXSID60848061 DTXSID50294250 DTXSID80879493 DTXSID60722519 DTXSID00374652 DTXSID90805021 DTXSID5022803 DTXSID40700572 DTXSID10728889 DTXSID70799373 DTXSID30722324 DTXSID70547371 DTXSID60600484 DTXSID10708424 DTXSID90771333
DTXSID20670047	DTXSID40356114 DTXSID70307316 DTXSID90557553 DTXSID30288591 DTXSID00330692 DTXSID00370699 DTXSID40585689 DTXSID30274378 DTXSID40618926 DTXSID30718308 DTXSID70509853 DTXSID70507379 DTXSID60154018 DTXSID30554965 DTXSID40620145 DTXSID50345498 DTXSID80281698 DTXSID60825514 DTXSID20524016 DTXSID90361339
DTXSID10352800	DTXSID60282168 DTXSID60603536 DTXSID00850087 DTXSID30542468 DTXSID00567961 DTXSID50485005 DTXSID50640834 DTXSID10277524 DTXSID50496818 DTXSID0073291 DTXSID20502738 DTXSID50538207 DTXSID40696461 DTXSID90459043 DTXSID80774196 DTXSID30704488 DTXSID40633972 DTXSID00501860 DTXSID10818517 DTXSID10501119
DTXSID40509007	DTXSID70199334 DTXSID50301953 DTXSID30849560 DTXSID40603837 DTXSID30460577 DTXSID70646651 DTXSID00302495 DTXSID80222783 DTXSID90343534 DTXSID70357452 DTXSID80399560 DTXSID10726325 DTXSID70766489 DTXSID00606703 DTXSID40456163 DTXSID20520119 DTXSID20661056 DTXSID90628893 DTXSID20299676 DTXSID80594558
DTXSID60886165	DTXSID00885839 DTXSID80737983 DTXSID70392702 DTXSID60315304 DTXSID40470283 DTXSID40611977 DTXSID80327409 DTXSID10165497 DTXSID00815070 DTXSID30660373 DTXSID1051692 DTXSID70280034 DTXSID60694484 DTXSID40143001 DTXSID70234370 DTXSID00337085 DTXSID8034746 DTXSID00563862 DTXSID30893008 DTXSID90675241
DTXSID30382886	DTXSID50778606 DTXSID00484583 DTXSID20435658 DTXSID40507649 DTXSID00872860 DTXSID90602815 DTXSID60633570 DTXSID10491920 DTXSID20231591 DTXSID30596401 DTXSID50428912 DTXSID4067771 DTXSID80162392 DTXSID70509131 DTXSID90529871 DTXSID90499202 DTXSID90358481 DTXSID50337419 DTXSID60487010 DTXSID00352677
DTXSID30301456	DTXSID10502681 DTXSID50640319 DTXSID70488750 DTXSID60340393 DTXSID20403498 DTXSID60497336 DTXSID20446421 DTXSID70612013 DTXSID10649722 DTXSID30671323 DTXSID90329454 DTXSID90450858 DTXSID90573096 DTXSID50318526 DTXSID40481814 DTXSID80776034 DTXSID20835977 DTXSID50505318 DTXSID40635496 DTXSID20172071
DTXSID10213689	DTXSID90720280 DTXSID10801287 DTXSID10176321 DTXSID30406096 DTXSID60364059 DTXSID80442020 DTXSID00635816 DTXSID30639766 DTXSID80542993 DTXSID40558595 DTXSID60510918 DTXSID80624889 DTXSID10528402 DTXSID70212678 DTXSID40343786 DTXSID80478086 DTXSID00550772 DTXSID10647905 DTXSID90294037 DTXSID90341893
DTXSID30816732	DTXSID80414949 DTXSID60340757 DTXSID30342228 DTXSID00789267 DTXSID80341685 DTXSID40718177 DTXSID60864504 DTXSID10710087 DTXSID10324880 DTXSID50712085 DTXSID10511839 DTXSID70816731 DTXSID00816744 DTXSID80836521 DTXSID40341646 DTXSID80615474 DTXSID80341660 DTXSID70773512 DTXSID90804832 DTXSID40341666
DTXSID30874115	DTXSID30542463 DTXSID60551285 DTXSID00876848 DTXSID00179881 DTXSID80753441 DTXSID50640374 DTXSID50758726 DTXSID20288681 DTXSID90178368 DTXSID50388749 DTXSID30165636 DTXSID30496230 DTXSID00771248 DTXSID20509929 DTXSID90366985 DTXSID40276348 DTXSID60675475 DTXSID40454326 DTXSID50559694 DTXSID70288277
DTXSID00296961	DTXSID70855660 DTXSID60494921 DTXSID30855727 DTXSID20804840 DTXSID20204487 DTXSID60184532 DTXSID20756234 DTXSID80440844 DTXSID60813198 DTXSID20284800 DTXSID00653333 DTXSID80548314 DTXSID30540383 DTXSID70873622 DTXSID50326520 DTXSID10310263 DTXSID00400920 DTXSID10498474 DTXSID60236000 DTXSID60723581
DTXSID70165938	DTXSID70408539 DTXSID10581315 DTXSID20797748 DTXSID10236696 DTXSID90626394 DTXSID70217345 DTXSID80492984 DTXSID50535852 DTXSID90427929 DTXSID40161003 DTXSID40770336 DTXSID40274541 DTXSID30651867 DTXSID40716512 DTXSID80562893 DTXSID70642476 DTXSID40645631 DTXSID90345699 DTXSID40674385 DTXSID60856080
DTXSID30485745	DTXSID90214997 DTXSID70564109 DTXSID60466481 DTXSID80415456 DTXSID50736064 DTXSID10808695 DTXSID30524966 DTXSID00600882 DTXSID50280274 DTXSID50302824 DTXSID50419789 DTXSID00371126 DTXSID90236053 DTXSID10566046 DTXSID80593384 DTXSID00430282 DTXSID20608365 DTXSID80471577 DTXSID40282005 DTXSID90507811
DTXSID00216765	DTXSID30415688 DTXSID90349995 DTXSID40659632 DTXSID70794808 DTXSID2023222 DTXSID60231434 DTXSID90535053 DTXSID90342643 DTXSID80384411 DTXSID00896142 DTXSID30445344 DTXSID60602903 DTXSID50397371 DTXSID60502116 DTXSID60297232 DTXSID90834472 DTXSID20857659 DTXSID40434921 DTXSID30389390 DTXSID90774940
DTXSID00628521	DTXSID40797841 DTXSID70189210 DTXSID30739694 DTXSID90150427 DTXSID60299079 DTXSID30473526 DTXSID60836802 DTXSID70459804 DTXSID90791516 DTXSID90532289 DTXSID50415004 DTXSID90504401 DTXSID10633444 DTXSID00407338 DTXSID40874106 DTXSID70427821 DTXSID90846131 DTXSID70744348 DTXSID80431853 DTXSID70886212
DTXSID40673595	DTXSID20548313 DTXSID20293093 DTXSID80629490 DTXSID70560666 DTXSID60154331 DTXSID60369660 DTXSID80299394 DTXSID30788642 DTXSID60281555 DTXSID80318034 DTXSID60459959 DTXSID90799638 DTXSID00539461 DTXSID30606317 DTXSID3041297 DTXSID90156141 DTXSID10796583 DTXSID20390950 DTXSID10865142 DTXSID80381026
DTXSID00534350	DTXSID30660313 DTXSID60398475 DTXSID70813563 DTXSID60475331 DTXSID70736667 DTXSID70645644 DTXSID90286270 DTXSID20448142 DTXSID40417916 DTXSID50555191 DTXSID30219385 DTXSID40732434 DTXSID90329050 DTXSID00293152 DTXSID70312566 DTXSID20673937 DTXSID30843725 DTXSID40585765 DTXSID40299936 DTXSID30173539
DTXSID50590062	DTXSID00518872 DTXSID00500813 DTXSID90642135 DTXSID00544772 DTXSID20563844 DTXSID00641119 DTXSID70364505 DTXSID30168268 DTXSID50302703 DTXSID30465360 DTXSID60487459 DTXSID70294838 DTXSID30308384 DTXSID90374489 DTXSID30341913 DTXSID30511391 DTXSID30209468 DTXSID70622516 DTXSID50719099 DTXSID50727159
DTXSID60816366	DTXSID80274202 DTXSID40563189 DTXSID10202674 DTXSID30429503 DTXSID90602057 DTXSID20197406 DTXSID60780199 DTXSID00629477 DTXSID60276143 DTXSID60775681 DTXSID0067503 DTXSID00829132 DTXSID10890999 DTXSID60242747 DTXSID90763152 DTXSID00826560 DTXSID10872659 DTXSID20181421 DTXSID20242521 DTXSID60872285
DTXSID70593353	DTXSID70780645 DTXSID40657259 DTXSID70665004 DTXSID90434618 DTXSID70834910 DTXSID60545866 DTXSID30321194 DTXSID40352676 DTXSID20441052 DTXSID60299094 DTXSID70392328 DTXSID60305467 DTXSID10739596 DTXSID20460561 DTXSID70291064 DTXSID50565290 DTXSID10313537 DTXSID20875878 DTXSID30176383 DTXSID40513644
DTXSID70283222	DTXSID70668075 DTXSID60803872 DTXSID90205587 DTXSID7023194 DTXSID90405585 DTXSID40183785 DTXSID10494193 DTXSID10491980 DTXSID00854560 DTXSID30397672 DTXSID7041625 DTXSID70174964 DTXSID40357580 DTXSID10169758 DTXSID50681040 DTXSID60320630 DTXSID60707765 DTXSID00462982 DTXSID80640443 DTXSID20417959
DTXSID40289256	DTXSID20475594 DTXSID90334321 DTXSID00842240 DTXSID50816779 DTXSID90406638 DTXSID80800126 DTXSID30434511 DTXSID30823264 DTXSID50621542 DTXSID80346155 DTXSID70333716 DTXSID00409610 DTXSID90178843 DTXSID8047717 DTXSID40606005 DTXSID90490996 DTXSID60290364 DTXSID90666871 DTXSID10503451 DTXSID10564320
DTXSID90445805	DTXSID50662359 DTXSID40194558 DTXSID80558271 DTXSID20151705 DTXSID80631275 DTXSID20327009 DTXSID80442686 DTXSID90759338 DTXSID40773983 DTXSID10579717 DTXSID10199636 DTXSID10712889 DTXSID40415679 DTXSID80780792 DTXSID20798412 DTXSID20416442 DTXSID30176540 DTXSID30144305 DTXSID10672792 DTXSID40450409
DTXSID50369735	DTXSID80178953 DTXSID30782468 DTXSID30363675 DTXSID50722189 DTXSID10365950 DTXSID90694856 DTXSID30478859 DTXSID70460591 DTXSID80724732 DTXSID10682417 DTXSID10475068 DTXSID20415399 DTXSID10469624 DTXSID10646473 DTXSID20646505 DTXSID60717162 DTXSID60214045 DTXSID00629715 DTXSID60725808 DTXSID90618092
DTXSID30707191	DTXSID30844257 DTXSID00642424 DTXSID30169250 DTXSID10503451 DTXSID50621542 DTXSID80610828 DTXSID90509850 DTXSID50326560 DTXSID80800126 DTXSID80343765 DTXSID30823264 DTXSID70333716 DTXSID80346155 DTXSID90178843 DTXSID40547121 DTXSID80676767 DTXSID90280854 DTXSID20587863 DTXSID70645881 DTXSID90334321
DTXSID20534918	DTXSID00345680 DTXSID60143023 DTXSID40310872 DTXSID20465495 DTXSID40790019 DTXSID90794320 DTXSID60325125 DTXSID00201055 DTXSID90313636 DTXSID90783198 DTXSID60823939 DTXSID50345014 DTXSID30636396 DTXSID90402498 DTXSID80349621 DTXSID60320630 DTXSID80631275 DTXSID20770410 DTXSID80190337 DTXSID10672792
DTXSID50427167	DTXSID90570505 DTXSID40169908 DTXSID50675065 DTXSID10645249 DTXSID60353524 DTXSID50893606 DTXSID20645255 DTXSID00663412 DTXSID00587649 DTXSID80594755 DTXSID20450083 DTXSID30708168 DTXSID00822163 DTXSID80879711 DTXSID20545105 DTXSID90598229 DTXSID00734090 DTXSID20598570 DTXSID20815799 DTXSID60896067
DTXSID10498196	DTXSID40385343 DTXSID20676403 DTXSID90151732 DTXSID30546628 DTXSID40721964 DTXSID10660816 DTXSID90821201 DTXSID80447398 DTXSID70732487 DTXSID60319089 DTXSID60240667 DTXSID00292362 DTXSID10657206 DTXSID70314969 DTXSID80478324 DTXSID10435480 DTXSID10700887 DTXSID60667653 DTXSID70434232 DTXSID10574121
DTXSID00501264	DTXSID70202690 DTXSID50640470 DTXSID30181371 DTXSID30407987 DTXSID70447645 DTXSID60711645 DTXSID90324363 DTXSID00865494 DTXSID50306004 DTXSID30389638 DTXSID20616925 DTXSID20891139 DTXSID60307320 DTXSID70651144 DTXSID40191426 DTXSID60239672 DTXSID10569991 DTXSID00394330 DTXSID90547999 DTXSID40191628
DTXSID80175861	DTXSID30852630 DTXSID10809501 DTXSID90850096 DTXSID10237007 DTXSID00341268 DTXSID10410373 DTXSID80284725 DTXSID10436654 DTXSID20481099 DTXSID50436936 DTXSID00206505 DTXSID90526623 DTXSID60399760 DTXSID60764510 DTXSID30195034 DTXSID80715221 DTXSID90424554 DTXSID40406623 DTXSID40552053 DTXSID80156756
DTXSID60659735	DTXSID60240440 DTXSID00786099 DTXSID20432905 DTXSID00816986 DTXSID70724408 DTXSID00339069 DTXSID60884823 DTXSID40815736 DTXSID20604342 DTXSID30809604 DTXSID60658541 DTXSID70453201 DTXSID50783538 DTXSID50632714 DTXSID80840345 DTXSID70799737 DTXSID90152264 DTXSID50175070 DTXSID90560906 DTXSID50198300
DTXSID20794818	DTXSID1023233 DTXSID40594852 DTXSID60593084 DTXSID30624394 DTXSID10318623 DTXSID20873935 DTXSID00421579 DTXSID10808392 DTXSID00307723 DTXSID70571636 DTXSID20453190 DTXSID40467916 DTXSID60701102 DTXSID30748145 DTXSID30584969 DTXSID70747839 DTXSID3061683 DTXSID60725848 DTXSID00234328 DTXSID30725678
DTXSID40454922	DTXSID10309233 DTXSID40674385 DTXSID60856080 DTXSID10581315 DTXSID60284824 DTXSID70642476 DTXSID70408539 DTXSID10743870 DTXSID90185572 DTXSID90427929 DTXSID30170023 DTXSID20680621 DTXSID10826758 DTXSID40181286 DTXSID50420133 DTXSID40230026 DTXSID60365844 DTXSID30651867 DTXSID50381154 DTXSID30452775
DTXSID9060780	DTXSID00181227 DTXSID30561457 DTXSID80336930 DTXSID5068237 DTXSID80755203 DTXSID60752952 DTXSID7062829 DTXSID0062896 DTXSID10648492 DTXSID70700545 DTXSID90240731 DTXSID10767839 DTXSID7063348 DTXSID70450674 DTXSID3064437 DTXSID80816363 DTXSID80759781 DTXSID30147033 DTXSID70241241 DTXSID20544754
DTXSID60856080	DTXSID10826758 DTXSID40674385 DTXSID30651867 DTXSID10581315 DTXSID10309233 DTXSID90427929 DTXSID60284824 DTXSID40454922 DTXSID90185572 DTXSID90711350 DTXSID70642476 DTXSID70408539 DTXSID40646800 DTXSID40716512 DTXSID40588413 DTXSID60217359 DTXSID80736618 DTXSID80572891 DTXSID60532291 DTXSID00485015
DTXSID00802844	DTXSID40493593 DTXSID7029372 DTXSID80369228 DTXSID40526577 DTXSID80819470 DTXSID70319419 DTXSID80603654 DTXSID20639957 DTXSID10678537 DTXSID20522476 DTXSID10309314 DTXSID70678311 DTXSID60341603 DTXSID70531472 DTXSID40487235 DTXSID50719852 DTXSID90286755 DTXSID50451407 DTXSID10327533 DTXSID50491904
DTXSID40291475	DTXSID50388229 DTXSID30642472 DTXSID00611337 DTXSID00651975 DTXSID50408597 DTXSID10364125 DTXSID10621083 DTXSID10512301 DTXSID90293308 DTXSID60533187 DTXSID30735378 DTXSID90614236 DTXSID10473549 DTXSID70550401 DTXSID90400712 DTXSID40694669 DTXSID40286260 DTXSID80742936 DTXSID60301085 DTXSID80748231
DTXSID40228625	DTXSID40841656 DTXSID60335284 DTXSID00755265 DTXSID30466877 DTXSID00373504 DTXSID10707634 DTXSID30571612 DTXSID70487026 DTXSID70366685 DTXSID40671632 DTXSID50383239 DTXSID90707511 DTXSID50506067 DTXSID10588026 DTXSID40181180 DTXSID80239336 DTXSID40146198 DTXSID20400745 DTXSID60533122 DTXSID40325042
DTXSID9065364	DTXSID10831908 DTXSID90388561 DTXSID00182673 DTXSID00603050 DTXSID70783414 DTXSID50474550 DTXSID20645871 DTXSID90193758 DTXSID70647688 DTXSID70639144 DTXSID40384679 DTXSID40720210 DTXSID40460886 DTXSID40407377 DTXSID40334154 DTXSID30651201 DTXSID50712227 DTXSID10280755 DTXSID30506707 DTXSID60550096
DTXSID40657471	DTXSID20602808 DTXSID90185830 DTXSID50277765 DTXSID80207252 DTXSID80284285 DTXSID60760855 DTXSID10624458 DTXSID50430015 DTXSID90672497 DTXSID10756167 DTXSID20317288 DTXSID40427853 DTXSID00387843 DTXSID60668665 DTXSID00295777 DTXSID80845794 DTXSID20442145 DTXSID70170840 DTXSID40540213 DTXSID50310222
DTXSID30867724	DTXSID50798187 DTXSID90398428 DTXSID00752693 DTXSID90806856 DTXSID6048888 DTXSID60795809 DTXSID90797093 DTXSID20750954 DTXSID10658374 DTXSID00828564 DTXSID50709955 DTXSID70670234 DTXSID20765467 DTXSID70800130 DTXSID60469452 DTXSID10877629 DTXSID20442807 DTXSID30174849 DTXSID90339654 DTXSID20370398
DTXSID60576635	DTXSID00403350 DTXSID70434611 DTXSID90316728 DTXSID9021394 DTXSID40216284 DTXSID80737847 DTXSID20730756 DTXSID20629893 DTXSID10738746 DTXSID20376158 DTXSID20580733 DTXSID00227710 DTXSID90325830 DTXSID00338355 DTXSID80647376 DTXSID10143472 DTXSID00640905 DTXSID0041773 DTXSID70377413 DTXSID00823892
DTXSID90787090	DTXSID00153661 DTXSID70851288 DTXSID50838375 DTXSID80436722 DTXSID30773912 DTXSID00314351 DTXSID40823492 DTXSID90241283 DTXSID30198141 DTXSID30826654 DTXSID20162997 DTXSID20894140 DTXSID20302371 DTXSID60801696 DTXSID70329513 DTXSID10814352 DTXSID40319789 DTXSID00428624 DTXSID40896005 DTXSID30155996
DTXSID80191703	DTXSID00461157 DTXSID80627991 DTXSID70749176 DTXSID00651511 DTXSID90354120 DTXSID30178327 DTXSID30453025 DTXSID10482131 DTXSID30628892 DTXSID20180252 DTXSID70857280 DTXSID20371406 DTXSID70711898 DTXSID70613904 DTXSID80729308 DTXSID80646465 DTXSID20610786 DTXSID70619188 DTXSID90625201 DTXSID40408041
DTXSID40818449	DTXSID50368960 DTXSID70355317 DTXSID60816780 DTXSID90278397 DTXSID80584818 DTXSID40392234 DTXSID60484049 DTXSID50743096 DTXSID70281066 DTXSID80174874 DTXSID30671565 DTXSID00642146 DTXSID70356086 DTXSID00603530 DTXSID30157793 DTXSID40295857 DTXSID90352303 DTXSID40545687 DTXSID50607326 DTXSID00444965
DTXSID00809813	DTXSID20624161 DTXSID60790435 DTXSID40790731 DTXSID50757779 DTXSID90418019 DTXSID50845665 DTXSID10667643 DTXSID00771182 DTXSID50719852 DTXSID80466281 DTXSID10804531 DTXSID90814597 DTXSID40700032 DTXSID50522469 DTXSID40815115 DTXSID20173846 DTXSID30357014 DTXSID60847019 DTXSID70319419 DTXSID90876473
DTXSID1044932	DTXSID50848459 DTXSID90235405 DTXSID40660980 DTXSID60454621 DTXSID30489420 DTXSID80187787 DTXSID00768471 DTXSID30405488 DTXSID10345131 DTXSID40443371 DTXSID40230809 DTXSID10371152 DTXSID20655394 DTXSID60618928 DTXSID50744341 DTXSID40535245 DTXSID40629370 DTXSID10845207 DTXSID60519486 DTXSID50375432
DTXSID60368299	DTXSID90624976 DTXSID30313034 DTXSID90182288 DTXSID50404332 DTXSID30818574 DTXSID60695476 DTXSID90578445 DTXSID50607326 DTXSID00462285 DTXSID20321380 DTXSID50680679 DTXSID10380608 DTXSID70835922 DTXSID60209350 DTXSID00697813 DTXSID20450149 DTXSID10371591 DTXSID80577280 DTXSID70366049 DTXSID30632272
DTXSID50745414	DTXSID30775971 DTXSID90618092 DTXSID00810742 DTXSID90857282 DTXSID30550669 DTXSID80573166 DTXSID30618374 DTXSID20702812 DTXSID20879376 DTXSID10475068 DTXSID10436811 DTXSID10646473 DTXSID60214045 DTXSID80494605 DTXSID50857501 DTXSID60734410 DTXSID50402570 DTXSID00496606 DTXSID00797266 DTXSID90719730
DTXSID2052447	DTXSID00550732 DTXSID60550733 DTXSID20476203 DTXSID50729234 DTXSID20518379 DTXSID80783708 DTXSID30858713 DTXSID70886030 DTXSID0044153 DTXSID30201402 DTXSID00223994 DTXSID80201174 DTXSID40379404 DTXSID90738906 DTXSID40708275 DTXSID5061245 DTXSID00582912 DTXSID60600126 DTXSID20776098 DTXSID90749330
DTXSID30844232	DTXSID30307135 DTXSID40706170 DTXSID80756710 DTXSID20675951 DTXSID10322826 DTXSID30615146 DTXSID20802604 DTXSID20558952 DTXSID00787248 DTXSID50812175 DTXSID40869951 DTXSID60605217 DTXSID50757835 DTXSID70322827 DTXSID10224790 DTXSID70484939 DTXSID10852012 DTXSID60832940 DTXSID30851340 DTXSID20776896
DTXSID80463053	DTXSID6065052 DTXSID70597659 DTXSID40458723 DTXSID00446262 DTXSID10505753 DTXSID00409352 DTXSID40757804 DTXSID60201778 DTXSID30854114 DTXSID20275490 DTXSID10672434 DTXSID50801589 DTXSID40679875 DTXSID30406531 DTXSID30458691 DTXSID60312176 DTXSID80467394 DTXSID60667436 DTXSID40279910 DTXSID70218155
DTXSID40624108	DTXSID40818848 DTXSID00398232 DTXSID10628037 DTXSID00773323 DTXSID60443191 DTXSID70748205 DTXSID80744314 DTXSID80392899 DTXSID70488179 DTXSID6070435 DTXSID30812719 DTXSID50336265 DTXSID50352288 DTXSID10423387 DTXSID20190891 DTXSID50308568 DTXSID80700652 DTXSID70812718 DTXSID80326235 DTXSID50303811
DTXSID10463425	DTXSID90395215 DTXSID80229196 DTXSID50277806 DTXSID60363224 DTXSID00759581 DTXSID30651367 DTXSID50682239 DTXSID70835068 DTXSID90845265 DTXSID70606674 DTXSID00874349 DTXSID60344396 DTXSID50455440 DTXSID20657292 DTXSID80284826 DTXSID00184410 DTXSID40551980 DTXSID10888816 DTXSID00408825 DTXSID50354606
DTXSID40466202	DTXSID00694620 DTXSID30709610 DTXSID50389458 DTXSID30222415 DTXSID40533160 DTXSID00374899 DTXSID20217613 DTXSID70274377 DTXSID60401296 DTXSID30716667 DTXSID90375774 DTXSID00156475 DTXSID60742111 DTXSID60828121 DTXSID00469355 DTXSID80647497 DTXSID20429870 DTXSID50818157 DTXSID80596173 DTXSID00382030
DTXSID10501119	DTXSID50538207 DTXSID50589734 DTXSID60528699 DTXSID10597118 DTXSID30406531 DTXSID40431016 DTXSID30744748 DTXSID60201778 DTXSID00850087 DTXSID10355573 DTXSID20275490 DTXSID60603536 DTXSID60652327 DTXSID50311754 DTXSID80664725 DTXSID40510698 DTXSID60338038 DTXSID70597659 DTXSID60282168 DTXSID70803545
DTXSID30618738	DTXSID60590174 DTXSID30363392 DTXSID60716675 DTXSID00843535 DTXSID40672548 DTXSID70646277 DTXSID50727371 DTXSID20856708 DTXSID10677540 DTXSID40725967 DTXSID20372610 DTXSID80696900 DTXSID10743259 DTXSID20728991 DTXSID90676672 DTXSID00727285 DTXSID60722973 DTXSID70616435 DTXSID70725576 DTXSID50372744
DTXSID20201895	DTXSID10820791 DTXSID00346495 DTXSID60286045 DTXSID10742247 DTXSID90203604 DTXSID60533288 DTXSID90885863 DTXSID10547456 DTXSID20350337 DTXSID50565977 DTXSID80641117 DTXSID70561092 DTXSID60434766 DTXSID30534449 DTXSID80464702 DTXSID50494753 DTXSID40380277 DTXSID50195879 DTXSID00444369 DTXSID50585418
DTXSID00669338	DTXSID10627005 DTXSID40538872 DTXSID90700688 DTXSID20707948 DTXSID40613335 DTXSID10335214 DTXSID20835912 DTXSID20618585 DTXSID80742835 DTXSID40192418 DTXSID70341093 DTXSID90578465 DTXSID60508572 DTXSID40789600 DTXSID80348497 DTXSID70541990 DTXSID80485831 DTXSID30418775 DTXSID80452503 DTXSID40230768
DTXSID00504230	DTXSID00541347 DTXSID50496595 DTXSID60840166 DTXSID40806220 DTXSID80298887 DTXSID50810676 DTXSID00542470 DTXSID60646943 DTXSID50805002 DTXSID80649850 DTXSID90649245 DTXSID50338880 DTXSID10525991 DTXSID70846614 DTXSID70308404 DTXSID60694580 DTXSID40775765 DTXSID50833527 DTXSID10606552 DTXSID10725737
DTXSID40724556	DTXSID20174712 DTXSID50734909 DTXSID20474022 DTXSID10374446 DTXSID80847713 DTXSID00366178 DTXSID60482388 DTXSID50500126 DTXSID60604220 DTXSID50677665 DTXSID50627362 DTXSID20468406 DTXSID90501531 DTXSID00655514 DTXSID80855555 DTXSID90788047 DTXSID90604692 DTXSID20625698 DTXSID90324500 DTXSID3059505
DTXSID80670184	DTXSID80478884 DTXSID90526789 DTXSID00652785 DTXSID60408725 DTXSID80771069 DTXSID80638027 DTXSID2060967 DTXSID90199053 DTXSID30757656 DTXSID50627443 DTXSID60207018 DTXSID60150616 DTXSID00343449 DTXSID00491015 DTXSID60460489 DTXSID90573096 DTXSID60344770 DTXSID90543436 DTXSID30587935 DTXSID40481814
DTXSID00430282	DTXSID50302824 DTXSID70600399 DTXSID80471577 DTXSID80415456 DTXSID10478554 DTXSID10566046 DTXSID30510001 DTXSID80333444 DTXSID70564109 DTXSID10602615 DTXSID30485745 DTXSID90214997 DTXSID60524732 DTXSID50833365 DTXSID10190906 DTXSID90182581 DTXSID10679943 DTXSID40282005 DTXSID60283352 DTXSID60466481
DTXSID80470368	DTXSID30240972 DTXSID70400710 DTXSID30175614 DTXSID80772011 DTXSID60668726 DTXSID40293651 DTXSID50740727 DTXSID20422326 DTXSID20667790 DTXSID00490346 DTXSID50457707 DTXSID40681973 DTXSID00498387 DTXSID50427945 DTXSID90401582 DTXSID30607723 DTXSID00372794 DTXSID30397253 DTXSID60396875 DTXSID1069952
DTXSID20419099	DTXSID60680908 DTXSID90276479 DTXSID60820660 DTXSID00480469 DTXSID70811307 DTXSID00384771 DTXSID40509623 DTXSID90561630 DTXSID10506361 DTXSID40589748 DTXSID20445712 DTXSID40726050 DTXSID90668592 DTXSID70649283 DTXSID20642128 DTXSID80648005 DTXSID60634123 DTXSID20846260 DTXSID40404280 DTXSID60743643
DTXSID30198141	DTXSID20162997 DTXSID90241283 DTXSID00314351 DTXSID00428624 DTXSID40896005 DTXSID30826654 DTXSID90787090 DTXSID30427761 DTXSID30773912 DTXSID50770943 DTXSID10849982 DTXSID60895999 DTXSID80186038 DTXSID50838375 DTXSID40823492 DTXSID10814352 DTXSID00896425 DTXSID00153661 DTXSID90697584 DTXSID40319789
DTXSID90623222	DTXSID60514936 DTXSID90407241 DTXSID90698511 DTXSID30323618 DTXSID30635122 DTXSID30460875 DTXSID80343442 DTXSID1066786 DTXSID00837035 DTXSID30343396 DTXSID20740779 DTXSID10316184 DTXSID20718998 DTXSID6036885 DTXSID00421433 DTXSID30585375 DTXSID30506823 DTXSID50630952 DTXSID10547673 DTXSID70334960
DTXSID10876293	DTXSID40874106 DTXSID30433105 DTXSID20737386 DTXSID90532289 DTXSID00505101 DTXSID40797841 DTXSID70189210 DTXSID90504401 DTXSID60829754 DTXSID00407338 DTXSID70427821 DTXSID10296472 DTXSID90150427 DTXSID00628521 DTXSID90369355 DTXSID10633444 DTXSID30739694 DTXSID70565050 DTXSID70701077 DTXSID60836802
DTXSID50518761	DTXSID40309645 DTXSID10349912 DTXSID10291689 DTXSID50290232 DTXSID20831939 DTXSID30482714 DTXSID30400852 DTXSID30616294 DTXSID90808375 DTXSID40664842 DTXSID30322782 DTXSID80211632 DTXSID50549550 DTXSID20516850 DTXSID40278382 DTXSID60703924 DTXSID90303658 DTXSID30818135 DTXSID40230809 DTXSID40660980
DTXSID50694418	DTXSID30184524 DTXSID90209343 DTXSID00681570 DTXSID30278139 DTXSID90544741 DTXSID90612898 DTXSID70592609 DTXSID20379503 DTXSID70607868 DTXSID00315606 DTXSID20797081 DTXSID80848381 DTXSID70383473 DTXSID40876983 DTXSID80765908 DTXSID60708712 DTXSID30874352 DTXSID20444048 DTXSID80524375 DTXSID10610179
DTXSID10694631	DTXSID60850028 DTXSID90441084 DTXSID50660774 DTXSID40710176 DTXSID10774023 DTXSID20482445 DTXSID00646740 DTXSID8064981 DTXSID80582970 DTXSID00565861 DTXSID30323219 DTXSID80502870 DTXSID30218555 DTXSID40614903 DTXSID00485176 DTXSID60694525 DTXSID40617191 DTXSID80180238 DTXSID70314868 DTXSID40876185
DTXSID80657117	DTXSID10668655 DTXSID00393727 DTXSID20576136 DTXSID20352715 DTXSID80162953 DTXSID60394275 DTXSID40781189 DTXSID90676839 DTXSID00710011 DTXSID40508893 DTXSID30745058 DTXSID60319443 DTXSID80727804 DTXSID50602750 DTXSID70693842 DTXSID90669140 DTXSID80701725 DTXSID40528157 DTXSID20299454 DTXSID50165017
DTXSID80201174	DTXSID60550733 DTXSID0047741 DTXSID30222273 DTXSID00550732 DTXSID80783708 DTXSID90738906 DTXSID2052447 DTXSID40379404 DTXSID00223994 DTXSID20449876 DTXSID10808953 DTXSID80448244 DTXSID50729234 DTXSID40708275 DTXSID50600332 DTXSID20476203 DTXSID30858713 DTXSID70886030 DTXSID20518379 DTXSID30201402
DTXSID40827091	DTXSID40650583 DTXSID20535420 DTXSID30837225 DTXSID10301237 DTXSID60646322 DTXSID50734328 DTXSID90396969 DTXSID20705520 DTXSID40365226 DTXSID50212651 DTXSID50733639 DTXSID80727324 DTXSID40618345 DTXSID00190172 DTXSID70743659 DTXSID90396222 DTXSID30646758 DTXSID70810991 DTXSID50346844 DTXSID10609124
DTXSID10297585	DTXSID20167826 DTXSID10778389 DTXSID50505358 DTXSID80179102 DTXSID60834747 DTXSID60277670 DTXSID00560770 DTXSID80423814 DTXSID00635194 DTXSID20212729 DTXSID70852235 DTXSID20342752 DTXSID00694584 DTXSID90365271 DTXSID4065604 DTXSID80169503 DTXSID80615070 DTXSID70179095 DTXSID20733065 DTXSID70603769
DTXSID50457580	DTXSID20849776 DTXSID80668985 DTXSID10724003 DTXSID30787675 DTXSID50535817 DTXSID70372307 DTXSID10778026 DTXSID60405698 DTXSID50630270 DTXSID80699496 DTXSID20632246 DTXSID60734071 DTXSID10735558 DTXSID30857448 DTXSID90633644 DTXSID30440677 DTXSID80801219 DTXSID90827602 DTXSID90392042 DTXSID60655318
DTXSID40710176	DTXSID8064981 DTXSID60694525 DTXSID40617191 DTXSID20482445 DTXSID60850028 DTXSID10694631 DTXSID10774023 DTXSID90441084 DTXSID10374441 DTXSID40876185 DTXSID10655469 DTXSID40614903 DTXSID10705554 DTXSID00565861 DTXSID20217491 DTXSID90144927 DTXSID90401946 DTXSID50660774 DTXSID70594325 DTXSID30323219
DTXSID80784316	DTXSID7020211 DTXSID30455463 DTXSID10617880 DTXSID30755233 DTXSID5037602 DTXSID7047015 DTXSID40338899 DTXSID60732693 DTXSID80303546 DTXSID20808909 DTXSID10601885 DTXSID30815205 DTXSID7057658 DTXSID20587585 DTXSID40577145 DTXSID00316638 DTXSID50485202 DTXSID40211870 DTXSID10717975 DTXSID70283348
DTXSID40211870	DTXSID00316638 DTXSID30755233 DTXSID40765540 DTXSID10717975 DTXSID5037602 DTXSID10594324 DTXSID20544931 DTXSID40156419 DTXSID90458399 DTXSID20793508 DTXSID60806661 DTXSID30443108 DTXSID80303546 DTXSID40749587 DTXSID30815205 DTXSID40577145 DTXSID50485202 DTXSID7020211 DTXSID0042298 DTXSID40760095
DTXSID80658548	DTXSID20172399 DTXSID10177015 DTXSID60815738 DTXSID90148864 DTXSID50797539 DTXSID60844023 DTXSID90809145 DTXSID0073110 DTXSID00454781 DTXSID90443846 DTXSID60798678 DTXSID80851471 DTXSID00541968 DTXSID60790692 DTXSID60240940 DTXSID40455535 DTXSID40840048 DTXSID00470865 DTXSID40144795 DTXSID40208886
DTXSID80568138	DTXSID80594452 DTXSID5021625 DTXSID80394919 DTXSID10693124 DTXSID80354371 DTXSID00864907 DTXSID70515318 DTXSID90577271 DTXSID90844430 DTXSID30550023 DTXSID00401154 DTXSID90519151 DTXSID80648545 DTXSID70473565 DTXSID60770393 DTXSID80540737 DTXSID90587653 DTXSID70304724 DTXSID80175169 DTXSID80539823
DTXSID20671716	DTXSID50496494 DTXSID80453838 DTXSID50727174 DTXSID20298200 DTXSID80712533 DTXSID10713593 DTXSID40545728 DTXSID10375655 DTXSID90651202 DTXSID70195699 DTXSID60757260 DTXSID70599118 DTXSID60675071 DTXSID40374050 DTXSID90307398 DTXSID10180923 DTXSID30288293 DTXSID30372484 DTXSID00669237 DTXSID90296834
DTXSID60670142	DTXSID9061178 DTXSID60154018 DTXSID60184870 DTXSID70675103 DTXSID40684601 DTXSID00326196 DTXSID40618926 DTXSID50456533 DTXSID30642230 DTXSID70680914 DTXSID00774916 DTXSID00370699 DTXSID20800029 DTXSID00220160 DTXSID20547326 DTXSID20222787 DTXSID40372051 DTXSID30490970 DTXSID10592880 DTXSID60729402
DTXSID80211218	DTXSID10436811 DTXSID80494605 DTXSID50634238 DTXSID70415420 DTXSID70722227 DTXSID50649802 DTXSID00646467 DTXSID10470013 DTXSID20379543 DTXSID40332695 DTXSID90719730 DTXSID50215001 DTXSID70316448 DTXSID10371632 DTXSID80370955 DTXSID10857249 DTXSID20857497 DTXSID20579162 DTXSID60734410 DTXSID00655630
DTXSID60183868	DTXSID20295274 DTXSID00166478 DTXSID70876234 DTXSID50678379 DTXSID60497452 DTXSID90753477 DTXSID90396409 DTXSID80661173 DTXSID70326108 DTXSID60441157 DTXSID30393856 DTXSID80358899 DTXSID60705544 DTXSID70165837 DTXSID40697453 DTXSID80354715 DTXSID50879349 DTXSID40556990 DTXSID30885241 DTXSID90567016
DTXSID70428777	DTXSID00702794 DTXSID50517234 DTXSID8047509 DTXSID50300042 DTXSID8059007 DTXSID20593166 DTXSID70181390 DTXSID00728974 DTXSID20307225 DTXSID70419125 DTXSID60649212 DTXSID60302395 DTXSID60819953 DTXSID30553978 DTXSID10537635 DTXSID40797886 DTXSID80323562 DTXSID50351094 DTXSID90585376 DTXSID80551161
DTXSID50695420	DTXSID70507899 DTXSID90494676 DTXSID90375138 DTXSID70452133 DTXSID00376691 DTXSID50873509 DTXSID80685814 DTXSID10483325 DTXSID10343637 DTXSID40857631 DTXSID80828986 DTXSID30780308 DTXSID80303223 DTXSID40496120 DTXSID20180474 DTXSID50567355 DTXSID80646728 DTXSID30772364 DTXSID70651068 DTXSID40538579
DTXSID40516574	DTXSID00857657 DTXSID80625119 DTXSID20599022 DTXSID60820660 DTXSID60456741 DTXSID70811307 DTXSID50776829 DTXSID30189978 DTXSID20182216 DTXSID00515240 DTXSID20620805 DTXSID40509623 DTXSID60542335 DTXSID10876213 DTXSID10288155 DTXSID20846260 DTXSID80224782 DTXSID60680908 DTXSID10626018 DTXSID50325992
DTXSID70517256	DTXSID20363886 DTXSID40581323 DTXSID20630782 DTXSID40887211 DTXSID50711134 DTXSID30575872 DTXSID80844106 DTXSID40711103 DTXSID50340948 DTXSID50675242 DTXSID30867401 DTXSID40662929 DTXSID70457305 DTXSID90509214 DTXSID60816765 DTXSID10733817 DTXSID10699207 DTXSID60580217 DTXSID80531423 DTXSID1042659
DTXSID60451877	DTXSID60766978 DTXSID60172570 DTXSID70476117 DTXSID30767674 DTXSID5021625 DTXSID80354371 DTXSID30550023 DTXSID80540737 DTXSID10693124 DTXSID80568138 DTXSID00186792 DTXSID1068302 DTXSID30738485 DTXSID20516815 DTXSID90166301 DTXSID00864907 DTXSID20466467 DTXSID70473565 DTXSID80594452 DTXSID40745084
DTXSID80335786	DTXSID40420900 DTXSID70562362 DTXSID40762115 DTXSID70799737 DTXSID50175070 DTXSID40187066 DTXSID40208886 DTXSID40243015 DTXSID40157103 DTXSID40455535 DTXSID90560906 DTXSID00470865 DTXSID90820815 DTXSID20624146 DTXSID50783538 DTXSID60658541 DTXSID60844023 DTXSID60798678 DTXSID90443846 DTXSID00807834
DTXSID00423654	DTXSID20511921 DTXSID70593176 DTXSID90338980 DTXSID20381262 DTXSID40405939 DTXSID30344949 DTXSID90621465 DTXSID90346101 DTXSID60399725 DTXSID3061552 DTXSID00298647 DTXSID20579586 DTXSID30278654 DTXSID00633478 DTXSID90346141 DTXSID60488421 DTXSID9044164 DTXSID30544588 DTXSID90711198 DTXSID30451763
DTXSID00364871	DTXSID60728172 DTXSID20428787 DTXSID20857598 DTXSID20656467 DTXSID90709196 DTXSID90629724 DTXSID90361339 DTXSID90782383 DTXSID10211645 DTXSID00531041 DTXSID90826519 DTXSID40784357 DTXSID40620145 DTXSID00567820 DTXSID00768097 DTXSID70708046 DTXSID60825514 DTXSID20524016 DTXSID00323105 DTXSID20631173
DTXSID3067231	DTXSID10239187 DTXSID90771570 DTXSID20825196 DTXSID30336900 DTXSID30609742 DTXSID90634898 DTXSID80893735 DTXSID30528040 DTXSID70471960 DTXSID00618164 DTXSID80793680 DTXSID70276578 DTXSID00281130 DTXSID30300722 DTXSID00884246 DTXSID60460363 DTXSID00694029 DTXSID50191093 DTXSID30714603 DTXSID90758447
DTXSID70754826	DTXSID50345716 DTXSID90649245 DTXSID70733717 DTXSID30331379 DTXSID50589815 DTXSID50810676 DTXSID80649850 DTXSID70452633 DTXSID50833527 DTXSID70191611 DTXSID60646943 DTXSID60840166 DTXSID40775765 DTXSID10525991 DTXSID80180894 DTXSID00398893 DTXSID50149857 DTXSID50496595 DTXSID40243454 DTXSID70196484
DTXSID70741539	DTXSID00566171 DTXSID30280974 DTXSID40757309 DTXSID60340974 DTXSID40630906 DTXSID00365924 DTXSID10661161 DTXSID70315971 DTXSID30344146 DTXSID80279919 DTXSID50395110 DTXSID10561854 DTXSID10495721 DTXSID20406141 DTXSID30750945 DTXSID70211469 DTXSID00559149 DTXSID80823330 DTXSID00411738 DTXSID40191264
DTXSID70539892	DTXSID10289445 DTXSID40535245 DTXSID60703924 DTXSID20183001 DTXSID10599536 DTXSID40230809 DTXSID80408227 DTXSID80187787 DTXSID30616294 DTXSID70715619 DTXSID70283828 DTXSID00768471 DTXSID30400852 DTXSID20453352 DTXSID50290232 DTXSID90235405 DTXSID60508234 DTXSID30482714 DTXSID10610614 DTXSID10845207
DTXSID80305424	DTXSID70232093 DTXSID70614431 DTXSID80506439 DTXSID70192805 DTXSID70527118 DTXSID70526065 DTXSID50495442 DTXSID40815675 DTXSID40460846 DTXSID30752045 DTXSID10489847 DTXSID80506277 DTXSID40316117 DTXSID90632258 DTXSID10163594 DTXSID10325736 DTXSID60333109 DTXSID70791014 DTXSID80356315 DTXSID20703682
DTXSID70750186	DTXSID3051541 DTXSID5051311 DTXSID90823245 DTXSID10773617 DTXSID50343212 DTXSID70867364 DTXSID30827146 DTXSID80559561 DTXSID50288992 DTXSID6044802 DTXSID60873939 DTXSID90556268 DTXSID30188729 DTXSID00887474 DTXSID70177359 DTXSID30336546 DTXSID40534975 DTXSID1068807 DTXSID10784127 DTXSID40873937
DTXSID90404977	DTXSID10711458 DTXSID10712521 DTXSID50753675 DTXSID60598519 DTXSID70236576 DTXSID50823948 DTXSID50775251 DTXSID70775273 DTXSID20240441 DTXSID40880888 DTXSID9051741 DTXSID50767959 DTXSID00597728 DTXSID00543068 DTXSID50576301 DTXSID80887654 DTXSID90437669 DTXSID40707182 DTXSID30336546 DTXSID80708456
DTXSID20803095	DTXSID80803096 DTXSID40759080 DTXSID90339119 DTXSID80783627 DTXSID10718149 DTXSID40763107 DTXSID70348188 DTXSID80657910 DTXSID10244236 DTXSID2050035 DTXSID70713711 DTXSID80764310 DTXSID70809204 DTXSID10290430 DTXSID50615143 DTXSID70761252 DTXSID40286902 DTXSID70570841 DTXSID70373192 DTXSID90807484
DTXSID60428125	DTXSID70405947 DTXSID00635194 DTXSID00694584 DTXSID70852235 DTXSID80423814 DTXSID60834747 DTXSID40773322 DTXSID00423917 DTXSID80169503 DTXSID10724700 DTXSID80615070 DTXSID6048096 DTXSID70700803 DTXSID70499624 DTXSID90663507 DTXSID40173409 DTXSID70682094 DTXSID20167826 DTXSID20342752 DTXSID80179102
DTXSID60167603	DTXSID10651305 DTXSID1042281 DTXSID80358672 DTXSID50305239 DTXSID90734029 DTXSID50164641 DTXSID30618253 DTXSID80620381 DTXSID10197915 DTXSID70349519 DTXSID20377125 DTXSID60736257 DTXSID60295354 DTXSID30310427 DTXSID30404754 DTXSID50709672 DTXSID40297775 DTXSID30631402 DTXSID00836164 DTXSID40571168
DTXSID0075106	DTXSID60754572 DTXSID10465025 DTXSID60738998 DTXSID90796667 DTXSID2071025 DTXSID80532359 DTXSID00341667 DTXSID40701589 DTXSID90492910 DTXSID10776421 DTXSID50286514 DTXSID60460489 DTXSID30285782 DTXSID20663055 DTXSID20351581 DTXSID70284653 DTXSID00405935 DTXSID40734817 DTXSID40481814 DTXSID1023447
DTXSID40717822	DTXSID10722665 DTXSID80143040 DTXSID80365907 DTXSID00480989 DTXSID90736028 DTXSID80801294 DTXSID10607544 DTXSID70558563 DTXSID10601360 DTXSID90811162 DTXSID00721268 DTXSID80771766 DTXSID20539948 DTXSID20462722 DTXSID80851239 DTXSID90864779 DTXSID30428374 DTXSID80820329 DTXSID00303649 DTXSID70282356
DTXSID50520142	DTXSID10349472 DTXSID50603368 DTXSID8059007 DTXSID90585376 DTXSID90429206 DTXSID60819953 DTXSID20354870 DTXSID80323562 DTXSID70181390 DTXSID40797886 DTXSID00555646 DTXSID50351094 DTXSID80296106 DTXSID00728974 DTXSID50494753 DTXSID10797277 DTXSID70585778 DTXSID70226290 DTXSID70561092 DTXSID20366150
DTXSID30778189	DTXSID30537839 DTXSID90429862 DTXSID00571407 DTXSID60495352 DTXSID90609682 DTXSID10212470 DTXSID40352515 DTXSID70401363 DTXSID70695260 DTXSID90228155 DTXSID30787852 DTXSID20718973 DTXSID80588412 DTXSID30616810 DTXSID90479908 DTXSID30780828 DTXSID40495597 DTXSID70173750 DTXSID50441787 DTXSID70876658
DTXSID00579983	DTXSID90385934 DTXSID90845982 DTXSID40619296 DTXSID20281692 DTXSID80889294 DTXSID30642376 DTXSID40207955 DTXSID80323663 DTXSID30164543 DTXSID60443732 DTXSID00318718 DTXSID50705750 DTXSID50710086 DTXSID40874348 DTXSID80753941 DTXSID90400696 DTXSID60645895 DTXSID10189714 DTXSID30828774 DTXSID90768041
DTXSID80489637	DTXSID70486135 DTXSID80312456 DTXSID60608324 DTXSID90308284 DTXSID00201636 DTXSID70516784 DTXSID50314442 DTXSID70372524 DTXSID70597831 DTXSID80563507 DTXSID10444037 DTXSID60204269 DTXSID10483789 DTXSID40764472 DTXSID70398168 DTXSID20545261 DTXSID20356910 DTXSID60670046 DTXSID60735008 DTXSID50285047
DTXSID40226601	DTXSID00333421 DTXSID10564320 DTXSID6044773 DTXSID80673756 DTXSID20295613 DTXSID70359411 DTXSID90543810 DTXSID00639591 DTXSID80342874 DTXSID60778778 DTXSID40606005 DTXSID70751774 DTXSID00478189 DTXSID80528696 DTXSID70522562 DTXSID00428720 DTXSID20832421 DTXSID80809139 DTXSID10504807 DTXSID00162036
DTXSID70307316	DTXSID20670047 DTXSID40356114 DTXSID00370699 DTXSID90557553 DTXSID00330692 DTXSID60154018 DTXSID30288591 DTXSID40618926 DTXSID70507379 DTXSID40585689 DTXSID50345498 DTXSID70543979 DTXSID40494722 DTXSID60599086 DTXSID9061178 DTXSID70509853 DTXSID40620145 DTXSID30554965 DTXSID30718308 DTXSID90152880
DTXSID20734618	DTXSID70703874 DTXSID90302949 DTXSID0060066 DTXSID20699051 DTXSID30727894 DTXSID50534885 DTXSID30819187 DTXSID00320477 DTXSID9051745 DTXSID30225522 DTXSID40481793 DTXSID80208300 DTXSID90702066 DTXSID00510558 DTXSID60193886 DTXSID30588563 DTXSID10653869 DTXSID70398688 DTXSID10711433 DTXSID00706676
DTXSID60533889	DTXSID50195879 DTXSID80509384 DTXSID10392968 DTXSID70666273 DTXSID20759705 DTXSID30796606 DTXSID60533288 DTXSID50285360 DTXSID10696150 DTXSID50341793 DTXSID50565977 DTXSID80522134 DTXSID20528296 DTXSID20350337 DTXSID40380277 DTXSID10797277 DTXSID10455027 DTXSID10547456 DTXSID90885863 DTXSID80401773
DTXSID70456873	DTXSID70744343 DTXSID70489489 DTXSID70152843 DTXSID80557643 DTXSID30207606 DTXSID50415544 DTXSID60291290 DTXSID10379299 DTXSID70848471 DTXSID90150922 DTXSID10888412 DTXSID20618065 DTXSID20158431 DTXSID40622548 DTXSID00570430 DTXSID80230045 DTXSID80196273 DTXSID40876064 DTXSID40645570 DTXSID40741081
DTXSID10515256	DTXSID50650796 DTXSID80611310 DTXSID50454695 DTXSID80480689 DTXSID90805965 DTXSID50282854 DTXSID20566476 DTXSID20453519 DTXSID40625731 DTXSID30634231 DTXSID00667490 DTXSID50552024 DTXSID80856784 DTXSID70528403 DTXSID80640322 DTXSID80241550 DTXSID40822687 DTXSID00154719 DTXSID60375120 DTXSID20481190
DTXSID70799434	DTXSID30306209 DTXSID30278654 DTXSID00633478 DTXSID40397668 DTXSID30344949 DTXSID10442659 DTXSID50696412 DTXSID60336195 DTXSID40508111 DTXSID10485541 DTXSID90621465 DTXSID3061552 DTXSID70593176 DTXSID00391061 DTXSID90346141 DTXSID50321555 DTXSID10405921 DTXSID40566478 DTXSID30544588 DTXSID10525310
DTXSID70710927	DTXSID10356469 DTXSID90611407 DTXSID80479391 DTXSID20394216 DTXSID40560350 DTXSID00429050 DTXSID80879731 DTXSID20648620 DTXSID80855090 DTXSID40845694 DTXSID80289396 DTXSID20640467 DTXSID20405275 DTXSID90706488 DTXSID20468163 DTXSID10354268 DTXSID20403610 DTXSID5063605 DTXSID30356764 DTXSID70616516
DTXSID00340731	DTXSID60599405 DTXSID70325893 DTXSID60513909 DTXSID00770579 DTXSID00625252 DTXSID60785886 DTXSID90283522 DTXSID40574018 DTXSID00794972 DTXSID60880764 DTXSID70531336 DTXSID40462365 DTXSID50568185 DTXSID60764858 DTXSID60219237 DTXSID00819290 DTXSID40285733 DTXSID60813436 DTXSID20203379 DTXSID30446093
DTXSID50768805	DTXSID70784865 DTXSID80737746 DTXSID20762693 DTXSID50188948 DTXSID40543047 DTXSID20182615 DTXSID50837207 DTXSID50440755 DTXSID30848932 DTXSID00289651 DTXSID50750765 DTXSID00748374 DTXSID30730989 DTXSID90220432 DTXSID00502150 DTXSID90541598 DTXSID20297955 DTXSID60451498 DTXSID60762692 DTXSID50572782
DTXSID70554161	DTXSID20318553 DTXSID10815440 DTXSID60459171 DTXSID90670418 DTXSID70646373 DTXSID00446065 DTXSID50333673 DTXSID80364511 DTXSID50211245 DTXSID80404820 DTXSID80556555 DTXSID00326459 DTXSID50369997 DTXSID90437447 DTXSID50814573 DTXSID60763189 DTXSID70440979 DTXSID70879705 DTXSID00635871 DTXSID80679990
DTXSID10466719	DTXSID70424198 DTXSID60343642 DTXSID80638709 DTXSID10466890 DTXSID40165147 DTXSID4040343 DTXSID90807803 DTXSID10778026 DTXSID70372307 DTXSID90456395 DTXSID60347781 DTXSID20372110 DTXSID30857448 DTXSID30344343 DTXSID50163578 DTXSID70650576 DTXSID6069406 DTXSID50663780 DTXSID00231438 DTXSID90827869
DTXSID60550556	DTXSID40170039 DTXSID90624532 DTXSID30444296 DTXSID90344526 DTXSID30615166 DTXSID60876324 DTXSID20274988 DTXSID80181841 DTXSID70802775 DTXSID80420702 DTXSID70419125 DTXSID60177348 DTXSID80700137 DTXSID10367292 DTXSID70794227 DTXSID00372618 DTXSID50716063 DTXSID60302395 DTXSID80597524 DTXSID80151882
DTXSID5020942	DTXSID80297118 DTXSID10618094 DTXSID10448358 DTXSID20616804 DTXSID20493516 DTXSID90747351 DTXSID50154325 DTXSID30759337 DTXSID80665479 DTXSID90516105 DTXSID70450412 DTXSID50315974 DTXSID60681556 DTXSID30817062 DTXSID60618206 DTXSID50570960 DTXSID70662836 DTXSID10812313 DTXSID60293931 DTXSID30713434
DTXSID10385012	DTXSID80653437 DTXSID10659285 DTXSID00663412 DTXSID20545105 DTXSID90666452 DTXSID00309808 DTXSID00822163 DTXSID60897039 DTXSID50675065 DTXSID00587649 DTXSID10805306 DTXSID40169908 DTXSID40820466 DTXSID90598229 DTXSID50893606 DTXSID60353524 DTXSID20815799 DTXSID40349804 DTXSID30708168 DTXSID80703825
DTXSID00805870	DTXSID60820125 DTXSID80537829 DTXSID00303922 DTXSID80422286 DTXSID60402369 DTXSID50363339 DTXSID70158284 DTXSID50560684 DTXSID20803419 DTXSID50568201 DTXSID40378694 DTXSID40677391 DTXSID40523006 DTXSID80660101 DTXSID90829020 DTXSID20479512 DTXSID20496845 DTXSID10569931 DTXSID80760019 DTXSID80696829
DTXSID70855660	DTXSID00296961 DTXSID60494921 DTXSID30855727 DTXSID20284800 DTXSID20204487 DTXSID20804840 DTXSID80548314 DTXSID40592792 DTXSID70580369 DTXSID60813198 DTXSID60236000 DTXSID20756234 DTXSID60184532 DTXSID50590547 DTXSID00653333 DTXSID80694421 DTXSID20337542 DTXSID80440844 DTXSID40385722 DTXSID10310263
DTXSID30529310	DTXSID00241638 DTXSID50624477 DTXSID40634126 DTXSID30856658 DTXSID10642071 DTXSID90164963 DTXSID60477951 DTXSID80601918 DTXSID90571239 DTXSID10181718 DTXSID80528156 DTXSID30308581 DTXSID10391274 DTXSID70403367 DTXSID10851404 DTXSID50670919 DTXSID00576634 DTXSID60427815 DTXSID90382428 DTXSID10508668
DTXSID30423703	DTXSID10292499 DTXSID80724015 DTXSID40405636 DTXSID70238095 DTXSID00314654 DTXSID10395035 DTXSID60556013 DTXSID10805306 DTXSID50292099 DTXSID30659560 DTXSID40349804 DTXSID60435793 DTXSID50228318 DTXSID10142980 DTXSID70397272 DTXSID00311522 DTXSID00606980 DTXSID10659285 DTXSID00309808 DTXSID60429096
DTXSID20363886	DTXSID40711103 DTXSID70517256 DTXSID80844106 DTXSID10699207 DTXSID60816765 DTXSID50675242 DTXSID40581323 DTXSID1042659 DTXSID70733176 DTXSID00764791 DTXSID20630782 DTXSID50340948 DTXSID10733817 DTXSID30867401 DTXSID40887211 DTXSID50711134 DTXSID30575872 DTXSID70457305 DTXSID90509214 DTXSID80531423
DTXSID40770336	DTXSID40645631 DTXSID40877455 DTXSID10236696 DTXSID20797748 DTXSID50290696 DTXSID00451851 DTXSID80492984 DTXSID00380238 DTXSID70652439 DTXSID70276876 DTXSID40716512 DTXSID30344606 DTXSID40274541 DTXSID00392376 DTXSID90645585 DTXSID80303985 DTXSID80562893 DTXSID70165938 DTXSID60897135 DTXSID70217345
DTXSID60214045	DTXSID10646473 DTXSID80573166 DTXSID10475068 DTXSID20646505 DTXSID20708778 DTXSID90618092 DTXSID10693482 DTXSID60734410 DTXSID10365950 DTXSID30363675 DTXSID50722189 DTXSID30618374 DTXSID00810742 DTXSID80681992 DTXSID50745414 DTXSID10436811 DTXSID30782468 DTXSID20457279 DTXSID70415420 DTXSID10682417
DTXSID20597482	DTXSID60365268 DTXSID60454661 DTXSID70721134 DTXSID10181490 DTXSID30483483 DTXSID40468009 DTXSID40446483 DTXSID30748463 DTXSID70721432 DTXSID50311390 DTXSID70632195 DTXSID60519461 DTXSID40549185 DTXSID2024791 DTXSID80444004 DTXSID90408576 DTXSID20500057 DTXSID60542759 DTXSID90483020 DTXSID80457351
DTXSID20191888	DTXSID00542773 DTXSID40879717 DTXSID80373608 DTXSID50664979 DTXSID60540119 DTXSID70443980 DTXSID70594325 DTXSID00730375 DTXSID60151047 DTXSID1063140 DTXSID10736227 DTXSID10374441 DTXSID80897339 DTXSID00351640 DTXSID10655469 DTXSID80767386 DTXSID40744315 DTXSID00241971 DTXSID10786207 DTXSID30698318
DTXSID70567079	DTXSID20428464 DTXSID60292449 DTXSID00430025 DTXSID70819621 DTXSID50390706 DTXSID60767021 DTXSID10484514 DTXSID70810274 DTXSID70743614 DTXSID40243196 DTXSID50242539 DTXSID30199370 DTXSID30421648 DTXSID90553131 DTXSID90804993 DTXSID00386154 DTXSID80847197 DTXSID9057979 DTXSID80885534 DTXSID50160981
DTXSID80728891	DTXSID00769246 DTXSID90574381 DTXSID20534998 DTXSID10344169 DTXSID30726064 DTXSID10582342 DTXSID90278690 DTXSID80487471 DTXSID10602690 DTXSID10506922 DTXSID70471389 DTXSID20418305 DTXSID00281054 DTXSID40637874 DTXSID00506916 DTXSID40808289 DTXSID90647221 DTXSID70325535 DTXSID40593845 DTXSID70677208
DTXSID60334732	DTXSID80625518 DTXSID90610016 DTXSID20627273 DTXSID60768018 DTXSID40604041 DTXSID20793129 DTXSID70840778 DTXSID30768005 DTXSID10338028 DTXSID10579631 DTXSID40718915 DTXSID40767246 DTXSID20337941 DTXSID60767243 DTXSID60818128 DTXSID80824408 DTXSID60627272 DTXSID40338031 DTXSID00498408 DTXSID50718906
DTXSID30676414	DTXSID00680048 DTXSID20198655 DTXSID70393719 DTXSID40161482 DTXSID10294599 DTXSID10784768 DTXSID00712313 DTXSID90182107 DTXSID50709137 DTXSID80699299 DTXSID60725005 DTXSID30625048 DTXSID90398908 DTXSID50193279 DTXSID40222108 DTXSID40508272 DTXSID40532698 DTXSID00186176 DTXSID80657339 DTXSID70212037
DTXSID40169908	DTXSID60353524 DTXSID50427167 DTXSID50675065 DTXSID10645249 DTXSID90570505 DTXSID00663412 DTXSID00587649 DTXSID50893606 DTXSID20545105 DTXSID80594755 DTXSID80653437 DTXSID00822163 DTXSID80879711 DTXSID20645255 DTXSID30708168 DTXSID20450083 DTXSID80703825 DTXSID20598570 DTXSID10385012 DTXSID90598229
DTXSID80877338	DTXSID00678208 DTXSID70759654 DTXSID40682364 DTXSID70477947 DTXSID40382812 DTXSID00802182 DTXSID30325278 DTXSID80637257 DTXSID10661722 DTXSID10212011 DTXSID80456728 DTXSID30819304 DTXSID90796884 DTXSID90179991 DTXSID20185808 DTXSID5070232 DTXSID10700029 DTXSID0052388 DTXSID00612400 DTXSID10772928
DTXSID10480899	DTXSID40877591 DTXSID20708556 DTXSID70607868 DTXSID80381783 DTXSID60476803 DTXSID6024337 DTXSID60708712 DTXSID90280672 DTXSID40854463 DTXSID80524375 DTXSID70731470 DTXSID50343737 DTXSID70383473 DTXSID40210161 DTXSID90612898 DTXSID70534660 DTXSID40815115 DTXSID20475751 DTXSID00240863 DTXSID90431228
DTXSID80345805	DTXSID50304964 DTXSID20642441 DTXSID70849943 DTXSID90660374 DTXSID00744553 DTXSID40632869 DTXSID70840859 DTXSID90339654 DTXSID20442807 DTXSID10634214 DTXSID40315180 DTXSID40211794 DTXSID60795809 DTXSID40286745 DTXSID00530115 DTXSID20765467 DTXSID00281357 DTXSID40616169 DTXSID30638436 DTXSID00767909
DTXSID90809448	DTXSID00164439 DTXSID60162739 DTXSID50391273 DTXSID60641211 DTXSID50528608 DTXSID50467720 DTXSID80729287 DTXSID00735688 DTXSID20578675 DTXSID40552058 DTXSID40705805 DTXSID5059822 DTXSID70569573 DTXSID30448451 DTXSID00303785 DTXSID20488861 DTXSID20694900 DTXSID60675172 DTXSID00407575 DTXSID80222480
DTXSID20474022	DTXSID40724556 DTXSID70466457 DTXSID20625698 DTXSID60604220 DTXSID20174712 DTXSID60482388 DTXSID50500126 DTXSID50677665 DTXSID50734909 DTXSID90499429 DTXSID10374446 DTXSID00377183 DTXSID80847713 DTXSID20307866 DTXSID40235753 DTXSID90501531 DTXSID90324500 DTXSID00366178 DTXSID70182509 DTXSID40395861
DTXSID00438283	DTXSID70787391 DTXSID80561604 DTXSID1066104 DTXSID30384628 DTXSID10289521 DTXSID50148269 DTXSID1069453 DTXSID60378075 DTXSID00724456 DTXSID10737734 DTXSID90490436 DTXSID90213187 DTXSID50610431 DTXSID90707096 DTXSID80729803 DTXSID80735383 DTXSID80819899 DTXSID20682347 DTXSID90276212 DTXSID10359354
DTXSID90698511	DTXSID80343442 DTXSID20718998 DTXSID90623222 DTXSID10179115 DTXSID70334960 DTXSID70504686 DTXSID6036885 DTXSID60536810 DTXSID10483385 DTXSID70449649 DTXSID30323618 DTXSID90407241 DTXSID60514936 DTXSID30343396 DTXSID10727837 DTXSID10547673 DTXSID70744909 DTXSID10316184 DTXSID10408856 DTXSID20368295
DTXSID40734014	DTXSID70399413 DTXSID00183887 DTXSID00368516 DTXSID60546777 DTXSID70837562 DTXSID20679136 DTXSID20867834 DTXSID40607855 DTXSID90784882 DTXSID90802010 DTXSID30428374 DTXSID10651542 DTXSID40696461 DTXSID50841309 DTXSID70610039 DTXSID90811162 DTXSID0073291 DTXSID40280980 DTXSID00508096 DTXSID80851239
DTXSID80790210	DTXSID00507589 DTXSID90778807 DTXSID80576238 DTXSID50539234 DTXSID10503390 DTXSID20406904 DTXSID30530426 DTXSID50232172 DTXSID30508241 DTXSID50846995 DTXSID70705999 DTXSID30781931 DTXSID00501204 DTXSID80640241 DTXSID10439569 DTXSID70450932 DTXSID10467160 DTXSID80804386 DTXSID80282928 DTXSID50344249
DTXSID20323662	DTXSID00240863 DTXSID20280680 DTXSID60838245 DTXSID70790249 DTXSID50851009 DTXSID40809372 DTXSID70243806 DTXSID40186074 DTXSID70720440 DTXSID20880629 DTXSID60445433 DTXSID40494565 DTXSID00494304 DTXSID40547121 DTXSID6024337 DTXSID90280854 DTXSID60463011 DTXSID10578240 DTXSID50788008 DTXSID90490996
DTXSID30476911	DTXSID50401306 DTXSID80232569 DTXSID00151203 DTXSID70827923 DTXSID10896254 DTXSID00697494 DTXSID80478263 DTXSID60842948 DTXSID30551237 DTXSID30662877 DTXSID40640585 DTXSID10818850 DTXSID20488649 DTXSID90896171 DTXSID00748632 DTXSID70353277 DTXSID10228319 DTXSID60763987 DTXSID50488652 DTXSID70303818
DTXSID80284503	DTXSID70213504 DTXSID70219349 DTXSID50178662 DTXSID50632411 DTXSID20656245 DTXSID80230045 DTXSID80557643 DTXSID80173943 DTXSID10630059 DTXSID50290813 DTXSID30234336 DTXSID70737457 DTXSID70152843 DTXSID70876097 DTXSID40645570 DTXSID70456873 DTXSID90200198 DTXSID70424335 DTXSID30207606 DTXSID70489489
DTXSID70876870	DTXSID80443759 DTXSID30886233 DTXSID80352251 DTXSID70773471 DTXSID00593189 DTXSID30514887 DTXSID40551263 DTXSID50310146 DTXSID20625113 DTXSID30854634 DTXSID40145843 DTXSID10597638 DTXSID40180658 DTXSID70437263 DTXSID10442876 DTXSID70562423 DTXSID30434995 DTXSID80678180 DTXSID80276584 DTXSID80640842
DTXSID3052355	DTXSID20530950 DTXSID90660374 DTXSID10798188 DTXSID00809530 DTXSID20526914 DTXSID10820094 DTXSID10634214 DTXSID50304964 DTXSID90339654 DTXSID20642441 DTXSID00295196 DTXSID70840859 DTXSID30370420 DTXSID50658550 DTXSID30704004 DTXSID10506048 DTXSID00744553 DTXSID20765467 DTXSID00828564 DTXSID80345805
DTXSID90295286	DTXSID40802984 DTXSID90529396 DTXSID80451819 DTXSID80177047 DTXSID80499756 DTXSID00719266 DTXSID00864907 DTXSID60533122 DTXSID40540738 DTXSID40146198 DTXSID70515318 DTXSID10588026 DTXSID70443026 DTXSID40361622 DTXSID00401154 DTXSID80540737 DTXSID90719896 DTXSID00373504 DTXSID00667591 DTXSID10311699
DTXSID90767615	DTXSID30185571 DTXSID00420305 DTXSID80536458 DTXSID1020770 DTXSID80211677 DTXSID20476965 DTXSID50180124 DTXSID20158431 DTXSID00408603 DTXSID00801993 DTXSID40640121 DTXSID10888412 DTXSID10837041 DTXSID50606874 DTXSID20459172 DTXSID70502324 DTXSID10159977 DTXSID60225090 DTXSID60471474 DTXSID00413191
DTXSID20478080	DTXSID40343786 DTXSID2037714 DTXSID90339518 DTXSID00550772 DTXSID10567932 DTXSID90294037 DTXSID80340113 DTXSID70789032 DTXSID80615616 DTXSID20342651 DTXSID60202720 DTXSID4052051 DTXSID70285706 DTXSID30394525 DTXSID60510918 DTXSID00334771 DTXSID80442020 DTXSID90514803 DTXSID70518021 DTXSID90520888
DTXSID30587354	DTXSID80440283 DTXSID00358977 DTXSID90355798 DTXSID10726325 DTXSID70199334 DTXSID80399560 DTXSID20468163 DTXSID40603837 DTXSID70219369 DTXSID40509007 DTXSID40648607 DTXSID50301953 DTXSID70646651 DTXSID10406736 DTXSID30849560 DTXSID30356764 DTXSID70766489 DTXSID70616516 DTXSID30300383 DTXSID80402306
DTXSID60840328	DTXSID50662258 DTXSID60195587 DTXSID60759845 DTXSID60880648 DTXSID80599205 DTXSID40819355 DTXSID20896780 DTXSID80787928 DTXSID00841233 DTXSID40707566 DTXSID70791993 DTXSID30637126 DTXSID80340739 DTXSID00300092 DTXSID40714614 DTXSID80700910 DTXSID60552474 DTXSID10225964 DTXSID80839633 DTXSID80820647
DTXSID30727511	DTXSID50336265 DTXSID20190891 DTXSID10764141 DTXSID60700392 DTXSID70748205 DTXSID50582785 DTXSID30659560 DTXSID00311522 DTXSID50292099 DTXSID20881333 DTXSID90598183 DTXSID50308568 DTXSID00722634 DTXSID10142980 DTXSID40393089 DTXSID00314654 DTXSID50303811 DTXSID10371410 DTXSID10292499 DTXSID40349804
DTXSID60896421	DTXSID9073676 DTXSID80349702 DTXSID30791999 DTXSID90527559 DTXSID20529607 DTXSID60327083 DTXSID60896426 DTXSID20234486 DTXSID10547911 DTXSID20476506 DTXSID70896391 DTXSID00877198 DTXSID00893454 DTXSID80854048 DTXSID30823663 DTXSID90615384 DTXSID60235114 DTXSID00326515 DTXSID80222344 DTXSID40652300
DTXSID6067549	DTXSID20598570 DTXSID30314804 DTXSID20651159 DTXSID80879711 DTXSID10743592 DTXSID80703825 DTXSID50662930 DTXSID10587796 DTXSID00587649 DTXSID80784755 DTXSID20450083 DTXSID60353524 DTXSID60587786 DTXSID80696364 DTXSID80594755 DTXSID70361650 DTXSID30593950 DTXSID10645249 DTXSID60317383 DTXSID00679770
DTXSID90720189	DTXSID30791772 DTXSID20456106 DTXSID00848106 DTXSID00538116 DTXSID10883785 DTXSID90448755 DTXSID50343292 DTXSID00202365 DTXSID00679558 DTXSID50562800 DTXSID90339295 DTXSID90801861 DTXSID20887052 DTXSID50425022 DTXSID10421101 DTXSID10538021 DTXSID10443666 DTXSID30596148 DTXSID70167255 DTXSID40801856
DTXSID60896426	DTXSID00877198 DTXSID30791999 DTXSID60327083 DTXSID20476506 DTXSID30317294 DTXSID80854048 DTXSID40698521 DTXSID90222451 DTXSID60875812 DTXSID60161040 DTXSID30823663 DTXSID40652300 DTXSID80222344 DTXSID80778154 DTXSID00326515 DTXSID20234486 DTXSID80349702 DTXSID70889001 DTXSID40877197 DTXSID70896391
DTXSID00351221	DTXSID60822144 DTXSID30551136 DTXSID90473840 DTXSID30483862 DTXSID00284505 DTXSID80322656 DTXSID50462472 DTXSID30369379 DTXSID20400745 DTXSID70366685 DTXSID80554975 DTXSID70439989 DTXSID10391810 DTXSID90473481 DTXSID90281846 DTXSID30614275 DTXSID00766412 DTXSID40238805 DTXSID3046166 DTXSID40435276
DTXSID60876682	DTXSID10645305 DTXSID60668665 DTXSID80284285 DTXSID90693228 DTXSID60441415 DTXSID40540213 DTXSID20292960 DTXSID8024365 DTXSID50430015 DTXSID20602808 DTXSID40427853 DTXSID90408475 DTXSID50283927 DTXSID30217321 DTXSID00440381 DTXSID90193935 DTXSID80207252 DTXSID10660230 DTXSID20876264 DTXSID10154821
DTXSID80211677	DTXSID90767615 DTXSID30185571 DTXSID20158431 DTXSID20476965 DTXSID00420305 DTXSID60471474 DTXSID10888412 DTXSID1020770 DTXSID80536458 DTXSID40876064 DTXSID70502324 DTXSID10159977 DTXSID00413191 DTXSID50415544 DTXSID50180124 DTXSID00408603 DTXSID70489489 DTXSID10837041 DTXSID10379299 DTXSID70744343
DTXSID20294181	DTXSID90422898 DTXSID20306273 DTXSID90846131 DTXSID40630966 DTXSID70506807 DTXSID30377479 DTXSID40696128 DTXSID30535875 DTXSID70419145 DTXSID70459804 DTXSID90208699 DTXSID30667342 DTXSID20832224 DTXSID80765302 DTXSID10803544 DTXSID70886212 DTXSID40609798 DTXSID30717058 DTXSID70428934 DTXSID00789368
DTXSID2071025	DTXSID80532359 DTXSID0075106 DTXSID70284653 DTXSID40481814 DTXSID90796667 DTXSID90573096 DTXSID60460489 DTXSID60754572 DTXSID30671323 DTXSID70612013 DTXSID20835977 DTXSID00405935 DTXSID80478884 DTXSID10465025 DTXSID00341667 DTXSID00708135 DTXSID10649722 DTXSID40734817 DTXSID50627443 DTXSID60497336
DTXSID30402412	DTXSID50560684 DTXSID20876002 DTXSID70576666 DTXSID50709773 DTXSID90729455 DTXSID60634486 DTXSID40523006 DTXSID70276876 DTXSID40677391 DTXSID60636561 DTXSID30362789 DTXSID00451851 DTXSID80537829 DTXSID70434515 DTXSID50568201 DTXSID30157839 DTXSID80696829 DTXSID80660101 DTXSID70158284 DTXSID30627547
DTXSID20392636	DTXSID10795415 DTXSID20826289 DTXSID80783400 DTXSID00522176 DTXSID50888532 DTXSID60177085 DTXSID70670451 DTXSID40674047 DTXSID50653984 DTXSID40187824 DTXSID60638580 DTXSID10673926 DTXSID20538830 DTXSID10669723 DTXSID50654936 DTXSID00403214 DTXSID40176910 DTXSID60796033 DTXSID30497308 DTXSID70535950
DTXSID10352582	DTXSID90359377 DTXSID70837481 DTXSID40819592 DTXSID00524615 DTXSID30510329 DTXSID40722613 DTXSID80808208 DTXSID70580809 DTXSID10594844 DTXSID20580571 DTXSID90470930 DTXSID00781766 DTXSID80478086 DTXSID10580808 DTXSID20541127 DTXSID30471305 DTXSID10334005 DTXSID10528402 DTXSID10483209 DTXSID00361284
DTXSID00466667	DTXSID00513983 DTXSID30789876 DTXSID30673064 DTXSID80593349 DTXSID70721437 DTXSID20500274 DTXSID30466650 DTXSID10340949 DTXSID30490596 DTXSID80373744 DTXSID10749579 DTXSID00625858 DTXSID20437475 DTXSID90787550 DTXSID40747321 DTXSID70651563 DTXSID00594772 DTXSID90383293 DTXSID90577216 DTXSID10287587
DTXSID70453488	DTXSID00829036 DTXSID80652167 DTXSID30758224 DTXSID90317432 DTXSID50181954 DTXSID60855957 DTXSID60787224 DTXSID70157833 DTXSID70812839 DTXSID80611193 DTXSID60718134 DTXSID50445684 DTXSID20415899 DTXSID30780585 DTXSID70589332 DTXSID50670136 DTXSID10605303 DTXSID10737693 DTXSID80843614 DTXSID20306137
DTXSID60442068	DTXSID30646551 DTXSID00739141 DTXSID90403440 DTXSID30618536 DTXSID40493270 DTXSID00211053 DTXSID50167293 DTXSID10557257 DTXSID30725810 DTXSID60307643 DTXSID50283447 DTXSID40390270 DTXSID70650152 DTXSID40677533 DTXSID10694595 DTXSID70355690 DTXSID80428006 DTXSID00307642 DTXSID40626425 DTXSID60444305
DTXSID50538186	DTXSID80790533 DTXSID50217681 DTXSID50605327 DTXSID70579435 DTXSID30620730 DTXSID90513917 DTXSID20474981 DTXSID70505355 DTXSID50738063 DTXSID2052360 DTXSID30164543 DTXSID00876525 DTXSID20364550 DTXSID60830143 DTXSID20278103 DTXSID60310778 DTXSID50576684 DTXSID0052386 DTXSID70607161 DTXSID40642064
DTXSID80434203	DTXSID30308349 DTXSID90656414 DTXSID70459480 DTXSID80756533 DTXSID90819188 DTXSID30674854 DTXSID20621973 DTXSID00732511 DTXSID80159287 DTXSID50817943 DTXSID30544962 DTXSID30839224 DTXSID50527358 DTXSID70809300 DTXSID90464773 DTXSID90446892 DTXSID70866998 DTXSID60816588 DTXSID60471398 DTXSID40759388
DTXSID30620215	DTXSID80627158 DTXSID80700192 DTXSID80356057 DTXSID70665448 DTXSID70350302 DTXSID40517460 DTXSID80516730 DTXSID60578412 DTXSID30646571 DTXSID00646629 DTXSID50837444 DTXSID40478209 DTXSID10653127 DTXSID10694595 DTXSID70578549 DTXSID60383684 DTXSID80563209 DTXSID90319299 DTXSID60646347 DTXSID80732155
DTXSID10310021	DTXSID20218842 DTXSID50651304 DTXSID20801894 DTXSID00749821 DTXSID00225594 DTXSID40546790 DTXSID00614525 DTXSID00277659 DTXSID90208553 DTXSID10321879 DTXSID60415939 DTXSID6062672 DTXSID00374536 DTXSID50281226 DTXSID80395209 DTXSID60609316 DTXSID10703373 DTXSID90400712 DTXSID10621083 DTXSID80369369
DTXSID20210280	DTXSID60276426 DTXSID50828135 DTXSID10503471 DTXSID10206612 DTXSID30819268 DTXSID40659197 DTXSID4063614 DTXSID1041398 DTXSID70239188 DTXSID70805761 DTXSID40770194 DTXSID30714603 DTXSID30528040 DTXSID70276578 DTXSID00892301 DTXSID00710076 DTXSID00884246 DTXSID8027872 DTXSID8070128 DTXSID00527666
DTXSID70529677	DTXSID40655477 DTXSID90738764 DTXSID40462022 DTXSID20789128 DTXSID70214298 DTXSID60640704 DTXSID70313634 DTXSID10472193 DTXSID60395247 DTXSID10568964 DTXSID00168679 DTXSID70428494 DTXSID00896344 DTXSID20656927 DTXSID60733680 DTXSID40717029 DTXSID60280841 DTXSID00210869 DTXSID90533993 DTXSID20509762
DTXSID70526803	DTXSID20337542 DTXSID60364099 DTXSID50590547 DTXSID70532141 DTXSID60725005 DTXSID60236000 DTXSID20896169 DTXSID40854049 DTXSID20696949 DTXSID80874261 DTXSID80694421 DTXSID50709137 DTXSID00344971 DTXSID40751468 DTXSID30625048 DTXSID90182107 DTXSID80657339 DTXSID00680048 DTXSID70648998 DTXSID30293963
DTXSID80234861	DTXSID20720415 DTXSID70657702 DTXSID80196273 DTXSID40741081 DTXSID90227249 DTXSID20618065 DTXSID50627988 DTXSID00188155 DTXSID40622548 DTXSID50171916 DTXSID90150922 DTXSID90622311 DTXSID40645570 DTXSID50425981 DTXSID90668739 DTXSID20170390 DTXSID70152843 DTXSID30356901 DTXSID60651097 DTXSID10816412
DTXSID30531150	DTXSID50550262 DTXSID30610111 DTXSID20533380 DTXSID50280032 DTXSID00416965 DTXSID10325736 DTXSID6035156 DTXSID30831501 DTXSID20780913 DTXSID80356315 DTXSID40312371 DTXSID70438179 DTXSID40171485 DTXSID70323197 DTXSID50640399 DTXSID20513687 DTXSID70739870 DTXSID70734305 DTXSID00489134 DTXSID10499269
DTXSID30528040	DTXSID70276578 DTXSID1041398 DTXSID30336900 DTXSID10206612 DTXSID30609742 DTXSID30714603 DTXSID00884246 DTXSID90771570 DTXSID3067231 DTXSID90634898 DTXSID00710076 DTXSID30300722 DTXSID10239187 DTXSID60276426 DTXSID40659197 DTXSID80893735 DTXSID70805761 DTXSID8070128 DTXSID00892301 DTXSID20210280
DTXSID10145572	DTXSID60855710 DTXSID70793598 DTXSID50701292 DTXSID10676396 DTXSID40698844 DTXSID90703659 DTXSID20430340 DTXSID50646715 DTXSID00326459 DTXSID80679990 DTXSID70290799 DTXSID9072286 DTXSID80214082 DTXSID90366162 DTXSID20342035 DTXSID00276783 DTXSID30615747 DTXSID20815698 DTXSID70180323 DTXSID50211245
DTXSID00877198	DTXSID60896426 DTXSID30791999 DTXSID30317294 DTXSID60327083 DTXSID60875812 DTXSID20476506 DTXSID90222451 DTXSID60161040 DTXSID40698521 DTXSID70889001 DTXSID40877197 DTXSID80854048 DTXSID90794628 DTXSID40652300 DTXSID30823663 DTXSID80778154 DTXSID30789432 DTXSID90312927 DTXSID80222344 DTXSID00326515
DTXSID40110056	DTXSID20374210 DTXSID30476390 DTXSID60772736 DTXSID00334377 DTXSID40325007 DTXSID70618434 DTXSID60333760 DTXSID40589021 DTXSID30791313 DTXSID5052626 DTXSID30653301 DTXSID30364541 DTXSID80523868 DTXSID00192999 DTXSID30428657 DTXSID40335101 DTXSID30543314 DTXSID9041445 DTXSID20541122 DTXSID50613285
DTXSID40633255	DTXSID8060537 DTXSID70545211 DTXSID40532956 DTXSID90449848 DTXSID00560311 DTXSID60303887 DTXSID30402255 DTXSID10825483 DTXSID80531281 DTXSID70825323 DTXSID90825320 DTXSID80615999 DTXSID00816744 DTXSID60183020 DTXSID60738433 DTXSID80820647 DTXSID20443455 DTXSID60816740 DTXSID80526894 DTXSID70203329
DTXSID00408603	DTXSID1020770 DTXSID20459172 DTXSID30185571 DTXSID80536458 DTXSID00512653 DTXSID90767615 DTXSID70502324 DTXSID10814130 DTXSID20812723 DTXSID40437235 DTXSID20596511 DTXSID00420305 DTXSID60544819 DTXSID80211677 DTXSID00381442 DTXSID40821059 DTXSID10159977 DTXSID50180124 DTXSID60225090 DTXSID40750774
DTXSID30375511	DTXSID40561387 DTXSID00826525 DTXSID00703665 DTXSID40717226 DTXSID30202090 DTXSID60879315 DTXSID60415535 DTXSID40295776 DTXSID50725615 DTXSID80170790 DTXSID00659436 DTXSID00672786 DTXSID90373013 DTXSID40806821 DTXSID80568895 DTXSID60557545 DTXSID80698888 DTXSID70368043 DTXSID20405250 DTXSID50236892
DTXSID50345892	DTXSID80562318 DTXSID50145874 DTXSID10478731 DTXSID40646269 DTXSID30223841 DTXSID50627165 DTXSID70383211 DTXSID40334412 DTXSID90725351 DTXSID90648819 DTXSID30735590 DTXSID70239542 DTXSID80701725 DTXSID00482887 DTXSID50474035 DTXSID00391501 DTXSID10618170 DTXSID30663980 DTXSID70693842 DTXSID50588202
DTXSID80755203	DTXSID10166560 DTXSID7062829 DTXSID3064437 DTXSID30561457 DTXSID80336930 DTXSID00181227 DTXSID9060780 DTXSID20544754 DTXSID10767839 DTXSID70700545 DTXSID90759777 DTXSID40847931 DTXSID30710786 DTXSID5068237 DTXSID70450674 DTXSID80761743 DTXSID30147033 DTXSID60752952 DTXSID60827836 DTXSID50767838
DTXSID8060537	DTXSID70545211 DTXSID40532956 DTXSID40633255 DTXSID90449848 DTXSID60303887 DTXSID10825483 DTXSID00560311 DTXSID30402255 DTXSID90825320 DTXSID80531281 DTXSID70825323 DTXSID00816744 DTXSID80615999 DTXSID60816740 DTXSID60183020 DTXSID80820647 DTXSID20443455 DTXSID60738433 DTXSID80526894 DTXSID50712085
DTXSID70526808	DTXSID30464712 DTXSID20738530 DTXSID30609984 DTXSID50825200 DTXSID90591699 DTXSID90602810 DTXSID70336101 DTXSID80801219 DTXSID90373674 DTXSID70738949 DTXSID40213495 DTXSID70445949 DTXSID50384160 DTXSID00520839 DTXSID40621910 DTXSID80661133 DTXSID10519178 DTXSID60655318 DTXSID60405698 DTXSID80451632
DTXSID80304871	DTXSID20505981 DTXSID70436675 DTXSID90519676 DTXSID40741864 DTXSID00509528 DTXSID90873624 DTXSID30277844 DTXSID30400877 DTXSID80284760 DTXSID00443695 DTXSID50563135 DTXSID10468758 DTXSID40513801 DTXSID30549811 DTXSID00419451 DTXSID3070040 DTXSID60390353 DTXSID50885905 DTXSID30790189 DTXSID20768771
DTXSID50787672	DTXSID00186176 DTXSID60734738 DTXSID40508272 DTXSID70502965 DTXSID10444416 DTXSID20310138 DTXSID50527333 DTXSID80511583 DTXSID40756958 DTXSID50841228 DTXSID40774819 DTXSID10275540 DTXSID60188272 DTXSID50787394 DTXSID80734038 DTXSID00389746 DTXSID70212037 DTXSID00799866 DTXSID70757958 DTXSID50508066
DTXSID50421524	DTXSID30621282 DTXSID20591980 DTXSID10628991 DTXSID00389746 DTXSID90468857 DTXSID20170794 DTXSID20384071 DTXSID10275540 DTXSID00799866 DTXSID10444416 DTXSID10443964 DTXSID60580712 DTXSID70558604 DTXSID40774819 DTXSID20352578 DTXSID60836468 DTXSID50328600 DTXSID40756958 DTXSID70502965 DTXSID80792436
DTXSID30757277	DTXSID30315977 DTXSID70528382 DTXSID40321226 DTXSID00633796 DTXSID60395181 DTXSID80823330 DTXSID00442062 DTXSID30344146 DTXSID10661161 DTXSID30453484 DTXSID40474029 DTXSID10871440 DTXSID90238315 DTXSID10238155 DTXSID80649890 DTXSID70548464 DTXSID90187117 DTXSID40705360 DTXSID20654903 DTXSID40610021
DTXSID20776795	DTXSID00503940 DTXSID10352183 DTXSID80180798 DTXSID10708141 DTXSID30618773 DTXSID40181286 DTXSID10743870 DTXSID30855843 DTXSID50381154 DTXSID50623586 DTXSID80661557 DTXSID80657213 DTXSID70584923 DTXSID40552573 DTXSID20680621 DTXSID30170023 DTXSID50420133 DTXSID60532291 DTXSID70876097 DTXSID1071743
DTXSID10611146	DTXSID90788820 DTXSID70291064 DTXSID30805207 DTXSID10313537 DTXSID40352676 DTXSID40602800 DTXSID60424440 DTXSID10329471 DTXSID50586440 DTXSID60173527 DTXSID60700534 DTXSID10228319 DTXSID90341590 DTXSID90794481 DTXSID10818850 DTXSID60299094 DTXSID10513631 DTXSID90552402 DTXSID10656012 DTXSID90573157
DTXSID30218010	DTXSID10672237 DTXSID10287587 DTXSID30855949 DTXSID00625858 DTXSID60296149 DTXSID00856726 DTXSID10454010 DTXSID30187171 DTXSID20671211 DTXSID20361488 DTXSID60641014 DTXSID80733804 DTXSID20437475 DTXSID20500274 DTXSID30490596 DTXSID60204461 DTXSID00720635 DTXSID30673064 DTXSID20192491 DTXSID90787550
DTXSID10177015	DTXSID60815738 DTXSID90148864 DTXSID80658548 DTXSID20172399 DTXSID00454781 DTXSID90809145 DTXSID60790692 DTXSID00541968 DTXSID0073110 DTXSID60240940 DTXSID40144795 DTXSID40840048 DTXSID50797539 DTXSID60844023 DTXSID80851471 DTXSID90837201 DTXSID90443846 DTXSID30330387 DTXSID90711875 DTXSID50711134
DTXSID10857380	DTXSID10397478 DTXSID70650152 DTXSID80377949 DTXSID70464877 DTXSID40677533 DTXSID20223597 DTXSID30618536 DTXSID70496178 DTXSID40646461 DTXSID50592203 DTXSID90653125 DTXSID00211053 DTXSID80646627 DTXSID60840989 DTXSID30575877 DTXSID50696210 DTXSID70355690 DTXSID50623167 DTXSID30555654 DTXSID50289141
DTXSID50175434	DTXSID60646549 DTXSID70842212 DTXSID00725246 DTXSID60449335 DTXSID40577145 DTXSID7047015 DTXSID30796267 DTXSID50369598 DTXSID30648393 DTXSID80303546 DTXSID5037602 DTXSID30455463 DTXSID70477760 DTXSID10717975 DTXSID70283348 DTXSID30815205 DTXSID7020211 DTXSID30755233 DTXSID80784316 DTXSID20856788
DTXSID30284694	DTXSID20374336 DTXSID80497510 DTXSID70443223 DTXSID70382865 DTXSID70388024 DTXSID60378075 DTXSID30388585 DTXSID50233720 DTXSID1069453 DTXSID30673827 DTXSID80503882 DTXSID10729917 DTXSID10752705 DTXSID20297238 DTXSID30546042 DTXSID60612825 DTXSID70359355 DTXSID90490436 DTXSID20788974 DTXSID00438283
DTXSID30794804	DTXSID8022169 DTXSID40195489 DTXSID40851134 DTXSID20776098 DTXSID50220236 DTXSID90527776 DTXSID9044164 DTXSID60656901 DTXSID20378874 DTXSID60232421 DTXSID70886030 DTXSID30201402 DTXSID2022127 DTXSID20381262 DTXSID80708355 DTXSID0044153 DTXSID20476203 DTXSID40405939 DTXSID10518868 DTXSID60600126
DTXSID60277236	DTXSID50456093 DTXSID70891942 DTXSID20199061 DTXSID60444229 DTXSID30196965 DTXSID80773922 DTXSID00577909 DTXSID30153558 DTXSID1069825 DTXSID40835535 DTXSID00160532 DTXSID70399812 DTXSID30796242 DTXSID40818368 DTXSID70669921 DTXSID60562871 DTXSID80237610 DTXSID40210747 DTXSID80198156 DTXSID2065757
DTXSID20180474	DTXSID50873509 DTXSID90748782 DTXSID90626950 DTXSID50697161 DTXSID80303223 DTXSID70657121 DTXSID90375138 DTXSID90494676 DTXSID60835436 DTXSID40857631 DTXSID50695420 DTXSID30542746 DTXSID90705153 DTXSID60625354 DTXSID4060739 DTXSID40360872 DTXSID20827933 DTXSID60555147 DTXSID30827181 DTXSID50403123
DTXSID20278103	DTXSID70505355 DTXSID00590557 DTXSID50738063 DTXSID20364550 DTXSID00876525 DTXSID50605327 DTXSID70629186 DTXSID70579435 DTXSID3058371 DTXSID80763489 DTXSID8070542 DTXSID80790533 DTXSID00813839 DTXSID80694441 DTXSID80765726 DTXSID50538186 DTXSID2052360 DTXSID90513917 DTXSID60830143 DTXSID0052386
DTXSID50590188	DTXSID90749597 DTXSID40427651 DTXSID60471338 DTXSID80437991 DTXSID60187922 DTXSID60562356 DTXSID60467599 DTXSID40845472 DTXSID40856366 DTXSID70326108 DTXSID90605508 DTXSID20452729 DTXSID40652067 DTXSID00663871 DTXSID20857154 DTXSID20348830 DTXSID60175162 DTXSID60500859 DTXSID20759801 DTXSID40530477
DTXSID10364903	DTXSID30237408 DTXSID20673937 DTXSID20837330 DTXSID10150984 DTXSID50160901 DTXSID40214245 DTXSID00153121 DTXSID90635143 DTXSID60446566 DTXSID00890342 DTXSID50736766 DTXSID00620621 DTXSID30677421 DTXSID60805391 DTXSID00751005 DTXSID00494167 DTXSID20289310 DTXSID00293152 DTXSID60645335 DTXSID40299936
DTXSID60574717	DTXSID90646759 DTXSID20401419 DTXSID90234635 DTXSID00824708 DTXSID90284776 DTXSID70705772 DTXSID90548921 DTXSID10790682 DTXSID50616039 DTXSID50833365 DTXSID70826658 DTXSID00484361 DTXSID40406567 DTXSID90780066 DTXSID10366846 DTXSID30505255 DTXSID70394983 DTXSID80666542 DTXSID70495707 DTXSID60707962
DTXSID30344146	DTXSID10661161 DTXSID60395181 DTXSID70528382 DTXSID30757277 DTXSID30315977 DTXSID00365924 DTXSID40630906 DTXSID80823330 DTXSID70741539 DTXSID40321226 DTXSID50434311 DTXSID70211469 DTXSID30453484 DTXSID00566171 DTXSID00633796 DTXSID40474029 DTXSID00442062 DTXSID10560827 DTXSID10238155 DTXSID40563927
DTXSID20591743	DTXSID10564764 DTXSID30419742 DTXSID60358175 DTXSID60733408 DTXSID70327150 DTXSID60284147 DTXSID30505336 DTXSID00188933 DTXSID10174948 DTXSID40197327 DTXSID40528152 DTXSID1060712 DTXSID10282310 DTXSID00528158 DTXSID90156823 DTXSID70239385 DTXSID70499149 DTXSID70403367 DTXSID20668222 DTXSID30290992
DTXSID80670260	DTXSID10348884 DTXSID10592880 DTXSID50472117 DTXSID70220874 DTXSID70791312 DTXSID40710035 DTXSID70291387 DTXSID80661133 DTXSID10495286 DTXSID70445949 DTXSID20800029 DTXSID00220160 DTXSID80661158 DTXSID40586070 DTXSID90661048 DTXSID50456533 DTXSID70675103 DTXSID10357037 DTXSID60802643 DTXSID50384160
DTXSID10797611	DTXSID80873118 DTXSID30316929 DTXSID70842010 DTXSID40776631 DTXSID00787066 DTXSID60850189 DTXSID50811567 DTXSID90773276 DTXSID80789543 DTXSID90638174 DTXSID40636908 DTXSID30528282 DTXSID40771787 DTXSID30433605 DTXSID90444555 DTXSID60816720 DTXSID10280770 DTXSID00809999 DTXSID60536552 DTXSID30451107
DTXSID90191012	DTXSID50494697 DTXSID30543314 DTXSID40335101 DTXSID0052590 DTXSID20541122 DTXSID00334377 DTXSID20370833 DTXSID30364541 DTXSID00192999 DTXSID30791313 DTXSID10681824 DTXSID80635137 DTXSID80176974 DTXSID80653997 DTXSID00490346 DTXSID40589021 DTXSID20422326 DTXSID90409028 DTXSID80698343 DTXSID5052626
DTXSID40474221	DTXSID40221893 DTXSID80522659 DTXSID20565166 DTXSID70526161 DTXSID90474074 DTXSID50277740 DTXSID00543245 DTXSID10811386 DTXSID20656109 DTXSID50771132 DTXSID50278717 DTXSID10516460 DTXSID10380522 DTXSID40591346 DTXSID50354606 DTXSID40885595 DTXSID80618687 DTXSID70383372 DTXSID50807743 DTXSID00772053
DTXSID20391189	DTXSID0020492 DTXSID80831692 DTXSID80154818 DTXSID50681767 DTXSID30640938 DTXSID60150590 DTXSID20680303 DTXSID80279772 DTXSID10186102 DTXSID50175277 DTXSID20883175 DTXSID40237176 DTXSID60733827 DTXSID70576904 DTXSID10157079 DTXSID80726635 DTXSID00662940 DTXSID40649795 DTXSID80661234 DTXSID50453481
DTXSID10696599	DTXSID20172415 DTXSID70593398 DTXSID80650360 DTXSID20849918 DTXSID20666384 DTXSID90762483 DTXSID00200205 DTXSID30418917 DTXSID40293131 DTXSID60697394 DTXSID10840136 DTXSID50648810 DTXSID50601344 DTXSID20622086 DTXSID80634847 DTXSID40549529 DTXSID10368805 DTXSID90279182 DTXSID40494863 DTXSID00467412
DTXSID80851830	DTXSID20333766 DTXSID10538581 DTXSID20163247 DTXSID50610633 DTXSID80742315 DTXSID00393984 DTXSID50760602 DTXSID00621850 DTXSID00312019 DTXSID70655208 DTXSID80896685 DTXSID10518262 DTXSID80875894 DTXSID00463292 DTXSID20447155 DTXSID40452180 DTXSID80726973 DTXSID10663509 DTXSID30528383 DTXSID90348625
DTXSID60763189	DTXSID80679990 DTXSID80404820 DTXSID00326459 DTXSID50814573 DTXSID70646373 DTXSID00446065 DTXSID70554161 DTXSID70354901 DTXSID50211245 DTXSID60459171 DTXSID50333673 DTXSID70730968 DTXSID50184864 DTXSID90530907 DTXSID10815440 DTXSID70299444 DTXSID10676396 DTXSID20318553 DTXSID00277376 DTXSID60156476
DTXSID60831973	DTXSID70601927 DTXSID10298456 DTXSID90757551 DTXSID20623710 DTXSID10548160 DTXSID60435733 DTXSID70548601 DTXSID90727173 DTXSID20761262 DTXSID70392924 DTXSID70586169 DTXSID00681696 DTXSID00419451 DTXSID40694386 DTXSID10846613 DTXSID20590413 DTXSID00486769 DTXSID40612666 DTXSID30287024 DTXSID30842718
DTXSID10337657	DTXSID30550028 DTXSID60325842 DTXSID1068807 DTXSID70327857 DTXSID40534975 DTXSID80553504 DTXSID80798099 DTXSID6063226 DTXSID30451107 DTXSID10418177 DTXSID30528282 DTXSID90772825 DTXSID3068883 DTXSID40781063 DTXSID90556268 DTXSID60850189 DTXSID30316929 DTXSID10773617 DTXSID80789543 DTXSID40771787
DTXSID90200198	DTXSID10572526 DTXSID20680621 DTXSID50178662 DTXSID20879593 DTXSID40230026 DTXSID50420133 DTXSID40523066 DTXSID80180798 DTXSID50381154 DTXSID10352183 DTXSID10743870 DTXSID70219349 DTXSID30170023 DTXSID80482421 DTXSID10708141 DTXSID40380191 DTXSID30855843 DTXSID20323405 DTXSID20776795 DTXSID00503940
DTXSID40481793	DTXSID9051745 DTXSID40528793 DTXSID50657063 DTXSID70703874 DTXSID90706640 DTXSID30588563 DTXSID70649586 DTXSID50716826 DTXSID20734618 DTXSID10613125 DTXSID20699051 DTXSID70793053 DTXSID30727894 DTXSID90302949 DTXSID00724456 DTXSID30819187 DTXSID80769229 DTXSID00755240 DTXSID90702066 DTXSID0060066
DTXSID60580712	DTXSID20170794 DTXSID20352578 DTXSID00317504 DTXSID40392471 DTXSID50328600 DTXSID90468857 DTXSID30621282 DTXSID50421524 DTXSID40300233 DTXSID60188272 DTXSID70212037 DTXSID40532698 DTXSID40756958 DTXSID70757958 DTXSID10275540 DTXSID60148593 DTXSID10755897 DTXSID00389746 DTXSID70558604 DTXSID50527333
DTXSID70805761	DTXSID00892301 DTXSID40770194 DTXSID8070128 DTXSID00710076 DTXSID30714603 DTXSID40659197 DTXSID60276426 DTXSID00884246 DTXSID30819268 DTXSID3042003 DTXSID70239188 DTXSID3026564 DTXSID60300730 DTXSID90883243 DTXSID8027872 DTXSID30300722 DTXSID00841374 DTXSID20210280 DTXSID30528040 DTXSID7070478
DTXSID20222681	DTXSID30772304 DTXSID70327438 DTXSID90585659 DTXSID50739176 DTXSID90847724 DTXSID60227594 DTXSID70559595 DTXSID50613806 DTXSID90425687 DTXSID50857460 DTXSID30630197 DTXSID10542067 DTXSID40856624 DTXSID60749685 DTXSID70433149 DTXSID70412616 DTXSID40883091 DTXSID50400233 DTXSID60658283 DTXSID20179929
DTXSID10206172	DTXSID20455750 DTXSID10530126 DTXSID20513824 DTXSID70177915 DTXSID00531485 DTXSID50507099 DTXSID50287864 DTXSID80613339 DTXSID20716575 DTXSID60229255 DTXSID40183664 DTXSID30573292 DTXSID20552238 DTXSID40721469 DTXSID10765572 DTXSID70446895 DTXSID70879422 DTXSID60437131 DTXSID10577576 DTXSID20408963
DTXSID10551290	DTXSID80637939 DTXSID40319289 DTXSID20286440 DTXSID60446788 DTXSID60896067 DTXSID70350342 DTXSID10377159 DTXSID00551289 DTXSID90152845 DTXSID50400490 DTXSID00601031 DTXSID90732424 DTXSID40615596 DTXSID7070769 DTXSID00734090 DTXSID30669765 DTXSID20780433 DTXSID90478072 DTXSID30664371 DTXSID40743606
DTXSID00575607	DTXSID50814391 DTXSID00596397 DTXSID30276034 DTXSID4072813 DTXSID30392389 DTXSID20733227 DTXSID10829820 DTXSID30878370 DTXSID60701965 DTXSID50226339 DTXSID60463218 DTXSID50275680 DTXSID90577150 DTXSID80323547 DTXSID70895420 DTXSID70592149 DTXSID90415609 DTXSID60159780 DTXSID40766118 DTXSID90762382
DTXSID70676397	DTXSID20585925 DTXSID00200205 DTXSID80634847 DTXSID70176185 DTXSID50190425 DTXSID60697394 DTXSID70354901 DTXSID60156476 DTXSID9068904 DTXSID20415915 DTXSID10499709 DTXSID30418917 DTXSID10696599 DTXSID70646373 DTXSID50814573 DTXSID00446065 DTXSID70730968 DTXSID10815440 DTXSID70299444 DTXSID90762483
DTXSID40585689	DTXSID30554965 DTXSID30718308 DTXSID30288591 DTXSID60825514 DTXSID40620145 DTXSID00421630 DTXSID90361339 DTXSID90557553 DTXSID00330692 DTXSID7058048 DTXSID30274378 DTXSID20670047 DTXSID40356114 DTXSID70484191 DTXSID50345498 DTXSID70507379 DTXSID00464704 DTXSID70307316 DTXSID90709196 DTXSID70327473
DTXSID40606005	DTXSID50579054 DTXSID80346155 DTXSID80342874 DTXSID10564320 DTXSID6044773 DTXSID00639591 DTXSID70499967 DTXSID40226601 DTXSID40144790 DTXSID60778778 DTXSID90543810 DTXSID90509850 DTXSID70764920 DTXSID40289256 DTXSID40576476 DTXSID90406638 DTXSID80800126 DTXSID00333421 DTXSID20475594 DTXSID00564713
DTXSID20495494	DTXSID80450948 DTXSID80552279 DTXSID00814942 DTXSID30524340 DTXSID60481437 DTXSID10472219 DTXSID30639589 DTXSID4062519 DTXSID40791748 DTXSID30525231 DTXSID40534915 DTXSID00551027 DTXSID30346509 DTXSID90464854 DTXSID20636986 DTXSID10510948 DTXSID30737771 DTXSID10544465 DTXSID60228420 DTXSID20340096
DTXSID80737281	DTXSID90697367 DTXSID7041334 DTXSID50350724 DTXSID00359060 DTXSID20579541 DTXSID20635878 DTXSID80561462 DTXSID40712251 DTXSID80876321 DTXSID50704445 DTXSID60829037 DTXSID20316332 DTXSID00658469 DTXSID90344400 DTXSID20448384 DTXSID00154815 DTXSID20742359 DTXSID10617749 DTXSID10394881 DTXSID90892294
DTXSID80608826	DTXSID30589373 DTXSID00487933 DTXSID40596295 DTXSID80391786 DTXSID30729499 DTXSID30675508 DTXSID20424284 DTXSID00317766 DTXSID40707006 DTXSID50196028 DTXSID20660908 DTXSID10850376 DTXSID50495023 DTXSID40308254 DTXSID80588290 DTXSID20739784 DTXSID10642415 DTXSID00837752 DTXSID20525200 DTXSID60608662
DTXSID40620483	DTXSID80527407 DTXSID20386156 DTXSID80356693 DTXSID90330247 DTXSID50885905 DTXSID20285978 DTXSID90340548 DTXSID60390353 DTXSID10692879 DTXSID9059541 DTXSID70436675 DTXSID20389647 DTXSID10398708 DTXSID50186787 DTXSID40513801 DTXSID00443695 DTXSID00771248 DTXSID30549811 DTXSID70480092 DTXSID50563135
DTXSID50798187	DTXSID30867724 DTXSID90806856 DTXSID00752693 DTXSID00828564 DTXSID20750954 DTXSID50709955 DTXSID90398428 DTXSID60795809 DTXSID10658374 DTXSID20765467 DTXSID6048888 DTXSID70800130 DTXSID30174849 DTXSID60469452 DTXSID90797093 DTXSID70670234 DTXSID10634214 DTXSID90339654 DTXSID00767500 DTXSID50304964
DTXSID70212037	DTXSID40532698 DTXSID60188272 DTXSID40756958 DTXSID00317504 DTXSID20352578 DTXSID40508272 DTXSID50527333 DTXSID00186176 DTXSID40392471 DTXSID70757958 DTXSID20170794 DTXSID10275540 DTXSID60580712 DTXSID70502965 DTXSID70393719 DTXSID40300233 DTXSID00672827 DTXSID30621282 DTXSID60734738 DTXSID50787394
DTXSID70484651	DTXSID40328396 DTXSID60633636 DTXSID60612921 DTXSID80337720 DTXSID90771979 DTXSID20389647 DTXSID30471749 DTXSID60616843 DTXSID30413629 DTXSID60791689 DTXSID20697072 DTXSID20177142 DTXSID1058393 DTXSID60621912 DTXSID30751750 DTXSID30501474 DTXSID20886101 DTXSID20833716 DTXSID80503882 DTXSID90505372
DTXSID50830455	DTXSID90415609 DTXSID40615076 DTXSID70746584 DTXSID40329005 DTXSID70895420 DTXSID80315841 DTXSID4072813 DTXSID50240176 DTXSID10829820 DTXSID20873839 DTXSID4057716 DTXSID50275680 DTXSID90577150 DTXSID00830884 DTXSID80833590 DTXSID60826127 DTXSID40766118 DTXSID90762382 DTXSID50841546 DTXSID30415608
DTXSID70784865	DTXSID50768805 DTXSID80737746 DTXSID20182615 DTXSID30848932 DTXSID50188948 DTXSID40543047 DTXSID50440755 DTXSID20762693 DTXSID00289651 DTXSID20297955 DTXSID50837207 DTXSID50750765 DTXSID00748374 DTXSID30730989 DTXSID90220432 DTXSID10241806 DTXSID00502150 DTXSID90177972 DTXSID60708676 DTXSID60451498
DTXSID90385338	DTXSID90525914 DTXSID60857299 DTXSID60658162 DTXSID20504696 DTXSID00322673 DTXSID00712717 DTXSID90788966 DTXSID80199027 DTXSID90193935 DTXSID80647316 DTXSID50486638 DTXSID50737298 DTXSID80370950 DTXSID60147440 DTXSID90657128 DTXSID80652703 DTXSID50798788 DTXSID50663063 DTXSID60441415 DTXSID50635109
DTXSID60458280	DTXSID50402671 DTXSID80712533 DTXSID10375655 DTXSID20806980 DTXSID00729865 DTXSID20298200 DTXSID90460452 DTXSID90513437 DTXSID90700087 DTXSID40374050 DTXSID20771280 DTXSID80453838 DTXSID30499004 DTXSID30532662 DTXSID30399353 DTXSID60675071 DTXSID70195699 DTXSID50152846 DTXSID40435251 DTXSID80706492
DTXSID70559595	DTXSID90585659 DTXSID70317233 DTXSID50739176 DTXSID40760656 DTXSID20222681 DTXSID30772304 DTXSID70327438 DTXSID70412616 DTXSID10542067 DTXSID90847724 DTXSID10718306 DTXSID60658283 DTXSID40566796 DTXSID50613806 DTXSID80633850 DTXSID50840074 DTXSID90425687 DTXSID60227594 DTXSID40883091 DTXSID90708543
DTXSID40855132	DTXSID3058955 DTXSID40397623 DTXSID40576875 DTXSID90640974 DTXSID20791342 DTXSID00621330 DTXSID40578238 DTXSID50345019 DTXSID60287734 DTXSID10221865 DTXSID60505389 DTXSID20582959 DTXSID60375120 DTXSID40722618 DTXSID90426058 DTXSID30874251 DTXSID00442688 DTXSID10640512 DTXSID70528403 DTXSID00707608
DTXSID60319443	DTXSID40528157 DTXSID80727804 DTXSID90669140 DTXSID40781189 DTXSID40508893 DTXSID80392056 DTXSID30627002 DTXSID30279565 DTXSID00393727 DTXSID70579192 DTXSID80701725 DTXSID90679880 DTXSID30745058 DTXSID20607676 DTXSID20352715 DTXSID10668655 DTXSID20576136 DTXSID20299454 DTXSID10668938 DTXSID90438530
DTXSID40237176	DTXSID80279772 DTXSID80154818 DTXSID40405393 DTXSID10160386 DTXSID70623684 DTXSID70556342 DTXSID50681767 DTXSID00839498 DTXSID80349606 DTXSID90457963 DTXSID20883175 DTXSID40167969 DTXSID60554776 DTXSID40649795 DTXSID10278713 DTXSID80831692 DTXSID8059635 DTXSID70365214 DTXSID90875966 DTXSID80661234
DTXSID10563954	DTXSID50743511 DTXSID10288332 DTXSID30579759 DTXSID50736064 DTXSID10808695 DTXSID50280274 DTXSID90507811 DTXSID00600882 DTXSID00678940 DTXSID70446597 DTXSID70742783 DTXSID50419789 DTXSID60212142 DTXSID80666461 DTXSID90608771 DTXSID50798788 DTXSID40896121 DTXSID60466481 DTXSID00371126 DTXSID50388582
DTXSID8066347	DTXSID20292127 DTXSID10341552 DTXSID50147050 DTXSID40225492 DTXSID60785200 DTXSID10425129 DTXSID40310175 DTXSID60291078 DTXSID20811357 DTXSID60510635 DTXSID60805533 DTXSID10634274 DTXSID70150627 DTXSID80324357 DTXSID30465820 DTXSID80781567 DTXSID70599390 DTXSID40617934 DTXSID80712154 DTXSID30879706
DTXSID10534447	DTXSID6041501 DTXSID00586415 DTXSID70500800 DTXSID20528296 DTXSID70641121 DTXSID70663580 DTXSID50341793 DTXSID40552518 DTXSID40783663 DTXSID20633374 DTXSID70534448 DTXSID10392968 DTXSID20350337 DTXSID70666273 DTXSID00847053 DTXSID90885863 DTXSID90772002 DTXSID10525294 DTXSID80509384 DTXSID2061480
DTXSID90791359	DTXSID10384429 DTXSID50837267 DTXSID70668959 DTXSID1067833 DTXSID70875984 DTXSID60196094 DTXSID70815446 DTXSID80325723 DTXSID70645886 DTXSID20408685 DTXSID20739784 DTXSID90430256 DTXSID90699861 DTXSID80196773 DTXSID10144424 DTXSID80538619 DTXSID90596124 DTXSID60290586 DTXSID40641294 DTXSID60589583
DTXSID00700114	DTXSID50170540 DTXSID40454942 DTXSID90152749 DTXSID90540400 DTXSID00366416 DTXSID60669213 DTXSID80549528 DTXSID00174816 DTXSID00287793 DTXSID80385004 DTXSID20372397 DTXSID30488256 DTXSID20356697 DTXSID30631402 DTXSID80760539 DTXSID80570918 DTXSID40312593 DTXSID10607786 DTXSID20727989 DTXSID30382301
DTXSID80346776	DTXSID50818117 DTXSID10364706 DTXSID70400336 DTXSID00604284 DTXSID70712704 DTXSID90427267 DTXSID30828991 DTXSID00444107 DTXSID9068742 DTXSID60674125 DTXSID50684233 DTXSID80407917 DTXSID00571028 DTXSID40762559 DTXSID40589445 DTXSID00625535 DTXSID90585790 DTXSID20590216 DTXSID40322470 DTXSID80718212
DTXSID00698709	DTXSID60493752 DTXSID10856277 DTXSID20547043 DTXSID50680679 DTXSID10380608 DTXSID20822403 DTXSID90578445 DTXSID80577280 DTXSID50603343 DTXSID90739938 DTXSID50183731 DTXSID30757297 DTXSID30313034 DTXSID30818574 DTXSID30496230 DTXSID80795366 DTXSID30849888 DTXSID80360679 DTXSID00708473 DTXSID60368299
DTXSID10151971	DTXSID30368600 DTXSID70592765 DTXSID80640529 DTXSID20502738 DTXSID70610039 DTXSID70474259 DTXSID30428374 DTXSID80143040 DTXSID70523034 DTXSID80774196 DTXSID10277524 DTXSID90811162 DTXSID10680650 DTXSID50496818 DTXSID00567961 DTXSID90459043 DTXSID40351780 DTXSID30542468 DTXSID40818282 DTXSID10187391
DTXSID00851251	DTXSID30897546 DTXSID40839114 DTXSID60320519 DTXSID60896042 DTXSID30564701 DTXSID40752516 DTXSID10896395 DTXSID20875813 DTXSID00430101 DTXSID70615549 DTXSID60535348 DTXSID80785585 DTXSID60769489 DTXSID60383846 DTXSID50601283 DTXSID40876645 DTXSID30348402 DTXSID70886515 DTXSID20311786 DTXSID40376130
DTXSID00420845	DTXSID00614161 DTXSID90473567 DTXSID50526447 DTXSID70561315 DTXSID00312019 DTXSID00621850 DTXSID10287204 DTXSID20585788 DTXSID30662913 DTXSID40293717 DTXSID30194385 DTXSID80851830 DTXSID80726973 DTXSID20333766 DTXSID70647749 DTXSID10538581 DTXSID10663509 DTXSID20357220 DTXSID00393984 DTXSID50846839
DTXSID30521910	DTXSID90733890 DTXSID20670305 DTXSID00631297 DTXSID80598470 DTXSID10528543 DTXSID70676993 DTXSID70398406 DTXSID20542816 DTXSID00331164 DTXSID00603732 DTXSID50707951 DTXSID70836510 DTXSID10506745 DTXSID50813501 DTXSID30213626 DTXSID80472403 DTXSID70757352 DTXSID20839490 DTXSID00560977 DTXSID40525565
DTXSID80889294	DTXSID30828774 DTXSID00579983 DTXSID40207955 DTXSID20281692 DTXSID50293203 DTXSID40619296 DTXSID50705750 DTXSID10189714 DTXSID60812328 DTXSID80753941 DTXSID80444347 DTXSID90385934 DTXSID10556700 DTXSID10640895 DTXSID00468308 DTXSID50234914 DTXSID50563231 DTXSID60818047 DTXSID90845982 DTXSID80851436
DTXSID40753407	DTXSID70851167 DTXSID90819603 DTXSID90237202 DTXSID00829995 DTXSID10588304 DTXSID10786267 DTXSID50491904 DTXSID80535688 DTXSID90876473 DTXSID10178941 DTXSID10309314 DTXSID60341603 DTXSID50694473 DTXSID70805963 DTXSID70531472 DTXSID20818982 DTXSID10667643 DTXSID7029372 DTXSID70731470 DTXSID90814597
DTXSID10856030	DTXSID70766141 DTXSID80223154 DTXSID40195484 DTXSID70751153 DTXSID30524481 DTXSID00209354 DTXSID80674147 DTXSID80763666 DTXSID20379280 DTXSID90242250 DTXSID90534566 DTXSID10327533 DTXSID50487822 DTXSID90164640 DTXSID30844994 DTXSID20765669 DTXSID80657334 DTXSID60590538 DTXSID60377861 DTXSID80648242
DTXSID40468009	DTXSID80444004 DTXSID2024791 DTXSID60454661 DTXSID50378741 DTXSID60365268 DTXSID70721134 DTXSID70721432 DTXSID10181490 DTXSID50311390 DTXSID60542759 DTXSID70159413 DTXSID80742077 DTXSID20597482 DTXSID80777521 DTXSID10471545 DTXSID00305805 DTXSID30483483 DTXSID70655400 DTXSID90408576 DTXSID90483020
DTXSID30609742	DTXSID90771570 DTXSID3067231 DTXSID70276578 DTXSID30336900 DTXSID30528040 DTXSID90634898 DTXSID10239187 DTXSID50652477 DTXSID1041398 DTXSID20825196 DTXSID90758447 DTXSID70471960 DTXSID10206612 DTXSID6069826 DTXSID00884246 DTXSID80893735 DTXSID30300722 DTXSID30714603 DTXSID80793680 DTXSID50191093
DTXSID80375086	DTXSID50632259 DTXSID20360335 DTXSID60283352 DTXSID80591547 DTXSID40425995 DTXSID70598666 DTXSID90507811 DTXSID8066975 DTXSID90149336 DTXSID50795277 DTXSID80324913 DTXSID60395929 DTXSID60212142 DTXSID40616866 DTXSID10679943 DTXSID50280274 DTXSID10808695 DTXSID60438865 DTXSID80666461 DTXSID90331931
DTXSID40165465	DTXSID00725569 DTXSID40344319 DTXSID80694683 DTXSID20545827 DTXSID20301864 DTXSID40675519 DTXSID90515835 DTXSID80726812 DTXSID90332584 DTXSID20680929 DTXSID80725148 DTXSID60492366 DTXSID70302644 DTXSID30642078 DTXSID00618124 DTXSID20342757 DTXSID50610734 DTXSID60632568 DTXSID50478391 DTXSID80541527
DTXSID30677421	DTXSID80633850 DTXSID60446566 DTXSID90708543 DTXSID30237408 DTXSID40760656 DTXSID70317233 DTXSID90875986 DTXSID20837330 DTXSID50840074 DTXSID20646944 DTXSID10718306 DTXSID30225941 DTXSID50160901 DTXSID00494167 DTXSID00620621 DTXSID10364903 DTXSID00145566 DTXSID90169897 DTXSID00890342 DTXSID80346397
DTXSID80464368	DTXSID40508111 DTXSID70557910 DTXSID80434162 DTXSID80470489 DTXSID60327528 DTXSID00391061 DTXSID00633478 DTXSID00611539 DTXSID90346141 DTXSID30278654 DTXSID00651450 DTXSID70275501 DTXSID60451392 DTXSID40397668 DTXSID90346101 DTXSID0064672 DTXSID2072881 DTXSID60536719 DTXSID10824299 DTXSID40514434
DTXSID10591237	DTXSID40334755 DTXSID60854566 DTXSID00227472 DTXSID40781609 DTXSID40795620 DTXSID90769098 DTXSID00637274 DTXSID60232926 DTXSID50309898 DTXSID50818238 DTXSID10634658 DTXSID80806628 DTXSID20337941 DTXSID10579631 DTXSID90826973 DTXSID20793129 DTXSID70840778 DTXSID60501967 DTXSID40604041 DTXSID10338028
DTXSID40380191	DTXSID20323405 DTXSID00645617 DTXSID70737457 DTXSID70424335 DTXSID1071743 DTXSID20656245 DTXSID10572526 DTXSID80180798 DTXSID20879593 DTXSID40180118 DTXSID70219349 DTXSID20364156 DTXSID40523066 DTXSID80230045 DTXSID70213504 DTXSID50425981 DTXSID90200198 DTXSID50178662 DTXSID70191530 DTXSID30234336
DTXSID50606874	DTXSID10837041 DTXSID80442828 DTXSID40613158 DTXSID50180124 DTXSID00420305 DTXSID40640121 DTXSID00413191 DTXSID30202378 DTXSID90767615 DTXSID00801993 DTXSID90774940 DTXSID20476965 DTXSID30185571 DTXSID80211677 DTXSID90834472 DTXSID1020770 DTXSID80384411 DTXSID40437235 DTXSID80536458 DTXSID90154602
DTXSID60417812	DTXSID70333175 DTXSID20495555 DTXSID10777655 DTXSID80569645 DTXSID70510161 DTXSID20323440 DTXSID10876394 DTXSID30709812 DTXSID80240427 DTXSID90324500 DTXSID50576785 DTXSID20887052 DTXSID20307866 DTXSID40672402 DTXSID00679558 DTXSID40395861 DTXSID40324499 DTXSID00720559 DTXSID70182509 DTXSID40521749
DTXSID60730634	DTXSID30578202 DTXSID60561925 DTXSID00707845 DTXSID80821492 DTXSID70274817 DTXSID80768252 DTXSID80284205 DTXSID8070960 DTXSID00853295 DTXSID50724507 DTXSID50774446 DTXSID80853470 DTXSID40880500 DTXSID60191488 DTXSID30694012 DTXSID60243779 DTXSID70781576 DTXSID90591033 DTXSID20173745 DTXSID10648912
DTXSID20608365	DTXSID30310881 DTXSID80593384 DTXSID90236053 DTXSID90401300 DTXSID00371126 DTXSID50419789 DTXSID40736614 DTXSID4059253 DTXSID10808695 DTXSID90214997 DTXSID00678940 DTXSID70564109 DTXSID90507811 DTXSID50798788 DTXSID30593490 DTXSID30485745 DTXSID40351048 DTXSID50736064 DTXSID50635109 DTXSID40156813
DTXSID90316728	DTXSID20730756 DTXSID9021394 DTXSID00403350 DTXSID20629893 DTXSID60576635 DTXSID70434611 DTXSID20580733 DTXSID90325830 DTXSID40216284 DTXSID20376158 DTXSID10738746 DTXSID00338355 DTXSID10143472 DTXSID0041773 DTXSID70377413 DTXSID10856212 DTXSID70666536 DTXSID70613267 DTXSID00823892 DTXSID40711481
DTXSID40727163	DTXSID90284579 DTXSID30557991 DTXSID80698888 DTXSID70178265 DTXSID20429673 DTXSID30188123 DTXSID90474094 DTXSID50396228 DTXSID1060712 DTXSID40841515 DTXSID50351332 DTXSID50236892 DTXSID30290992 DTXSID90763672 DTXSID10851404 DTXSID60193826 DTXSID10296836 DTXSID30202090 DTXSID90373013 DTXSID40295776
DTXSID80588013	DTXSID90358244 DTXSID50705639 DTXSID50322305 DTXSID80445339 DTXSID60434766 DTXSID40597080 DTXSID50323731 DTXSID80741368 DTXSID30853743 DTXSID80464702 DTXSID30824690 DTXSID00555646 DTXSID70561092 DTXSID10797277 DTXSID90203604 DTXSID70543696 DTXSID70585778 DTXSID20366150 DTXSID40433691 DTXSID50603368
DTXSID70657227	DTXSID40581646 DTXSID10846613 DTXSID70153153 DTXSID20761262 DTXSID70496658 DTXSID80513800 DTXSID70736602 DTXSID60184956 DTXSID20532696 DTXSID50488016 DTXSID60873611 DTXSID50280395 DTXSID60612825 DTXSID90626591 DTXSID10468758 DTXSID00656142 DTXSID70642214 DTXSID60435733 DTXSID90519676 DTXSID30400877
DTXSID10771234	DTXSID90171536 DTXSID10462332 DTXSID90306669 DTXSID30306668 DTXSID60340732 DTXSID80604368 DTXSID90719593 DTXSID90782323 DTXSID20557243 DTXSID10488239 DTXSID50880672 DTXSID20535622 DTXSID80496346 DTXSID00819290 DTXSID30617185 DTXSID40802964 DTXSID40773347 DTXSID90567874 DTXSID40440067 DTXSID10399917
DTXSID90755850	DTXSID10771451 DTXSID70822857 DTXSID20346750 DTXSID90599953 DTXSID5070602 DTXSID50804111 DTXSID80853814 DTXSID50796865 DTXSID30393871 DTXSID70241241 DTXSID10784248 DTXSID10339095 DTXSID60515882 DTXSID00432064 DTXSID70785392 DTXSID40887796 DTXSID30191576 DTXSID40336794 DTXSID90240731 DTXSID90887963
DTXSID30754024	DTXSID90487361 DTXSID90626273 DTXSID40585927 DTXSID00671936 DTXSID80723543 DTXSID30351057 DTXSID10646251 DTXSID70733090 DTXSID90446155 DTXSID80648161 DTXSID90602855 DTXSID80614503 DTXSID70646297 DTXSID80729005 DTXSID40857535 DTXSID00646220 DTXSID60444305 DTXSID40493270 DTXSID10557257 DTXSID40496029
DTXSID10646473	DTXSID60214045 DTXSID90618092 DTXSID10475068 DTXSID10365950 DTXSID80573166 DTXSID30363675 DTXSID00810742 DTXSID30618374 DTXSID20646505 DTXSID20879376 DTXSID20708778 DTXSID50722189 DTXSID30782468 DTXSID50745414 DTXSID60734410 DTXSID10693482 DTXSID80178953 DTXSID30775971 DTXSID50369735 DTXSID80681992
DTXSID80853470	DTXSID90591033 DTXSID90706463 DTXSID80657910 DTXSID80764310 DTXSID00301524 DTXSID70781576 DTXSID80708279 DTXSID30821189 DTXSID50724507 DTXSID70274817 DTXSID8070417 DTXSID60730634 DTXSID30831682 DTXSID00853295 DTXSID10720146 DTXSID10244236 DTXSID20173745 DTXSID50774446 DTXSID70570841 DTXSID30763535
DTXSID40343822	DTXSID60742575 DTXSID60849235 DTXSID70202817 DTXSID20290961 DTXSID90738966 DTXSID60486225 DTXSID50399335 DTXSID0051318 DTXSID3059268 DTXSID20618883 DTXSID40453379 DTXSID90640535 DTXSID20728537 DTXSID30150880 DTXSID70165099 DTXSID50221364 DTXSID10366361 DTXSID40442061 DTXSID50520026 DTXSID10546803
DTXSID80452503	DTXSID70179717 DTXSID10335214 DTXSID20618585 DTXSID60508572 DTXSID30282615 DTXSID50469906 DTXSID10163594 DTXSID60425230 DTXSID70548101 DTXSID20629777 DTXSID60487459 DTXSID50719099 DTXSID50727159 DTXSID20703682 DTXSID40316117 DTXSID80486404 DTXSID70600798 DTXSID70526065 DTXSID90385974 DTXSID20604640
DTXSID60458866	DTXSID40847052 DTXSID50555378 DTXSID20676943 DTXSID4034817 DTXSID00754490 DTXSID40228701 DTXSID10757811 DTXSID20612381 DTXSID50234732 DTXSID10568929 DTXSID70876951 DTXSID20502450 DTXSID7066643 DTXSID40337105 DTXSID6047862 DTXSID10672217 DTXSID2026602 DTXSID00223116 DTXSID90524068 DTXSID40209676
DTXSID10508668	DTXSID50528168 DTXSID50701111 DTXSID30308581 DTXSID30671207 DTXSID40634126 DTXSID50624477 DTXSID10653127 DTXSID70553659 DTXSID20646787 DTXSID60427815 DTXSID10298976 DTXSID90571239 DTXSID60646347 DTXSID30583295 DTXSID20677798 DTXSID50669924 DTXSID8060298 DTXSID30529310 DTXSID30676873 DTXSID10391274
DTXSID70880614	DTXSID70477361 DTXSID50771354 DTXSID90423986 DTXSID60615952 DTXSID20801632 DTXSID50718047 DTXSID6066862 DTXSID30519534 DTXSID50718906 DTXSID40338031 DTXSID80766536 DTXSID20818129 DTXSID1070856 DTXSID50404352 DTXSID20837451 DTXSID60818128 DTXSID00402808 DTXSID70596485 DTXSID80437850 DTXSID60388215
DTXSID90286270	DTXSID50555191 DTXSID40417916 DTXSID60475331 DTXSID60398475 DTXSID00163427 DTXSID00534350 DTXSID30795831 DTXSID30660313 DTXSID10501255 DTXSID70645644 DTXSID70813563 DTXSID10856792 DTXSID00190516 DTXSID80850904 DTXSID90345331 DTXSID00590274 DTXSID20448142 DTXSID30597130 DTXSID70312566 DTXSID10276198
DTXSID10879688	DTXSID00218749 DTXSID00429272 DTXSID70197592 DTXSID30153356 DTXSID00598078 DTXSID80451172 DTXSID50368041 DTXSID90618678 DTXSID30668930 DTXSID50601344 DTXSID10289940 DTXSID10622999 DTXSID40549529 DTXSID90279182 DTXSID90218415 DTXSID00467412 DTXSID70735690 DTXSID60664208 DTXSID60771643 DTXSID30361752
DTXSID10628037	DTXSID80392899 DTXSID40624108 DTXSID80744314 DTXSID00557064 DTXSID70812718 DTXSID10423387 DTXSID40818848 DTXSID00398232 DTXSID80700652 DTXSID00773323 DTXSID60443191 DTXSID50352288 DTXSID6070435 DTXSID60160179 DTXSID30812719 DTXSID50147792 DTXSID00326515 DTXSID10354788 DTXSID80222344 DTXSID70748205
DTXSID80839633	DTXSID10225964 DTXSID50432918 DTXSID70866337 DTXSID80787928 DTXSID80700910 DTXSID70764187 DTXSID80305929 DTXSID00300092 DTXSID20567448 DTXSID20896780 DTXSID70791993 DTXSID80852064 DTXSID40763243 DTXSID40511600 DTXSID60520198 DTXSID70764248 DTXSID60768896 DTXSID60840328 DTXSID40748373 DTXSID20627031
DTXSID1069453	DTXSID60378075 DTXSID70382865 DTXSID30284694 DTXSID20788974 DTXSID00438283 DTXSID70787391 DTXSID1066104 DTXSID80497510 DTXSID90276212 DTXSID70388024 DTXSID20374336 DTXSID70443223 DTXSID20815911 DTXSID80561604 DTXSID30388585 DTXSID30384628 DTXSID50148269 DTXSID90490436 DTXSID50233720 DTXSID10289521
DTXSID90772825	DTXSID30451107 DTXSID70327857 DTXSID00770211 DTXSID80798099 DTXSID10418177 DTXSID40781063 DTXSID3068883 DTXSID60325842 DTXSID60850189 DTXSID40771787 DTXSID10337657 DTXSID30550028 DTXSID50858831 DTXSID80526096 DTXSID10769772 DTXSID30316929 DTXSID1068807 DTXSID20240441 DTXSID70775273 DTXSID30528282
DTXSID40588493	DTXSID40168219 DTXSID50441787 DTXSID50218416 DTXSID50598124 DTXSID00371186 DTXSID40374030 DTXSID40495597 DTXSID80237675 DTXSID20439297 DTXSID40561645 DTXSID30311595 DTXSID50467346 DTXSID20301783 DTXSID40296581 DTXSID80282226 DTXSID40773983 DTXSID50153176 DTXSID10712889 DTXSID00694049 DTXSID20352412
DTXSID10579131	DTXSID50465827 DTXSID10144484 DTXSID20172071 DTXSID00757749 DTXSID20434202 DTXSID20594678 DTXSID10463021 DTXSID20403498 DTXSID80275936 DTXSID60184032 DTXSID10502681 DTXSID00562052 DTXSID80776034 DTXSID50639889 DTXSID30544962 DTXSID50318526 DTXSID60241518 DTXSID80438044 DTXSID50505318 DTXSID20621973
DTXSID00678208	DTXSID70759654 DTXSID80877338 DTXSID40682364 DTXSID80637257 DTXSID70477947 DTXSID00802182 DTXSID90796884 DTXSID30819304 DTXSID20185808 DTXSID40382812 DTXSID90179991 DTXSID30325278 DTXSID5070232 DTXSID00612400 DTXSID10772928 DTXSID80456728 DTXSID10700029 DTXSID50694498 DTXSID10212011 DTXSID0052388
DTXSID80724631	DTXSID10440756 DTXSID60729821 DTXSID40423173 DTXSID90474150 DTXSID50310222 DTXSID50638155 DTXSID80451430 DTXSID20542811 DTXSID20462242 DTXSID50310126 DTXSID20442145 DTXSID1072260 DTXSID70736561 DTXSID90379454 DTXSID70672475 DTXSID80514418 DTXSID70674474 DTXSID10219323 DTXSID30645342 DTXSID20723749
DTXSID30404754	DTXSID40571168 DTXSID10197915 DTXSID30672032 DTXSID30618253 DTXSID50709672 DTXSID70745916 DTXSID90831284 DTXSID50305239 DTXSID20326638 DTXSID1042281 DTXSID30382301 DTXSID10653687 DTXSID60167603 DTXSID90647988 DTXSID50677448 DTXSID30350186 DTXSID90300187 DTXSID80385004 DTXSID30631402 DTXSID20349685
DTXSID20444048	DTXSID20560212 DTXSID40766279 DTXSID80848381 DTXSID90171935 DTXSID40876983 DTXSID00681570 DTXSID80524375 DTXSID30184524 DTXSID90209343 DTXSID90665021 DTXSID30278139 DTXSID10403129 DTXSID50694418 DTXSID20739229 DTXSID30804533 DTXSID70278193 DTXSID50788008 DTXSID20475751 DTXSID70607868 DTXSID60407056
DTXSID60159780	DTXSID80323547 DTXSID20733227 DTXSID30392389 DTXSID40163623 DTXSID90217423 DTXSID0070784 DTXSID40556793 DTXSID70336909 DTXSID90328740 DTXSID00596397 DTXSID70592149 DTXSID00649599 DTXSID40751463 DTXSID40677331 DTXSID90783517 DTXSID20722459 DTXSID70717870 DTXSID50814391 DTXSID90322162 DTXSID00575607
DTXSID50313056	DTXSID60174711 DTXSID90556965 DTXSID50505358 DTXSID10778389 DTXSID20212729 DTXSID30805747 DTXSID10297585 DTXSID40392951 DTXSID30332861 DTXSID40298348 DTXSID20342752 DTXSID40472146 DTXSID20167826 DTXSID40682127 DTXSID80543061 DTXSID80423814 DTXSID40455419 DTXSID20733065 DTXSID50188302 DTXSID00186636
DTXSID70699586	DTXSID90709590 DTXSID60711882 DTXSID80278447 DTXSID30827388 DTXSID30281663 DTXSID50737490 DTXSID80468609 DTXSID00793728 DTXSID80553504 DTXSID10890999 DTXSID9072527 DTXSID30543410 DTXSID80559561 DTXSID10822679 DTXSID00699514 DTXSID10783832 DTXSID00826560 DTXSID20754452 DTXSID80789543 DTXSID20197406
DTXSID90814719	DTXSID00720978 DTXSID90474372 DTXSID10297702 DTXSID40543961 DTXSID70381358 DTXSID00521083 DTXSID10596242 DTXSID60407293 DTXSID60392019 DTXSID00745404 DTXSID40608761 DTXSID80543965 DTXSID50505434 DTXSID50361274 DTXSID70709755 DTXSID60707962 DTXSID00481577 DTXSID90291925 DTXSID30395072 DTXSID90478239
DTXSID70855781	DTXSID40747503 DTXSID20393587 DTXSID30303192 DTXSID70732487 DTXSID00745368 DTXSID60700236 DTXSID70314969 DTXSID80478324 DTXSID90305298 DTXSID70582085 DTXSID30620174 DTXSID70619608 DTXSID70742102 DTXSID00508677 DTXSID60319089 DTXSID10660816 DTXSID70697481 DTXSID10657206 DTXSID30546628 DTXSID20835659
DTXSID90705153	DTXSID60835436 DTXSID20827933 DTXSID30827181 DTXSID30542746 DTXSID90748782 DTXSID60373409 DTXSID70657121 DTXSID90291526 DTXSID20629934 DTXSID50427622 DTXSID50599959 DTXSID10621200 DTXSID10288170 DTXSID80676828 DTXSID90674537 DTXSID80303223 DTXSID50358169 DTXSID40857631 DTXSID50873509 DTXSID40719260
DTXSID30192987	DTXSID70322903 DTXSID90808572 DTXSID70201486 DTXSID50334625 DTXSID40186675 DTXSID10814392 DTXSID50301019 DTXSID30427322 DTXSID80382194 DTXSID70886515 DTXSID50601283 DTXSID00896425 DTXSID90697584 DTXSID3072242 DTXSID80470343 DTXSID4072233 DTXSID20874240 DTXSID30574648 DTXSID60895999 DTXSID10896214
DTXSID00277376	DTXSID70299444 DTXSID30177557 DTXSID70276593 DTXSID70597735 DTXSID70354901 DTXSID20415915 DTXSID70813427 DTXSID0061327 DTXSID90793535 DTXSID00503783 DTXSID9068904 DTXSID20605314 DTXSID70757877 DTXSID00356670 DTXSID90530907 DTXSID30371457 DTXSID80439612 DTXSID70235529 DTXSID90512546 DTXSID70730968
DTXSID1070773	DTXSID80182974 DTXSID6058972 DTXSID80292163 DTXSID10827381 DTXSID90584703 DTXSID70303297 DTXSID20417959 DTXSID40513644 DTXSID80613172 DTXSID50565290 DTXSID20754836 DTXSID70174964 DTXSID40214669 DTXSID10426732 DTXSID90373472 DTXSID20499770 DTXSID60284925 DTXSID00712035 DTXSID20708955 DTXSID80640443
DTXSID00672786	DTXSID40295776 DTXSID00659436 DTXSID00703665 DTXSID50236892 DTXSID80568895 DTXSID60879315 DTXSID00826525 DTXSID40717226 DTXSID00566611 DTXSID20705222 DTXSID30202090 DTXSID40841515 DTXSID00806822 DTXSID70784229 DTXSID30375511 DTXSID80698888 DTXSID10536082 DTXSID40561387 DTXSID10296836 DTXSID50396228
DTXSID30775971	DTXSID30550669 DTXSID90857282 DTXSID50745414 DTXSID20702812 DTXSID00810742 DTXSID30618374 DTXSID20879376 DTXSID90618092 DTXSID90352929 DTXSID50402570 DTXSID00797266 DTXSID80573166 DTXSID50857501 DTXSID00496606 DTXSID40313489 DTXSID80494605 DTXSID40749345 DTXSID90719730 DTXSID70488816 DTXSID10436811
DTXSID10597118	DTXSID50589734 DTXSID50311754 DTXSID60201778 DTXSID30744748 DTXSID60528699 DTXSID60667436 DTXSID40430185 DTXSID10501119 DTXSID10355573 DTXSID80664725 DTXSID70597659 DTXSID20275490 DTXSID40510698 DTXSID6065052 DTXSID50589754 DTXSID50538207 DTXSID30406531 DTXSID70405624 DTXSID10554766 DTXSID60422946
DTXSID30876674	DTXSID9064007 DTXSID30856991 DTXSID00617930 DTXSID10430157 DTXSID50697207 DTXSID20277075 DTXSID9068409 DTXSID80601317 DTXSID20646803 DTXSID40879338 DTXSID70295163 DTXSID90360625 DTXSID90626596 DTXSID10471025 DTXSID60470523 DTXSID00402085 DTXSID50408638 DTXSID00747382 DTXSID20377125 DTXSID70628018
DTXSID80763666	DTXSID40195484 DTXSID60391663 DTXSID50704849 DTXSID70751153 DTXSID10856030 DTXSID20315027 DTXSID90534566 DTXSID20379280 DTXSID80223154 DTXSID30844994 DTXSID70766141 DTXSID10212475 DTXSID90535912 DTXSID80657334 DTXSID20808909 DTXSID30524481 DTXSID40338899 DTXSID90242250 DTXSID90394783 DTXSID80435412
DTXSID50672276	DTXSID70879689 DTXSID60813496 DTXSID00308639 DTXSID50322446 DTXSID60670389 DTXSID00291259 DTXSID50393757 DTXSID20482662 DTXSID40518199 DTXSID70630050 DTXSID50164641 DTXSID40427616 DTXSID00836164 DTXSID60285497 DTXSID60591924 DTXSID00145980 DTXSID00472607 DTXSID60818360 DTXSID10702407 DTXSID30284199
DTXSID80391302	DTXSID20841538 DTXSID10579015 DTXSID50322764 DTXSID90391712 DTXSID90850894 DTXSID60647298 DTXSID40517344 DTXSID70856511 DTXSID90596028 DTXSID50541579 DTXSID20514831 DTXSID70324361 DTXSID70750944 DTXSID90323199 DTXSID40467239 DTXSID50509235 DTXSID40712115 DTXSID20206981 DTXSID80483231 DTXSID50879561
DTXSID50801589	DTXSID70591854 DTXSID30458691 DTXSID50226213 DTXSID70671600 DTXSID00410423 DTXSID40458723 DTXSID70218155 DTXSID00409352 DTXSID30854114 DTXSID1044514 DTXSID80463053 DTXSID90473481 DTXSID60228965 DTXSID20370717 DTXSID70317031 DTXSID6065052 DTXSID40757804 DTXSID60312176 DTXSID10505753 DTXSID10672434
DTXSID20741908	DTXSID40280460 DTXSID40495138 DTXSID80637712 DTXSID80226706 DTXSID10430450 DTXSID80621994 DTXSID00220968 DTXSID80418427 DTXSID80172734 DTXSID00762277 DTXSID60332177 DTXSID90766406 DTXSID70214475 DTXSID20189700 DTXSID30427584 DTXSID80306315 DTXSID60292368 DTXSID50630316 DTXSID10463849 DTXSID20381166
DTXSID70742980	DTXSID50490730 DTXSID70309077 DTXSID90501470 DTXSID00504730 DTXSID50738568 DTXSID70431468 DTXSID20603496 DTXSID90509411 DTXSID00440826 DTXSID00436880 DTXSID90708402 DTXSID70506822 DTXSID20424360 DTXSID90843903 DTXSID20790592 DTXSID90810493 DTXSID70614779 DTXSID30641187 DTXSID20170274 DTXSID20739168
DTXSID30761379	DTXSID10705554 DTXSID90144927 DTXSID40180239 DTXSID40617191 DTXSID60694525 DTXSID40876185 DTXSID00488329 DTXSID50447183 DTXSID10228793 DTXSID8064981 DTXSID00401058 DTXSID00565861 DTXSID40710176 DTXSID90466833 DTXSID70314868 DTXSID60540119 DTXSID50824511 DTXSID70594325 DTXSID10640052 DTXSID50679149
DTXSID60660361	DTXSID00817918 DTXSID60283413 DTXSID20847353 DTXSID90718102 DTXSID70464776 DTXSID40573485 DTXSID90562940 DTXSID80852948 DTXSID80300454 DTXSID90888152 DTXSID30787539 DTXSID70562362 DTXSID00807834 DTXSID30620179 DTXSID00552832 DTXSID90820815 DTXSID00816845 DTXSID90443846 DTXSID20624146 DTXSID20463411
DTXSID10596601	DTXSID60517609 DTXSID70782987 DTXSID40790690 DTXSID60621331 DTXSID30625700 DTXSID10570168 DTXSID00517608 DTXSID90487321 DTXSID90672093 DTXSID80427877 DTXSID40162656 DTXSID10453169 DTXSID40788759 DTXSID90408410 DTXSID60599107 DTXSID40845078 DTXSID50743394 DTXSID50663326 DTXSID30276372 DTXSID20443697
DTXSID10577213	DTXSID10738281 DTXSID20765967 DTXSID30813064 DTXSID80204468 DTXSID7071024 DTXSID90223322 DTXSID70176180 DTXSID40494464 DTXSID80552597 DTXSID80492267 DTXSID70786945 DTXSID10655964 DTXSID4052051 DTXSID00334771 DTXSID20342651 DTXSID10592128 DTXSID70826875 DTXSID50405900 DTXSID90520888 DTXSID30782408
DTXSID80143106	DTXSID90595591 DTXSID90353012 DTXSID20143105 DTXSID60388351 DTXSID10292111 DTXSID20384834 DTXSID90552402 DTXSID70176387 DTXSID00165183 DTXSID80176191 DTXSID00646760 DTXSID30838752 DTXSID40299517 DTXSID00600983 DTXSID50722604 DTXSID00567360 DTXSID10810950 DTXSID30747335 DTXSID00274688 DTXSID80424684
DTXSID10618519	DTXSID60739526 DTXSID50697429 DTXSID10393657 DTXSID50631606 DTXSID30678938 DTXSID30787357 DTXSID80740250 DTXSID90695323 DTXSID20368194 DTXSID60588576 DTXSID20834086 DTXSID90840538 DTXSID70202337 DTXSID20406202 DTXSID10675647 DTXSID00730012 DTXSID50512269 DTXSID00299730 DTXSID10716180 DTXSID00356392
DTXSID90411444	DTXSID2041963 DTXSID40501208 DTXSID3073397 DTXSID70188187 DTXSID90401946 DTXSID80472847 DTXSID90836456 DTXSID00425552 DTXSID00374031 DTXSID20593989 DTXSID00404887 DTXSID50375033 DTXSID70366605 DTXSID70283005 DTXSID80645312 DTXSID30323219 DTXSID20435693 DTXSID20217491 DTXSID50191730 DTXSID50660774
DTXSID30288591	DTXSID30274378 DTXSID00330692 DTXSID40585689 DTXSID20670047 DTXSID90557553 DTXSID40620145 DTXSID40356114 DTXSID90361339 DTXSID30718308 DTXSID30554965 DTXSID70307316 DTXSID20656467 DTXSID60825514 DTXSID70327473 DTXSID00795722 DTXSID20524016 DTXSID70507379 DTXSID00421630 DTXSID90709196 DTXSID7058048
DTXSID20505981	DTXSID80304871 DTXSID70807240 DTXSID50563135 DTXSID00443695 DTXSID70436675 DTXSID00509528 DTXSID30549811 DTXSID40513801 DTXSID90873624 DTXSID30450579 DTXSID30277844 DTXSID40741864 DTXSID30400877 DTXSID40761289 DTXSID90519676 DTXSID30195973 DTXSID00694544 DTXSID00419451 DTXSID70519199 DTXSID20768771
DTXSID00592137	DTXSID90558984 DTXSID90187596 DTXSID90440375 DTXSID20829639 DTXSID90243843 DTXSID00660507 DTXSID30541254 DTXSID90338627 DTXSID90323992 DTXSID80626000 DTXSID70525598 DTXSID9070612 DTXSID80760271 DTXSID00425996 DTXSID00452661 DTXSID00500111 DTXSID2068424 DTXSID30474452 DTXSID4072316 DTXSID60620061
DTXSID70560666	DTXSID60154331 DTXSID20548313 DTXSID60369660 DTXSID40673595 DTXSID80299394 DTXSID20293093 DTXSID80629490 DTXSID90156141 DTXSID70666899 DTXSID30606317 DTXSID10865142 DTXSID10708424 DTXSID30788642 DTXSID80879493 DTXSID90805021 DTXSID10728889 DTXSID60281555 DTXSID80318034 DTXSID50294250 DTXSID3041297
DTXSID80582970	DTXSID70314868 DTXSID30218555 DTXSID00565861 DTXSID40876185 DTXSID70787851 DTXSID90441084 DTXSID40180239 DTXSID10190906 DTXSID10694631 DTXSID10640052 DTXSID60524732 DTXSID10679943 DTXSID10228793 DTXSID80760438 DTXSID8064981 DTXSID80333444 DTXSID10602615 DTXSID00342699 DTXSID10774023 DTXSID10478554
DTXSID90561630	DTXSID00384771 DTXSID60634123 DTXSID80718212 DTXSID00604284 DTXSID40589748 DTXSID60744413 DTXSID80648005 DTXSID40322470 DTXSID20419099 DTXSID90668592 DTXSID90276479 DTXSID00569783 DTXSID70811307 DTXSID20445712 DTXSID50818117 DTXSID90585790 DTXSID60820660 DTXSID00444107 DTXSID60680908 DTXSID10794125
DTXSID60765587	DTXSID40507644 DTXSID80292683 DTXSID90193915 DTXSID30173276 DTXSID30572083 DTXSID20216666 DTXSID30515874 DTXSID60233812 DTXSID30313695 DTXSID10609765 DTXSID70494230 DTXSID00488824 DTXSID10361513 DTXSID80822181 DTXSID50452131 DTXSID10626018 DTXSID10528381 DTXSID30505255 DTXSID30708643 DTXSID50312665
DTXSID30855727	DTXSID60494921 DTXSID20804840 DTXSID00296961 DTXSID20204487 DTXSID20756234 DTXSID70855660 DTXSID50326520 DTXSID00400920 DTXSID60813198 DTXSID10310263 DTXSID80440844 DTXSID70873622 DTXSID30540383 DTXSID60184532 DTXSID80548314 DTXSID40647635 DTXSID80756235 DTXSID70303631 DTXSID60723581 DTXSID80430902
DTXSID20542811	DTXSID50310126 DTXSID80514418 DTXSID50638155 DTXSID10219323 DTXSID70607621 DTXSID80664260 DTXSID70320828 DTXSID90493144 DTXSID70672475 DTXSID20876264 DTXSID40792871 DTXSID80724631 DTXSID70736561 DTXSID00427854 DTXSID00490846 DTXSID10440756 DTXSID90485307 DTXSID80451430 DTXSID60729821 DTXSID90651949
DTXSID40427651	DTXSID50590188 DTXSID90749597 DTXSID70326108 DTXSID40845472 DTXSID80437991 DTXSID60471338 DTXSID20759801 DTXSID40530477 DTXSID20295274 DTXSID60562356 DTXSID60187922 DTXSID60183868 DTXSID90753477 DTXSID60467599 DTXSID40856366 DTXSID20452729 DTXSID90605508 DTXSID30663369 DTXSID40652067 DTXSID30885241
DTXSID60675359	DTXSID20542199 DTXSID70401020 DTXSID60668963 DTXSID80506515 DTXSID10474339 DTXSID00524776 DTXSID80676828 DTXSID80733122 DTXSID00350315 DTXSID60157009 DTXSID50190364 DTXSID00472844 DTXSID20589302 DTXSID30857029 DTXSID10399659 DTXSID50310747 DTXSID30313695 DTXSID80593541 DTXSID90640813 DTXSID40719260
DTXSID40741889	DTXSID30575872 DTXSID50515371 DTXSID70316685 DTXSID20630782 DTXSID60580217 DTXSID40581323 DTXSID40303729 DTXSID40315307 DTXSID00815070 DTXSID40662929 DTXSID10165497 DTXSID60694484 DTXSID70280034 DTXSID50711134 DTXSID90711875 DTXSID40887211 DTXSID90837201 DTXSID70517256 DTXSID90509214 DTXSID00719322
DTXSID50751116	DTXSID40156813 DTXSID40351048 DTXSID40736614 DTXSID80666461 DTXSID90331931 DTXSID4059253 DTXSID60212142 DTXSID90401300 DTXSID90507811 DTXSID50808376 DTXSID50340180 DTXSID80324913 DTXSID20360335 DTXSID40425995 DTXSID50632259 DTXSID80710110 DTXSID40369466 DTXSID80375086 DTXSID60283352 DTXSID50635109
DTXSID30818135	DTXSID00292206 DTXSID90303658 DTXSID10734102 DTXSID40516559 DTXSID40278382 DTXSID40664842 DTXSID40309307 DTXSID90301614 DTXSID90352964 DTXSID80563204 DTXSID90290453 DTXSID10606431 DTXSID70365476 DTXSID40309645 DTXSID50518761 DTXSID70288813 DTXSID50228333 DTXSID40418766 DTXSID50210571 DTXSID40171566
DTXSID00502372	DTXSID20830144 DTXSID30734205 DTXSID80289457 DTXSID00418545 DTXSID10481523 DTXSID50497183 DTXSID40289458 DTXSID00651859 DTXSID40325042 DTXSID90524487 DTXSID20630368 DTXSID10552267 DTXSID10867661 DTXSID90877561 DTXSID20848446 DTXSID00865494 DTXSID9025403 DTXSID60307320 DTXSID90707511 DTXSID20503528
DTXSID00345867	DTXSID00340756 DTXSID5060726 DTXSID10527511 DTXSID50492532 DTXSID70521479 DTXSID60545649 DTXSID10241220 DTXSID40790857 DTXSID60344770 DTXSID8067105 DTXSID40283895 DTXSID20565449 DTXSID80633774 DTXSID10475826 DTXSID90199053 DTXSID80771069 DTXSID1023447 DTXSID30757656 DTXSID10448353 DTXSID70641227
DTXSID20363508	DTXSID90462572 DTXSID90547797 DTXSID00181464 DTXSID90622492 DTXSID20212022 DTXSID60722099 DTXSID2047016 DTXSID60646342 DTXSID20369429 DTXSID60473115 DTXSID70165236 DTXSID60618160 DTXSID10555091 DTXSID80355863 DTXSID20438164 DTXSID90375774 DTXSID60427855 DTXSID80549528 DTXSID60669213 DTXSID40282924
DTXSID10215002	DTXSID40456507 DTXSID50590582 DTXSID00632204 DTXSID20671211 DTXSID30531958 DTXSID60668726 DTXSID30146309 DTXSID70353035 DTXSID30175614 DTXSID80772011 DTXSID60204461 DTXSID20667790 DTXSID00498387 DTXSID50427945 DTXSID90512026 DTXSID60396875 DTXSID90401582 DTXSID50544085 DTXSID30187171 DTXSID70400710
DTXSID40152835	DTXSID40673171 DTXSID50283649 DTXSID40436167 DTXSID00697257 DTXSID70609605 DTXSID30373673 DTXSID10389373 DTXSID20733565 DTXSID70237664 DTXSID90284478 DTXSID80396852 DTXSID30357635 DTXSID90675923 DTXSID60557545 DTXSID20655571 DTXSID10842453 DTXSID60476747 DTXSID90753492 DTXSID70368043 DTXSID00841995
DTXSID20184699	DTXSID50510164 DTXSID30580148 DTXSID70642537 DTXSID70193337 DTXSID40477959 DTXSID60159886 DTXSID30303990 DTXSID40638942 DTXSID60294322 DTXSID40539147 DTXSID40452180 DTXSID50660118 DTXSID70676711 DTXSID00465357 DTXSID60337187 DTXSID30562621 DTXSID90562627 DTXSID70696934 DTXSID70655208 DTXSID80444665
DTXSID40175741	DTXSID80457351 DTXSID50356468 DTXSID80593521 DTXSID80299652 DTXSID20500057 DTXSID0062139 DTXSID80528671 DTXSID50352682 DTXSID60542759 DTXSID50622817 DTXSID80289396 DTXSID00305805 DTXSID60489296 DTXSID00668987 DTXSID70721134 DTXSID30483483 DTXSID00670222 DTXSID80855090 DTXSID70669229 DTXSID30444993
DTXSID10634996	DTXSID70367571 DTXSID90615844 DTXSID30534449 DTXSID90348625 DTXSID20506014 DTXSID10442477 DTXSID10525294 DTXSID90344283 DTXSID70534448 DTXSID10518262 DTXSID00571482 DTXSID80875894 DTXSID90885863 DTXSID40552518 DTXSID30642134 DTXSID20350337 DTXSID40670408 DTXSID70663580 DTXSID10547456 DTXSID50565977
DTXSID70428494	DTXSID00168679 DTXSID10568964 DTXSID60640704 DTXSID90768203 DTXSID70313634 DTXSID50493822 DTXSID20789128 DTXSID20656927 DTXSID90232919 DTXSID70214298 DTXSID80494029 DTXSID40462022 DTXSID7021366 DTXSID00896344 DTXSID90738764 DTXSID80308495 DTXSID50505535 DTXSID70529677 DTXSID90533993 DTXSID90702203
DTXSID80438903	DTXSID10820291 DTXSID30678498 DTXSID40464884 DTXSID90397557 DTXSID20603496 DTXSID60341340 DTXSID30362789 DTXSID40677391 DTXSID30627547 DTXSID00440826 DTXSID70506822 DTXSID40523006 DTXSID00436880 DTXSID30157839 DTXSID20803419 DTXSID60308998 DTXSID20790592 DTXSID00513140 DTXSID80660101 DTXSID00303922
DTXSID90159298	DTXSID9046865 DTXSID80292143 DTXSID00567946 DTXSID50238654 DTXSID20509202 DTXSID50629068 DTXSID80730651 DTXSID80618041 DTXSID00622867 DTXSID70385795 DTXSID40729122 DTXSID30295169 DTXSID60729604 DTXSID80496604 DTXSID40429296 DTXSID70341891 DTXSID40831017 DTXSID30505119 DTXSID40520530 DTXSID90669564
DTXSID70444331	DTXSID80228902 DTXSID60812722 DTXSID40674643 DTXSID00576553 DTXSID30420671 DTXSID10336307 DTXSID90419162 DTXSID90331274 DTXSID60671114 DTXSID40350132 DTXSID90539399 DTXSID10645244 DTXSID10593776 DTXSID80626883 DTXSID90625943 DTXSID00622620 DTXSID70489803 DTXSID10729396 DTXSID80320773 DTXSID60301888
DTXSID80506277	DTXSID40815675 DTXSID10489847 DTXSID80175169 DTXSID90632258 DTXSID90577271 DTXSID60333109 DTXSID80539823 DTXSID70192805 DTXSID70527118 DTXSID50521457 DTXSID30825445 DTXSID70304724 DTXSID30742724 DTXSID90399319 DTXSID50443483 DTXSID40595667 DTXSID80305424 DTXSID70473565 DTXSID90844430 DTXSID5044811
DTXSID00196518	DTXSID50569319 DTXSID30474098 DTXSID40280980 DTXSID40633972 DTXSID80851239 DTXSID50304449 DTXSID00508096 DTXSID00390236 DTXSID80771766 DTXSID10292035 DTXSID40696461 DTXSID70282356 DTXSID90370522 DTXSID10651542 DTXSID20867834 DTXSID10277524 DTXSID80143040 DTXSID00567961 DTXSID30704488 DTXSID70610039
DTXSID00646205	DTXSID00495710 DTXSID00409377 DTXSID20627854 DTXSID90178803 DTXSID10734940 DTXSID30236037 DTXSID50515578 DTXSID00515588 DTXSID90670291 DTXSID70743659 DTXSID60646322 DTXSID80646384 DTXSID10646377 DTXSID40650583 DTXSID10609124 DTXSID90736407 DTXSID50212651 DTXSID30646758 DTXSID60646307 DTXSID50734328
DTXSID90831284	DTXSID70745916 DTXSID20326638 DTXSID30672032 DTXSID50518509 DTXSID10632992 DTXSID50709672 DTXSID30404754 DTXSID10197915 DTXSID90300187 DTXSID30382301 DTXSID80295533 DTXSID90285046 DTXSID20349685 DTXSID30618253 DTXSID40571168 DTXSID40656126 DTXSID10653687 DTXSID20522017 DTXSID20603719 DTXSID20727989
DTXSID60469614	DTXSID50167293 DTXSID80563209 DTXSID10705852 DTXSID00857591 DTXSID80627158 DTXSID30371053 DTXSID80356057 DTXSID10557257 DTXSID90406719 DTXSID30620215 DTXSID40517460 DTXSID90403440 DTXSID00214044 DTXSID90446155 DTXSID60442068 DTXSID40478209 DTXSID30401026 DTXSID00646220 DTXSID70350302 DTXSID10646413
DTXSID0046513	DTXSID60478428 DTXSID20806607 DTXSID80331586 DTXSID40194710 DTXSID80275835 DTXSID80601635 DTXSID50552443 DTXSID90443907 DTXSID70399014 DTXSID30772566 DTXSID40601636 DTXSID20837451 DTXSID90780526 DTXSID1070856 DTXSID70592886 DTXSID80437850 DTXSID1040247 DTXSID80766536 DTXSID90539798 DTXSID60794897
DTXSID00752951	DTXSID40417799 DTXSID80195024 DTXSID00826560 DTXSID90602057 DTXSID60511480 DTXSID10699585 DTXSID60822902 DTXSID10202674 DTXSID10886074 DTXSID10890999 DTXSID20197406 DTXSID30429503 DTXSID40195666 DTXSID60816366 DTXSID40563189 DTXSID00699514 DTXSID80278447 DTXSID80274202 DTXSID50767838 DTXSID30147033
DTXSID50512320	DTXSID40555726 DTXSID10296917 DTXSID10236494 DTXSID80333909 DTXSID80437496 DTXSID40204681 DTXSID90842799 DTXSID70342469 DTXSID90497925 DTXSID70566345 DTXSID30508463 DTXSID40640242 DTXSID80398735 DTXSID40159763 DTXSID90545091 DTXSID10467160 DTXSID20231798 DTXSID90557492 DTXSID90767918 DTXSID30447181
DTXSID70571636	DTXSID20873935 DTXSID30624394 DTXSID20453190 DTXSID10808392 DTXSID30748145 DTXSID00421579 DTXSID30725678 DTXSID3061683 DTXSID40594852 DTXSID1023233 DTXSID20794818 DTXSID40346691 DTXSID10629923 DTXSID10654715 DTXSID00234328 DTXSID40656404 DTXSID50662894 DTXSID00307723 DTXSID30584969 DTXSID60593084
DTXSID80648545	DTXSID90519151 DTXSID60770393 DTXSID00655433 DTXSID90577271 DTXSID00837277 DTXSID50443483 DTXSID80594452 DTXSID5044811 DTXSID60333109 DTXSID80394919 DTXSID00651056 DTXSID10640299 DTXSID40595667 DTXSID10669849 DTXSID20426965 DTXSID90632258 DTXSID70515318 DTXSID10489847 DTXSID20887118 DTXSID80568138
DTXSID30616532	DTXSID60827513 DTXSID10802714 DTXSID40143001 DTXSID20660362 DTXSID90737919 DTXSID70325651 DTXSID00563862 DTXSID50887924 DTXSID1051692 DTXSID30660373 DTXSID00844946 DTXSID00604709 DTXSID70855069 DTXSID70356581 DTXSID40510597 DTXSID50437584 DTXSID60315304 DTXSID90675241 DTXSID60611176 DTXSID80720234
DTXSID80146455	DTXSID20663297 DTXSID20656927 DTXSID90533993 DTXSID30534747 DTXSID50493822 DTXSID00896344 DTXSID10343399 DTXSID10840136 DTXSID10534740 DTXSID10680579 DTXSID80176712 DTXSID70428494 DTXSID60733680 DTXSID40293131 DTXSID10568964 DTXSID80308495 DTXSID60180615 DTXSID10368805 DTXSID00168679 DTXSID40717029
DTXSID70749176	DTXSID90354120 DTXSID80627991 DTXSID80191703 DTXSID70857280 DTXSID00461157 DTXSID00651511 DTXSID70613904 DTXSID80729308 DTXSID30178327 DTXSID30453025 DTXSID20668222 DTXSID80646465 DTXSID00528158 DTXSID70711898 DTXSID10282310 DTXSID30628892 DTXSID20371406 DTXSID70619188 DTXSID10482131 DTXSID90292093
DTXSID40879479	DTXSID60824108 DTXSID00447198 DTXSID50591877 DTXSID20417717 DTXSID20549406 DTXSID70832754 DTXSID60370650 DTXSID40459811 DTXSID10396481 DTXSID30395072 DTXSID80543965 DTXSID10541111 DTXSID30653902 DTXSID50332560 DTXSID60407293 DTXSID20766015 DTXSID00374011 DTXSID10736227 DTXSID60455951 DTXSID00388350
DTXSID80561604	DTXSID30384628 DTXSID00438283 DTXSID10737734 DTXSID10289521 DTXSID00724456 DTXSID70787391 DTXSID50148269 DTXSID10781712 DTXSID1066104 DTXSID90213187 DTXSID90490436 DTXSID90790605 DTXSID80735383 DTXSID00528794 DTXSID50610431 DTXSID10175430 DTXSID30149274 DTXSID80729803 DTXSID80819899 DTXSID90707096
DTXSID80840345	DTXSID50766705 DTXSID50817701 DTXSID70720485 DTXSID70557152 DTXSID30778609 DTXSID20604342 DTXSID00339069 DTXSID90711173 DTXSID00786099 DTXSID50820432 DTXSID60236282 DTXSID40815736 DTXSID60715789 DTXSID60776815 DTXSID10317277 DTXSID60884823 DTXSID70711257 DTXSID40532355 DTXSID8051706 DTXSID60659735
DTXSID00507589	DTXSID80790210 DTXSID90778807 DTXSID80576238 DTXSID50539234 DTXSID30530426 DTXSID20406904 DTXSID10503390 DTXSID30508241 DTXSID50232172 DTXSID30781931 DTXSID70705999 DTXSID50846995 DTXSID80640241 DTXSID70450932 DTXSID10439569 DTXSID00501204 DTXSID80804386 DTXSID10467160 DTXSID80282928 DTXSID70212678
DTXSID00484725	DTXSID60562356 DTXSID20452729 DTXSID30346347 DTXSID40845472 DTXSID60187922 DTXSID90239443 DTXSID60590477 DTXSID00377486 DTXSID90749597 DTXSID20759801 DTXSID80348831 DTXSID90373735 DTXSID20599345 DTXSID50590188 DTXSID40530477 DTXSID60471338 DTXSID30663369 DTXSID40427651 DTXSID70349413 DTXSID30378325
DTXSID00659916	DTXSID40713445 DTXSID70588108 DTXSID30356906 DTXSID3071278 DTXSID60439377 DTXSID90518144 DTXSID30311237 DTXSID10656012 DTXSID30279363 DTXSID60588177 DTXSID20311786 DTXSID50586440 DTXSID60424546 DTXSID00657452 DTXSID90178202 DTXSID60785200 DTXSID40617772 DTXSID00304196 DTXSID20883357 DTXSID60173527
DTXSID20429436	DTXSID80693833 DTXSID80456102 DTXSID70715619 DTXSID50171214 DTXSID40418766 DTXSID00640283 DTXSID00625136 DTXSID20453352 DTXSID20322579 DTXSID20655394 DTXSID60519486 DTXSID10606431 DTXSID60514991 DTXSID90232353 DTXSID80408227 DTXSID30681826 DTXSID00768471 DTXSID1068853 DTXSID10579757 DTXSID80632282
DTXSID30672274	DTXSID40593845 DTXSID10661166 DTXSID10506922 DTXSID80378471 DTXSID80492207 DTXSID20431074 DTXSID90706165 DTXSID50372082 DTXSID20534998 DTXSID80896049 DTXSID00281054 DTXSID00769246 DTXSID20857311 DTXSID80589267 DTXSID10307991 DTXSID80291934 DTXSID40294108 DTXSID90574381 DTXSID10344169 DTXSID80615318
DTXSID70590307	DTXSID50761255 DTXSID80294248 DTXSID90408415 DTXSID00755947 DTXSID70602010 DTXSID60537100 DTXSID40829196 DTXSID80588154 DTXSID80657213 DTXSID40420561 DTXSID40296925 DTXSID60278708 DTXSID80822580 DTXSID10772064 DTXSID60145840 DTXSID50618790 DTXSID50623586 DTXSID00656980 DTXSID80598596 DTXSID20738797
DTXSID60312176	DTXSID40679875 DTXSID70218155 DTXSID00409352 DTXSID00446262 DTXSID60415636 DTXSID30583371 DTXSID40757804 DTXSID80463053 DTXSID90618219 DTXSID30854114 DTXSID50226213 DTXSID80810068 DTXSID10672434 DTXSID70602333 DTXSID50801589 DTXSID70471682 DTXSID40279910 DTXSID1044514 DTXSID70498152 DTXSID30583038
DTXSID90295367	DTXSID90195772 DTXSID20392196 DTXSID60193826 DTXSID00585105 DTXSID90371170 DTXSID00532750 DTXSID20296241 DTXSID70615746 DTXSID20651932 DTXSID20896184 DTXSID40387802 DTXSID90841565 DTXSID10708742 DTXSID40806821 DTXSID60646120 DTXSID70178265 DTXSID90373013 DTXSID30188123 DTXSID50351332 DTXSID50725615
DTXSID10619203	DTXSID00375361 DTXSID20345824 DTXSID90330949 DTXSID60575966 DTXSID00739348 DTXSID20573165 DTXSID60472608 DTXSID6061604 DTXSID90497142 DTXSID80169381 DTXSID20355044 DTXSID30408732 DTXSID50625161 DTXSID50591554 DTXSID80314112 DTXSID10399351 DTXSID50557377 DTXSID40562536 DTXSID10653849 DTXSID30444372
DTXSID30685400	DTXSID50809005 DTXSID80514776 DTXSID30283405 DTXSID00534971 DTXSID10494693 DTXSID60552611 DTXSID90308284 DTXSID30668910 DTXSID70398168 DTXSID70372524 DTXSID80312456 DTXSID60670046 DTXSID20545261 DTXSID10761256 DTXSID80835635 DTXSID30653462 DTXSID50314442 DTXSID80665419 DTXSID10855821 DTXSID30399353
DTXSID40297775	DTXSID20295517 DTXSID60295354 DTXSID80358672 DTXSID90734029 DTXSID80620381 DTXSID2047016 DTXSID00462684 DTXSID20377125 DTXSID60470523 DTXSID20212022 DTXSID70349519 DTXSID90547797 DTXSID70628018 DTXSID50305239 DTXSID00631737 DTXSID70165236 DTXSID60473115 DTXSID20646803 DTXSID60635458 DTXSID70724089
DTXSID60372553	DTXSID80604328 DTXSID10642192 DTXSID30363079 DTXSID40482427 DTXSID30854210 DTXSID90707556 DTXSID00557044 DTXSID60665472 DTXSID90379934 DTXSID00623359 DTXSID10357037 DTXSID90578703 DTXSID40453450 DTXSID90721373 DTXSID20629590 DTXSID60227615 DTXSID60501962 DTXSID40722214 DTXSID00327365 DTXSID40372051
DTXSID10339095	DTXSID80853814 DTXSID30393871 DTXSID60515882 DTXSID10784248 DTXSID5070602 DTXSID90599953 DTXSID10771451 DTXSID40887796 DTXSID20346750 DTXSID90755850 DTXSID20295330 DTXSID70822857 DTXSID20889036 DTXSID40341646 DTXSID90887963 DTXSID00432064 DTXSID30146203 DTXSID40336794 DTXSID50804111 DTXSID50796865
DTXSID10831741	DTXSID80769229 DTXSID70793053 DTXSID60341123 DTXSID50716826 DTXSID60786631 DTXSID30574401 DTXSID30588563 DTXSID80642422 DTXSID70702281 DTXSID10613125 DTXSID60209613 DTXSID40432846 DTXSID90175897 DTXSID90557134 DTXSID30481989 DTXSID40491817 DTXSID50552842 DTXSID60228324 DTXSID90306821 DTXSID50551618
DTXSID00651930	DTXSID80743286 DTXSID20569260 DTXSID60432868 DTXSID30402356 DTXSID00464688 DTXSID80392859 DTXSID40511105 DTXSID90191875 DTXSID70503573 DTXSID50428912 DTXSID60175329 DTXSID80635894 DTXSID20801152 DTXSID70797415 DTXSID50579352 DTXSID40504178 DTXSID70574046 DTXSID00357142 DTXSID20640220 DTXSID70291822
DTXSID90529396	DTXSID00719266 DTXSID90295286 DTXSID80451819 DTXSID80499756 DTXSID10144383 DTXSID60533122 DTXSID40802984 DTXSID10829527 DTXSID40146198 DTXSID9057680 DTXSID40540738 DTXSID80554157 DTXSID50215283 DTXSID70443026 DTXSID10588026 DTXSID20834965 DTXSID30354361 DTXSID80177047 DTXSID40361622 DTXSID40398958
DTXSID90750981	DTXSID90500261 DTXSID10822073 DTXSID90413625 DTXSID00756111 DTXSID30787630 DTXSID20878369 DTXSID80816742 DTXSID00847114 DTXSID30218212 DTXSID60566011 DTXSID50675348 DTXSID40813393 DTXSID80633759 DTXSID20613499 DTXSID10280770 DTXSID60536552 DTXSID70822711 DTXSID40816728 DTXSID90638174 DTXSID70536543
DTXSID40459098	DTXSID60337061 DTXSID50520026 DTXSID90388046 DTXSID10439589 DTXSID50600953 DTXSID60671492 DTXSID90734347 DTXSID50281206 DTXSID70511451 DTXSID20482041 DTXSID60343788 DTXSID90642514 DTXSID20183980 DTXSID1068229 DTXSID70664895 DTXSID80782413 DTXSID90451623 DTXSID70876537 DTXSID30782327 DTXSID50321555
DTXSID80519504	DTXSID90527650 DTXSID90366985 DTXSID30165636 DTXSID30496230 DTXSID8036653 DTXSID40490688 DTXSID70562589 DTXSID00774294 DTXSID50640374 DTXSID40276348 DTXSID50656218 DTXSID90306129 DTXSID80834981 DTXSID20449336 DTXSID90730243 DTXSID30818579 DTXSID50404554 DTXSID80402341 DTXSID40190474 DTXSID00390958
DTXSID80657910	DTXSID80764310 DTXSID10244236 DTXSID80803096 DTXSID90339119 DTXSID20803095 DTXSID20173745 DTXSID80853470 DTXSID70373192 DTXSID10720146 DTXSID70570841 DTXSID50828832 DTXSID00301524 DTXSID40286902 DTXSID40759080 DTXSID40763107 DTXSID30831682 DTXSID2050035 DTXSID90706463 DTXSID10718149 DTXSID00804166
DTXSID40332150	DTXSID30443108 DTXSID50345559 DTXSID80441533 DTXSID20793508 DTXSID60700918 DTXSID40156419 DTXSID20544931 DTXSID40765540 DTXSID40749587 DTXSID90458399 DTXSID20856788 DTXSID5052387 DTXSID60806661 DTXSID10700029 DTXSID10852996 DTXSID40382812 DTXSID10594324 DTXSID0052388 DTXSID60640047 DTXSID50485202
DTXSID60281555	DTXSID90799638 DTXSID70495863 DTXSID00539461 DTXSID80629490 DTXSID60459959 DTXSID20390950 DTXSID40673595 DTXSID30788642 DTXSID60369660 DTXSID60640062 DTXSID80318034 DTXSID10796583 DTXSID20293093 DTXSID30649502 DTXSID20548313 DTXSID00182971 DTXSID60769580 DTXSID00609077 DTXSID50558329 DTXSID50355557
DTXSID50429722	DTXSID10557050 DTXSID60145820 DTXSID90300187 DTXSID60593347 DTXSID70653901 DTXSID70590584 DTXSID20522017 DTXSID50677448 DTXSID40699437 DTXSID00158752 DTXSID3063417 DTXSID90285046 DTXSID70680272 DTXSID00145980 DTXSID90672275 DTXSID40332695 DTXSID30284199 DTXSID60383760 DTXSID10371632 DTXSID10857249
DTXSID70659443	DTXSID10810733 DTXSID60729402 DTXSID30490970 DTXSID20364510 DTXSID30642230 DTXSID80350737 DTXSID30546800 DTXSID70787230 DTXSID40756736 DTXSID80463452 DTXSID30856476 DTXSID20604968 DTXSID40812861 DTXSID70663227 DTXSID40164599 DTXSID00452045 DTXSID20222787 DTXSID20578539 DTXSID40684601 DTXSID80178751
DTXSID30453025	DTXSID80646465 DTXSID80191703 DTXSID80729308 DTXSID20180252 DTXSID70711898 DTXSID90354120 DTXSID30628892 DTXSID70749176 DTXSID00461157 DTXSID70613904 DTXSID80627991 DTXSID70619188 DTXSID10482131 DTXSID40321322 DTXSID70857280 DTXSID20371406 DTXSID00651511 DTXSID80175922 DTXSID30178327 DTXSID20668222
DTXSID50439346	DTXSID70757074 DTXSID30782781 DTXSID50790641 DTXSID60789344 DTXSID10724149 DTXSID70322827 DTXSID90601904 DTXSID50757835 DTXSID60832940 DTXSID30281901 DTXSID50242978 DTXSID20469635 DTXSID80302756 DTXSID20802604 DTXSID20179000 DTXSID70785433 DTXSID30532369 DTXSID70768084 DTXSID00231493 DTXSID40315307
DTXSID30363392	DTXSID00843535 DTXSID30618738 DTXSID70646277 DTXSID60590174 DTXSID50727371 DTXSID60716675 DTXSID80696900 DTXSID20856708 DTXSID90676672 DTXSID60561703 DTXSID10677540 DTXSID70725576 DTXSID20372610 DTXSID70616435 DTXSID40672548 DTXSID30739831 DTXSID80499195 DTXSID50372744 DTXSID10422234 DTXSID60624024
DTXSID50613285	DTXSID10462918 DTXSID5052626 DTXSID1069952 DTXSID90346863 DTXSID60204461 DTXSID00192999 DTXSID30364541 DTXSID90409028 DTXSID00498387 DTXSID60772736 DTXSID00490346 DTXSID30531958 DTXSID00632204 DTXSID30543314 DTXSID00334377 DTXSID20626403 DTXSID80772011 DTXSID20541122 DTXSID40456507 DTXSID20422326
DTXSID40571168	DTXSID30404754 DTXSID10197915 DTXSID30672032 DTXSID30618253 DTXSID90647988 DTXSID10653687 DTXSID30350186 DTXSID90672275 DTXSID50709672 DTXSID50677448 DTXSID70745916 DTXSID40656126 DTXSID90300187 DTXSID1042281 DTXSID90831284 DTXSID60167603 DTXSID10651305 DTXSID80385004 DTXSID70590584 DTXSID50305239
DTXSID40622548	DTXSID40741081 DTXSID40645570 DTXSID70848471 DTXSID70657702 DTXSID50808356 DTXSID80557643 DTXSID50425981 DTXSID80196273 DTXSID80230045 DTXSID20656245 DTXSID70152843 DTXSID70456873 DTXSID90227249 DTXSID90668739 DTXSID20618065 DTXSID80234861 DTXSID00645617 DTXSID00570430 DTXSID90150922 DTXSID20364156
DTXSID40632869	DTXSID00530115 DTXSID40286745 DTXSID80345805 DTXSID70849943 DTXSID80493638 DTXSID70240254 DTXSID60441410 DTXSID90842471 DTXSID30339597 DTXSID20442807 DTXSID20642441 DTXSID90570323 DTXSID40211794 DTXSID50304964 DTXSID00744553 DTXSID50757613 DTXSID90668794 DTXSID00767909 DTXSID60787562 DTXSID70840859
DTXSID60147440	DTXSID80647316 DTXSID80199027 DTXSID00712717 DTXSID30310881 DTXSID50808376 DTXSID90525914 DTXSID50635109 DTXSID50340180 DTXSID90193935 DTXSID80652703 DTXSID90385338 DTXSID80681634 DTXSID90788966 DTXSID90657128 DTXSID40624587 DTXSID50798788 DTXSID20504696 DTXSID00307223 DTXSID4059253 DTXSID00295777
DTXSID20847232	DTXSID40577988 DTXSID80682262 DTXSID10847428 DTXSID80552653 DTXSID90626591 DTXSID70392924 DTXSID70736602 DTXSID20590413 DTXSID20756335 DTXSID20761262 DTXSID10712061 DTXSID30873623 DTXSID40693233 DTXSID80513800 DTXSID40581646 DTXSID70496658 DTXSID60435733 DTXSID20623710 DTXSID10846613 DTXSID20532696
DTXSID30668910	DTXSID10761256 DTXSID0024397 DTXSID80835635 DTXSID20213736 DTXSID10437121 DTXSID90787030 DTXSID40697812 DTXSID80199320 DTXSID30283405 DTXSID00534971 DTXSID40574457 DTXSID30653462 DTXSID30506823 DTXSID20336196 DTXSID60572394 DTXSID30399353 DTXSID30314602 DTXSID80514776 DTXSID00276940 DTXSID40435251
DTXSID80423814	DTXSID80169503 DTXSID00635194 DTXSID60834747 DTXSID60428125 DTXSID70405947 DTXSID70852235 DTXSID00694584 DTXSID20167826 DTXSID20342752 DTXSID10297585 DTXSID00560770 DTXSID80179102 DTXSID40472146 DTXSID60169208 DTXSID70682094 DTXSID40773322 DTXSID80615070 DTXSID60654826 DTXSID50505358 DTXSID60277670
DTXSID7044764	DTXSID80405872 DTXSID10829421 DTXSID90702268 DTXSID70760740 DTXSID70367112 DTXSID9025403 DTXSID30652637 DTXSID20848446 DTXSID20503528 DTXSID00651859 DTXSID20370858 DTXSID80345481 DTXSID00418545 DTXSID10655924 DTXSID40288729 DTXSID70223906 DTXSID40289458 DTXSID90720684 DTXSID60711589 DTXSID9073628
DTXSID20545827	DTXSID20680929 DTXSID70302644 DTXSID40165465 DTXSID80694683 DTXSID00725569 DTXSID90515835 DTXSID40344319 DTXSID30734407 DTXSID20301864 DTXSID40675519 DTXSID90332584 DTXSID90856710 DTXSID80726812 DTXSID80733763 DTXSID80598016 DTXSID40646289 DTXSID10238817 DTXSID60630226 DTXSID60492366 DTXSID50610734
DTXSID40560350	DTXSID00429050 DTXSID80879731 DTXSID20405275 DTXSID90611407 DTXSID80479391 DTXSID10444037 DTXSID70710927 DTXSID10749877 DTXSID30356764 DTXSID10356469 DTXSID80563507 DTXSID20519503 DTXSID60608324 DTXSID50534365 DTXSID20403610 DTXSID00502857 DTXSID20648620 DTXSID50285047 DTXSID10604336 DTXSID20394216
DTXSID50369997	DTXSID80556555 DTXSID70440979 DTXSID00349547 DTXSID50361299 DTXSID80351663 DTXSID10815440 DTXSID20318553 DTXSID50294013 DTXSID50597137 DTXSID00446065 DTXSID70554161 DTXSID50333673 DTXSID70176185 DTXSID10499709 DTXSID60459171 DTXSID00455874 DTXSID70172723 DTXSID00635871 DTXSID50875846 DTXSID40494863
DTXSID1041764	DTXSID80326235 DTXSID80468664 DTXSID6070435 DTXSID50352288 DTXSID90163234 DTXSID40650629 DTXSID20559469 DTXSID60327023 DTXSID10830875 DTXSID10354788 DTXSID60714878 DTXSID60443191 DTXSID90731356 DTXSID70318765 DTXSID20802265 DTXSID60897039 DTXSID10517078 DTXSID40393488 DTXSID00773323 DTXSID40737303
DTXSID80533624	DTXSID60196817 DTXSID70317677 DTXSID80799980 DTXSID40211577 DTXSID80554975 DTXSID40453516 DTXSID10314701 DTXSID50642050 DTXSID20344438 DTXSID40821998 DTXSID50876373 DTXSID00284505 DTXSID60790354 DTXSID10732143 DTXSID40238805 DTXSID90473481 DTXSID30718969 DTXSID10608990 DTXSID90585831 DTXSID70487026
DTXSID10511839	DTXSID80341685 DTXSID10710087 DTXSID10324880 DTXSID30342228 DTXSID00789267 DTXSID40647397 DTXSID60340757 DTXSID80341660 DTXSID40336794 DTXSID70346765 DTXSID40341661 DTXSID60826960 DTXSID30816732 DTXSID80414949 DTXSID30297769 DTXSID40341666 DTXSID90887963 DTXSID40341646 DTXSID20280781 DTXSID70816731
DTXSID00500111	DTXSID80626000 DTXSID90826195 DTXSID10512361 DTXSID70349498 DTXSID50867463 DTXSID90338627 DTXSID10492816 DTXSID60368274 DTXSID00425996 DTXSID50340887 DTXSID10801303 DTXSID80651337 DTXSID9070612 DTXSID90440375 DTXSID30818211 DTXSID80765483 DTXSID60511748 DTXSID20829639 DTXSID90323992 DTXSID50196164
DTXSID30234270	DTXSID10728622 DTXSID80302756 DTXSID00231493 DTXSID8034746 DTXSID90278357 DTXSID40611977 DTXSID60582711 DTXSID80737983 DTXSID50242978 DTXSID30893008 DTXSID00337085 DTXSID50790641 DTXSID00200462 DTXSID00885839 DTXSID60886165 DTXSID30281901 DTXSID40315307 DTXSID30782781 DTXSID80327409 DTXSID70316685
DTXSID70668075	DTXSID7023194 DTXSID70283222 DTXSID90205587 DTXSID10491980 DTXSID40357580 DTXSID00854560 DTXSID60803872 DTXSID90405585 DTXSID10494193 DTXSID40183785 DTXSID60320630 DTXSID80879397 DTXSID50681040 DTXSID70174964 DTXSID10169758 DTXSID20540610 DTXSID20307184 DTXSID30397672 DTXSID50896137 DTXSID7041625
DTXSID80599205	DTXSID60759845 DTXSID60195587 DTXSID00841233 DTXSID60880648 DTXSID30637126 DTXSID80820647 DTXSID60840328 DTXSID80526894 DTXSID50662258 DTXSID90714144 DTXSID40819355 DTXSID50712085 DTXSID70773512 DTXSID30808778 DTXSID20614320 DTXSID20547861 DTXSID40714614 DTXSID50825321 DTXSID00560311 DTXSID60552474
DTXSID50440356	DTXSID00406381 DTXSID00457217 DTXSID80472908 DTXSID50846172 DTXSID30374882 DTXSID90812856 DTXSID70891442 DTXSID80423172 DTXSID20631638 DTXSID00641295 DTXSID70296695 DTXSID20745421 DTXSID50590007 DTXSID10875943 DTXSID60631637 DTXSID00722331 DTXSID90799633 DTXSID60589644 DTXSID90699861 DTXSID00352374
DTXSID70632195	DTXSID10172580 DTXSID90571577 DTXSID40549185 DTXSID50622817 DTXSID20500057 DTXSID70721134 DTXSID30483483 DTXSID80457351 DTXSID70576984 DTXSID80505523 DTXSID40446483 DTXSID20597482 DTXSID40175741 DTXSID10181490 DTXSID50356468 DTXSID60365268 DTXSID60454661 DTXSID80593521 DTXSID60542759 DTXSID80528671
DTXSID60527804	DTXSID70548767 DTXSID20640624 DTXSID30848472 DTXSID60444729 DTXSID70660978 DTXSID40829772 DTXSID80744157 DTXSID90281785 DTXSID10700589 DTXSID40775765 DTXSID80293251 DTXSID90477242 DTXSID40654925 DTXSID70810077 DTXSID90680572 DTXSID10484650 DTXSID60757684 DTXSID00398893 DTXSID50805002 DTXSID50218754
DTXSID00240863	DTXSID20323662 DTXSID70790249 DTXSID20280680 DTXSID60838245 DTXSID70720440 DTXSID6024337 DTXSID90280672 DTXSID90280854 DTXSID40547121 DTXSID50851009 DTXSID20708556 DTXSID00494304 DTXSID70243806 DTXSID40809372 DTXSID40877591 DTXSID40186074 DTXSID50788008 DTXSID10310607 DTXSID60445433 DTXSID20880629
DTXSID2046836	DTXSID20702716 DTXSID20536750 DTXSID50601243 DTXSID70737937 DTXSID70545195 DTXSID20641272 DTXSID60192657 DTXSID80293251 DTXSID70331217 DTXSID80700137 DTXSID40829772 DTXSID10767591 DTXSID30848472 DTXSID90559057 DTXSID30444296 DTXSID80744157 DTXSID00427450 DTXSID10839444 DTXSID50716063 DTXSID70548767
DTXSID70466457	DTXSID20625698 DTXSID20474022 DTXSID40235753 DTXSID00377183 DTXSID90499429 DTXSID60604220 DTXSID40724556 DTXSID00836962 DTXSID40339083 DTXSID50677665 DTXSID60649136 DTXSID00523683 DTXSID70598444 DTXSID70516729 DTXSID70167255 DTXSID50307490 DTXSID80847713 DTXSID20174712 DTXSID50734909 DTXSID60482388
DTXSID00501860	DTXSID70803545 DTXSID70305695 DTXSID30744748 DTXSID50852157 DTXSID10818517 DTXSID60603536 DTXSID30542468 DTXSID80763949 DTXSID40818282 DTXSID70452719 DTXSID10355573 DTXSID90567430 DTXSID60634906 DTXSID60528699 DTXSID00850087 DTXSID60737648 DTXSID20477619 DTXSID60385461 DTXSID70438179 DTXSID60446768
DTXSID70562362	DTXSID80335786 DTXSID00470865 DTXSID40420900 DTXSID40455535 DTXSID40762115 DTXSID40208886 DTXSID90443846 DTXSID40243015 DTXSID90820815 DTXSID60844023 DTXSID60660361 DTXSID70799737 DTXSID20624146 DTXSID20847353 DTXSID30620179 DTXSID80300454 DTXSID50797539 DTXSID40187066 DTXSID50175070 DTXSID00552832
DTXSID30735378	DTXSID10754289 DTXSID10473549 DTXSID70756441 DTXSID60301085 DTXSID80748231 DTXSID50408597 DTXSID90489385 DTXSID50388229 DTXSID60661131 DTXSID90614236 DTXSID40291475 DTXSID40694669 DTXSID20307381 DTXSID00651975 DTXSID10364125 DTXSID70606538 DTXSID10406892 DTXSID30733677 DTXSID40359589 DTXSID00192772
DTXSID00178112	DTXSID70857447 DTXSID00614904 DTXSID90628893 DTXSID40358815 DTXSID10438850 DTXSID00606703 DTXSID40279773 DTXSID00811431 DTXSID40456163 DTXSID10361215 DTXSID00302495 DTXSID60454621 DTXSID80704312 DTXSID80438847 DTXSID70883463 DTXSID80215670 DTXSID90320648 DTXSID60618928 DTXSID80857236 DTXSID90439183
DTXSID30649502	DTXSID40404068 DTXSID80668581 DTXSID00182971 DTXSID50558329 DTXSID70283005 DTXSID10711857 DTXSID60769580 DTXSID40483116 DTXSID40856184 DTXSID00485176 DTXSID70495863 DTXSID70364525 DTXSID80238203 DTXSID90748989 DTXSID60281555 DTXSID50552847 DTXSID90799638 DTXSID50660774 DTXSID50191730 DTXSID70849983
DTXSID90700688	DTXSID20835912 DTXSID50727159 DTXSID00669338 DTXSID20618585 DTXSID40613335 DTXSID60508572 DTXSID10627005 DTXSID30811020 DTXSID20707948 DTXSID30418775 DTXSID50719099 DTXSID80348497 DTXSID10335214 DTXSID30465360 DTXSID40538872 DTXSID80452503 DTXSID60487459 DTXSID50302703 DTXSID80742835 DTXSID70179717
DTXSID50576301	DTXSID90437669 DTXSID80708456 DTXSID70775273 DTXSID00543068 DTXSID10711458 DTXSID20240441 DTXSID50775251 DTXSID30336546 DTXSID60769626 DTXSID80444544 DTXSID50753675 DTXSID70236576 DTXSID10712521 DTXSID90404977 DTXSID50858831 DTXSID50708483 DTXSID50823948 DTXSID20735842 DTXSID00331427 DTXSID30170922
DTXSID20840329	DTXSID40483015 DTXSID60463576 DTXSID90407807 DTXSID50234378 DTXSID60772473 DTXSID50752865 DTXSID80232084 DTXSID90711173 DTXSID10431745 DTXSID70720485 DTXSID70557152 DTXSID80793680 DTXSID50239186 DTXSID30786582 DTXSID70471960 DTXSID60715789 DTXSID90292492 DTXSID10388942 DTXSID50820432 DTXSID20288823
DTXSID40358239	DTXSID80552613 DTXSID60164793 DTXSID30574885 DTXSID60495337 DTXSID30879706 DTXSID70548989 DTXSID20307184 DTXSID70853323 DTXSID90444156 DTXSID80612887 DTXSID80712154 DTXSID00731302 DTXSID10441041 DTXSID20754836 DTXSID10321834 DTXSID10634274 DTXSID10342286 DTXSID80395860 DTXSID50760389 DTXSID60284925
DTXSID30153356	DTXSID70197592 DTXSID00218749 DTXSID00429272 DTXSID10879688 DTXSID00467412 DTXSID50368041 DTXSID90279182 DTXSID60771643 DTXSID90618678 DTXSID10622999 DTXSID40549529 DTXSID20622086 DTXSID20405593 DTXSID80451172 DTXSID40615596 DTXSID50601344 DTXSID10202078 DTXSID00598078 DTXSID30418917 DTXSID10289940
DTXSID60501705	DTXSID70629489 DTXSID20351228 DTXSID70357679 DTXSID30668051 DTXSID80354750 DTXSID00721127 DTXSID30600355 DTXSID60573200 DTXSID60300674 DTXSID70315976 DTXSID10380986 DTXSID50671709 DTXSID70190700 DTXSID50538580 DTXSID20817016 DTXSID50325992 DTXSID70572300 DTXSID40324171 DTXSID90175716 DTXSID30666870
DTXSID30287665	DTXSID80542059 DTXSID80843452 DTXSID70876815 DTXSID20310138 DTXSID50841228 DTXSID20226240 DTXSID10667562 DTXSID10403003 DTXSID00386558 DTXSID40530558 DTXSID20707605 DTXSID00563342 DTXSID00217873 DTXSID90324449 DTXSID00216604 DTXSID50700765 DTXSID60328237 DTXSID40774819 DTXSID40497511 DTXSID90602714
DTXSID90596508	DTXSID70471682 DTXSID20886101 DTXSID60621912 DTXSID70602333 DTXSID80810068 DTXSID60616843 DTXSID30583038 DTXSID20833716 DTXSID0058514 DTXSID30413629 DTXSID40328396 DTXSID90505372 DTXSID80337720 DTXSID10832697 DTXSID60415636 DTXSID60374335 DTXSID30583371 DTXSID60318532 DTXSID50619383 DTXSID70484651
DTXSID60233812	DTXSID10361513 DTXSID50452131 DTXSID80292683 DTXSID40404280 DTXSID20216666 DTXSID50776829 DTXSID40507644 DTXSID60542335 DTXSID10528381 DTXSID10626018 DTXSID20642128 DTXSID40430160 DTXSID30173276 DTXSID60765587 DTXSID30708643 DTXSID70494230 DTXSID80224782 DTXSID40311142 DTXSID10506361 DTXSID10609765
DTXSID00896344	DTXSID20656927 DTXSID40717029 DTXSID10680579 DTXSID80176712 DTXSID10568964 DTXSID10534740 DTXSID60733680 DTXSID70428494 DTXSID80146455 DTXSID60280841 DTXSID60640704 DTXSID90702203 DTXSID90533993 DTXSID70529677 DTXSID00168679 DTXSID30857589 DTXSID40655477 DTXSID20789128 DTXSID70214298 DTXSID30593950
DTXSID90276212	DTXSID20788974 DTXSID20815911 DTXSID90611083 DTXSID80338510 DTXSID20171206 DTXSID60378075 DTXSID1069453 DTXSID1066104 DTXSID90707096 DTXSID70388024 DTXSID10359354 DTXSID80595247 DTXSID50280395 DTXSID00438283 DTXSID20796933 DTXSID60835597 DTXSID20682347 DTXSID60327649 DTXSID70382865 DTXSID60649297
DTXSID70886515	DTXSID20875813 DTXSID3072242 DTXSID50601283 DTXSID50334625 DTXSID40839114 DTXSID30427322 DTXSID30897546 DTXSID40376130 DTXSID10896395 DTXSID00851251 DTXSID80785585 DTXSID70615549 DTXSID60896042 DTXSID70607767 DTXSID30348402 DTXSID60320519 DTXSID00430101 DTXSID30564701 DTXSID70322903 DTXSID30192987
DTXSID80679718	DTXSID00356670 DTXSID60588576 DTXSID70276593 DTXSID80634847 DTXSID20415915 DTXSID10716180 DTXSID60697394 DTXSID10393657 DTXSID20605314 DTXSID70735690 DTXSID40549529 DTXSID30418917 DTXSID20368194 DTXSID70299444 DTXSID90618678 DTXSID00277376 DTXSID50697429 DTXSID9068904 DTXSID00200205 DTXSID10622999
DTXSID90492910	DTXSID20351581 DTXSID40701589 DTXSID60754572 DTXSID90796667 DTXSID50286514 DTXSID0075106 DTXSID60738998 DTXSID80532359 DTXSID10776421 DTXSID30285782 DTXSID40734817 DTXSID60752593 DTXSID30471305 DTXSID70641227 DTXSID00781766 DTXSID60460489 DTXSID10307355 DTXSID1023447 DTXSID10594844 DTXSID00708135
DTXSID40578238	DTXSID20582959 DTXSID50345019 DTXSID40855132 DTXSID90640974 DTXSID60505389 DTXSID10221865 DTXSID40397623 DTXSID40722618 DTXSID3058955 DTXSID00707608 DTXSID00621330 DTXSID40576875 DTXSID50382722 DTXSID60375120 DTXSID20791342 DTXSID70478419 DTXSID90426058 DTXSID50473745 DTXSID10640512 DTXSID50441368
DTXSID90707415	DTXSID20627495 DTXSID90759515 DTXSID50562800 DTXSID10443666 DTXSID50343292 DTXSID10214196 DTXSID4047541 DTXSID50425022 DTXSID60447573 DTXSID90339295 DTXSID00202365 DTXSID00652780 DTXSID90291501 DTXSID70849923 DTXSID00743021 DTXSID70836550 DTXSID00171840 DTXSID60175329 DTXSID00445639 DTXSID40143485
DTXSID20730473	DTXSID80469499 DTXSID40181180 DTXSID50323438 DTXSID00731524 DTXSID90577877 DTXSID00341006 DTXSID10172404 DTXSID60312631 DTXSID20501347 DTXSID60655595 DTXSID90655745 DTXSID90152885 DTXSID50383239 DTXSID20526212 DTXSID50757350 DTXSID10707634 DTXSID9068378 DTXSID20633798 DTXSID30614275 DTXSID90594948
DTXSID20465410	DTXSID00321565 DTXSID10616959 DTXSID90591795 DTXSID5073666 DTXSID30879120 DTXSID40492662 DTXSID20435693 DTXSID80294445 DTXSID10523215 DTXSID70192522 DTXSID80645312 DTXSID60620389 DTXSID60377023 DTXSID60307108 DTXSID00377461 DTXSID30830751 DTXSID00695157 DTXSID00506916 DTXSID10168882 DTXSID50473568
DTXSID50323675	DTXSID50630270 DTXSID80699496 DTXSID90633644 DTXSID50535817 DTXSID30440677 DTXSID90373674 DTXSID10724003 DTXSID60655318 DTXSID90348983 DTXSID40732550 DTXSID00513862 DTXSID30787675 DTXSID80801219 DTXSID80183441 DTXSID10735558 DTXSID80402306 DTXSID40504113 DTXSID30557810 DTXSID70738949 DTXSID60356272
DTXSID80296964	DTXSID00731322 DTXSID90706185 DTXSID90675064 DTXSID60432929 DTXSID30675048 DTXSID00681696 DTXSID80288283 DTXSID80825970 DTXSID30842718 DTXSID20445797 DTXSID20726376 DTXSID40346691 DTXSID10629923 DTXSID40724470 DTXSID3066267 DTXSID40656404 DTXSID10654715 DTXSID40612666 DTXSID70648998 DTXSID10298456
DTXSID30447181	DTXSID90497925 DTXSID80791444 DTXSID80775204 DTXSID90767918 DTXSID60174953 DTXSID80398735 DTXSID10521453 DTXSID70832254 DTXSID70540044 DTXSID50296032 DTXSID10405885 DTXSID00406003 DTXSID00827012 DTXSID90545091 DTXSID50177630 DTXSID30508463 DTXSID80289376 DTXSID60287734 DTXSID50297620 DTXSID4074271
DTXSID00566070	DTXSID60763987 DTXSID20846467 DTXSID50667344 DTXSID80588038 DTXSID40809650 DTXSID90739897 DTXSID70538885 DTXSID80879473 DTXSID70891588 DTXSID80470843 DTXSID60490347 DTXSID40713743 DTXSID70789794 DTXSID10211569 DTXSID90896171 DTXSID20488649 DTXSID20393249 DTXSID80232569 DTXSID20279130 DTXSID50628091
DTXSID00391541	DTXSID20431170 DTXSID10838811 DTXSID00763380 DTXSID80169801 DTXSID20341866 DTXSID10500324 DTXSID60184971 DTXSID90487604 DTXSID90755951 DTXSID70460152 DTXSID50457944 DTXSID40492324 DTXSID90784241 DTXSID10456251 DTXSID50340226 DTXSID40200784 DTXSID30446093 DTXSID40330590 DTXSID10404676 DTXSID70569078
DTXSID80530991	DTXSID60768518 DTXSID60570299 DTXSID10335956 DTXSID70801288 DTXSID00726213 DTXSID80567565 DTXSID50660638 DTXSID80548536 DTXSID30385655 DTXSID10698513 DTXSID30651120 DTXSID70360269 DTXSID10447669 DTXSID10842978 DTXSID90407180 DTXSID40386395 DTXSID80347102 DTXSID30798923 DTXSID40624744 DTXSID90213687
DTXSID50421261	DTXSID8032675 DTXSID70656250 DTXSID90649664 DTXSID10794382 DTXSID40474524 DTXSID1058004 DTXSID10630771 DTXSID60396471 DTXSID9048194 DTXSID20742031 DTXSID70382744 DTXSID80492621 DTXSID40357808 DTXSID70424719 DTXSID60829451 DTXSID80540772 DTXSID30848593 DTXSID30318428 DTXSID90201286 DTXSID50625101
DTXSID50595274	DTXSID90510688 DTXSID40287813 DTXSID60813572 DTXSID30160883 DTXSID50594348 DTXSID20681875 DTXSID60502116 DTXSID90657446 DTXSID80295957 DTXSID90154602 DTXSID30321477 DTXSID90342643 DTXSID20427937 DTXSID50876015 DTXSID30445344 DTXSID90884376 DTXSID00441090 DTXSID00493150 DTXSID20879154 DTXSID00645374
DTXSID70642214	DTXSID80534075 DTXSID10468758 DTXSID30790189 DTXSID40741864 DTXSID50488016 DTXSID40694422 DTXSID00656142 DTXSID20747682 DTXSID20768771 DTXSID30400877 DTXSID00509528 DTXSID90873624 DTXSID70359355 DTXSID3070040 DTXSID20390738 DTXSID50802031 DTXSID30546042 DTXSID90519676 DTXSID70496658 DTXSID60184956
DTXSID30482714	DTXSID30400852 DTXSID50290232 DTXSID30616294 DTXSID10291689 DTXSID50549550 DTXSID10610614 DTXSID60703924 DTXSID40309645 DTXSID90808375 DTXSID80199264 DTXSID20831939 DTXSID50518761 DTXSID90354903 DTXSID10349912 DTXSID40352752 DTXSID30322782 DTXSID60464760 DTXSID20516850 DTXSID70365476 DTXSID50228333
DTXSID90783517	DTXSID70336909 DTXSID20722459 DTXSID40556793 DTXSID40163623 DTXSID10288877 DTXSID90322162 DTXSID10225444 DTXSID70747839 DTXSID40751463 DTXSID30584969 DTXSID60747202 DTXSID80675912 DTXSID90217423 DTXSID00234328 DTXSID3061683 DTXSID60638580 DTXSID70284875 DTXSID00307723 DTXSID40176910 DTXSID00421579
DTXSID00275099	DTXSID60749342 DTXSID10605045 DTXSID10587852 DTXSID10767637 DTXSID90674855 DTXSID80633759 DTXSID90816733 DTXSID80885913 DTXSID20630964 DTXSID20604387 DTXSID10400032 DTXSID30326104 DTXSID50675348 DTXSID70822711 DTXSID40675236 DTXSID30218212 DTXSID50170787 DTXSID30851466 DTXSID80816742 DTXSID10880678
DTXSID40390038	DTXSID70493445 DTXSID7067401 DTXSID50165719 DTXSID30711637 DTXSID20832421 DTXSID80528696 DTXSID90313550 DTXSID70751774 DTXSID90543810 DTXSID00639591 DTXSID30342248 DTXSID60776895 DTXSID10393859 DTXSID40191628 DTXSID70764920 DTXSID00333421 DTXSID40503843 DTXSID00236589 DTXSID80673756 DTXSID40226601
DTXSID70597831	DTXSID60670046 DTXSID10483789 DTXSID10855821 DTXSID30218136 DTXSID20545261 DTXSID80665419 DTXSID90308284 DTXSID70372524 DTXSID70486135 DTXSID60552611 DTXSID70516784 DTXSID80312456 DTXSID90564686 DTXSID50651021 DTXSID80489637 DTXSID60204269 DTXSID40764472 DTXSID70398168 DTXSID50681000 DTXSID50323554
DTXSID10182503	DTXSID50307490 DTXSID00836962 DTXSID40235753 DTXSID60649136 DTXSID70598444 DTXSID00377183 DTXSID00531485 DTXSID50677665 DTXSID20552238 DTXSID70516729 DTXSID10604513 DTXSID50210814 DTXSID70466457 DTXSID70668499 DTXSID40183664 DTXSID60229255 DTXSID10765572 DTXSID40641173 DTXSID90167257 DTXSID30573292
DTXSID50333673	DTXSID60459171 DTXSID70554161 DTXSID80556555 DTXSID00446065 DTXSID50361299 DTXSID10815440 DTXSID20318553 DTXSID70440979 DTXSID60763189 DTXSID50369997 DTXSID50211245 DTXSID10499709 DTXSID00326459 DTXSID90670418 DTXSID80404820 DTXSID70646373 DTXSID80351663 DTXSID8029072 DTXSID80679990 DTXSID60642107
DTXSID60654826	DTXSID60169208 DTXSID50179492 DTXSID70709538 DTXSID30572765 DTXSID80169503 DTXSID5072486 DTXSID00560770 DTXSID20448329 DTXSID40472146 DTXSID10501058 DTXSID70438497 DTXSID80179102 DTXSID60834747 DTXSID70405947 DTXSID90749330 DTXSID80423814 DTXSID40455419 DTXSID60277670 DTXSID50632214 DTXSID20733065
DTXSID20361488	DTXSID80733804 DTXSID10454010 DTXSID20192491 DTXSID10278874 DTXSID30855949 DTXSID00720635 DTXSID60296149 DTXSID10672237 DTXSID90333915 DTXSID00625858 DTXSID80686346 DTXSID30218010 DTXSID30187171 DTXSID10340242 DTXSID30543016 DTXSID60641014 DTXSID30490596 DTXSID80170356 DTXSID20437475 DTXSID10287587
DTXSID50147792	DTXSID00557064 DTXSID80222344 DTXSID40652300 DTXSID80778154 DTXSID70599113 DTXSID00326515 DTXSID60160179 DTXSID70812718 DTXSID00748632 DTXSID80392899 DTXSID80736431 DTXSID20279130 DTXSID20488649 DTXSID90301679 DTXSID30896094 DTXSID10628037 DTXSID40698521 DTXSID60842948 DTXSID10762622 DTXSID10423387
DTXSID70651068	DTXSID10343637 DTXSID50274133 DTXSID3068592 DTXSID90605508 DTXSID00376691 DTXSID60467599 DTXSID70507899 DTXSID30772364 DTXSID20324518 DTXSID50695420 DTXSID50567355 DTXSID60175162 DTXSID90375138 DTXSID80685814 DTXSID10483325 DTXSID20857154 DTXSID40652067 DTXSID40415917 DTXSID40832084 DTXSID70452133
DTXSID60612825	DTXSID60184956 DTXSID10729917 DTXSID50488016 DTXSID50280395 DTXSID60873611 DTXSID30388585 DTXSID70388024 DTXSID20297238 DTXSID20532696 DTXSID20823753 DTXSID20171206 DTXSID70382865 DTXSID50768183 DTXSID80497510 DTXSID70153153 DTXSID20374336 DTXSID20747682 DTXSID20390738 DTXSID30284694 DTXSID70496658
DTXSID60209613	DTXSID50552842 DTXSID70398688 DTXSID90702066 DTXSID30805681 DTXSID00198572 DTXSID30588563 DTXSID80769229 DTXSID50716826 DTXSID30727894 DTXSID80350570 DTXSID70793053 DTXSID40491817 DTXSID60541126 DTXSID50818738 DTXSID20699051 DTXSID10831741 DTXSID80811237 DTXSID40208442 DTXSID90829782 DTXSID70703874
DTXSID30398346	DTXSID50658550 DTXSID10211044 DTXSID20750954 DTXSID60295137 DTXSID30336223 DTXSID50709955 DTXSID60783822 DTXSID50761336 DTXSID20530950 DTXSID30370420 DTXSID50378827 DTXSID30798185 DTXSID00504311 DTXSID00809530 DTXSID90806856 DTXSID00828564 DTXSID3052355 DTXSID80241994 DTXSID00752693 DTXSID40662505
DTXSID10657448	DTXSID50806832 DTXSID60455133 DTXSID10756167 DTXSID20352937 DTXSID90508585 DTXSID10458452 DTXSID90772845 DTXSID20656902 DTXSID00366532 DTXSID50277765 DTXSID20368533 DTXSID90672497 DTXSID80726635 DTXSID30181270 DTXSID60760855 DTXSID10193937 DTXSID1020724 DTXSID80630460 DTXSID70365214 DTXSID30725613
DTXSID50543331	DTXSID90770189 DTXSID50232172 DTXSID50344249 DTXSID00501204 DTXSID80282928 DTXSID80816166 DTXSID20231798 DTXSID10809122 DTXSID30490839 DTXSID20406904 DTXSID90778807 DTXSID80790210 DTXSID00507589 DTXSID10467160 DTXSID50539234 DTXSID90842799 DTXSID70705999 DTXSID10503390 DTXSID30530426 DTXSID50846995
DTXSID50507099	DTXSID10530126 DTXSID70177915 DTXSID70879422 DTXSID10206172 DTXSID20455750 DTXSID20599643 DTXSID80613339 DTXSID20513824 DTXSID00531006 DTXSID50287864 DTXSID20408963 DTXSID20716575 DTXSID10845828 DTXSID40721469 DTXSID60437131 DTXSID90462032 DTXSID30573292 DTXSID00531485 DTXSID60493474 DTXSID40183664
DTXSID30556343	DTXSID60842544 DTXSID20403231 DTXSID60211832 DTXSID50812918 DTXSID20485153 DTXSID10170304 DTXSID50335233 DTXSID80788253 DTXSID20640866 DTXSID00278323 DTXSID20445999 DTXSID70734123 DTXSID30479922 DTXSID50370902 DTXSID00541362 DTXSID70589837 DTXSID60640800 DTXSID00705785 DTXSID30627507 DTXSID40697155
DTXSID70708324	DTXSID10733074 DTXSID20656366 DTXSID00725605 DTXSID80299970 DTXSID10519254 DTXSID70611081 DTXSID60813077 DTXSID80640201 DTXSID60536719 DTXSID30511452 DTXSID40446064 DTXSID70647688 DTXSID70408650 DTXSID10452955 DTXSID60800068 DTXSID20477912 DTXSID90848559 DTXSID20645871 DTXSID60550096 DTXSID00453451
DTXSID90739897	DTXSID80470843 DTXSID80588038 DTXSID20846467 DTXSID40713743 DTXSID50667344 DTXSID20393249 DTXSID50628091 DTXSID40809650 DTXSID70538885 DTXSID70373576 DTXSID60734490 DTXSID90551056 DTXSID60763987 DTXSID10517912 DTXSID10148321 DTXSID50361411 DTXSID30717210 DTXSID00566070 DTXSID70891588 DTXSID30422675
DTXSID90819188	DTXSID30674854 DTXSID00732511 DTXSID80159287 DTXSID80434203 DTXSID30308349 DTXSID80756533 DTXSID90675226 DTXSID70809300 DTXSID30839224 DTXSID90656414 DTXSID60816588 DTXSID80206381 DTXSID70459480 DTXSID10301010 DTXSID00816845 DTXSID00796355 DTXSID90464773 DTXSID50527358 DTXSID60448429 DTXSID30656776
DTXSID50505358	DTXSID10778389 DTXSID20212729 DTXSID50313056 DTXSID10297585 DTXSID60174711 DTXSID20167826 DTXSID90556965 DTXSID20342752 DTXSID40392951 DTXSID30332861 DTXSID80423814 DTXSID70852235 DTXSID00635194 DTXSID00694584 DTXSID60834747 DTXSID3061920 DTXSID80615070 DTXSID4065604 DTXSID30805747 DTXSID80179102
DTXSID90209803	DTXSID90790605 DTXSID40738597 DTXSID80735383 DTXSID30149274 DTXSID90213187 DTXSID20732412 DTXSID60790258 DTXSID90330909 DTXSID60558138 DTXSID40745100 DTXSID80713888 DTXSID00606642 DTXSID40310256 DTXSID10532468 DTXSID80323385 DTXSID00604441 DTXSID00533141 DTXSID50148269 DTXSID30777990 DTXSID30481989
DTXSID90433782	DTXSID60625556 DTXSID30346509 DTXSID50545613 DTXSID00551027 DTXSID50851665 DTXSID10467660 DTXSID10198806 DTXSID90464854 DTXSID00405738 DTXSID30525231 DTXSID40797200 DTXSID10627489 DTXSID10510948 DTXSID50568908 DTXSID4062519 DTXSID80450948 DTXSID40791748 DTXSID20495494 DTXSID30524340 DTXSID10633424
DTXSID90653105	DTXSID80407179 DTXSID00219099 DTXSID50313612 DTXSID50179351 DTXSID30510223 DTXSID90604177 DTXSID00791224 DTXSID50704142 DTXSID30822737 DTXSID80671813 DTXSID70720187 DTXSID60177267 DTXSID80598798 DTXSID70626953 DTXSID20365502 DTXSID50682193 DTXSID70201941 DTXSID90604692 DTXSID20501903 DTXSID80212043
DTXSID60154331	DTXSID70560666 DTXSID20548313 DTXSID80299394 DTXSID40673595 DTXSID60369660 DTXSID20293093 DTXSID10708424 DTXSID80629490 DTXSID30606317 DTXSID90156141 DTXSID10728889 DTXSID70666899 DTXSID90805021 DTXSID80381026 DTXSID3041297 DTXSID30788642 DTXSID10441586 DTXSID80879493 DTXSID80318034 DTXSID10865142
DTXSID90479640	DTXSID10371692 DTXSID20144394 DTXSID40147746 DTXSID20595206 DTXSID30756543 DTXSID40804983 DTXSID10547299 DTXSID50804050 DTXSID50664858 DTXSID30553130 DTXSID40657274 DTXSID50433142 DTXSID00650544 DTXSID80598596 DTXSID00661216 DTXSID30468098 DTXSID70528064 DTXSID50313596 DTXSID40876847 DTXSID50217121
DTXSID80666542	DTXSID90362083 DTXSID70705772 DTXSID90548921 DTXSID50368506 DTXSID40406567 DTXSID40187829 DTXSID00429853 DTXSID90284776 DTXSID70353797 DTXSID20310830 DTXSID10366846 DTXSID00855931 DTXSID90234635 DTXSID30505255 DTXSID90646759 DTXSID40244168 DTXSID80822181 DTXSID50452131 DTXSID20168772 DTXSID00824708
DTXSID5068158	DTXSID10211680 DTXSID00876742 DTXSID70353237 DTXSID40845735 DTXSID60425199 DTXSID10307496 DTXSID00363884 DTXSID10733776 DTXSID70341018 DTXSID30385110 DTXSID00541362 DTXSID30640913 DTXSID70589837 DTXSID60473099 DTXSID70739012 DTXSID90456951 DTXSID00587664 DTXSID00302733 DTXSID50553950 DTXSID30718065
DTXSID90773276	DTXSID90444555 DTXSID90638174 DTXSID10280770 DTXSID30787630 DTXSID40813393 DTXSID40771787 DTXSID20878369 DTXSID60850189 DTXSID10797611 DTXSID10769772 DTXSID80873118 DTXSID70842010 DTXSID00787066 DTXSID90500261 DTXSID30316929 DTXSID80526096 DTXSID00847114 DTXSID60536552 DTXSID90750981 DTXSID80763020
DTXSID00708473	DTXSID90739938 DTXSID80792436 DTXSID60757588 DTXSID30849888 DTXSID50381977 DTXSID10856277 DTXSID60675475 DTXSID20423499 DTXSID20591980 DTXSID80795366 DTXSID10755897 DTXSID20547043 DTXSID30621282 DTXSID50328600 DTXSID60786151 DTXSID20509929 DTXSID50421524 DTXSID00389746 DTXSID60836468 DTXSID40786316
DTXSID00667490	DTXSID40720078 DTXSID50282854 DTXSID80611310 DTXSID30874251 DTXSID20566476 DTXSID10515256 DTXSID50650796 DTXSID1052664 DTXSID80480689 DTXSID50296032 DTXSID70528403 DTXSID50454695 DTXSID60375120 DTXSID9058941 DTXSID30634231 DTXSID60287734 DTXSID40625731 DTXSID20791342 DTXSID90805965 DTXSID40397623
DTXSID50345716	DTXSID70754826 DTXSID70452633 DTXSID70733717 DTXSID70196484 DTXSID30331379 DTXSID60621654 DTXSID00398893 DTXSID90649245 DTXSID70191611 DTXSID50149857 DTXSID00427450 DTXSID80649850 DTXSID10525991 DTXSID50589815 DTXSID30241787 DTXSID90420798 DTXSID50709091 DTXSID40775765 DTXSID70660978 DTXSID50810676
DTXSID60665472	DTXSID90379934 DTXSID90707556 DTXSID90578703 DTXSID00557044 DTXSID60372553 DTXSID60184870 DTXSID10642192 DTXSID20222787 DTXSID40372051 DTXSID40482427 DTXSID30363079 DTXSID90721373 DTXSID80463452 DTXSID50456533 DTXSID30854210 DTXSID90454937 DTXSID80350737 DTXSID10357037 DTXSID80604328 DTXSID00623359
DTXSID60798678	DTXSID40243015 DTXSID40208886 DTXSID50797539 DTXSID60844023 DTXSID40455535 DTXSID8061212 DTXSID80658548 DTXSID40420900 DTXSID20172399 DTXSID40157103 DTXSID00470865 DTXSID10177015 DTXSID90443846 DTXSID10279164 DTXSID40762115 DTXSID60815738 DTXSID80335786 DTXSID70562362 DTXSID80884461 DTXSID20469635
DTXSID00430803	DTXSID40605891 DTXSID20657131 DTXSID00672261 DTXSID60404409 DTXSID30646278 DTXSID80729005 DTXSID20514699 DTXSID40292366 DTXSID90879303 DTXSID80703926 DTXSID30621202 DTXSID70142845 DTXSID00464143 DTXSID80614503 DTXSID10777190 DTXSID20634806 DTXSID90381971 DTXSID50739292 DTXSID40622947 DTXSID40348731
DTXSID30624051	DTXSID00768097 DTXSID00323105 DTXSID40287797 DTXSID1065899 DTXSID00567820 DTXSID10342625 DTXSID00464704 DTXSID80642068 DTXSID20857598 DTXSID80380034 DTXSID70708046 DTXSID40666346 DTXSID80199264 DTXSID90354903 DTXSID00453198 DTXSID40784357 DTXSID10365975 DTXSID00531041 DTXSID00571927 DTXSID60728172
DTXSID20875813	DTXSID70886515 DTXSID40839114 DTXSID50601283 DTXSID30897546 DTXSID10896395 DTXSID3072242 DTXSID00851251 DTXSID40376130 DTXSID60896042 DTXSID50334625 DTXSID00430101 DTXSID30427322 DTXSID60320519 DTXSID70615549 DTXSID80785585 DTXSID30564701 DTXSID40752516 DTXSID30348402 DTXSID70607767 DTXSID90312927
DTXSID70178265	DTXSID90284579 DTXSID60193826 DTXSID30188123 DTXSID40727163 DTXSID30557991 DTXSID80698888 DTXSID90373013 DTXSID90371170 DTXSID50351332 DTXSID40806821 DTXSID50725615 DTXSID00585105 DTXSID90841565 DTXSID30202090 DTXSID70342328 DTXSID90295367 DTXSID60646120 DTXSID90195772 DTXSID10708742 DTXSID90763672
DTXSID00237177	DTXSID10708949 DTXSID90283648 DTXSID30435624 DTXSID90440052 DTXSID10647703 DTXSID60381185 DTXSID80310179 DTXSID60651097 DTXSID20602343 DTXSID70876072 DTXSID90819865 DTXSID30369516 DTXSID20600723 DTXSID50290813 DTXSID50632411 DTXSID60206102 DTXSID70288813 DTXSID40171566 DTXSID60425730 DTXSID50491545
DTXSID80827797	DTXSID00712999 DTXSID90293828 DTXSID00850007 DTXSID20346871 DTXSID60409252 DTXSID20579662 DTXSID30148065 DTXSID50467164 DTXSID80459037 DTXSID20754952 DTXSID80841231 DTXSID50734888 DTXSID40624744 DTXSID00773606 DTXSID70484378 DTXSID70578802 DTXSID90407180 DTXSID90528945 DTXSID60406004 DTXSID30441386
DTXSID50847765	DTXSID60586219 DTXSID50457540 DTXSID80876684 DTXSID90667540 DTXSID30640913 DTXSID10345757 DTXSID00553187 DTXSID20163722 DTXSID60405779 DTXSID90616912 DTXSID80543420 DTXSID50187390 DTXSID00663053 DTXSID60768295 DTXSID10489948 DTXSID40697155 DTXSID30733677 DTXSID70606538 DTXSID50534148 DTXSID00323882
DTXSID30532480	DTXSID00649796 DTXSID70678917 DTXSID00645374 DTXSID30876412 DTXSID60876849 DTXSID70742607 DTXSID90884376 DTXSID80503569 DTXSID50481325 DTXSID50594348 DTXSID20879154 DTXSID80295957 DTXSID20427937 DTXSID30217881 DTXSID40287813 DTXSID90664317 DTXSID90510688 DTXSID80364915 DTXSID60813572 DTXSID90154602
DTXSID10700887	DTXSID90572428 DTXSID9044293 DTXSID00292362 DTXSID90850713 DTXSID90151732 DTXSID90330222 DTXSID20676403 DTXSID70434232 DTXSID40385343 DTXSID90821201 DTXSID40606308 DTXSID10498196 DTXSID60667653 DTXSID00452641 DTXSID20593303 DTXSID40721964 DTXSID40753881 DTXSID30235823 DTXSID80447398 DTXSID10694474
DTXSID40540738	DTXSID10311699 DTXSID40398958 DTXSID00864907 DTXSID30550023 DTXSID40361622 DTXSID00667591 DTXSID40833733 DTXSID80540737 DTXSID80177047 DTXSID90587653 DTXSID90295286 DTXSID90529396 DTXSID00401154 DTXSID70515318 DTXSID00719266 DTXSID90844430 DTXSID60533122 DTXSID80568138 DTXSID50277442 DTXSID10528447
DTXSID50697661	DTXSID60831938 DTXSID60346279 DTXSID60407056 DTXSID6052324 DTXSID10610179 DTXSID50507514 DTXSID30322383 DTXSID70704008 DTXSID80765908 DTXSID30545994 DTXSID50759410 DTXSID90609465 DTXSID20225894 DTXSID70670577 DTXSID30874352 DTXSID10544364 DTXSID10527213 DTXSID90209343 DTXSID00162036 DTXSID50604052
DTXSID00539461	DTXSID10796583 DTXSID80318034 DTXSID20390950 DTXSID60281555 DTXSID30844757 DTXSID50355557 DTXSID70651745 DTXSID40673595 DTXSID70495863 DTXSID60459959 DTXSID90799638 DTXSID00615794 DTXSID80629490 DTXSID00182971 DTXSID30649502 DTXSID0059081 DTXSID70366605 DTXSID00313622 DTXSID30606317 DTXSID20293093
DTXSID20742591	DTXSID10316220 DTXSID80597524 DTXSID30676515 DTXSID80404426 DTXSID30661188 DTXSID80449256 DTXSID50524201 DTXSID90344526 DTXSID10367292 DTXSID70802775 DTXSID40233512 DTXSID80296106 DTXSID00372618 DTXSID10195315 DTXSID30465800 DTXSID60177348 DTXSID10584765 DTXSID70614239 DTXSID90518543 DTXSID90429206
DTXSID10663766	DTXSID60444229 DTXSID70441289 DTXSID70243780 DTXSID80782594 DTXSID00324278 DTXSID30593753 DTXSID90610334 DTXSID30153558 DTXSID80773922 DTXSID70425009 DTXSID80237610 DTXSID20663792 DTXSID60189986 DTXSID60191488 DTXSID20189422 DTXSID70399812 DTXSID20594416 DTXSID70895425 DTXSID80284205 DTXSID10648912
DTXSID00302733	DTXSID10307496 DTXSID70403246 DTXSID00876742 DTXSID30385110 DTXSID40180330 DTXSID60425199 DTXSID70341018 DTXSID40661119 DTXSID5068158 DTXSID40845735 DTXSID70437465 DTXSID30666274 DTXSID70589837 DTXSID00363884 DTXSID30544023 DTXSID10211680 DTXSID50335233 DTXSID30837361 DTXSID70739012 DTXSID50799997
DTXSID20456863	DTXSID40538579 DTXSID50473725 DTXSID60373409 DTXSID90175716 DTXSID20827933 DTXSID40857631 DTXSID50358169 DTXSID50695324 DTXSID80646728 DTXSID50427622 DTXSID50599959 DTXSID80303223 DTXSID60551149 DTXSID10623385 DTXSID30780308 DTXSID90705153 DTXSID90734408 DTXSID80744470 DTXSID00721127 DTXSID20696449
DTXSID60561703	DTXSID30739831 DTXSID10422234 DTXSID40777906 DTXSID60624024 DTXSID60731106 DTXSID70725576 DTXSID80499195 DTXSID40508237 DTXSID90392163 DTXSID10584821 DTXSID70616435 DTXSID50188105 DTXSID10695087 DTXSID50351190 DTXSID40622947 DTXSID00672044 DTXSID50372744 DTXSID80696900 DTXSID00464143 DTXSID90381971
DTXSID00461617	DTXSID20856622 DTXSID50180543 DTXSID40697913 DTXSID90520383 DTXSID60664203 DTXSID10627328 DTXSID50208236 DTXSID50457707 DTXSID90743297 DTXSID50740727 DTXSID00391167 DTXSID50595032 DTXSID20895733 DTXSID80635137 DTXSID70601548 DTXSID40681973 DTXSID10408598 DTXSID00195960 DTXSID70663444 DTXSID40293651
DTXSID30444372	DTXSID70857629 DTXSID60640668 DTXSID90497142 DTXSID20573165 DTXSID80169381 DTXSID50625161 DTXSID90621804 DTXSID10618170 DTXSID50588202 DTXSID10619203 DTXSID00375361 DTXSID70566047 DTXSID90330949 DTXSID00653257 DTXSID70731571 DTXSID00346814 DTXSID00739348 DTXSID50627165 DTXSID00482887 DTXSID10399351
DTXSID40816728	DTXSID30851466 DTXSID20613499 DTXSID30865700 DTXSID00756111 DTXSID10577450 DTXSID80633759 DTXSID00632966 DTXSID10822073 DTXSID50816734 DTXSID60536552 DTXSID60749342 DTXSID70709896 DTXSID60795081 DTXSID90500261 DTXSID90750981 DTXSID90816733 DTXSID00161882 DTXSID90796788 DTXSID40636908 DTXSID30326104
DTXSID60657655	DTXSID40847931 DTXSID80435174 DTXSID10166560 DTXSID60827836 DTXSID80761743 DTXSID3064437 DTXSID7062829 DTXSID7072040 DTXSID20544754 DTXSID80755203 DTXSID6070431 DTXSID10767839 DTXSID90759777 DTXSID20242945 DTXSID20373501 DTXSID30710786 DTXSID10824153 DTXSID30707171 DTXSID50782980 DTXSID00181227
DTXSID40516559	DTXSID40309307 DTXSID30818135 DTXSID00292206 DTXSID90301614 DTXSID40664842 DTXSID10734102 DTXSID90303658 DTXSID40278382 DTXSID90352964 DTXSID70365476 DTXSID80563204 DTXSID10606431 DTXSID50228333 DTXSID80724191 DTXSID50210571 DTXSID90766406 DTXSID20391366 DTXSID60170258 DTXSID40418766 DTXSID90290453
DTXSID20532696	DTXSID60873611 DTXSID50280395 DTXSID70153153 DTXSID60184956 DTXSID20171206 DTXSID60327649 DTXSID60612825 DTXSID40581646 DTXSID20815911 DTXSID70657227 DTXSID70496658 DTXSID70736602 DTXSID30873623 DTXSID50488016 DTXSID10729917 DTXSID20858505 DTXSID80513800 DTXSID90611083 DTXSID20788974 DTXSID90626591
DTXSID60646549	DTXSID50175434 DTXSID00725246 DTXSID70842212 DTXSID60449335 DTXSID50369598 DTXSID30796267 DTXSID30648393 DTXSID7047015 DTXSID40577145 DTXSID80303546 DTXSID70477760 DTXSID30455463 DTXSID5037602 DTXSID70283348 DTXSID10717975 DTXSID30815205 DTXSID7020211 DTXSID20856788 DTXSID60732693 DTXSID30755233
DTXSID80637939	DTXSID40319289 DTXSID10551290 DTXSID20286440 DTXSID60446788 DTXSID70350342 DTXSID10377159 DTXSID00601031 DTXSID20780433 DTXSID90152845 DTXSID60896067 DTXSID00551289 DTXSID40615596 DTXSID7070769 DTXSID50400490 DTXSID90478072 DTXSID60696105 DTXSID90732424 DTXSID30669765 DTXSID00734090 DTXSID30664371
DTXSID60787224	DTXSID60718134 DTXSID40755587 DTXSID00829036 DTXSID80652167 DTXSID20306137 DTXSID40480100 DTXSID60855957 DTXSID80611193 DTXSID70367879 DTXSID50445684 DTXSID80436641 DTXSID40828184 DTXSID80843614 DTXSID20415899 DTXSID70453488 DTXSID10605303 DTXSID30175174 DTXSID80509162 DTXSID00588297 DTXSID50670136
DTXSID80609398	DTXSID50176128 DTXSID80711127 DTXSID30879726 DTXSID00802263 DTXSID70438513 DTXSID70484191 DTXSID40482043 DTXSID00570016 DTXSID60745223 DTXSID00631772 DTXSID40543966 DTXSID40191269 DTXSID00453198 DTXSID60674281 DTXSID20351187 DTXSID00704314 DTXSID30718308 DTXSID80214022 DTXSID40213495 DTXSID40559067
DTXSID80543965	DTXSID60407293 DTXSID20549406 DTXSID60370650 DTXSID90474372 DTXSID20417717 DTXSID80708592 DTXSID00388350 DTXSID60392019 DTXSID10736227 DTXSID00182759 DTXSID00720978 DTXSID30698318 DTXSID90814719 DTXSID30395072 DTXSID90291925 DTXSID00418328 DTXSID10326081 DTXSID80606589 DTXSID10596242 DTXSID10744428
DTXSID50482655	DTXSID10790102 DTXSID8051706 DTXSID70711257 DTXSID40532355 DTXSID40811839 DTXSID60884823 DTXSID70564664 DTXSID30170922 DTXSID50708483 DTXSID10317277 DTXSID30793837 DTXSID00778656 DTXSID00339069 DTXSID50766705 DTXSID50791274 DTXSID90280773 DTXSID60812121 DTXSID10805583 DTXSID80840345 DTXSID40886880
DTXSID80339067	DTXSID40388536 DTXSID00398671 DTXSID40289039 DTXSID20443399 DTXSID00734893 DTXSID10402339 DTXSID70444013 DTXSID70514285 DTXSID00780936 DTXSID30663066 DTXSID20290527 DTXSID50315570 DTXSID30392965 DTXSID60671553 DTXSID10659745 DTXSID00560977 DTXSID10848359 DTXSID40775609 DTXSID70390667 DTXSID60876965
DTXSID60423817	DTXSID30210675 DTXSID10605267 DTXSID40707566 DTXSID20889036 DTXSID80872661 DTXSID30769931 DTXSID20235473 DTXSID50753837 DTXSID60768896 DTXSID40887796 DTXSID40819355 DTXSID80340739 DTXSID50662258 DTXSID20295330 DTXSID80852064 DTXSID10658859 DTXSID60515882 DTXSID50307511 DTXSID00432448 DTXSID30393871
DTXSID00663573	DTXSID50531132 DTXSID50879349 DTXSID20696449 DTXSID70190700 DTXSID50695324 DTXSID20633955 DTXSID90734408 DTXSID00721127 DTXSID90175716 DTXSID8040278 DTXSID50473725 DTXSID40697453 DTXSID20817016 DTXSID00528951 DTXSID60497452 DTXSID70621620 DTXSID70165837 DTXSID80661173 DTXSID20456863 DTXSID60441157
DTXSID90445481	DTXSID50816739 DTXSID60797944 DTXSID80742456 DTXSID40816743 DTXSID10770565 DTXSID90796788 DTXSID00816724 DTXSID30408717 DTXSID00161882 DTXSID40462365 DTXSID60795081 DTXSID60746876 DTXSID20443455 DTXSID70325893 DTXSID30816737 DTXSID70709896 DTXSID60816740 DTXSID20790537 DTXSID40838642 DTXSID60813436
DTXSID20835659	DTXSID8069648 DTXSID80447398 DTXSID10649883 DTXSID70582085 DTXSID70732487 DTXSID80478324 DTXSID70855781 DTXSID60701965 DTXSID40747503 DTXSID30303192 DTXSID50226339 DTXSID90305298 DTXSID30546628 DTXSID70314969 DTXSID10498196 DTXSID10660816 DTXSID10657206 DTXSID20393587 DTXSID60319089 DTXSID40385343
DTXSID70521479	DTXSID10527511 DTXSID60344770 DTXSID5060726 DTXSID40790857 DTXSID00345867 DTXSID00340756 DTXSID10448353 DTXSID30757656 DTXSID80771069 DTXSID90199053 DTXSID50492532 DTXSID00561282 DTXSID3027116 DTXSID60545649 DTXSID10241220 DTXSID20565449 DTXSID00652785 DTXSID80633774 DTXSID50627443 DTXSID8067105
DTXSID20790370	DTXSID70727494 DTXSID10465429 DTXSID80516331 DTXSID70607161 DTXSID30234871 DTXSID3074072 DTXSID20474981 DTXSID30560804 DTXSID90758669 DTXSID80578838 DTXSID90400696 DTXSID20316433 DTXSID50451245 DTXSID70325712 DTXSID60281959 DTXSID90768041 DTXSID00772053 DTXSID90630138 DTXSID70376901 DTXSID80585325
DTXSID80536458	DTXSID30185571 DTXSID1020770 DTXSID90767615 DTXSID00420305 DTXSID00408603 DTXSID80211677 DTXSID20476965 DTXSID20459172 DTXSID20812723 DTXSID00801993 DTXSID20158431 DTXSID60225090 DTXSID20596511 DTXSID70655440 DTXSID50180124 DTXSID40464728 DTXSID70502324 DTXSID10814130 DTXSID40640121 DTXSID10888412
DTXSID6048096	DTXSID80615070 DTXSID40773322 DTXSID00694584 DTXSID70852235 DTXSID40173409 DTXSID00423917 DTXSID00534895 DTXSID4065604 DTXSID40844809 DTXSID90663507 DTXSID50497966 DTXSID00635194 DTXSID70682094 DTXSID20342752 DTXSID10724700 DTXSID60428125 DTXSID8046791 DTXSID20640220 DTXSID20167826 DTXSID70499624
DTXSID00555646	DTXSID80296106 DTXSID90585376 DTXSID80449256 DTXSID90429206 DTXSID50520142 DTXSID50322305 DTXSID50603368 DTXSID80445339 DTXSID80588013 DTXSID80741368 DTXSID90358244 DTXSID80323562 DTXSID40233512 DTXSID30676515 DTXSID30465800 DTXSID70585778 DTXSID50323731 DTXSID20366150 DTXSID60434766 DTXSID8059007
DTXSID10726820	DTXSID80604707 DTXSID50849961 DTXSID30541491 DTXSID30452775 DTXSID00650544 DTXSID80572891 DTXSID80736618 DTXSID40657274 DTXSID60217359 DTXSID90185370 DTXSID9021712 DTXSID40588413 DTXSID50433142 DTXSID10325094 DTXSID20485012 DTXSID30553130 DTXSID40414687 DTXSID10364382 DTXSID70397570 DTXSID00661216
DTXSID20307225	DTXSID80551161 DTXSID60649212 DTXSID50652836 DTXSID50300042 DTXSID10398268 DTXSID30553978 DTXSID20593166 DTXSID00728974 DTXSID50421786 DTXSID8047509 DTXSID00318455 DTXSID50517234 DTXSID80436888 DTXSID50351094 DTXSID90733638 DTXSID30558488 DTXSID60819953 DTXSID10563479 DTXSID00702794 DTXSID70741615
DTXSID60657039	DTXSID50321732 DTXSID20449336 DTXSID70299409 DTXSID20288681 DTXSID00559806 DTXSID80557042 DTXSID40451698 DTXSID40659692 DTXSID90733219 DTXSID30818579 DTXSID90482134 DTXSID20277151 DTXSID50170323 DTXSID00393560 DTXSID00362579 DTXSID00895933 DTXSID50404554 DTXSID70589478 DTXSID40490688 DTXSID90527650
DTXSID40887211	DTXSID40662929 DTXSID50711134 DTXSID70517256 DTXSID30867401 DTXSID30330387 DTXSID40581323 DTXSID90711875 DTXSID40840048 DTXSID90837201 DTXSID20630782 DTXSID60240940 DTXSID60580217 DTXSID90440214 DTXSID20363886 DTXSID30575872 DTXSID50340948 DTXSID60790692 DTXSID40144795 DTXSID50675242 DTXSID70316685
DTXSID00532750	DTXSID90371170 DTXSID90841565 DTXSID10696352 DTXSID70615746 DTXSID90295367 DTXSID70385937 DTXSID00284580 DTXSID20392196 DTXSID60193826 DTXSID20296241 DTXSID20232129 DTXSID40387802 DTXSID90195772 DTXSID20896184 DTXSID70178265 DTXSID10708742 DTXSID20651932 DTXSID00585105 DTXSID60429672 DTXSID00443175
DTXSID10602615	DTXSID60524732 DTXSID70600399 DTXSID60831094 DTXSID80333444 DTXSID30510001 DTXSID10478554 DTXSID30218555 DTXSID80471577 DTXSID10679943 DTXSID00430282 DTXSID80180238 DTXSID50302824 DTXSID90441084 DTXSID60345565 DTXSID10190906 DTXSID80582970 DTXSID70598666 DTXSID60283352 DTXSID90182581 DTXSID20162351
DTXSID60407293	DTXSID80543965 DTXSID00182759 DTXSID90291925 DTXSID00720978 DTXSID20549406 DTXSID90474372 DTXSID20417717 DTXSID60370650 DTXSID90814719 DTXSID30395072 DTXSID90313277 DTXSID50361274 DTXSID60392019 DTXSID10736227 DTXSID90478239 DTXSID80708592 DTXSID00388350 DTXSID40879479 DTXSID10297702 DTXSID10366962
DTXSID10197915	DTXSID50709672 DTXSID30672032 DTXSID30404754 DTXSID30618253 DTXSID50305239 DTXSID40571168 DTXSID70745916 DTXSID20349685 DTXSID1042281 DTXSID50164641 DTXSID60167603 DTXSID90831284 DTXSID30382301 DTXSID10651305 DTXSID30631402 DTXSID20326638 DTXSID80358672 DTXSID20482662 DTXSID50677448 DTXSID80570918
DTXSID50478391	DTXSID20342757 DTXSID60832561 DTXSID30180309 DTXSID60672065 DTXSID40675519 DTXSID80725148 DTXSID80726812 DTXSID80810740 DTXSID80458641 DTXSID00343944 DTXSID60856883 DTXSID80694683 DTXSID90366162 DTXSID40663355 DTXSID90515835 DTXSID20301864 DTXSID60807198 DTXSID20472346 DTXSID50803285 DTXSID30805005
DTXSID60392019	DTXSID80210322 DTXSID10366962 DTXSID90474372 DTXSID70711550 DTXSID10596242 DTXSID80543965 DTXSID30395072 DTXSID10312106 DTXSID20549406 DTXSID30618435 DTXSID00720978 DTXSID90814719 DTXSID40543961 DTXSID30199991 DTXSID00745404 DTXSID10744428 DTXSID60407293 DTXSID50178682 DTXSID70381358 DTXSID80610161
DTXSID70551236	DTXSID60876905 DTXSID00338097 DTXSID30628054 DTXSID20464706 DTXSID30402356 DTXSID50561439 DTXSID20492625 DTXSID5059296 DTXSID80392859 DTXSID40667575 DTXSID70733212 DTXSID20339268 DTXSID70503573 DTXSID80485139 DTXSID40694346 DTXSID90825244 DTXSID40511105 DTXSID20569260 DTXSID80468881 DTXSID90191875
DTXSID50776829	DTXSID60542335 DTXSID40430160 DTXSID40404280 DTXSID10626018 DTXSID10361513 DTXSID60233812 DTXSID20599022 DTXSID10288155 DTXSID10895944 DTXSID40516574 DTXSID80224782 DTXSID10311533 DTXSID20216666 DTXSID30173276 DTXSID80625119 DTXSID60680908 DTXSID80292683 DTXSID60820660 DTXSID40311142 DTXSID30189978
DTXSID70858070	DTXSID10448414 DTXSID50462639 DTXSID20615493 DTXSID80517949 DTXSID80786658 DTXSID90213687 DTXSID70342626 DTXSID10185514 DTXSID00441171 DTXSID30336703 DTXSID00781261 DTXSID40386395 DTXSID40398079 DTXSID10842978 DTXSID40886941 DTXSID40826463 DTXSID10617229 DTXSID10568641 DTXSID80699370 DTXSID10784723
DTXSID10288155	DTXSID10895944 DTXSID10311533 DTXSID60542335 DTXSID40430160 DTXSID30189978 DTXSID50776829 DTXSID80896180 DTXSID40404280 DTXSID9072652 DTXSID80625119 DTXSID60820660 DTXSID40516574 DTXSID10876213 DTXSID20182216 DTXSID20599022 DTXSID30479725 DTXSID60680908 DTXSID00508773 DTXSID50342189 DTXSID60233812
DTXSID40721964	DTXSID60240667 DTXSID10574121 DTXSID20835432 DTXSID10435480 DTXSID60667653 DTXSID80205258 DTXSID90151732 DTXSID10498196 DTXSID30631669 DTXSID20676403 DTXSID40753881 DTXSID40385343 DTXSID50297443 DTXSID00452641 DTXSID70434232 DTXSID30546628 DTXSID90850713 DTXSID60319089 DTXSID80819470 DTXSID00292362
DTXSID50832292	DTXSID70525891 DTXSID10837920 DTXSID80661118 DTXSID30545994 DTXSID90719154 DTXSID50759410 DTXSID3042269 DTXSID1059151 DTXSID90290716 DTXSID00775105 DTXSID50306701 DTXSID50788144 DTXSID70876532 DTXSID60693876 DTXSID10544364 DTXSID80757020 DTXSID10552787 DTXSID10699722 DTXSID60831579 DTXSID00412780
DTXSID20222383	DTXSID70883463 DTXSID20718317 DTXSID80438847 DTXSID20572759 DTXSID40819113 DTXSID50545799 DTXSID90320648 DTXSID70589594 DTXSID50375432 DTXSID40358815 DTXSID10441061 DTXSID20362556 DTXSID00879470 DTXSID90439183 DTXSID90825769 DTXSID10371152 DTXSID40396237 DTXSID10426979 DTXSID60454621 DTXSID10361215
DTXSID20314595	DTXSID40755587 DTXSID40480100 DTXSID70536164 DTXSID9068742 DTXSID60192935 DTXSID00571028 DTXSID30828991 DTXSID5066748 DTXSID70593232 DTXSID40421230 DTXSID80843614 DTXSID80509162 DTXSID20590216 DTXSID00701489 DTXSID70400336 DTXSID10364706 DTXSID50445684 DTXSID40553949 DTXSID80377186 DTXSID80407917
DTXSID20645871	DTXSID70647688 DTXSID70611081 DTXSID60550096 DTXSID50474550 DTXSID40407377 DTXSID9065364 DTXSID80338176 DTXSID20656366 DTXSID00603050 DTXSID10733074 DTXSID80640201 DTXSID80299970 DTXSID90486990 DTXSID00182673 DTXSID70708324 DTXSID00453451 DTXSID40334154 DTXSID20862849 DTXSID90388561 DTXSID00725605
DTXSID30792724	DTXSID00593846 DTXSID00493150 DTXSID00441090 DTXSID30321477 DTXSID40785682 DTXSID70744348 DTXSID50876015 DTXSID20681875 DTXSID00229310 DTXSID30403500 DTXSID40243939 DTXSID90657446 DTXSID30160883 DTXSID50595274 DTXSID80295957 DTXSID30473526 DTXSID70189210 DTXSID10803544 DTXSID90510688 DTXSID00407338
DTXSID40504138	DTXSID80589580 DTXSID10579015 DTXSID80486469 DTXSID00511328 DTXSID10307537 DTXSID70750944 DTXSID50639945 DTXSID80883717 DTXSID20841538 DTXSID60340196 DTXSID20206981 DTXSID80391302 DTXSID80483231 DTXSID80740972 DTXSID00879551 DTXSID20514831 DTXSID60647298 DTXSID40467239 DTXSID10174660 DTXSID40517344
DTXSID70799737	DTXSID50175070 DTXSID50783538 DTXSID20624146 DTXSID40187066 DTXSID80335786 DTXSID00816986 DTXSID90820815 DTXSID50198300 DTXSID40420900 DTXSID90560906 DTXSID60658541 DTXSID00807834 DTXSID70453201 DTXSID70562362 DTXSID00325563 DTXSID9069849 DTXSID50632714 DTXSID90786326 DTXSID60240440 DTXSID20432905
DTXSID60182598	DTXSID90734423 DTXSID30420691 DTXSID80443794 DTXSID90182445 DTXSID20445318 DTXSID00441777 DTXSID90443725 DTXSID20161445 DTXSID60183484 DTXSID30575690 DTXSID7044506 DTXSID20566037 DTXSID8063834 DTXSID00434109 DTXSID00847053 DTXSID60390070 DTXSID10586320 DTXSID20575982 DTXSID50368783 DTXSID20581402
DTXSID70346321	DTXSID20728991 DTXSID60717162 DTXSID10743259 DTXSID40725967 DTXSID60722973 DTXSID00415852 DTXSID70460591 DTXSID10469624 DTXSID30478859 DTXSID10640133 DTXSID20415399 DTXSID00727285 DTXSID40672548 DTXSID00629715 DTXSID80724732 DTXSID90694856 DTXSID20856708 DTXSID50211184 DTXSID50843904 DTXSID60716675
DTXSID90152264	DTXSID70724408 DTXSID60776815 DTXSID00404029 DTXSID20432905 DTXSID20604342 DTXSID60658541 DTXSID90560906 DTXSID80234563 DTXSID80844909 DTXSID60715789 DTXSID60810940 DTXSID10736287 DTXSID40815736 DTXSID40157103 DTXSID00786099 DTXSID10388942 DTXSID50820432 DTXSID5061085 DTXSID80884461 DTXSID60659735
DTXSID10787436	DTXSID50321954 DTXSID50716063 DTXSID80369526 DTXSID60194212 DTXSID00352617 DTXSID00810328 DTXSID20274988 DTXSID20745421 DTXSID10767591 DTXSID30615166 DTXSID70725612 DTXSID30693106 DTXSID00352374 DTXSID00346298 DTXSID50494990 DTXSID90624532 DTXSID80700137 DTXSID90420798 DTXSID60192657 DTXSID70628795
DTXSID70797955	DTXSID40873937 DTXSID20797061 DTXSID40845013 DTXSID10764146 DTXSID10784127 DTXSID40613991 DTXSID00234146 DTXSID6044802 DTXSID60873939 DTXSID50499107 DTXSID10872659 DTXSID00887474 DTXSID60242747 DTXSID90763152 DTXSID50343212 DTXSID50507599 DTXSID00829132 DTXSID50289404 DTXSID60780199 DTXSID60276143
DTXSID80442828	DTXSID40613158 DTXSID50606874 DTXSID30202378 DTXSID10837041 DTXSID40640121 DTXSID90774940 DTXSID50180124 DTXSID00801993 DTXSID80384411 DTXSID00420305 DTXSID90154602 DTXSID30445344 DTXSID90834472 DTXSID00413191 DTXSID60502116 DTXSID90884376 DTXSID00896142 DTXSID90767615 DTXSID90342643 DTXSID70794808
DTXSID30819187	DTXSID80208300 DTXSID00320477 DTXSID90302949 DTXSID20734618 DTXSID0060066 DTXSID10711433 DTXSID50534885 DTXSID20699051 DTXSID10575971 DTXSID00510558 DTXSID70877569 DTXSID70703874 DTXSID30727894 DTXSID50814992 DTXSID10653869 DTXSID30225522 DTXSID60193886 DTXSID90702066 DTXSID9051745 DTXSID90723352
DTXSID50788144	DTXSID70525891 DTXSID10516208 DTXSID80661118 DTXSID90609465 DTXSID80564296 DTXSID50759410 DTXSID10552787 DTXSID20628588 DTXSID00604183 DTXSID30545994 DTXSID50306701 DTXSID00534259 DTXSID00775105 DTXSID50832292 DTXSID90745079 DTXSID3042269 DTXSID90719154 DTXSID40802181 DTXSID50742468 DTXSID00493059
DTXSID00534971	DTXSID80514776 DTXSID50809005 DTXSID30283405 DTXSID10494693 DTXSID30685400 DTXSID80835635 DTXSID30668910 DTXSID30399353 DTXSID10761256 DTXSID60572394 DTXSID30653462 DTXSID50314442 DTXSID0024397 DTXSID30499004 DTXSID80409214 DTXSID70398168 DTXSID90308284 DTXSID20213736 DTXSID60552611 DTXSID40574457
DTXSID70452719	DTXSID50852157 DTXSID10818517 DTXSID60737648 DTXSID70305695 DTXSID60456529 DTXSID50772104 DTXSID10187391 DTXSID70729791 DTXSID60226204 DTXSID40818282 DTXSID90567430 DTXSID70603527 DTXSID20780913 DTXSID00501860 DTXSID80763949 DTXSID90459043 DTXSID40874080 DTXSID10554766 DTXSID30758921 DTXSID30577437
DTXSID90850495	DTXSID00819932 DTXSID90639247 DTXSID10516460 DTXSID90783810 DTXSID00874349 DTXSID70511451 DTXSID80470161 DTXSID90211683 DTXSID10183595 DTXSID50277740 DTXSID10803882 DTXSID00588454 DTXSID50278717 DTXSID80229196 DTXSID50600953 DTXSID20656109 DTXSID70606674 DTXSID10380522 DTXSID70835068 DTXSID20482041
DTXSID10180100	DTXSID30876912 DTXSID90695126 DTXSID20656442 DTXSID50624417 DTXSID00412780 DTXSID10806994 DTXSID50560644 DTXSID20903968 DTXSID90854731 DTXSID60369483 DTXSID10675349 DTXSID60831579 DTXSID20876901 DTXSID00199488 DTXSID10699722 DTXSID3042269 DTXSID10544364 DTXSID40278201 DTXSID60693876 DTXSID80369485
DTXSID40715661	DTXSID30597130 DTXSID50302465 DTXSID40471876 DTXSID00163427 DTXSID80850904 DTXSID10276198 DTXSID50555191 DTXSID30795831 DTXSID40417916 DTXSID10501255 DTXSID00190516 DTXSID60152170 DTXSID80675972 DTXSID90286270 DTXSID30788844 DTXSID10401781 DTXSID90744249 DTXSID10328464 DTXSID90345331 DTXSID40392491
DTXSID60403199	DTXSID70436918 DTXSID40396010 DTXSID10475568 DTXSID10454999 DTXSID20732598 DTXSID90693223 DTXSID50425022 DTXSID90339295 DTXSID30456915 DTXSID50448771 DTXSID80228265 DTXSID60633570 DTXSID70509131 DTXSID30596148 DTXSID10421101 DTXSID50579352 DTXSID60651597 DTXSID4067771 DTXSID30181735 DTXSID70651442
DTXSID10397478	DTXSID80377949 DTXSID70496178 DTXSID10857380 DTXSID70464877 DTXSID70650152 DTXSID90653125 DTXSID40646461 DTXSID30555654 DTXSID80646627 DTXSID50289141 DTXSID40677533 DTXSID30575877 DTXSID60840989 DTXSID50696210 DTXSID30618536 DTXSID50592203 DTXSID50623167 DTXSID70355690 DTXSID40626425 DTXSID80718853
DTXSID60557545	DTXSID70368043 DTXSID00697257 DTXSID80170790 DTXSID30373673 DTXSID60415535 DTXSID80396852 DTXSID10389373 DTXSID40561387 DTXSID20405250 DTXSID30375511 DTXSID00841995 DTXSID90284478 DTXSID10533314 DTXSID50725615 DTXSID60476747 DTXSID40717226 DTXSID70609605 DTXSID00826525 DTXSID00703665 DTXSID70342328
DTXSID70876815	DTXSID80542059 DTXSID40530558 DTXSID10403003 DTXSID30287665 DTXSID20707605 DTXSID50700765 DTXSID80843452 DTXSID10667562 DTXSID20226240 DTXSID50841228 DTXSID00563342 DTXSID00386558 DTXSID00216604 DTXSID10756521 DTXSID70297561 DTXSID10208878 DTXSID20310138 DTXSID20144415 DTXSID90602714 DTXSID80206088
DTXSID20887799	DTXSID10637361 DTXSID50828832 DTXSID20173745 DTXSID60418021 DTXSID70373192 DTXSID30694012 DTXSID90807484 DTXSID40880500 DTXSID40286902 DTXSID70761252 DTXSID30158189 DTXSID60675950 DTXSID8070960 DTXSID2050035 DTXSID10244236 DTXSID10720146 DTXSID70317990 DTXSID80211511 DTXSID80752378 DTXSID80657910
DTXSID70201486	DTXSID50301019 DTXSID30192987 DTXSID70322903 DTXSID90697584 DTXSID30427322 DTXSID70607767 DTXSID3072242 DTXSID90808572 DTXSID50334625 DTXSID70886515 DTXSID10814392 DTXSID50601283 DTXSID00896425 DTXSID60895999 DTXSID40186675 DTXSID40896005 DTXSID20875813 DTXSID20874240 DTXSID80186038 DTXSID80470343
DTXSID30787539	DTXSID80300454 DTXSID30620179 DTXSID00552832 DTXSID20463411 DTXSID20847353 DTXSID20567049 DTXSID70645649 DTXSID20888226 DTXSID50469825 DTXSID90443846 DTXSID0073110 DTXSID30846155 DTXSID10551876 DTXSID80851471 DTXSID90718102 DTXSID60660361 DTXSID40751968 DTXSID70817627 DTXSID90809145 DTXSID00470865
DTXSID80722112	DTXSID20216742 DTXSID60551149 DTXSID10623385 DTXSID60555147 DTXSID80744470 DTXSID20629934 DTXSID10363835 DTXSID40408107 DTXSID60373409 DTXSID20817016 DTXSID00507084 DTXSID70315976 DTXSID10380986 DTXSID20827933 DTXSID10612693 DTXSID40573142 DTXSID20394832 DTXSID50599959 DTXSID70735498 DTXSID70621620
DTXSID70214298	DTXSID90738764 DTXSID60640704 DTXSID40462022 DTXSID70313634 DTXSID70529677 DTXSID10472193 DTXSID40655477 DTXSID20789128 DTXSID00168679 DTXSID60395247 DTXSID20509762 DTXSID70428494 DTXSID10568964 DTXSID70649208 DTXSID00210869 DTXSID90768203 DTXSID90533993 DTXSID20812728 DTXSID20656927 DTXSID80308495
DTXSID30346367	DTXSID80211632 DTXSID90813707 DTXSID90445749 DTXSID80813554 DTXSID80570276 DTXSID50733937 DTXSID90352964 DTXSID70481504 DTXSID10463849 DTXSID40505180 DTXSID30766203 DTXSID80354891 DTXSID50429247 DTXSID60408361 DTXSID50625080 DTXSID30322782 DTXSID70309653 DTXSID90301614 DTXSID00312413 DTXSID80306315
DTXSID40676425	DTXSID60667577 DTXSID80671277 DTXSID10732143 DTXSID20834607 DTXSID70281485 DTXSID30209347 DTXSID30718969 DTXSID60790354 DTXSID60829072 DTXSID60289273 DTXSID70317031 DTXSID80503842 DTXSID20370717 DTXSID50696790 DTXSID10528048 DTXSID10314701 DTXSID00604441 DTXSID30813044 DTXSID30777990 DTXSID30494877
DTXSID80200465	DTXSID60675213 DTXSID30586387 DTXSID10190002 DTXSID40776999 DTXSID80540772 DTXSID40504198 DTXSID10766645 DTXSID70894756 DTXSID30594280 DTXSID60471818 DTXSID50383330 DTXSID10482878 DTXSID30416392 DTXSID90613002 DTXSID10223001 DTXSID6047862 DTXSID00725468 DTXSID10772928 DTXSID60203318 DTXSID7066643
DTXSID30150880	DTXSID50399335 DTXSID60486225 DTXSID30438498 DTXSID10724700 DTXSID3059268 DTXSID20618883 DTXSID70499624 DTXSID0051318 DTXSID90451623 DTXSID20183980 DTXSID00423917 DTXSID70700803 DTXSID70165099 DTXSID70733212 DTXSID40343822 DTXSID40442061 DTXSID10160907 DTXSID40640606 DTXSID50520026 DTXSID1063512
DTXSID00453198	DTXSID20351187 DTXSID10342625 DTXSID00802263 DTXSID1065899 DTXSID40287797 DTXSID40559067 DTXSID80214022 DTXSID40482043 DTXSID00421630 DTXSID60674281 DTXSID80215670 DTXSID80380034 DTXSID00571927 DTXSID20372756 DTXSID80711127 DTXSID00768097 DTXSID30624051 DTXSID70438513 DTXSID30879726 DTXSID10365975
DTXSID60282168	DTXSID10352800 DTXSID60603536 DTXSID00850087 DTXSID50485005 DTXSID00567961 DTXSID50640834 DTXSID30542468 DTXSID10277524 DTXSID50496818 DTXSID0073291 DTXSID50538207 DTXSID30704488 DTXSID80774196 DTXSID40633972 DTXSID40696461 DTXSID20502738 DTXSID00501860 DTXSID90459043 DTXSID10818517 DTXSID10501119
DTXSID60276143	DTXSID00629477 DTXSID00829132 DTXSID40563189 DTXSID60780199 DTXSID20197406 DTXSID10872659 DTXSID0067503 DTXSID9072527 DTXSID80274202 DTXSID20242521 DTXSID30429503 DTXSID60242747 DTXSID60816366 DTXSID10202674 DTXSID10890999 DTXSID40613991 DTXSID90763152 DTXSID60775681 DTXSID90602057 DTXSID00826560
DTXSID70807240	DTXSID30450579 DTXSID40761289 DTXSID00694544 DTXSID00598957 DTXSID10726305 DTXSID50787394 DTXSID50508066 DTXSID20505981 DTXSID70757958 DTXSID30195973 DTXSID50563135 DTXSID20470721 DTXSID40300233 DTXSID40513801 DTXSID80792436 DTXSID00443695 DTXSID60148593 DTXSID60524575 DTXSID20423499 DTXSID80304871
DTXSID2060967	DTXSID60408725 DTXSID80638027 DTXSID60150616 DTXSID90526789 DTXSID20481377 DTXSID00652785 DTXSID80670184 DTXSID90199053 DTXSID90543436 DTXSID80771069 DTXSID7069071 DTXSID50460130 DTXSID70517771 DTXSID30396761 DTXSID20449210 DTXSID30757656 DTXSID30757772 DTXSID30587935 DTXSID40519863 DTXSID20318013
DTXSID00890342	DTXSID00494167 DTXSID00751005 DTXSID00620621 DTXSID60805391 DTXSID30237408 DTXSID60446566 DTXSID40214245 DTXSID30874256 DTXSID40585765 DTXSID20673937 DTXSID80633850 DTXSID10364903 DTXSID50160901 DTXSID90635143 DTXSID60645335 DTXSID10718306 DTXSID90412517 DTXSID30677421 DTXSID40299936 DTXSID20837330
DTXSID60658541	DTXSID90560906 DTXSID40187066 DTXSID50175070 DTXSID20432905 DTXSID70724408 DTXSID90152264 DTXSID40815736 DTXSID70453201 DTXSID20604342 DTXSID70799737 DTXSID00816986 DTXSID60659735 DTXSID60240440 DTXSID80335786 DTXSID40157103 DTXSID00786099 DTXSID50198300 DTXSID50632714 DTXSID50783538 DTXSID60776815
DTXSID70334960	DTXSID20718998 DTXSID80343442 DTXSID6036885 DTXSID70504686 DTXSID90698511 DTXSID10179115 DTXSID70744909 DTXSID10547673 DTXSID50483384 DTXSID90547671 DTXSID30323618 DTXSID90623222 DTXSID80706492 DTXSID60536810 DTXSID50395110 DTXSID80409214 DTXSID60514936 DTXSID30532662 DTXSID10483385 DTXSID30343396
DTXSID40201938	DTXSID10166383 DTXSID40837933 DTXSID90162823 DTXSID40469056 DTXSID90155270 DTXSID80584131 DTXSID40874762 DTXSID60874764 DTXSID80142896 DTXSID40823513 DTXSID10218654 DTXSID70300044 DTXSID40333127 DTXSID90309877 DTXSID30320263 DTXSID20809198 DTXSID40439355 DTXSID70850690 DTXSID30874892 DTXSID70370146
DTXSID60728172	DTXSID00364871 DTXSID20428787 DTXSID90709196 DTXSID20857598 DTXSID20656467 DTXSID90629724 DTXSID90361339 DTXSID90782383 DTXSID00567820 DTXSID10211645 DTXSID00768097 DTXSID00531041 DTXSID90826519 DTXSID60508234 DTXSID40784357 DTXSID40620145 DTXSID70283828 DTXSID00323105 DTXSID30624051 DTXSID30290316
DTXSID90451325	DTXSID40444409 DTXSID00370831 DTXSID60669233 DTXSID10712405 DTXSID30344343 DTXSID70576984 DTXSID10777554 DTXSID40844263 DTXSID70784289 DTXSID30444993 DTXSID50776243 DTXSID00668987 DTXSID10347115 DTXSID70669229 DTXSID10172580 DTXSID40701403 DTXSID10466890 DTXSID40845694 DTXSID50163578 DTXSID20705661
DTXSID90794901	DTXSID70548964 DTXSID4059251 DTXSID20228325 DTXSID20578493 DTXSID50315232 DTXSID00878988 DTXSID10558300 DTXSID30175174 DTXSID30806976 DTXSID30303394 DTXSID70186380 DTXSID70397414 DTXSID20677536 DTXSID00576694 DTXSID00588297 DTXSID00447830 DTXSID60172090 DTXSID80377186 DTXSID70536164 DTXSID90767216
DTXSID00680048	DTXSID30676414 DTXSID20198655 DTXSID10784768 DTXSID40161482 DTXSID10294599 DTXSID90182107 DTXSID00712313 DTXSID70393719 DTXSID60725005 DTXSID50709137 DTXSID80699299 DTXSID30625048 DTXSID90398908 DTXSID40222108 DTXSID50193279 DTXSID80206088 DTXSID80657339 DTXSID20696949 DTXSID80385786 DTXSID80430144
DTXSID70743614	DTXSID10484514 DTXSID60292449 DTXSID80885534 DTXSID30199370 DTXSID60767021 DTXSID50390706 DTXSID70567079 DTXSID70810274 DTXSID70730145 DTXSID00386154 DTXSID60702573 DTXSID90650230 DTXSID20428464 DTXSID80847197 DTXSID50341016 DTXSID30421648 DTXSID20746397 DTXSID40243196 DTXSID50160981 DTXSID50242539
DTXSID10565094	DTXSID90542449 DTXSID1071458 DTXSID30818579 DTXSID50170323 DTXSID50681601 DTXSID50404554 DTXSID80733622 DTXSID40451698 DTXSID20449336 DTXSID30277485 DTXSID90482134 DTXSID90730243 DTXSID20378692 DTXSID00390958 DTXSID40659692 DTXSID70324361 DTXSID50863142 DTXSID00774294 DTXSID80834981 DTXSID40190474
DTXSID7073486	DTXSID20722510 DTXSID70276634 DTXSID90477409 DTXSID30757070 DTXSID30419065 DTXSID10482636 DTXSID80601110 DTXSID70877089 DTXSID50395812 DTXSID20509883 DTXSID60716493 DTXSID80553706 DTXSID30454996 DTXSID50527777 DTXSID90590243 DTXSID00346314 DTXSID00225771 DTXSID50728005 DTXSID50174083 DTXSID40577867
DTXSID90425465	DTXSID00304090 DTXSID10358741 DTXSID80572896 DTXSID20378677 DTXSID90205022 DTXSID60329183 DTXSID70395213 DTXSID70828773 DTXSID70542023 DTXSID30217503 DTXSID10470412 DTXSID60744317 DTXSID30442510 DTXSID20612902 DTXSID70749156 DTXSID00698901 DTXSID30730641 DTXSID30449367 DTXSID30291883 DTXSID90499641
DTXSID80664785	DTXSID70826658 DTXSID50312665 DTXSID90780066 DTXSID70495707 DTXSID30708643 DTXSID80192573 DTXSID30505255 DTXSID70494230 DTXSID40780334 DTXSID30817789 DTXSID10528381 DTXSID40655230 DTXSID20401419 DTXSID30597074 DTXSID50505434 DTXSID60388210 DTXSID50392285 DTXSID40406567 DTXSID40608761 DTXSID10790682
DTXSID10618094	DTXSID20616804 DTXSID50570960 DTXSID70662836 DTXSID5020942 DTXSID60293931 DTXSID50154325 DTXSID80297118 DTXSID80665479 DTXSID70428934 DTXSID90516105 DTXSID10448358 DTXSID00431456 DTXSID10223829 DTXSID90747351 DTXSID30759337 DTXSID10556543 DTXSID30713434 DTXSID60618206 DTXSID60681556 DTXSID20493516
DTXSID20808722	DTXSID40867432 DTXSID10819029 DTXSID60710279 DTXSID00804404 DTXSID70790805 DTXSID30805762 DTXSID10805149 DTXSID40193041 DTXSID70710346 DTXSID40830606 DTXSID2070421 DTXSID20834925 DTXSID20888665 DTXSID40789867 DTXSID60605217 DTXSID50812175 DTXSID50780365 DTXSID70395056 DTXSID90176243 DTXSID60282305
DTXSID80799980	DTXSID40821998 DTXSID70317677 DTXSID40238805 DTXSID60196817 DTXSID80554975 DTXSID80533624 DTXSID30558746 DTXSID00284505 DTXSID90585831 DTXSID50642050 DTXSID70223906 DTXSID40453516 DTXSID90877561 DTXSID70487026 DTXSID20344438 DTXSID10608990 DTXSID70366685 DTXSID20503528 DTXSID30466877 DTXSID80322656
DTXSID60463218	DTXSID30878370 DTXSID30392389 DTXSID20733227 DTXSID00575607 DTXSID20189422 DTXSID60159780 DTXSID50277341 DTXSID50814391 DTXSID00596397 DTXSID80323547 DTXSID70895425 DTXSID70895420 DTXSID40875118 DTXSID30276034 DTXSID4072813 DTXSID10829820 DTXSID70746584 DTXSID90415609 DTXSID0070784 DTXSID70592149
DTXSID1063435	DTXSID50383092 DTXSID60503325 DTXSID00407818 DTXSID80175922 DTXSID70619188 DTXSID80407659 DTXSID50778944 DTXSID80374438 DTXSID80496402 DTXSID20663414 DTXSID80182510 DTXSID30595075 DTXSID00766437 DTXSID40623494 DTXSID70711898 DTXSID40371741 DTXSID90592505 DTXSID40354256 DTXSID10364029 DTXSID20483593
DTXSID60337061	DTXSID90642514 DTXSID40459098 DTXSID50520026 DTXSID60343788 DTXSID40640606 DTXSID50600953 DTXSID3059268 DTXSID20183980 DTXSID30782327 DTXSID90451623 DTXSID20728537 DTXSID80696420 DTXSID70511451 DTXSID50281206 DTXSID0051318 DTXSID10439589 DTXSID50221364 DTXSID70733212 DTXSID20290961 DTXSID60285093
DTXSID10405885	DTXSID70832254 DTXSID00406003 DTXSID60174953 DTXSID80289376 DTXSID50296032 DTXSID00827012 DTXSID80775204 DTXSID60651118 DTXSID10698513 DTXSID10335956 DTXSID10521453 DTXSID9058941 DTXSID30447181 DTXSID80548536 DTXSID40720078 DTXSID40386395 DTXSID1052664 DTXSID30388904 DTXSID60570299 DTXSID80530991
DTXSID90277769	DTXSID60351601 DTXSID60884207 DTXSID20452921 DTXSID3062029 DTXSID40684101 DTXSID70885523 DTXSID20349428 DTXSID80698227 DTXSID30401122 DTXSID50388582 DTXSID20238601 DTXSID50399774 DTXSID70733712 DTXSID60532913 DTXSID80639958 DTXSID40222542 DTXSID20553205 DTXSID80516533 DTXSID80289952 DTXSID30664199
DTXSID20411452	DTXSID20195063 DTXSID7066148 DTXSID40277350 DTXSID60751309 DTXSID70751310 DTXSID90660430 DTXSID40208523 DTXSID40781846 DTXSID6063511 DTXSID90721252 DTXSID80808061 DTXSID10783438 DTXSID00559144 DTXSID30770365 DTXSID1066239 DTXSID5047114 DTXSID80560258 DTXSID80576899 DTXSID00775887 DTXSID80195044
DTXSID10792868	DTXSID60564971 DTXSID40828260 DTXSID9057979 DTXSID80555467 DTXSID50700765 DTXSID00386154 DTXSID80206088 DTXSID90459821 DTXSID40530558 DTXSID30421648 DTXSID70810274 DTXSID20707605 DTXSID10403003 DTXSID40656964 DTXSID50310186 DTXSID90804993 DTXSID10756521 DTXSID80385786 DTXSID20467757 DTXSID70876815
DTXSID00531041	DTXSID40784357 DTXSID50551916 DTXSID20857598 DTXSID30617968 DTXSID70708046 DTXSID00145708 DTXSID40620145 DTXSID90826519 DTXSID60825514 DTXSID00464704 DTXSID00425214 DTXSID10211645 DTXSID70630333 DTXSID00589805 DTXSID20631173 DTXSID20524016 DTXSID00364871 DTXSID70526828 DTXSID60728172 DTXSID90629724
DTXSID20488861	DTXSID5059822 DTXSID20694900 DTXSID20578675 DTXSID80479295 DTXSID00164439 DTXSID40552058 DTXSID90809448 DTXSID20184139 DTXSID70523594 DTXSID70203864 DTXSID60162739 DTXSID50391273 DTXSID30448451 DTXSID50528608 DTXSID60641211 DTXSID80729287 DTXSID00303785 DTXSID40808082 DTXSID50467720 DTXSID60350371
DTXSID90528945	DTXSID30651120 DTXSID30798923 DTXSID20346871 DTXSID20406242 DTXSID30441386 DTXSID60406004 DTXSID90407180 DTXSID40624744 DTXSID00850007 DTXSID20579662 DTXSID50609340 DTXSID80567565 DTXSID90293828 DTXSID60528215 DTXSID80459037 DTXSID00773606 DTXSID00712999 DTXSID80827797 DTXSID50734888 DTXSID60528538
DTXSID50358169	DTXSID50427622 DTXSID60444502 DTXSID80676828 DTXSID50599959 DTXSID20456863 DTXSID40538579 DTXSID20827933 DTXSID60835436 DTXSID60373409 DTXSID90705153 DTXSID50403123 DTXSID50473725 DTXSID90175716 DTXSID70357679 DTXSID50312908 DTXSID80303223 DTXSID90489587 DTXSID40857631 DTXSID80646728 DTXSID90291526
DTXSID10642415	DTXSID30675508 DTXSID00487933 DTXSID60190097 DTXSID90755017 DTXSID10850376 DTXSID30589373 DTXSID70425867 DTXSID80588290 DTXSID60809374 DTXSID00837752 DTXSID70324861 DTXSID80608826 DTXSID90634530 DTXSID60597325 DTXSID00317766 DTXSID40596295 DTXSID80391786 DTXSID40531863 DTXSID80406844 DTXSID30729499
DTXSID80867496	DTXSID70143155 DTXSID00458764 DTXSID90745079 DTXSID60598397 DTXSID30442510 DTXSID50742468 DTXSID50872976 DTXSID2073019 DTXSID00849057 DTXSID10516208 DTXSID50306701 DTXSID80564296 DTXSID80142856 DTXSID70170502 DTXSID50788144 DTXSID20628588 DTXSID90447349 DTXSID40700158 DTXSID60541126 DTXSID40208442
DTXSID00349547	DTXSID50597137 DTXSID50369997 DTXSID50294013 DTXSID00635871 DTXSID70172723 DTXSID00289818 DTXSID80556555 DTXSID50875846 DTXSID30375718 DTXSID70440979 DTXSID80351663 DTXSID20318553 DTXSID80158139 DTXSID60327644 DTXSID20152590 DTXSID50361299 DTXSID10815440 DTXSID50768289 DTXSID70176185 DTXSID00455874
DTXSID60835436	DTXSID90705153 DTXSID70657121 DTXSID90748782 DTXSID80303223 DTXSID20827933 DTXSID50403123 DTXSID30827181 DTXSID50873509 DTXSID80676828 DTXSID30542746 DTXSID60668963 DTXSID50427622 DTXSID10288170 DTXSID90291526 DTXSID50358169 DTXSID60373409 DTXSID40857631 DTXSID10621200 DTXSID60157009 DTXSID50599959
DTXSID40836047	DTXSID40729783 DTXSID10597653 DTXSID40454326 DTXSID90178368 DTXSID10398708 DTXSID70288277 DTXSID9059541 DTXSID70480092 DTXSID30413629 DTXSID00653050 DTXSID20177142 DTXSID90502841 DTXSID3068126 DTXSID60616843 DTXSID50388749 DTXSID00179881 DTXSID60374335 DTXSID90340548 DTXSID50802031 DTXSID20389647
DTXSID90567874	DTXSID30617185 DTXSID10488239 DTXSID10399917 DTXSID40440067 DTXSID00762792 DTXSID00565760 DTXSID20567408 DTXSID50880672 DTXSID70479325 DTXSID30306668 DTXSID70344842 DTXSID90517319 DTXSID60340732 DTXSID30769214 DTXSID90306669 DTXSID90171536 DTXSID50832151 DTXSID90782323 DTXSID10771234 DTXSID7068001
DTXSID80700192	DTXSID30620215 DTXSID70665448 DTXSID10653127 DTXSID00646629 DTXSID50837444 DTXSID50701111 DTXSID70350302 DTXSID80627158 DTXSID80356057 DTXSID60578412 DTXSID50528168 DTXSID80516730 DTXSID40517460 DTXSID30646571 DTXSID10298976 DTXSID60646347 DTXSID50669924 DTXSID10508668 DTXSID70578549 DTXSID70553659
DTXSID90489587	DTXSID60456741 DTXSID50312908 DTXSID60444502 DTXSID00857657 DTXSID50599959 DTXSID30668051 DTXSID00515240 DTXSID50427622 DTXSID20599022 DTXSID30600355 DTXSID80625119 DTXSID70357679 DTXSID10380986 DTXSID20182216 DTXSID80676828 DTXSID20589302 DTXSID20351228 DTXSID80744470 DTXSID90291526 DTXSID40516574
DTXSID4022076	DTXSID10633424 DTXSID90541598 DTXSID00502150 DTXSID40843478 DTXSID60451498 DTXSID00405738 DTXSID10198806 DTXSID10627181 DTXSID60762692 DTXSID50837207 DTXSID00171365 DTXSID70449765 DTXSID10510948 DTXSID40543047 DTXSID60625556 DTXSID60523124 DTXSID20762693 DTXSID50440755 DTXSID90433782 DTXSID50637769
DTXSID70295163	DTXSID20277075 DTXSID70628018 DTXSID30856991 DTXSID70349519 DTXSID00462684 DTXSID60635458 DTXSID10430157 DTXSID90734029 DTXSID20295517 DTXSID60551669 DTXSID30876674 DTXSID20377125 DTXSID60470523 DTXSID40879338 DTXSID00617930 DTXSID9064007 DTXSID90626596 DTXSID20646803 DTXSID80465693 DTXSID6041769
DTXSID50436936	DTXSID20481099 DTXSID40406623 DTXSID00341268 DTXSID90424554 DTXSID30563198 DTXSID30852630 DTXSID20200005 DTXSID80241717 DTXSID80284725 DTXSID40552053 DTXSID80175861 DTXSID10292631 DTXSID00565689 DTXSID90485226 DTXSID10809501 DTXSID00206505 DTXSID10237007 DTXSID20159342 DTXSID30799591 DTXSID00579281
DTXSID80626883	DTXSID00622620 DTXSID90419162 DTXSID60671114 DTXSID60592557 DTXSID70489803 DTXSID20646308 DTXSID90625943 DTXSID10593776 DTXSID90331274 DTXSID40350132 DTXSID20595680 DTXSID80320773 DTXSID90613289 DTXSID80568895 DTXSID60695037 DTXSID10536082 DTXSID80293478 DTXSID80228902 DTXSID10533314 DTXSID00659436
DTXSID20442807	DTXSID90797093 DTXSID90398428 DTXSID80345805 DTXSID90339654 DTXSID00530115 DTXSID60795809 DTXSID50304964 DTXSID40632869 DTXSID80493638 DTXSID20370398 DTXSID90842471 DTXSID90668794 DTXSID00767909 DTXSID90177598 DTXSID10877629 DTXSID40211794 DTXSID30825243 DTXSID70670234 DTXSID20642441 DTXSID00439250
DTXSID70666536	DTXSID30661047 DTXSID10177934 DTXSID30694618 DTXSID70214273 DTXSID50187552 DTXSID50605887 DTXSID20580733 DTXSID10856212 DTXSID70377413 DTXSID90380868 DTXSID80302291 DTXSID80791540 DTXSID40398938 DTXSID20624964 DTXSID90355415 DTXSID70511118 DTXSID40711481 DTXSID40319300 DTXSID90325830 DTXSID70177935
DTXSID50457944	DTXSID50340226 DTXSID70460152 DTXSID40200784 DTXSID10404676 DTXSID80466206 DTXSID20431170 DTXSID70569078 DTXSID70792849 DTXSID40330590 DTXSID00391541 DTXSID10500324 DTXSID20341866 DTXSID00763380 DTXSID80496346 DTXSID10838811 DTXSID90784241 DTXSID30446093 DTXSID10456251 DTXSID60184971 DTXSID80169801
DTXSID40819355	DTXSID50662258 DTXSID60880648 DTXSID80340739 DTXSID40707566 DTXSID60759845 DTXSID40714614 DTXSID60552474 DTXSID60840328 DTXSID00841233 DTXSID20295330 DTXSID80836521 DTXSID60423817 DTXSID80599205 DTXSID30210675 DTXSID60195587 DTXSID20896780 DTXSID60515882 DTXSID20889036 DTXSID40887796 DTXSID70816731
DTXSID30856476	DTXSID80178751 DTXSID20578539 DTXSID40812861 DTXSID70659443 DTXSID30642230 DTXSID60729402 DTXSID30546800 DTXSID70663227 DTXSID20714718 DTXSID30490970 DTXSID10810733 DTXSID20364510 DTXSID20604968 DTXSID30577331 DTXSID80350737 DTXSID70787230 DTXSID90348963 DTXSID40611154 DTXSID40555903 DTXSID30352640
DTXSID90646895	DTXSID20382350 DTXSID90539399 DTXSID10753257 DTXSID80381501 DTXSID90331274 DTXSID80500114 DTXSID90162424 DTXSID70489803 DTXSID80626181 DTXSID80482123 DTXSID40671112 DTXSID10427320 DTXSID00382853 DTXSID50535857 DTXSID80573368 DTXSID60610700 DTXSID40407716 DTXSID80293478 DTXSID60671114 DTXSID40674643
DTXSID40815115	DTXSID40700032 DTXSID00771182 DTXSID50757779 DTXSID50845665 DTXSID20475751 DTXSID60790435 DTXSID20708556 DTXSID80381783 DTXSID60445433 DTXSID00494304 DTXSID60476803 DTXSID40494565 DTXSID40186074 DTXSID80466281 DTXSID70243806 DTXSID70607868 DTXSID40809372 DTXSID50851009 DTXSID10667643 DTXSID70278193
DTXSID00318455	DTXSID80436888 DTXSID30409264 DTXSID90733638 DTXSID40466085 DTXSID10537635 DTXSID20781223 DTXSID50652836 DTXSID30558488 DTXSID80551161 DTXSID50517234 DTXSID40642226 DTXSID20307225 DTXSID8047509 DTXSID60542052 DTXSID80695776 DTXSID30400690 DTXSID60214121 DTXSID70353111 DTXSID50300042 DTXSID10675228
DTXSID50346667	DTXSID60457071 DTXSID20612381 DTXSID40337105 DTXSID80198656 DTXSID00307829 DTXSID4034817 DTXSID90321852 DTXSID50210773 DTXSID20167427 DTXSID20502450 DTXSID50555378 DTXSID40847052 DTXSID60682265 DTXSID60486664 DTXSID20676943 DTXSID60458866 DTXSID30639701 DTXSID2026602 DTXSID40228701 DTXSID30675245
DTXSID90561099	DTXSID30675361 DTXSID40657032 DTXSID20568798 DTXSID50385172 DTXSID10412998 DTXSID00198037 DTXSID00675171 DTXSID90750941 DTXSID40677396 DTXSID80760271 DTXSID50804838 DTXSID40219538 DTXSID00834226 DTXSID90310261 DTXSID2068424 DTXSID40473875 DTXSID40190999 DTXSID40397845 DTXSID10580202 DTXSID30579431
DTXSID70239385	DTXSID80548516 DTXSID60221092 DTXSID3069982 DTXSID80351527 DTXSID60379527 DTXSID40703664 DTXSID70327150 DTXSID10727852 DTXSID40197327 DTXSID90497425 DTXSID30716324 DTXSID50590749 DTXSID00188933 DTXSID20611374 DTXSID50208059 DTXSID10392362 DTXSID20640881 DTXSID00384039 DTXSID90763672 DTXSID40528152
DTXSID80542938	DTXSID50557458 DTXSID10277443 DTXSID00832287 DTXSID90430256 DTXSID70280852 DTXSID30804992 DTXSID00314154 DTXSID80484844 DTXSID20418481 DTXSID90681564 DTXSID70326067 DTXSID20408685 DTXSID1067833 DTXSID80538619 DTXSID60631637 DTXSID90767079 DTXSID60373803 DTXSID50549631 DTXSID80787605 DTXSID80278947
DTXSID40243434	DTXSID40309701 DTXSID90570287 DTXSID10706283 DTXSID00568892 DTXSID20285670 DTXSID90553131 DTXSID70197512 DTXSID10343531 DTXSID70819621 DTXSID00430025 DTXSID90804993 DTXSID40243196 DTXSID20359360 DTXSID60277534 DTXSID50160981 DTXSID30590308 DTXSID80406844 DTXSID40531863 DTXSID70808676 DTXSID60462105
DTXSID40295776	DTXSID00672786 DTXSID60879315 DTXSID00703665 DTXSID00826525 DTXSID40717226 DTXSID30202090 DTXSID00659436 DTXSID70784229 DTXSID50236892 DTXSID30375511 DTXSID00806822 DTXSID20705222 DTXSID80568895 DTXSID00566611 DTXSID40561387 DTXSID40841515 DTXSID80698888 DTXSID10296836 DTXSID00876626 DTXSID30290992
DTXSID00896425	DTXSID60895999 DTXSID80186038 DTXSID20874240 DTXSID10849982 DTXSID30427761 DTXSID80470343 DTXSID10814392 DTXSID40896005 DTXSID10896214 DTXSID00428624 DTXSID50770943 DTXSID80785949 DTXSID90697584 DTXSID90808572 DTXSID30574648 DTXSID30192987 DTXSID4072233 DTXSID70322903 DTXSID20876805 DTXSID20162997
DTXSID70502324	DTXSID40876064 DTXSID20158431 DTXSID70317253 DTXSID70676812 DTXSID80211677 DTXSID90530760 DTXSID00408603 DTXSID30185571 DTXSID1020770 DTXSID50415544 DTXSID80536458 DTXSID10630059 DTXSID60544819 DTXSID20738797 DTXSID90767615 DTXSID70655440 DTXSID10888412 DTXSID00570430 DTXSID20476965 DTXSID70489489
DTXSID60734490	DTXSID30717210 DTXSID00876287 DTXSID10517912 DTXSID70373576 DTXSID50628091 DTXSID20393249 DTXSID80470843 DTXSID20793821 DTXSID90551056 DTXSID40713743 DTXSID30422675 DTXSID90739897 DTXSID10303695 DTXSID80588038 DTXSID50361411 DTXSID10148321 DTXSID7070769 DTXSID30167650 DTXSID30226478 DTXSID70469908
DTXSID60157009	DTXSID80733122 DTXSID80391327 DTXSID80593541 DTXSID60668963 DTXSID10288170 DTXSID60813951 DTXSID70657121 DTXSID90640813 DTXSID4060739 DTXSID80506515 DTXSID50190364 DTXSID00350315 DTXSID10621200 DTXSID40719260 DTXSID60512533 DTXSID10474339 DTXSID60365925 DTXSID20542199 DTXSID40319825 DTXSID90674537
DTXSID90892294	DTXSID20603350 DTXSID10291624 DTXSID40176334 DTXSID00359060 DTXSID10394881 DTXSID70157217 DTXSID40734716 DTXSID80481954 DTXSID50350724 DTXSID70395576 DTXSID90697367 DTXSID20799641 DTXSID80737281 DTXSID50664656 DTXSID10167355 DTXSID00154815 DTXSID10154821 DTXSID00658469 DTXSID80397783 DTXSID20282922
DTXSID20737725	DTXSID80541481 DTXSID80506732 DTXSID40820608 DTXSID40641234 DTXSID10390348 DTXSID80238102 DTXSID20805731 DTXSID10667542 DTXSID90284610 DTXSID60834161 DTXSID20554217 DTXSID20454682 DTXSID6070560 DTXSID30333176 DTXSID90445022 DTXSID20744171 DTXSID80639059 DTXSID60499097 DTXSID20675239 DTXSID30448451
DTXSID60401296	DTXSID30716667 DTXSID00374899 DTXSID70672798 DTXSID50809828 DTXSID30282190 DTXSID30761213 DTXSID00156475 DTXSID80560576 DTXSID40533160 DTXSID60622580 DTXSID60325625 DTXSID20656063 DTXSID60742111 DTXSID30657804 DTXSID40466202 DTXSID90435044 DTXSID00585347 DTXSID60875796 DTXSID50181656 DTXSID00469355
DTXSID20370717	DTXSID60829072 DTXSID60289273 DTXSID30714365 DTXSID1044514 DTXSID70281485 DTXSID70317031 DTXSID40751488 DTXSID60667577 DTXSID70671600 DTXSID50226213 DTXSID70591854 DTXSID10314701 DTXSID00410423 DTXSID50801589 DTXSID40396919 DTXSID30718969 DTXSID40676425 DTXSID30458691 DTXSID40211577 DTXSID80713888
DTXSID70789032	DTXSID00550772 DTXSID80615616 DTXSID2037714 DTXSID30394525 DTXSID10334005 DTXSID90339518 DTXSID40343786 DTXSID20478080 DTXSID00635816 DTXSID70675643 DTXSID10580808 DTXSID90294037 DTXSID00334771 DTXSID10528402 DTXSID70571818 DTXSID30510329 DTXSID10567932 DTXSID80478086 DTXSID80340113 DTXSID10525618
DTXSID00730012	DTXSID80656180 DTXSID60187083 DTXSID50304707 DTXSID90840538 DTXSID50646755 DTXSID20834086 DTXSID30787357 DTXSID60739526 DTXSID30843644 DTXSID10618519 DTXSID20325065 DTXSID50697429 DTXSID20656063 DTXSID90695323 DTXSID00299730 DTXSID70202337 DTXSID50631606 DTXSID2071071 DTXSID20879472 DTXSID00585347
DTXSID80844909	DTXSID10736287 DTXSID60810940 DTXSID20844908 DTXSID10388942 DTXSID80234563 DTXSID60776815 DTXSID60715789 DTXSID00404029 DTXSID50752865 DTXSID90152264 DTXSID20288823 DTXSID60772473 DTXSID50820432 DTXSID3070418 DTXSID90292492 DTXSID10852012 DTXSID20776896 DTXSID80232084 DTXSID5061085 DTXSID40869951
DTXSID80275835	DTXSID40194710 DTXSID60478428 DTXSID0046513 DTXSID40601636 DTXSID70399014 DTXSID20837451 DTXSID50552443 DTXSID80437850 DTXSID1040247 DTXSID80331586 DTXSID20806607 DTXSID80766536 DTXSID80601635 DTXSID1070856 DTXSID50404352 DTXSID30772566 DTXSID60388215 DTXSID80814501 DTXSID90443907 DTXSID50718047
DTXSID80573166	DTXSID90618092 DTXSID60214045 DTXSID60734410 DTXSID10436811 DTXSID10475068 DTXSID50745414 DTXSID20708778 DTXSID10646473 DTXSID10693482 DTXSID00810742 DTXSID30618374 DTXSID20646505 DTXSID80494605 DTXSID70415420 DTXSID30775971 DTXSID20457279 DTXSID80681992 DTXSID80211218 DTXSID90719730 DTXSID30550669
DTXSID50302763	DTXSID30554167 DTXSID40528556 DTXSID00480065 DTXSID60475730 DTXSID40663532 DTXSID20148115 DTXSID00440467 DTXSID00295277 DTXSID30566624 DTXSID80752499 DTXSID50853725 DTXSID00373721 DTXSID40388879 DTXSID30418775 DTXSID30341913 DTXSID20467313 DTXSID30811020 DTXSID00641119 DTXSID00361249 DTXSID00544772
DTXSID30165636	DTXSID90366985 DTXSID80834981 DTXSID90730243 DTXSID90527650 DTXSID80519504 DTXSID00774294 DTXSID30496230 DTXSID40190474 DTXSID20449336 DTXSID50640374 DTXSID30818579 DTXSID50758726 DTXSID70562589 DTXSID50603343 DTXSID8036653 DTXSID20288681 DTXSID40276348 DTXSID30542463 DTXSID30874115 DTXSID20822403
DTXSID90657865	DTXSID70369696 DTXSID30313635 DTXSID30309654 DTXSID10169758 DTXSID00287899 DTXSID50761275 DTXSID10494193 DTXSID60598918 DTXSID60803872 DTXSID80640443 DTXSID80355863 DTXSID50704788 DTXSID90405585 DTXSID7041625 DTXSID50879142 DTXSID00382030 DTXSID60798719 DTXSID90407221 DTXSID20758435 DTXSID60646342
DTXSID10395035	DTXSID80724015 DTXSID50228318 DTXSID30423703 DTXSID10292499 DTXSID40405636 DTXSID60556013 DTXSID70238095 DTXSID60435793 DTXSID00314654 DTXSID10805306 DTXSID10659285 DTXSID00309808 DTXSID90434118 DTXSID40820466 DTXSID00846581 DTXSID50292099 DTXSID70397272 DTXSID30659560 DTXSID40349804 DTXSID00606980
DTXSID90821201	DTXSID00292362 DTXSID40385343 DTXSID20676403 DTXSID90151732 DTXSID10498196 DTXSID10700887 DTXSID10660816 DTXSID90850713 DTXSID90572428 DTXSID9044293 DTXSID40721964 DTXSID40753881 DTXSID70434232 DTXSID80447398 DTXSID10649883 DTXSID70732487 DTXSID90330222 DTXSID90778569 DTXSID60240667 DTXSID60667653
DTXSID00197808	DTXSID10305518 DTXSID40455873 DTXSID80740472 DTXSID10599056 DTXSID50701934 DTXSID50846531 DTXSID20423873 DTXSID70798725 DTXSID70523594 DTXSID10835749 DTXSID30463806 DTXSID20229796 DTXSID40163406 DTXSID70487304 DTXSID10682199 DTXSID30753395 DTXSID70563071 DTXSID00725887 DTXSID30815008 DTXSID80795720
DTXSID80495753	DTXSID40523066 DTXSID70828995 DTXSID80604000 DTXSID80482421 DTXSID90439542 DTXSID30641187 DTXSID40751706 DTXSID20323405 DTXSID40693273 DTXSID10572526 DTXSID90843903 DTXSID70431468 DTXSID60206102 DTXSID10345656 DTXSID30234336 DTXSID70383670 DTXSID90708402 DTXSID00440826 DTXSID20879593 DTXSID40230026
DTXSID70883569	DTXSID1068437 DTXSID30517191 DTXSID10399275 DTXSID30787579 DTXSID40490704 DTXSID20674247 DTXSID10805644 DTXSID40288087 DTXSID00446909 DTXSID70505077 DTXSID60395601 DTXSID80585729 DTXSID00375386 DTXSID40775720 DTXSID00818920 DTXSID80815270 DTXSID90571976 DTXSID7067089 DTXSID80563921 DTXSID10368683
DTXSID60535000	DTXSID50473568 DTXSID40345927 DTXSID80336298 DTXSID00377461 DTXSID90753952 DTXSID90640611 DTXSID40571527 DTXSID50487988 DTXSID70337855 DTXSID30378209 DTXSID20677995 DTXSID30830751 DTXSID90712105 DTXSID10398581 DTXSID00825275 DTXSID20238166 DTXSID30303157 DTXSID5073666 DTXSID10283726 DTXSID60620389
DTXSID20516936	DTXSID90389316 DTXSID90476876 DTXSID70856415 DTXSID00649993 DTXSID70805004 DTXSID30280217 DTXSID20607676 DTXSID50374021 DTXSID10355255 DTXSID70364282 DTXSID80696107 DTXSID40334412 DTXSID50646174 DTXSID50418656 DTXSID40459179 DTXSID40674401 DTXSID10668938 DTXSID00383860 DTXSID70631249 DTXSID70403362
DTXSID60875812	DTXSID70889001 DTXSID60161040 DTXSID40877197 DTXSID30789432 DTXSID30317294 DTXSID90312927 DTXSID90794628 DTXSID90222451 DTXSID00877198 DTXSID30889002 DTXSID40698521 DTXSID60896426 DTXSID40376130 DTXSID30791999 DTXSID00430101 DTXSID10896395 DTXSID60896042 DTXSID60327083 DTXSID50523178 DTXSID30896094
DTXSID90796788	DTXSID30408717 DTXSID80742456 DTXSID50816739 DTXSID00161882 DTXSID90445481 DTXSID60795081 DTXSID30865700 DTXSID70709896 DTXSID10770565 DTXSID00632966 DTXSID10577450 DTXSID40838642 DTXSID30851466 DTXSID40816728 DTXSID40462365 DTXSID90533897 DTXSID60813436 DTXSID80783304 DTXSID20613499 DTXSID90286816
DTXSID60729402	DTXSID30490970 DTXSID30642230 DTXSID70659443 DTXSID80350737 DTXSID10810733 DTXSID80463452 DTXSID20364510 DTXSID40684601 DTXSID40756736 DTXSID20222787 DTXSID30546800 DTXSID30856476 DTXSID20604968 DTXSID70787230 DTXSID00326196 DTXSID20578539 DTXSID40812861 DTXSID80178751 DTXSID10359430 DTXSID00452045
DTXSID90574381	DTXSID20534998 DTXSID40808289 DTXSID00281054 DTXSID80728891 DTXSID50372082 DTXSID20429017 DTXSID70619067 DTXSID40593845 DTXSID10506922 DTXSID00769246 DTXSID40444308 DTXSID80487471 DTXSID80492207 DTXSID70471389 DTXSID70325535 DTXSID80291934 DTXSID00618008 DTXSID30672274 DTXSID10344169 DTXSID30726064
DTXSID80730651	DTXSID50238654 DTXSID40729122 DTXSID90315231 DTXSID40831017 DTXSID10697122 DTXSID70341891 DTXSID90198723 DTXSID80292143 DTXSID9046865 DTXSID60729604 DTXSID20324255 DTXSID90174022 DTXSID90159298 DTXSID60716933 DTXSID00622867 DTXSID70385795 DTXSID30295169 DTXSID10653460 DTXSID80618041 DTXSID80496604
DTXSID00855931	DTXSID40187829 DTXSID00429853 DTXSID50824511 DTXSID80822181 DTXSID70353797 DTXSID40406567 DTXSID90548921 DTXSID00488329 DTXSID80666542 DTXSID50447183 DTXSID70705772 DTXSID70394983 DTXSID90646759 DTXSID10640052 DTXSID50679149 DTXSID90234635 DTXSID90362083 DTXSID30505255 DTXSID40282005 DTXSID90182581
DTXSID20517180	DTXSID00510836 DTXSID80734013 DTXSID40310256 DTXSID50551618 DTXSID20732412 DTXSID90557134 DTXSID70834470 DTXSID00606642 DTXSID40408768 DTXSID10532468 DTXSID80600986 DTXSID60242525 DTXSID00506597 DTXSID60378691 DTXSID80323385 DTXSID40432846 DTXSID90209803 DTXSID90306821 DTXSID90175897 DTXSID80374337
DTXSID70547371	DTXSID80553342 DTXSID80619876 DTXSID40529149 DTXSID60848061 DTXSID60600484 DTXSID40585508 DTXSID00856766 DTXSID60722519 DTXSID70795315 DTXSID80820804 DTXSID00833719 DTXSID00568731 DTXSID70799373 DTXSID10494052 DTXSID50509992 DTXSID40814724 DTXSID50467003 DTXSID10728889 DTXSID80754296 DTXSID30625664
DTXSID60766978	DTXSID60172570 DTXSID60451877 DTXSID30767674 DTXSID70476117 DTXSID30550023 DTXSID80354371 DTXSID20516815 DTXSID80540737 DTXSID90166301 DTXSID5021625 DTXSID30738485 DTXSID1068302 DTXSID90553656 DTXSID00162071 DTXSID50524827 DTXSID30402492 DTXSID00186792 DTXSID80568138 DTXSID00839978 DTXSID50277442
DTXSID70280392	DTXSID50447744 DTXSID6046264 DTXSID80384572 DTXSID70300165 DTXSID30159237 DTXSID00852122 DTXSID30821164 DTXSID90223180 DTXSID3048316 DTXSID70224791 DTXSID60642223 DTXSID10641428 DTXSID50290212 DTXSID70393496 DTXSID40484168 DTXSID80625058 DTXSID40891611 DTXSID70558604 DTXSID50604471 DTXSID30395714
DTXSID00710657	DTXSID10432691 DTXSID50559694 DTXSID60876142 DTXSID30542463 DTXSID80753441 DTXSID80795366 DTXSID70439227 DTXSID70299606 DTXSID00179881 DTXSID60675475 DTXSID50388749 DTXSID40695111 DTXSID00653050 DTXSID40276348 DTXSID30874115 DTXSID90502841 DTXSID40786316 DTXSID50640374 DTXSID40326736 DTXSID70379053
DTXSID70588229	DTXSID10682417 DTXSID40646289 DTXSID30734407 DTXSID80724732 DTXSID90694856 DTXSID50726783 DTXSID80733763 DTXSID20646505 DTXSID80681992 DTXSID10238817 DTXSID10693482 DTXSID20415399 DTXSID30571112 DTXSID20708778 DTXSID20681991 DTXSID80598016 DTXSID20457279 DTXSID50722189 DTXSID80565980 DTXSID10477784
DTXSID00681696	DTXSID90706185 DTXSID30842718 DTXSID00731322 DTXSID80296964 DTXSID80825970 DTXSID60432929 DTXSID40724470 DTXSID70392924 DTXSID20623710 DTXSID60435733 DTXSID7063421 DTXSID70601927 DTXSID10298456 DTXSID60831973 DTXSID20726376 DTXSID80552653 DTXSID30675048 DTXSID40346691 DTXSID10847428 DTXSID40676763
DTXSID40837933	DTXSID90162823 DTXSID80142896 DTXSID40469056 DTXSID90155270 DTXSID40874762 DTXSID40201938 DTXSID70850690 DTXSID40333127 DTXSID10166383 DTXSID60874764 DTXSID40823497 DTXSID90214876 DTXSID10218654 DTXSID30874892 DTXSID40823513 DTXSID80584131 DTXSID10402758 DTXSID70300044 DTXSID30851507 DTXSID80773083
DTXSID60570299	DTXSID70801288 DTXSID10335956 DTXSID80530991 DTXSID70360269 DTXSID30385655 DTXSID10698513 DTXSID60768518 DTXSID00726213 DTXSID80567565 DTXSID80548536 DTXSID50660638 DTXSID90718526 DTXSID50701217 DTXSID40386395 DTXSID00827012 DTXSID90407180 DTXSID70282538 DTXSID30388904 DTXSID90213687 DTXSID30651120
DTXSID50804050	DTXSID10282456 DTXSID60834222 DTXSID30756543 DTXSID80598596 DTXSID50313596 DTXSID10371692 DTXSID50433142 DTXSID20595206 DTXSID90479640 DTXSID00661216 DTXSID70528064 DTXSID40296925 DTXSID10156704 DTXSID10364382 DTXSID20144394 DTXSID00592430 DTXSID40733941 DTXSID40804983 DTXSID30541491 DTXSID10547299
DTXSID00667551	DTXSID30578828 DTXSID60451392 DTXSID7051686 DTXSID80509708 DTXSID80434162 DTXSID70275501 DTXSID80397324 DTXSID00651450 DTXSID70478419 DTXSID00887994 DTXSID00186010 DTXSID70557910 DTXSID50441368 DTXSID10824299 DTXSID50712227 DTXSID40427974 DTXSID40384679 DTXSID50382722 DTXSID30489122 DTXSID20579647
DTXSID90674855	DTXSID70822711 DTXSID20630964 DTXSID00275099 DTXSID10767637 DTXSID50675348 DTXSID80633759 DTXSID80885913 DTXSID60749342 DTXSID50320407 DTXSID10587852 DTXSID30218212 DTXSID50170787 DTXSID10605045 DTXSID20604387 DTXSID80816742 DTXSID90413625 DTXSID90816733 DTXSID00638044 DTXSID90750981 DTXSID70536543
DTXSID80553706	DTXSID50395812 DTXSID30454996 DTXSID40577867 DTXSID10577576 DTXSID80452745 DTXSID60229255 DTXSID40721469 DTXSID20716575 DTXSID50527777 DTXSID70328364 DTXSID20455750 DTXSID20509883 DTXSID60493474 DTXSID80613339 DTXSID80502759 DTXSID20552238 DTXSID50621249 DTXSID40183664 DTXSID70877089 DTXSID20722510
DTXSID20516850	DTXSID90808375 DTXSID40666346 DTXSID70309653 DTXSID60464760 DTXSID30322782 DTXSID40352752 DTXSID80570276 DTXSID80199264 DTXSID90354903 DTXSID80354891 DTXSID10349912 DTXSID50660936 DTXSID00323105 DTXSID90316763 DTXSID00425214 DTXSID30482714 DTXSID90813707 DTXSID20159226 DTXSID30642477 DTXSID20631173
DTXSID00202365	DTXSID50343292 DTXSID50562800 DTXSID10443666 DTXSID4047541 DTXSID90759515 DTXSID70167255 DTXSID20456106 DTXSID00445639 DTXSID90291501 DTXSID00652780 DTXSID90707415 DTXSID90720189 DTXSID00848106 DTXSID20627495 DTXSID50460438 DTXSID70849923 DTXSID90339295 DTXSID30791772 DTXSID00171840 DTXSID10214196
DTXSID80162953	DTXSID70693842 DTXSID00391501 DTXSID80701725 DTXSID60394275 DTXSID80657117 DTXSID90669140 DTXSID10668655 DTXSID30627002 DTXSID50165017 DTXSID80392056 DTXSID40528157 DTXSID40515688 DTXSID00393727 DTXSID20352715 DTXSID60319443 DTXSID90648819 DTXSID20576136 DTXSID40508893 DTXSID30223841 DTXSID30663980
DTXSID90454937	DTXSID90506566 DTXSID90578703 DTXSID90379934 DTXSID40482427 DTXSID30363079 DTXSID70572300 DTXSID60227615 DTXSID20649435 DTXSID60665472 DTXSID00623359 DTXSID10642192 DTXSID40655977 DTXSID10560963 DTXSID60501962 DTXSID20222787 DTXSID60372553 DTXSID50853664 DTXSID00774916 DTXSID90707556 DTXSID40722214
DTXSID70360269	DTXSID30385655 DTXSID50701217 DTXSID60570299 DTXSID70801288 DTXSID90718526 DTXSID80440703 DTXSID70282538 DTXSID10698513 DTXSID50473503 DTXSID10335956 DTXSID10529858 DTXSID30388904 DTXSID50150201 DTXSID80530991 DTXSID90213687 DTXSID1052664 DTXSID80786658 DTXSID40386395 DTXSID00726213 DTXSID60768518
DTXSID90313550	DTXSID70764920 DTXSID20832421 DTXSID60776895 DTXSID80528696 DTXSID90344864 DTXSID60586193 DTXSID30711637 DTXSID20332552 DTXSID70814070 DTXSID70493445 DTXSID40390038 DTXSID20876587 DTXSID7067401 DTXSID00639591 DTXSID50165719 DTXSID90543810 DTXSID00236589 DTXSID80598798 DTXSID20662927 DTXSID50579054
DTXSID80496402	DTXSID00766437 DTXSID00407818 DTXSID20663414 DTXSID80766172 DTXSID50778944 DTXSID1063435 DTXSID80407659 DTXSID60503325 DTXSID20431438 DTXSID30162665 DTXSID50383092 DTXSID80374438 DTXSID40354256 DTXSID00186358 DTXSID60588132 DTXSID90592505 DTXSID30686896 DTXSID90688538 DTXSID60424460 DTXSID80175922
DTXSID30225522	DTXSID60193886 DTXSID0060066 DTXSID80792577 DTXSID50534885 DTXSID00320477 DTXSID20734618 DTXSID00706676 DTXSID70703874 DTXSID70233722 DTXSID90302949 DTXSID70877569 DTXSID00510558 DTXSID30819187 DTXSID30727894 DTXSID20699051 DTXSID30560844 DTXSID10704628 DTXSID30612413 DTXSID30431606 DTXSID10575971
DTXSID30707813	DTXSID40828008 DTXSID40220346 DTXSID80891978 DTXSID40501107 DTXSID30821189 DTXSID00160890 DTXSID30763535 DTXSID00343121 DTXSID20163666 DTXSID80781800 DTXSID80708279 DTXSID8070417 DTXSID60146670 DTXSID40705946 DTXSID0075027 DTXSID90591033 DTXSID70781576 DTXSID80773745 DTXSID80579724 DTXSID2058122
DTXSID80588038	DTXSID90739897 DTXSID80470843 DTXSID20846467 DTXSID50667344 DTXSID70538885 DTXSID50628091 DTXSID20393249 DTXSID40713743 DTXSID70373576 DTXSID40809650 DTXSID10148321 DTXSID50361411 DTXSID70891588 DTXSID00566070 DTXSID60734490 DTXSID90551056 DTXSID60763987 DTXSID30717210 DTXSID10517912 DTXSID00876287
DTXSID70425867	DTXSID80588290 DTXSID90755017 DTXSID10850376 DTXSID60809374 DTXSID30589373 DTXSID60277534 DTXSID30675508 DTXSID10642415 DTXSID20424284 DTXSID50160981 DTXSID60462105 DTXSID80406844 DTXSID10343531 DTXSID40596295 DTXSID50196028 DTXSID00317766 DTXSID30729499 DTXSID60597325 DTXSID70324861 DTXSID10606552
DTXSID8029072	DTXSID60664208 DTXSID30679061 DTXSID70730968 DTXSID90218415 DTXSID20666384 DTXSID10499709 DTXSID10289940 DTXSID50601344 DTXSID10368805 DTXSID00446065 DTXSID50333673 DTXSID70440979 DTXSID60763189 DTXSID50361299 DTXSID40293131 DTXSID30534747 DTXSID80650360 DTXSID80556555 DTXSID10815440 DTXSID40494863
DTXSID60221092	DTXSID70239385 DTXSID80548516 DTXSID00188933 DTXSID90763672 DTXSID10727852 DTXSID20640881 DTXSID70327150 DTXSID10392362 DTXSID20611374 DTXSID10708742 DTXSID80351527 DTXSID00384039 DTXSID3069982 DTXSID40536090 DTXSID50830854 DTXSID10367090 DTXSID40703664 DTXSID60733408 DTXSID1060712 DTXSID60379527
DTXSID20697239	DTXSID90293308 DTXSID50708403 DTXSID40846969 DTXSID30617640 DTXSID60833316 DTXSID40365761 DTXSID20352992 DTXSID80450049 DTXSID60442705 DTXSID50408597 DTXSID50388229 DTXSID10436856 DTXSID10512301 DTXSID00192772 DTXSID10388588 DTXSID20790592 DTXSID20285195 DTXSID00358154 DTXSID40291475 DTXSID10563075
DTXSID40781846	DTXSID80808061 DTXSID90721252 DTXSID90801740 DTXSID10806954 DTXSID30707171 DTXSID40277350 DTXSID7066148 DTXSID20411452 DTXSID60751309 DTXSID80793165 DTXSID90660430 DTXSID20195063 DTXSID70700545 DTXSID5052628 DTXSID60827836 DTXSID40208523 DTXSID6063511 DTXSID90765171 DTXSID10783438 DTXSID3064437
DTXSID10463324	DTXSID9058155 DTXSID80704312 DTXSID20785226 DTXSID40279773 DTXSID60603455 DTXSID40456163 DTXSID90343534 DTXSID50879743 DTXSID90439183 DTXSID90628893 DTXSID00323564 DTXSID20707923 DTXSID30460577 DTXSID90320648 DTXSID70357452 DTXSID00811431 DTXSID20572759 DTXSID50375432 DTXSID00606703 DTXSID10441061
DTXSID10646413	DTXSID90370966 DTXSID90406719 DTXSID30371053 DTXSID90693208 DTXSID60561849 DTXSID80733081 DTXSID40478209 DTXSID00646220 DTXSID70616314 DTXSID00857591 DTXSID30401026 DTXSID00214044 DTXSID80563209 DTXSID40517460 DTXSID80516730 DTXSID20634806 DTXSID80356057 DTXSID10777190 DTXSID10308665 DTXSID70646297
DTXSID40829772	DTXSID60527804 DTXSID70548767 DTXSID00427450 DTXSID80744157 DTXSID70545195 DTXSID70191611 DTXSID20640624 DTXSID70660978 DTXSID70452633 DTXSID2046836 DTXSID40654925 DTXSID70196484 DTXSID60444729 DTXSID90281785 DTXSID20641272 DTXSID30848472 DTXSID60192657 DTXSID20702716 DTXSID90680572 DTXSID90358168
DTXSID70802775	DTXSID60177348 DTXSID00372618 DTXSID90344526 DTXSID80181841 DTXSID10316220 DTXSID80597524 DTXSID30661188 DTXSID90518543 DTXSID10367292 DTXSID40233512 DTXSID40170039 DTXSID60550556 DTXSID20742591 DTXSID30676515 DTXSID80404426 DTXSID30444296 DTXSID70794227 DTXSID80449256 DTXSID8047509 DTXSID90429206
DTXSID30798185	DTXSID50761336 DTXSID90798186 DTXSID40662505 DTXSID10211044 DTXSID60490529 DTXSID60783822 DTXSID90751271 DTXSID30336223 DTXSID20793487 DTXSID00515129 DTXSID50655685 DTXSID00504311 DTXSID3075335 DTXSID60295137 DTXSID30398346 DTXSID30385716 DTXSID50658550 DTXSID00809530 DTXSID00197762 DTXSID50345231
DTXSID70744909	DTXSID70504686 DTXSID40191264 DTXSID10179115 DTXSID20718998 DTXSID70334960 DTXSID50395110 DTXSID20368295 DTXSID50483384 DTXSID60536810 DTXSID80343442 DTXSID90461989 DTXSID90698511 DTXSID80501489 DTXSID10483385 DTXSID6036885 DTXSID00559149 DTXSID20291539 DTXSID10408856 DTXSID40757309 DTXSID70449649
DTXSID20604387	DTXSID10587852 DTXSID10605045 DTXSID10767637 DTXSID80885913 DTXSID10880678 DTXSID00275099 DTXSID50798425 DTXSID20630964 DTXSID50528269 DTXSID10400032 DTXSID50170787 DTXSID90674855 DTXSID60749342 DTXSID80506131 DTXSID10391618 DTXSID90565294 DTXSID30326104 DTXSID50693663 DTXSID40675236 DTXSID50858472
DTXSID9068742	DTXSID70400336 DTXSID30828991 DTXSID00571028 DTXSID10364706 DTXSID80346776 DTXSID5066748 DTXSID10708267 DTXSID70712704 DTXSID00604284 DTXSID20314595 DTXSID40322470 DTXSID20590216 DTXSID80407917 DTXSID30606231 DTXSID50818117 DTXSID80509162 DTXSID00701489 DTXSID70593232 DTXSID40762559 DTXSID80843614
DTXSID90720280	DTXSID10213689 DTXSID80442020 DTXSID30406096 DTXSID30639766 DTXSID60510918 DTXSID10801287 DTXSID40558595 DTXSID80624889 DTXSID10176321 DTXSID50679866 DTXSID00635816 DTXSID90294037 DTXSID10647905 DTXSID90341893 DTXSID40343786 DTXSID60364059 DTXSID70212678 DTXSID10567932 DTXSID00550772 DTXSID2037714
DTXSID90705799	DTXSID10313532 DTXSID50724466 DTXSID2040280 DTXSID0046147 DTXSID00190899 DTXSID00587583 DTXSID20502450 DTXSID2026602 DTXSID00223116 DTXSID40544695 DTXSID20550310 DTXSID40815312 DTXSID80287832 DTXSID80357468 DTXSID80484561 DTXSID70176408 DTXSID60486664 DTXSID10765032 DTXSID00719160 DTXSID20582919
DTXSID10820291	DTXSID80438903 DTXSID40464884 DTXSID30678498 DTXSID90397557 DTXSID30362789 DTXSID20603496 DTXSID30627547 DTXSID60341340 DTXSID40677391 DTXSID40523006 DTXSID00440826 DTXSID60308998 DTXSID70506822 DTXSID00303922 DTXSID20803419 DTXSID30157839 DTXSID30641187 DTXSID80537829 DTXSID00436880 DTXSID80660101
DTXSID90494237	DTXSID00455874 DTXSID80351663 DTXSID40494060 DTXSID2062032 DTXSID60344275 DTXSID40300394 DTXSID80388515 DTXSID20664825 DTXSID50294013 DTXSID70171099 DTXSID50361299 DTXSID90807202 DTXSID40674401 DTXSID00289818 DTXSID50616953 DTXSID50369997 DTXSID50646174 DTXSID70172723 DTXSID00526659 DTXSID80556555
DTXSID40620145	DTXSID60825514 DTXSID30617968 DTXSID00531041 DTXSID50551916 DTXSID40784357 DTXSID70630333 DTXSID30554965 DTXSID90826519 DTXSID00330692 DTXSID20524016 DTXSID40585689 DTXSID00589805 DTXSID20857598 DTXSID70507379 DTXSID90361339 DTXSID00464704 DTXSID30288591 DTXSID00145708 DTXSID00364871 DTXSID10211645
DTXSID20203379	DTXSID70507091 DTXSID70531336 DTXSID00542970 DTXSID50568185 DTXSID60513909 DTXSID20443455 DTXSID60219237 DTXSID40285733 DTXSID70825323 DTXSID80615999 DTXSID70325893 DTXSID60183020 DTXSID80332674 DTXSID10825483 DTXSID00816724 DTXSID90825320 DTXSID00340731 DTXSID90449848 DTXSID50786221 DTXSID70545211
DTXSID00510558	DTXSID50814992 DTXSID70877569 DTXSID10575971 DTXSID10653869 DTXSID50534885 DTXSID0060066 DTXSID60721022 DTXSID00320477 DTXSID90302949 DTXSID90723352 DTXSID30819187 DTXSID80208300 DTXSID70233722 DTXSID20734618 DTXSID60678188 DTXSID30225522 DTXSID80836369 DTXSID30727894 DTXSID20699051 DTXSID10711433
DTXSID1067833	DTXSID20408685 DTXSID90791359 DTXSID70815446 DTXSID80196773 DTXSID80538619 DTXSID50837267 DTXSID90430256 DTXSID70280852 DTXSID10384429 DTXSID90767079 DTXSID60631637 DTXSID60196094 DTXSID80787605 DTXSID70668959 DTXSID90699861 DTXSID70645886 DTXSID80542938 DTXSID70875984 DTXSID80325723 DTXSID50846172
DTXSID50296032	DTXSID60174953 DTXSID10521453 DTXSID80775204 DTXSID40720078 DTXSID70832254 DTXSID9058941 DTXSID10405885 DTXSID00406003 DTXSID00667490 DTXSID80289376 DTXSID1052664 DTXSID60287734 DTXSID30447181 DTXSID80791444 DTXSID70540044 DTXSID00827012 DTXSID30874251 DTXSID30388904 DTXSID50150201 DTXSID60651118
DTXSID20327009	DTXSID80631275 DTXSID80442686 DTXSID20798412 DTXSID30144305 DTXSID40194558 DTXSID40773983 DTXSID50662359 DTXSID90445805 DTXSID40308693 DTXSID80558271 DTXSID80324357 DTXSID20151705 DTXSID10712889 DTXSID40617934 DTXSID90759338 DTXSID80367921 DTXSID60221411 DTXSID50218416 DTXSID20416442 DTXSID10199636
DTXSID20406202	DTXSID10675647 DTXSID00299730 DTXSID40199841 DTXSID30521950 DTXSID90840538 DTXSID90695323 DTXSID8060610 DTXSID50512269 DTXSID30678938 DTXSID80740250 DTXSID30223629 DTXSID10618519 DTXSID50722604 DTXSID30591214 DTXSID00356392 DTXSID60739526 DTXSID60470846 DTXSID10177550 DTXSID60879411 DTXSID00646760
DTXSID50144802	DTXSID80492267 DTXSID30845542 DTXSID10592128 DTXSID20765967 DTXSID9070612 DTXSID7071024 DTXSID6052039 DTXSID80552597 DTXSID90592080 DTXSID30813064 DTXSID30503079 DTXSID00667394 DTXSID2059275 DTXSID50805163 DTXSID60368274 DTXSID70786945 DTXSID4072316 DTXSID90500923 DTXSID90440375 DTXSID10738281
DTXSID00307642	DTXSID50283447 DTXSID10694595 DTXSID60383684 DTXSID40390270 DTXSID10427320 DTXSID80428006 DTXSID00736695 DTXSID60610700 DTXSID60307643 DTXSID20436221 DTXSID30646571 DTXSID90847123 DTXSID40432169 DTXSID00211053 DTXSID70350302 DTXSID90594246 DTXSID80500114 DTXSID80505982 DTXSID30646551 DTXSID20223597
DTXSID40757268	DTXSID50425244 DTXSID50290212 DTXSID00735784 DTXSID10676997 DTXSID40835055 DTXSID60290586 DTXSID40641294 DTXSID70645886 DTXSID10641428 DTXSID10144424 DTXSID70300165 DTXSID00641295 DTXSID90223180 DTXSID90454396 DTXSID70891442 DTXSID90699861 DTXSID90812856 DTXSID60589583 DTXSID80472908 DTXSID40606782
DTXSID10822679	DTXSID30543410 DTXSID80468609 DTXSID20741069 DTXSID00793728 DTXSID70242536 DTXSID00699514 DTXSID80705607 DTXSID80546739 DTXSID70233808 DTXSID50737490 DTXSID20341664 DTXSID80278447 DTXSID30191576 DTXSID60711882 DTXSID20280781 DTXSID30827388 DTXSID70346765 DTXSID80195024 DTXSID60826960 DTXSID10783832
DTXSID90772845	DTXSID80630460 DTXSID10624458 DTXSID20654908 DTXSID60696569 DTXSID10193937 DTXSID50806832 DTXSID30181270 DTXSID60455133 DTXSID10657448 DTXSID20561608 DTXSID30725613 DTXSID10458452 DTXSID10571610 DTXSID10756167 DTXSID1020724 DTXSID50277765 DTXSID20723749 DTXSID9074642 DTXSID60760855 DTXSID40657471
DTXSID20364550	DTXSID00876525 DTXSID20278103 DTXSID70505355 DTXSID80694441 DTXSID70579435 DTXSID50605327 DTXSID00590557 DTXSID50738063 DTXSID80765726 DTXSID2052360 DTXSID60310778 DTXSID60830143 DTXSID60381564 DTXSID80763489 DTXSID8070542 DTXSID50538186 DTXSID80790533 DTXSID0052386 DTXSID00813839 DTXSID10277564
DTXSID70439005	DTXSID40751968 DTXSID10551876 DTXSID20888226 DTXSID50469825 DTXSID70817627 DTXSID00655190 DTXSID60816765 DTXSID1042659 DTXSID00764791 DTXSID20463411 DTXSID50296299 DTXSID10699207 DTXSID40711103 DTXSID30656776 DTXSID20567049 DTXSID60448429 DTXSID50838597 DTXSID70645649 DTXSID50675242 DTXSID70880654
DTXSID10303190	DTXSID20478323 DTXSID40738931 DTXSID90560582 DTXSID80162079 DTXSID30675003 DTXSID30291883 DTXSID40325507 DTXSID20719167 DTXSID20605758 DTXSID20593303 DTXSID20735721 DTXSID80534575 DTXSID50471468 DTXSID30217503 DTXSID90726161 DTXSID80694466 DTXSID40450924 DTXSID70393390 DTXSID70697582 DTXSID10694474
DTXSID20797647	DTXSID70574283 DTXSID10744741 DTXSID90693561 DTXSID00767500 DTXSID30155633 DTXSID10843167 DTXSID90278413 DTXSID50214771 DTXSID40662500 DTXSID30579431 DTXSID60469452 DTXSID70800130 DTXSID20336777 DTXSID00866926 DTXSID90723953 DTXSID10403184 DTXSID40219538 DTXSID30192063 DTXSID00752693 DTXSID6048888
DTXSID1068300	DTXSID20752115 DTXSID20814500 DTXSID60388215 DTXSID60885077 DTXSID1040247 DTXSID50404352 DTXSID80814501 DTXSID40601636 DTXSID80437850 DTXSID20230322 DTXSID60790970 DTXSID90216335 DTXSID20888029 DTXSID20837451 DTXSID70399014 DTXSID80275835 DTXSID30575670 DTXSID70394423 DTXSID50552443 DTXSID40194710
DTXSID80506439	DTXSID40460846 DTXSID70614431 DTXSID80305424 DTXSID70232093 DTXSID70323197 DTXSID10163594 DTXSID10499269 DTXSID50469906 DTXSID20425296 DTXSID70526065 DTXSID20703682 DTXSID10325736 DTXSID70192805 DTXSID70527118 DTXSID50495442 DTXSID40316117 DTXSID30531150 DTXSID80356315 DTXSID30610111 DTXSID30752045
DTXSID60768518	DTXSID80530991 DTXSID50660638 DTXSID00726213 DTXSID80567565 DTXSID10447669 DTXSID10335956 DTXSID60570299 DTXSID10842978 DTXSID80347102 DTXSID30385655 DTXSID70345692 DTXSID70801288 DTXSID20579748 DTXSID10698513 DTXSID30651120 DTXSID40386395 DTXSID90213687 DTXSID80548536 DTXSID90176884 DTXSID70360269
DTXSID60179645	DTXSID80222480 DTXSID00303785 DTXSID1052585 DTXSID60350371 DTXSID10485607 DTXSID60641211 DTXSID90335116 DTXSID70306869 DTXSID80196490 DTXSID40552058 DTXSID60675172 DTXSID00164439 DTXSID80483211 DTXSID20578675 DTXSID90353214 DTXSID90809448 DTXSID20488861 DTXSID00615431 DTXSID5059822 DTXSID50528608
DTXSID90665021	DTXSID90171935 DTXSID40766279 DTXSID10504807 DTXSID30434511 DTXSID00842240 DTXSID20560212 DTXSID20444048 DTXSID10403129 DTXSID70522562 DTXSID00162036 DTXSID60407056 DTXSID20475594 DTXSID30322383 DTXSID10440059 DTXSID60831938 DTXSID90178843 DTXSID00681570 DTXSID8047717 DTXSID20739229 DTXSID80848381
DTXSID90443664	DTXSID40706150 DTXSID10316184 DTXSID50374804 DTXSID30760367 DTXSID50354621 DTXSID30585375 DTXSID90407241 DTXSID90743974 DTXSID00696205 DTXSID10305598 DTXSID10170304 DTXSID30460875 DTXSID70392484 DTXSID1066786 DTXSID60385961 DTXSID30579375 DTXSID70145831 DTXSID30836834 DTXSID70449649 DTXSID20403231
DTXSID00542970	DTXSID20203379 DTXSID70507091 DTXSID60219237 DTXSID80332674 DTXSID50568185 DTXSID40285733 DTXSID70531336 DTXSID60513909 DTXSID70825323 DTXSID60183020 DTXSID80615999 DTXSID50786221 DTXSID20443455 DTXSID30340426 DTXSID20459137 DTXSID70325893 DTXSID90449848 DTXSID10825483 DTXSID60339080 DTXSID60303887
DTXSID80391327	DTXSID60157009 DTXSID80733122 DTXSID80593541 DTXSID60813951 DTXSID4060739 DTXSID90640813 DTXSID60668963 DTXSID70657121 DTXSID10288170 DTXSID60365925 DTXSID40319825 DTXSID00350315 DTXSID60443631 DTXSID10621200 DTXSID60512533 DTXSID10474339 DTXSID00472844 DTXSID80506515 DTXSID90614711 DTXSID70845046
DTXSID30222273	DTXSID80201174 DTXSID20449876 DTXSID10808953 DTXSID80783708 DTXSID50600332 DTXSID80448244 DTXSID90738906 DTXSID0047741 DTXSID60550733 DTXSID00346738 DTXSID40379404 DTXSID2052447 DTXSID00550732 DTXSID90590243 DTXSID40708275 DTXSID00223994 DTXSID40298348 DTXSID70297602 DTXSID90152446 DTXSID30858713
DTXSID40431016	DTXSID40279910 DTXSID50538207 DTXSID60652327 DTXSID60338038 DTXSID10354228 DTXSID90857000 DTXSID10501119 DTXSID60528699 DTXSID30406531 DTXSID20536457 DTXSID50485005 DTXSID50646674 DTXSID30525913 DTXSID70498152 DTXSID30671560 DTXSID30395390 DTXSID50640834 DTXSID70597659 DTXSID10600595 DTXSID10355573
DTXSID90145474	DTXSID30870975 DTXSID60428307 DTXSID40693334 DTXSID50188302 DTXSID40682127 DTXSID40392951 DTXSID30332861 DTXSID60697410 DTXSID50698456 DTXSID3061920 DTXSID80543061 DTXSID60519360 DTXSID80668768 DTXSID50497966 DTXSID40615793 DTXSID20476162 DTXSID20212729 DTXSID20241751 DTXSID00452565 DTXSID70836550
DTXSID00576553	DTXSID60812722 DTXSID50879364 DTXSID70444331 DTXSID60709284 DTXSID80228902 DTXSID20312470 DTXSID10729396 DTXSID90739716 DTXSID40619211 DTXSID50576907 DTXSID30420671 DTXSID70469226 DTXSID40674643 DTXSID90444015 DTXSID90452650 DTXSID40365680 DTXSID60784278 DTXSID10336307 DTXSID00371429 DTXSID20698160
DTXSID00598957	DTXSID10726305 DTXSID50787394 DTXSID00694544 DTXSID70807240 DTXSID30450579 DTXSID40761289 DTXSID50508066 DTXSID60524575 DTXSID70757958 DTXSID80511583 DTXSID30195973 DTXSID20470721 DTXSID70502965 DTXSID60739485 DTXSID60734738 DTXSID60188272 DTXSID40756958 DTXSID20505981 DTXSID40300233 DTXSID10533536
DTXSID80635011	DTXSID80664447 DTXSID30782766 DTXSID40288860 DTXSID10506866 DTXSID00604345 DTXSID70477482 DTXSID40674724 DTXSID80781567 DTXSID00223095 DTXSID40310175 DTXSID60594132 DTXSID30279207 DTXSID90518144 DTXSID10658632 DTXSID40225492 DTXSID30279363 DTXSID6023315 DTXSID10589275 DTXSID90178202 DTXSID60768134
DTXSID00287899	DTXSID00382030 DTXSID80355863 DTXSID30309654 DTXSID50704788 DTXSID30313635 DTXSID60646342 DTXSID50879142 DTXSID90657865 DTXSID70369696 DTXSID50343833 DTXSID00156475 DTXSID60722099 DTXSID40282924 DTXSID20758435 DTXSID70274377 DTXSID60798719 DTXSID20369429 DTXSID40793823 DTXSID50761275 DTXSID60742111
DTXSID00708135	DTXSID40734817 DTXSID60460489 DTXSID50627443 DTXSID80532359 DTXSID90796667 DTXSID20565449 DTXSID40481814 DTXSID30671323 DTXSID10649722 DTXSID90573096 DTXSID2071025 DTXSID90492910 DTXSID60340393 DTXSID0075106 DTXSID80478884 DTXSID60497336 DTXSID60754572 DTXSID50286514 DTXSID70612013 DTXSID70284653
DTXSID10525310	DTXSID10518868 DTXSID40551526 DTXSID30405908 DTXSID90711198 DTXSID60232421 DTXSID3061552 DTXSID30544588 DTXSID5072486 DTXSID10442659 DTXSID90621465 DTXSID30344949 DTXSID60336195 DTXSID20680227 DTXSID70593176 DTXSID70709538 DTXSID70799434 DTXSID20776098 DTXSID30278654 DTXSID60488421 DTXSID70438497
DTXSID00694584	DTXSID70852235 DTXSID00635194 DTXSID40773322 DTXSID80615070 DTXSID60428125 DTXSID6048096 DTXSID20167826 DTXSID20342752 DTXSID80423814 DTXSID00423917 DTXSID70682094 DTXSID60834747 DTXSID70405947 DTXSID40173409 DTXSID4065604 DTXSID00534895 DTXSID90663507 DTXSID10724700 DTXSID70499624 DTXSID10297585
DTXSID20578675	DTXSID20488861 DTXSID00164439 DTXSID90809448 DTXSID5059822 DTXSID20694900 DTXSID70523594 DTXSID50391273 DTXSID40552058 DTXSID60641211 DTXSID00735688 DTXSID30448451 DTXSID80479295 DTXSID60162739 DTXSID00303785 DTXSID70569573 DTXSID60350371 DTXSID50528608 DTXSID60179645 DTXSID50467720 DTXSID80729287
DTXSID80580734	DTXSID00468540 DTXSID10511314 DTXSID40195106 DTXSID70613267 DTXSID00823892 DTXSID10856212 DTXSID0041773 DTXSID50186363 DTXSID40398938 DTXSID70177935 DTXSID50605887 DTXSID40319300 DTXSID50497865 DTXSID80791540 DTXSID10609124 DTXSID80646384 DTXSID70810991 DTXSID30661047 DTXSID90396969 DTXSID70666536
DTXSID00813839	DTXSID80763489 DTXSID10482090 DTXSID3058371 DTXSID8070542 DTXSID50738063 DTXSID00606627 DTXSID40527741 DTXSID50605327 DTXSID70629186 DTXSID20278103 DTXSID50576684 DTXSID80765726 DTXSID70505355 DTXSID50851009 DTXSID70579435 DTXSID60830143 DTXSID90513917 DTXSID20364550 DTXSID60310778 DTXSID00876525
DTXSID30645342	DTXSID80451430 DTXSID30389739 DTXSID70736561 DTXSID70672475 DTXSID40279359 DTXSID10174761 DTXSID70704543 DTXSID1072260 DTXSID80679632 DTXSID40297356 DTXSID70283207 DTXSID50638155 DTXSID30186765 DTXSID70674474 DTXSID80664260 DTXSID60897211 DTXSID10219323 DTXSID20444104 DTXSID20462242 DTXSID80675154
DTXSID50560684	DTXSID30402412 DTXSID40677391 DTXSID20876002 DTXSID80537829 DTXSID40523006 DTXSID70576666 DTXSID60636561 DTXSID50568201 DTXSID00805870 DTXSID50709773 DTXSID70158284 DTXSID80660101 DTXSID80696829 DTXSID30362789 DTXSID30157839 DTXSID60820125 DTXSID60634486 DTXSID90729455 DTXSID20803419 DTXSID40378694
DTXSID30641187	DTXSID00440826 DTXSID70828995 DTXSID80495753 DTXSID90397557 DTXSID60308998 DTXSID90843903 DTXSID10345656 DTXSID80604000 DTXSID70431468 DTXSID80482421 DTXSID70742980 DTXSID00436880 DTXSID20603496 DTXSID50490730 DTXSID30678498 DTXSID60206102 DTXSID70309077 DTXSID10842610 DTXSID40751706 DTXSID90708402
DTXSID30572765	DTXSID20448329 DTXSID70709538 DTXSID60654826 DTXSID70438497 DTXSID50179492 DTXSID60169208 DTXSID5072486 DTXSID80169503 DTXSID70405947 DTXSID60336195 DTXSID10366361 DTXSID00560770 DTXSID30544588 DTXSID60834747 DTXSID70165099 DTXSID80179102 DTXSID10442659 DTXSID40453379 DTXSID80423814 DTXSID60428125
DTXSID80821492	DTXSID60561925 DTXSID30578202 DTXSID80284205 DTXSID60730634 DTXSID00707845 DTXSID70274817 DTXSID00853295 DTXSID60243779 DTXSID50774446 DTXSID10648912 DTXSID80768252 DTXSID60191488 DTXSID50724507 DTXSID6039685 DTXSID8070960 DTXSID00769261 DTXSID70781576 DTXSID80752378 DTXSID80853470 DTXSID90591033
DTXSID60842746	DTXSID30395633 DTXSID80290306 DTXSID60217359 DTXSID60897135 DTXSID20485012 DTXSID60571706 DTXSID40588413 DTXSID40716512 DTXSID80572891 DTXSID80736618 DTXSID80492984 DTXSID90185572 DTXSID30378360 DTXSID40513381 DTXSID10826758 DTXSID80211571 DTXSID30651867 DTXSID70651861 DTXSID60856080 DTXSID70203107
DTXSID40771787	DTXSID60850189 DTXSID40781063 DTXSID10418177 DTXSID80798099 DTXSID10769772 DTXSID80526096 DTXSID30451107 DTXSID90444555 DTXSID90773276 DTXSID30316929 DTXSID90772825 DTXSID60325842 DTXSID00770211 DTXSID70327857 DTXSID90638174 DTXSID30528282 DTXSID10797611 DTXSID80763020 DTXSID10337657 DTXSID80781542
DTXSID30466650	DTXSID20500274 DTXSID30673064 DTXSID80593349 DTXSID40747321 DTXSID00594772 DTXSID00466667 DTXSID90787550 DTXSID90383293 DTXSID90577216 DTXSID60711948 DTXSID40360872 DTXSID30789876 DTXSID10287587 DTXSID9041445 DTXSID10340949 DTXSID30653301 DTXSID00513983 DTXSID90374045 DTXSID40794991 DTXSID30428657
DTXSID70314449	DTXSID80427291 DTXSID90275528 DTXSID10875923 DTXSID80725643 DTXSID10143558 DTXSID70803782 DTXSID50732122 DTXSID90513997 DTXSID80655491 DTXSID00597940 DTXSID30379473 DTXSID80382194 DTXSID80808541 DTXSID30207207 DTXSID10896335 DTXSID20700217 DTXSID00896208 DTXSID90661225 DTXSID60150590 DTXSID30640938
DTXSID00346495	DTXSID20201895 DTXSID60286045 DTXSID10742247 DTXSID10820791 DTXSID40666846 DTXSID50585418 DTXSID90203604 DTXSID10547456 DTXSID70367571 DTXSID80464702 DTXSID50494753 DTXSID90885863 DTXSID40610021 DTXSID60533288 DTXSID70561092 DTXSID00444369 DTXSID50565977 DTXSID20350337 DTXSID30642134 DTXSID60434766
DTXSID7051686	DTXSID00667551 DTXSID30578828 DTXSID20579647 DTXSID80509708 DTXSID50441368 DTXSID80397324 DTXSID40384679 DTXSID50712227 DTXSID60451392 DTXSID00186010 DTXSID50473745 DTXSID00887994 DTXSID90193758 DTXSID70275501 DTXSID00645879 DTXSID20609170 DTXSID80434162 DTXSID00707608 DTXSID10544889 DTXSID70783414
DTXSID4034817	DTXSID50555378 DTXSID40847052 DTXSID60458866 DTXSID20676943 DTXSID20612381 DTXSID40337105 DTXSID10757811 DTXSID40228701 DTXSID00754490 DTXSID20502450 DTXSID7066643 DTXSID50346667 DTXSID50210773 DTXSID10568929 DTXSID80198656 DTXSID00307829 DTXSID50234732 DTXSID70876951 DTXSID60457071 DTXSID10651885
DTXSID40467239	DTXSID90391712 DTXSID80483231 DTXSID50322764 DTXSID70856511 DTXSID60727382 DTXSID60601471 DTXSID90850894 DTXSID70750944 DTXSID60354011 DTXSID20206981 DTXSID70324361 DTXSID30277485 DTXSID80391302 DTXSID90596028 DTXSID3063095 DTXSID70545993 DTXSID10579015 DTXSID60647298 DTXSID20841538 DTXSID80733622
DTXSID60278708	DTXSID50618790 DTXSID40420561 DTXSID10511778 DTXSID80588154 DTXSID60544819 DTXSID60537100 DTXSID10772064 DTXSID90408415 DTXSID90530760 DTXSID40821059 DTXSID40217079 DTXSID00755947 DTXSID20738797 DTXSID30843725 DTXSID70602010 DTXSID50713451 DTXSID00656980 DTXSID00512653 DTXSID70590307 DTXSID70317253
DTXSID50615143	DTXSID70713711 DTXSID10290430 DTXSID20800625 DTXSID30218656 DTXSID80783627 DTXSID2073017 DTXSID90542560 DTXSID20748694 DTXSID20205954 DTXSID10718149 DTXSID40780031 DTXSID60433259 DTXSID20817531 DTXSID40759080 DTXSID70809204 DTXSID70701754 DTXSID50609507 DTXSID40763107 DTXSID30824958 DTXSID10448196
DTXSID70584509	DTXSID90467087 DTXSID80769784 DTXSID20880629 DTXSID40474802 DTXSID70711292 DTXSID00611953 DTXSID30376220 DTXSID50639965 DTXSID40543204 DTXSID60704259 DTXSID00514839 DTXSID50196109 DTXSID60838245 DTXSID80365068 DTXSID10310607 DTXSID30341251 DTXSID80774393 DTXSID70641909 DTXSID10637523 DTXSID00505505
DTXSID10601885	DTXSID50485202 DTXSID50424015 DTXSID50521331 DTXSID10617880 DTXSID90458399 DTXSID20877630 DTXSID40156419 DTXSID60732693 DTXSID20808909 DTXSID40338899 DTXSID30755233 DTXSID10814993 DTXSID30455463 DTXSID30280398 DTXSID50793056 DTXSID90535912 DTXSID50345559 DTXSID80303546 DTXSID80149663 DTXSID40211870
DTXSID70513637	DTXSID10364029 DTXSID20483593 DTXSID80670922 DTXSID80407659 DTXSID30462596 DTXSID40623494 DTXSID60503325 DTXSID90592505 DTXSID40621798 DTXSID40371741 DTXSID50778944 DTXSID50383092 DTXSID30605128 DTXSID90688538 DTXSID30563335 DTXSID1063435 DTXSID00186358 DTXSID30595075 DTXSID80619210 DTXSID20235433
DTXSID10470013	DTXSID20579162 DTXSID00501648 DTXSID10371632 DTXSID40332695 DTXSID40499454 DTXSID50215001 DTXSID00646467 DTXSID80370955 DTXSID20857497 DTXSID90406890 DTXSID50634238 DTXSID50649802 DTXSID80211218 DTXSID10477784 DTXSID70455785 DTXSID60663554 DTXSID10857249 DTXSID70722227 DTXSID70569452 DTXSID20457279
DTXSID6044802	DTXSID60873939 DTXSID50343212 DTXSID40873937 DTXSID00887474 DTXSID3051541 DTXSID10784127 DTXSID5051311 DTXSID70750186 DTXSID70867364 DTXSID90823245 DTXSID30827146 DTXSID50499107 DTXSID40613991 DTXSID30188729 DTXSID70797955 DTXSID20797061 DTXSID10764146 DTXSID10773617 DTXSID80559561 DTXSID70888296
DTXSID00403214	DTXSID10669723 DTXSID20876603 DTXSID30497308 DTXSID50461349 DTXSID20826289 DTXSID80562398 DTXSID10673926 DTXSID50888532 DTXSID10322225 DTXSID30520463 DTXSID40674047 DTXSID80836369 DTXSID30560844 DTXSID70393390 DTXSID10241008 DTXSID50653984 DTXSID00606586 DTXSID80534575 DTXSID80852645 DTXSID50731357
DTXSID90573197	DTXSID70341755 DTXSID70277929 DTXSID20197946 DTXSID20895511 DTXSID80596936 DTXSID30583679 DTXSID50703690 DTXSID80345264 DTXSID10182402 DTXSID40824282 DTXSID20797460 DTXSID00483556 DTXSID80464787 DTXSID10560827 DTXSID40563927 DTXSID30199118 DTXSID10609068 DTXSID70352922 DTXSID70377711 DTXSID80655517
DTXSID50236892	DTXSID40841515 DTXSID00566611 DTXSID00672786 DTXSID80568895 DTXSID90382428 DTXSID50396228 DTXSID00659436 DTXSID40295776 DTXSID20705222 DTXSID70784229 DTXSID80698888 DTXSID00806822 DTXSID10851404 DTXSID30727910 DTXSID20429673 DTXSID10296836 DTXSID10536082 DTXSID00703665 DTXSID30202090 DTXSID60879315
DTXSID30606317	DTXSID10441586 DTXSID80299394 DTXSID00615794 DTXSID80318034 DTXSID60154331 DTXSID70651745 DTXSID70560666 DTXSID40673595 DTXSID90805021 DTXSID20548313 DTXSID10708424 DTXSID00539461 DTXSID20293093 DTXSID10796583 DTXSID00640667 DTXSID80629490 DTXSID60369660 DTXSID80381026 DTXSID10728889 DTXSID3041297
DTXSID90504401	DTXSID90150427 DTXSID90532289 DTXSID60836802 DTXSID70427821 DTXSID90791516 DTXSID50415004 DTXSID20737386 DTXSID70189210 DTXSID40797841 DTXSID00628521 DTXSID60829754 DTXSID80195726 DTXSID10876293 DTXSID50760081 DTXSID40874106 DTXSID10296472 DTXSID10427188 DTXSID00505101 DTXSID70723456 DTXSID30433105
DTXSID60406004	DTXSID20346871 DTXSID90528945 DTXSID20579662 DTXSID70484378 DTXSID50467164 DTXSID20406242 DTXSID20293179 DTXSID60528215 DTXSID30651120 DTXSID80459037 DTXSID30798923 DTXSID00850007 DTXSID00773606 DTXSID90293828 DTXSID30441386 DTXSID80827797 DTXSID80765483 DTXSID00712999 DTXSID20383281 DTXSID50523537
DTXSID90359377	DTXSID30510329 DTXSID10352582 DTXSID40819592 DTXSID80478086 DTXSID80808208 DTXSID10580808 DTXSID10528402 DTXSID10334005 DTXSID70837481 DTXSID00524615 DTXSID70580809 DTXSID40722613 DTXSID20580571 DTXSID10594844 DTXSID90470930 DTXSID00635816 DTXSID70789032 DTXSID40329449 DTXSID70571818 DTXSID30394525
DTXSID90163931	DTXSID60642107 DTXSID70172723 DTXSID80564074 DTXSID0025442 DTXSID30408732 DTXSID00289818 DTXSID50591554 DTXSID50768289 DTXSID6061604 DTXSID60472608 DTXSID00455874 DTXSID50557377 DTXSID50170126 DTXSID50294013 DTXSID80351663 DTXSID70879705 DTXSID90494237 DTXSID90670418 DTXSID80314112 DTXSID70171099
DTXSID60739006	DTXSID70408195 DTXSID70434515 DTXSID60634486 DTXSID30176388 DTXSID80752176 DTXSID50382641 DTXSID20876002 DTXSID90729455 DTXSID20424360 DTXSID90810493 DTXSID30734048 DTXSID30321917 DTXSID20277616 DTXSID50709773 DTXSID30157839 DTXSID30627547 DTXSID00504730 DTXSID10345656 DTXSID30402412 DTXSID70578327
DTXSID90768041	DTXSID20316433 DTXSID90400696 DTXSID50821545 DTXSID90630138 DTXSID00318718 DTXSID70376901 DTXSID30560804 DTXSID90758669 DTXSID50771132 DTXSID70607161 DTXSID60645895 DTXSID00772053 DTXSID4051740 DTXSID20790370 DTXSID70325712 DTXSID20281692 DTXSID80323663 DTXSID20474981 DTXSID30234871 DTXSID70727494
DTXSID60390974	DTXSID60312318 DTXSID60663554 DTXSID40758639 DTXSID50518509 DTXSID80295533 DTXSID80856466 DTXSID70455785 DTXSID30462975 DTXSID20556857 DTXSID20326638 DTXSID40656126 DTXSID10632992 DTXSID50855981 DTXSID90831284 DTXSID90285046 DTXSID20729766 DTXSID60630226 DTXSID00680563 DTXSID10653687 DTXSID00501648
DTXSID00314351	DTXSID90241283 DTXSID30826654 DTXSID20162997 DTXSID30198141 DTXSID30773912 DTXSID40823492 DTXSID90787090 DTXSID00153661 DTXSID00428624 DTXSID80436722 DTXSID30155996 DTXSID50838375 DTXSID50770943 DTXSID40896005 DTXSID70851288 DTXSID40652547 DTXSID30427761 DTXSID00148017 DTXSID10849982 DTXSID50783619
DTXSID80857317	DTXSID50303917 DTXSID50896339 DTXSID90847724 DTXSID20697678 DTXSID60658283 DTXSID30772304 DTXSID20542891 DTXSID40856624 DTXSID20222681 DTXSID60227594 DTXSID20819292 DTXSID30630197 DTXSID70327438 DTXSID40566796 DTXSID50857460 DTXSID50613806 DTXSID10833987 DTXSID60749685 DTXSID90585659 DTXSID70559595
DTXSID20740911	DTXSID30770906 DTXSID00501709 DTXSID10803882 DTXSID00489119 DTXSID90519474 DTXSID40885595 DTXSID70667260 DTXSID40591346 DTXSID10493989 DTXSID00588454 DTXSID50586107 DTXSID70724044 DTXSID80470161 DTXSID00408825 DTXSID10728667 DTXSID10888816 DTXSID70606674 DTXSID90741551 DTXSID30733071 DTXSID50277740
DTXSID00619752	DTXSID60427936 DTXSID30596103 DTXSID10875781 DTXSID00186358 DTXSID40354256 DTXSID60885815 DTXSID40371741 DTXSID20236506 DTXSID20661910 DTXSID60646468 DTXSID30162665 DTXSID50778944 DTXSID30628892 DTXSID80175922 DTXSID10482131 DTXSID30651887 DTXSID00383582 DTXSID00407818 DTXSID80371649 DTXSID4020953
DTXSID00528158	DTXSID10282310 DTXSID90156823 DTXSID30505336 DTXSID20668222 DTXSID70749176 DTXSID50206878 DTXSID90354120 DTXSID60284147 DTXSID10564764 DTXSID50546887 DTXSID90292093 DTXSID70613904 DTXSID70857280 DTXSID80627991 DTXSID60583001 DTXSID00701106 DTXSID40528152 DTXSID20655894 DTXSID80729308 DTXSID00651511
DTXSID50354888	DTXSID80789447 DTXSID50742746 DTXSID20581402 DTXSID50819321 DTXSID90832034 DTXSID30705071 DTXSID80405074 DTXSID30418639 DTXSID50660118 DTXSID20566037 DTXSID40782439 DTXSID60193508 DTXSID60675511 DTXSID40304150 DTXSID00749265 DTXSID00434109 DTXSID90731876 DTXSID20522552 DTXSID60294322 DTXSID90475203
DTXSID00425996	DTXSID10492816 DTXSID70490555 DTXSID80651337 DTXSID50340887 DTXSID90323992 DTXSID50867463 DTXSID10801303 DTXSID00660507 DTXSID80626000 DTXSID20579748 DTXSID90826195 DTXSID00811012 DTXSID00500111 DTXSID80765483 DTXSID80347102 DTXSID30725638 DTXSID9070612 DTXSID60528215 DTXSID90485165 DTXSID50196164
DTXSID20765967	DTXSID30813064 DTXSID10738281 DTXSID10577213 DTXSID80492267 DTXSID80552597 DTXSID7071024 DTXSID10592128 DTXSID70786945 DTXSID50144802 DTXSID40494464 DTXSID6052039 DTXSID80204468 DTXSID30503079 DTXSID90520888 DTXSID70826875 DTXSID4052051 DTXSID10655964 DTXSID30782408 DTXSID30800590 DTXSID30514509
DTXSID90161639	DTXSID50161635 DTXSID60550516 DTXSID50704006 DTXSID10303817 DTXSID50615385 DTXSID90387731 DTXSID30634736 DTXSID40896727 DTXSID70585475 DTXSID20188935 DTXSID80722556 DTXSID80647376 DTXSID20284688 DTXSID90675923 DTXSID10377573 DTXSID80380630 DTXSID20733565 DTXSID80896423 DTXSID30816914 DTXSID20376158
DTXSID60449335	DTXSID40577145 DTXSID70842212 DTXSID50369598 DTXSID30648393 DTXSID50175434 DTXSID80303546 DTXSID60646549 DTXSID10717975 DTXSID5037602 DTXSID20856788 DTXSID70477760 DTXSID10594324 DTXSID7047015 DTXSID00725246 DTXSID30815205 DTXSID30796267 DTXSID30755233 DTXSID30455463 DTXSID40765540 DTXSID00316638
DTXSID90585376	DTXSID80323562 DTXSID90429206 DTXSID70181390 DTXSID8059007 DTXSID40233512 DTXSID70585778 DTXSID80296106 DTXSID20318558 DTXSID20366150 DTXSID00555646 DTXSID50520142 DTXSID40797886 DTXSID60819953 DTXSID80449256 DTXSID00372618 DTXSID10367292 DTXSID60177348 DTXSID50351094 DTXSID30676515 DTXSID30661188
DTXSID40674724	DTXSID10506866 DTXSID40288860 DTXSID70477482 DTXSID60768134 DTXSID00604345 DTXSID80635011 DTXSID6023315 DTXSID50509992 DTXSID00223095 DTXSID60875736 DTXSID50467003 DTXSID80664447 DTXSID50174189 DTXSID30782766 DTXSID70375095 DTXSID10658632 DTXSID2068137 DTXSID20700217 DTXSID30279207 DTXSID00597940
DTXSID10610179	DTXSID6052324 DTXSID90609465 DTXSID90209343 DTXSID50697661 DTXSID60407056 DTXSID30278139 DTXSID60346279 DTXSID80765908 DTXSID70592609 DTXSID60831938 DTXSID00681570 DTXSID50759410 DTXSID50507514 DTXSID30184524 DTXSID30545994 DTXSID50694418 DTXSID30874352 DTXSID00775105 DTXSID10866598 DTXSID50788144
DTXSID90147751	DTXSID40551263 DTXSID40145843 DTXSID60321021 DTXSID90396883 DTXSID70773471 DTXSID30854634 DTXSID30287620 DTXSID90586161 DTXSID60281333 DTXSID70461260 DTXSID00593189 DTXSID20856506 DTXSID70873607 DTXSID00782258 DTXSID50833688 DTXSID30752702 DTXSID70876870 DTXSID70831702 DTXSID10876516 DTXSID70437263
DTXSID10368805	DTXSID40293131 DTXSID10343399 DTXSID30534747 DTXSID80650360 DTXSID40494863 DTXSID20663297 DTXSID70593398 DTXSID20849918 DTXSID30679061 DTXSID20666384 DTXSID10840136 DTXSID10696599 DTXSID20172415 DTXSID10499709 DTXSID90807202 DTXSID10289940 DTXSID60664208 DTXSID80146455 DTXSID8029072 DTXSID70440979
DTXSID90459821	DTXSID80555467 DTXSID40656964 DTXSID10208878 DTXSID20467757 DTXSID80885534 DTXSID00386154 DTXSID50700765 DTXSID00216604 DTXSID10792868 DTXSID80385786 DTXSID20707605 DTXSID80206088 DTXSID70810274 DTXSID10403003 DTXSID10484514 DTXSID30421648 DTXSID40828260 DTXSID70876815 DTXSID70743614 DTXSID40530558
DTXSID50383330	DTXSID70894756 DTXSID00810702 DTXSID20742031 DTXSID70224155 DTXSID30586387 DTXSID80540772 DTXSID30594280 DTXSID00355729 DTXSID30848593 DTXSID30303798 DTXSID60715522 DTXSID90615809 DTXSID00738654 DTXSID30416392 DTXSID80200465 DTXSID90768723 DTXSID10794382 DTXSID40776999 DTXSID10630771 DTXSID70656250
DTXSID10305598	DTXSID50374804 DTXSID90742528 DTXSID50354621 DTXSID40706150 DTXSID90443664 DTXSID50630952 DTXSID80155062 DTXSID70392484 DTXSID10316184 DTXSID70449649 DTXSID90743974 DTXSID90407241 DTXSID10483385 DTXSID30460875 DTXSID1066786 DTXSID00536894 DTXSID30760367 DTXSID90700087 DTXSID70145831 DTXSID30585375
DTXSID90731876	DTXSID90475203 DTXSID50810611 DTXSID20445318 DTXSID50660118 DTXSID20566037 DTXSID60340196 DTXSID20581402 DTXSID10174660 DTXSID40304150 DTXSID50639945 DTXSID30705071 DTXSID90734423 DTXSID00434109 DTXSID80443794 DTXSID50354888 DTXSID80740972 DTXSID80789447 DTXSID10307537 DTXSID50368783 DTXSID00511328
DTXSID10426979	DTXSID20362556 DTXSID3063045 DTXSID30447287 DTXSID00372673 DTXSID40819113 DTXSID80181826 DTXSID20718317 DTXSID20367369 DTXSID50545799 DTXSID00879470 DTXSID00596812 DTXSID90825769 DTXSID60286207 DTXSID70589594 DTXSID20278062 DTXSID80407255 DTXSID50462957 DTXSID90598663 DTXSID20222383 DTXSID80438847
DTXSID40666346	DTXSID00323105 DTXSID20516850 DTXSID70708046 DTXSID80199264 DTXSID00425214 DTXSID90354903 DTXSID90808375 DTXSID20631173 DTXSID40352752 DTXSID00567820 DTXSID30624051 DTXSID80642068 DTXSID8075413 DTXSID60464760 DTXSID90316763 DTXSID20857598 DTXSID40784357 DTXSID70309653 DTXSID00531041 DTXSID00464704
DTXSID9021394	DTXSID20629893 DTXSID90316728 DTXSID20730756 DTXSID10738746 DTXSID60576635 DTXSID70434611 DTXSID20580733 DTXSID40216284 DTXSID00403350 DTXSID0041773 DTXSID00823892 DTXSID50186363 DTXSID70613267 DTXSID10856212 DTXSID10511314 DTXSID50605887 DTXSID90325830 DTXSID80580734 DTXSID70666536 DTXSID30661047
DTXSID20504116	DTXSID60877336 DTXSID40212084 DTXSID80431070 DTXSID70354880 DTXSID20734330 DTXSID40315180 DTXSID10798188 DTXSID70840859 DTXSID70757352 DTXSID20642441 DTXSID30593394 DTXSID70612250 DTXSID00744553 DTXSID30704004 DTXSID70676993 DTXSID00767909 DTXSID20651114 DTXSID90570323 DTXSID90339654 DTXSID20526914
DTXSID30558488	DTXSID90733638 DTXSID50652836 DTXSID40811253 DTXSID40466085 DTXSID50178708 DTXSID30409264 DTXSID20781223 DTXSID60542052 DTXSID00318455 DTXSID60222746 DTXSID60214121 DTXSID00769266 DTXSID80551161 DTXSID80436888 DTXSID10561975 DTXSID40642226 DTXSID50421786 DTXSID20307225 DTXSID80695776 DTXSID10650378
DTXSID70700545	DTXSID3064437 DTXSID7062829 DTXSID30561457 DTXSID90801740 DTXSID10806954 DTXSID7063348 DTXSID80755203 DTXSID9060780 DTXSID5052628 DTXSID80793165 DTXSID00181227 DTXSID5068237 DTXSID80808061 DTXSID90721252 DTXSID00647136 DTXSID80336930 DTXSID30707171 DTXSID60827836 DTXSID80816363 DTXSID40781846
DTXSID00781261	DTXSID80786658 DTXSID70342626 DTXSID90213687 DTXSID70858070 DTXSID40625731 DTXSID40386395 DTXSID70282538 DTXSID80440703 DTXSID60651118 DTXSID10448414 DTXSID50473503 DTXSID50552024 DTXSID10568641 DTXSID10529858 DTXSID50462639 DTXSID20566476 DTXSID10698513 DTXSID40826463 DTXSID1052664 DTXSID80699370
DTXSID80297436	DTXSID30876114 DTXSID00721061 DTXSID30205465 DTXSID10472875 DTXSID70393850 DTXSID00472203 DTXSID30178928 DTXSID50629861 DTXSID30483029 DTXSID10700589 DTXSID70337219 DTXSID80308516 DTXSID70693443 DTXSID70473525 DTXSID90379459 DTXSID10349573 DTXSID20559702 DTXSID90680572 DTXSID90477242 DTXSID90294173
DTXSID90725351	DTXSID80562318 DTXSID50145874 DTXSID70239542 DTXSID50345892 DTXSID50588202 DTXSID30223841 DTXSID50627165 DTXSID10478731 DTXSID00482887 DTXSID90648819 DTXSID60358791 DTXSID50474035 DTXSID00653257 DTXSID40334412 DTXSID70383211 DTXSID40646269 DTXSID10618170 DTXSID70856415 DTXSID50625161 DTXSID80701725
DTXSID30853743	DTXSID30824690 DTXSID50323731 DTXSID80741368 DTXSID40629214 DTXSID40597080 DTXSID80445339 DTXSID30628918 DTXSID80588013 DTXSID90358244 DTXSID50322305 DTXSID50705639 DTXSID30465800 DTXSID80428662 DTXSID00739525 DTXSID60400325 DTXSID00668225 DTXSID40433691 DTXSID10584765 DTXSID60623592 DTXSID70585778
DTXSID10579631	DTXSID20793129 DTXSID40604041 DTXSID10338028 DTXSID70840778 DTXSID20337941 DTXSID90610016 DTXSID60334732 DTXSID80625518 DTXSID90826973 DTXSID20627273 DTXSID60501967 DTXSID40767246 DTXSID60768018 DTXSID00402808 DTXSID60818128 DTXSID80824408 DTXSID40718915 DTXSID60627272 DTXSID40338031 DTXSID50718906
DTXSID10594324	DTXSID40765540 DTXSID10717975 DTXSID10516763 DTXSID0042298 DTXSID20856788 DTXSID5037602 DTXSID40760095 DTXSID40211870 DTXSID30346908 DTXSID00316638 DTXSID40577145 DTXSID20544931 DTXSID40440103 DTXSID10852996 DTXSID60449335 DTXSID80303546 DTXSID30755233 DTXSID60806661 DTXSID30437547 DTXSID30443108
DTXSID70525891	DTXSID50832292 DTXSID80661118 DTXSID30545994 DTXSID50788144 DTXSID50759410 DTXSID10837920 DTXSID3042269 DTXSID90719154 DTXSID10552787 DTXSID00775105 DTXSID50306701 DTXSID80564296 DTXSID00534259 DTXSID90290716 DTXSID90609465 DTXSID50507514 DTXSID10699722 DTXSID60693876 DTXSID80369485 DTXSID00493059
DTXSID40526072	DTXSID50696790 DTXSID30494877 DTXSID60655358 DTXSID00511303 DTXSID20834607 DTXSID80819899 DTXSID40711522 DTXSID10400618 DTXSID10501472 DTXSID10175430 DTXSID00528794 DTXSID70659620 DTXSID10737734 DTXSID90490436 DTXSID60791689 DTXSID90618219 DTXSID00533141 DTXSID40396919 DTXSID10752705 DTXSID30471749
DTXSID90759777	DTXSID30710786 DTXSID20544754 DTXSID50767838 DTXSID10767839 DTXSID50782980 DTXSID30147033 DTXSID20242945 DTXSID10699585 DTXSID70450674 DTXSID80761743 DTXSID10886074 DTXSID10824153 DTXSID20181421 DTXSID80336930 DTXSID80755203 DTXSID40195666 DTXSID60872285 DTXSID7072040 DTXSID10166560 DTXSID00181227
DTXSID10365975	DTXSID60674281 DTXSID80380034 DTXSID80642068 DTXSID1065899 DTXSID40482043 DTXSID40287797 DTXSID10710163 DTXSID00631772 DTXSID00464704 DTXSID00704314 DTXSID10342625 DTXSID30624051 DTXSID00453198 DTXSID40191269 DTXSID20351187 DTXSID40666346 DTXSID00802263 DTXSID00571927 DTXSID00323105 DTXSID8075413
DTXSID40420900	DTXSID40208886 DTXSID80335786 DTXSID70562362 DTXSID40243015 DTXSID40455535 DTXSID00470865 DTXSID40157103 DTXSID70799737 DTXSID40762115 DTXSID60798678 DTXSID60844023 DTXSID50797539 DTXSID50783538 DTXSID90820815 DTXSID90443846 DTXSID50175070 DTXSID90560906 DTXSID40187066 DTXSID20624146 DTXSID8061212
DTXSID80742936	DTXSID60533187 DTXSID10364125 DTXSID00651975 DTXSID40359589 DTXSID70566264 DTXSID90669645 DTXSID80480780 DTXSID60661131 DTXSID80402669 DTXSID50408597 DTXSID10512301 DTXSID10406892 DTXSID40403172 DTXSID50618174 DTXSID3042506 DTXSID20307381 DTXSID20285195 DTXSID90375653 DTXSID30434854 DTXSID40286260
DTXSID20669335	DTXSID50573193 DTXSID70560040 DTXSID0047741 DTXSID00176173 DTXSID90738906 DTXSID30347430 DTXSID40379404 DTXSID80150532 DTXSID00223994 DTXSID80201174 DTXSID30222273 DTXSID60550733 DTXSID80407876 DTXSID00550732 DTXSID80783708 DTXSID30201402 DTXSID10626775 DTXSID30453383 DTXSID70886030 DTXSID2052447
DTXSID70543696	DTXSID60623592 DTXSID00650185 DTXSID50705639 DTXSID00444369 DTXSID80464702 DTXSID30452058 DTXSID40560431 DTXSID40597080 DTXSID80641117 DTXSID90358244 DTXSID10820791 DTXSID80588013 DTXSID60434766 DTXSID00668225 DTXSID90203604 DTXSID50322305 DTXSID20633374 DTXSID80445339 DTXSID70561092 DTXSID30853743
DTXSID20544754	DTXSID10767839 DTXSID30710786 DTXSID90759777 DTXSID80761743 DTXSID50767838 DTXSID50782980 DTXSID30147033 DTXSID20242945 DTXSID10166560 DTXSID80755203 DTXSID80336930 DTXSID00181227 DTXSID20181421 DTXSID10699585 DTXSID40847931 DTXSID70450674 DTXSID10824153 DTXSID7072040 DTXSID60872285 DTXSID9060780
DTXSID00370831	DTXSID40844263 DTXSID30344343 DTXSID50163578 DTXSID90451325 DTXSID60744135 DTXSID90456395 DTXSID40444409 DTXSID10466890 DTXSID80638709 DTXSID70576984 DTXSID60787986 DTXSID60343642 DTXSID30857448 DTXSID60669233 DTXSID10466719 DTXSID70424198 DTXSID10712405 DTXSID70784289 DTXSID70372307 DTXSID10777554
DTXSID00145682	DTXSID50275968 DTXSID40373523 DTXSID80424169 DTXSID70788843 DTXSID10314887 DTXSID00541322 DTXSID30434995 DTXSID70528064 DTXSID40804983 DTXSID50313596 DTXSID90744249 DTXSID0047088 DTXSID70156705 DTXSID60823116 DTXSID10442876 DTXSID50561575 DTXSID60281333 DTXSID30468098 DTXSID80352251 DTXSID30854634
DTXSID10815440	DTXSID00446065 DTXSID20318553 DTXSID70554161 DTXSID70646373 DTXSID10499709 DTXSID80556555 DTXSID70440979 DTXSID70176185 DTXSID50369997 DTXSID50333673 DTXSID50190425 DTXSID60459171 DTXSID50814573 DTXSID80404820 DTXSID50361299 DTXSID80364511 DTXSID90670418 DTXSID60763189 DTXSID70730968 DTXSID50597137
DTXSID2059275	DTXSID00667394 DTXSID90500923 DTXSID90520888 DTXSID4052051 DTXSID70518021 DTXSID60202720 DTXSID90592080 DTXSID80340113 DTXSID80424583 DTXSID20342651 DTXSID60511748 DTXSID30851865 DTXSID70826875 DTXSID90514803 DTXSID30818211 DTXSID50144802 DTXSID60368274 DTXSID80492267 DTXSID10326566 DTXSID9070612
DTXSID70412616	DTXSID50739176 DTXSID70433149 DTXSID50840074 DTXSID70327438 DTXSID10542067 DTXSID70559595 DTXSID70317233 DTXSID40883091 DTXSID10718306 DTXSID90585659 DTXSID00145566 DTXSID90425687 DTXSID10182583 DTXSID20222681 DTXSID30772304 DTXSID90708543 DTXSID60227594 DTXSID20300817 DTXSID40760656 DTXSID90169897
DTXSID10544465	DTXSID20340096 DTXSID30737771 DTXSID10818299 DTXSID90487604 DTXSID40492324 DTXSID00814942 DTXSID60184971 DTXSID80552279 DTXSID40534915 DTXSID20636986 DTXSID90755951 DTXSID00763380 DTXSID80169801 DTXSID00391541 DTXSID80771201 DTXSID30639589 DTXSID10500324 DTXSID10838811 DTXSID90784241 DTXSID20341866
DTXSID20289310	DTXSID90517016 DTXSID50736766 DTXSID50395377 DTXSID00153121 DTXSID1073367 DTXSID00876464 DTXSID10500445 DTXSID70563218 DTXSID90674456 DTXSID90310120 DTXSID40713748 DTXSID40434921 DTXSID80499392 DTXSID90635143 DTXSID10150984 DTXSID30389390 DTXSID60645335 DTXSID00366613 DTXSID50160901 DTXSID10879603
DTXSID50778944	DTXSID40354256 DTXSID00186358 DTXSID60503325 DTXSID00407818 DTXSID40371741 DTXSID80407659 DTXSID80175922 DTXSID30162665 DTXSID00766437 DTXSID50383092 DTXSID80496402 DTXSID1063435 DTXSID30462596 DTXSID20483593 DTXSID10364029 DTXSID70619188 DTXSID60588132 DTXSID60427936 DTXSID20663414 DTXSID70711898
DTXSID60337187	DTXSID90801907 DTXSID40477959 DTXSID70642537 DTXSID20308030 DTXSID90562627 DTXSID00465357 DTXSID40186832 DTXSID30303990 DTXSID70696934 DTXSID40341904 DTXSID50749917 DTXSID20184699 DTXSID80665454 DTXSID60797262 DTXSID40539147 DTXSID70538027 DTXSID30711814 DTXSID70193337 DTXSID50323352 DTXSID90864779
DTXSID40505180	DTXSID10463849 DTXSID80306315 DTXSID20381166 DTXSID80813554 DTXSID50179311 DTXSID50568069 DTXSID80621994 DTXSID70450412 DTXSID80418427 DTXSID80181205 DTXSID70652636 DTXSID00312413 DTXSID70351511 DTXSID50733937 DTXSID10876016 DTXSID80172734 DTXSID00220968 DTXSID10430450 DTXSID30346367 DTXSID90766406
DTXSID30514509	DTXSID30503079 DTXSID6052039 DTXSID10834934 DTXSID80552597 DTXSID10592128 DTXSID60790112 DTXSID70459546 DTXSID50528623 DTXSID10771512 DTXSID00452661 DTXSID10738281 DTXSID50766987 DTXSID00705664 DTXSID30813064 DTXSID4072316 DTXSID40711249 DTXSID30845542 DTXSID20765967 DTXSID80492267 DTXSID70525598
DTXSID20288045	DTXSID60526094 DTXSID00732571 DTXSID00281615 DTXSID60468920 DTXSID10341658 DTXSID00873296 DTXSID50198300 DTXSID30809604 DTXSID30538700 DTXSID60573543 DTXSID20459617 DTXSID50632714 DTXSID00325563 DTXSID9069849 DTXSID10721299 DTXSID90786326 DTXSID50791274 DTXSID20624146 DTXSID30435361 DTXSID80407816
DTXSID10307991	DTXSID80351683 DTXSID20431074 DTXSID90706165 DTXSID10602690 DTXSID80615318 DTXSID70788823 DTXSID80589267 DTXSID20857311 DTXSID80896049 DTXSID10661166 DTXSID10506922 DTXSID00769246 DTXSID30672274 DTXSID60716933 DTXSID40831017 DTXSID10344169 DTXSID00622867 DTXSID90174022 DTXSID40593845 DTXSID50629068
DTXSID20159226	DTXSID70411184 DTXSID50660936 DTXSID00709662 DTXSID90316763 DTXSID00801599 DTXSID80354891 DTXSID90343418 DTXSID10711913 DTXSID60799327 DTXSID00556951 DTXSID80570276 DTXSID70309653 DTXSID8075413 DTXSID70481504 DTXSID20516850 DTXSID90813707 DTXSID20612189 DTXSID50384589 DTXSID30817062 DTXSID60464760
DTXSID20874164	DTXSID00481577 DTXSID70709755 DTXSID70381358 DTXSID80610161 DTXSID10557297 DTXSID40608761 DTXSID00745404 DTXSID50679149 DTXSID40543961 DTXSID10596242 DTXSID10312106 DTXSID00401058 DTXSID50172963 DTXSID70394983 DTXSID70711550 DTXSID50447183 DTXSID60597663 DTXSID70512266 DTXSID30452679 DTXSID00406543
DTXSID20740779	DTXSID00837035 DTXSID50450374 DTXSID10403725 DTXSID60514936 DTXSID30635122 DTXSID30343396 DTXSID30506823 DTXSID1036886 DTXSID30323618 DTXSID20732210 DTXSID90623222 DTXSID30460875 DTXSID1066786 DTXSID90407241 DTXSID70437465 DTXSID40180330 DTXSID30314602 DTXSID30653462 DTXSID80589808 DTXSID40697812
DTXSID40656964	DTXSID20467757 DTXSID90459821 DTXSID80555467 DTXSID80885534 DTXSID80385786 DTXSID10208878 DTXSID30421648 DTXSID80206088 DTXSID10792868 DTXSID00386154 DTXSID10484514 DTXSID50700765 DTXSID00653333 DTXSID50341016 DTXSID50310186 DTXSID20707605 DTXSID70743614 DTXSID00216604 DTXSID60292449 DTXSID60767021
DTXSID00542773	DTXSID80373608 DTXSID20191888 DTXSID70443980 DTXSID40879717 DTXSID00730375 DTXSID50664979 DTXSID00351640 DTXSID1063140 DTXSID80897339 DTXSID60151047 DTXSID50303497 DTXSID10655469 DTXSID10374441 DTXSID70594325 DTXSID10398581 DTXSID80767386 DTXSID60540119 DTXSID10786207 DTXSID10210118 DTXSID40614903
DTXSID80809139	DTXSID80673756 DTXSID20295613 DTXSID70359411 DTXSID40503843 DTXSID20797743 DTXSID80174834 DTXSID00145324 DTXSID90441701 DTXSID60778778 DTXSID60579661 DTXSID30304306 DTXSID00428720 DTXSID70711419 DTXSID70623987 DTXSID00706792 DTXSID10794029 DTXSID60239672 DTXSID50696972 DTXSID6044773 DTXSID90543810
DTXSID60651597	DTXSID80228265 DTXSID50556143 DTXSID30596401 DTXSID60487010 DTXSID10454999 DTXSID10637523 DTXSID10475568 DTXSID50337419 DTXSID30181735 DTXSID4067771 DTXSID70651442 DTXSID50639965 DTXSID60633570 DTXSID90480958 DTXSID70508063 DTXSID60704259 DTXSID80493395 DTXSID20732598 DTXSID50448771 DTXSID40507649
DTXSID50354621	DTXSID70392484 DTXSID50374804 DTXSID90743974 DTXSID10316184 DTXSID90443664 DTXSID40706150 DTXSID70449649 DTXSID10305598 DTXSID00536894 DTXSID70145831 DTXSID30585375 DTXSID10483385 DTXSID30760367 DTXSID00696205 DTXSID90407241 DTXSID30579375 DTXSID10727837 DTXSID60536810 DTXSID60385961 DTXSID90742528
DTXSID30742724	DTXSID20482723 DTXSID40815675 DTXSID90399319 DTXSID40745084 DTXSID80506277 DTXSID70192805 DTXSID1068302 DTXSID10734208 DTXSID30738485 DTXSID40230768 DTXSID70304724 DTXSID80175169 DTXSID70473565 DTXSID50521457 DTXSID30825445 DTXSID70527118 DTXSID80354371 DTXSID60522652 DTXSID70526065 DTXSID00744871
DTXSID60769489	DTXSID60535348 DTXSID40752516 DTXSID90794481 DTXSID20311786 DTXSID10394967 DTXSID60383846 DTXSID70588108 DTXSID30564701 DTXSID50586440 DTXSID40876645 DTXSID90294375 DTXSID60320519 DTXSID90573157 DTXSID30805207 DTXSID3071278 DTXSID00851251 DTXSID10656012 DTXSID40602800 DTXSID70615549 DTXSID00430101
DTXSID50494990	DTXSID3037549 DTXSID70554040 DTXSID70465081 DTXSID80369526 DTXSID30241787 DTXSID10332006 DTXSID40199366 DTXSID40707006 DTXSID90420798 DTXSID60194212 DTXSID70771053 DTXSID50495023 DTXSID10787436 DTXSID10794963 DTXSID50321954 DTXSID40596295 DTXSID80488645 DTXSID00352374 DTXSID60608662 DTXSID80391786
DTXSID20522552	DTXSID7044689 DTXSID80789447 DTXSID10828494 DTXSID90832034 DTXSID60239536 DTXSID20239537 DTXSID70676711 DTXSID00749265 DTXSID50354888 DTXSID90762589 DTXSID20581402 DTXSID00434109 DTXSID40782439 DTXSID60294322 DTXSID00613750 DTXSID60159886 DTXSID40638942 DTXSID20566037 DTXSID90443725 DTXSID30418639
DTXSID90294037	DTXSID40343786 DTXSID70285706 DTXSID20478080 DTXSID10567932 DTXSID2037714 DTXSID60510918 DTXSID00550772 DTXSID80340113 DTXSID90339518 DTXSID30639766 DTXSID80442020 DTXSID90514803 DTXSID60524616 DTXSID70789032 DTXSID20342651 DTXSID20383281 DTXSID90720280 DTXSID60202720 DTXSID50523537 DTXSID70518021
DTXSID20285377	DTXSID80439197 DTXSID30638613 DTXSID90484012 DTXSID20206103 DTXSID50464411 DTXSID50824718 DTXSID10498176 DTXSID70655400 DTXSID00110032 DTXSID90461989 DTXSID20159423 DTXSID3057692 DTXSID80777521 DTXSID20291539 DTXSID10471545 DTXSID90307398 DTXSID70599118 DTXSID10561854 DTXSID90396484 DTXSID10713593
DTXSID40591346	DTXSID00489119 DTXSID40885595 DTXSID20740911 DTXSID70667260 DTXSID00501709 DTXSID30770906 DTXSID10803882 DTXSID90741551 DTXSID00588454 DTXSID50277740 DTXSID20656109 DTXSID40474221 DTXSID30733071 DTXSID90519474 DTXSID80470161 DTXSID80618687 DTXSID70606674 DTXSID00543245 DTXSID70526161 DTXSID90474074
DTXSID7044506	DTXSID20161445 DTXSID60183484 DTXSID50481946 DTXSID50368783 DTXSID10586320 DTXSID80443794 DTXSID00441777 DTXSID10285503 DTXSID50709551 DTXSID60182598 DTXSID20403978 DTXSID00444965 DTXSID30418639 DTXSID30420691 DTXSID20455836 DTXSID8063834 DTXSID40304150 DTXSID90734423 DTXSID20566037 DTXSID50810611
DTXSID40603837	DTXSID80399560 DTXSID70766489 DTXSID40509007 DTXSID70199334 DTXSID50301953 DTXSID80594558 DTXSID70357452 DTXSID30460577 DTXSID80440283 DTXSID30300383 DTXSID00358977 DTXSID00302495 DTXSID30849560 DTXSID00606703 DTXSID30587354 DTXSID20876269 DTXSID10361215 DTXSID90343534 DTXSID10726325 DTXSID70646651
DTXSID30592241	DTXSID50446232 DTXSID10659624 DTXSID70696934 DTXSID30711814 DTXSID40507301 DTXSID50323352 DTXSID90238138 DTXSID80208966 DTXSID50366244 DTXSID30787998 DTXSID90801907 DTXSID40186832 DTXSID30303990 DTXSID80665454 DTXSID20447155 DTXSID30209468 DTXSID10360203 DTXSID70538027 DTXSID60797262 DTXSID40539147
DTXSID20376158	DTXSID80647376 DTXSID80722556 DTXSID10143472 DTXSID30816914 DTXSID20284688 DTXSID20730756 DTXSID00338355 DTXSID70640932 DTXSID90325830 DTXSID40896727 DTXSID10618478 DTXSID40711481 DTXSID70377413 DTXSID70585475 DTXSID90316728 DTXSID00403350 DTXSID10303817 DTXSID70511118 DTXSID50660254 DTXSID10377573
DTXSID80289952	DTXSID80516533 DTXSID20349428 DTXSID20238601 DTXSID20452921 DTXSID60884207 DTXSID10737794 DTXSID3062029 DTXSID90277769 DTXSID30664199 DTXSID90343054 DTXSID20553205 DTXSID70733712 DTXSID40684101 DTXSID60351601 DTXSID50388582 DTXSID90651621 DTXSID70459046 DTXSID80698227 DTXSID70885523 DTXSID30524966
DTXSID90398908	DTXSID40161482 DTXSID10784768 DTXSID00712313 DTXSID10294599 DTXSID60564971 DTXSID80206088 DTXSID00672827 DTXSID30676414 DTXSID20198655 DTXSID90182107 DTXSID10403003 DTXSID20707605 DTXSID00680048 DTXSID40530558 DTXSID50700765 DTXSID70393719 DTXSID70297561 DTXSID50527333 DTXSID40532698 DTXSID10792868
DTXSID80169381	DTXSID00653257 DTXSID50625161 DTXSID90497142 DTXSID10619203 DTXSID30444372 DTXSID70857629 DTXSID20573165 DTXSID70566047 DTXSID60358791 DTXSID60575966 DTXSID50588202 DTXSID20345824 DTXSID60640668 DTXSID00375361 DTXSID20355044 DTXSID40562536 DTXSID90330949 DTXSID00346814 DTXSID60472608 DTXSID00739348
DTXSID70649283	DTXSID00480469 DTXSID20642128 DTXSID40726050 DTXSID30711410 DTXSID50368506 DTXSID10506361 DTXSID10528381 DTXSID00520894 DTXSID30708643 DTXSID10366846 DTXSID70495707 DTXSID60680908 DTXSID40509623 DTXSID20419099 DTXSID20354471 DTXSID10361513 DTXSID60351681 DTXSID40311142 DTXSID50452131 DTXSID60233812
DTXSID40791602	DTXSID90224076 DTXSID20578493 DTXSID80456122 DTXSID20852583 DTXSID40401158 DTXSID90819507 DTXSID00878988 DTXSID30525099 DTXSID60648740 DTXSID30303394 DTXSID30323890 DTXSID40555903 DTXSID20676827 DTXSID40465871 DTXSID40319603 DTXSID10820953 DTXSID90348963 DTXSID20612189 DTXSID90794901 DTXSID40340250
DTXSID50343737	DTXSID60476803 DTXSID90431228 DTXSID80381783 DTXSID70383473 DTXSID90612898 DTXSID70731470 DTXSID40210161 DTXSID60708712 DTXSID70607868 DTXSID40303103 DTXSID80876982 DTXSID20475751 DTXSID10588304 DTXSID00315606 DTXSID90876473 DTXSID10480899 DTXSID20708556 DTXSID10630897 DTXSID90237202 DTXSID90544741
DTXSID40174976	DTXSID10455688 DTXSID80278381 DTXSID60172090 DTXSID90343418 DTXSID10812313 DTXSID90238173 DTXSID50384589 DTXSID40465871 DTXSID20612189 DTXSID10672419 DTXSID40786952 DTXSID10876652 DTXSID00556951 DTXSID30504920 DTXSID80456122 DTXSID00801599 DTXSID30759337 DTXSID30806976 DTXSID30817062 DTXSID50602699
DTXSID90366162	DTXSID60856883 DTXSID00343944 DTXSID60672065 DTXSID20430340 DTXSID80810740 DTXSID30180309 DTXSID50478391 DTXSID60832561 DTXSID80458641 DTXSID40143824 DTXSID50701292 DTXSID70180323 DTXSID20342757 DTXSID80726812 DTXSID80241196 DTXSID20729766 DTXSID40663355 DTXSID40675519 DTXSID70793598 DTXSID20472346
DTXSID30295169	DTXSID80496604 DTXSID70385795 DTXSID30505119 DTXSID60729604 DTXSID90669564 DTXSID40511640 DTXSID00567946 DTXSID20303686 DTXSID10727791 DTXSID20324255 DTXSID40729122 DTXSID00472607 DTXSID70341891 DTXSID80292143 DTXSID50238654 DTXSID90878937 DTXSID80730651 DTXSID80738773 DTXSID9046865 DTXSID80589606
DTXSID80598798	DTXSID60177267 DTXSID20332552 DTXSID50313612 DTXSID20662927 DTXSID90313550 DTXSID90653105 DTXSID50627362 DTXSID30510223 DTXSID30711637 DTXSID60776895 DTXSID00655514 DTXSID90344864 DTXSID50341258 DTXSID80407179 DTXSID10374446 DTXSID00366178 DTXSID90604177 DTXSID20730675 DTXSID00522010 DTXSID70814070
DTXSID20299454	DTXSID90438530 DTXSID40508893 DTXSID80727804 DTXSID00710011 DTXSID30279565 DTXSID40781189 DTXSID20352715 DTXSID20576136 DTXSID50602750 DTXSID00654103 DTXSID90676839 DTXSID10668655 DTXSID00393727 DTXSID60885815 DTXSID60319443 DTXSID4020953 DTXSID00383582 DTXSID70148105 DTXSID90669140 DTXSID30627002
DTXSID40659632	DTXSID90349995 DTXSID70794808 DTXSID00216765 DTXSID2023222 DTXSID30415688 DTXSID60297232 DTXSID00896142 DTXSID40434921 DTXSID90342643 DTXSID90834472 DTXSID30389390 DTXSID50395377 DTXSID50369891 DTXSID90535053 DTXSID60502116 DTXSID20857659 DTXSID60231434 DTXSID90310120 DTXSID30445344 DTXSID30321477
DTXSID50321838	DTXSID10340247 DTXSID80324014 DTXSID40593183 DTXSID90559057 DTXSID30566720 DTXSID70693504 DTXSID40607633 DTXSID70823187 DTXSID10675228 DTXSID00783982 DTXSID70737937 DTXSID10803483 DTXSID50481845 DTXSID00769266 DTXSID50404296 DTXSID70794227 DTXSID30178928 DTXSID40449691 DTXSID60473099 DTXSID60848460
DTXSID90826519	DTXSID20524016 DTXSID10211645 DTXSID00589805 DTXSID30617968 DTXSID70630333 DTXSID00531041 DTXSID00145708 DTXSID90629724 DTXSID40620145 DTXSID50551916 DTXSID40784357 DTXSID20857598 DTXSID70526828 DTXSID00364871 DTXSID60728172 DTXSID00330692 DTXSID20428787 DTXSID60825514 DTXSID90782383 DTXSID50404433
DTXSID30302286	DTXSID70604958 DTXSID70190260 DTXSID10500324 DTXSID90784241 DTXSID00763380 DTXSID10818299 DTXSID90487604 DTXSID20341866 DTXSID70460152 DTXSID70569078 DTXSID00391541 DTXSID20431170 DTXSID60184971 DTXSID10544465 DTXSID10404676 DTXSID50457944 DTXSID10838811 DTXSID70792849 DTXSID80169801 DTXSID20340096
DTXSID40585508	DTXSID60848061 DTXSID00833719 DTXSID70799373 DTXSID40700572 DTXSID70795315 DTXSID5022803 DTXSID10280518 DTXSID70547371 DTXSID90661225 DTXSID00374652 DTXSID80553342 DTXSID80292582 DTXSID80619876 DTXSID60722519 DTXSID80754296 DTXSID50453481 DTXSID70666899 DTXSID30722324 DTXSID80661234 DTXSID50294250
DTXSID90441701	DTXSID50696972 DTXSID60579661 DTXSID80290523 DTXSID20797743 DTXSID80809139 DTXSID10794029 DTXSID70711419 DTXSID00600140 DTXSID40503843 DTXSID70434151 DTXSID30304306 DTXSID00706792 DTXSID80616800 DTXSID70623987 DTXSID40522559 DTXSID00145324 DTXSID80174834 DTXSID90577938 DTXSID80673756 DTXSID60778778
DTXSID80596936	DTXSID20797460 DTXSID70277929 DTXSID10609068 DTXSID70352922 DTXSID80655517 DTXSID10182402 DTXSID30199118 DTXSID10238155 DTXSID10560827 DTXSID20895511 DTXSID60179903 DTXSID40563927 DTXSID90573197 DTXSID40824282 DTXSID70377711 DTXSID10610316 DTXSID50571472 DTXSID80345264 DTXSID80464787 DTXSID50614151
DTXSID50828135	DTXSID10503471 DTXSID20210280 DTXSID4063614 DTXSID60276426 DTXSID30819268 DTXSID10206612 DTXSID70239188 DTXSID00527666 DTXSID1041398 DTXSID40770194 DTXSID40659197 DTXSID70805761 DTXSID30714603 DTXSID30528040 DTXSID70276578 DTXSID00884246 DTXSID00892301 DTXSID8027872 DTXSID00710076 DTXSID8070128
DTXSID90663466	DTXSID00515240 DTXSID80224782 DTXSID30857029 DTXSID50392285 DTXSID40719260 DTXSID50190364 DTXSID90674537 DTXSID80684347 DTXSID40311142 DTXSID60388210 DTXSID10626018 DTXSID10609765 DTXSID20589302 DTXSID10399659 DTXSID00488824 DTXSID90291526 DTXSID60512533 DTXSID20599022 DTXSID10288170 DTXSID60456741
DTXSID80538619	DTXSID90767079 DTXSID80196773 DTXSID60631637 DTXSID20408685 DTXSID80787605 DTXSID60589644 DTXSID20193125 DTXSID1067833 DTXSID60373803 DTXSID70815446 DTXSID00742973 DTXSID60400325 DTXSID80428662 DTXSID70280852 DTXSID50846172 DTXSID30628918 DTXSID00832287 DTXSID90699861 DTXSID00314154 DTXSID90812856
DTXSID90813020	DTXSID30311595 DTXSID80282226 DTXSID00371186 DTXSID40561645 DTXSID40450409 DTXSID40168219 DTXSID40374030 DTXSID40588493 DTXSID30176540 DTXSID50467346 DTXSID70677208 DTXSID40296581 DTXSID10579717 DTXSID20439297 DTXSID80294445 DTXSID90419526 DTXSID80813019 DTXSID00694049 DTXSID60377023 DTXSID20352412
DTXSID40421230	DTXSID70536164 DTXSID80377186 DTXSID80796772 DTXSID20619259 DTXSID80218944 DTXSID20314595 DTXSID70548964 DTXSID20228325 DTXSID40480100 DTXSID30804639 DTXSID60879719 DTXSID70397414 DTXSID5066748 DTXSID30175174 DTXSID00701489 DTXSID40755587 DTXSID00588297 DTXSID90794901 DTXSID00571028 DTXSID4059251
DTXSID40415492	DTXSID80369369 DTXSID60681854 DTXSID80791282 DTXSID00374536 DTXSID50281226 DTXSID20774958 DTXSID00749821 DTXSID90208553 DTXSID70514624 DTXSID90473522 DTXSID00341086 DTXSID80181826 DTXSID20562958 DTXSID00614525 DTXSID30410198 DTXSID50399370 DTXSID00596812 DTXSID00343681 DTXSID50462957 DTXSID50345554
DTXSID1044514	DTXSID40751488 DTXSID20370717 DTXSID60289273 DTXSID50226213 DTXSID60829072 DTXSID70317031 DTXSID70218155 DTXSID30714365 DTXSID90618219 DTXSID50801589 DTXSID40711522 DTXSID70591854 DTXSID70671600 DTXSID40396919 DTXSID30494877 DTXSID00409352 DTXSID30458691 DTXSID60312176 DTXSID70281485 DTXSID10351257
DTXSID10380986	DTXSID70315976 DTXSID20351228 DTXSID30668051 DTXSID50325992 DTXSID30600355 DTXSID80744470 DTXSID70629489 DTXSID70357679 DTXSID10612693 DTXSID90489587 DTXSID60573200 DTXSID80354750 DTXSID20620805 DTXSID60551149 DTXSID60456741 DTXSID00857657 DTXSID50599959 DTXSID20846260 DTXSID90373750 DTXSID60501705
DTXSID90518144	DTXSID30279363 DTXSID30356906 DTXSID40713445 DTXSID30782766 DTXSID00659916 DTXSID60424546 DTXSID30311237 DTXSID40310175 DTXSID00657452 DTXSID80664447 DTXSID30465820 DTXSID60785200 DTXSID80635011 DTXSID40225492 DTXSID70588108 DTXSID00604345 DTXSID90178202 DTXSID80781567 DTXSID60439377 DTXSID10589275
DTXSID20804082	DTXSID20840788 DTXSID30734164 DTXSID90456239 DTXSID50645627 DTXSID10515615 DTXSID20278163 DTXSID30516765 DTXSID10725737 DTXSID70308404 DTXSID50193274 DTXSID00588237 DTXSID00372219 DTXSID10416330 DTXSID7057787 DTXSID70515611 DTXSID80298887 DTXSID50457308 DTXSID50303033 DTXSID50496595 DTXSID70846614
DTXSID60733408	DTXSID10174948 DTXSID60358175 DTXSID30419742 DTXSID1060712 DTXSID90474094 DTXSID20591743 DTXSID70499149 DTXSID10564764 DTXSID20429673 DTXSID60221092 DTXSID00188933 DTXSID40528152 DTXSID90763672 DTXSID60284147 DTXSID80601918 DTXSID70239385 DTXSID20302452 DTXSID30290992 DTXSID40321322 DTXSID50396228
DTXSID30671565	DTXSID10641428 DTXSID20489156 DTXSID50743096 DTXSID30395714 DTXSID40835055 DTXSID60479238 DTXSID80625058 DTXSID40855379 DTXSID70355317 DTXSID40606782 DTXSID40818449 DTXSID50604471 DTXSID50425244 DTXSID00876505 DTXSID80174874 DTXSID80456228 DTXSID50368960 DTXSID60704577 DTXSID60209350 DTXSID90883667
DTXSID60810940	DTXSID10388942 DTXSID80844909 DTXSID10736287 DTXSID20844908 DTXSID60715789 DTXSID50752865 DTXSID80234563 DTXSID60772473 DTXSID00404029 DTXSID60776815 DTXSID80232084 DTXSID20288823 DTXSID50820432 DTXSID90152264 DTXSID90292492 DTXSID3070418 DTXSID20776896 DTXSID70557152 DTXSID70720485 DTXSID90711173
DTXSID30671560	DTXSID10600595 DTXSID30395390 DTXSID20277151 DTXSID20536457 DTXSID90733219 DTXSID30525913 DTXSID80275653 DTXSID60835815 DTXSID0058514 DTXSID60710254 DTXSID10496253 DTXSID70783656 DTXSID40207819 DTXSID00393560 DTXSID90857000 DTXSID40431016 DTXSID70299409 DTXSID70602333 DTXSID40279910 DTXSID70589478
DTXSID10584427	DTXSID70466078 DTXSID30733071 DTXSID70664895 DTXSID50340165 DTXSID20290961 DTXSID90738966 DTXSID60849235 DTXSID50767873 DTXSID50221364 DTXSID00588454 DTXSID40504491 DTXSID20728537 DTXSID80876523 DTXSID40667575 DTXSID5059296 DTXSID80470161 DTXSID60343788 DTXSID20492625 DTXSID50600953 DTXSID40343822
DTXSID20704078	DTXSID10739854 DTXSID20284901 DTXSID80502870 DTXSID00241971 DTXSID60151047 DTXSID40744315 DTXSID10210118 DTXSID00646740 DTXSID50763875 DTXSID90313277 DTXSID1063140 DTXSID60646089 DTXSID00342699 DTXSID40614903 DTXSID90478239 DTXSID70594325 DTXSID30323219 DTXSID90291925 DTXSID50361274 DTXSID00565861
DTXSID80638027	DTXSID60408725 DTXSID2060967 DTXSID90526789 DTXSID60150616 DTXSID90543436 DTXSID70517771 DTXSID80670184 DTXSID00491015 DTXSID00652785 DTXSID00343449 DTXSID20318013 DTXSID20481377 DTXSID30587935 DTXSID60207018 DTXSID30757772 DTXSID80478884 DTXSID80771069 DTXSID90199053 DTXSID30396761 DTXSID50460130
DTXSID00373504	DTXSID00755265 DTXSID40146198 DTXSID10588026 DTXSID40228625 DTXSID60533122 DTXSID90707511 DTXSID40841656 DTXSID30571612 DTXSID30466877 DTXSID40325042 DTXSID10481523 DTXSID40671632 DTXSID90719896 DTXSID60335284 DTXSID50542425 DTXSID90877561 DTXSID10707634 DTXSID80499756 DTXSID50506067 DTXSID10239804
DTXSID10865142	DTXSID70612538 DTXSID50436431 DTXSID60369660 DTXSID60640062 DTXSID90156141 DTXSID70666899 DTXSID80754296 DTXSID00609077 DTXSID70495863 DTXSID70560666 DTXSID20548313 DTXSID30616810 DTXSID50294250 DTXSID60656749 DTXSID80879493 DTXSID60281555 DTXSID60154331 DTXSID40673595 DTXSID90799638 DTXSID60722519
DTXSID00404029	DTXSID80234563 DTXSID80884461 DTXSID5061085 DTXSID90152264 DTXSID10736287 DTXSID60810940 DTXSID10388942 DTXSID70724408 DTXSID80844909 DTXSID20432905 DTXSID60715789 DTXSID60776815 DTXSID20776896 DTXSID60772473 DTXSID40157103 DTXSID10852012 DTXSID90560906 DTXSID20844908 DTXSID8061212 DTXSID00764377
DTXSID80505523	DTXSID90571577 DTXSID50622817 DTXSID40549185 DTXSID40446483 DTXSID10172580 DTXSID70632195 DTXSID70576984 DTXSID80457351 DTXSID70721134 DTXSID60519461 DTXSID20500057 DTXSID40175741 DTXSID20597482 DTXSID60365268 DTXSID50356468 DTXSID40468009 DTXSID30444993 DTXSID30483483 DTXSID60542759 DTXSID80593521
DTXSID70711898	DTXSID70619188 DTXSID80175922 DTXSID30628892 DTXSID30453025 DTXSID50383092 DTXSID70857280 DTXSID80191703 DTXSID70613904 DTXSID80729308 DTXSID80646465 DTXSID90625201 DTXSID10482131 DTXSID40354256 DTXSID80619210 DTXSID70749176 DTXSID80627991 DTXSID1063435 DTXSID40371741 DTXSID00407818 DTXSID80374438
DTXSID80783304	DTXSID90286816 DTXSID90533897 DTXSID40773347 DTXSID40802964 DTXSID40675236 DTXSID40838642 DTXSID20535622 DTXSID60813436 DTXSID30326104 DTXSID90816733 DTXSID00819290 DTXSID10400032 DTXSID50832151 DTXSID30408717 DTXSID00794972 DTXSID40462365 DTXSID00161882 DTXSID40455499 DTXSID50880672 DTXSID10770565
DTXSID6062672	DTXSID70620279 DTXSID50604451 DTXSID30307175 DTXSID50281226 DTXSID00374536 DTXSID20595640 DTXSID50651304 DTXSID90208553 DTXSID1068853 DTXSID60424884 DTXSID00614525 DTXSID10321879 DTXSID80369369 DTXSID00749821 DTXSID50542445 DTXSID10310021 DTXSID10555314 DTXSID60681854 DTXSID20218842 DTXSID70514624
DTXSID00672827	DTXSID50527333 DTXSID10275540 DTXSID40532698 DTXSID50841228 DTXSID70297561 DTXSID90853663 DTXSID90398908 DTXSID40774819 DTXSID70212037 DTXSID00186176 DTXSID20352578 DTXSID70224791 DTXSID40756958 DTXSID00712313 DTXSID70558604 DTXSID40161482 DTXSID60188272 DTXSID40530558 DTXSID90324449 DTXSID40508272
DTXSID10627005	DTXSID00669338 DTXSID40613335 DTXSID20707948 DTXSID20835912 DTXSID80485831 DTXSID90700688 DTXSID80348497 DTXSID30418775 DTXSID10335214 DTXSID40192418 DTXSID20618585 DTXSID40538872 DTXSID50719099 DTXSID70341093 DTXSID30811020 DTXSID00480065 DTXSID90578465 DTXSID80655638 DTXSID40789600 DTXSID60508572
DTXSID40190999	DTXSID80760271 DTXSID10877629 DTXSID50377476 DTXSID20370398 DTXSID30825243 DTXSID30541254 DTXSID40397845 DTXSID90177598 DTXSID90750941 DTXSID10412998 DTXSID90797093 DTXSID00439250 DTXSID90668794 DTXSID90243843 DTXSID30474452 DTXSID60787562 DTXSID2068424 DTXSID20697451 DTXSID6048888 DTXSID00198037
DTXSID80657334	DTXSID40791662 DTXSID20379280 DTXSID80223154 DTXSID70509818 DTXSID10497361 DTXSID70766141 DTXSID10165937 DTXSID00716235 DTXSID60527743 DTXSID50487822 DTXSID60676942 DTXSID70554121 DTXSID10856030 DTXSID40399561 DTXSID80753941 DTXSID30844994 DTXSID00489694 DTXSID40550190 DTXSID10189714 DTXSID00209354
DTXSID70300165	DTXSID50447744 DTXSID70280392 DTXSID50290212 DTXSID50425244 DTXSID10641428 DTXSID6046264 DTXSID30395714 DTXSID10676997 DTXSID90223180 DTXSID40757268 DTXSID00735784 DTXSID80384572 DTXSID30159237 DTXSID50604471 DTXSID80625058 DTXSID30671565 DTXSID40891611 DTXSID00852122 DTXSID90310140 DTXSID3048316
DTXSID10645683	DTXSID70296695 DTXSID50590007 DTXSID50790207 DTXSID60278066 DTXSID80423172 DTXSID70344367 DTXSID60166439 DTXSID90799633 DTXSID30374882 DTXSID40610364 DTXSID00406381 DTXSID40721146 DTXSID20631638 DTXSID90404174 DTXSID80278947 DTXSID00846344 DTXSID00842563 DTXSID80456228 DTXSID80472908 DTXSID50549631
DTXSID70354901	DTXSID70299444 DTXSID20415915 DTXSID9068904 DTXSID00277376 DTXSID50814573 DTXSID70730968 DTXSID80404820 DTXSID90530907 DTXSID60156476 DTXSID20585925 DTXSID50184864 DTXSID70276593 DTXSID70646373 DTXSID30177557 DTXSID60763189 DTXSID90512546 DTXSID80634847 DTXSID00356670 DTXSID70676397 DTXSID50190425
DTXSID60611176	DTXSID10580202 DTXSID10607125 DTXSID00834226 DTXSID00604709 DTXSID70325651 DTXSID50887924 DTXSID60827513 DTXSID20660362 DTXSID00675171 DTXSID30377777 DTXSID40677396 DTXSID30616532 DTXSID60489953 DTXSID50766987 DTXSID80817239 DTXSID10802714 DTXSID70459546 DTXSID70884657 DTXSID90203164 DTXSID70568465
DTXSID70477482	DTXSID40288860 DTXSID40674724 DTXSID80635011 DTXSID00604345 DTXSID10506866 DTXSID60768134 DTXSID90178202 DTXSID30782766 DTXSID80664447 DTXSID60875736 DTXSID20173629 DTXSID2068137 DTXSID60542496 DTXSID00223095 DTXSID20700217 DTXSID00657452 DTXSID80655491 DTXSID90518144 DTXSID6023315 DTXSID50509992
DTXSID50323352	DTXSID50446232 DTXSID90238138 DTXSID80665454 DTXSID50366244 DTXSID40186832 DTXSID10659624 DTXSID70696934 DTXSID30592241 DTXSID90801907 DTXSID30711814 DTXSID80208966 DTXSID60797262 DTXSID30303990 DTXSID70714723 DTXSID40507301 DTXSID60337187 DTXSID40211431 DTXSID00312019 DTXSID40539147 DTXSID40477959
DTXSID00405738	DTXSID10633424 DTXSID60625556 DTXSID00171365 DTXSID60762692 DTXSID10198806 DTXSID10627489 DTXSID90433782 DTXSID60523124 DTXSID4022076 DTXSID40797200 DTXSID90541598 DTXSID10467660 DTXSID50545613 DTXSID50851665 DTXSID30346509 DTXSID10510948 DTXSID50837207 DTXSID20148998 DTXSID00502150 DTXSID10627181
DTXSID80765483	DTXSID10801303 DTXSID00773606 DTXSID50867463 DTXSID20579662 DTXSID60528215 DTXSID50340887 DTXSID10492816 DTXSID60511748 DTXSID50196164 DTXSID10326566 DTXSID30818211 DTXSID80651337 DTXSID00425996 DTXSID50734888 DTXSID20346871 DTXSID00500111 DTXSID90826195 DTXSID80347102 DTXSID70349498 DTXSID50805163
DTXSID60242747	DTXSID90763152 DTXSID10872659 DTXSID60775681 DTXSID40613991 DTXSID80274202 DTXSID60780199 DTXSID00829132 DTXSID60276143 DTXSID0067503 DTXSID10511157 DTXSID00629477 DTXSID00234146 DTXSID40563189 DTXSID60816366 DTXSID50507599 DTXSID20242521 DTXSID30429503 DTXSID20797061 DTXSID70797955 DTXSID40845013
DTXSID60466481	DTXSID30524966 DTXSID30485745 DTXSID00600882 DTXSID50736064 DTXSID90214997 DTXSID70564109 DTXSID50280274 DTXSID50419789 DTXSID10808695 DTXSID00371126 DTXSID80415456 DTXSID80593384 DTXSID90236053 DTXSID10566046 DTXSID10563954 DTXSID50302824 DTXSID40244168 DTXSID40282005 DTXSID90608771 DTXSID20608365
DTXSID20389647	DTXSID80356693 DTXSID90771979 DTXSID90330247 DTXSID9059541 DTXSID70484651 DTXSID60633636 DTXSID80337720 DTXSID90340548 DTXSID20697072 DTXSID20386156 DTXSID60612921 DTXSID40328396 DTXSID5059163 DTXSID50186787 DTXSID40836047 DTXSID20177142 DTXSID10398708 DTXSID40729783 DTXSID20390738 DTXSID70480092
DTXSID90653125	DTXSID30575877 DTXSID70496178 DTXSID50696210 DTXSID70464877 DTXSID10195335 DTXSID10397478 DTXSID50289141 DTXSID50592203 DTXSID50812953 DTXSID60840989 DTXSID80377949 DTXSID10857380 DTXSID30555654 DTXSID50623167 DTXSID90452650 DTXSID60566016 DTXSID20312470 DTXSID40646461 DTXSID70650152 DTXSID20223597
DTXSID90801907	DTXSID40186832 DTXSID20308030 DTXSID60797262 DTXSID70696934 DTXSID60337187 DTXSID70538027 DTXSID40507301 DTXSID50323352 DTXSID50446232 DTXSID30303990 DTXSID90562627 DTXSID90238138 DTXSID50749917 DTXSID30592241 DTXSID30711814 DTXSID40477959 DTXSID80665454 DTXSID10360203 DTXSID80590055 DTXSID70642537
DTXSID20560212	DTXSID20444048 DTXSID40766279 DTXSID90171935 DTXSID80524375 DTXSID80848381 DTXSID40876983 DTXSID90665021 DTXSID10403129 DTXSID50788008 DTXSID00681570 DTXSID20739229 DTXSID70278193 DTXSID30184524 DTXSID30434511 DTXSID90209343 DTXSID60445433 DTXSID8047717 DTXSID70607868 DTXSID50694418 DTXSID00842240
DTXSID50481880	DTXSID50742761 DTXSID50742145 DTXSID90396484 DTXSID40462704 DTXSID00110032 DTXSID60198210 DTXSID80777521 DTXSID10471545 DTXSID10498176 DTXSID70655400 DTXSID60526594 DTXSID80655517 DTXSID10610316 DTXSID90484012 DTXSID10182402 DTXSID00546650 DTXSID60168776 DTXSID70352922 DTXSID50572621 DTXSID70211469
DTXSID40440103	DTXSID10852996 DTXSID20159786 DTXSID10516763 DTXSID30437547 DTXSID30346908 DTXSID60806661 DTXSID80484561 DTXSID0042298 DTXSID90833162 DTXSID40765540 DTXSID10594324 DTXSID80287832 DTXSID50668230 DTXSID20544931 DTXSID5052387 DTXSID90463827 DTXSID00719160 DTXSID40760095 DTXSID20793508 DTXSID70765391
DTXSID30300722	DTXSID60300730 DTXSID3026564 DTXSID00710076 DTXSID60460363 DTXSID00618164 DTXSID3042003 DTXSID10239187 DTXSID00892301 DTXSID50775332 DTXSID8070128 DTXSID3067231 DTXSID80893735 DTXSID00281130 DTXSID90883243 DTXSID40659197 DTXSID90771570 DTXSID30528040 DTXSID30714603 DTXSID30336900 DTXSID00884246
DTXSID60670046	DTXSID10855821 DTXSID70597831 DTXSID30218136 DTXSID10483789 DTXSID20545261 DTXSID80665419 DTXSID60552611 DTXSID70372524 DTXSID90308284 DTXSID50323554 DTXSID70398168 DTXSID90564686 DTXSID40764472 DTXSID10632250 DTXSID00744412 DTXSID60204269 DTXSID70486135 DTXSID50651021 DTXSID10394942 DTXSID60143962
DTXSID10174882	DTXSID40824580 DTXSID90824994 DTXSID80635894 DTXSID60447573 DTXSID40801856 DTXSID00743021 DTXSID60843899 DTXSID40844809 DTXSID70836550 DTXSID40615793 DTXSID10538021 DTXSID50497966 DTXSID60432868 DTXSID10883785 DTXSID00534895 DTXSID40173409 DTXSID20801152 DTXSID80743286 DTXSID50698456 DTXSID10160907
DTXSID00362579	DTXSID00393560 DTXSID00895933 DTXSID20288681 DTXSID60524373 DTXSID50321732 DTXSID90300667 DTXSID90733219 DTXSID70589478 DTXSID20277151 DTXSID60657039 DTXSID60318532 DTXSID90482134 DTXSID3068126 DTXSID80640544 DTXSID00559806 DTXSID70299409 DTXSID20449336 DTXSID30671560 DTXSID50170323 DTXSID10600595
DTXSID50645627	DTXSID20278163 DTXSID90456239 DTXSID30734164 DTXSID80298887 DTXSID20804082 DTXSID10725737 DTXSID70515611 DTXSID70308404 DTXSID10515615 DTXSID40806220 DTXSID70846614 DTXSID10416330 DTXSID20840788 DTXSID60642405 DTXSID00588237 DTXSID50457308 DTXSID30516765 DTXSID70845187 DTXSID7057787 DTXSID00504230
DTXSID40455873	DTXSID40163406 DTXSID10599056 DTXSID00197808 DTXSID70487304 DTXSID50701934 DTXSID70563071 DTXSID10305518 DTXSID00507064 DTXSID70798725 DTXSID30753395 DTXSID00715541 DTXSID30463806 DTXSID60761685 DTXSID30815008 DTXSID90536565 DTXSID70743932 DTXSID20229796 DTXSID10145133 DTXSID80660707 DTXSID90825880
DTXSID90396883	DTXSID90586161 DTXSID70461260 DTXSID10876516 DTXSID70831702 DTXSID30378360 DTXSID20856506 DTXSID70203107 DTXSID30287620 DTXSID90147751 DTXSID40588519 DTXSID30752702 DTXSID40145843 DTXSID50833688 DTXSID60571706 DTXSID60365844 DTXSID40551263 DTXSID70821062 DTXSID40161003 DTXSID00293935 DTXSID90185572
DTXSID40430266	DTXSID70820898 DTXSID70710422 DTXSID00618008 DTXSID20406545 DTXSID90647221 DTXSID50437069 DTXSID70221568 DTXSID50227583 DTXSID10181551 DTXSID70471389 DTXSID20778436 DTXSID40674183 DTXSID80492207 DTXSID50345014 DTXSID40670741 DTXSID30636396 DTXSID70185176 DTXSID50667248 DTXSID50412755 DTXSID20534998
DTXSID30828991	DTXSID9068742 DTXSID10364706 DTXSID70400336 DTXSID80346776 DTXSID00571028 DTXSID40322470 DTXSID80407917 DTXSID00604284 DTXSID50374208 DTXSID60359485 DTXSID70593232 DTXSID50818117 DTXSID20590216 DTXSID20314595 DTXSID40762559 DTXSID70712704 DTXSID80509162 DTXSID30606231 DTXSID90427267 DTXSID90585790
DTXSID60184032	DTXSID70880654 DTXSID4052423 DTXSID20434202 DTXSID80763106 DTXSID00562052 DTXSID20357760 DTXSID30544962 DTXSID60241518 DTXSID00757749 DTXSID10149196 DTXSID40759388 DTXSID50296299 DTXSID10579131 DTXSID90751933 DTXSID80438044 DTXSID50465827 DTXSID10144484 DTXSID60642041 DTXSID00764791 DTXSID60881211
DTXSID00294381	DTXSID70513152 DTXSID20766015 DTXSID80151549 DTXSID30319213 DTXSID10426696 DTXSID10744428 DTXSID80606589 DTXSID00418328 DTXSID10541111 DTXSID00374011 DTXSID70832754 DTXSID40325007 DTXSID40473991 DTXSID60333760 DTXSID40241632 DTXSID30175038 DTXSID20549406 DTXSID50849249 DTXSID50591877 DTXSID80817057
DTXSID90163234	DTXSID60714878 DTXSID10830875 DTXSID20802265 DTXSID70318765 DTXSID20559469 DTXSID80468664 DTXSID40737303 DTXSID60327023 DTXSID10354788 DTXSID1041764 DTXSID40393488 DTXSID70891588 DTXSID80291373 DTXSID90731356 DTXSID10148321 DTXSID20793821 DTXSID40650629 DTXSID50352288 DTXSID80326235 DTXSID90521855
DTXSID60822902	DTXSID40417799 DTXSID60511480 DTXSID80195024 DTXSID40195666 DTXSID10699585 DTXSID00752951 DTXSID10886074 DTXSID70785392 DTXSID30147033 DTXSID00826560 DTXSID70450674 DTXSID90602057 DTXSID00699514 DTXSID10648492 DTXSID80546739 DTXSID80468609 DTXSID00793728 DTXSID50767838 DTXSID60752952 DTXSID10890999
DTXSID60295354	DTXSID40297775 DTXSID2047016 DTXSID30631402 DTXSID80358672 DTXSID90734029 DTXSID20212022 DTXSID70349519 DTXSID20295517 DTXSID10619405 DTXSID00462684 DTXSID60167603 DTXSID50305239 DTXSID90547797 DTXSID90540400 DTXSID30618253 DTXSID80549528 DTXSID10555091 DTXSID80620381 DTXSID20377125 DTXSID80570918
DTXSID20875878	DTXSID70392328 DTXSID40214669 DTXSID80712154 DTXSID20499770 DTXSID10634274 DTXSID20564316 DTXSID70780645 DTXSID90434618 DTXSID50565290 DTXSID30321194 DTXSID90444156 DTXSID40657259 DTXSID20754836 DTXSID40513644 DTXSID70834910 DTXSID60805533 DTXSID10827381 DTXSID70665004 DTXSID60284925 DTXSID70593353
DTXSID30303394	DTXSID00878988 DTXSID30525099 DTXSID60879719 DTXSID20228325 DTXSID20578493 DTXSID40791602 DTXSID90794901 DTXSID90819507 DTXSID20676827 DTXSID20604968 DTXSID30546800 DTXSID50379475 DTXSID50315232 DTXSID40555903 DTXSID40812861 DTXSID90152880 DTXSID80796772 DTXSID90224076 DTXSID20619259 DTXSID30323890
DTXSID10316184	DTXSID90443664 DTXSID30585375 DTXSID30760367 DTXSID90407241 DTXSID50354621 DTXSID40706150 DTXSID30579375 DTXSID50374804 DTXSID30460875 DTXSID30836834 DTXSID1066786 DTXSID90743974 DTXSID10727837 DTXSID00696205 DTXSID70392484 DTXSID20146696 DTXSID10305598 DTXSID10170304 DTXSID90623222 DTXSID70449649
DTXSID00593189	DTXSID70437263 DTXSID10597638 DTXSID80443759 DTXSID70876870 DTXSID50310146 DTXSID40551263 DTXSID70332168 DTXSID00782258 DTXSID30514887 DTXSID70873607 DTXSID70773471 DTXSID40145843 DTXSID90147751 DTXSID30886233 DTXSID30854634 DTXSID90346222 DTXSID80352251 DTXSID60321021 DTXSID40314517 DTXSID10667143
DTXSID20765669	DTXSID90164640 DTXSID30447005 DTXSID30524481 DTXSID90242250 DTXSID40526577 DTXSID80603654 DTXSID00209354 DTXSID60377861 DTXSID20522476 DTXSID20723880 DTXSID80674147 DTXSID00707800 DTXSID60590538 DTXSID20639957 DTXSID10327533 DTXSID80369228 DTXSID10856030 DTXSID50451407 DTXSID80648242 DTXSID70766141
DTXSID3059268	DTXSID20728537 DTXSID60343788 DTXSID70733212 DTXSID60849235 DTXSID90738966 DTXSID40640606 DTXSID50520026 DTXSID30150880 DTXSID90642514 DTXSID0051318 DTXSID20290961 DTXSID50221364 DTXSID50561439 DTXSID60486225 DTXSID60337061 DTXSID50399335 DTXSID40343822 DTXSID40667575 DTXSID20618883 DTXSID20183980
DTXSID10442477	DTXSID80875894 DTXSID90615844 DTXSID50760602 DTXSID80742315 DTXSID30528383 DTXSID10634996 DTXSID80675952 DTXSID70367571 DTXSID50833486 DTXSID80309280 DTXSID50610633 DTXSID10525294 DTXSID00463292 DTXSID20333766 DTXSID10518262 DTXSID90348625 DTXSID90344283 DTXSID50293460 DTXSID60390070 DTXSID70534448
DTXSID90693228	DTXSID30217321 DTXSID10660230 DTXSID10645305 DTXSID80647316 DTXSID90193935 DTXSID00307223 DTXSID00712717 DTXSID60441415 DTXSID20292960 DTXSID10841668 DTXSID60876682 DTXSID80199027 DTXSID90657128 DTXSID40540213 DTXSID50737298 DTXSID50430015 DTXSID90408475 DTXSID50486638 DTXSID50635109 DTXSID00440381
DTXSID40816743	DTXSID60797944 DTXSID30816737 DTXSID50816739 DTXSID90445481 DTXSID40767706 DTXSID20790537 DTXSID80742456 DTXSID60746876 DTXSID00816724 DTXSID60816740 DTXSID80615474 DTXSID10770565 DTXSID20443455 DTXSID60149080 DTXSID00809999 DTXSID60816720 DTXSID10825483 DTXSID20536553 DTXSID00816744 DTXSID90825320
DTXSID90693223	DTXSID30596148 DTXSID90339295 DTXSID30456915 DTXSID50425022 DTXSID70436918 DTXSID60403199 DTXSID10421101 DTXSID30709812 DTXSID40488742 DTXSID10439620 DTXSID90448755 DTXSID40396010 DTXSID10240733 DTXSID50448771 DTXSID10475568 DTXSID00445639 DTXSID20495555 DTXSID10443666 DTXSID50460438 DTXSID20323440
DTXSID90559693	DTXSID4025903 DTXSID10402258 DTXSID50453587 DTXSID30671904 DTXSID10379411 DTXSID40615374 DTXSID00646886 DTXSID20477518 DTXSID90365938 DTXSID50737516 DTXSID70382567 DTXSID20610786 DTXSID60498388 DTXSID70560101 DTXSID30305550 DTXSID20739320 DTXSID20879053 DTXSID40629911 DTXSID90631125 DTXSID40408041
DTXSID30848715	DTXSID90650230 DTXSID70751779 DTXSID40832302 DTXSID20746397 DTXSID80811232 DTXSID40306199 DTXSID90697544 DTXSID70730145 DTXSID00639879 DTXSID60702573 DTXSID70743614 DTXSID40852085 DTXSID50341016 DTXSID80847197 DTXSID10484514 DTXSID50316123 DTXSID60292449 DTXSID50390706 DTXSID80885534 DTXSID60767021
DTXSID20647693	DTXSID50406932 DTXSID40758917 DTXSID80814102 DTXSID80440647 DTXSID10198205 DTXSID40334275 DTXSID10696150 DTXSID10349472 DTXSID70315971 DTXSID30796606 DTXSID20354870 DTXSID40380277 DTXSID00839751 DTXSID80522134 DTXSID50494753 DTXSID90442410 DTXSID50450930 DTXSID70226290 DTXSID60725101 DTXSID50603368
DTXSID20342474	DTXSID20231798 DTXSID10809122 DTXSID40501203 DTXSID10296917 DTXSID70566345 DTXSID90842799 DTXSID80333909 DTXSID80282928 DTXSID80437496 DTXSID50512320 DTXSID90770189 DTXSID40555726 DTXSID50543331 DTXSID00501204 DTXSID10467160 DTXSID30508463 DTXSID10236494 DTXSID40204681 DTXSID90399273 DTXSID40390654
DTXSID90375138	DTXSID50695420 DTXSID90494676 DTXSID70507899 DTXSID70452133 DTXSID50873509 DTXSID20180474 DTXSID10343637 DTXSID80373744 DTXSID40496120 DTXSID00376691 DTXSID80303223 DTXSID80828986 DTXSID40360872 DTXSID60615215 DTXSID10483325 DTXSID40857631 DTXSID90626950 DTXSID30772364 DTXSID30780308 DTXSID80685814
DTXSID00616882	DTXSID50840392 DTXSID50878074 DTXSID20540059 DTXSID00701883 DTXSID10144949 DTXSID00507064 DTXSID80748150 DTXSID00632961 DTXSID00715541 DTXSID70529697 DTXSID80660707 DTXSID70822074 DTXSID50365777 DTXSID90825880 DTXSID40163406 DTXSID60761685 DTXSID50703291 DTXSID20503927 DTXSID10615447 DTXSID90375214
DTXSID00837752	DTXSID00487933 DTXSID90596124 DTXSID80391786 DTXSID70875984 DTXSID60190097 DTXSID10144424 DTXSID20739784 DTXSID30675508 DTXSID00822466 DTXSID10642415 DTXSID70668959 DTXSID70324861 DTXSID80325723 DTXSID80608826 DTXSID30589373 DTXSID10384429 DTXSID90143531 DTXSID20345869 DTXSID40707006 DTXSID70184189
DTXSID60159886	DTXSID40638942 DTXSID70676711 DTXSID60294322 DTXSID90832034 DTXSID50510164 DTXSID20184699 DTXSID50660118 DTXSID30580148 DTXSID80444665 DTXSID70193337 DTXSID50696457 DTXSID80789447 DTXSID10466491 DTXSID40452180 DTXSID20522552 DTXSID30705071 DTXSID20239537 DTXSID50354888 DTXSID60239536 DTXSID30562621
DTXSID50191093	DTXSID70471960 DTXSID80793680 DTXSID30786582 DTXSID20825196 DTXSID50234378 DTXSID90634898 DTXSID90407807 DTXSID60463576 DTXSID00601051 DTXSID40483015 DTXSID90758447 DTXSID90292492 DTXSID3067231 DTXSID10239187 DTXSID20840329 DTXSID00694029 DTXSID50239186 DTXSID80893735 DTXSID10431745 DTXSID60236282
DTXSID00611953	DTXSID30341251 DTXSID50196109 DTXSID40474802 DTXSID70508063 DTXSID80774393 DTXSID70584509 DTXSID70737336 DTXSID20880629 DTXSID50639965 DTXSID80769784 DTXSID10637523 DTXSID10310607 DTXSID10508168 DTXSID80365068 DTXSID70711292 DTXSID80629657 DTXSID80493395 DTXSID90459442 DTXSID00514839 DTXSID00621052
DTXSID90527650	DTXSID80519504 DTXSID90366985 DTXSID30165636 DTXSID00774294 DTXSID80834981 DTXSID20449336 DTXSID90730243 DTXSID30818579 DTXSID8036653 DTXSID30496230 DTXSID70562589 DTXSID50640374 DTXSID40490688 DTXSID90306129 DTXSID50404554 DTXSID40276348 DTXSID40190474 DTXSID50656218 DTXSID00390958 DTXSID20288681
DTXSID40222108	DTXSID50193279 DTXSID30625048 DTXSID80699299 DTXSID80430144 DTXSID40612666 DTXSID30293963 DTXSID00680048 DTXSID00344971 DTXSID30676414 DTXSID90757551 DTXSID70532141 DTXSID80308177 DTXSID10298456 DTXSID10294599 DTXSID70393719 DTXSID90727173 DTXSID60725005 DTXSID70548601 DTXSID50709137 DTXSID60739485
DTXSID40199841	DTXSID30521950 DTXSID20406202 DTXSID50512269 DTXSID30428359 DTXSID30227566 DTXSID50356327 DTXSID30678938 DTXSID80740250 DTXSID10675647 DTXSID60879411 DTXSID60470846 DTXSID30179672 DTXSID00299730 DTXSID90840538 DTXSID70487647 DTXSID50722604 DTXSID10763412 DTXSID10618519 DTXSID00364013 DTXSID30223629
DTXSID40877591	DTXSID10480899 DTXSID20708556 DTXSID6024337 DTXSID90280672 DTXSID80381783 DTXSID70607868 DTXSID40854463 DTXSID80524375 DTXSID60476803 DTXSID00240863 DTXSID60708712 DTXSID70731470 DTXSID50343737 DTXSID40815115 DTXSID00494304 DTXSID00732157 DTXSID20587863 DTXSID40358330 DTXSID70383473 DTXSID70534660
DTXSID30458691	DTXSID70591854 DTXSID50801589 DTXSID70671600 DTXSID00410423 DTXSID50226213 DTXSID90473481 DTXSID60228965 DTXSID40458723 DTXSID30483862 DTXSID30854114 DTXSID40435276 DTXSID80463053 DTXSID20370717 DTXSID10505753 DTXSID10314701 DTXSID00409352 DTXSID6065052 DTXSID1044514 DTXSID70218155 DTXSID40211577
DTXSID40304615	DTXSID80773745 DTXSID80768373 DTXSID10510241 DTXSID10808413 DTXSID20163666 DTXSID2041202 DTXSID20447413 DTXSID30763535 DTXSID30831682 DTXSID00678763 DTXSID60703727 DTXSID50847088 DTXSID70546066 DTXSID70570841 DTXSID50341511 DTXSID00804166 DTXSID00301524 DTXSID50707895 DTXSID60662507 DTXSID90390604
DTXSID20787826	DTXSID60704577 DTXSID40298565 DTXSID30810715 DTXSID50183731 DTXSID40855379 DTXSID50564682 DTXSID80625058 DTXSID60479238 DTXSID10380608 DTXSID20489156 DTXSID60493752 DTXSID60209350 DTXSID70393496 DTXSID20547043 DTXSID10443964 DTXSID10856277 DTXSID00876505 DTXSID00698709 DTXSID90667267 DTXSID80174874
DTXSID10474339	DTXSID70401020 DTXSID80506515 DTXSID00472844 DTXSID60675359 DTXSID90640813 DTXSID80733122 DTXSID30289801 DTXSID70512266 DTXSID60668963 DTXSID00406543 DTXSID80207111 DTXSID40368631 DTXSID20542199 DTXSID00524776 DTXSID40319825 DTXSID60157009 DTXSID00350315 DTXSID70845046 DTXSID80391327 DTXSID60443631
DTXSID90485226	DTXSID10838553 DTXSID00597642 DTXSID00579281 DTXSID40552053 DTXSID00341268 DTXSID20798912 DTXSID20159342 DTXSID20481099 DTXSID90424554 DTXSID10237007 DTXSID10811083 DTXSID50436936 DTXSID00206505 DTXSID00225190 DTXSID10302946 DTXSID80241717 DTXSID10809501 DTXSID50853381 DTXSID20200005 DTXSID50850153
DTXSID60656901	DTXSID20378874 DTXSID8022169 DTXSID9044164 DTXSID80708355 DTXSID30794804 DTXSID90527776 DTXSID70532929 DTXSID40405939 DTXSID40595829 DTXSID50220236 DTXSID40439936 DTXSID40851134 DTXSID40195489 DTXSID90338980 DTXSID10640512 DTXSID20381262 DTXSID00170095 DTXSID2022127 DTXSID70286738 DTXSID20173321
DTXSID40425995	DTXSID50632259 DTXSID80591547 DTXSID80375086 DTXSID60212142 DTXSID60438865 DTXSID60395929 DTXSID20360335 DTXSID90507811 DTXSID80666461 DTXSID90149336 DTXSID20375085 DTXSID8066975 DTXSID30579759 DTXSID50795277 DTXSID50751116 DTXSID70598666 DTXSID90608771 DTXSID60283352 DTXSID50280274 DTXSID10288332
DTXSID40645858	DTXSID40856260 DTXSID90710484 DTXSID10321359 DTXSID0069705 DTXSID00147227 DTXSID90651621 DTXSID20553205 DTXSID20282922 DTXSID00423295 DTXSID40177548 DTXSID70496976 DTXSID50486638 DTXSID10737794 DTXSID10167355 DTXSID00308578 DTXSID60715926 DTXSID80370950 DTXSID20238601 DTXSID40232909 DTXSID50484710
DTXSID90220432	DTXSID50750765 DTXSID30730989 DTXSID00748374 DTXSID60708676 DTXSID00289651 DTXSID50188948 DTXSID00834569 DTXSID20563228 DTXSID50572782 DTXSID60704451 DTXSID40413276 DTXSID30848932 DTXSID20627031 DTXSID50768805 DTXSID40763243 DTXSID20762693 DTXSID70784865 DTXSID60520198 DTXSID70764248 DTXSID60188550
DTXSID30671904	DTXSID50737516 DTXSID90559693 DTXSID20739320 DTXSID90631125 DTXSID4025903 DTXSID60498388 DTXSID20477518 DTXSID00646886 DTXSID00377007 DTXSID70382567 DTXSID10402258 DTXSID20383685 DTXSID50453587 DTXSID00681055 DTXSID10379411 DTXSID40615374 DTXSID40661659 DTXSID90365938 DTXSID90676839 DTXSID40680007
DTXSID90706185	DTXSID00731322 DTXSID80296964 DTXSID60432929 DTXSID00681696 DTXSID80825970 DTXSID30675048 DTXSID90675064 DTXSID80288283 DTXSID30842718 DTXSID10629923 DTXSID40346691 DTXSID20726376 DTXSID40724470 DTXSID20445797 DTXSID40656404 DTXSID10654715 DTXSID50662894 DTXSID30748145 DTXSID7063421 DTXSID3066267
DTXSID40338031	DTXSID50718906 DTXSID60818128 DTXSID20818129 DTXSID40718915 DTXSID40767246 DTXSID50771354 DTXSID90423986 DTXSID70880614 DTXSID00402808 DTXSID70477361 DTXSID60768018 DTXSID10338028 DTXSID50718047 DTXSID20801632 DTXSID60615952 DTXSID30519534 DTXSID50404352 DTXSID6066862 DTXSID60388215 DTXSID60501967
DTXSID70602010	DTXSID40732434 DTXSID30173539 DTXSID60145840 DTXSID70590307 DTXSID80294248 DTXSID60278708 DTXSID50761255 DTXSID70312566 DTXSID70801127 DTXSID80822580 DTXSID90408415 DTXSID50618790 DTXSID40420561 DTXSID90329050 DTXSID00656980 DTXSID20448142 DTXSID10772064 DTXSID60537100 DTXSID10511778 DTXSID30843725
DTXSID20496764	DTXSID70876537 DTXSID60645870 DTXSID20482041 DTXSID90326600 DTXSID80771185 DTXSID90734347 DTXSID1068229 DTXSID80196374 DTXSID90211683 DTXSID30489046 DTXSID60671492 DTXSID50625101 DTXSID10454318 DTXSID90201286 DTXSID80744117 DTXSID30485028 DTXSID90388046 DTXSID80338176 DTXSID70664895 DTXSID40459098
DTXSID30605128	DTXSID30563335 DTXSID00151728 DTXSID30462596 DTXSID50636555 DTXSID60588132 DTXSID80670922 DTXSID00344214 DTXSID20191247 DTXSID00552711 DTXSID20236506 DTXSID20235433 DTXSID30162665 DTXSID70850630 DTXSID50354060 DTXSID20346371 DTXSID10875781 DTXSID20483593 DTXSID00186358 DTXSID90510345 DTXSID00383582
DTXSID70554121	DTXSID70509818 DTXSID60527743 DTXSID40642428 DTXSID00489694 DTXSID40550190 DTXSID70226876 DTXSID2052360 DTXSID40791662 DTXSID0052386 DTXSID00716235 DTXSID50705750 DTXSID10497361 DTXSID30287165 DTXSID30620730 DTXSID10165937 DTXSID50844996 DTXSID10189714 DTXSID80753941 DTXSID40642064 DTXSID50181631
DTXSID00846344	DTXSID00722331 DTXSID20631638 DTXSID60166439 DTXSID80423172 DTXSID30374882 DTXSID90383692 DTXSID10875943 DTXSID40721146 DTXSID70344367 DTXSID50590007 DTXSID20876507 DTXSID40373801 DTXSID70296695 DTXSID80323406 DTXSID10799296 DTXSID00406381 DTXSID60174670 DTXSID50440356 DTXSID10645683 DTXSID60589644
DTXSID80675912	DTXSID70284875 DTXSID00234328 DTXSID10288877 DTXSID3061683 DTXSID10225444 DTXSID60638580 DTXSID30744627 DTXSID70747839 DTXSID30584969 DTXSID30694279 DTXSID60177085 DTXSID60747202 DTXSID40176910 DTXSID90783517 DTXSID40751463 DTXSID70336909 DTXSID10795415 DTXSID20722459 DTXSID10589215 DTXSID70670451
DTXSID50527777	DTXSID50621249 DTXSID80502759 DTXSID40462249 DTXSID20509883 DTXSID70559191 DTXSID50728005 DTXSID50709910 DTXSID70241625 DTXSID00444344 DTXSID30567075 DTXSID50354681 DTXSID70328364 DTXSID70877089 DTXSID70359395 DTXSID80553706 DTXSID50395812 DTXSID10518101 DTXSID00452565 DTXSID10482636 DTXSID20476162
DTXSID30400357	DTXSID30294197 DTXSID60430268 DTXSID40637430 DTXSID20719162 DTXSID50173692 DTXSID10606310 DTXSID20701062 DTXSID20336777 DTXSID90723953 DTXSID10448999 DTXSID10843167 DTXSID50469188 DTXSID00854782 DTXSID00866926 DTXSID90738901 DTXSID70848835 DTXSID50816451 DTXSID40719149 DTXSID90693561 DTXSID30824958
DTXSID00197560	DTXSID30740462 DTXSID70601548 DTXSID00501441 DTXSID10681824 DTXSID80635137 DTXSID40293651 DTXSID30607723 DTXSID60396875 DTXSID10408598 DTXSID20856622 DTXSID90401582 DTXSID20422326 DTXSID80618041 DTXSID20324558 DTXSID40349703 DTXSID70341891 DTXSID50740727 DTXSID90409028 DTXSID20370833 DTXSID60729604
DTXSID90193935	DTXSID60441415 DTXSID80647316 DTXSID20504696 DTXSID40540213 DTXSID00712717 DTXSID20292960 DTXSID80199027 DTXSID90525914 DTXSID90385338 DTXSID10660230 DTXSID50430015 DTXSID90693228 DTXSID50486638 DTXSID30217321 DTXSID50737298 DTXSID60147440 DTXSID10645305 DTXSID90657128 DTXSID70170840 DTXSID60668665
DTXSID80284725	DTXSID30852630 DTXSID30195034 DTXSID90526623 DTXSID70874477 DTXSID70527512 DTXSID80175861 DTXSID10436654 DTXSID40406623 DTXSID20481099 DTXSID50436936 DTXSID60764510 DTXSID30563198 DTXSID40552053 DTXSID00341268 DTXSID20880720 DTXSID00366512 DTXSID10237007 DTXSID80715221 DTXSID00523148 DTXSID30799591
DTXSID80855090	DTXSID80289396 DTXSID40845694 DTXSID00670222 DTXSID70669229 DTXSID80593521 DTXSID00668987 DTXSID70710927 DTXSID50356468 DTXSID10356469 DTXSID20648620 DTXSID80299652 DTXSID30444993 DTXSID90611407 DTXSID20640467 DTXSID80479391 DTXSID50352682 DTXSID20394216 DTXSID10604336 DTXSID50534365 DTXSID00389105
DTXSID00182759	DTXSID90291925 DTXSID90313277 DTXSID60407293 DTXSID10736227 DTXSID00241971 DTXSID80543965 DTXSID60370650 DTXSID80767386 DTXSID20284901 DTXSID90478239 DTXSID60455951 DTXSID50361274 DTXSID20417717 DTXSID00388350 DTXSID10786207 DTXSID40879717 DTXSID60151047 DTXSID20549406 DTXSID80708592 DTXSID60540119
DTXSID30531958	DTXSID40456507 DTXSID00498387 DTXSID60204461 DTXSID90409028 DTXSID90401582 DTXSID60396875 DTXSID10215002 DTXSID50613285 DTXSID00632204 DTXSID80772011 DTXSID30175614 DTXSID30607723 DTXSID20671211 DTXSID00490346 DTXSID60668726 DTXSID00192999 DTXSID70400710 DTXSID20422326 DTXSID90346863 DTXSID10462918
DTXSID90286755	DTXSID00321702 DTXSID70805963 DTXSID40487235 DTXSID10178941 DTXSID70678311 DTXSID3073719 DTXSID50450490 DTXSID50491904 DTXSID80819470 DTXSID7029372 DTXSID80435412 DTXSID10327533 DTXSID20522476 DTXSID80369228 DTXSID30847288 DTXSID80205258 DTXSID10309314 DTXSID70531472 DTXSID90222719 DTXSID00802844
DTXSID00879551	DTXSID20721068 DTXSID80486469 DTXSID30190943 DTXSID10537195 DTXSID70750944 DTXSID3063095 DTXSID20206981 DTXSID00511328 DTXSID60647298 DTXSID70358808 DTXSID50639945 DTXSID00399320 DTXSID80483231 DTXSID60675511 DTXSID60193508 DTXSID10579015 DTXSID80589580 DTXSID50879561 DTXSID80740972 DTXSID60340196
DTXSID20469635	DTXSID60789344 DTXSID10279164 DTXSID00764377 DTXSID60749867 DTXSID50757835 DTXSID50439346 DTXSID70757074 DTXSID80185869 DTXSID70322827 DTXSID10724149 DTXSID8061212 DTXSID60832940 DTXSID20802604 DTXSID80756710 DTXSID60798678 DTXSID30782781 DTXSID30307135 DTXSID10224790 DTXSID90601904 DTXSID10322826
DTXSID30567075	DTXSID50709910 DTXSID50354681 DTXSID00444344 DTXSID70241625 DTXSID40462249 DTXSID00452565 DTXSID70559191 DTXSID10518101 DTXSID70359395 DTXSID20476162 DTXSID50621249 DTXSID00523683 DTXSID50728005 DTXSID80543061 DTXSID80502759 DTXSID50188302 DTXSID20241751 DTXSID30870975 DTXSID90145474 DTXSID30805747
DTXSID10288170	DTXSID80593541 DTXSID10621200 DTXSID60512533 DTXSID40719260 DTXSID90674537 DTXSID90291526 DTXSID60813951 DTXSID50190364 DTXSID80684347 DTXSID70657121 DTXSID60157009 DTXSID30827181 DTXSID80733122 DTXSID30857029 DTXSID30542746 DTXSID80391327 DTXSID60668963 DTXSID90705153 DTXSID90663466 DTXSID60835436
DTXSID40504113	DTXSID40732550 DTXSID20424567 DTXSID90392042 DTXSID20705661 DTXSID30440677 DTXSID80402306 DTXSID60356272 DTXSID90348983 DTXSID70616516 DTXSID90706488 DTXSID50630270 DTXSID30557810 DTXSID30450099 DTXSID50323675 DTXSID30787675 DTXSID50535817 DTXSID90633644 DTXSID20394216 DTXSID20632246 DTXSID10406736
DTXSID80364511	DTXSID90437447 DTXSID5067392 DTXSID10705317 DTXSID70646373 DTXSID20318553 DTXSID90670418 DTXSID70290799 DTXSID70554161 DTXSID70445500 DTXSID50190425 DTXSID80158139 DTXSID10614374 DTXSID80404820 DTXSID50814573 DTXSID50184864 DTXSID50211245 DTXSID60156476 DTXSID10815440 DTXSID00635871 DTXSID00326459
DTXSID80348497	DTXSID40613335 DTXSID20835912 DTXSID30418775 DTXSID20707948 DTXSID30811020 DTXSID10627005 DTXSID00480065 DTXSID80655638 DTXSID80485831 DTXSID90700688 DTXSID00373721 DTXSID00669338 DTXSID40663532 DTXSID40192418 DTXSID30465360 DTXSID50342306 DTXSID50719099 DTXSID50727159 DTXSID20618585 DTXSID60475730
DTXSID10536082	DTXSID00566611 DTXSID30799096 DTXSID20705222 DTXSID20646308 DTXSID00806822 DTXSID20432561 DTXSID00576634 DTXSID20580753 DTXSID30727910 DTXSID00672786 DTXSID80568895 DTXSID00659436 DTXSID50236892 DTXSID90382428 DTXSID60695037 DTXSID50170020 DTXSID10642071 DTXSID00876626 DTXSID80293478 DTXSID40841515
DTXSID60292368	DTXSID30625841 DTXSID00220968 DTXSID70351511 DTXSID10876016 DTXSID00304292 DTXSID30641809 DTXSID80306315 DTXSID80181205 DTXSID60332177 DTXSID80226706 DTXSID90766406 DTXSID50568069 DTXSID80621994 DTXSID90204035 DTXSID10463849 DTXSID20381166 DTXSID70843961 DTXSID70365476 DTXSID10430450 DTXSID20741908
DTXSID60577829	DTXSID00587664 DTXSID80772798 DTXSID90456951 DTXSID20496845 DTXSID40845735 DTXSID30589813 DTXSID30837361 DTXSID90829020 DTXSID30444615 DTXSID30667468 DTXSID80760019 DTXSID90667540 DTXSID5068158 DTXSID60820125 DTXSID60402369 DTXSID60378590 DTXSID80422286 DTXSID70353237 DTXSID10211680 DTXSID10733776
DTXSID40480100	DTXSID40755587 DTXSID60787224 DTXSID30175174 DTXSID20314595 DTXSID60718134 DTXSID80843614 DTXSID80218944 DTXSID70367879 DTXSID80377186 DTXSID70536164 DTXSID00588297 DTXSID50445684 DTXSID20306137 DTXSID80436641 DTXSID70548964 DTXSID80509162 DTXSID20415899 DTXSID60192935 DTXSID40828184 DTXSID10605303
DTXSID30185314	DTXSID80324271 DTXSID60355402 DTXSID70704008 DTXSID00473578 DTXSID10201521 DTXSID50531652 DTXSID70602636 DTXSID20225894 DTXSID00339443 DTXSID50604052 DTXSID10544364 DTXSID70670577 DTXSID90854731 DTXSID80174834 DTXSID80537122 DTXSID00818667 DTXSID10338109 DTXSID20886929 DTXSID90577938 DTXSID40522559
DTXSID10202997	DTXSID30857589 DTXSID1046506 DTXSID60771643 DTXSID50394522 DTXSID50648810 DTXSID90279182 DTXSID10680579 DTXSID20430688 DTXSID60280841 DTXSID10534740 DTXSID40717029 DTXSID00551289 DTXSID90732424 DTXSID10840136 DTXSID40615596 DTXSID60733680 DTXSID00467412 DTXSID20622086 DTXSID10202078 DTXSID90478072
DTXSID20377125	DTXSID80620381 DTXSID90734029 DTXSID80358672 DTXSID20295517 DTXSID20646803 DTXSID80601317 DTXSID90360625 DTXSID60470523 DTXSID70349519 DTXSID70628018 DTXSID40297775 DTXSID60736257 DTXSID00836164 DTXSID70295163 DTXSID00747382 DTXSID20277075 DTXSID60167603 DTXSID9064007 DTXSID50305239 DTXSID1042281
DTXSID5073115	DTXSID50483768 DTXSID60345565 DTXSID60315960 DTXSID20360335 DTXSID70598666 DTXSID80475393 DTXSID20162351 DTXSID00243556 DTXSID80324913 DTXSID60283352 DTXSID90331931 DTXSID80591547 DTXSID80375086 DTXSID60524732 DTXSID50632259 DTXSID8066975 DTXSID50795277 DTXSID60831094 DTXSID10679943 DTXSID20817910
DTXSID20372958	DTXSID40611154 DTXSID90819507 DTXSID40553949 DTXSID70663227 DTXSID80780196 DTXSID00878988 DTXSID30546800 DTXSID30303394 DTXSID40812861 DTXSID60192935 DTXSID70593232 DTXSID10820953 DTXSID20604968 DTXSID20364510 DTXSID60879719 DTXSID40555903 DTXSID30856476 DTXSID20852583 DTXSID70659443 DTXSID90348963
DTXSID80508716	DTXSID20735089 DTXSID10646377 DTXSID90736407 DTXSID80753502 DTXSID50646593 DTXSID00515588 DTXSID00590153 DTXSID00495710 DTXSID00646205 DTXSID30236037 DTXSID90178803 DTXSID20627854 DTXSID50515578 DTXSID00409377 DTXSID90434592 DTXSID10734940 DTXSID60547421 DTXSID30646758 DTXSID90670291 DTXSID60646307
DTXSID50381977	DTXSID60757588 DTXSID20423499 DTXSID60553981 DTXSID20509929 DTXSID80792436 DTXSID60675475 DTXSID00708473 DTXSID90739938 DTXSID30549811 DTXSID40761289 DTXSID00443695 DTXSID50563135 DTXSID70519199 DTXSID40513801 DTXSID00876848 DTXSID10755897 DTXSID10692879 DTXSID50508066 DTXSID40326736 DTXSID60551285
DTXSID10824153	DTXSID20242945 DTXSID60872285 DTXSID7072040 DTXSID50782980 DTXSID20755202 DTXSID50767838 DTXSID20181421 DTXSID50507599 DTXSID60775681 DTXSID80761743 DTXSID10511157 DTXSID90759777 DTXSID30710786 DTXSID30429503 DTXSID10202674 DTXSID20544754 DTXSID10699585 DTXSID80274202 DTXSID60816366 DTXSID20373501
DTXSID00834226	DTXSID10607125 DTXSID00675171 DTXSID60611176 DTXSID10580202 DTXSID30675361 DTXSID50766987 DTXSID40657032 DTXSID60790112 DTXSID70459546 DTXSID00452661 DTXSID70525598 DTXSID50385172 DTXSID40677396 DTXSID90561099 DTXSID4072316 DTXSID70325651 DTXSID90310261 DTXSID80817239 DTXSID00604709 DTXSID10412998
DTXSID90376448	DTXSID60777408 DTXSID2061480 DTXSID80317547 DTXSID00463292 DTXSID40783663 DTXSID70641121 DTXSID10525294 DTXSID50610633 DTXSID80875894 DTXSID10466491 DTXSID20506014 DTXSID20239537 DTXSID70663580 DTXSID80444665 DTXSID80896685 DTXSID10518262 DTXSID70500800 DTXSID40552518 DTXSID00393984 DTXSID80851830
DTXSID10884631	DTXSID90302707 DTXSID20527587 DTXSID10786702 DTXSID00615431 DTXSID20477457 DTXSID90353214 DTXSID60675172 DTXSID00438884 DTXSID50460130 DTXSID40441716 DTXSID2051978 DTXSID30396761 DTXSID00364578 DTXSID40519863 DTXSID80545565 DTXSID70418875 DTXSID60641211 DTXSID40483212 DTXSID70217885 DTXSID20211050
DTXSID80210322	DTXSID30199991 DTXSID10366962 DTXSID60392019 DTXSID10312106 DTXSID70711550 DTXSID50178682 DTXSID00625732 DTXSID30618435 DTXSID30395072 DTXSID10596242 DTXSID70845046 DTXSID80610161 DTXSID40543961 DTXSID30289801 DTXSID40368631 DTXSID00465372 DTXSID40598698 DTXSID50172963 DTXSID40640949 DTXSID90474372
DTXSID00183887	DTXSID20679136 DTXSID70399413 DTXSID40734014 DTXSID70837562 DTXSID60546777 DTXSID20867834 DTXSID90802010 DTXSID40607855 DTXSID00368516 DTXSID50841309 DTXSID20378692 DTXSID70693201 DTXSID10280659 DTXSID10651542 DTXSID00508096 DTXSID50304449 DTXSID90370522 DTXSID90784882 DTXSID40696461 DTXSID00574332
DTXSID30346347	DTXSID60590477 DTXSID00377486 DTXSID90239443 DTXSID00484725 DTXSID90373735 DTXSID20452729 DTXSID80348831 DTXSID60562356 DTXSID40845472 DTXSID20759801 DTXSID90749597 DTXSID60187922 DTXSID70349413 DTXSID30378325 DTXSID20599345 DTXSID60471338 DTXSID6069406 DTXSID20507041 DTXSID50590188 DTXSID30663369
DTXSID40511105	DTXSID80392859 DTXSID20569260 DTXSID30402356 DTXSID10160907 DTXSID50561439 DTXSID20464706 DTXSID80743286 DTXSID70733212 DTXSID60876905 DTXSID30628054 DTXSID70551236 DTXSID10585474 DTXSID00338097 DTXSID20618883 DTXSID90640535 DTXSID00357142 DTXSID20640220 DTXSID70291822 DTXSID00651930 DTXSID40504178
DTXSID60886903	DTXSID40767105 DTXSID70610372 DTXSID70801127 DTXSID80675972 DTXSID90345331 DTXSID40733941 DTXSID30788844 DTXSID00592430 DTXSID40392491 DTXSID00190516 DTXSID60834222 DTXSID80850904 DTXSID30173539 DTXSID10276198 DTXSID50561257 DTXSID50198623 DTXSID50561575 DTXSID20595206 DTXSID30795831 DTXSID70528064
DTXSID70722227	DTXSID10857249 DTXSID80211218 DTXSID00655630 DTXSID50649802 DTXSID50634238 DTXSID70680272 DTXSID70316448 DTXSID20379543 DTXSID40332695 DTXSID80494605 DTXSID60145820 DTXSID10371632 DTXSID10705413 DTXSID80370955 DTXSID50215001 DTXSID90719730 DTXSID40699437 DTXSID70415420 DTXSID50429722 DTXSID40455555
DTXSID20578539	DTXSID30577331 DTXSID30856476 DTXSID30642230 DTXSID40372051 DTXSID60729402 DTXSID80350737 DTXSID80178751 DTXSID70659443 DTXSID20547326 DTXSID30459729 DTXSID80463452 DTXSID70787230 DTXSID10810733 DTXSID70663227 DTXSID30490970 DTXSID20714718 DTXSID00452045 DTXSID60184870 DTXSID00557044 DTXSID90707556
DTXSID40418766	DTXSID10606431 DTXSID80456102 DTXSID80693833 DTXSID10579757 DTXSID00640283 DTXSID00625136 DTXSID20429436 DTXSID20322579 DTXSID40439279 DTXSID70774685 DTXSID50171214 DTXSID30378406 DTXSID90290453 DTXSID70715619 DTXSID50210571 DTXSID10634416 DTXSID40664842 DTXSID90232353 DTXSID10734102 DTXSID40171566
DTXSID30205465	DTXSID70393850 DTXSID50629861 DTXSID80297436 DTXSID30483029 DTXSID80308516 DTXSID30876114 DTXSID10349573 DTXSID30178928 DTXSID00472203 DTXSID50481845 DTXSID10472875 DTXSID10600631 DTXSID90477242 DTXSID20560777 DTXSID10700589 DTXSID00721061 DTXSID80303985 DTXSID90675221 DTXSID00748874 DTXSID70473525
DTXSID60476803	DTXSID80381783 DTXSID50343737 DTXSID90431228 DTXSID70607868 DTXSID90612898 DTXSID20475751 DTXSID70383473 DTXSID70731470 DTXSID20708556 DTXSID60708712 DTXSID10480899 DTXSID40815115 DTXSID40303103 DTXSID40210161 DTXSID40877591 DTXSID80876982 DTXSID00771182 DTXSID90876473 DTXSID10588304 DTXSID60790435
DTXSID10154664	DTXSID90383879 DTXSID40415351 DTXSID30823229 DTXSID50368642 DTXSID10294832 DTXSID00618321 DTXSID10188005 DTXSID00326035 DTXSID3057729 DTXSID70296791 DTXSID70287447 DTXSID20677536 DTXSID00431456 DTXSID00165648 DTXSID90767216 DTXSID80436641 DTXSID10556543 DTXSID20306137 DTXSID70896038 DTXSID60293931
DTXSID60150590	DTXSID50175277 DTXSID10710547 DTXSID30640938 DTXSID20680303 DTXSID80808541 DTXSID40700572 DTXSID80679218 DTXSID80661234 DTXSID90645348 DTXSID50453481 DTXSID20391189 DTXSID90661225 DTXSID20883175 DTXSID50681767 DTXSID80292582 DTXSID50732122 DTXSID10186102 DTXSID0020492 DTXSID40649795 DTXSID80154818
DTXSID00825816	DTXSID90676834 DTXSID90724384 DTXSID10565317 DTXSID30479725 DTXSID30606231 DTXSID50342189 DTXSID20514770 DTXSID00508773 DTXSID70781915 DTXSID00569783 DTXSID60634123 DTXSID00664580 DTXSID00192393 DTXSID60618529 DTXSID60808645 DTXSID50683468 DTXSID50670136 DTXSID20488386 DTXSID60351681 DTXSID00371020
DTXSID80676828	DTXSID50427622 DTXSID60444502 DTXSID50358169 DTXSID20542199 DTXSID50312908 DTXSID30857029 DTXSID90291526 DTXSID50190364 DTXSID50599959 DTXSID20589302 DTXSID60835436 DTXSID90705153 DTXSID40719260 DTXSID60675359 DTXSID60668963 DTXSID90489587 DTXSID90674537 DTXSID10399659 DTXSID10288170 DTXSID30827181
DTXSID70603769	DTXSID70740461 DTXSID90179198 DTXSID4065604 DTXSID70499624 DTXSID20640220 DTXSID00357142 DTXSID30438498 DTXSID00423917 DTXSID20368654 DTXSID90365271 DTXSID80615070 DTXSID20167826 DTXSID10724700 DTXSID8046791 DTXSID6048096 DTXSID40504178 DTXSID70852235 DTXSID00694584 DTXSID70291822 DTXSID70179095
DTXSID80407255	DTXSID90598663 DTXSID00879470 DTXSID80664341 DTXSID70589594 DTXSID10607802 DTXSID20572976 DTXSID50545799 DTXSID40831916 DTXSID30447287 DTXSID20362556 DTXSID50308280 DTXSID40819113 DTXSID60286207 DTXSID90349172 DTXSID10426979 DTXSID50681000 DTXSID3063045 DTXSID10441061 DTXSID40489330 DTXSID50283144
DTXSID50646174	DTXSID10355255 DTXSID50374021 DTXSID20152590 DTXSID60344275 DTXSID40674401 DTXSID60327644 DTXSID40300394 DTXSID90389316 DTXSID20664825 DTXSID80696107 DTXSID40494060 DTXSID70171099 DTXSID10653849 DTXSID50581773 DTXSID50616953 DTXSID2062032 DTXSID70403362 DTXSID50294013 DTXSID00526659 DTXSID90468897
DTXSID20568798	DTXSID50385172 DTXSID90561099 DTXSID00198037 DTXSID40657032 DTXSID30675361 DTXSID40473875 DTXSID40219538 DTXSID10412998 DTXSID90750941 DTXSID10403184 DTXSID30192063 DTXSID00675171 DTXSID50804838 DTXSID40677396 DTXSID2068424 DTXSID30579431 DTXSID80760271 DTXSID40397845 DTXSID90278413 DTXSID90714886
DTXSID00650185	DTXSID00444369 DTXSID70543696 DTXSID30452058 DTXSID60623592 DTXSID80464702 DTXSID80641117 DTXSID00668225 DTXSID40560431 DTXSID50215829 DTXSID50705639 DTXSID90290650 DTXSID10820791 DTXSID40597080 DTXSID70711914 DTXSID90358244 DTXSID80588013 DTXSID50322305 DTXSID60434766 DTXSID90203604 DTXSID30575690
DTXSID60877336	DTXSID80431070 DTXSID20504116 DTXSID70354880 DTXSID70612250 DTXSID40212084 DTXSID00767909 DTXSID10798188 DTXSID20734330 DTXSID90570323 DTXSID40315180 DTXSID20642441 DTXSID70757352 DTXSID70840859 DTXSID90339654 DTXSID30593394 DTXSID20651114 DTXSID00744553 DTXSID80345805 DTXSID60743481 DTXSID50304964
DTXSID30893008	DTXSID8034746 DTXSID00337085 DTXSID40611977 DTXSID80327409 DTXSID00231493 DTXSID00200462 DTXSID70467883 DTXSID60611979 DTXSID20217653 DTXSID4063870 DTXSID00885839 DTXSID10728622 DTXSID80599947 DTXSID60886165 DTXSID30234270 DTXSID70765270 DTXSID80302756 DTXSID40286023 DTXSID70234370 DTXSID80723124
DTXSID10221724	DTXSID10464730 DTXSID30667342 DTXSID60299079 DTXSID70459804 DTXSID70419145 DTXSID30473526 DTXSID10653829 DTXSID40243939 DTXSID50415004 DTXSID00628521 DTXSID60836802 DTXSID40785682 DTXSID30377479 DTXSID80431853 DTXSID70744348 DTXSID30785550 DTXSID90846131 DTXSID10427188 DTXSID20294181 DTXSID00789368
DTXSID70239542	DTXSID60358791 DTXSID30223841 DTXSID90725351 DTXSID50145874 DTXSID80562318 DTXSID70856415 DTXSID40334412 DTXSID50627165 DTXSID30280217 DTXSID50345892 DTXSID00653257 DTXSID50625161 DTXSID70383211 DTXSID40562536 DTXSID10478731 DTXSID10618170 DTXSID20162952 DTXSID00526659 DTXSID50588202 DTXSID20355044
DTXSID00841374	DTXSID8027872 DTXSID10826637 DTXSID40707182 DTXSID7070478 DTXSID70762244 DTXSID90883243 DTXSID70239188 DTXSID40770194 DTXSID30819268 DTXSID60241194 DTXSID40659197 DTXSID70793856 DTXSID80887654 DTXSID00892301 DTXSID70805761 DTXSID00768219 DTXSID0072776 DTXSID50767959 DTXSID70177359 DTXSID60276426
DTXSID90847123	DTXSID80428006 DTXSID00736695 DTXSID60307643 DTXSID20436221 DTXSID90594246 DTXSID50283447 DTXSID00307642 DTXSID40390270 DTXSID60566016 DTXSID30618536 DTXSID80505982 DTXSID70464877 DTXSID70650152 DTXSID60610700 DTXSID20223597 DTXSID30646551 DTXSID00211053 DTXSID00739141 DTXSID10694595 DTXSID70496178
DTXSID60425230	DTXSID90385974 DTXSID70548101 DTXSID20703682 DTXSID10163594 DTXSID20629777 DTXSID80486404 DTXSID40316117 DTXSID20237477 DTXSID70179717 DTXSID30378148 DTXSID00663275 DTXSID70600798 DTXSID80452503 DTXSID40460846 DTXSID70614431 DTXSID00744871 DTXSID10499269 DTXSID50439841 DTXSID70527118 DTXSID50469906
DTXSID50604052	DTXSID70670577 DTXSID00818667 DTXSID00145324 DTXSID30322383 DTXSID00428720 DTXSID00162036 DTXSID30589575 DTXSID20886929 DTXSID20528397 DTXSID90215565 DTXSID80616800 DTXSID00598513 DTXSID00706792 DTXSID90561074 DTXSID30185314 DTXSID70359411 DTXSID30541572 DTXSID70623987 DTXSID70522562 DTXSID60831938
DTXSID50457707	DTXSID50740727 DTXSID40681973 DTXSID40293651 DTXSID50180543 DTXSID40697913 DTXSID90520383 DTXSID00461617 DTXSID80470368 DTXSID20856622 DTXSID20422326 DTXSID70601548 DTXSID80635137 DTXSID90743297 DTXSID00490346 DTXSID70400710 DTXSID50494697 DTXSID10627328 DTXSID50595032 DTXSID10408598 DTXSID30397253
DTXSID40661119	DTXSID30666274 DTXSID30544023 DTXSID1063691 DTXSID40180330 DTXSID80543420 DTXSID50799997 DTXSID30385110 DTXSID00302733 DTXSID10307496 DTXSID60405779 DTXSID90616912 DTXSID60170096 DTXSID30588169 DTXSID70341018 DTXSID30444615 DTXSID20318497 DTXSID80876684 DTXSID30314602 DTXSID30733677 DTXSID30837361
DTXSID8067602	DTXSID90646350 DTXSID20345349 DTXSID50346844 DTXSID40857535 DTXSID50633221 DTXSID40365226 DTXSID30837225 DTXSID90602855 DTXSID00559664 DTXSID30646758 DTXSID70658234 DTXSID80648161 DTXSID20535420 DTXSID10646251 DTXSID50212651 DTXSID50733639 DTXSID40618345 DTXSID30370783 DTXSID40827091 DTXSID50729193
DTXSID90320648	DTXSID90439183 DTXSID70883463 DTXSID10441061 DTXSID20572759 DTXSID70357452 DTXSID20222383 DTXSID80438847 DTXSID50375432 DTXSID40279773 DTXSID90628893 DTXSID00606703 DTXSID10361215 DTXSID70589594 DTXSID40358815 DTXSID10463324 DTXSID40819113 DTXSID40456163 DTXSID50545799 DTXSID10438850 DTXSID9058155
DTXSID80633850	DTXSID60446566 DTXSID40760656 DTXSID30677421 DTXSID70317233 DTXSID10718306 DTXSID00494167 DTXSID90708543 DTXSID50840074 DTXSID70559595 DTXSID30237408 DTXSID90585659 DTXSID00890342 DTXSID00620621 DTXSID30874256 DTXSID60805391 DTXSID00751005 DTXSID20646944 DTXSID00145566 DTXSID10364903 DTXSID20837330
DTXSID40372051	DTXSID90721373 DTXSID20547326 DTXSID00557044 DTXSID90707556 DTXSID30459729 DTXSID60184870 DTXSID30577331 DTXSID20578539 DTXSID60665472 DTXSID80350737 DTXSID30642230 DTXSID80463452 DTXSID20629590 DTXSID20222787 DTXSID40453450 DTXSID90379934 DTXSID60729402 DTXSID60372553 DTXSID40684601 DTXSID00452045
DTXSID90509411	DTXSID00504730 DTXSID20790592 DTXSID20352992 DTXSID70578327 DTXSID50490730 DTXSID70742980 DTXSID20424360 DTXSID50738568 DTXSID70506822 DTXSID10436856 DTXSID30536807 DTXSID80450049 DTXSID40846969 DTXSID20603496 DTXSID30586246 DTXSID80757646 DTXSID50197510 DTXSID70309077 DTXSID60833316 DTXSID50708403
DTXSID80509384	DTXSID60533889 DTXSID50565977 DTXSID50195879 DTXSID10455027 DTXSID80401773 DTXSID10392968 DTXSID70666273 DTXSID10547456 DTXSID30796606 DTXSID20350337 DTXSID30534449 DTXSID40783663 DTXSID60533288 DTXSID40670408 DTXSID20506014 DTXSID20759705 DTXSID50341793 DTXSID10696150 DTXSID20528296 DTXSID50285360
DTXSID10579717	DTXSID80780792 DTXSID10199636 DTXSID20151705 DTXSID90445805 DTXSID10712889 DTXSID50662359 DTXSID80282226 DTXSID10814695 DTXSID40194558 DTXSID00371186 DTXSID80558271 DTXSID70652434 DTXSID30176540 DTXSID40450409 DTXSID70621009 DTXSID80237675 DTXSID30311595 DTXSID40773983 DTXSID90759338 DTXSID80631275
DTXSID60655595	DTXSID10669849 DTXSID00341006 DTXSID20501347 DTXSID40181180 DTXSID20771341 DTXSID00401154 DTXSID90655745 DTXSID80784659 DTXSID60312631 DTXSID80469499 DTXSID00651056 DTXSID80177047 DTXSID20730473 DTXSID00667591 DTXSID60770393 DTXSID20633798 DTXSID70515318 DTXSID50757350 DTXSID60533122 DTXSID10588026
DTXSID40220346	DTXSID00160890 DTXSID30707813 DTXSID40828008 DTXSID40501107 DTXSID80781800 DTXSID00343121 DTXSID80891978 DTXSID80579724 DTXSID80708279 DTXSID40705946 DTXSID20163666 DTXSID30821189 DTXSID30763535 DTXSID70283000 DTXSID20211873 DTXSID2058122 DTXSID20299055 DTXSID60146670 DTXSID70673129 DTXSID90298272
DTXSID40508111	DTXSID80464368 DTXSID00633478 DTXSID30278654 DTXSID00391061 DTXSID90346141 DTXSID40397668 DTXSID70557910 DTXSID30344949 DTXSID70593176 DTXSID60327528 DTXSID80434162 DTXSID70799434 DTXSID80470489 DTXSID90621465 DTXSID00611539 DTXSID90346101 DTXSID70408650 DTXSID00651450 DTXSID50696412 DTXSID60536719
DTXSID30876912	DTXSID50624417 DTXSID60369483 DTXSID50560644 DTXSID10180100 DTXSID10806994 DTXSID20903968 DTXSID60831579 DTXSID40278201 DTXSID00199488 DTXSID00412780 DTXSID90876933 DTXSID20656442 DTXSID10675349 DTXSID90695126 DTXSID90854731 DTXSID40408768 DTXSID60693876 DTXSID20876901 DTXSID00514773 DTXSID3042269
DTXSID90446897	DTXSID60877351 DTXSID50762101 DTXSID10302946 DTXSID00206505 DTXSID00579281 DTXSID20357760 DTXSID70569992 DTXSID20200005 DTXSID10809501 DTXSID70733176 DTXSID80156756 DTXSID4052423 DTXSID10733817 DTXSID90424554 DTXSID10463021 DTXSID00341268 DTXSID00562052 DTXSID90751933 DTXSID40833839 DTXSID90485226
DTXSID00729865	DTXSID90700087 DTXSID60458280 DTXSID30532662 DTXSID60675071 DTXSID50402671 DTXSID20298200 DTXSID80712533 DTXSID50630952 DTXSID80706492 DTXSID90513437 DTXSID30499004 DTXSID10375655 DTXSID80155062 DTXSID00421433 DTXSID40829530 DTXSID80453838 DTXSID40545728 DTXSID10547673 DTXSID80409214 DTXSID30418073
DTXSID90284610	DTXSID60834161 DTXSID20454682 DTXSID80541481 DTXSID20805731 DTXSID80238102 DTXSID10667542 DTXSID20737725 DTXSID6070560 DTXSID10390348 DTXSID60887995 DTXSID40820608 DTXSID60499097 DTXSID80506732 DTXSID90445022 DTXSID10647309 DTXSID10534841 DTXSID20675239 DTXSID60471398 DTXSID50423907 DTXSID30333176
DTXSID20630368	DTXSID10481523 DTXSID40325042 DTXSID40289458 DTXSID40671632 DTXSID30571612 DTXSID90877561 DTXSID20848446 DTXSID00502372 DTXSID10239804 DTXSID90707511 DTXSID30652637 DTXSID80239336 DTXSID20830144 DTXSID00418545 DTXSID00755265 DTXSID00373504 DTXSID00651859 DTXSID90324363 DTXSID60711645 DTXSID40841656
DTXSID00391061	DTXSID90346141 DTXSID70408650 DTXSID40397668 DTXSID60327528 DTXSID40508111 DTXSID2072881 DTXSID10343814 DTXSID60536719 DTXSID90848559 DTXSID60800068 DTXSID00633478 DTXSID70557910 DTXSID80464368 DTXSID80299970 DTXSID20477912 DTXSID10452955 DTXSID50696412 DTXSID80434162 DTXSID70275501 DTXSID10519254
DTXSID40195484	DTXSID70751153 DTXSID80763666 DTXSID10856030 DTXSID20315027 DTXSID90534566 DTXSID80223154 DTXSID50704849 DTXSID70766141 DTXSID30524481 DTXSID60391663 DTXSID90242250 DTXSID20379280 DTXSID10212475 DTXSID30844994 DTXSID90164640 DTXSID90394783 DTXSID90535912 DTXSID80674147 DTXSID60744251 DTXSID00209354
DTXSID30325278	DTXSID70477947 DTXSID10661722 DTXSID40682364 DTXSID80456728 DTXSID80877338 DTXSID80637257 DTXSID10212011 DTXSID00678208 DTXSID00802182 DTXSID00552054 DTXSID40382812 DTXSID70759654 DTXSID0024266 DTXSID10788827 DTXSID90179991 DTXSID0035748 DTXSID20657292 DTXSID5070232 DTXSID80284826 DTXSID10640895
DTXSID40195489	DTXSID30794804 DTXSID8022169 DTXSID40851134 DTXSID20776098 DTXSID50220236 DTXSID60232421 DTXSID9044164 DTXSID90527776 DTXSID70886030 DTXSID60656901 DTXSID20378874 DTXSID30201402 DTXSID20476203 DTXSID20381262 DTXSID10518868 DTXSID90711198 DTXSID60600126 DTXSID30405908 DTXSID0044153 DTXSID40551526
DTXSID10711433	DTXSID80208300 DTXSID30819187 DTXSID40835510 DTXSID90302949 DTXSID20699051 DTXSID90702066 DTXSID20734618 DTXSID10653869 DTXSID10575971 DTXSID30727894 DTXSID00510558 DTXSID0060066 DTXSID50534885 DTXSID00320477 DTXSID70703874 DTXSID50814992 DTXSID40491817 DTXSID70877569 DTXSID60541126 DTXSID2061563
DTXSID70589594	DTXSID50545799 DTXSID00879470 DTXSID80664341 DTXSID80407255 DTXSID40819113 DTXSID10441061 DTXSID90598663 DTXSID20362556 DTXSID20222383 DTXSID70883463 DTXSID20572976 DTXSID10607802 DTXSID20718317 DTXSID10426979 DTXSID30447287 DTXSID80438847 DTXSID50308280 DTXSID90320648 DTXSID60286207 DTXSID40831916
DTXSID60541126	DTXSID00198572 DTXSID60678188 DTXSID50818738 DTXSID2073019 DTXSID90829782 DTXSID40208442 DTXSID80350570 DTXSID90702066 DTXSID30805681 DTXSID10653869 DTXSID60209613 DTXSID40491817 DTXSID60598397 DTXSID00458764 DTXSID40407317 DTXSID70398688 DTXSID50872976 DTXSID80838585 DTXSID30727894 DTXSID50552842
DTXSID20607676	DTXSID00649993 DTXSID70805004 DTXSID10668938 DTXSID70364282 DTXSID90476876 DTXSID70631249 DTXSID20516936 DTXSID80600426 DTXSID90679880 DTXSID40528157 DTXSID70579192 DTXSID70856415 DTXSID60319443 DTXSID80392056 DTXSID00383860 DTXSID30280217 DTXSID50418656 DTXSID40459179 DTXSID90389316 DTXSID30279565
DTXSID90408415	DTXSID00755947 DTXSID60537100 DTXSID80588154 DTXSID70590307 DTXSID40420561 DTXSID20738797 DTXSID60278708 DTXSID10772064 DTXSID50618790 DTXSID80657213 DTXSID80294248 DTXSID50761255 DTXSID60544819 DTXSID10511778 DTXSID70317253 DTXSID90530760 DTXSID40552573 DTXSID40829196 DTXSID70602010 DTXSID70876097
DTXSID20471031	DTXSID90406754 DTXSID70339011 DTXSID90579073 DTXSID80578838 DTXSID20678220 DTXSID8069565 DTXSID10491920 DTXSID10465429 DTXSID00505505 DTXSID80516331 DTXSID50637522 DTXSID80162392 DTXSID60281959 DTXSID70491845 DTXSID70727494 DTXSID30542968 DTXSID40543204 DTXSID00352677 DTXSID30234871 DTXSID3074072
DTXSID60446788	DTXSID70350342 DTXSID00551289 DTXSID10551290 DTXSID40615596 DTXSID90732424 DTXSID40319289 DTXSID80637939 DTXSID30664371 DTXSID20430688 DTXSID20286440 DTXSID60896067 DTXSID50394522 DTXSID50751474 DTXSID30741914 DTXSID10377159 DTXSID1046506 DTXSID40743606 DTXSID50400490 DTXSID90152845 DTXSID7070769
DTXSID70179717	DTXSID80452503 DTXSID30282615 DTXSID50469906 DTXSID10163594 DTXSID10335214 DTXSID60425230 DTXSID60508572 DTXSID20618585 DTXSID20703682 DTXSID70548101 DTXSID20629777 DTXSID80486404 DTXSID70600798 DTXSID40460846 DTXSID40316117 DTXSID10499269 DTXSID90385974 DTXSID20425296 DTXSID60487459 DTXSID00663275
DTXSID20758435	DTXSID30761213 DTXSID50343833 DTXSID50761275 DTXSID10426732 DTXSID30282190 DTXSID00156475 DTXSID60598918 DTXSID90373472 DTXSID10169758 DTXSID40282924 DTXSID00287899 DTXSID80640443 DTXSID50809828 DTXSID60742111 DTXSID00382030 DTXSID90657865 DTXSID00712035 DTXSID60325625 DTXSID30309654 DTXSID70672798
DTXSID40508237	DTXSID50188105 DTXSID60624024 DTXSID80499195 DTXSID40777906 DTXSID70725576 DTXSID50351190 DTXSID10422234 DTXSID30739831 DTXSID70616435 DTXSID00482887 DTXSID00346814 DTXSID50372744 DTXSID50588202 DTXSID60561703 DTXSID60731106 DTXSID90621804 DTXSID70857629 DTXSID70566047 DTXSID50474035 DTXSID30444372
DTXSID20352937	DTXSID90508585 DTXSID70542503 DTXSID20656902 DTXSID30298938 DTXSID10657448 DTXSID20368533 DTXSID80726635 DTXSID10458452 DTXSID10157079 DTXSID80633057 DTXSID60455133 DTXSID30322904 DTXSID50806832 DTXSID80476729 DTXSID1020724 DTXSID30725613 DTXSID20853671 DTXSID1024752 DTXSID00366532 DTXSID20561608
DTXSID90217423	DTXSID40751463 DTXSID60747202 DTXSID70396402 DTXSID50654936 DTXSID90328740 DTXSID10225444 DTXSID70336909 DTXSID20538830 DTXSID0070784 DTXSID40163623 DTXSID10288877 DTXSID90783517 DTXSID80323547 DTXSID40176910 DTXSID00649599 DTXSID00522176 DTXSID70717870 DTXSID40187824 DTXSID40556793 DTXSID10795415
DTXSID30615747	DTXSID40652860 DTXSID90707354 DTXSID9072286 DTXSID20831095 DTXSID80241196 DTXSID90405863 DTXSID50701292 DTXSID20815698 DTXSID40698844 DTXSID90703659 DTXSID50646715 DTXSID10676396 DTXSID20372397 DTXSID10607786 DTXSID70290799 DTXSID70180323 DTXSID20342035 DTXSID80383383 DTXSID60855710 DTXSID70445500
DTXSID80240427	DTXSID20815673 DTXSID50576785 DTXSID10448853 DTXSID10876394 DTXSID00720559 DTXSID60417812 DTXSID60315945 DTXSID70333175 DTXSID10777655 DTXSID90513452 DTXSID40576476 DTXSID00820260 DTXSID20792955 DTXSID40144790 DTXSID40521749 DTXSID90602370 DTXSID60740637 DTXSID70780766 DTXSID60558310 DTXSID20323440
DTXSID90177972	DTXSID50440755 DTXSID20182615 DTXSID80737746 DTXSID60451498 DTXSID40543047 DTXSID00502150 DTXSID40843478 DTXSID90541598 DTXSID70784865 DTXSID50837207 DTXSID50768805 DTXSID4022076 DTXSID20762693 DTXSID10241806 DTXSID10633424 DTXSID60762692 DTXSID30848932 DTXSID50188948 DTXSID20297955 DTXSID00171365
DTXSID90794320	DTXSID00201055 DTXSID80349621 DTXSID40790019 DTXSID90402498 DTXSID20465495 DTXSID60143023 DTXSID60325125 DTXSID50760389 DTXSID20534918 DTXSID60320630 DTXSID00854560 DTXSID40310872 DTXSID00345680 DTXSID50681040 DTXSID10672792 DTXSID10491980 DTXSID40415679 DTXSID70672753 DTXSID20770410 DTXSID40617934
DTXSID80703926	DTXSID00464143 DTXSID90879303 DTXSID90381971 DTXSID10584821 DTXSID40292366 DTXSID10695087 DTXSID60404409 DTXSID40622947 DTXSID00672044 DTXSID30621202 DTXSID20657131 DTXSID00672261 DTXSID50739292 DTXSID90392163 DTXSID70142845 DTXSID00430803 DTXSID40605891 DTXSID20514699 DTXSID60731106 DTXSID10702806
DTXSID40243454	DTXSID50218754 DTXSID60646943 DTXSID40775765 DTXSID70733717 DTXSID30876518 DTXSID50810676 DTXSID20559702 DTXSID70810077 DTXSID20640624 DTXSID40632283 DTXSID90649245 DTXSID70337219 DTXSID50496595 DTXSID80649850 DTXSID70660978 DTXSID10700589 DTXSID50193274 DTXSID50805002 DTXSID00541347 DTXSID10218755
DTXSID30637126	DTXSID90714144 DTXSID30808778 DTXSID20614320 DTXSID20547861 DTXSID50825321 DTXSID80599205 DTXSID60195587 DTXSID50568908 DTXSID80820647 DTXSID70203329 DTXSID50224219 DTXSID00841233 DTXSID60759845 DTXSID30793711 DTXSID60840328 DTXSID00560311 DTXSID60738433 DTXSID80526894 DTXSID50851665 DTXSID80531281
DTXSID40200784	DTXSID40330590 DTXSID50457944 DTXSID50340226 DTXSID10404676 DTXSID20431170 DTXSID80496346 DTXSID80466206 DTXSID70460152 DTXSID10838811 DTXSID70792849 DTXSID00391541 DTXSID30446093 DTXSID60184971 DTXSID80604368 DTXSID90784241 DTXSID10500324 DTXSID10456251 DTXSID70569078 DTXSID00763380 DTXSID20557243
DTXSID20622086	DTXSID00467412 DTXSID90762483 DTXSID30418917 DTXSID10202078 DTXSID40549529 DTXSID20405593 DTXSID60697394 DTXSID70197592 DTXSID20172415 DTXSID30153356 DTXSID10622999 DTXSID90279182 DTXSID60771643 DTXSID00200205 DTXSID10696599 DTXSID80634847 DTXSID90618678 DTXSID00218749 DTXSID00429272 DTXSID50601344
DTXSID90628893	DTXSID40456163 DTXSID00606703 DTXSID90439183 DTXSID00178112 DTXSID40279773 DTXSID30460577 DTXSID00302495 DTXSID10438850 DTXSID70357452 DTXSID90343534 DTXSID10463324 DTXSID90320648 DTXSID70857447 DTXSID00811431 DTXSID10361215 DTXSID80704312 DTXSID00614904 DTXSID9058155 DTXSID40358815 DTXSID70883463
DTXSID70388024	DTXSID20374336 DTXSID30284694 DTXSID30388585 DTXSID10729917 DTXSID80497510 DTXSID70382865 DTXSID60378075 DTXSID70443223 DTXSID60612825 DTXSID20297238 DTXSID50233720 DTXSID1069453 DTXSID30673827 DTXSID90276212 DTXSID80503882 DTXSID60184956 DTXSID20788974 DTXSID30546042 DTXSID50213486 DTXSID50280395
DTXSID00731302	DTXSID10321834 DTXSID70853323 DTXSID10441041 DTXSID70667604 DTXSID60164793 DTXSID80879397 DTXSID80613172 DTXSID90629749 DTXSID20307184 DTXSID40358239 DTXSID40357580 DTXSID20417959 DTXSID80552613 DTXSID2071071 DTXSID80613192 DTXSID20754836 DTXSID60598918 DTXSID60495337 DTXSID30843644 DTXSID90205587
DTXSID00537482	DTXSID20883357 DTXSID90178202 DTXSID20173629 DTXSID60542496 DTXSID10310521 DTXSID30291308 DTXSID2068137 DTXSID00657452 DTXSID30311237 DTXSID60875736 DTXSID60439377 DTXSID20700217 DTXSID70477482 DTXSID00604345 DTXSID30348402 DTXSID00659916 DTXSID90513997 DTXSID40713445 DTXSID90518144 DTXSID70375095
DTXSID50700765	DTXSID20707605 DTXSID10403003 DTXSID40530558 DTXSID10792868 DTXSID80206088 DTXSID70876815 DTXSID60564971 DTXSID80555467 DTXSID40828260 DTXSID90459821 DTXSID00386154 DTXSID80385786 DTXSID10756521 DTXSID80542059 DTXSID9057979 DTXSID10208878 DTXSID40656964 DTXSID00216604 DTXSID70297561 DTXSID70810274
DTXSID70409389	DTXSID90696739 DTXSID60170096 DTXSID20781243 DTXSID20318497 DTXSID20285195 DTXSID1063691 DTXSID60442705 DTXSID60661131 DTXSID40359589 DTXSID10563075 DTXSID80543420 DTXSID30733677 DTXSID50408597 DTXSID80480780 DTXSID00276940 DTXSID90616912 DTXSID60301085 DTXSID30747895 DTXSID50618174 DTXSID10754289
DTXSID60152170	DTXSID80773083 DTXSID40471876 DTXSID30597130 DTXSID30851507 DTXSID40715661 DTXSID30825102 DTXSID40823513 DTXSID10501255 DTXSID10218654 DTXSID10856792 DTXSID50555191 DTXSID00454862 DTXSID50302465 DTXSID00163427 DTXSID00590274 DTXSID40417916 DTXSID60874764 DTXSID40219053 DTXSID70300044 DTXSID00832722
DTXSID00771182	DTXSID60790435 DTXSID20475751 DTXSID40815115 DTXSID50845665 DTXSID50522469 DTXSID40700032 DTXSID50757779 DTXSID40876983 DTXSID40303103 DTXSID60476803 DTXSID30804533 DTXSID80381783 DTXSID00809813 DTXSID20624161 DTXSID80876982 DTXSID60445433 DTXSID90612898 DTXSID70278193 DTXSID40494565 DTXSID50343737
DTXSID70176387	DTXSID30440298 DTXSID40299517 DTXSID00567360 DTXSID30423223 DTXSID10840459 DTXSID70344408 DTXSID20417838 DTXSID80597680 DTXSID30176383 DTXSID40623797 DTXSID90341590 DTXSID20384834 DTXSID60388351 DTXSID00165183 DTXSID90595591 DTXSID40681458 DTXSID80143106 DTXSID00681999 DTXSID60424440 DTXSID90552402
DTXSID90876933	DTXSID40278201 DTXSID60369483 DTXSID50560644 DTXSID20903968 DTXSID40408768 DTXSID70760740 DTXSID30876912 DTXSID70834470 DTXSID40288729 DTXSID20370858 DTXSID60378691 DTXSID10806994 DTXSID70367112 DTXSID50624417 DTXSID30238455 DTXSID9073628 DTXSID10675349 DTXSID00506597 DTXSID00510836 DTXSID60242525
DTXSID80838585	DTXSID40407317 DTXSID40208442 DTXSID80350570 DTXSID50818738 DTXSID2073019 DTXSID90290716 DTXSID90548663 DTXSID50306701 DTXSID90719154 DTXSID80787403 DTXSID60598397 DTXSID70702281 DTXSID40491817 DTXSID60541126 DTXSID80813559 DTXSID80661118 DTXSID60209613 DTXSID60341123 DTXSID20730135 DTXSID10837920
DTXSID50302703	DTXSID00544772 DTXSID30465360 DTXSID50590062 DTXSID00500813 DTXSID00518872 DTXSID30811020 DTXSID30554167 DTXSID50727159 DTXSID90642135 DTXSID30168268 DTXSID60487459 DTXSID60475730 DTXSID00641119 DTXSID50719099 DTXSID20563844 DTXSID30418775 DTXSID00373721 DTXSID20835912 DTXSID00295277 DTXSID90700688
DTXSID10763412	DTXSID60879411 DTXSID90181655 DTXSID30179672 DTXSID20780433 DTXSID50356327 DTXSID30591214 DTXSID00356392 DTXSID00601031 DTXSID40188937 DTXSID30521950 DTXSID50512269 DTXSID40615596 DTXSID70799095 DTXSID10622999 DTXSID00218749 DTXSID30428359 DTXSID70487647 DTXSID40693238 DTXSID00274688 DTXSID30227566
DTXSID90766406	DTXSID00220968 DTXSID80621994 DTXSID80172734 DTXSID60332177 DTXSID80226706 DTXSID80418427 DTXSID80306315 DTXSID80724191 DTXSID30625841 DTXSID60292368 DTXSID10463849 DTXSID70214475 DTXSID70365476 DTXSID20189700 DTXSID90301614 DTXSID60170258 DTXSID20741908 DTXSID80563204 DTXSID40495138 DTXSID40309307
DTXSID20739320	DTXSID60498388 DTXSID90631125 DTXSID90676839 DTXSID30671904 DTXSID00646886 DTXSID50737516 DTXSID00654103 DTXSID00710011 DTXSID10668655 DTXSID20352715 DTXSID20576136 DTXSID10402258 DTXSID40680007 DTXSID90559693 DTXSID80480467 DTXSID4020953 DTXSID80657117 DTXSID50165017 DTXSID50608176 DTXSID60394275
DTXSID3061552	DTXSID30544588 DTXSID30344949 DTXSID60336195 DTXSID90621465 DTXSID70593176 DTXSID10525310 DTXSID10518868 DTXSID90711198 DTXSID30405908 DTXSID30278654 DTXSID00633478 DTXSID70799434 DTXSID10442659 DTXSID5072486 DTXSID60488421 DTXSID00423654 DTXSID70438497 DTXSID40551526 DTXSID60232421 DTXSID40397668
DTXSID1047071	DTXSID30378209 DTXSID10398581 DTXSID00730375 DTXSID30830751 DTXSID10210118 DTXSID1063140 DTXSID80472847 DTXSID70188187 DTXSID70443980 DTXSID20593989 DTXSID00404887 DTXSID90836456 DTXSID80897339 DTXSID00374031 DTXSID40345927 DTXSID40697039 DTXSID60151047 DTXSID30303157 DTXSID30323219 DTXSID40614903
DTXSID60462105	DTXSID60608662 DTXSID20285670 DTXSID50196028 DTXSID50495023 DTXSID40596295 DTXSID50709091 DTXSID20424284 DTXSID40707006 DTXSID30590308 DTXSID80488645 DTXSID10794963 DTXSID30589373 DTXSID10706283 DTXSID10343531 DTXSID10850376 DTXSID90570287 DTXSID80588290 DTXSID70425867 DTXSID30675508 DTXSID50149857
DTXSID50462472	DTXSID70439989 DTXSID60822144 DTXSID90473840 DTXSID10391810 DTXSID80322656 DTXSID90281846 DTXSID3046166 DTXSID00351221 DTXSID30483862 DTXSID30551136 DTXSID30369379 DTXSID10844876 DTXSID40435276 DTXSID00284505 DTXSID70366685 DTXSID00766412 DTXSID40238805 DTXSID20400745 DTXSID00487938 DTXSID40430185
DTXSID80628382	DTXSID00348838 DTXSID50354368 DTXSID00348297 DTXSID70726528 DTXSID40628489 DTXSID50569415 DTXSID30180824 DTXSID30180364 DTXSID00342891 DTXSID70457502 DTXSID00547167 DTXSID00196871 DTXSID60401190 DTXSID10383811 DTXSID10555854 DTXSID40463534 DTXSID00725807 DTXSID30519731 DTXSID70307896 DTXSID20372933
DTXSID30589373	DTXSID30675508 DTXSID40596295 DTXSID80608826 DTXSID10850376 DTXSID20424284 DTXSID80588290 DTXSID50495023 DTXSID40707006 DTXSID50196028 DTXSID00487933 DTXSID30729499 DTXSID80391786 DTXSID00317766 DTXSID70425867 DTXSID60462105 DTXSID60608662 DTXSID70324861 DTXSID60809374 DTXSID10642415 DTXSID20660908
DTXSID30831086	DTXSID40326877 DTXSID80351906 DTXSID10886357 DTXSID80446866 DTXSID7067089 DTXSID10831084 DTXSID70651568 DTXSID10787971 DTXSID10368683 DTXSID40367063 DTXSID50766366 DTXSID80815270 DTXSID00818920 DTXSID40808082 DTXSID50502221 DTXSID60557242 DTXSID80563921 DTXSID60395601 DTXSID40288087 DTXSID80795720
DTXSID20513687	DTXSID30831501 DTXSID80356315 DTXSID70791014 DTXSID20533380 DTXSID00416965 DTXSID10325736 DTXSID30752045 DTXSID50495442 DTXSID00731524 DTXSID90594948 DTXSID50280032 DTXSID20526212 DTXSID30531150 DTXSID50323438 DTXSID20780913 DTXSID90390301 DTXSID90567430 DTXSID70438179 DTXSID10172404 DTXSID40874080
DTXSID80470161	DTXSID00588454 DTXSID10803882 DTXSID30733071 DTXSID70511451 DTXSID90639247 DTXSID20740911 DTXSID70664895 DTXSID70466078 DTXSID70724044 DTXSID90211683 DTXSID50600953 DTXSID90519474 DTXSID00819932 DTXSID00489119 DTXSID10493989 DTXSID50586107 DTXSID30770906 DTXSID20482041 DTXSID00501709 DTXSID60645870
DTXSID50833688	DTXSID10364382 DTXSID30287620 DTXSID70461260 DTXSID10156704 DTXSID30452775 DTXSID50433142 DTXSID80604707 DTXSID30541491 DTXSID60365844 DTXSID30553130 DTXSID90396883 DTXSID00650544 DTXSID90147751 DTXSID10726820 DTXSID60281333 DTXSID60284824 DTXSID60321021 DTXSID80572891 DTXSID90185572 DTXSID90586161
DTXSID30521950	DTXSID50512269 DTXSID40199841 DTXSID30428359 DTXSID30678938 DTXSID80740250 DTXSID20406202 DTXSID50356327 DTXSID60879411 DTXSID30227566 DTXSID10763412 DTXSID70487647 DTXSID30179672 DTXSID00356392 DTXSID10675647 DTXSID30591214 DTXSID10622999 DTXSID10618519 DTXSID20405593 DTXSID00299730 DTXSID90695323
DTXSID80196374	DTXSID30489046 DTXSID10454318 DTXSID90201286 DTXSID60645870 DTXSID90211683 DTXSID50625101 DTXSID70876537 DTXSID50586107 DTXSID20496764 DTXSID10728667 DTXSID10493989 DTXSID80771185 DTXSID70724044 DTXSID10888816 DTXSID80744117 DTXSID20482041 DTXSID90326600 DTXSID00184410 DTXSID90519474 DTXSID40474524
DTXSID80720234	DTXSID30592145 DTXSID70770268 DTXSID00844946 DTXSID90737919 DTXSID40303729 DTXSID00719322 DTXSID40431657 DTXSID40510597 DTXSID40143001 DTXSID90675241 DTXSID50853381 DTXSID50515371 DTXSID60694484 DTXSID10802714 DTXSID30616532 DTXSID00225190 DTXSID50887924 DTXSID80830084 DTXSID00750356 DTXSID1051692
DTXSID10202674	DTXSID30429503 DTXSID20197406 DTXSID40563189 DTXSID90602057 DTXSID60780199 DTXSID60816366 DTXSID80274202 DTXSID60276143 DTXSID00629477 DTXSID10890999 DTXSID00752951 DTXSID60775681 DTXSID00826560 DTXSID00829132 DTXSID10872659 DTXSID0067503 DTXSID9072527 DTXSID10699585 DTXSID60242747 DTXSID20181421
DTXSID20350337	DTXSID90885863 DTXSID70534448 DTXSID30534449 DTXSID40552518 DTXSID20528296 DTXSID80641117 DTXSID50565977 DTXSID70663580 DTXSID20506014 DTXSID10820791 DTXSID20201895 DTXSID10547456 DTXSID6041501 DTXSID60533288 DTXSID50195879 DTXSID70641121 DTXSID10525294 DTXSID80509384 DTXSID60533889 DTXSID10634996
DTXSID60569264	DTXSID1071743 DTXSID40313303 DTXSID70584923 DTXSID00485015 DTXSID40513381 DTXSID60532291 DTXSID80180798 DTXSID30321917 DTXSID20879593 DTXSID40380191 DTXSID20323405 DTXSID20485012 DTXSID10826758 DTXSID90711350 DTXSID40646800 DTXSID40588413 DTXSID80736618 DTXSID10474798 DTXSID70651861 DTXSID50382641
DTXSID90784241	DTXSID00763380 DTXSID10500324 DTXSID60184971 DTXSID70460152 DTXSID20431170 DTXSID00391541 DTXSID10818299 DTXSID20341866 DTXSID90487604 DTXSID10404676 DTXSID10838811 DTXSID30302286 DTXSID50457944 DTXSID40200784 DTXSID70569078 DTXSID80169801 DTXSID50340226 DTXSID40492324 DTXSID90755951 DTXSID40330590
DTXSID8059007	DTXSID90429206 DTXSID60819953 DTXSID70181390 DTXSID90585376 DTXSID50351094 DTXSID00728974 DTXSID50300042 DTXSID50520142 DTXSID80323562 DTXSID00702794 DTXSID30553978 DTXSID40233512 DTXSID00372618 DTXSID8047509 DTXSID80296106 DTXSID70428777 DTXSID40797886 DTXSID60649212 DTXSID60177348 DTXSID20318558
DTXSID40588519	DTXSID50457308 DTXSID10876516 DTXSID20856506 DTXSID00293935 DTXSID10515615 DTXSID00568670 DTXSID30752702 DTXSID70831702 DTXSID70399418 DTXSID90586161 DTXSID70471445 DTXSID90456239 DTXSID10667143 DTXSID7057787 DTXSID30378360 DTXSID00372219 DTXSID90396883 DTXSID00405117 DTXSID50848994 DTXSID80211571
DTXSID70393496	DTXSID60642223 DTXSID50564682 DTXSID40298565 DTXSID30810715 DTXSID40497511 DTXSID90324449 DTXSID70224791 DTXSID00217873 DTXSID00799866 DTXSID6046264 DTXSID30821164 DTXSID10443964 DTXSID10628991 DTXSID30159237 DTXSID60328237 DTXSID70558604 DTXSID40774819 DTXSID80384572 DTXSID20787826 DTXSID80625058
DTXSID10191993	DTXSID50755018 DTXSID20833716 DTXSID30350843 DTXSID20177142 DTXSID10832697 DTXSID30413629 DTXSID1058393 DTXSID60374335 DTXSID40729783 DTXSID60616843 DTXSID90505372 DTXSID70876552 DTXSID20886101 DTXSID30751750 DTXSID20697072 DTXSID40328396 DTXSID40468781 DTXSID50619383 DTXSID60633636 DTXSID70484651
DTXSID70544562	DTXSID30191596 DTXSID30599199 DTXSID80200763 DTXSID30889784 DTXSID00312413 DTXSID3061263 DTXSID30766203 DTXSID90664317 DTXSID80813554 DTXSID00618003 DTXSID70388408 DTXSID50625080 DTXSID50179311 DTXSID70652636 DTXSID50876015 DTXSID80536276 DTXSID70729352 DTXSID80441730 DTXSID50454276 DTXSID20879154
DTXSID20589302	DTXSID10399659 DTXSID30857029 DTXSID50190364 DTXSID20542199 DTXSID50312908 DTXSID10609765 DTXSID20599022 DTXSID90663466 DTXSID00524776 DTXSID00515240 DTXSID00488824 DTXSID40719260 DTXSID10626018 DTXSID30313695 DTXSID80676828 DTXSID80224782 DTXSID30515874 DTXSID60456741 DTXSID90674537 DTXSID90489587
DTXSID80343765	DTXSID70645881 DTXSID00642424 DTXSID70623987 DTXSID30707191 DTXSID90509850 DTXSID30844257 DTXSID90561074 DTXSID00706792 DTXSID60778778 DTXSID80346155 DTXSID50326560 DTXSID60876900 DTXSID00145324 DTXSID80342874 DTXSID30169250 DTXSID30541572 DTXSID00428720 DTXSID20528397 DTXSID70359411 DTXSID6044773
DTXSID20841538	DTXSID80391302 DTXSID20514831 DTXSID10579015 DTXSID40517344 DTXSID50541579 DTXSID50509235 DTXSID60647298 DTXSID90596028 DTXSID90850894 DTXSID50322764 DTXSID90391712 DTXSID10650333 DTXSID70856511 DTXSID40712115 DTXSID90323199 DTXSID80883717 DTXSID80589580 DTXSID70324361 DTXSID70750944 DTXSID50879561
DTXSID20579586	DTXSID90346101 DTXSID30489122 DTXSID00651450 DTXSID40427974 DTXSID10824299 DTXSID30451763 DTXSID60451392 DTXSID00298647 DTXSID90338980 DTXSID70557910 DTXSID70275501 DTXSID80434162 DTXSID80509708 DTXSID00423654 DTXSID40405939 DTXSID50482458 DTXSID40595829 DTXSID00667551 DTXSID00186010 DTXSID90346141
DTXSID70276876	DTXSID90645585 DTXSID90729455 DTXSID20277616 DTXSID50580049 DTXSID30627547 DTXSID00451851 DTXSID30726822 DTXSID70858136 DTXSID30402412 DTXSID30362789 DTXSID70434515 DTXSID40645631 DTXSID40770336 DTXSID20876002 DTXSID40523006 DTXSID20797748 DTXSID60308998 DTXSID50535852 DTXSID40877455 DTXSID10842610
DTXSID90185830	DTXSID50277765 DTXSID80207252 DTXSID00387843 DTXSID40657471 DTXSID20442145 DTXSID80284285 DTXSID20876683 DTXSID20602808 DTXSID90379454 DTXSID50310222 DTXSID70791059 DTXSID40427853 DTXSID10624458 DTXSID10720242 DTXSID90672497 DTXSID60729821 DTXSID60668665 DTXSID20654908 DTXSID50806832 DTXSID50430015
DTXSID00559664	DTXSID50633221 DTXSID30370783 DTXSID70442433 DTXSID20345349 DTXSID8067602 DTXSID90646350 DTXSID40496029 DTXSID30646758 DTXSID10646251 DTXSID50342720 DTXSID90602855 DTXSID40857535 DTXSID50346844 DTXSID40365226 DTXSID30837225 DTXSID50212651 DTXSID80648161 DTXSID70658234 DTXSID40827091 DTXSID00671936
DTXSID30694618	DTXSID10177934 DTXSID30661047 DTXSID70214273 DTXSID70666536 DTXSID50187552 DTXSID80302291 DTXSID90380868 DTXSID90355415 DTXSID80791540 DTXSID20624964 DTXSID10652953 DTXSID50605887 DTXSID70511118 DTXSID10371773 DTXSID40398938 DTXSID70377413 DTXSID60784278 DTXSID40319300 DTXSID20698160 DTXSID10856212
DTXSID2072881	DTXSID10452955 DTXSID90848559 DTXSID60327528 DTXSID60800068 DTXSID70408650 DTXSID00391061 DTXSID10519254 DTXSID80299970 DTXSID70557910 DTXSID40334154 DTXSID70275501 DTXSID60536719 DTXSID10343814 DTXSID90346141 DTXSID80434162 DTXSID10733074 DTXSID70708324 DTXSID20609170 DTXSID40407377 DTXSID00603050
DTXSID40407716	DTXSID80293478 DTXSID50170020 DTXSID80482123 DTXSID80573368 DTXSID30583295 DTXSID60695037 DTXSID20580753 DTXSID40671112 DTXSID00576634 DTXSID00382853 DTXSID20646308 DTXSID80626181 DTXSID20432561 DTXSID8060298 DTXSID90571239 DTXSID70489803 DTXSID60427815 DTXSID10181718 DTXSID10642071 DTXSID10536082
DTXSID50849961	DTXSID10726820 DTXSID80604707 DTXSID30541491 DTXSID00650544 DTXSID80736618 DTXSID40657274 DTXSID80572891 DTXSID60217359 DTXSID40588413 DTXSID90185370 DTXSID30452775 DTXSID20485012 DTXSID9021712 DTXSID40414687 DTXSID70397570 DTXSID30553130 DTXSID40513381 DTXSID10474798 DTXSID10325094 DTXSID30395633
DTXSID60754572	DTXSID0075106 DTXSID60738998 DTXSID40701589 DTXSID50286514 DTXSID90492910 DTXSID10465025 DTXSID90796667 DTXSID00341667 DTXSID80532359 DTXSID20351581 DTXSID2071025 DTXSID20663055 DTXSID00338633 DTXSID10776421 DTXSID10560226 DTXSID00405935 DTXSID50736206 DTXSID80715221 DTXSID90850096 DTXSID00196816
DTXSID80646627	DTXSID70355690 DTXSID90405606 DTXSID40626425 DTXSID20168616 DTXSID40677533 DTXSID60671937 DTXSID6044858 DTXSID80377949 DTXSID60195325 DTXSID70650152 DTXSID70658234 DTXSID50729193 DTXSID10397478 DTXSID10857380 DTXSID40646461 DTXSID30618536 DTXSID30725810 DTXSID60444305 DTXSID00190172 DTXSID80718853
DTXSID30174849	DTXSID10658374 DTXSID20765467 DTXSID00828564 DTXSID60795809 DTXSID00281357 DTXSID40616169 DTXSID70670234 DTXSID10634214 DTXSID50798187 DTXSID30704064 DTXSID60469452 DTXSID90806856 DTXSID70800130 DTXSID00752693 DTXSID50709955 DTXSID30867724 DTXSID90660374 DTXSID20750954 DTXSID00527000 DTXSID50304964
DTXSID50474035	DTXSID90648819 DTXSID50351190 DTXSID80562318 DTXSID00482887 DTXSID90725351 DTXSID50345892 DTXSID50145874 DTXSID10478731 DTXSID50588202 DTXSID50627165 DTXSID30223841 DTXSID00391501 DTXSID40646269 DTXSID70693842 DTXSID30663980 DTXSID70383211 DTXSID70239542 DTXSID80701725 DTXSID80162953 DTXSID40515688
DTXSID40724470	DTXSID40676763 DTXSID20743427 DTXSID60674165 DTXSID80552653 DTXSID50662894 DTXSID40656404 DTXSID10654715 DTXSID90823164 DTXSID10712061 DTXSID10847428 DTXSID00681696 DTXSID7063421 DTXSID40346691 DTXSID80825970 DTXSID10629923 DTXSID70392924 DTXSID50590148 DTXSID90706185 DTXSID20756335 DTXSID60432929
DTXSID40563927	DTXSID70277929 DTXSID10238155 DTXSID10182402 DTXSID10560827 DTXSID10609068 DTXSID30315977 DTXSID80596936 DTXSID80655517 DTXSID10610316 DTXSID50572621 DTXSID10661161 DTXSID70211469 DTXSID50434311 DTXSID30344146 DTXSID70352922 DTXSID20797460 DTXSID00365924 DTXSID60179903 DTXSID20573226 DTXSID90396484
DTXSID70405624	DTXSID50556204 DTXSID40430185 DTXSID40831936 DTXSID60667436 DTXSID00766412 DTXSID40507280 DTXSID9068378 DTXSID60422946 DTXSID10505753 DTXSID20297278 DTXSID30614275 DTXSID30369379 DTXSID50716907 DTXSID50311754 DTXSID10172404 DTXSID90577877 DTXSID10597118 DTXSID90594948 DTXSID6065052 DTXSID30222197
DTXSID10720308	DTXSID40485337 DTXSID50742443 DTXSID50876338 DTXSID40188098 DTXSID00556597 DTXSID20817910 DTXSID20474825 DTXSID90406390 DTXSID10740400 DTXSID20162351 DTXSID50335096 DTXSID70879543 DTXSID60358195 DTXSID50483768 DTXSID20511764 DTXSID80710110 DTXSID30372388 DTXSID20229236 DTXSID40369466 DTXSID90875966
DTXSID10239804	DTXSID70849443 DTXSID50506067 DTXSID40671632 DTXSID30571612 DTXSID20630368 DTXSID80239336 DTXSID10588026 DTXSID10481523 DTXSID40325042 DTXSID9022237 DTXSID00373504 DTXSID10528447 DTXSID60533122 DTXSID00755265 DTXSID50215283 DTXSID60711645 DTXSID10707634 DTXSID40146198 DTXSID10829527 DTXSID30667261
DTXSID60544819	DTXSID10511778 DTXSID50618790 DTXSID20738797 DTXSID90530760 DTXSID70317253 DTXSID10772064 DTXSID60278708 DTXSID40821059 DTXSID70502324 DTXSID40420561 DTXSID00512653 DTXSID80588154 DTXSID00408603 DTXSID40750774 DTXSID40217079 DTXSID90408415 DTXSID60537100 DTXSID40876064 DTXSID00755947 DTXSID40876463
DTXSID90878937	DTXSID20324255 DTXSID70385795 DTXSID40518199 DTXSID30505119 DTXSID00821737 DTXSID30295169 DTXSID60818360 DTXSID40511640 DTXSID10661166 DTXSID80292143 DTXSID80378471 DTXSID80589267 DTXSID60591924 DTXSID00567946 DTXSID90651646 DTXSID60591944 DTXSID00472607 DTXSID70743018 DTXSID20660963 DTXSID40427616
DTXSID3066267	DTXSID20394317 DTXSID20445797 DTXSID90675064 DTXSID80288283 DTXSID10426095 DTXSID10672873 DTXSID50747579 DTXSID60725848 DTXSID80296964 DTXSID30675048 DTXSID40724874 DTXSID00731322 DTXSID90706185 DTXSID20726376 DTXSID70648998 DTXSID60701102 DTXSID40385722 DTXSID80825970 DTXSID30842718 DTXSID30748145
DTXSID10880678	DTXSID50798425 DTXSID50858472 DTXSID80506131 DTXSID7068001 DTXSID80342879 DTXSID20604387 DTXSID50528269 DTXSID10587852 DTXSID1051800 DTXSID10391618 DTXSID50693663 DTXSID90530942 DTXSID10605045 DTXSID80885913 DTXSID70565833 DTXSID10767637 DTXSID50832151 DTXSID50502221 DTXSID60557242 DTXSID10400032
DTXSID00428568	DTXSID10590381 DTXSID50694498 DTXSID10715779 DTXSID00612400 DTXSID20185808 DTXSID5070232 DTXSID30819304 DTXSID30526586 DTXSID90796884 DTXSID30594280 DTXSID10157478 DTXSID00355729 DTXSID10772928 DTXSID90179991 DTXSID90768723 DTXSID80637257 DTXSID10190002 DTXSID60471818 DTXSID00725468 DTXSID90524068
DTXSID50707759	DTXSID60742252 DTXSID5041190 DTXSID90289180 DTXSID50835107 DTXSID30354361 DTXSID50497183 DTXSID00600140 DTXSID10552267 DTXSID10867661 DTXSID9057680 DTXSID50696972 DTXSID00559245 DTXSID30734205 DTXSID20834965 DTXSID70434151 DTXSID70711419 DTXSID10834858 DTXSID10829527 DTXSID20797743 DTXSID80289457
DTXSID90399319	DTXSID70304724 DTXSID30738485 DTXSID80175169 DTXSID80354371 DTXSID40745084 DTXSID30742724 DTXSID1068302 DTXSID90587653 DTXSID80539823 DTXSID20482723 DTXSID50435964 DTXSID80302716 DTXSID80506277 DTXSID90844430 DTXSID40815675 DTXSID80568138 DTXSID40833733 DTXSID90577271 DTXSID5021625 DTXSID30550023
DTXSID70490555	DTXSID80651337 DTXSID20579748 DTXSID00425996 DTXSID50340887 DTXSID00811012 DTXSID30725638 DTXSID10492816 DTXSID90485165 DTXSID80347102 DTXSID70345692 DTXSID50867463 DTXSID00660507 DTXSID60528215 DTXSID90176884 DTXSID50196164 DTXSID90323992 DTXSID10801303 DTXSID70848557 DTXSID90826195 DTXSID60240187
DTXSID50783437	DTXSID50410539 DTXSID90404730 DTXSID5047114 DTXSID70751310 DTXSID60598059 DTXSID1066239 DTXSID30770365 DTXSID00559144 DTXSID80576899 DTXSID50757335 DTXSID80195044 DTXSID80560258 DTXSID90302606 DTXSID40208523 DTXSID60288589 DTXSID20195063 DTXSID6063511 DTXSID10783438 DTXSID00775887 DTXSID5062398
DTXSID40431657	DTXSID00719322 DTXSID40303729 DTXSID00750356 DTXSID90675241 DTXSID70770268 DTXSID00225190 DTXSID00844946 DTXSID30592145 DTXSID80720234 DTXSID40510597 DTXSID90509214 DTXSID50515371 DTXSID50853381 DTXSID1051692 DTXSID70457305 DTXSID40143001 DTXSID60694484 DTXSID00815070 DTXSID50850153 DTXSID20798912
DTXSID20216742	DTXSID10623385 DTXSID60555147 DTXSID80722112 DTXSID60551149 DTXSID40408107 DTXSID20629934 DTXSID60373409 DTXSID80744470 DTXSID20827933 DTXSID10363835 DTXSID40573142 DTXSID00507084 DTXSID20817016 DTXSID20456863 DTXSID40538579 DTXSID30542746 DTXSID40857631 DTXSID30827181 DTXSID00528951 DTXSID50599959
DTXSID80516331	DTXSID30234871 DTXSID50451245 DTXSID60281959 DTXSID20790370 DTXSID70727494 DTXSID80585325 DTXSID00772053 DTXSID80578838 DTXSID90758669 DTXSID10465429 DTXSID50637522 DTXSID20678220 DTXSID70339011 DTXSID50874359 DTXSID30542968 DTXSID4051740 DTXSID70607161 DTXSID90400696 DTXSID30600178 DTXSID20471031
DTXSID50226339	DTXSID60701965 DTXSID50275680 DTXSID8069648 DTXSID40766118 DTXSID90762382 DTXSID70582085 DTXSID30276034 DTXSID20835659 DTXSID10829820 DTXSID10649883 DTXSID4072813 DTXSID90577150 DTXSID90305298 DTXSID4057716 DTXSID3063966 DTXSID70697481 DTXSID40747503 DTXSID80447398 DTXSID70855781 DTXSID70732487
DTXSID50596246	DTXSID50364467 DTXSID00606980 DTXSID30588240 DTXSID00846581 DTXSID60303226 DTXSID90453389 DTXSID60556013 DTXSID60424460 DTXSID40820466 DTXSID10879320 DTXSID20717067 DTXSID80556898 DTXSID70397272 DTXSID50228318 DTXSID80499110 DTXSID80724015 DTXSID00309808 DTXSID80182510 DTXSID30716364 DTXSID90666452
DTXSID00427854	DTXSID90485307 DTXSID90493144 DTXSID70472139 DTXSID40792871 DTXSID20876264 DTXSID50663063 DTXSID70170840 DTXSID40427853 DTXSID70320828 DTXSID00490846 DTXSID60668665 DTXSID50310126 DTXSID80664260 DTXSID40222441 DTXSID40540213 DTXSID20504696 DTXSID60441415 DTXSID00322673 DTXSID20542811 DTXSID50638155
DTXSID40278640	DTXSID70670057 DTXSID60600484 DTXSID50600110 DTXSID00506799 DTXSID10708424 DTXSID10728889 DTXSID00410983 DTXSID80381026 DTXSID40529149 DTXSID30625664 DTXSID00748011 DTXSID40570439 DTXSID70762047 DTXSID3041297 DTXSID10734783 DTXSID00568731 DTXSID00442188 DTXSID70795315 DTXSID80299394 DTXSID60154331
DTXSID10552787	DTXSID00534259 DTXSID40802181 DTXSID3042269 DTXSID10699722 DTXSID80369485 DTXSID70525891 DTXSID00493059 DTXSID50788144 DTXSID30545994 DTXSID00604183 DTXSID80661118 DTXSID90760646 DTXSID50832292 DTXSID50507514 DTXSID10516208 DTXSID20628588 DTXSID90695126 DTXSID20656442 DTXSID60693876 DTXSID00514773
DTXSID00436880	DTXSID20603496 DTXSID70506822 DTXSID00440826 DTXSID30678498 DTXSID70742980 DTXSID70309077 DTXSID10361270 DTXSID90843903 DTXSID50490730 DTXSID90501470 DTXSID90620534 DTXSID20790592 DTXSID60425730 DTXSID30641187 DTXSID70431468 DTXSID80438903 DTXSID90509411 DTXSID80450049 DTXSID50397735 DTXSID10820291
DTXSID20834086	DTXSID30787357 DTXSID50697429 DTXSID70202337 DTXSID60739526 DTXSID50646755 DTXSID50631606 DTXSID80560576 DTXSID20368194 DTXSID00730012 DTXSID10618519 DTXSID50179518 DTXSID50304707 DTXSID60588576 DTXSID00585347 DTXSID20656063 DTXSID10393657 DTXSID80656180 DTXSID90695323 DTXSID5070529 DTXSID70672798
DTXSID8070417	DTXSID30821189 DTXSID70781576 DTXSID80891978 DTXSID90591033 DTXSID0075027 DTXSID60146670 DTXSID50774446 DTXSID00853295 DTXSID40501107 DTXSID90706463 DTXSID30707813 DTXSID90554224 DTXSID40828008 DTXSID40705946 DTXSID6039685 DTXSID80708279 DTXSID90298272 DTXSID80853470 DTXSID40821493 DTXSID40220346
DTXSID50632214	DTXSID70179095 DTXSID60277670 DTXSID90365271 DTXSID80179102 DTXSID00560770 DTXSID20368654 DTXSID10442659 DTXSID20680227 DTXSID60169208 DTXSID60834747 DTXSID70709538 DTXSID70448359 DTXSID20733065 DTXSID00509104 DTXSID80169503 DTXSID40566478 DTXSID00503965 DTXSID60654826 DTXSID40455419 DTXSID5072486
DTXSID00231438	DTXSID80279373 DTXSID60347781 DTXSID30663369 DTXSID90807803 DTXSID50663780 DTXSID20599345 DTXSID70840798 DTXSID40165147 DTXSID40530477 DTXSID10721916 DTXSID6069406 DTXSID20372110 DTXSID30885241 DTXSID20759801 DTXSID4040343 DTXSID70349413 DTXSID30350580 DTXSID90827869 DTXSID00729421 DTXSID70650576
DTXSID60236000	DTXSID20337542 DTXSID20896169 DTXSID70526803 DTXSID20696949 DTXSID80694421 DTXSID60725005 DTXSID30559278 DTXSID20467757 DTXSID80385786 DTXSID50590547 DTXSID00653333 DTXSID80657339 DTXSID40656964 DTXSID70532141 DTXSID90182107 DTXSID40854049 DTXSID50709137 DTXSID60364099 DTXSID20284800 DTXSID80206088
DTXSID70548767	DTXSID60527804 DTXSID60444729 DTXSID30848472 DTXSID20640624 DTXSID70660978 DTXSID40829772 DTXSID90281785 DTXSID80744157 DTXSID80293251 DTXSID40654925 DTXSID90477242 DTXSID10700589 DTXSID40775765 DTXSID10484650 DTXSID70810077 DTXSID90680572 DTXSID00398893 DTXSID50601243 DTXSID50805002 DTXSID2046836
DTXSID60432929	DTXSID00731322 DTXSID90706185 DTXSID80296964 DTXSID30675048 DTXSID00681696 DTXSID40694386 DTXSID90675064 DTXSID40724470 DTXSID20623710 DTXSID80825970 DTXSID20726376 DTXSID80288283 DTXSID30842718 DTXSID10629923 DTXSID90727173 DTXSID20590413 DTXSID70648998 DTXSID80308177 DTXSID80552653 DTXSID40656404
DTXSID70223906	DTXSID90585831 DTXSID20503528 DTXSID10758666 DTXSID90702268 DTXSID9073628 DTXSID10608990 DTXSID30652637 DTXSID00651859 DTXSID60378691 DTXSID40453516 DTXSID70760740 DTXSID9025403 DTXSID40821998 DTXSID70317677 DTXSID80799980 DTXSID7044764 DTXSID20848446 DTXSID50642050 DTXSID00418545 DTXSID40288729
DTXSID00196816	DTXSID20663055 DTXSID30739033 DTXSID90447248 DTXSID20580571 DTXSID70580809 DTXSID60764510 DTXSID60738998 DTXSID10436654 DTXSID10594844 DTXSID10465025 DTXSID40722613 DTXSID50483425 DTXSID00341667 DTXSID10307355 DTXSID00361284 DTXSID40701589 DTXSID90526623 DTXSID20541127 DTXSID10776421 DTXSID20351581
DTXSID80296106	DTXSID80449256 DTXSID90429206 DTXSID30676515 DTXSID00555646 DTXSID40233512 DTXSID90585376 DTXSID30661188 DTXSID00372618 DTXSID20742591 DTXSID60819953 DTXSID50520142 DTXSID50351094 DTXSID8059007 DTXSID10367292 DTXSID30465800 DTXSID80404426 DTXSID60177348 DTXSID80323562 DTXSID10316220 DTXSID80741368
DTXSID90601904	DTXSID10724149 DTXSID30782781 DTXSID50790641 DTXSID50242978 DTXSID50439346 DTXSID70757074 DTXSID60789344 DTXSID00454781 DTXSID40144795 DTXSID00541968 DTXSID60832940 DTXSID60582711 DTXSID80302756 DTXSID30330387 DTXSID90837201 DTXSID90148864 DTXSID90278357 DTXSID30281901 DTXSID60790692 DTXSID90711875
DTXSID10802714	DTXSID50437584 DTXSID50887924 DTXSID70325651 DTXSID40510597 DTXSID30616532 DTXSID30377777 DTXSID60827513 DTXSID00844946 DTXSID20660362 DTXSID80817239 DTXSID40702713 DTXSID70808616 DTXSID70675345 DTXSID70356581 DTXSID40711249 DTXSID80830084 DTXSID80720234 DTXSID40143001 DTXSID90737919 DTXSID30592145
DTXSID10377134	DTXSID60490347 DTXSID00600983 DTXSID10420715 DTXSID70789794 DTXSID10211569 DTXSID70353277 DTXSID50538646 DTXSID70476834 DTXSID40623797 DTXSID00567360 DTXSID70554328 DTXSID90896171 DTXSID70209866 DTXSID50667344 DTXSID60763987 DTXSID20846467 DTXSID70176387 DTXSID10896254 DTXSID00566070 DTXSID80143106
DTXSID80364490	DTXSID20481190 DTXSID40826463 DTXSID90316182 DTXSID00154719 DTXSID80289376 DTXSID70342626 DTXSID80699370 DTXSID10617229 DTXSID60651118 DTXSID50454695 DTXSID80611310 DTXSID10448414 DTXSID40625731 DTXSID40386395 DTXSID50282854 DTXSID00441171 DTXSID80786658 DTXSID00781261 DTXSID70858070 DTXSID30336703
DTXSID10641428	DTXSID30671565 DTXSID30395714 DTXSID50425244 DTXSID20489156 DTXSID70300165 DTXSID40835055 DTXSID80625058 DTXSID40757268 DTXSID50743096 DTXSID50604471 DTXSID00876505 DTXSID50447744 DTXSID50290212 DTXSID60479238 DTXSID70280392 DTXSID40855379 DTXSID40606782 DTXSID00735784 DTXSID60589583 DTXSID40298565
DTXSID70848835	DTXSID10448999 DTXSID40719149 DTXSID3060667 DTXSID30662498 DTXSID10606310 DTXSID60874628 DTXSID60430268 DTXSID00854782 DTXSID00678763 DTXSID50173692 DTXSID30400357 DTXSID30294197 DTXSID20719162 DTXSID10470659 DTXSID20701062 DTXSID80709549 DTXSID90738901 DTXSID00813511 DTXSID2041202 DTXSID40637430
DTXSID20346371	DTXSID00383582 DTXSID70148105 DTXSID80371649 DTXSID00552711 DTXSID00344214 DTXSID70579192 DTXSID20236506 DTXSID80600426 DTXSID30563335 DTXSID90438530 DTXSID10668938 DTXSID70631249 DTXSID30605128 DTXSID20191247 DTXSID10875781 DTXSID40781189 DTXSID50602750 DTXSID80727804 DTXSID70364282 DTXSID30279565
DTXSID80584131	DTXSID90309877 DTXSID20809198 DTXSID70370146 DTXSID10166383 DTXSID9069007 DTXSID70748200 DTXSID40562677 DTXSID60437297 DTXSID40201938 DTXSID30320263 DTXSID40439355 DTXSID80184812 DTXSID30874892 DTXSID70674691 DTXSID80430902 DTXSID40647635 DTXSID80548314 DTXSID10310263 DTXSID60701102 DTXSID40724874
DTXSID20189422	DTXSID70895425 DTXSID30878370 DTXSID60463218 DTXSID00324278 DTXSID60189986 DTXSID50277341 DTXSID70895420 DTXSID90610334 DTXSID20873839 DTXSID70425009 DTXSID30392389 DTXSID00575607 DTXSID20733227 DTXSID50830455 DTXSID70746584 DTXSID90415609 DTXSID40615076 DTXSID50814391 DTXSID00596397 DTXSID4072813
DTXSID50551618	DTXSID90557134 DTXSID20517180 DTXSID30574401 DTXSID80642422 DTXSID10613125 DTXSID60242525 DTXSID40432846 DTXSID90306821 DTXSID90175897 DTXSID70834470 DTXSID40310256 DTXSID60341123 DTXSID40408768 DTXSID30481989 DTXSID00510836 DTXSID10831741 DTXSID10347554 DTXSID60228324 DTXSID90209803 DTXSID80323385
DTXSID90375653	DTXSID00276940 DTXSID80402669 DTXSID70566264 DTXSID90669645 DTXSID3042506 DTXSID40359589 DTXSID80742936 DTXSID60533187 DTXSID30434854 DTXSID10406892 DTXSID10632250 DTXSID80480780 DTXSID50618174 DTXSID60143962 DTXSID60661131 DTXSID10364125 DTXSID00651975 DTXSID60170096 DTXSID20285195 DTXSID60144510
DTXSID00406381	DTXSID50440356 DTXSID80472908 DTXSID70891442 DTXSID80423172 DTXSID70296695 DTXSID30374882 DTXSID50590007 DTXSID90812856 DTXSID20631638 DTXSID00457217 DTXSID90799633 DTXSID50846172 DTXSID00641295 DTXSID50549631 DTXSID10645683 DTXSID00846344 DTXSID40610364 DTXSID00722331 DTXSID70344367 DTXSID10875943
DTXSID20702716	DTXSID70545195 DTXSID20641272 DTXSID2046836 DTXSID20536750 DTXSID70737937 DTXSID80700137 DTXSID70331217 DTXSID90624532 DTXSID60192657 DTXSID30444296 DTXSID30615166 DTXSID10767591 DTXSID50601243 DTXSID80293251 DTXSID50716063 DTXSID70823187 DTXSID40829772 DTXSID70794227 DTXSID90559057 DTXSID90358168
DTXSID00153121	DTXSID50160901 DTXSID20837330 DTXSID90310120 DTXSID90635143 DTXSID50395377 DTXSID20289310 DTXSID80499392 DTXSID80367027 DTXSID20857659 DTXSID70563218 DTXSID60645335 DTXSID90875986 DTXSID50736766 DTXSID10590306 DTXSID30225941 DTXSID2023222 DTXSID90517016 DTXSID30203209 DTXSID40434921 DTXSID30237408
DTXSID40839114	DTXSID00851251 DTXSID20875813 DTXSID30897546 DTXSID50601283 DTXSID60320519 DTXSID70886515 DTXSID10896395 DTXSID30564701 DTXSID70615549 DTXSID80785585 DTXSID50334625 DTXSID60896042 DTXSID30348402 DTXSID00430101 DTXSID3072242 DTXSID40752516 DTXSID40376130 DTXSID10896335 DTXSID60383846 DTXSID10310521
DTXSID90842471	DTXSID80493638 DTXSID00530115 DTXSID90570323 DTXSID60441410 DTXSID00767909 DTXSID70240254 DTXSID70612250 DTXSID30752484 DTXSID40632869 DTXSID00216947 DTXSID30339597 DTXSID20442807 DTXSID60787562 DTXSID00439250 DTXSID20697451 DTXSID90668794 DTXSID50726480 DTXSID00774698 DTXSID20449654 DTXSID70848557
DTXSID20646803	DTXSID80601317 DTXSID00747382 DTXSID60470523 DTXSID70724089 DTXSID90360625 DTXSID10430157 DTXSID9064007 DTXSID20377125 DTXSID80620381 DTXSID20295517 DTXSID80354876 DTXSID30876674 DTXSID20277075 DTXSID00631737 DTXSID60591944 DTXSID30856991 DTXSID40297775 DTXSID80358672 DTXSID90734029 DTXSID70295163
DTXSID00431279	DTXSID60567341 DTXSID60235114 DTXSID00893454 DTXSID90615384 DTXSID00734131 DTXSID20896422 DTXSID30896559 DTXSID20529607 DTXSID10547911 DTXSID80549962 DTXSID90527559 DTXSID80645236 DTXSID80896423 DTXSID50300204 DTXSID00451331 DTXSID20145164 DTXSID9073676 DTXSID80380630 DTXSID80175902 DTXSID90526002
DTXSID90668471	DTXSID60559382 DTXSID80416549 DTXSID50729870 DTXSID20821077 DTXSID00846006 DTXSID50180326 DTXSID80326134 DTXSID70325696 DTXSID50240651 DTXSID90309635 DTXSID60358195 DTXSID30228250 DTXSID90706903 DTXSID80812845 DTXSID90875966 DTXSID20327024 DTXSID80845794 DTXSID60554776 DTXSID70556342 DTXSID9074642
DTXSID60576312	DTXSID80238243 DTXSID20185540 DTXSID80562893 DTXSID40632283 DTXSID30344606 DTXSID50303033 DTXSID90379459 DTXSID90662833 DTXSID60734213 DTXSID00405117 DTXSID70821062 DTXSID70176266 DTXSID10472875 DTXSID00293935 DTXSID70652439 DTXSID30876518 DTXSID90626394 DTXSID40161003 DTXSID70337219 DTXSID50193274
DTXSID80525382	DTXSID80632282 DTXSID30681826 DTXSID90204035 DTXSID80408227 DTXSID50228333 DTXSID30625841 DTXSID80561785 DTXSID70365476 DTXSID50171214 DTXSID10610614 DTXSID60332177 DTXSID60292368 DTXSID00304292 DTXSID10606431 DTXSID50549550 DTXSID80693833 DTXSID20429436 DTXSID00220968 DTXSID70539892 DTXSID80724191
DTXSID80615616	DTXSID30394525 DTXSID70789032 DTXSID90339518 DTXSID70675643 DTXSID00550772 DTXSID10334005 DTXSID2037714 DTXSID00334771 DTXSID20478080 DTXSID40343786 DTXSID90223322 DTXSID70571818 DTXSID10525618 DTXSID10580808 DTXSID80340113 DTXSID00635816 DTXSID4052051 DTXSID10655964 DTXSID70826875 DTXSID90294037
DTXSID80486404	DTXSID00663275 DTXSID70600798 DTXSID10592481 DTXSID60425230 DTXSID90385974 DTXSID10510680 DTXSID40467294 DTXSID20703682 DTXSID50439841 DTXSID00673733 DTXSID70548101 DTXSID70179717 DTXSID10163594 DTXSID10499269 DTXSID9022100 DTXSID30282615 DTXSID10696317 DTXSID80452503 DTXSID50469906 DTXSID40460846
DTXSID10877629	DTXSID20370398 DTXSID90797093 DTXSID50377476 DTXSID40397845 DTXSID40190999 DTXSID90177598 DTXSID30825243 DTXSID70670234 DTXSID6048888 DTXSID90398428 DTXSID90668794 DTXSID20442807 DTXSID80760271 DTXSID00439250 DTXSID60795809 DTXSID30867724 DTXSID90750941 DTXSID60787562 DTXSID60283579 DTXSID10658374
DTXSID50743874	DTXSID50342720 DTXSID30370783 DTXSID70442433 DTXSID40496029 DTXSID00559664 DTXSID50633221 DTXSID60726476 DTXSID10646251 DTXSID20345349 DTXSID90602855 DTXSID90646350 DTXSID8067602 DTXSID30646758 DTXSID40857535 DTXSID00515588 DTXSID30754024 DTXSID90736407 DTXSID50212651 DTXSID10462130 DTXSID30236037
DTXSID40874106	DTXSID10876293 DTXSID30433105 DTXSID40797841 DTXSID90532289 DTXSID00407338 DTXSID70189210 DTXSID20737386 DTXSID00505101 DTXSID00628521 DTXSID90504401 DTXSID60829754 DTXSID90150427 DTXSID10633444 DTXSID30739694 DTXSID70427821 DTXSID60836802 DTXSID90369355 DTXSID70565050 DTXSID30473526 DTXSID10296472
DTXSID60620389	DTXSID00377461 DTXSID20718973 DTXSID80336298 DTXSID10212470 DTXSID90753952 DTXSID90609682 DTXSID90479908 DTXSID90429862 DTXSID60307108 DTXSID30780828 DTXSID70173750 DTXSID50473568 DTXSID5073666 DTXSID30787852 DTXSID10616959 DTXSID30830751 DTXSID60535000 DTXSID90542803 DTXSID40296581 DTXSID30537839
DTXSID10658632	DTXSID30279207 DTXSID30280515 DTXSID60594132 DTXSID50467003 DTXSID80820804 DTXSID6023315 DTXSID80369627 DTXSID30207525 DTXSID80781567 DTXSID00223095 DTXSID30625664 DTXSID10506866 DTXSID40570439 DTXSID10494052 DTXSID80664447 DTXSID60875877 DTXSID80635011 DTXSID40674724 DTXSID00604345 DTXSID30782766
DTXSID50398949	DTXSID20431438 DTXSID00679770 DTXSID30686896 DTXSID10743592 DTXSID90688538 DTXSID70850630 DTXSID90592505 DTXSID70361650 DTXSID20651159 DTXSID60587786 DTXSID80766172 DTXSID40621798 DTXSID50354060 DTXSID10542860 DTXSID50662930 DTXSID50636555 DTXSID60424460 DTXSID80696364 DTXSID20663414 DTXSID10879320
DTXSID90560906	DTXSID60658541 DTXSID40157103 DTXSID40187066 DTXSID50175070 DTXSID80335786 DTXSID70724408 DTXSID90152264 DTXSID20432905 DTXSID70799737 DTXSID40762115 DTXSID40243015 DTXSID40420900 DTXSID00816986 DTXSID70453201 DTXSID20604342 DTXSID00404029 DTXSID8061212 DTXSID70562362 DTXSID40208886 DTXSID40815736
DTXSID40733941	DTXSID00592430 DTXSID40767105 DTXSID70610372 DTXSID50561575 DTXSID20595206 DTXSID50217121 DTXSID40804983 DTXSID50198623 DTXSID50561257 DTXSID50664858 DTXSID60886903 DTXSID40392491 DTXSID70801127 DTXSID10547299 DTXSID60834222 DTXSID70528064 DTXSID80675972 DTXSID30788844 DTXSID90479640 DTXSID50313596
DTXSID00353104	DTXSID70446597 DTXSID30561699 DTXSID70447701 DTXSID40896121 DTXSID80698227 DTXSID70742783 DTXSID30343058 DTXSID40551667 DTXSID50388582 DTXSID40195121 DTXSID80639958 DTXSID40222542 DTXSID60351601 DTXSID30401122 DTXSID10288332 DTXSID6020012 DTXSID80354275 DTXSID40684101 DTXSID30579759 DTXSID50743511
DTXSID30739694	DTXSID10633444 DTXSID00628521 DTXSID40797841 DTXSID70189210 DTXSID70459804 DTXSID70886212 DTXSID60299079 DTXSID90791516 DTXSID00407338 DTXSID30535875 DTXSID90532289 DTXSID20750474 DTXSID90846131 DTXSID40630966 DTXSID70565050 DTXSID00505101 DTXSID90150427 DTXSID70427821 DTXSID80561462 DTXSID00681590
DTXSID70399812	DTXSID70669921 DTXSID80773922 DTXSID00236246 DTXSID40210747 DTXSID30153558 DTXSID00276107 DTXSID80237610 DTXSID10677181 DTXSID40880989 DTXSID60282305 DTXSID80211511 DTXSID70317990 DTXSID00577909 DTXSID80752378 DTXSID40193041 DTXSID60635099 DTXSID60710279 DTXSID30158189 DTXSID60191488 DTXSID80768252
DTXSID10749877	DTXSID20405275 DTXSID40560350 DTXSID00429050 DTXSID00399345 DTXSID10444037 DTXSID20356910 DTXSID50556547 DTXSID50153696 DTXSID20519503 DTXSID80879731 DTXSID60876662 DTXSID80563507 DTXSID30300383 DTXSID50629487 DTXSID30356764 DTXSID60735008 DTXSID20876269 DTXSID20162654 DTXSID80479391 DTXSID10561894
DTXSID40315307	DTXSID70316685 DTXSID90711875 DTXSID90837201 DTXSID50242978 DTXSID60582711 DTXSID40662929 DTXSID40741889 DTXSID30330387 DTXSID50790641 DTXSID90278357 DTXSID60790692 DTXSID70280034 DTXSID10165497 DTXSID30281901 DTXSID40144795 DTXSID80737983 DTXSID60240940 DTXSID40611977 DTXSID60580217 DTXSID50711134
DTXSID70764248	DTXSID40763243 DTXSID80305929 DTXSID70303954 DTXSID20567448 DTXSID70764187 DTXSID40489830 DTXSID0068026 DTXSID20563228 DTXSID80217295 DTXSID10225964 DTXSID80839633 DTXSID60708676 DTXSID90303673 DTXSID00834569 DTXSID80700910 DTXSID20627031 DTXSID60520198 DTXSID50432918 DTXSID00300092 DTXSID90220432
DTXSID90479908	DTXSID30787852 DTXSID90542803 DTXSID90469167 DTXSID90609682 DTXSID10212470 DTXSID10283726 DTXSID80336298 DTXSID20718973 DTXSID90429862 DTXSID90753952 DTXSID60620389 DTXSID00377461 DTXSID70401363 DTXSID00571407 DTXSID30780828 DTXSID30537839 DTXSID70173750 DTXSID70876658 DTXSID40571527 DTXSID50487988
DTXSID60542335	DTXSID40430160 DTXSID50776829 DTXSID40404280 DTXSID10895944 DTXSID10311533 DTXSID10288155 DTXSID60233812 DTXSID80292683 DTXSID80896180 DTXSID10361513 DTXSID9072652 DTXSID10626018 DTXSID50452131 DTXSID30189978 DTXSID20599022 DTXSID60680908 DTXSID30173276 DTXSID20216666 DTXSID40516574 DTXSID80625119
DTXSID90227249	DTXSID90668739 DTXSID50425981 DTXSID40741081 DTXSID70657702 DTXSID20364156 DTXSID80234861 DTXSID40645570 DTXSID00188155 DTXSID20216883 DTXSID40622548 DTXSID4068533 DTXSID70618696 DTXSID70424335 DTXSID70383670 DTXSID00645617 DTXSID20720415 DTXSID80196273 DTXSID30234336 DTXSID50808356 DTXSID10167254
DTXSID50780365	DTXSID40789867 DTXSID80830605 DTXSID20888665 DTXSID60605217 DTXSID40830606 DTXSID70790805 DTXSID10805149 DTXSID50533959 DTXSID00804404 DTXSID60823212 DTXSID50812175 DTXSID70785433 DTXSID70768084 DTXSID30805762 DTXSID10819029 DTXSID80634549 DTXSID50759096 DTXSID20179000 DTXSID50730860 DTXSID40163668
DTXSID3068592	DTXSID50274133 DTXSID30772364 DTXSID40832084 DTXSID20324518 DTXSID80457932 DTXSID60175162 DTXSID70651068 DTXSID90605508 DTXSID40415917 DTXSID10343637 DTXSID50596746 DTXSID40652067 DTXSID60615215 DTXSID60707361 DTXSID20857154 DTXSID70478257 DTXSID50604173 DTXSID60467599 DTXSID30306426 DTXSID10483325
DTXSID60887995	DTXSID50423907 DTXSID20454682 DTXSID6070560 DTXSID60499097 DTXSID60834161 DTXSID10647309 DTXSID20675239 DTXSID00203059 DTXSID50858836 DTXSID90445022 DTXSID90284610 DTXSID70743932 DTXSID40820608 DTXSID30815008 DTXSID70563071 DTXSID10145133 DTXSID80399161 DTXSID80541481 DTXSID20554217 DTXSID20737725
DTXSID50412755	DTXSID30636396 DTXSID20770410 DTXSID20406545 DTXSID70287543 DTXSID00402085 DTXSID10471025 DTXSID70886858 DTXSID50437069 DTXSID70820898 DTXSID50227583 DTXSID40310872 DTXSID80190337 DTXSID70185176 DTXSID50697207 DTXSID10732825 DTXSID40670741 DTXSID70710422 DTXSID50306463 DTXSID90626596 DTXSID40430266
DTXSID80340113	DTXSID4052051 DTXSID20342651 DTXSID60202720 DTXSID10567932 DTXSID20478080 DTXSID90339518 DTXSID90520888 DTXSID70826875 DTXSID70518021 DTXSID2059275 DTXSID00334771 DTXSID40343786 DTXSID90514803 DTXSID2037714 DTXSID90294037 DTXSID60524616 DTXSID00550772 DTXSID10655964 DTXSID80615616 DTXSID70285706
DTXSID70397414	DTXSID20346058 DTXSID4059251 DTXSID50315232 DTXSID20228325 DTXSID70548964 DTXSID30806976 DTXSID30804639 DTXSID90794901 DTXSID20465778 DTXSID80377186 DTXSID50379475 DTXSID00447830 DTXSID70186380 DTXSID80218944 DTXSID70536164 DTXSID20619259 DTXSID50527373 DTXSID80561866 DTXSID90767216 DTXSID80796772
DTXSID80462369	DTXSID60503446 DTXSID40348579 DTXSID50342306 DTXSID70608916 DTXSID40192418 DTXSID70428712 DTXSID20509580 DTXSID80595505 DTXSID70341093 DTXSID20707948 DTXSID30624172 DTXSID60482060 DTXSID80655638 DTXSID80485831 DTXSID90390240 DTXSID20506514 DTXSID80348497 DTXSID40613335 DTXSID70652898 DTXSID50508400
DTXSID60611979	DTXSID70467883 DTXSID20217653 DTXSID4063870 DTXSID00200462 DTXSID40286023 DTXSID30893008 DTXSID8034746 DTXSID80723124 DTXSID00231493 DTXSID80599947 DTXSID20800625 DTXSID90199836 DTXSID30815164 DTXSID00337085 DTXSID00750538 DTXSID70765270 DTXSID10728622 DTXSID80327409 DTXSID80768398 DTXSID30234270
DTXSID50410539	DTXSID50783437 DTXSID90404730 DTXSID5047114 DTXSID70751310 DTXSID60598059 DTXSID1066239 DTXSID30770365 DTXSID00559144 DTXSID80576899 DTXSID50757335 DTXSID80560258 DTXSID80195044 DTXSID90302606 DTXSID40208523 DTXSID6063511 DTXSID60288589 DTXSID20195063 DTXSID10783438 DTXSID00775887 DTXSID5062398
DTXSID80446866	DTXSID7067089 DTXSID10368683 DTXSID40288087 DTXSID80815270 DTXSID40367063 DTXSID60395601 DTXSID00818920 DTXSID40326877 DTXSID30831086 DTXSID80351906 DTXSID80563921 DTXSID90571976 DTXSID00446909 DTXSID10886357 DTXSID70485608 DTXSID70651568 DTXSID50383592 DTXSID10787971 DTXSID10399275 DTXSID60557242
DTXSID10795415	DTXSID00522176 DTXSID20392636 DTXSID70670451 DTXSID20826289 DTXSID20538830 DTXSID60177085 DTXSID50654936 DTXSID40187824 DTXSID60638580 DTXSID50888532 DTXSID70396402 DTXSID40176910 DTXSID60747202 DTXSID80783400 DTXSID70535950 DTXSID40674047 DTXSID10669723 DTXSID10225444 DTXSID40751463 DTXSID10673926
DTXSID30734205	DTXSID20830144 DTXSID00502372 DTXSID50497183 DTXSID10867661 DTXSID80289457 DTXSID10552267 DTXSID00418545 DTXSID00559245 DTXSID00865494 DTXSID50835107 DTXSID40452140 DTXSID00651859 DTXSID90524487 DTXSID40191426 DTXSID00390094 DTXSID9025403 DTXSID60307320 DTXSID10481523 DTXSID90547999 DTXSID40289458
DTXSID00593846	DTXSID30792724 DTXSID00441090 DTXSID50876015 DTXSID00493150 DTXSID40785682 DTXSID20681875 DTXSID30321477 DTXSID70744348 DTXSID40243939 DTXSID30160883 DTXSID10803544 DTXSID00229310 DTXSID30473526 DTXSID50595274 DTXSID90657446 DTXSID30403500 DTXSID70189210 DTXSID80295957 DTXSID90510688 DTXSID40287813
DTXSID20676867	DTXSID50464178 DTXSID60612426 DTXSID40462946 DTXSID6020012 DTXSID70781915 DTXSID00664580 DTXSID9072652 DTXSID20514770 DTXSID50342189 DTXSID80896180 DTXSID60618529 DTXSID10565317 DTXSID40195121 DTXSID50452131 DTXSID00508773 DTXSID60351681 DTXSID40222542 DTXSID80354275 DTXSID20168772 DTXSID30343058
DTXSID90804993	DTXSID00430025 DTXSID90553131 DTXSID40828260 DTXSID70810274 DTXSID70197512 DTXSID9057979 DTXSID00386154 DTXSID40243434 DTXSID70819621 DTXSID70567079 DTXSID00568892 DTXSID40309701 DTXSID10756521 DTXSID10792868 DTXSID20428464 DTXSID20144415 DTXSID80406844 DTXSID2073720 DTXSID70808676 DTXSID60597325
DTXSID80315841	DTXSID50240176 DTXSID40329005 DTXSID00830884 DTXSID60826127 DTXSID50841546 DTXSID00592273 DTXSID80833590 DTXSID40615076 DTXSID50786261 DTXSID50830455 DTXSID90415609 DTXSID70746584 DTXSID30415608 DTXSID4057716 DTXSID40821493 DTXSID40800687 DTXSID90554224 DTXSID90298272 DTXSID00343121 DTXSID80579724
DTXSID30635122	DTXSID60514936 DTXSID00837035 DTXSID30506823 DTXSID20740779 DTXSID10403725 DTXSID30323618 DTXSID50450374 DTXSID90623222 DTXSID20336196 DTXSID1066786 DTXSID30460875 DTXSID00421433 DTXSID70513854 DTXSID30418073 DTXSID90407241 DTXSID20380033 DTXSID30343396 DTXSID70734123 DTXSID40697812 DTXSID10761256
DTXSID70720187	DTXSID90772360 DTXSID80671813 DTXSID90567930 DTXSID80212043 DTXSID50427884 DTXSID90824055 DTXSID90604177 DTXSID60762319 DTXSID50341258 DTXSID30595277 DTXSID40481576 DTXSID20662927 DTXSID90650396 DTXSID00219099 DTXSID80772016 DTXSID90653105 DTXSID30510223 DTXSID50528446 DTXSID50682193 DTXSID50179351
DTXSID60492366	DTXSID30642078 DTXSID80725148 DTXSID50803285 DTXSID40165465 DTXSID20342757 DTXSID30805005 DTXSID30480932 DTXSID80694683 DTXSID90515835 DTXSID00725569 DTXSID80565980 DTXSID10238817 DTXSID50478391 DTXSID80598016 DTXSID40675519 DTXSID60832561 DTXSID20545827 DTXSID40344319 DTXSID70302644 DTXSID80726812
DTXSID20307381	DTXSID40694669 DTXSID40403172 DTXSID10406892 DTXSID40286260 DTXSID80748231 DTXSID50735557 DTXSID70566264 DTXSID60144510 DTXSID10364125 DTXSID60533187 DTXSID60301085 DTXSID10473549 DTXSID60439599 DTXSID10177959 DTXSID90489385 DTXSID80742936 DTXSID00651975 DTXSID60661131 DTXSID40359589 DTXSID3042506
DTXSID80738591	DTXSID20567509 DTXSID80782812 DTXSID80545565 DTXSID20477457 DTXSID70343335 DTXSID40483212 DTXSID00843479 DTXSID10485607 DTXSID30631149 DTXSID80471779 DTXSID10884631 DTXSID20527587 DTXSID00615431 DTXSID80483211 DTXSID80196490 DTXSID90353214 DTXSID90302707 DTXSID60675172 DTXSID2051978 DTXSID20211050
DTXSID10455027	DTXSID40670408 DTXSID50565977 DTXSID10547456 DTXSID80401773 DTXSID80509384 DTXSID30534449 DTXSID30453484 DTXSID40474029 DTXSID40705360 DTXSID40610021 DTXSID10241407 DTXSID40380277 DTXSID40593340 DTXSID20506014 DTXSID60533889 DTXSID30796606 DTXSID50195879 DTXSID20350337 DTXSID30642134 DTXSID40321226
DTXSID70534660	DTXSID70496097 DTXSID20739229 DTXSID90728665 DTXSID10527213 DTXSID40854463 DTXSID00598513 DTXSID90215565 DTXSID30874352 DTXSID10403129 DTXSID30589575 DTXSID80524375 DTXSID10440059 DTXSID20587863 DTXSID40358330 DTXSID20886929 DTXSID80765908 DTXSID60876900 DTXSID90280672 DTXSID6024337 DTXSID70670577
DTXSID30662498	DTXSID3060667 DTXSID60874628 DTXSID70848835 DTXSID10470659 DTXSID80709549 DTXSID00854782 DTXSID90738901 DTXSID10448999 DTXSID40719149 DTXSID60430268 DTXSID10606310 DTXSID00813511 DTXSID00678763 DTXSID90751271 DTXSID20701062 DTXSID30336223 DTXSID2041202 DTXSID80241994 DTXSID30400357 DTXSID30294197
DTXSID00712313	DTXSID10294599 DTXSID40161482 DTXSID10784768 DTXSID90398908 DTXSID30676414 DTXSID00680048 DTXSID70393719 DTXSID20198655 DTXSID40532698 DTXSID80699299 DTXSID00672827 DTXSID70212037 DTXSID90182107 DTXSID50527333 DTXSID40508272 DTXSID00186176 DTXSID80206088 DTXSID20352578 DTXSID00317504 DTXSID60188272
DTXSID90825880	DTXSID50365777 DTXSID50761013 DTXSID10145133 DTXSID50703291 DTXSID10615447 DTXSID70563071 DTXSID80733465 DTXSID00701883 DTXSID50858836 DTXSID00203059 DTXSID00715541 DTXSID4041232 DTXSID4059540 DTXSID00507064 DTXSID70743932 DTXSID20540059 DTXSID40163406 DTXSID20740698 DTXSID50862599 DTXSID00616882
DTXSID30710786	DTXSID90759777 DTXSID10767839 DTXSID20544754 DTXSID50767838 DTXSID50782980 DTXSID30147033 DTXSID10699585 DTXSID20242945 DTXSID20181421 DTXSID80761743 DTXSID70450674 DTXSID10886074 DTXSID10824153 DTXSID60872285 DTXSID80336930 DTXSID40195666 DTXSID20755202 DTXSID00181227 DTXSID60822902 DTXSID7072040
DTXSID60512533	DTXSID10621200 DTXSID80684347 DTXSID10288170 DTXSID90674537 DTXSID60813951 DTXSID40719260 DTXSID80593541 DTXSID90291526 DTXSID30827181 DTXSID50190364 DTXSID30542746 DTXSID20394832 DTXSID90663466 DTXSID70657121 DTXSID30857029 DTXSID00507084 DTXSID60157009 DTXSID00515240 DTXSID60388210 DTXSID80733122
DTXSID60351601	DTXSID80698227 DTXSID90277769 DTXSID50388582 DTXSID40684101 DTXSID20349428 DTXSID20452921 DTXSID3062029 DTXSID70885523 DTXSID30401122 DTXSID60884207 DTXSID20238601 DTXSID40222542 DTXSID80639958 DTXSID20553205 DTXSID00353104 DTXSID50399774 DTXSID40896121 DTXSID70447701 DTXSID80516533 DTXSID70733712
DTXSID20394832	DTXSID00507084 DTXSID70735498 DTXSID80684347 DTXSID30827181 DTXSID20629934 DTXSID60512533 DTXSID10621200 DTXSID90674537 DTXSID90291526 DTXSID30542746 DTXSID60743643 DTXSID20620805 DTXSID00515240 DTXSID40719260 DTXSID80744470 DTXSID10288170 DTXSID90663466 DTXSID20846260 DTXSID60813951 DTXSID50599959
DTXSID00291855	DTXSID40308254 DTXSID20525200 DTXSID10839444 DTXSID00346298 DTXSID70628795 DTXSID50601243 DTXSID60192657 DTXSID10767591 DTXSID70725612 DTXSID60196094 DTXSID20739784 DTXSID00352617 DTXSID80608826 DTXSID20660908 DTXSID40654925 DTXSID90281785 DTXSID2046836 DTXSID30729499 DTXSID00427450 DTXSID70331217
DTXSID20572976	DTXSID10607802 DTXSID40831916 DTXSID00879470 DTXSID80407255 DTXSID90598663 DTXSID40489330 DTXSID50545799 DTXSID70589594 DTXSID30447287 DTXSID80664341 DTXSID50345554 DTXSID90349172 DTXSID20362556 DTXSID80791282 DTXSID10441061 DTXSID20774958 DTXSID70491880 DTXSID10561894 DTXSID40396237 DTXSID50399370
DTXSID70322827	DTXSID50757835 DTXSID70757074 DTXSID60832940 DTXSID20802604 DTXSID50439346 DTXSID60789344 DTXSID70785433 DTXSID30782781 DTXSID70768084 DTXSID20179000 DTXSID30307135 DTXSID60823212 DTXSID50533959 DTXSID20469635 DTXSID30844232 DTXSID50759096 DTXSID80830605 DTXSID10724149 DTXSID30532369 DTXSID90601904
DTXSID50807309	DTXSID90748989 DTXSID50191730 DTXSID40857297 DTXSID20593989 DTXSID10837763 DTXSID60646089 DTXSID50763875 DTXSID00485176 DTXSID10711857 DTXSID00646740 DTXSID70283005 DTXSID30323219 DTXSID80668581 DTXSID70364525 DTXSID40404068 DTXSID50558329 DTXSID50151738 DTXSID00404887 DTXSID00374031 DTXSID50660774
DTXSID50534148	DTXSID20640866 DTXSID40697155 DTXSID00758317 DTXSID20163722 DTXSID20485153 DTXSID60586219 DTXSID30640913 DTXSID50847765 DTXSID20445999 DTXSID70606538 DTXSID60405779 DTXSID10345757 DTXSID00553187 DTXSID70341018 DTXSID5069912 DTXSID50799997 DTXSID00663053 DTXSID60768295 DTXSID30588169 DTXSID00541362
DTXSID5062425	DTXSID30482754 DTXSID70591172 DTXSID60528538 DTXSID90170084 DTXSID70801288 DTXSID40624744 DTXSID90407180 DTXSID00850007 DTXSID30441386 DTXSID90557492 DTXSID50609340 DTXSID90293828 DTXSID40159763 DTXSID00827012 DTXSID00712999 DTXSID30651120 DTXSID60570299 DTXSID80548536 DTXSID20406242 DTXSID90528945
DTXSID00651975	DTXSID50408597 DTXSID10364125 DTXSID60533187 DTXSID80742936 DTXSID40359589 DTXSID60661131 DTXSID10512301 DTXSID20285195 DTXSID80480780 DTXSID40291475 DTXSID10473549 DTXSID60301085 DTXSID70566264 DTXSID00858129 DTXSID80748231 DTXSID20307381 DTXSID50618174 DTXSID10406892 DTXSID10754289 DTXSID40694669
DTXSID90750941	DTXSID30579431 DTXSID00198037 DTXSID6048888 DTXSID40190999 DTXSID80760271 DTXSID50804838 DTXSID10877629 DTXSID10412998 DTXSID90561099 DTXSID40397845 DTXSID40473875 DTXSID60469452 DTXSID40219538 DTXSID20568798 DTXSID90797093 DTXSID70670234 DTXSID50377476 DTXSID00767500 DTXSID90278413 DTXSID20370398
DTXSID80712154	DTXSID10634274 DTXSID60495337 DTXSID70548989 DTXSID20875878 DTXSID20499770 DTXSID90444156 DTXSID50147050 DTXSID30879706 DTXSID60805533 DTXSID70392328 DTXSID80612887 DTXSID20754836 DTXSID80552613 DTXSID20564316 DTXSID60164793 DTXSID30574885 DTXSID40358239 DTXSID40214669 DTXSID10827381 DTXSID60284925
DTXSID10361270	DTXSID90620534 DTXSID40530331 DTXSID60415939 DTXSID30615328 DTXSID90501470 DTXSID50478058 DTXSID50468535 DTXSID10703373 DTXSID00436880 DTXSID60792898 DTXSID70309077 DTXSID80723765 DTXSID60425730 DTXSID50397735 DTXSID20600723 DTXSID70506822 DTXSID50491545 DTXSID20243255 DTXSID20739168 DTXSID60609316
DTXSID10672873	DTXSID20445797 DTXSID50747579 DTXSID20394317 DTXSID80288283 DTXSID90675064 DTXSID3066267 DTXSID10426095 DTXSID30293963 DTXSID20726376 DTXSID00344971 DTXSID40385722 DTXSID80430144 DTXSID30842718 DTXSID40592792 DTXSID30675048 DTXSID40724874 DTXSID40612666 DTXSID50590547 DTXSID80296964 DTXSID70648998
DTXSID40319825	DTXSID90640813 DTXSID40598698 DTXSID00472844 DTXSID90614711 DTXSID60443631 DTXSID70845046 DTXSID00625732 DTXSID40368631 DTXSID30289801 DTXSID80391327 DTXSID30199991 DTXSID10474339 DTXSID60365925 DTXSID80207111 DTXSID10565357 DTXSID80817057 DTXSID50230830 DTXSID80733122 DTXSID4060739 DTXSID60157009
DTXSID90324449	DTXSID00217873 DTXSID40774819 DTXSID00799866 DTXSID50841228 DTXSID70224791 DTXSID10275540 DTXSID70393496 DTXSID40497511 DTXSID20310138 DTXSID60328237 DTXSID80734038 DTXSID10444416 DTXSID60642223 DTXSID50527333 DTXSID90853663 DTXSID00386558 DTXSID10443964 DTXSID70558604 DTXSID60734738 DTXSID30287665
DTXSID40887796	DTXSID60515882 DTXSID30393871 DTXSID90599953 DTXSID80853814 DTXSID20295330 DTXSID10784248 DTXSID10339095 DTXSID20889036 DTXSID20346750 DTXSID30210675 DTXSID10771451 DTXSID80340739 DTXSID90755850 DTXSID5070602 DTXSID30146203 DTXSID00432064 DTXSID10605267 DTXSID60423817 DTXSID60552474 DTXSID40341646
DTXSID20701062	DTXSID40637430 DTXSID90738901 DTXSID20336777 DTXSID30400357 DTXSID10843167 DTXSID80241994 DTXSID20719162 DTXSID00854782 DTXSID90693561 DTXSID90723953 DTXSID60430268 DTXSID10606310 DTXSID30294197 DTXSID30155633 DTXSID10744741 DTXSID50816451 DTXSID20797647 DTXSID50173692 DTXSID70574283 DTXSID00866926
DTXSID30217881	DTXSID80364915 DTXSID60291290 DTXSID60876849 DTXSID30207606 DTXSID10888412 DTXSID70489489 DTXSID70742607 DTXSID70744343 DTXSID00649796 DTXSID20476965 DTXSID70678917 DTXSID30876412 DTXSID10379299 DTXSID30532480 DTXSID40575409 DTXSID40464728 DTXSID70676812 DTXSID20589741 DTXSID20158431 DTXSID90150922
DTXSID40329005	DTXSID80315841 DTXSID40615076 DTXSID50240176 DTXSID90415609 DTXSID50830455 DTXSID70746584 DTXSID80833590 DTXSID60826127 DTXSID4057716 DTXSID00830884 DTXSID50786261 DTXSID90577150 DTXSID30415608 DTXSID00592273 DTXSID50841546 DTXSID10829820 DTXSID50275680 DTXSID4072813 DTXSID90762382 DTXSID40766118
DTXSID60790258	DTXSID40745100 DTXSID80713888 DTXSID10532468 DTXSID00606642 DTXSID20732412 DTXSID60558138 DTXSID90209803 DTXSID00533141 DTXSID30149274 DTXSID00604441 DTXSID60424420 DTXSID70281485 DTXSID40396919 DTXSID80600986 DTXSID40738597 DTXSID30777990 DTXSID40310256 DTXSID90330909 DTXSID90790605 DTXSID30714365
DTXSID40625933	DTXSID20681991 DTXSID40452221 DTXSID50843904 DTXSID30571112 DTXSID90856710 DTXSID20589443 DTXSID3042180 DTXSID40646289 DTXSID20680929 DTXSID90473163 DTXSID10446950 DTXSID10238817 DTXSID20676923 DTXSID90332584 DTXSID00725569 DTXSID10640133 DTXSID30734407 DTXSID20545827 DTXSID30291383 DTXSID70588229
DTXSID30429503	DTXSID10202674 DTXSID60780199 DTXSID40563189 DTXSID20197406 DTXSID60775681 DTXSID80274202 DTXSID60816366 DTXSID60276143 DTXSID00629477 DTXSID90602057 DTXSID10872659 DTXSID10890999 DTXSID00829132 DTXSID00752951 DTXSID60242747 DTXSID00826560 DTXSID0067503 DTXSID9072527 DTXSID60872285 DTXSID90763152
DTXSID50491545	DTXSID50468535 DTXSID20602343 DTXSID60792898 DTXSID80310179 DTXSID20243255 DTXSID30615328 DTXSID50478058 DTXSID20600723 DTXSID20892085 DTXSID40530331 DTXSID40171566 DTXSID00829056 DTXSID30369516 DTXSID10634416 DTXSID20409415 DTXSID80723765 DTXSID10647703 DTXSID60381185 DTXSID70236692 DTXSID40546790
DTXSID30279207	DTXSID60594132 DTXSID10658632 DTXSID30280515 DTXSID80781567 DTXSID80369627 DTXSID80664447 DTXSID50467003 DTXSID80820804 DTXSID6023315 DTXSID30207525 DTXSID10506866 DTXSID00223095 DTXSID80635011 DTXSID10494052 DTXSID40310175 DTXSID30782766 DTXSID40225492 DTXSID60875877 DTXSID00604345 DTXSID30625664
DTXSID40745084	DTXSID1068302 DTXSID30738485 DTXSID50435964 DTXSID20482723 DTXSID90399319 DTXSID30742724 DTXSID80354371 DTXSID70304724 DTXSID90166301 DTXSID70476117 DTXSID60766978 DTXSID60172570 DTXSID10556407 DTXSID60451877 DTXSID20516815 DTXSID70393678 DTXSID80175169 DTXSID40815675 DTXSID70580985 DTXSID90587653
DTXSID10516208	DTXSID20628588 DTXSID00604183 DTXSID50788144 DTXSID50742468 DTXSID70592609 DTXSID10552787 DTXSID90609465 DTXSID00534259 DTXSID40700158 DTXSID90715717 DTXSID90760646 DTXSID90447349 DTXSID90745079 DTXSID70525891 DTXSID00849057 DTXSID70143155 DTXSID40802181 DTXSID80867496 DTXSID30442510 DTXSID80564296
DTXSID10365950	DTXSID30363675 DTXSID80178953 DTXSID50722189 DTXSID10646473 DTXSID50369735 DTXSID60214045 DTXSID30782468 DTXSID20646505 DTXSID10475068 DTXSID20708778 DTXSID90694856 DTXSID10682417 DTXSID90618092 DTXSID10693482 DTXSID80724732 DTXSID80573166 DTXSID80681992 DTXSID10469624 DTXSID30478859 DTXSID60734410
DTXSID00668225	DTXSID30452058 DTXSID40629214 DTXSID00314154 DTXSID60623592 DTXSID30804992 DTXSID70711914 DTXSID90290650 DTXSID40560431 DTXSID80734290 DTXSID00650185 DTXSID40597080 DTXSID70543696 DTXSID00832287 DTXSID30853743 DTXSID30628918 DTXSID00444369 DTXSID50215829 DTXSID20575982 DTXSID50705639 DTXSID90681564
DTXSID70442433	DTXSID30370783 DTXSID50633221 DTXSID00559664 DTXSID50342720 DTXSID20345349 DTXSID40496029 DTXSID30646758 DTXSID8067602 DTXSID90646350 DTXSID10646251 DTXSID50212651 DTXSID90602855 DTXSID40857535 DTXSID40365226 DTXSID50743874 DTXSID30236037 DTXSID50346844 DTXSID30837225 DTXSID00515588 DTXSID80648161
DTXSID50681767	DTXSID80154818 DTXSID20680303 DTXSID20883175 DTXSID80279772 DTXSID40649795 DTXSID10186102 DTXSID50453481 DTXSID40237176 DTXSID20391189 DTXSID80661234 DTXSID50175277 DTXSID80831692 DTXSID70623684 DTXSID80349606 DTXSID80292582 DTXSID60150590 DTXSID00662940 DTXSID10160386 DTXSID40700572 DTXSID00374652
DTXSID80896180	DTXSID9072652 DTXSID10311533 DTXSID10895944 DTXSID50342189 DTXSID30479725 DTXSID00508773 DTXSID10288155 DTXSID10565317 DTXSID60542335 DTXSID40430160 DTXSID40404280 DTXSID20676867 DTXSID50452131 DTXSID20514770 DTXSID60351681 DTXSID70781915 DTXSID50464178 DTXSID60618529 DTXSID00664580 DTXSID80292683
DTXSID20705520	DTXSID70314323 DTXSID70810991 DTXSID50808230 DTXSID40701504 DTXSID20535420 DTXSID90396222 DTXSID40827091 DTXSID80727324 DTXSID90396969 DTXSID10301237 DTXSID30194007 DTXSID00190172 DTXSID30555654 DTXSID50734328 DTXSID50733639 DTXSID50497865 DTXSID50623167 DTXSID40646461 DTXSID50289141 DTXSID60840989
DTXSID50739176	DTXSID70327438 DTXSID70412616 DTXSID30772304 DTXSID20222681 DTXSID70559595 DTXSID60227594 DTXSID90585659 DTXSID70433149 DTXSID10542067 DTXSID90425687 DTXSID70317233 DTXSID40883091 DTXSID50613806 DTXSID90847724 DTXSID50857460 DTXSID50840074 DTXSID10718306 DTXSID40760656 DTXSID10182583 DTXSID30630197
DTXSID20321380	DTXSID00462285 DTXSID10371591 DTXSID70674131 DTXSID70791175 DTXSID40295857 DTXSID90182288 DTXSID50607326 DTXSID60368299 DTXSID50844436 DTXSID00390958 DTXSID50863142 DTXSID70562589 DTXSID80343528 DTXSID8036653 DTXSID90624976 DTXSID90578445 DTXSID50404332 DTXSID40533943 DTXSID80360679 DTXSID60707341
DTXSID40518199	DTXSID90878937 DTXSID30509975 DTXSID40511640 DTXSID70879689 DTXSID50672276 DTXSID60591924 DTXSID60818360 DTXSID50393757 DTXSID00472607 DTXSID20324255 DTXSID30505119 DTXSID00836164 DTXSID60591944 DTXSID40427616 DTXSID70385795 DTXSID30295169 DTXSID10307178 DTXSID60813496 DTXSID00308639 DTXSID20660963
DTXSID20460561	DTXSID60299094 DTXSID60305467 DTXSID70665004 DTXSID60545866 DTXSID30321194 DTXSID30176383 DTXSID10342286 DTXSID80597680 DTXSID70326042 DTXSID10840459 DTXSID70300064 DTXSID40681458 DTXSID90434618 DTXSID70593353 DTXSID40352676 DTXSID50214857 DTXSID70344408 DTXSID30423223 DTXSID20441052 DTXSID90444156
DTXSID60645335	DTXSID80499392 DTXSID40214245 DTXSID90635143 DTXSID90412517 DTXSID50160901 DTXSID40299936 DTXSID20289310 DTXSID00153121 DTXSID00620621 DTXSID50736766 DTXSID70563218 DTXSID00876464 DTXSID80367027 DTXSID90517016 DTXSID20673937 DTXSID20837330 DTXSID30237408 DTXSID1073367 DTXSID00366613 DTXSID10150984
DTXSID30566624	DTXSID00440467 DTXSID40663532 DTXSID80498486 DTXSID3044918 DTXSID00373721 DTXSID50302763 DTXSID00480065 DTXSID60475730 DTXSID50853725 DTXSID80655638 DTXSID10453169 DTXSID20506514 DTXSID20467313 DTXSID30554167 DTXSID80348497 DTXSID30418775 DTXSID20443697 DTXSID70774943 DTXSID00295277 DTXSID30811020
DTXSID50277740	DTXSID50278717 DTXSID40474221 DTXSID70606674 DTXSID10516460 DTXSID10811386 DTXSID40221893 DTXSID50354606 DTXSID70835068 DTXSID10380522 DTXSID70667260 DTXSID40885595 DTXSID80618687 DTXSID10803882 DTXSID20656109 DTXSID80522659 DTXSID70526161 DTXSID00543245 DTXSID90474074 DTXSID40591346 DTXSID00489119
DTXSID10461224	DTXSID80604429 DTXSID70812839 DTXSID20879533 DTXSID00192393 DTXSID00371020 DTXSID60808645 DTXSID10794125 DTXSID10737693 DTXSID70157833 DTXSID60532913 DTXSID70733712 DTXSID00569783 DTXSID80652167 DTXSID40232909 DTXSID90676834 DTXSID90274879 DTXSID90668592 DTXSID50683468 DTXSID80509162 DTXSID70453488
DTXSID50618790	DTXSID10511778 DTXSID60278708 DTXSID60544819 DTXSID10772064 DTXSID40420561 DTXSID40821059 DTXSID80588154 DTXSID30843725 DTXSID90408415 DTXSID00512653 DTXSID90530760 DTXSID40217079 DTXSID60537100 DTXSID20738797 DTXSID40750774 DTXSID70317253 DTXSID00755947 DTXSID90329050 DTXSID40876463 DTXSID00408603
DTXSID10519254	DTXSID10452955 DTXSID60800068 DTXSID90848559 DTXSID10733074 DTXSID70708324 DTXSID2072881 DTXSID80299970 DTXSID20656366 DTXSID70408650 DTXSID40407377 DTXSID80640201 DTXSID10343814 DTXSID40446064 DTXSID70611081 DTXSID60536719 DTXSID20439196 DTXSID70647688 DTXSID00725605 DTXSID60327528 DTXSID60550096
DTXSID10364029	DTXSID20483593 DTXSID70513637 DTXSID60503325 DTXSID80407659 DTXSID40623494 DTXSID40371741 DTXSID30462596 DTXSID80670922 DTXSID50383092 DTXSID50778944 DTXSID80619210 DTXSID80175922 DTXSID1063435 DTXSID00186358 DTXSID90592505 DTXSID40354256 DTXSID90625201 DTXSID60646468 DTXSID30651887 DTXSID30595075
DTXSID40734716	DTXSID80481954 DTXSID70395576 DTXSID90892294 DTXSID20316332 DTXSID00359060 DTXSID20424946 DTXSID10394881 DTXSID50350724 DTXSID00154815 DTXSID20603350 DTXSID70896038 DTXSID20799641 DTXSID80737281 DTXSID50659820 DTXSID20155783 DTXSID10291624 DTXSID50704445 DTXSID80397783 DTXSID30717058 DTXSID40176334
DTXSID20200005	DTXSID90424554 DTXSID00341268 DTXSID80241717 DTXSID00206505 DTXSID50436936 DTXSID20481099 DTXSID50762101 DTXSID00565689 DTXSID10809501 DTXSID40406623 DTXSID00579281 DTXSID30852630 DTXSID20159342 DTXSID30563198 DTXSID80175861 DTXSID90485226 DTXSID10302946 DTXSID90446897 DTXSID10237007 DTXSID10292631
DTXSID30462975	DTXSID20556857 DTXSID60663554 DTXSID40758639 DTXSID80856466 DTXSID70569452 DTXSID70455785 DTXSID60630226 DTXSID60312318 DTXSID50855981 DTXSID20590599 DTXSID90406890 DTXSID50803285 DTXSID60390974 DTXSID30805005 DTXSID50515836 DTXSID00501648 DTXSID40656126 DTXSID80295533 DTXSID90515835 DTXSID20729766
DTXSID70436675	DTXSID00443695 DTXSID60390353 DTXSID00509528 DTXSID50885905 DTXSID50563135 DTXSID40513801 DTXSID80304871 DTXSID30549811 DTXSID40741864 DTXSID80527407 DTXSID20505981 DTXSID40620483 DTXSID10692879 DTXSID30790189 DTXSID80284760 DTXSID20386156 DTXSID70519199 DTXSID90519676 DTXSID20747682 DTXSID90873624
DTXSID30541491	DTXSID50433142 DTXSID10726820 DTXSID00650544 DTXSID40657274 DTXSID00661216 DTXSID9021712 DTXSID80604707 DTXSID30452775 DTXSID10325094 DTXSID50849961 DTXSID40414687 DTXSID90185370 DTXSID10364382 DTXSID30756543 DTXSID10371692 DTXSID30553130 DTXSID70397570 DTXSID20144394 DTXSID80572891 DTXSID80756058
DTXSID90406754	DTXSID20471031 DTXSID90579073 DTXSID70339011 DTXSID30376220 DTXSID80578838 DTXSID3074072 DTXSID00505505 DTXSID10465429 DTXSID50576684 DTXSID70491845 DTXSID40543204 DTXSID10780048 DTXSID8069565 DTXSID20678220 DTXSID90467087 DTXSID70727494 DTXSID90513917 DTXSID00514839 DTXSID60704259 DTXSID20790370
DTXSID30578202	DTXSID60561925 DTXSID80821492 DTXSID00707845 DTXSID60730634 DTXSID80284205 DTXSID80768252 DTXSID70274817 DTXSID60191488 DTXSID8070960 DTXSID00853295 DTXSID50724507 DTXSID60243779 DTXSID50774446 DTXSID10648912 DTXSID80752378 DTXSID40880500 DTXSID30694012 DTXSID6039685 DTXSID80853470 DTXSID00769261
DTXSID10752705	DTXSID50233720 DTXSID60791689 DTXSID80503882 DTXSID30751750 DTXSID70876552 DTXSID00511303 DTXSID10400618 DTXSID50460918 DTXSID60633636 DTXSID80819899 DTXSID30673827 DTXSID70659620 DTXSID70443223 DTXSID90490436 DTXSID20374336 DTXSID20697072 DTXSID70484651 DTXSID90505372 DTXSID1058393 DTXSID40328396
DTXSID50354606	DTXSID70835068 DTXSID50278717 DTXSID80618687 DTXSID40551980 DTXSID70606674 DTXSID50682239 DTXSID50277740 DTXSID90473582 DTXSID10433567 DTXSID60363224 DTXSID10380522 DTXSID90509133 DTXSID70447286 DTXSID10175637 DTXSID90763758 DTXSID70637802 DTXSID30460633 DTXSID50455440 DTXSID10311119 DTXSID90845265
DTXSID50601344	DTXSID60664208 DTXSID20666384 DTXSID90218415 DTXSID10289940 DTXSID40549529 DTXSID70197592 DTXSID00429272 DTXSID50368041 DTXSID20172415 DTXSID70730968 DTXSID30153356 DTXSID30418917 DTXSID10879688 DTXSID30679061 DTXSID10696599 DTXSID90618678 DTXSID00218749 DTXSID60697394 DTXSID80650360 DTXSID90279182
DTXSID50841309	DTXSID10280659 DTXSID20679136 DTXSID70693201 DTXSID00183887 DTXSID00542450 DTXSID20378692 DTXSID40659692 DTXSID30537475 DTXSID40607855 DTXSID90323199 DTXSID90802010 DTXSID60546777 DTXSID90507013 DTXSID90850894 DTXSID20867834 DTXSID60727382 DTXSID40451698 DTXSID70399413 DTXSID70856511 DTXSID50404554
DTXSID90301614	DTXSID40516559 DTXSID90352964 DTXSID00292206 DTXSID40309307 DTXSID30818135 DTXSID80563204 DTXSID40664842 DTXSID90303658 DTXSID70365476 DTXSID90766406 DTXSID10734102 DTXSID60408361 DTXSID80211632 DTXSID80172734 DTXSID50228333 DTXSID80724191 DTXSID40278382 DTXSID90445749 DTXSID80621994 DTXSID70214475
DTXSID30403500	DTXSID00229310 DTXSID70744348 DTXSID10427188 DTXSID40785682 DTXSID90535053 DTXSID30321477 DTXSID00493150 DTXSID90656353 DTXSID30792724 DTXSID50397371 DTXSID60829754 DTXSID60836802 DTXSID40243939 DTXSID40659632 DTXSID90349995 DTXSID00593846 DTXSID20681875 DTXSID10590306 DTXSID70189210 DTXSID00216765
DTXSID90680572	DTXSID60757684 DTXSID80744157 DTXSID60848460 DTXSID40787722 DTXSID10700589 DTXSID50841824 DTXSID00513589 DTXSID80378714 DTXSID20559702 DTXSID60527804 DTXSID30178928 DTXSID40829772 DTXSID20641272 DTXSID00721061 DTXSID00373802 DTXSID30848472 DTXSID70548767 DTXSID10484650 DTXSID40607633 DTXSID80297436
DTXSID20199061	DTXSID30196965 DTXSID70891942 DTXSID30796242 DTXSID1069825 DTXSID40835535 DTXSID50456093 DTXSID00160532 DTXSID10503471 DTXSID50828135 DTXSID00527666 DTXSID00577909 DTXSID4063614 DTXSID60277236 DTXSID20210280 DTXSID60562871 DTXSID10206612 DTXSID80847470 DTXSID80198156 DTXSID40818368 DTXSID1041398
DTXSID70543979	DTXSID60599086 DTXSID50379475 DTXSID90152880 DTXSID40494722 DTXSID20346058 DTXSID70507379 DTXSID30804639 DTXSID10359430 DTXSID50527373 DTXSID30525099 DTXSID50404433 DTXSID70630333 DTXSID70307316 DTXSID00330692 DTXSID50315232 DTXSID00589805 DTXSID20676827 DTXSID00326196 DTXSID00370699 DTXSID20619259
DTXSID20678220	DTXSID80578838 DTXSID70339011 DTXSID90579073 DTXSID00338335 DTXSID30600178 DTXSID40507649 DTXSID10491920 DTXSID70491845 DTXSID20471031 DTXSID80516331 DTXSID8069565 DTXSID40359221 DTXSID50337419 DTXSID10465429 DTXSID00484583 DTXSID0065933 DTXSID40543204 DTXSID30616431 DTXSID50778606 DTXSID80627658
DTXSID50562800	DTXSID50343292 DTXSID10443666 DTXSID90707415 DTXSID00202365 DTXSID90759515 DTXSID4047541 DTXSID20627495 DTXSID90339295 DTXSID50425022 DTXSID10214196 DTXSID20456106 DTXSID60447573 DTXSID90291501 DTXSID00652780 DTXSID00445639 DTXSID00848106 DTXSID90720189 DTXSID70849923 DTXSID30791772 DTXSID10538021
DTXSID50573193	DTXSID20669335 DTXSID0047741 DTXSID00176173 DTXSID30347430 DTXSID90738906 DTXSID00223994 DTXSID40379404 DTXSID80407876 DTXSID70560040 DTXSID80201174 DTXSID60550733 DTXSID10626775 DTXSID00550732 DTXSID30201402 DTXSID30453383 DTXSID2022127 DTXSID70886030 DTXSID50342467 DTXSID0044153 DTXSID80783708
DTXSID30827181	DTXSID30542746 DTXSID10621200 DTXSID90291526 DTXSID90705153 DTXSID20629934 DTXSID60512533 DTXSID10288170 DTXSID90674537 DTXSID00507084 DTXSID70657121 DTXSID90748782 DTXSID20394832 DTXSID80684347 DTXSID20827933 DTXSID40719260 DTXSID60835436 DTXSID60373409 DTXSID50599959 DTXSID60813951 DTXSID80593541
DTXSID70717870	DTXSID00649599 DTXSID0070784 DTXSID70592149 DTXSID90328740 DTXSID40677331 DTXSID30235823 DTXSID70888756 DTXSID90778569 DTXSID90808911 DTXSID70396402 DTXSID20538830 DTXSID9044293 DTXSID50731357 DTXSID90217423 DTXSID90572428 DTXSID80562398 DTXSID90330222 DTXSID50654936 DTXSID40751463 DTXSID10700887
DTXSID20805731	DTXSID80238102 DTXSID80639059 DTXSID10390348 DTXSID20737725 DTXSID20525381 DTXSID20744171 DTXSID90284610 DTXSID20554217 DTXSID80541481 DTXSID40820608 DTXSID30333176 DTXSID90445022 DTXSID60499097 DTXSID6044648 DTXSID40408203 DTXSID40641234 DTXSID80506732 DTXSID60471398 DTXSID60834161 DTXSID10667542
DTXSID40210747	DTXSID70669921 DTXSID00276107 DTXSID00236246 DTXSID40880989 DTXSID60282305 DTXSID10677181 DTXSID40193041 DTXSID70399812 DTXSID80211511 DTXSID60710279 DTXSID70317990 DTXSID2070421 DTXSID60635099 DTXSID30158189 DTXSID40867432 DTXSID80752378 DTXSID80237610 DTXSID70395056 DTXSID20834925 DTXSID20808722
DTXSID20896184	DTXSID20296241 DTXSID70615746 DTXSID40387802 DTXSID90295367 DTXSID20392196 DTXSID50300204 DTXSID00532750 DTXSID90195772 DTXSID00585105 DTXSID60193826 DTXSID90841565 DTXSID20405250 DTXSID00841995 DTXSID40806821 DTXSID10696352 DTXSID90371170 DTXSID20720470 DTXSID80645236 DTXSID70368043 DTXSID50725615
DTXSID40616169	DTXSID00281357 DTXSID30704064 DTXSID20765467 DTXSID30638436 DTXSID10634214 DTXSID10658374 DTXSID40211794 DTXSID30174849 DTXSID70670234 DTXSID60795809 DTXSID70849943 DTXSID90660374 DTXSID50304964 DTXSID80345805 DTXSID90714886 DTXSID00828564 DTXSID50722124 DTXSID00744553 DTXSID20642441 DTXSID40397845
DTXSID10533314	DTXSID20595680 DTXSID80320773 DTXSID60476747 DTXSID80170790 DTXSID10593776 DTXSID80568895 DTXSID60415535 DTXSID10389373 DTXSID00659436 DTXSID60592557 DTXSID40561387 DTXSID90284478 DTXSID30375511 DTXSID90625943 DTXSID60557545 DTXSID60298688 DTXSID80626883 DTXSID70342328 DTXSID00703665 DTXSID30357635
DTXSID9058155	DTXSID10463324 DTXSID20785226 DTXSID50879743 DTXSID80704312 DTXSID60603455 DTXSID90343534 DTXSID40279773 DTXSID00323564 DTXSID20707923 DTXSID40456163 DTXSID90439183 DTXSID90628893 DTXSID90320648 DTXSID30460577 DTXSID70357452 DTXSID20572759 DTXSID20636340 DTXSID30344888 DTXSID50375432 DTXSID10441061
DTXSID60211832	DTXSID50812918 DTXSID30479922 DTXSID60842544 DTXSID20485153 DTXSID30556343 DTXSID00541362 DTXSID50553950 DTXSID20640866 DTXSID80788253 DTXSID70589837 DTXSID90622179 DTXSID10561975 DTXSID00278323 DTXSID50370902 DTXSID00705785 DTXSID20403231 DTXSID50335233 DTXSID10803483 DTXSID40382933 DTXSID40811253
DTXSID10287587	DTXSID30218010 DTXSID10672237 DTXSID00856726 DTXSID00625858 DTXSID30855949 DTXSID90787550 DTXSID20500274 DTXSID20671211 DTXSID30673064 DTXSID60296149 DTXSID30466650 DTXSID60204461 DTXSID10454010 DTXSID30187171 DTXSID60641014 DTXSID40747321 DTXSID80593349 DTXSID20437475 DTXSID20626403 DTXSID00466667
DTXSID80548314	DTXSID80184812 DTXSID70855660 DTXSID40385722 DTXSID20284800 DTXSID40562677 DTXSID40592792 DTXSID00296961 DTXSID30855727 DTXSID70580369 DTXSID60494921 DTXSID40724874 DTXSID80430902 DTXSID20204487 DTXSID40647635 DTXSID60437297 DTXSID20804840 DTXSID10310263 DTXSID50326520 DTXSID10426095 DTXSID60813198
DTXSID10440756	DTXSID80724631 DTXSID60729821 DTXSID40423173 DTXSID90474150 DTXSID20462242 DTXSID50310222 DTXSID80451430 DTXSID50638155 DTXSID20542811 DTXSID20442145 DTXSID1072260 DTXSID50310126 DTXSID90379454 DTXSID20723749 DTXSID70674474 DTXSID70736561 DTXSID70672475 DTXSID10571610 DTXSID30645342 DTXSID80514418
DTXSID40791662	DTXSID00716235 DTXSID10497361 DTXSID70509818 DTXSID00489694 DTXSID40550190 DTXSID20379280 DTXSID40399561 DTXSID60527743 DTXSID80657334 DTXSID70554121 DTXSID50855769 DTXSID70226876 DTXSID30844994 DTXSID10189714 DTXSID50705750 DTXSID80223154 DTXSID70766141 DTXSID80753941 DTXSID80648242 DTXSID50293203
DTXSID00576694	DTXSID40340250 DTXSID40786952 DTXSID10558300 DTXSID10876652 DTXSID10820953 DTXSID20578493 DTXSID70296791 DTXSID50602699 DTXSID90284453 DTXSID60172090 DTXSID90794901 DTXSID20677536 DTXSID90238173 DTXSID40415351 DTXSID70186380 DTXSID80456122 DTXSID10672419 DTXSID20612189 DTXSID10455688 DTXSID30510687
DTXSID50190364	DTXSID30857029 DTXSID40719260 DTXSID90674537 DTXSID90663466 DTXSID10288170 DTXSID90291526 DTXSID20589302 DTXSID80593541 DTXSID10399659 DTXSID20542199 DTXSID00515240 DTXSID60512533 DTXSID80733122 DTXSID80684347 DTXSID80506515 DTXSID10621200 DTXSID80676828 DTXSID60388210 DTXSID00488824 DTXSID60157009
DTXSID90362083	DTXSID80666542 DTXSID50368506 DTXSID70705772 DTXSID20310830 DTXSID10366846 DTXSID90548921 DTXSID90284776 DTXSID20168772 DTXSID70353797 DTXSID40406567 DTXSID00429853 DTXSID40187829 DTXSID50452131 DTXSID40244168 DTXSID90234635 DTXSID00520894 DTXSID20354471 DTXSID10589058 DTXSID30505255 DTXSID20642128
DTXSID00764377	DTXSID10279164 DTXSID20776896 DTXSID5061085 DTXSID80884461 DTXSID60749867 DTXSID10852012 DTXSID40869951 DTXSID8061212 DTXSID20469635 DTXSID10224790 DTXSID80756710 DTXSID80185869 DTXSID00787248 DTXSID20558952 DTXSID80234563 DTXSID40706170 DTXSID10322826 DTXSID60789344 DTXSID60798678 DTXSID30307135
DTXSID50818238	DTXSID80806628 DTXSID00637274 DTXSID40781609 DTXSID80766713 DTXSID50479464 DTXSID50476377 DTXSID90826973 DTXSID60501967 DTXSID20523529 DTXSID30850858 DTXSID40334755 DTXSID10591237 DTXSID10600494 DTXSID60854566 DTXSID90750769 DTXSID10579631 DTXSID00402808 DTXSID60523528 DTXSID70596485 DTXSID00227472
DTXSID90383879	DTXSID10154664 DTXSID40415351 DTXSID00431456 DTXSID60293931 DTXSID50570960 DTXSID10556543 DTXSID10294832 DTXSID90767216 DTXSID70296791 DTXSID20677536 DTXSID10188005 DTXSID30823229 DTXSID50368642 DTXSID00326035 DTXSID00447830 DTXSID10558300 DTXSID10672419 DTXSID00618321 DTXSID10876652 DTXSID10223829
DTXSID30780308	DTXSID80646728 DTXSID80828986 DTXSID10483325 DTXSID70452133 DTXSID90734408 DTXSID50567355 DTXSID40857631 DTXSID50473725 DTXSID40496120 DTXSID40538579 DTXSID80303223 DTXSID80685814 DTXSID20456863 DTXSID90494676 DTXSID70507899 DTXSID00376691 DTXSID50403123 DTXSID50695420 DTXSID50873509 DTXSID90175716
DTXSID50850557	DTXSID00618124 DTXSID80541527 DTXSID50632779 DTXSID20676923 DTXSID20694627 DTXSID10166661 DTXSID10189517 DTXSID70599254 DTXSID70879341 DTXSID20652828 DTXSID70768221 DTXSID3042180 DTXSID00725569 DTXSID10343415 DTXSID60632568 DTXSID90332584 DTXSID10214297 DTXSID40344319 DTXSID10446950 DTXSID50610734
DTXSID30662877	DTXSID80478263 DTXSID10818850 DTXSID50401306 DTXSID50538646 DTXSID70827923 DTXSID40640585 DTXSID10420715 DTXSID30551237 DTXSID10228319 DTXSID70303818 DTXSID00697494 DTXSID10329471 DTXSID30476911 DTXSID10896254 DTXSID40602800 DTXSID70353277 DTXSID10377134 DTXSID00151203 DTXSID80232569 DTXSID00600983
DTXSID90325153	DTXSID60835815 DTXSID70299409 DTXSID10600595 DTXSID70783656 DTXSID0073291 DTXSID20277151 DTXSID90784882 DTXSID10651542 DTXSID90733219 DTXSID60652327 DTXSID50640834 DTXSID60710254 DTXSID20536457 DTXSID90802010 DTXSID40607855 DTXSID00574332 DTXSID60837258 DTXSID50321732 DTXSID80557042 DTXSID50485005
DTXSID80437991	DTXSID40652067 DTXSID60471338 DTXSID50590188 DTXSID40856366 DTXSID60175162 DTXSID40427651 DTXSID90605508 DTXSID70326108 DTXSID60467599 DTXSID90749597 DTXSID20348830 DTXSID00663871 DTXSID20857154 DTXSID60500859 DTXSID90753477 DTXSID60441157 DTXSID60187922 DTXSID3068592 DTXSID40697453 DTXSID40845472
DTXSID20602343	DTXSID80310179 DTXSID10647703 DTXSID50491545 DTXSID40171566 DTXSID60381185 DTXSID30369516 DTXSID20600723 DTXSID60792898 DTXSID20892085 DTXSID50468535 DTXSID10708949 DTXSID20243255 DTXSID90290453 DTXSID00237177 DTXSID90440052 DTXSID10579757 DTXSID30615328 DTXSID00829056 DTXSID40439279 DTXSID90283648
DTXSID10637523	DTXSID50556143 DTXSID70508063 DTXSID50639965 DTXSID60651597 DTXSID70711292 DTXSID60487010 DTXSID60704259 DTXSID00611953 DTXSID80493395 DTXSID30181735 DTXSID70641909 DTXSID90459442 DTXSID80228265 DTXSID70737336 DTXSID50337419 DTXSID70479168 DTXSID8069565 DTXSID70584509 DTXSID70651442 DTXSID40543204
DTXSID20596874	DTXSID60182518 DTXSID50828574 DTXSID00239257 DTXSID20730135 DTXSID30813044 DTXSID90720684 DTXSID80345481 DTXSID10528048 DTXSID90177215 DTXSID20308494 DTXSID80503842 DTXSID60711589 DTXSID60228324 DTXSID60885395 DTXSID90175897 DTXSID00506597 DTXSID10829421 DTXSID80374337 DTXSID90306821 DTXSID30209347
DTXSID80761743	DTXSID20544754 DTXSID7072040 DTXSID20242945 DTXSID30710786 DTXSID40847931 DTXSID90759777 DTXSID50782980 DTXSID10824153 DTXSID10767839 DTXSID10166560 DTXSID50767838 DTXSID80435174 DTXSID60872285 DTXSID20181421 DTXSID20755202 DTXSID80755203 DTXSID6070431 DTXSID30147033 DTXSID10699585 DTXSID20373501
DTXSID50590007	DTXSID70296695 DTXSID80423172 DTXSID10645683 DTXSID30374882 DTXSID00406381 DTXSID20631638 DTXSID70344367 DTXSID00846344 DTXSID60166439 DTXSID90799633 DTXSID80472908 DTXSID50440356 DTXSID60278066 DTXSID70891442 DTXSID00722331 DTXSID50790207 DTXSID40610364 DTXSID40721146 DTXSID50549631 DTXSID10875943
DTXSID6044773	DTXSID80342874 DTXSID60778778 DTXSID70359411 DTXSID10564320 DTXSID40226601 DTXSID40606005 DTXSID90543810 DTXSID00639591 DTXSID00333421 DTXSID80673756 DTXSID00564713 DTXSID80346155 DTXSID00428720 DTXSID90561074 DTXSID00145324 DTXSID20295613 DTXSID50579054 DTXSID80809139 DTXSID80343765 DTXSID70623987
DTXSID60618160	DTXSID20438164 DTXSID90622492 DTXSID80626202 DTXSID60427855 DTXSID90462572 DTXSID90375774 DTXSID50401109 DTXSID8041323 DTXSID00174816 DTXSID60669213 DTXSID00276783 DTXSID20363508 DTXSID10607786 DTXSID80549528 DTXSID90152749 DTXSID00287793 DTXSID00676663 DTXSID20212022 DTXSID90547797 DTXSID60828121
DTXSID00318718	DTXSID60645895 DTXSID80323663 DTXSID90400696 DTXSID50821545 DTXSID50710086 DTXSID90758669 DTXSID40874348 DTXSID90768041 DTXSID20316433 DTXSID90385934 DTXSID50771132 DTXSID40619296 DTXSID30866797 DTXSID60443732 DTXSID20281692 DTXSID70607161 DTXSID10811386 DTXSID80585325 DTXSID00579983 DTXSID00772053
DTXSID40763107	DTXSID40759080 DTXSID10718149 DTXSID80803096 DTXSID90339119 DTXSID20803095 DTXSID70546066 DTXSID10290430 DTXSID70570841 DTXSID00804166 DTXSID70713711 DTXSID70701754 DTXSID80783627 DTXSID50615143 DTXSID50609507 DTXSID20748694 DTXSID30824958 DTXSID20447413 DTXSID30831682 DTXSID80657910 DTXSID00301524
DTXSID20603350	DTXSID90892294 DTXSID10291624 DTXSID70157217 DTXSID40176334 DTXSID10167355 DTXSID10154821 DTXSID20799641 DTXSID20282922 DTXSID50350724 DTXSID80481954 DTXSID10782168 DTXSID00359060 DTXSID70395576 DTXSID50759132 DTXSID50664656 DTXSID90697367 DTXSID40734716 DTXSID10394881 DTXSID90408475 DTXSID80397783
DTXSID00454781	DTXSID00541968 DTXSID10177015 DTXSID40144795 DTXSID90148864 DTXSID80658548 DTXSID60815738 DTXSID80851471 DTXSID10724149 DTXSID40840048 DTXSID0073110 DTXSID90601904 DTXSID90809145 DTXSID60790692 DTXSID20172399 DTXSID60240940 DTXSID30330387 DTXSID90837201 DTXSID90711875 DTXSID90440214 DTXSID50797539
DTXSID60749342	DTXSID00275099 DTXSID80633759 DTXSID90816733 DTXSID10605045 DTXSID30326104 DTXSID10400032 DTXSID90674855 DTXSID10587852 DTXSID30851466 DTXSID10767637 DTXSID40675236 DTXSID40816728 DTXSID20604387 DTXSID80885913 DTXSID20630964 DTXSID90286816 DTXSID90533897 DTXSID50675348 DTXSID70822711 DTXSID00756111
DTXSID20681991	DTXSID40625933 DTXSID50843904 DTXSID30571112 DTXSID40452221 DTXSID40646289 DTXSID10640133 DTXSID20589443 DTXSID90856710 DTXSID10238817 DTXSID3042180 DTXSID70588229 DTXSID20415399 DTXSID20680929 DTXSID10446950 DTXSID30734407 DTXSID80724732 DTXSID90473163 DTXSID20676923 DTXSID90332584 DTXSID00725569
DTXSID40831916	DTXSID10607802 DTXSID20572976 DTXSID40489330 DTXSID90598663 DTXSID80407255 DTXSID90349172 DTXSID70491880 DTXSID10561894 DTXSID00879470 DTXSID00831917 DTXSID80664341 DTXSID50345554 DTXSID30447287 DTXSID20162654 DTXSID50543058 DTXSID70589594 DTXSID50545799 DTXSID50308280 DTXSID00744412 DTXSID20774958
DTXSID2025428	DTXSID20198872 DTXSID90805602 DTXSID20807311 DTXSID50849249 DTXSID40241632 DTXSID90624390 DTXSID30527699 DTXSID80635137 DTXSID80422327 DTXSID50494697 DTXSID40335101 DTXSID30742365 DTXSID10681824 DTXSID00374011 DTXSID60664203 DTXSID5051602 DTXSID90191012 DTXSID00501441 DTXSID80615075 DTXSID20370833
DTXSID10563075	DTXSID20318497 DTXSID90616912 DTXSID60442705 DTXSID50187390 DTXSID40365761 DTXSID80543420 DTXSID30617640 DTXSID50457540 DTXSID00358154 DTXSID80876684 DTXSID20479512 DTXSID90696739 DTXSID30733677 DTXSID10388588 DTXSID10489948 DTXSID30444615 DTXSID90667540 DTXSID70409389 DTXSID50847765 DTXSID60586219
DTXSID30785550	DTXSID60178936 DTXSID50397371 DTXSID10427188 DTXSID50415004 DTXSID10464730 DTXSID90535053 DTXSID60836802 DTXSID30650077 DTXSID90150427 DTXSID60231434 DTXSID90504401 DTXSID90791516 DTXSID60299079 DTXSID10221724 DTXSID00229310 DTXSID70744348 DTXSID30473526 DTXSID40243939 DTXSID10295283 DTXSID50760081
DTXSID00501204	DTXSID10467160 DTXSID20406904 DTXSID50543331 DTXSID50232172 DTXSID80282928 DTXSID80790210 DTXSID00507589 DTXSID90770189 DTXSID90842799 DTXSID50846995 DTXSID20231798 DTXSID50344249 DTXSID90778807 DTXSID70705999 DTXSID50539234 DTXSID10503390 DTXSID80576238 DTXSID30530426 DTXSID10439569 DTXSID10809122
DTXSID80852645	DTXSID90723352 DTXSID70877569 DTXSID10575971 DTXSID10322225 DTXSID50814992 DTXSID00320477 DTXSID00606586 DTXSID00510558 DTXSID70393390 DTXSID30675003 DTXSID80792577 DTXSID10241008 DTXSID60721022 DTXSID60193886 DTXSID30497308 DTXSID30225522 DTXSID0060066 DTXSID30819187 DTXSID80694466 DTXSID80836369
DTXSID80699299	DTXSID50193279 DTXSID40222108 DTXSID10294599 DTXSID30676414 DTXSID00680048 DTXSID00712313 DTXSID30625048 DTXSID70393719 DTXSID60739485 DTXSID70548601 DTXSID40161482 DTXSID10784768 DTXSID20198655 DTXSID80430144 DTXSID40532698 DTXSID70212037 DTXSID90757551 DTXSID20470721 DTXSID50709137 DTXSID90398908
DTXSID70672798	DTXSID20656063 DTXSID30657804 DTXSID60401296 DTXSID2071071 DTXSID30761213 DTXSID50809828 DTXSID80560576 DTXSID50646755 DTXSID60742111 DTXSID00712035 DTXSID00585347 DTXSID30716667 DTXSID30282190 DTXSID50304707 DTXSID00156475 DTXSID90629749 DTXSID00374899 DTXSID80647497 DTXSID60622580 DTXSID20758435
DTXSID20427937	DTXSID90884376 DTXSID50594348 DTXSID20879154 DTXSID90154602 DTXSID40287813 DTXSID60813572 DTXSID30876412 DTXSID50481325 DTXSID90510688 DTXSID60696529 DTXSID50595274 DTXSID90664317 DTXSID00645374 DTXSID30160883 DTXSID30532480 DTXSID70729352 DTXSID30445344 DTXSID30889784 DTXSID30202378 DTXSID60502116
DTXSID20819292	DTXSID60896542 DTXSID10833987 DTXSID20876805 DTXSID50896339 DTXSID30298938 DTXSID80646122 DTXSID5067500 DTXSID20697678 DTXSID70542503 DTXSID30322904 DTXSID50303917 DTXSID80785949 DTXSID80633057 DTXSID1024752 DTXSID40341469 DTXSID80476729 DTXSID40856624 DTXSID20542891 DTXSID20352937 DTXSID90508585
DTXSID60836802	DTXSID90150427 DTXSID10427188 DTXSID70189210 DTXSID90504401 DTXSID70744348 DTXSID30473526 DTXSID00229310 DTXSID50415004 DTXSID00628521 DTXSID40797841 DTXSID40785682 DTXSID90791516 DTXSID50397371 DTXSID60299079 DTXSID40243939 DTXSID90532289 DTXSID30785550 DTXSID90535053 DTXSID40874106 DTXSID10464730
DTXSID30323219	DTXSID40614903 DTXSID80897339 DTXSID20593989 DTXSID70188187 DTXSID80472847 DTXSID80502870 DTXSID00646740 DTXSID50807309 DTXSID50660774 DTXSID90836456 DTXSID40744315 DTXSID10694631 DTXSID10655469 DTXSID90748989 DTXSID00485176 DTXSID50191730 DTXSID10374441 DTXSID1047071 DTXSID90411444 DTXSID60151047
DTXSID20707605	DTXSID10403003 DTXSID50700765 DTXSID40530558 DTXSID70876815 DTXSID80206088 DTXSID20226240 DTXSID80385786 DTXSID80657339 DTXSID60564971 DTXSID90459821 DTXSID10792868 DTXSID80542059 DTXSID30287665 DTXSID80555467 DTXSID90182107 DTXSID00216604 DTXSID10208878 DTXSID50841228 DTXSID40828260 DTXSID20467757
DTXSID80723765	DTXSID70236692 DTXSID40530331 DTXSID50478058 DTXSID50468535 DTXSID60609316 DTXSID10321879 DTXSID00285491 DTXSID50342886 DTXSID20409415 DTXSID30615328 DTXSID40546790 DTXSID10555314 DTXSID10634416 DTXSID50491545 DTXSID20243255 DTXSID60415939 DTXSID10361270 DTXSID20218842 DTXSID20595640 DTXSID50651304
DTXSID10292111	DTXSID80176191 DTXSID00274688 DTXSID70799095 DTXSID20143105 DTXSID50722604 DTXSID00646760 DTXSID30838752 DTXSID30747335 DTXSID80143106 DTXSID30179672 DTXSID20384834 DTXSID40693238 DTXSID10572809 DTXSID00364013 DTXSID60470846 DTXSID40188937 DTXSID10177550 DTXSID90353012 DTXSID10763412 DTXSID90595591
DTXSID20646787	DTXSID10435248 DTXSID30671207 DTXSID40538554 DTXSID20677798 DTXSID30676873 DTXSID60583001 DTXSID00199842 DTXSID20655894 DTXSID10726481 DTXSID50670919 DTXSID60427815 DTXSID10508668 DTXSID10391274 DTXSID40634126 DTXSID40629911 DTXSID50669924 DTXSID70403367 DTXSID50528168 DTXSID80528156 DTXSID70553659
DTXSID50796865	DTXSID30191576 DTXSID50804111 DTXSID60826960 DTXSID40336794 DTXSID90887963 DTXSID20346750 DTXSID20741069 DTXSID70233808 DTXSID10771451 DTXSID70822857 DTXSID80546739 DTXSID20280781 DTXSID90755850 DTXSID70242536 DTXSID30543410 DTXSID70785392 DTXSID00699514 DTXSID00793728 DTXSID70346765 DTXSID80468609
DTXSID60302395	DTXSID70419125 DTXSID80420702 DTXSID40545147 DTXSID20318558 DTXSID40170039 DTXSID50623344 DTXSID20626029 DTXSID00702794 DTXSID70585778 DTXSID20366150 DTXSID70181390 DTXSID20274988 DTXSID60876324 DTXSID60550556 DTXSID60177348 DTXSID80323562 DTXSID10367292 DTXSID40233512 DTXSID90585376 DTXSID80323406
DTXSID80541481	DTXSID80506732 DTXSID20737725 DTXSID10667542 DTXSID40641234 DTXSID40820608 DTXSID10390348 DTXSID60834161 DTXSID90284610 DTXSID80238102 DTXSID20805731 DTXSID20454682 DTXSID6070560 DTXSID30333176 DTXSID70706764 DTXSID20554217 DTXSID30448451 DTXSID90445022 DTXSID20744171 DTXSID30713515 DTXSID60887995
DTXSID10402258	DTXSID50453587 DTXSID00646886 DTXSID90365938 DTXSID20610786 DTXSID90559693 DTXSID4025903 DTXSID50608176 DTXSID60498388 DTXSID40408041 DTXSID30178327 DTXSID00651511 DTXSID30671904 DTXSID10482131 DTXSID80480467 DTXSID20371406 DTXSID00461157 DTXSID20739320 DTXSID40615374 DTXSID00279294 DTXSID90292093
DTXSID50605887	DTXSID10856212 DTXSID70666536 DTXSID30661047 DTXSID40398938 DTXSID50187552 DTXSID00823892 DTXSID10177934 DTXSID40319300 DTXSID80580734 DTXSID30694618 DTXSID70177935 DTXSID80791540 DTXSID70214273 DTXSID20624964 DTXSID70613267 DTXSID40195106 DTXSID10511314 DTXSID20580733 DTXSID0041773 DTXSID50497865
DTXSID00401058	DTXSID50447183 DTXSID50679149 DTXSID50824511 DTXSID20874164 DTXSID00481577 DTXSID10557297 DTXSID80822181 DTXSID00488329 DTXSID70394983 DTXSID90193915 DTXSID30761379 DTXSID70381358 DTXSID00855931 DTXSID00745404 DTXSID70709755 DTXSID40187829 DTXSID60765587 DTXSID80610161 DTXSID40608761 DTXSID90144927
DTXSID40357580	DTXSID80879397 DTXSID10491980 DTXSID7023194 DTXSID70668075 DTXSID90205587 DTXSID50896137 DTXSID10441041 DTXSID20307184 DTXSID90405585 DTXSID70283222 DTXSID00854560 DTXSID60803872 DTXSID10169758 DTXSID90407221 DTXSID60598918 DTXSID60320630 DTXSID70672753 DTXSID10494193 DTXSID70853323 DTXSID10321834
DTXSID60733680	DTXSID30857589 DTXSID20656927 DTXSID90533993 DTXSID50648810 DTXSID00896344 DTXSID40717029 DTXSID20663297 DTXSID40655477 DTXSID60280841 DTXSID10680579 DTXSID10840136 DTXSID70529677 DTXSID70214298 DTXSID10472193 DTXSID80146455 DTXSID60640704 DTXSID70593398 DTXSID10534740 DTXSID90738764 DTXSID10343399
DTXSID80629657	DTXSID80493395 DTXSID60522556 DTXSID00409610 DTXSID00621052 DTXSID40532931 DTXSID30341251 DTXSID70508063 DTXSID10508168 DTXSID70737336 DTXSID80676767 DTXSID90666871 DTXSID30181735 DTXSID00611953 DTXSID60558310 DTXSID10240733 DTXSID60496400 DTXSID90559138 DTXSID90602370 DTXSID50621542 DTXSID80800126
DTXSID90339295	DTXSID50425022 DTXSID90693223 DTXSID30596148 DTXSID90448755 DTXSID50562800 DTXSID10421101 DTXSID10443666 DTXSID40396010 DTXSID90707415 DTXSID00538116 DTXSID60403199 DTXSID50343292 DTXSID00848106 DTXSID00202365 DTXSID00445639 DTXSID40488742 DTXSID20456106 DTXSID20627495 DTXSID10439620 DTXSID90759515
DTXSID50734888	DTXSID40624744 DTXSID00773606 DTXSID90407180 DTXSID00712999 DTXSID20579662 DTXSID50196164 DTXSID20346871 DTXSID80827797 DTXSID30651120 DTXSID80765483 DTXSID80567565 DTXSID50867463 DTXSID90528945 DTXSID60528215 DTXSID50340887 DTXSID00726213 DTXSID00850007 DTXSID10801303 DTXSID10492816 DTXSID90293828
DTXSID40745100	DTXSID60790258 DTXSID80713888 DTXSID10532468 DTXSID00606642 DTXSID20732412 DTXSID70281485 DTXSID60424420 DTXSID80600986 DTXSID00604441 DTXSID60558138 DTXSID40396919 DTXSID00533141 DTXSID30777990 DTXSID90209803 DTXSID30149274 DTXSID40310256 DTXSID30714365 DTXSID60829072 DTXSID60667577 DTXSID60289273
DTXSID50704142	DTXSID50682193 DTXSID50179351 DTXSID20340490 DTXSID40356538 DTXSID50528446 DTXSID90653105 DTXSID80772016 DTXSID70201941 DTXSID40595309 DTXSID60762319 DTXSID80212043 DTXSID50427884 DTXSID50398429 DTXSID90567930 DTXSID70720187 DTXSID80671813 DTXSID20501903 DTXSID00483778 DTXSID80407179 DTXSID60621250
DTXSID30377777	DTXSID50887924 DTXSID30479306 DTXSID80817239 DTXSID10802714 DTXSID50437584 DTXSID70325651 DTXSID70716782 DTXSID10607125 DTXSID70675345 DTXSID50766987 DTXSID60611176 DTXSID00844946 DTXSID30616532 DTXSID70808616 DTXSID40852060 DTXSID40711249 DTXSID70459546 DTXSID60827513 DTXSID40510597 DTXSID20660362
DTXSID70709896	DTXSID00161882 DTXSID60795081 DTXSID30851466 DTXSID50816734 DTXSID00632966 DTXSID30865700 DTXSID10577450 DTXSID90533897 DTXSID90796788 DTXSID40816728 DTXSID60536552 DTXSID20613499 DTXSID10770565 DTXSID80783304 DTXSID30326104 DTXSID80742456 DTXSID30408717 DTXSID50816739 DTXSID90286816 DTXSID90445481
DTXSID20297758	DTXSID00704314 DTXSID40191269 DTXSID10710163 DTXSID30352640 DTXSID00631772 DTXSID90348963 DTXSID70484191 DTXSID40555903 DTXSID50345498 DTXSID20852583 DTXSID40319603 DTXSID20714718 DTXSID20676827 DTXSID60674281 DTXSID40482043 DTXSID10365975 DTXSID80178751 DTXSID80642068 DTXSID40494722 DTXSID40401158
DTXSID70174964	DTXSID20417959 DTXSID90205587 DTXSID90405585 DTXSID70283222 DTXSID70303297 DTXSID10494193 DTXSID80182974 DTXSID70668075 DTXSID7023194 DTXSID10827381 DTXSID80640443 DTXSID7041625 DTXSID80292163 DTXSID60803872 DTXSID10169758 DTXSID1070773 DTXSID20540610 DTXSID10491980 DTXSID60598918 DTXSID70846715
DTXSID20894140	DTXSID50838375 DTXSID60801696 DTXSID10814352 DTXSID40319789 DTXSID70851288 DTXSID50836972 DTXSID90787090 DTXSID90436112 DTXSID60465656 DTXSID70329513 DTXSID20880987 DTXSID60827432 DTXSID80436722 DTXSID30198141 DTXSID90241283 DTXSID00153661 DTXSID20162997 DTXSID00314351 DTXSID20302371 DTXSID00881331
DTXSID90358168	DTXSID70196484 DTXSID70545195 DTXSID00513589 DTXSID70452633 DTXSID70191611 DTXSID90420798 DTXSID20641272 DTXSID40787722 DTXSID40829772 DTXSID20702716 DTXSID20668040 DTXSID30241787 DTXSID00427450 DTXSID30615166 DTXSID60192657 DTXSID60757684 DTXSID2046836 DTXSID60848460 DTXSID10767591 DTXSID90624532
DTXSID70693201	DTXSID40659692 DTXSID40607855 DTXSID00574332 DTXSID90598188 DTXSID90616634 DTXSID20679136 DTXSID10280659 DTXSID50841309 DTXSID40451698 DTXSID20378692 DTXSID90802010 DTXSID80557042 DTXSID90306129 DTXSID50404554 DTXSID00183887 DTXSID30537475 DTXSID40490688 DTXSID70399413 DTXSID60657039 DTXSID20449336
DTXSID90728665	DTXSID70496097 DTXSID00598513 DTXSID90215565 DTXSID70534660 DTXSID10440059 DTXSID40854463 DTXSID20739229 DTXSID30589575 DTXSID60876900 DTXSID20587863 DTXSID10403129 DTXSID50326560 DTXSID40358330 DTXSID10527213 DTXSID90178843 DTXSID20528397 DTXSID30541572 DTXSID90280672 DTXSID20886929 DTXSID90561074
DTXSID20663414	DTXSID80496402 DTXSID80766172 DTXSID60424460 DTXSID00766437 DTXSID90688538 DTXSID20431438 DTXSID90592505 DTXSID80407659 DTXSID1063435 DTXSID90453389 DTXSID60503325 DTXSID30595075 DTXSID00407818 DTXSID80182510 DTXSID20717067 DTXSID60303226 DTXSID50364467 DTXSID50778944 DTXSID30686896 DTXSID50398949
DTXSID70742607	DTXSID70678917 DTXSID30876412 DTXSID30532480 DTXSID70694839 DTXSID40575409 DTXSID80503569 DTXSID50481325 DTXSID50739813 DTXSID30217881 DTXSID00649796 DTXSID60876849 DTXSID00645374 DTXSID50601960 DTXSID80364915 DTXSID20589741 DTXSID20879154 DTXSID50454276 DTXSID30427584 DTXSID90884376 DTXSID20427937
DTXSID90158004	DTXSID80896423 DTXSID30634736 DTXSID20896422 DTXSID30896559 DTXSID90615384 DTXSID90527559 DTXSID00893454 DTXSID60235114 DTXSID00431279 DTXSID90161639 DTXSID9073676 DTXSID20529607 DTXSID60567341 DTXSID50161635 DTXSID80380630 DTXSID80549962 DTXSID10547911 DTXSID60550516 DTXSID60896421 DTXSID50615385
DTXSID30595075	DTXSID80182510 DTXSID40623494 DTXSID90453389 DTXSID90592505 DTXSID1063435 DTXSID90688538 DTXSID20663414 DTXSID60424460 DTXSID30588240 DTXSID50383092 DTXSID60503325 DTXSID80407659 DTXSID60303226 DTXSID30716364 DTXSID00679770 DTXSID20483593 DTXSID90740544 DTXSID10364029 DTXSID50596246 DTXSID80496402
DTXSID30455140	DTXSID40394612 DTXSID10377992 DTXSID30180364 DTXSID70726528 DTXSID00342891 DTXSID70307896 DTXSID00725807 DTXSID00348838 DTXSID10555854 DTXSID80628382 DTXSID50354368 DTXSID70720864 DTXSID50569415 DTXSID00348297 DTXSID60725808 DTXSID80621691 DTXSID20507041 DTXSID30378325 DTXSID00547167 DTXSID60401190
DTXSID70348188	DTXSID70809204 DTXSID50790787 DTXSID80783627 DTXSID9041023 DTXSID2050035 DTXSID60675950 DTXSID20803095 DTXSID70761252 DTXSID70769793 DTXSID10609947 DTXSID00292524 DTXSID70713711 DTXSID40759080 DTXSID90807484 DTXSID10718149 DTXSID40163668 DTXSID50615143 DTXSID80803096 DTXSID80634549 DTXSID40286902
DTXSID80183441	DTXSID00513862 DTXSID70738949 DTXSID10505874 DTXSID10519178 DTXSID20661056 DTXSID90591699 DTXSID90602810 DTXSID60357421 DTXSID90373674 DTXSID70646651 DTXSID20520119 DTXSID30557810 DTXSID50323675 DTXSID80699496 DTXSID30609984 DTXSID90348983 DTXSID10726325 DTXSID20299676 DTXSID80222783 DTXSID40648607
DTXSID70631249	DTXSID80600426 DTXSID70364282 DTXSID90350602 DTXSID10668938 DTXSID50418656 DTXSID40509345 DTXSID20607676 DTXSID40459179 DTXSID90476876 DTXSID70579192 DTXSID50659704 DTXSID00552711 DTXSID00649993 DTXSID20346371 DTXSID00210869 DTXSID20191247 DTXSID00332196 DTXSID00344214 DTXSID00383860 DTXSID90679880
DTXSID40300394	DTXSID60344275 DTXSID2062032 DTXSID40494060 DTXSID20664825 DTXSID40674401 DTXSID50616953 DTXSID80388515 DTXSID90494237 DTXSID50646174 DTXSID50374021 DTXSID00455874 DTXSID70171099 DTXSID10355255 DTXSID80351663 DTXSID00332196 DTXSID90807202 DTXSID20440303 DTXSID50843540 DTXSID50294013 DTXSID00526659
DTXSID40638942	DTXSID60159886 DTXSID70676711 DTXSID60294322 DTXSID90832034 DTXSID50510164 DTXSID50696457 DTXSID20184699 DTXSID30580148 DTXSID80444665 DTXSID10466491 DTXSID50660118 DTXSID80789447 DTXSID70193337 DTXSID20522552 DTXSID40452180 DTXSID20239537 DTXSID30705071 DTXSID30562621 DTXSID50354888 DTXSID80317547
DTXSID30628054	DTXSID00338097 DTXSID70551236 DTXSID50561439 DTXSID20464706 DTXSID70733212 DTXSID20492625 DTXSID60876905 DTXSID40667575 DTXSID80392859 DTXSID5059296 DTXSID30402356 DTXSID70503573 DTXSID50221364 DTXSID20728537 DTXSID80696420 DTXSID20339268 DTXSID40511105 DTXSID80485139 DTXSID90191875 DTXSID60343788
DTXSID1020724	DTXSID30725613 DTXSID10458452 DTXSID20561608 DTXSID20368533 DTXSID10157079 DTXSID60455133 DTXSID10193937 DTXSID80726635 DTXSID00662940 DTXSID90508585 DTXSID80831692 DTXSID70576904 DTXSID90772845 DTXSID10657448 DTXSID90550105 DTXSID70365214 DTXSID80633057 DTXSID60733827 DTXSID20352937 DTXSID80630460
DTXSID00219099	DTXSID90604177 DTXSID30822737 DTXSID30510223 DTXSID90653105 DTXSID80671813 DTXSID80407179 DTXSID70626953 DTXSID20365502 DTXSID50313612 DTXSID00791224 DTXSID70720187 DTXSID80212043 DTXSID90604692 DTXSID30398023 DTXSID20468406 DTXSID60177267 DTXSID70201941 DTXSID50179351 DTXSID40481576 DTXSID00655514
DTXSID90622311	DTXSID30356901 DTXSID50627988 DTXSID50171916 DTXSID20720415 DTXSID20618065 DTXSID20170390 DTXSID50630316 DTXSID90150922 DTXSID10816412 DTXSID40575409 DTXSID60651097 DTXSID50601960 DTXSID70440333 DTXSID40757627 DTXSID80196273 DTXSID80603790 DTXSID90440052 DTXSID80234861 DTXSID30427584 DTXSID60170258
DTXSID70157833	DTXSID30758224 DTXSID90317432 DTXSID70812839 DTXSID70589332 DTXSID70453488 DTXSID30852357 DTXSID60447795 DTXSID50181954 DTXSID80604429 DTXSID60808645 DTXSID50659820 DTXSID80652167 DTXSID80397783 DTXSID00829036 DTXSID20448384 DTXSID40232909 DTXSID40855399 DTXSID10461224 DTXSID00423295 DTXSID60553360
DTXSID00488329	DTXSID50824511 DTXSID10640052 DTXSID10228793 DTXSID50447183 DTXSID40180239 DTXSID00855931 DTXSID90144927 DTXSID50679149 DTXSID40876185 DTXSID90182581 DTXSID80822181 DTXSID70394983 DTXSID40187829 DTXSID30761379 DTXSID00401058 DTXSID40616866 DTXSID20311463 DTXSID00429853 DTXSID70787851 DTXSID70314868
DTXSID20545261	DTXSID10855821 DTXSID70372524 DTXSID60670046 DTXSID10483789 DTXSID80665419 DTXSID60552611 DTXSID50323554 DTXSID30218136 DTXSID70398168 DTXSID40764472 DTXSID90308284 DTXSID00744412 DTXSID70597831 DTXSID60204269 DTXSID00831917 DTXSID60735008 DTXSID10632250 DTXSID50543058 DTXSID10394942 DTXSID30434854
DTXSID00225771	DTXSID50174083 DTXSID00186636 DTXSID70297602 DTXSID60716493 DTXSID90590243 DTXSID10482636 DTXSID70877089 DTXSID40298348 DTXSID50728005 DTXSID20509883 DTXSID90477409 DTXSID90152446 DTXSID90556965 DTXSID50709910 DTXSID70241625 DTXSID50600332 DTXSID60174711 DTXSID70276634 DTXSID30805747 DTXSID50313056
DTXSID30585375	DTXSID30760367 DTXSID30579375 DTXSID10316184 DTXSID30836834 DTXSID20146696 DTXSID90443664 DTXSID10727837 DTXSID90407241 DTXSID40847597 DTXSID50354621 DTXSID00696205 DTXSID40706150 DTXSID70811428 DTXSID90743974 DTXSID30460875 DTXSID10767051 DTXSID50374804 DTXSID70145831 DTXSID1066786 DTXSID70392484
DTXSID60368274	DTXSID70349498 DTXSID00667394 DTXSID00500111 DTXSID9070612 DTXSID30818211 DTXSID90500923 DTXSID60511748 DTXSID80626000 DTXSID90440375 DTXSID2059275 DTXSID50144802 DTXSID10512361 DTXSID30845542 DTXSID90826195 DTXSID90338627 DTXSID10801303 DTXSID50867463 DTXSID80424583 DTXSID80492267 DTXSID90592080
DTXSID50307490	DTXSID10182503 DTXSID00836962 DTXSID40235753 DTXSID60649136 DTXSID70598444 DTXSID00377183 DTXSID50677665 DTXSID70466457 DTXSID20552238 DTXSID70516729 DTXSID70359395 DTXSID90499429 DTXSID00531485 DTXSID60229255 DTXSID40183664 DTXSID70328364 DTXSID20625698 DTXSID10604513 DTXSID40339083 DTXSID70668499
DTXSID20645255	DTXSID30743498 DTXSID50427167 DTXSID50675065 DTXSID40743606 DTXSID50400490 DTXSID90570505 DTXSID30167650 DTXSID00822163 DTXSID40169908 DTXSID50893606 DTXSID30664371 DTXSID90598229 DTXSID90732424 DTXSID00663412 DTXSID30741914 DTXSID30708168 DTXSID90731356 DTXSID50751474 DTXSID10645249 DTXSID50394522
DTXSID50385172	DTXSID40657032 DTXSID20568798 DTXSID90561099 DTXSID30675361 DTXSID00675171 DTXSID00198037 DTXSID10412998 DTXSID40677396 DTXSID00834226 DTXSID10580202 DTXSID60489953 DTXSID40219538 DTXSID60611176 DTXSID2068424 DTXSID40473875 DTXSID50804838 DTXSID10607125 DTXSID90160344 DTXSID90750941 DTXSID80760271
DTXSID20825196	DTXSID10239187 DTXSID3067231 DTXSID70471960 DTXSID80793680 DTXSID50191093 DTXSID90634898 DTXSID80893735 DTXSID00694029 DTXSID90771570 DTXSID30336900 DTXSID50234378 DTXSID00618164 DTXSID00281130 DTXSID30609742 DTXSID40840361 DTXSID90407807 DTXSID90469309 DTXSID60460363 DTXSID90758447 DTXSID40483015
DTXSID10754289	DTXSID70756441 DTXSID10473549 DTXSID60301085 DTXSID30735378 DTXSID60661131 DTXSID80748231 DTXSID50408597 DTXSID90489385 DTXSID30733677 DTXSID20781243 DTXSID40359589 DTXSID00651975 DTXSID70606538 DTXSID10406892 DTXSID40694669 DTXSID20307381 DTXSID10364125 DTXSID40365761 DTXSID40291475 DTXSID20697239
DTXSID70296791	DTXSID40415351 DTXSID70841881 DTXSID40786952 DTXSID10876652 DTXSID00576694 DTXSID90284453 DTXSID70579652 DTXSID10558300 DTXSID40340250 DTXSID80668364 DTXSID50602699 DTXSID90383879 DTXSID10672419 DTXSID10556543 DTXSID10188005 DTXSID10154664 DTXSID40460861 DTXSID20677536 DTXSID90238173 DTXSID00431456
DTXSID50837444	DTXSID10653127 DTXSID80700192 DTXSID90694957 DTXSID90319299 DTXSID80732155 DTXSID60578412 DTXSID50669924 DTXSID80516730 DTXSID80304336 DTXSID50528168 DTXSID80475919 DTXSID30620215 DTXSID30305550 DTXSID80356057 DTXSID50701111 DTXSID40478209 DTXSID10508668 DTXSID70560101 DTXSID40517460 DTXSID30676873
DTXSID90380404	DTXSID00442188 DTXSID20352412 DTXSID50153176 DTXSID40495597 DTXSID00748011 DTXSID80237675 DTXSID70762047 DTXSID40561645 DTXSID80813019 DTXSID00694049 DTXSID10734783 DTXSID20301783 DTXSID00506799 DTXSID70621009 DTXSID3041297 DTXSID50441787 DTXSID00410983 DTXSID60495352 DTXSID70695260 DTXSID40588493
DTXSID3041297	DTXSID80381026 DTXSID00410983 DTXSID00506799 DTXSID00748011 DTXSID20293093 DTXSID80299394 DTXSID10734783 DTXSID30788642 DTXSID80629490 DTXSID20548313 DTXSID40673595 DTXSID60154331 DTXSID00442188 DTXSID70560666 DTXSID90380404 DTXSID70695260 DTXSID30734902 DTXSID10708424 DTXSID60459959 DTXSID00694049
DTXSID30571112	DTXSID20681991 DTXSID40625933 DTXSID10238817 DTXSID40452221 DTXSID40646289 DTXSID90856710 DTXSID50843904 DTXSID20589443 DTXSID3042180 DTXSID20680929 DTXSID30734407 DTXSID00725569 DTXSID20676923 DTXSID70588229 DTXSID10446950 DTXSID90332584 DTXSID20545827 DTXSID80565980 DTXSID40165465 DTXSID80598016
DTXSID10715779	DTXSID10590381 DTXSID30526586 DTXSID00428568 DTXSID20185808 DTXSID50694498 DTXSID90796884 DTXSID5070232 DTXSID10772928 DTXSID10157478 DTXSID90524068 DTXSID00612400 DTXSID30819304 DTXSID90179991 DTXSID30594280 DTXSID00725468 DTXSID40228701 DTXSID50733073 DTXSID10190002 DTXSID00754490 DTXSID60471818
DTXSID60775383	DTXSID00210001 DTXSID50778626 DTXSID50853942 DTXSID30431328 DTXSID70276210 DTXSID50797998 DTXSID70580602 DTXSID60181147 DTXSID80694027 DTXSID50762621 DTXSID30851340 DTXSID90221166 DTXSID2065757 DTXSID70395056 DTXSID20337704 DTXSID90176243 DTXSID40818368 DTXSID90780425 DTXSID60635099 DTXSID70484939
DTXSID20593166	DTXSID10398268 DTXSID20307225 DTXSID80551161 DTXSID10563479 DTXSID60649212 DTXSID50421786 DTXSID00728974 DTXSID50300042 DTXSID50652836 DTXSID00401210 DTXSID70428777 DTXSID50517234 DTXSID8047509 DTXSID30553978 DTXSID8068202 DTXSID80436888 DTXSID40390932 DTXSID10313815 DTXSID00702794 DTXSID00318455
DTXSID70527512	DTXSID30195034 DTXSID20880720 DTXSID90526623 DTXSID00366512 DTXSID70874477 DTXSID10436654 DTXSID60764510 DTXSID90447248 DTXSID80284725 DTXSID10525618 DTXSID50483425 DTXSID70571818 DTXSID30739033 DTXSID10307355 DTXSID20580571 DTXSID80715221 DTXSID10580808 DTXSID30852630 DTXSID70580809 DTXSID00523148
DTXSID00340756	DTXSID00345867 DTXSID5060726 DTXSID50492532 DTXSID10241220 DTXSID60545649 DTXSID10527511 DTXSID8067105 DTXSID70521479 DTXSID20565449 DTXSID60344770 DTXSID40283895 DTXSID40790857 DTXSID1023447 DTXSID10475826 DTXSID50627443 DTXSID70641227 DTXSID60460489 DTXSID60752593 DTXSID80771069 DTXSID30285782
DTXSID90193915	DTXSID60765587 DTXSID30313695 DTXSID30572083 DTXSID30515874 DTXSID30173276 DTXSID00488824 DTXSID20216666 DTXSID10609765 DTXSID70512266 DTXSID40507644 DTXSID00406543 DTXSID00524776 DTXSID00401058 DTXSID80292683 DTXSID20874164 DTXSID70494230 DTXSID10557297 DTXSID50312665 DTXSID80506515 DTXSID80207111
DTXSID70182509	DTXSID40395861 DTXSID20307866 DTXSID90501531 DTXSID50460438 DTXSID60604220 DTXSID60482388 DTXSID10439620 DTXSID20495555 DTXSID00679558 DTXSID00445639 DTXSID40324499 DTXSID90324500 DTXSID80569645 DTXSID30709812 DTXSID90499429 DTXSID70333175 DTXSID70167255 DTXSID60417812 DTXSID50677665 DTXSID40521749
DTXSID20789128	DTXSID40462022 DTXSID70529677 DTXSID60640704 DTXSID90738764 DTXSID70214298 DTXSID70313634 DTXSID40655477 DTXSID00168679 DTXSID10568964 DTXSID70428494 DTXSID60395247 DTXSID90702203 DTXSID10472193 DTXSID00896344 DTXSID90510345 DTXSID20656927 DTXSID90768203 DTXSID00210869 DTXSID20500895 DTXSID80494029
DTXSID90539798	DTXSID30239664 DTXSID70592886 DTXSID40581924 DTXSID20806607 DTXSID90443907 DTXSID90780526 DTXSID0046513 DTXSID20468941 DTXSID60478428 DTXSID1070856 DTXSID70765735 DTXSID80601635 DTXSID80331586 DTXSID40194710 DTXSID80275835 DTXSID70399014 DTXSID6066862 DTXSID60794897 DTXSID80766536 DTXSID20837451
DTXSID70674691	DTXSID30320263 DTXSID30411862 DTXSID40647635 DTXSID70303631 DTXSID10310263 DTXSID80430902 DTXSID50793213 DTXSID50728580 DTXSID40439355 DTXSID40562677 DTXSID80756235 DTXSID00400920 DTXSID60813198 DTXSID90894031 DTXSID50735552 DTXSID60823116 DTXSID70156705 DTXSID50326520 DTXSID00541322 DTXSID20756234
DTXSID10727791	DTXSID20303686 DTXSID80589606 DTXSID00472607 DTXSID40511640 DTXSID10181056 DTXSID80496604 DTXSID30295169 DTXSID60729604 DTXSID40349703 DTXSID10307178 DTXSID20187983 DTXSID70341891 DTXSID80601892 DTXSID80738773 DTXSID70879689 DTXSID90669564 DTXSID50352561 DTXSID10408598 DTXSID30505119 DTXSID00383284
DTXSID30889784	DTXSID70729352 DTXSID90664317 DTXSID80441730 DTXSID60696529 DTXSID80536276 DTXSID00312413 DTXSID30191596 DTXSID70544562 DTXSID30225724 DTXSID20879154 DTXSID70388408 DTXSID70652636 DTXSID30599199 DTXSID50481325 DTXSID50879602 DTXSID30160883 DTXSID80200763 DTXSID50454276 DTXSID50594348 DTXSID50876015
DTXSID20341664	DTXSID70242536 DTXSID30297769 DTXSID80705607 DTXSID70346765 DTXSID40647397 DTXSID20280781 DTXSID10783832 DTXSID30543410 DTXSID40341661 DTXSID50737490 DTXSID60826960 DTXSID20741069 DTXSID10822679 DTXSID20754452 DTXSID80341660 DTXSID10347973 DTXSID50792261 DTXSID40341666 DTXSID10324880 DTXSID10892094
DTXSID90353012	DTXSID90595591 DTXSID60388351 DTXSID80143106 DTXSID00165183 DTXSID80424684 DTXSID90552402 DTXSID00551229 DTXSID10810950 DTXSID20441052 DTXSID20143105 DTXSID20384834 DTXSID10739596 DTXSID30838752 DTXSID40299517 DTXSID10735396 DTXSID60424440 DTXSID70176387 DTXSID30423223 DTXSID30747335 DTXSID30176383
DTXSID20365502	DTXSID30398023 DTXSID70201941 DTXSID80209251 DTXSID00219099 DTXSID90231780 DTXSID70567352 DTXSID30822737 DTXSID90171839 DTXSID80671813 DTXSID40595309 DTXSID30634539 DTXSID00791224 DTXSID90734084 DTXSID20346755 DTXSID80212043 DTXSID10221340 DTXSID20673533 DTXSID40481576 DTXSID60762319 DTXSID50179351
DTXSID20405275	DTXSID40560350 DTXSID10749877 DTXSID50629487 DTXSID00429050 DTXSID80479391 DTXSID90611407 DTXSID80879731 DTXSID30356764 DTXSID00399345 DTXSID30450099 DTXSID20519503 DTXSID10444037 DTXSID30300383 DTXSID70710927 DTXSID60876662 DTXSID10356469 DTXSID00358977 DTXSID20468163 DTXSID20394216 DTXSID50285047
DTXSID20565303	DTXSID10851661 DTXSID40739943 DTXSID0068026 DTXSID00834569 DTXSID30766546 DTXSID60708676 DTXSID00748374 DTXSID00289651 DTXSID90303673 DTXSID30848932 DTXSID30730989 DTXSID90220432 DTXSID40489830 DTXSID70303954 DTXSID70764248 DTXSID50750765 DTXSID80217295 DTXSID20563228 DTXSID40523526 DTXSID70765735
DTXSID50343833	DTXSID40282924 DTXSID20758435 DTXSID30282190 DTXSID00156475 DTXSID30761213 DTXSID60325625 DTXSID50761275 DTXSID00287899 DTXSID60646342 DTXSID00382030 DTXSID10426732 DTXSID90373472 DTXSID30309654 DTXSID50809828 DTXSID60722099 DTXSID90657865 DTXSID80640443 DTXSID60598918 DTXSID80355863 DTXSID30716667
DTXSID60588576	DTXSID20368194 DTXSID50697429 DTXSID10393657 DTXSID70202337 DTXSID30787357 DTXSID10618519 DTXSID20605314 DTXSID50631606 DTXSID80679718 DTXSID60739526 DTXSID20834086 DTXSID10716180 DTXSID50179518 DTXSID00356670 DTXSID80710670 DTXSID70735690 DTXSID80439612 DTXSID80740250 DTXSID30678938 DTXSID70276593
DTXSID10471025	DTXSID50697207 DTXSID70185176 DTXSID70287543 DTXSID50227583 DTXSID50412755 DTXSID10430157 DTXSID40879338 DTXSID30856991 DTXSID10503052 DTXSID30876674 DTXSID9068409 DTXSID00617930 DTXSID00402085 DTXSID9064007 DTXSID10732825 DTXSID40694588 DTXSID90626596 DTXSID20406545 DTXSID50306463 DTXSID80465693
DTXSID90405863	DTXSID20831095 DTXSID20372397 DTXSID10607786 DTXSID00287793 DTXSID00174816 DTXSID00676663 DTXSID30615747 DTXSID90152749 DTXSID40652860 DTXSID90707354 DTXSID20356697 DTXSID90556708 DTXSID9072286 DTXSID00366416 DTXSID50646715 DTXSID40698844 DTXSID00700114 DTXSID80241196 DTXSID40312593 DTXSID80549528
DTXSID40551263	DTXSID40145843 DTXSID70773471 DTXSID90147751 DTXSID30886233 DTXSID80678180 DTXSID70876870 DTXSID00593189 DTXSID70562423 DTXSID80352251 DTXSID70514886 DTXSID40180658 DTXSID60804228 DTXSID80443759 DTXSID00782258 DTXSID30854634 DTXSID70873607 DTXSID30752702 DTXSID10667143 DTXSID70437263 DTXSID10442876
DTXSID40277799	DTXSID70724660 DTXSID90895689 DTXSID40784978 DTXSID20663792 DTXSID50526109 DTXSID80782594 DTXSID80666249 DTXSID60189986 DTXSID20764253 DTXSID2062747 DTXSID90214876 DTXSID70850690 DTXSID40449914 DTXSID30850393 DTXSID50277341 DTXSID70232694 DTXSID10402758 DTXSID40467916 DTXSID80142896 DTXSID40469056
DTXSID50215829	DTXSID90290650 DTXSID30575690 DTXSID70711914 DTXSID20575982 DTXSID90182445 DTXSID30452058 DTXSID50293460 DTXSID8063834 DTXSID00444369 DTXSID00650185 DTXSID40560431 DTXSID60623592 DTXSID00668225 DTXSID80641117 DTXSID70543696 DTXSID60182598 DTXSID30420691 DTXSID80734290 DTXSID30804992 DTXSID00847053
DTXSID20415399	DTXSID30478859 DTXSID80724732 DTXSID90694856 DTXSID10682417 DTXSID10469624 DTXSID70588229 DTXSID50369735 DTXSID50722189 DTXSID70460591 DTXSID20681991 DTXSID60717162 DTXSID10640133 DTXSID30782468 DTXSID50843904 DTXSID80178953 DTXSID30363675 DTXSID30571112 DTXSID10365950 DTXSID20646505 DTXSID40452221
DTXSID30401026	DTXSID70616314 DTXSID00214044 DTXSID30371053 DTXSID90348968 DTXSID90693208 DTXSID00857591 DTXSID40348731 DTXSID90722921 DTXSID60561849 DTXSID10777190 DTXSID90370966 DTXSID10308665 DTXSID80733081 DTXSID10646413 DTXSID80436661 DTXSID40478209 DTXSID80475919 DTXSID10705852 DTXSID80356057 DTXSID60469614
DTXSID50217681	DTXSID50538186 DTXSID90513917 DTXSID30620730 DTXSID70579435 DTXSID50605327 DTXSID80790533 DTXSID20474981 DTXSID50576684 DTXSID60830143 DTXSID60310778 DTXSID3074072 DTXSID40642064 DTXSID50738063 DTXSID90731255 DTXSID90694497 DTXSID70505355 DTXSID70607161 DTXSID10465429 DTXSID20364550 DTXSID00876525
DTXSID10303817	DTXSID50704006 DTXSID50161635 DTXSID60550516 DTXSID40896727 DTXSID90161639 DTXSID90387731 DTXSID50615385 DTXSID80647376 DTXSID80722556 DTXSID20284688 DTXSID70585475 DTXSID20376158 DTXSID10377573 DTXSID30816914 DTXSID20188935 DTXSID70640932 DTXSID30634736 DTXSID90675923 DTXSID20733565 DTXSID10143472
DTXSID90275088	DTXSID30451647 DTXSID70286738 DTXSID70762224 DTXSID00170095 DTXSID70532929 DTXSID70562488 DTXSID00787167 DTXSID2022127 DTXSID90527776 DTXSID50220236 DTXSID20173321 DTXSID40439936 DTXSID90778665 DTXSID00290247 DTXSID80407876 DTXSID60399725 DTXSID40181084 DTXSID9044164 DTXSID0044153 DTXSID30453383
DTXSID40210247	DTXSID70541990 DTXSID90578465 DTXSID70612518 DTXSID70580985 DTXSID40230768 DTXSID40852686 DTXSID90473103 DTXSID30433403 DTXSID70652898 DTXSID70393678 DTXSID50624255 DTXSID80463679 DTXSID40789600 DTXSID10556407 DTXSID50508400 DTXSID00355800 DTXSID70341093 DTXSID70582368 DTXSID10734208 DTXSID60522652
DTXSID70344408	DTXSID10840459 DTXSID80597680 DTXSID40681458 DTXSID30423223 DTXSID30176383 DTXSID30440298 DTXSID20417838 DTXSID70176387 DTXSID40299517 DTXSID00681999 DTXSID90341590 DTXSID00165183 DTXSID50366168 DTXSID00567360 DTXSID20384834 DTXSID50214857 DTXSID20441052 DTXSID20460561 DTXSID30223629 DTXSID70326042
DTXSID10705413	DTXSID10573876 DTXSID3063417 DTXSID40699437 DTXSID70680272 DTXSID30733839 DTXSID80676848 DTXSID90879368 DTXSID10770409 DTXSID30284199 DTXSID10650979 DTXSID00513665 DTXSID60145820 DTXSID00145980 DTXSID70653901 DTXSID00655630 DTXSID50561535 DTXSID70722227 DTXSID10857249 DTXSID50429722 DTXSID20522017
DTXSID90604692	DTXSID20468406 DTXSID70626953 DTXSID80847713 DTXSID10604513 DTXSID80855555 DTXSID00791224 DTXSID50734909 DTXSID80407179 DTXSID30822737 DTXSID70668499 DTXSID50313612 DTXSID90167257 DTXSID3059505 DTXSID00366178 DTXSID00655514 DTXSID30811328 DTXSID10765572 DTXSID00219099 DTXSID30510223 DTXSID60177267
DTXSID10364706	DTXSID30828991 DTXSID80407917 DTXSID80346776 DTXSID50818117 DTXSID70400336 DTXSID9068742 DTXSID40762559 DTXSID00571028 DTXSID90427267 DTXSID20590216 DTXSID50374208 DTXSID40589445 DTXSID00604284 DTXSID60359485 DTXSID90585790 DTXSID50684233 DTXSID70712704 DTXSID40322470 DTXSID70593232 DTXSID00444107
DTXSID40677533	DTXSID70355690 DTXSID70650152 DTXSID80646627 DTXSID30618536 DTXSID40626425 DTXSID90405606 DTXSID80377949 DTXSID10857380 DTXSID20168616 DTXSID60671937 DTXSID00739141 DTXSID60195325 DTXSID6044858 DTXSID10397478 DTXSID00211053 DTXSID60442068 DTXSID30725810 DTXSID30646551 DTXSID40646461 DTXSID50729193
DTXSID40282005	DTXSID90182581 DTXSID40244168 DTXSID50833365 DTXSID90608771 DTXSID40616866 DTXSID10566046 DTXSID00429853 DTXSID90234635 DTXSID80471577 DTXSID90149336 DTXSID50280274 DTXSID10478554 DTXSID00824708 DTXSID90548921 DTXSID50302824 DTXSID90284776 DTXSID60395929 DTXSID20375085 DTXSID60466481 DTXSID30485745
DTXSID40406567	DTXSID80822181 DTXSID30505255 DTXSID90548921 DTXSID70705772 DTXSID40187829 DTXSID90646759 DTXSID80666542 DTXSID90780066 DTXSID00855931 DTXSID70394983 DTXSID70826658 DTXSID20401419 DTXSID90234635 DTXSID90362083 DTXSID00429853 DTXSID30708643 DTXSID50312665 DTXSID50679149 DTXSID50824511 DTXSID90284776
DTXSID60536810	DTXSID20368295 DTXSID10483385 DTXSID70449649 DTXSID00559149 DTXSID50395110 DTXSID00536894 DTXSID70504686 DTXSID10408856 DTXSID90698511 DTXSID30750945 DTXSID10727837 DTXSID70392484 DTXSID10179115 DTXSID70744909 DTXSID80343442 DTXSID50354621 DTXSID40757309 DTXSID20718998 DTXSID10495721 DTXSID70811428
DTXSID00821737	DTXSID90651646 DTXSID70743018 DTXSID80378471 DTXSID80291934 DTXSID90878937 DTXSID40520530 DTXSID60818360 DTXSID60591944 DTXSID30505119 DTXSID40593845 DTXSID20641257 DTXSID50372082 DTXSID80492207 DTXSID20429017 DTXSID10661166 DTXSID30672274 DTXSID70619067 DTXSID70385795 DTXSID60591924 DTXSID40444308
DTXSID40577988	DTXSID80682262 DTXSID20847232 DTXSID10847428 DTXSID20756335 DTXSID80552653 DTXSID90626591 DTXSID10712061 DTXSID40693233 DTXSID70736602 DTXSID30873623 DTXSID70392924 DTXSID20858505 DTXSID20590413 DTXSID20532696 DTXSID20761262 DTXSID80513800 DTXSID40581646 DTXSID70496658 DTXSID20778618 DTXSID20743427
DTXSID40844263	DTXSID00370831 DTXSID90451325 DTXSID50163578 DTXSID60787986 DTXSID30344343 DTXSID60744135 DTXSID70576984 DTXSID40444409 DTXSID90456395 DTXSID80446200 DTXSID60669233 DTXSID10466890 DTXSID90571577 DTXSID80638709 DTXSID10172580 DTXSID10712405 DTXSID30857448 DTXSID80505523 DTXSID60343642 DTXSID10466719
DTXSID9025403	DTXSID00651859 DTXSID00418545 DTXSID40288729 DTXSID70760740 DTXSID7044764 DTXSID00390094 DTXSID9073628 DTXSID20503528 DTXSID30238455 DTXSID90702268 DTXSID80405872 DTXSID20848446 DTXSID20830144 DTXSID30652637 DTXSID70223906 DTXSID70367112 DTXSID40452140 DTXSID40289458 DTXSID60312575 DTXSID90585831
DTXSID6069826	DTXSID50652477 DTXSID80198156 DTXSID20337704 DTXSID2065757 DTXSID60562871 DTXSID90634898 DTXSID90780425 DTXSID30609742 DTXSID1041398 DTXSID70276578 DTXSID60181147 DTXSID90758447 DTXSID30528040 DTXSID30336900 DTXSID50762621 DTXSID10206612 DTXSID90771570 DTXSID00601051 DTXSID40818368 DTXSID3067231
DTXSID30787579	DTXSID40490704 DTXSID1068437 DTXSID30517191 DTXSID20674247 DTXSID70883569 DTXSID10805644 DTXSID70505077 DTXSID00375386 DTXSID10399275 DTXSID00446909 DTXSID60319948 DTXSID80585729 DTXSID20383463 DTXSID40288087 DTXSID40775720 DTXSID80436883 DTXSID30600895 DTXSID70549451 DTXSID60883917 DTXSID70792849
DTXSID70337219	DTXSID00472203 DTXSID10700589 DTXSID10472875 DTXSID00721061 DTXSID40632283 DTXSID20559702 DTXSID80297436 DTXSID90675221 DTXSID30876518 DTXSID80238243 DTXSID90379459 DTXSID40243454 DTXSID70810077 DTXSID60734213 DTXSID50218754 DTXSID80308516 DTXSID30876114 DTXSID20185540 DTXSID70425569 DTXSID10478690
DTXSID90766845	DTXSID60790970 DTXSID60885077 DTXSID20814500 DTXSID20230322 DTXSID30575670 DTXSID30566341 DTXSID1068300 DTXSID20752115 DTXSID50184647 DTXSID30223285 DTXSID20888029 DTXSID00498408 DTXSID80814501 DTXSID60388215 DTXSID90216335 DTXSID1068019 DTXSID50404352 DTXSID1040247 DTXSID10758949 DTXSID0062921
DTXSID40700032	DTXSID40815115 DTXSID50757779 DTXSID50845665 DTXSID80466281 DTXSID00494304 DTXSID00771182 DTXSID40494565 DTXSID60790435 DTXSID40809372 DTXSID70243806 DTXSID50851009 DTXSID10578240 DTXSID40186074 DTXSID60445433 DTXSID20624161 DTXSID10667643 DTXSID20708556 DTXSID20475751 DTXSID00809813 DTXSID20173846
DTXSID3070418	DTXSID70484939 DTXSID20288823 DTXSID00840362 DTXSID20844908 DTXSID00787248 DTXSID30851340 DTXSID20558952 DTXSID30615146 DTXSID10736287 DTXSID80694027 DTXSID80844909 DTXSID60810940 DTXSID50797998 DTXSID90292492 DTXSID70580602 DTXSID10388942 DTXSID80232084 DTXSID90221166 DTXSID40869951 DTXSID50752865
DTXSID50490730	DTXSID70742980 DTXSID70309077 DTXSID00504730 DTXSID50738568 DTXSID90501470 DTXSID90509411 DTXSID70431468 DTXSID20424360 DTXSID90708402 DTXSID20603496 DTXSID90810493 DTXSID00440826 DTXSID70614779 DTXSID00436880 DTXSID70506822 DTXSID20170274 DTXSID20790592 DTXSID30176388 DTXSID90843903 DTXSID90694952
DTXSID20578554	DTXSID10712182 DTXSID30562621 DTXSID40365145 DTXSID70558563 DTXSID30580148 DTXSID70470251 DTXSID90736028 DTXSID70445343 DTXSID00480989 DTXSID00399320 DTXSID30190943 DTXSID20539948 DTXSID50816810 DTXSID20721068 DTXSID70642537 DTXSID00465357 DTXSID70193337 DTXSID50696457 DTXSID10537195 DTXSID90562627
DTXSID50812953	DTXSID90452650 DTXSID10195335 DTXSID60400628 DTXSID90444015 DTXSID50289141 DTXSID60840989 DTXSID10494698 DTXSID50623167 DTXSID50696210 DTXSID50592203 DTXSID20312470 DTXSID90653125 DTXSID70469226 DTXSID50808230 DTXSID40701504 DTXSID40619211 DTXSID30555654 DTXSID30575877 DTXSID90739716 DTXSID60709284
DTXSID70433149	DTXSID10182583 DTXSID40883091 DTXSID90425687 DTXSID10542067 DTXSID50400233 DTXSID70412616 DTXSID50857460 DTXSID60227594 DTXSID50739176 DTXSID70327438 DTXSID20300817 DTXSID60749685 DTXSID20462242 DTXSID20179929 DTXSID30630197 DTXSID90474150 DTXSID10720242 DTXSID20723749 DTXSID20222681 DTXSID50613806
DTXSID60435793	DTXSID50303811 DTXSID50292099 DTXSID10292499 DTXSID30659560 DTXSID30423703 DTXSID10395035 DTXSID00314654 DTXSID40349804 DTXSID80724015 DTXSID10805306 DTXSID50308568 DTXSID00311522 DTXSID70488179 DTXSID20190891 DTXSID40405636 DTXSID60700392 DTXSID60897039 DTXSID00242185 DTXSID10142980 DTXSID70238095
DTXSID30218212	DTXSID50675348 DTXSID80816742 DTXSID90413625 DTXSID70822711 DTXSID50320407 DTXSID70536543 DTXSID00638044 DTXSID90674855 DTXSID90750981 DTXSID20630964 DTXSID50170787 DTXSID10822073 DTXSID70822074 DTXSID60566011 DTXSID80633759 DTXSID90500261 DTXSID80311045 DTXSID20320999 DTXSID80365482 DTXSID00275099
DTXSID60146670	DTXSID0075027 DTXSID80891978 DTXSID70781576 DTXSID90554224 DTXSID40705946 DTXSID90298272 DTXSID40501107 DTXSID8070417 DTXSID40821493 DTXSID30821189 DTXSID90591033 DTXSID50774446 DTXSID30707813 DTXSID6039685 DTXSID40220346 DTXSID00853295 DTXSID40828008 DTXSID00769261 DTXSID80708279 DTXSID50841546
DTXSID90284453	DTXSID30510687 DTXSID60497038 DTXSID00406482 DTXSID70296791 DTXSID10820953 DTXSID40340250 DTXSID00576694 DTXSID40828184 DTXSID40460861 DTXSID50602699 DTXSID70841881 DTXSID80668364 DTXSID40786952 DTXSID80611193 DTXSID80780196 DTXSID40415351 DTXSID10188005 DTXSID10558300 DTXSID70367879 DTXSID60718134
DTXSID50512269	DTXSID30521950 DTXSID30678938 DTXSID80740250 DTXSID30428359 DTXSID40199841 DTXSID60879411 DTXSID20406202 DTXSID10622999 DTXSID50356327 DTXSID00356392 DTXSID70487647 DTXSID10716180 DTXSID10763412 DTXSID20405593 DTXSID30591214 DTXSID10618519 DTXSID10675647 DTXSID90695323 DTXSID30227566 DTXSID10202078
DTXSID50526447	DTXSID90473567 DTXSID00614161 DTXSID00420845 DTXSID70561315 DTXSID30662913 DTXSID10287204 DTXSID70647749 DTXSID40293717 DTXSID30194385 DTXSID50846839 DTXSID00495098 DTXSID20585788 DTXSID50533277 DTXSID00312019 DTXSID10296831 DTXSID20357220 DTXSID80206947 DTXSID00621850 DTXSID80464787 DTXSID50571472
DTXSID40194710	DTXSID50552443 DTXSID80275835 DTXSID0046513 DTXSID80331586 DTXSID60478428 DTXSID40601636 DTXSID70399014 DTXSID80601635 DTXSID30772566 DTXSID1040247 DTXSID20806607 DTXSID20837451 DTXSID80437850 DTXSID90443907 DTXSID80814501 DTXSID1070856 DTXSID80766536 DTXSID50404352 DTXSID60388215 DTXSID90216335
DTXSID00876626	DTXSID90625963 DTXSID00806822 DTXSID30727910 DTXSID20705222 DTXSID70784229 DTXSID10586542 DTXSID30799096 DTXSID10296836 DTXSID00566611 DTXSID30290992 DTXSID70403367 DTXSID00672786 DTXSID40295776 DTXSID10536082 DTXSID50396228 DTXSID50236892 DTXSID60879315 DTXSID20432561 DTXSID10391274 DTXSID90164963
DTXSID30155633	DTXSID10744741 DTXSID00767500 DTXSID90693561 DTXSID20797647 DTXSID70800130 DTXSID60469452 DTXSID10843167 DTXSID70574283 DTXSID30579431 DTXSID00527000 DTXSID50214771 DTXSID90278413 DTXSID20336777 DTXSID00752693 DTXSID80241994 DTXSID50709955 DTXSID90806856 DTXSID6048888 DTXSID20701062 DTXSID30174849
DTXSID70576984	DTXSID10172580 DTXSID90571577 DTXSID70632195 DTXSID80505523 DTXSID50622817 DTXSID40549185 DTXSID60669233 DTXSID90451325 DTXSID40444409 DTXSID30444993 DTXSID00668987 DTXSID70669229 DTXSID50356468 DTXSID40446483 DTXSID80457351 DTXSID20500057 DTXSID40175741 DTXSID00670222 DTXSID10777554 DTXSID80593521
DTXSID40280980	DTXSID40696461 DTXSID50569319 DTXSID00196518 DTXSID40633972 DTXSID80851239 DTXSID10277524 DTXSID10651542 DTXSID70610039 DTXSID50304449 DTXSID80771766 DTXSID00508096 DTXSID70837562 DTXSID20867834 DTXSID0073291 DTXSID90370522 DTXSID30474098 DTXSID00567961 DTXSID10292035 DTXSID30428374 DTXSID90811162
DTXSID80346155	DTXSID90509850 DTXSID70499967 DTXSID40606005 DTXSID80800126 DTXSID80342874 DTXSID50579054 DTXSID40144790 DTXSID50621542 DTXSID30707191 DTXSID6044773 DTXSID80343765 DTXSID90406638 DTXSID40289256 DTXSID30169250 DTXSID00409610 DTXSID20475594 DTXSID60778778 DTXSID80611870 DTXSID00642424 DTXSID20792955
DTXSID70709538	DTXSID5072486 DTXSID60654826 DTXSID30572765 DTXSID60169208 DTXSID20448329 DTXSID70438497 DTXSID50179492 DTXSID00560770 DTXSID30544588 DTXSID60336195 DTXSID80169503 DTXSID10442659 DTXSID50632214 DTXSID80179102 DTXSID20680227 DTXSID60277670 DTXSID10525310 DTXSID60834747 DTXSID3061552 DTXSID70405947
DTXSID30392389	DTXSID20733227 DTXSID60463218 DTXSID60159780 DTXSID80323547 DTXSID00575607 DTXSID00596397 DTXSID50814391 DTXSID30878370 DTXSID0070784 DTXSID70592149 DTXSID30276034 DTXSID00649599 DTXSID40677331 DTXSID90328740 DTXSID40163623 DTXSID40875118 DTXSID90217423 DTXSID40556793 DTXSID70336909 DTXSID70717870
DTXSID50727159	DTXSID60508572 DTXSID20618585 DTXSID30465360 DTXSID60487459 DTXSID50719099 DTXSID90700688 DTXSID00500813 DTXSID20835912 DTXSID80452503 DTXSID30168268 DTXSID00518872 DTXSID50302703 DTXSID10335214 DTXSID30811020 DTXSID70179717 DTXSID00544772 DTXSID20563844 DTXSID50590062 DTXSID90642135 DTXSID30418775
DTXSID90614711	DTXSID50230830 DTXSID60443631 DTXSID60365925 DTXSID40598698 DTXSID90640813 DTXSID40319825 DTXSID20840849 DTXSID40794991 DTXSID4060739 DTXSID10565357 DTXSID90374045 DTXSID00625732 DTXSID00472844 DTXSID60625354 DTXSID00350315 DTXSID80817057 DTXSID20473212 DTXSID80391327 DTXSID50310747 DTXSID60711948
DTXSID60876440	DTXSID00656980 DTXSID80822580 DTXSID80756058 DTXSID40414687 DTXSID70397570 DTXSID50713451 DTXSID10474798 DTXSID60145840 DTXSID9021712 DTXSID10325094 DTXSID40876847 DTXSID40296925 DTXSID40552573 DTXSID90185370 DTXSID00661216 DTXSID10459469 DTXSID60537100 DTXSID80657213 DTXSID30618773 DTXSID00503940
DTXSID50635109	DTXSID50798788 DTXSID90657128 DTXSID80199027 DTXSID90788966 DTXSID00678940 DTXSID00712717 DTXSID40351048 DTXSID4059253 DTXSID50737298 DTXSID10841668 DTXSID80647316 DTXSID50808376 DTXSID40736614 DTXSID60147440 DTXSID10660230 DTXSID80370950 DTXSID90401300 DTXSID20608365 DTXSID80666461 DTXSID50743511
DTXSID30726443	DTXSID40392234 DTXSID60856924 DTXSID30350808 DTXSID40200729 DTXSID00642146 DTXSID60707341 DTXSID10350624 DTXSID50879561 DTXSID00603530 DTXSID90278397 DTXSID60193508 DTXSID00897119 DTXSID60720717 DTXSID80584818 DTXSID10650333 DTXSID40517344 DTXSID50680477 DTXSID50509235 DTXSID50368960 DTXSID40533943
DTXSID30496230	DTXSID80519504 DTXSID30165636 DTXSID90527650 DTXSID40276348 DTXSID50640374 DTXSID30542463 DTXSID50559694 DTXSID90366985 DTXSID70562589 DTXSID8036653 DTXSID80402341 DTXSID80795366 DTXSID90578445 DTXSID80834981 DTXSID00774294 DTXSID50656218 DTXSID70379053 DTXSID40490688 DTXSID40786316 DTXSID90730243
DTXSID60872285	DTXSID20755202 DTXSID20181421 DTXSID50782980 DTXSID10824153 DTXSID20242945 DTXSID10511157 DTXSID60775681 DTXSID50767838 DTXSID80274202 DTXSID60816366 DTXSID50507599 DTXSID30429503 DTXSID7072040 DTXSID10202674 DTXSID60242747 DTXSID60780199 DTXSID10699585 DTXSID90763152 DTXSID30710786 DTXSID40563189
DTXSID20170794	DTXSID60580712 DTXSID20352578 DTXSID00317504 DTXSID30621282 DTXSID50328600 DTXSID40392471 DTXSID40300233 DTXSID60188272 DTXSID70757958 DTXSID50421524 DTXSID40756958 DTXSID90468857 DTXSID70212037 DTXSID00389746 DTXSID40532698 DTXSID80792436 DTXSID10755897 DTXSID10275540 DTXSID20591980 DTXSID50508066
DTXSID50473725	DTXSID20456863 DTXSID40538579 DTXSID90175716 DTXSID50695324 DTXSID80646728 DTXSID90734408 DTXSID40857631 DTXSID60373409 DTXSID30780308 DTXSID20827933 DTXSID20696449 DTXSID50358169 DTXSID00721127 DTXSID70190700 DTXSID80303223 DTXSID50427622 DTXSID60551149 DTXSID10623385 DTXSID50599959 DTXSID20817016
DTXSID60399760	DTXSID10410373 DTXSID00405955 DTXSID90850096 DTXSID00338633 DTXSID80156756 DTXSID10560226 DTXSID80275936 DTXSID10809501 DTXSID80175861 DTXSID50736206 DTXSID10237007 DTXSID50286514 DTXSID00206505 DTXSID50505318 DTXSID70569992 DTXSID80715221 DTXSID30852630 DTXSID60738998 DTXSID00405935 DTXSID00562052
DTXSID10786702	DTXSID90302707 DTXSID00438884 DTXSID10884631 DTXSID40441716 DTXSID30396761 DTXSID00615431 DTXSID00364578 DTXSID50460130 DTXSID20527587 DTXSID70418875 DTXSID90353214 DTXSID60675172 DTXSID2051978 DTXSID80452144 DTXSID80787827 DTXSID40519863 DTXSID20477457 DTXSID00735688 DTXSID40705805 DTXSID50467720
DTXSID00444965	DTXSID60484049 DTXSID10285503 DTXSID20455836 DTXSID50481946 DTXSID00642146 DTXSID10586320 DTXSID80484844 DTXSID7044506 DTXSID00603530 DTXSID20403978 DTXSID60460080 DTXSID80278947 DTXSID60183484 DTXSID90352303 DTXSID50368783 DTXSID20161445 DTXSID60816780 DTXSID50680477 DTXSID50368960 DTXSID40200729
DTXSID30583295	DTXSID80573368 DTXSID80482123 DTXSID50170020 DTXSID00382853 DTXSID40407716 DTXSID90571239 DTXSID40671112 DTXSID80293478 DTXSID10181718 DTXSID00576634 DTXSID8060298 DTXSID60427815 DTXSID10642071 DTXSID10391274 DTXSID10298976 DTXSID60695037 DTXSID20580753 DTXSID30308581 DTXSID90162424 DTXSID40634126
DTXSID70693443	DTXSID00656147 DTXSID00721061 DTXSID90379459 DTXSID90294173 DTXSID40433398 DTXSID70473525 DTXSID10472875 DTXSID80378714 DTXSID30876114 DTXSID00373802 DTXSID80297436 DTXSID50841824 DTXSID20559702 DTXSID00392376 DTXSID70652439 DTXSID30483029 DTXSID30344606 DTXSID30241545 DTXSID30876518 DTXSID20185540
DTXSID60827836	DTXSID3064437 DTXSID30707171 DTXSID7062829 DTXSID90801740 DTXSID40847931 DTXSID10166560 DTXSID70700545 DTXSID10806954 DTXSID60657655 DTXSID80755203 DTXSID40781846 DTXSID80808061 DTXSID90721252 DTXSID30561457 DTXSID00181227 DTXSID9060780 DTXSID20544754 DTXSID80761743 DTXSID40277350 DTXSID80336930
DTXSID10711458	DTXSID10712521 DTXSID70236576 DTXSID90404977 DTXSID60598519 DTXSID50823948 DTXSID70775273 DTXSID50775251 DTXSID50753675 DTXSID00543068 DTXSID50767959 DTXSID50576301 DTXSID90437669 DTXSID00597728 DTXSID20240441 DTXSID30336546 DTXSID80708456 DTXSID40880888 DTXSID80887654 DTXSID9051741 DTXSID40707182
DTXSID10400618	DTXSID70659620 DTXSID60791689 DTXSID10752705 DTXSID90771979 DTXSID80503882 DTXSID60633636 DTXSID30471749 DTXSID60612921 DTXSID50233720 DTXSID50213486 DTXSID80819899 DTXSID70484651 DTXSID40526072 DTXSID00511303 DTXSID30673827 DTXSID40328396 DTXSID50186787 DTXSID30751750 DTXSID80535885 DTXSID20297238
DTXSID50179492	DTXSID60654826 DTXSID10501058 DTXSID30572765 DTXSID70709538 DTXSID60169208 DTXSID5072486 DTXSID40472146 DTXSID90749330 DTXSID70438497 DTXSID80169503 DTXSID20448329 DTXSID00560770 DTXSID40455419 DTXSID60488421 DTXSID5061245 DTXSID00582912 DTXSID30544588 DTXSID80423814 DTXSID20733065 DTXSID80179102
DTXSID80648242	DTXSID60377861 DTXSID00209354 DTXSID20723880 DTXSID60590538 DTXSID90657047 DTXSID80336576 DTXSID30447005 DTXSID70766141 DTXSID00716235 DTXSID60527743 DTXSID60844886 DTXSID40550190 DTXSID80223154 DTXSID50844996 DTXSID10165937 DTXSID80674147 DTXSID00489694 DTXSID60676942 DTXSID20639957 DTXSID40791662
DTXSID90595591	DTXSID90353012 DTXSID60388351 DTXSID80143106 DTXSID00165183 DTXSID90552402 DTXSID80424684 DTXSID00551229 DTXSID40299517 DTXSID20441052 DTXSID10810950 DTXSID70176387 DTXSID20384834 DTXSID20143105 DTXSID60424440 DTXSID30423223 DTXSID10739596 DTXSID80597680 DTXSID30176383 DTXSID30838752 DTXSID10840459
DTXSID20167826	DTXSID10297585 DTXSID00635194 DTXSID70852235 DTXSID00694584 DTXSID60834747 DTXSID80615070 DTXSID4065604 DTXSID20342752 DTXSID80423814 DTXSID20212729 DTXSID50505358 DTXSID80179102 DTXSID10778389 DTXSID6048096 DTXSID90365271 DTXSID70603769 DTXSID60428125 DTXSID40773322 DTXSID60277670 DTXSID00560770
DTXSID70598186	DTXSID30287165 DTXSID80284801 DTXSID60818047 DTXSID70376901 DTXSID40207955 DTXSID90654910 DTXSID50181631 DTXSID70226876 DTXSID40596033 DTXSID90630138 DTXSID20281692 DTXSID40823058 DTXSID30642376 DTXSID80851436 DTXSID30620730 DTXSID30560804 DTXSID20474981 DTXSID30164543 DTXSID50705750 DTXSID90694497
DTXSID90234635	DTXSID90646759 DTXSID90284776 DTXSID90548921 DTXSID00824708 DTXSID60574717 DTXSID70705772 DTXSID50833365 DTXSID80666542 DTXSID40282005 DTXSID20401419 DTXSID40406567 DTXSID40244168 DTXSID00429853 DTXSID10366846 DTXSID90362083 DTXSID40187829 DTXSID20310830 DTXSID00855931 DTXSID10566046 DTXSID50616039
DTXSID50727371	DTXSID80696900 DTXSID90676672 DTXSID20372610 DTXSID20856708 DTXSID10677540 DTXSID50372744 DTXSID00727285 DTXSID70616435 DTXSID80593006 DTXSID60590174 DTXSID70725576 DTXSID60722973 DTXSID30363392 DTXSID80499195 DTXSID60716675 DTXSID10743259 DTXSID60624024 DTXSID20728991 DTXSID40672548 DTXSID40508237
DTXSID20862849	DTXSID20533542 DTXSID90486990 DTXSID60550096 DTXSID5068233 DTXSID70500269 DTXSID80338176 DTXSID80640201 DTXSID70611081 DTXSID20645871 DTXSID80876523 DTXSID90200471 DTXSID80744117 DTXSID20656366 DTXSID50474550 DTXSID70724044 DTXSID80492621 DTXSID60813077 DTXSID40504491 DTXSID80771185 DTXSID50767873
DTXSID30676873	DTXSID00199842 DTXSID40629911 DTXSID20677798 DTXSID30671207 DTXSID20879053 DTXSID90694957 DTXSID20646787 DTXSID10726481 DTXSID50669924 DTXSID20655894 DTXSID80404406 DTXSID10435248 DTXSID30305550 DTXSID40538554 DTXSID40615374 DTXSID00701106 DTXSID90319299 DTXSID60583001 DTXSID10508668 DTXSID80732155
DTXSID60707765	DTXSID00462982 DTXSID70805822 DTXSID40183785 DTXSID80279131 DTXSID30397672 DTXSID50681040 DTXSID50306463 DTXSID10732825 DTXSID80190337 DTXSID40694588 DTXSID60320630 DTXSID10672792 DTXSID00854560 DTXSID70283222 DTXSID50315419 DTXSID90783198 DTXSID70668075 DTXSID70287543 DTXSID40415679 DTXSID80321321
DTXSID30612413	DTXSID10479400 DTXSID80792577 DTXSID10241008 DTXSID90401769 DTXSID60193886 DTXSID70737932 DTXSID60796033 DTXSID30560844 DTXSID10673926 DTXSID30225522 DTXSID50290732 DTXSID10704628 DTXSID60148270 DTXSID40674047 DTXSID40719366 DTXSID60522172 DTXSID50653984 DTXSID00706676 DTXSID00529488 DTXSID10772044
DTXSID1066786	DTXSID30460875 DTXSID90407241 DTXSID70734123 DTXSID10170304 DTXSID30635122 DTXSID30418073 DTXSID90623222 DTXSID10316184 DTXSID00421433 DTXSID20380033 DTXSID60514936 DTXSID00837035 DTXSID90443664 DTXSID70513854 DTXSID30760367 DTXSID20336196 DTXSID30585375 DTXSID20403231 DTXSID80155062 DTXSID40829530
DTXSID20372756	DTXSID80215670 DTXSID00571927 DTXSID00473518 DTXSID30642235 DTXSID40559067 DTXSID20351187 DTXSID40752753 DTXSID60618928 DTXSID80857236 DTXSID00453198 DTXSID1065899 DTXSID40287797 DTXSID70857447 DTXSID10342625 DTXSID80380034 DTXSID70438513 DTXSID00768097 DTXSID00178112 DTXSID80214022 DTXSID00614904
DTXSID40792871	DTXSID70320828 DTXSID90493144 DTXSID20876264 DTXSID00490846 DTXSID00427854 DTXSID90485307 DTXSID80664260 DTXSID70472139 DTXSID50310126 DTXSID50638155 DTXSID40427853 DTXSID50663063 DTXSID20542811 DTXSID60668665 DTXSID40222441 DTXSID80514418 DTXSID00308578 DTXSID70170840 DTXSID80320612 DTXSID70672475
DTXSID30196965	DTXSID20199061 DTXSID30796242 DTXSID70891942 DTXSID00527666 DTXSID10503471 DTXSID4063614 DTXSID50828135 DTXSID40835535 DTXSID1069825 DTXSID80847470 DTXSID20210280 DTXSID00160532 DTXSID10206612 DTXSID60276426 DTXSID30819268 DTXSID70239188 DTXSID1041398 DTXSID50456093 DTXSID60562871 DTXSID6069826
DTXSID70437263	DTXSID00593189 DTXSID10597638 DTXSID00782258 DTXSID50310146 DTXSID70873607 DTXSID70332168 DTXSID80443759 DTXSID90346222 DTXSID70876870 DTXSID10416330 DTXSID30514887 DTXSID40551263 DTXSID90774102 DTXSID10667143 DTXSID40145843 DTXSID40314517 DTXSID30202232 DTXSID70773471 DTXSID90147751 DTXSID80308374
DTXSID60196094	DTXSID10384429 DTXSID70668959 DTXSID90791359 DTXSID20739784 DTXSID70628795 DTXSID70875984 DTXSID00346298 DTXSID1067833 DTXSID70815446 DTXSID50837267 DTXSID70725612 DTXSID20408685 DTXSID80196773 DTXSID00352617 DTXSID90699861 DTXSID00291855 DTXSID80538619 DTXSID40308254 DTXSID80787605 DTXSID80325723
DTXSID30896094	DTXSID60842948 DTXSID00151203 DTXSID40640585 DTXSID80778154 DTXSID70827923 DTXSID00748632 DTXSID70303818 DTXSID30551237 DTXSID50488652 DTXSID40698521 DTXSID90222451 DTXSID70599113 DTXSID80736431 DTXSID20488649 DTXSID80478263 DTXSID30476911 DTXSID80232569 DTXSID60160179 DTXSID00697494 DTXSID50147792
DTXSID60552611	DTXSID80665419 DTXSID20545261 DTXSID10855821 DTXSID50323554 DTXSID10632250 DTXSID3042506 DTXSID60670046 DTXSID70398168 DTXSID30218136 DTXSID30434854 DTXSID70372524 DTXSID00744412 DTXSID60143962 DTXSID90308284 DTXSID80514776 DTXSID10394942 DTXSID10483789 DTXSID10177959 DTXSID60439599 DTXSID30685400
DTXSID00374899	DTXSID30716667 DTXSID40533160 DTXSID60401296 DTXSID00469355 DTXSID40466202 DTXSID50818157 DTXSID60325625 DTXSID50181656 DTXSID00156475 DTXSID30709610 DTXSID60622580 DTXSID30282190 DTXSID40452741 DTXSID70235529 DTXSID00694620 DTXSID50809828 DTXSID80560576 DTXSID50389458 DTXSID70672798 DTXSID20217613
DTXSID60405779	DTXSID30588169 DTXSID50799997 DTXSID30733677 DTXSID00758317 DTXSID70606538 DTXSID40697155 DTXSID60586219 DTXSID50847765 DTXSID30666274 DTXSID50457540 DTXSID20445999 DTXSID70826239 DTXSID60640800 DTXSID80543420 DTXSID80876684 DTXSID50534148 DTXSID40661119 DTXSID30385110 DTXSID20781243 DTXSID90616912
DTXSID20298200	DTXSID80453838 DTXSID80712533 DTXSID70195699 DTXSID60675071 DTXSID20671716 DTXSID10375655 DTXSID00729865 DTXSID40545728 DTXSID80706492 DTXSID90651202 DTXSID60458280 DTXSID30532662 DTXSID30499004 DTXSID90700087 DTXSID50496494 DTXSID50727174 DTXSID10547673 DTXSID90547671 DTXSID50402671 DTXSID80409214
DTXSID50485202	DTXSID10601885 DTXSID50521331 DTXSID50424015 DTXSID90458399 DTXSID10617880 DTXSID40156419 DTXSID20877630 DTXSID30755233 DTXSID50793056 DTXSID30280398 DTXSID50345559 DTXSID10814993 DTXSID60732693 DTXSID20808909 DTXSID40749587 DTXSID30443108 DTXSID40338899 DTXSID80149663 DTXSID40211870 DTXSID30455463
DTXSID80545565	DTXSID40483212 DTXSID10485607 DTXSID80738591 DTXSID20567509 DTXSID00843479 DTXSID20477457 DTXSID70343335 DTXSID00615431 DTXSID90353214 DTXSID10884631 DTXSID80196490 DTXSID80782812 DTXSID80483211 DTXSID90302707 DTXSID60675172 DTXSID2051978 DTXSID20527587 DTXSID80222480 DTXSID00303785 DTXSID60179645
DTXSID50188105	DTXSID40508237 DTXSID60624024 DTXSID80499195 DTXSID40777906 DTXSID50372744 DTXSID50351190 DTXSID00482887 DTXSID00346814 DTXSID30739831 DTXSID90621804 DTXSID70857629 DTXSID50588202 DTXSID10422234 DTXSID70725576 DTXSID70616435 DTXSID30444372 DTXSID60640668 DTXSID70566047 DTXSID10478731 DTXSID60731106
DTXSID80603654	DTXSID20639957 DTXSID40526577 DTXSID80369228 DTXSID40493593 DTXSID00802844 DTXSID30447005 DTXSID60590538 DTXSID7029372 DTXSID70531472 DTXSID70319419 DTXSID10327533 DTXSID80674147 DTXSID60377861 DTXSID20765669 DTXSID00209354 DTXSID20522476 DTXSID30524481 DTXSID50719852 DTXSID90657047 DTXSID80336576
DTXSID80615070	DTXSID6048096 DTXSID70852235 DTXSID00694584 DTXSID40773322 DTXSID4065604 DTXSID00635194 DTXSID20167826 DTXSID00423917 DTXSID40173409 DTXSID00534895 DTXSID20342752 DTXSID70682094 DTXSID50497966 DTXSID40844809 DTXSID60428125 DTXSID90663507 DTXSID70603769 DTXSID90179198 DTXSID70499624 DTXSID10724700
DTXSID80615075	DTXSID70748301 DTXSID90527695 DTXSID80284886 DTXSID90339417 DTXSID30311434 DTXSID10656335 DTXSID20695831 DTXSID60780356 DTXSID90805602 DTXSID80465552 DTXSID80422327 DTXSID50664979 DTXSID90624390 DTXSID30742365 DTXSID50303497 DTXSID40241632 DTXSID40658504 DTXSID50653949 DTXSID5051602 DTXSID70530864
DTXSID80769224	DTXSID00425279 DTXSID50355557 DTXSID00363127 DTXSID60800821 DTXSID00640667 DTXSID40493992 DTXSID00313622 DTXSID40485019 DTXSID70612538 DTXSID10740400 DTXSID80879493 DTXSID50294250 DTXSID00615794 DTXSID50552847 DTXSID60571408 DTXSID60656749 DTXSID80627799 DTXSID70879543 DTXSID70651745 DTXSID90771333
DTXSID00856726	DTXSID60204461 DTXSID20671211 DTXSID10287587 DTXSID30218010 DTXSID10462918 DTXSID20626403 DTXSID90787550 DTXSID50613285 DTXSID00632204 DTXSID90346863 DTXSID5052626 DTXSID1069952 DTXSID00625858 DTXSID40456507 DTXSID30428657 DTXSID10672237 DTXSID30531958 DTXSID30187171 DTXSID60772736 DTXSID20590251
DTXSID40212084	DTXSID70757352 DTXSID20504116 DTXSID20734330 DTXSID70676993 DTXSID80431070 DTXSID60877336 DTXSID20651114 DTXSID70398406 DTXSID70354880 DTXSID40315180 DTXSID50590385 DTXSID10784723 DTXSID70612250 DTXSID30593394 DTXSID90426730 DTXSID70840859 DTXSID60743481 DTXSID70836510 DTXSID10798188 DTXSID10528543
DTXSID40392234	DTXSID80584818 DTXSID30726443 DTXSID90278397 DTXSID00642146 DTXSID00603530 DTXSID50368960 DTXSID00897119 DTXSID10350624 DTXSID70281066 DTXSID60707341 DTXSID40200729 DTXSID40818449 DTXSID60460080 DTXSID30350808 DTXSID60816780 DTXSID60856924 DTXSID40295857 DTXSID40533943 DTXSID90352303 DTXSID10650333
DTXSID50303497	DTXSID70192522 DTXSID80373608 DTXSID00351640 DTXSID50664979 DTXSID00542773 DTXSID90339417 DTXSID10523215 DTXSID10656335 DTXSID00730375 DTXSID60780356 DTXSID20191888 DTXSID30879120 DTXSID70748301 DTXSID10398581 DTXSID70443980 DTXSID80615075 DTXSID80284886 DTXSID10655469 DTXSID30303157 DTXSID10344528
DTXSID70226876	DTXSID30287165 DTXSID00489694 DTXSID60818047 DTXSID40550190 DTXSID50181631 DTXSID70598186 DTXSID40823058 DTXSID70554121 DTXSID90654910 DTXSID70509818 DTXSID00716235 DTXSID10497361 DTXSID40596033 DTXSID60527743 DTXSID40791662 DTXSID40399561 DTXSID80284801 DTXSID50705750 DTXSID10189714 DTXSID50293203
DTXSID80769229	DTXSID70793053 DTXSID10831741 DTXSID50716826 DTXSID60786631 DTXSID30588563 DTXSID30574401 DTXSID60341123 DTXSID60209613 DTXSID50552842 DTXSID70398688 DTXSID10613125 DTXSID70702281 DTXSID80642422 DTXSID9051745 DTXSID40528793 DTXSID40432846 DTXSID90706640 DTXSID90702066 DTXSID40491817 DTXSID30481989
DTXSID60655318	DTXSID80801219 DTXSID90373674 DTXSID80699496 DTXSID50323675 DTXSID50535817 DTXSID90633644 DTXSID10724003 DTXSID60405698 DTXSID50630270 DTXSID90591699 DTXSID90827602 DTXSID70526808 DTXSID10735558 DTXSID40586070 DTXSID30464712 DTXSID80183441 DTXSID30609984 DTXSID70738949 DTXSID30440677 DTXSID20738530
DTXSID20332552	DTXSID80598798 DTXSID90313550 DTXSID90344864 DTXSID70764920 DTXSID00522010 DTXSID50627362 DTXSID60177267 DTXSID70814070 DTXSID30711637 DTXSID60586193 DTXSID60776895 DTXSID80528696 DTXSID40576476 DTXSID10374446 DTXSID20832421 DTXSID20876587 DTXSID70493445 DTXSID20662927 DTXSID40390038 DTXSID10448853
DTXSID30586246	DTXSID50197510 DTXSID80757646 DTXSID30536807 DTXSID10436856 DTXSID00739949 DTXSID70550401 DTXSID30327237 DTXSID00192772 DTXSID20352992 DTXSID70578327 DTXSID50388229 DTXSID40846969 DTXSID90614236 DTXSID90509411 DTXSID60609316 DTXSID60424884 DTXSID00504730 DTXSID90293308 DTXSID50738568 DTXSID20697239
DTXSID10428534	DTXSID60635918 DTXSID50649605 DTXSID60649439 DTXSID70874098 DTXSID60540114 DTXSID50215283 DTXSID70849443 DTXSID50651006 DTXSID60481972 DTXSID10144383 DTXSID10829527 DTXSID10528447 DTXSID1025693 DTXSID90696310 DTXSID20834965 DTXSID90453768 DTXSID80554157 DTXSID10834858 DTXSID10239804 DTXSID50528446
DTXSID30664371	DTXSID90732424 DTXSID30741914 DTXSID50751474 DTXSID00551289 DTXSID40743606 DTXSID50394522 DTXSID20430688 DTXSID60446788 DTXSID70350342 DTXSID80156493 DTXSID50400490 DTXSID1046506 DTXSID40615596 DTXSID7070769 DTXSID10551290 DTXSID20645255 DTXSID60896067 DTXSID70487647 DTXSID90152845 DTXSID40319289
DTXSID60799327	DTXSID10711913 DTXSID70411184 DTXSID70481504 DTXSID50660936 DTXSID00709662 DTXSID20159226 DTXSID60618206 DTXSID50429247 DTXSID90238173 DTXSID90343418 DTXSID40681493 DTXSID10448358 DTXSID20493516 DTXSID80354891 DTXSID80665479 DTXSID50602699 DTXSID00556951 DTXSID30817062 DTXSID20612189 DTXSID90747351
DTXSID60777408	DTXSID90376448 DTXSID2061480 DTXSID70641121 DTXSID10525294 DTXSID40783663 DTXSID00463292 DTXSID80317547 DTXSID20506014 DTXSID70663580 DTXSID80875894 DTXSID50610633 DTXSID40552518 DTXSID70500800 DTXSID20239537 DTXSID10518262 DTXSID10466491 DTXSID70534448 DTXSID00586415 DTXSID80444665 DTXSID60239536
DTXSID50760389	DTXSID80349621 DTXSID90402498 DTXSID00201055 DTXSID90794320 DTXSID20307184 DTXSID80395860 DTXSID10541414 DTXSID60291078 DTXSID00854560 DTXSID60510635 DTXSID80612887 DTXSID10491980 DTXSID40617934 DTXSID60325125 DTXSID20540610 DTXSID20465495 DTXSID40790019 DTXSID50681040 DTXSID60320630 DTXSID7023194
DTXSID50697161	DTXSID90626950 DTXSID60625354 DTXSID4060739 DTXSID60365925 DTXSID40794991 DTXSID90374045 DTXSID20180474 DTXSID90748782 DTXSID70657121 DTXSID90614711 DTXSID60443631 DTXSID40360872 DTXSID50230830 DTXSID50873509 DTXSID00350315 DTXSID80391327 DTXSID20840849 DTXSID90640813 DTXSID60157009 DTXSID60835436
DTXSID90695323	DTXSID60739526 DTXSID50631606 DTXSID10675647 DTXSID00299730 DTXSID10806398 DTXSID5070529 DTXSID10618519 DTXSID10177550 DTXSID90840538 DTXSID20406202 DTXSID00356392 DTXSID30591214 DTXSID30678938 DTXSID20368194 DTXSID50697429 DTXSID20834086 DTXSID80740250 DTXSID30787357 DTXSID50310520 DTXSID8060610
DTXSID80427877	DTXSID10570168 DTXSID00517608 DTXSID90672093 DTXSID60599107 DTXSID50663326 DTXSID60621331 DTXSID50743394 DTXSID90487321 DTXSID40162656 DTXSID40721429 DTXSID50533277 DTXSID80570155 DTXSID10518525 DTXSID30276372 DTXSID10453169 DTXSID80663551 DTXSID10296831 DTXSID40388879 DTXSID20207695 DTXSID00483556
DTXSID20318497	DTXSID10563075 DTXSID90616912 DTXSID80543420 DTXSID60442705 DTXSID90696739 DTXSID70409389 DTXSID50187390 DTXSID1063691 DTXSID40365761 DTXSID50457540 DTXSID80876684 DTXSID30733677 DTXSID30444615 DTXSID30617640 DTXSID60170096 DTXSID10388588 DTXSID00358154 DTXSID20781243 DTXSID20479512 DTXSID30666274
DTXSID00165183	DTXSID90595591 DTXSID20441052 DTXSID00551229 DTXSID90353012 DTXSID80424684 DTXSID10739596 DTXSID10810950 DTXSID30176383 DTXSID30423223 DTXSID80597680 DTXSID10840459 DTXSID40299517 DTXSID60388351 DTXSID20384834 DTXSID70176387 DTXSID90552402 DTXSID00681999 DTXSID10735396 DTXSID70344408 DTXSID80143106
DTXSID40767105	DTXSID70610372 DTXSID40733941 DTXSID00592430 DTXSID50561257 DTXSID30788844 DTXSID50561575 DTXSID60886903 DTXSID80675972 DTXSID50217121 DTXSID40392491 DTXSID40804983 DTXSID70801127 DTXSID50198623 DTXSID20595206 DTXSID70528064 DTXSID60834222 DTXSID50664858 DTXSID50275968 DTXSID50313596 DTXSID10547299
DTXSID50701292	DTXSID90703659 DTXSID70290799 DTXSID10676396 DTXSID70793598 DTXSID9072286 DTXSID60855710 DTXSID70180323 DTXSID10145572 DTXSID30615747 DTXSID90707354 DTXSID40652860 DTXSID40698844 DTXSID20430340 DTXSID20815698 DTXSID80241196 DTXSID50646715 DTXSID70445500 DTXSID90366162 DTXSID10705317 DTXSID90437447
DTXSID60705544	DTXSID40556990 DTXSID90457286 DTXSID90396409 DTXSID90362422 DTXSID70671842 DTXSID90567016 DTXSID50678379 DTXSID30350580 DTXSID80354715 DTXSID50524963 DTXSID10590482 DTXSID40508934 DTXSID90450050 DTXSID70721139 DTXSID40650068 DTXSID30885241 DTXSID70243846 DTXSID60497452 DTXSID60183868 DTXSID00166478
DTXSID90434118	DTXSID00242185 DTXSID20590271 DTXSID60317383 DTXSID50228318 DTXSID10395035 DTXSID10659285 DTXSID00309808 DTXSID20815799 DTXSID10517078 DTXSID60897039 DTXSID40820466 DTXSID60435793 DTXSID30708168 DTXSID80724015 DTXSID90598229 DTXSID50893606 DTXSID00846581 DTXSID40650629 DTXSID10385012 DTXSID80653437
DTXSID30770365	DTXSID1066239 DTXSID5047114 DTXSID60288589 DTXSID70751310 DTXSID80195044 DTXSID50783437 DTXSID50410539 DTXSID60598059 DTXSID90404730 DTXSID20195063 DTXSID5062398 DTXSID00559144 DTXSID70394423 DTXSID80576899 DTXSID20411452 DTXSID50757335 DTXSID0062921 DTXSID1068019 DTXSID40208523 DTXSID6063511
DTXSID70598666	DTXSID8066975 DTXSID50795277 DTXSID80591547 DTXSID20360335 DTXSID10679943 DTXSID60345565 DTXSID80375086 DTXSID5073115 DTXSID20311463 DTXSID50632259 DTXSID60283352 DTXSID60524732 DTXSID00243556 DTXSID90149336 DTXSID40616866 DTXSID60315960 DTXSID40425995 DTXSID10774023 DTXSID10478554 DTXSID90441084
DTXSID60484049	DTXSID80484844 DTXSID00444965 DTXSID40818449 DTXSID80278947 DTXSID50368960 DTXSID70355317 DTXSID20418481 DTXSID60816780 DTXSID90352303 DTXSID70356086 DTXSID10277443 DTXSID80456228 DTXSID60460080 DTXSID00603530 DTXSID40606782 DTXSID00642146 DTXSID50557458 DTXSID80584818 DTXSID20455836 DTXSID40835055
DTXSID30228250	DTXSID90309635 DTXSID60358195 DTXSID60559382 DTXSID80326134 DTXSID40369466 DTXSID90706903 DTXSID80710110 DTXSID90668471 DTXSID90875966 DTXSID20817910 DTXSID50180326 DTXSID50727078 DTXSID20229236 DTXSID50340180 DTXSID90406390 DTXSID70325696 DTXSID80416549 DTXSID70556342 DTXSID20821077 DTXSID80812845
DTXSID70367571	DTXSID10634996 DTXSID90615844 DTXSID10442477 DTXSID50293460 DTXSID90885863 DTXSID70534448 DTXSID90344283 DTXSID30534449 DTXSID00571482 DTXSID20350337 DTXSID40552518 DTXSID10525294 DTXSID90348625 DTXSID80875894 DTXSID20201895 DTXSID00346495 DTXSID30642134 DTXSID20506014 DTXSID70663580 DTXSID80641117
DTXSID00801993	DTXSID40640121 DTXSID60225090 DTXSID00420305 DTXSID90767615 DTXSID80536458 DTXSID80442828 DTXSID90834472 DTXSID50369891 DTXSID50180124 DTXSID30185571 DTXSID60876849 DTXSID40613158 DTXSID50606874 DTXSID20476965 DTXSID90884376 DTXSID1020770 DTXSID00896142 DTXSID10814130 DTXSID30202378 DTXSID00649796
DTXSID70484378	DTXSID20293179 DTXSID20383281 DTXSID70578802 DTXSID50523537 DTXSID50467164 DTXSID80841231 DTXSID90364027 DTXSID60406004 DTXSID90514803 DTXSID60409252 DTXSID30851865 DTXSID60524616 DTXSID70518021 DTXSID80827797 DTXSID30813069 DTXSID20346871 DTXSID20579662 DTXSID20754952 DTXSID70605021 DTXSID80624889
DTXSID50181656	DTXSID70235529 DTXSID70873662 DTXSID80439612 DTXSID00503783 DTXSID00469355 DTXSID60622580 DTXSID50818157 DTXSID00374899 DTXSID50400551 DTXSID30716667 DTXSID70597735 DTXSID70813427 DTXSID40533160 DTXSID90793535 DTXSID20605314 DTXSID90435044 DTXSID50179518 DTXSID30371457 DTXSID40452741 DTXSID30852256
DTXSID90513452	DTXSID00820260 DTXSID60315945 DTXSID60558310 DTXSID60740637 DTXSID20792955 DTXSID80676767 DTXSID20815673 DTXSID70780766 DTXSID00720559 DTXSID80240427 DTXSID90559138 DTXSID50576785 DTXSID10448853 DTXSID70499967 DTXSID40144790 DTXSID80611870 DTXSID30167256 DTXSID80283036 DTXSID50596322 DTXSID90509850
DTXSID80314112	DTXSID20669517 DTXSID50768289 DTXSID50591554 DTXSID0025442 DTXSID00289818 DTXSID6061604 DTXSID70172723 DTXSID30408732 DTXSID80564074 DTXSID10653849 DTXSID50294013 DTXSID00635871 DTXSID10619203 DTXSID60327644 DTXSID20152590 DTXSID00349547 DTXSID30375718 DTXSID20355044 DTXSID10749731 DTXSID90163931
DTXSID70809300	DTXSID80159287 DTXSID60448429 DTXSID30674854 DTXSID30656776 DTXSID00732511 DTXSID60881211 DTXSID60816588 DTXSID90464773 DTXSID60642041 DTXSID50296299 DTXSID40759388 DTXSID90675226 DTXSID30544962 DTXSID70880654 DTXSID90819188 DTXSID60241518 DTXSID00655190 DTXSID80763106 DTXSID50527358 DTXSID90656414
DTXSID2052360	DTXSID0052386 DTXSID40642428 DTXSID80790533 DTXSID00876525 DTXSID80694441 DTXSID20364550 DTXSID50538186 DTXSID70505355 DTXSID00590557 DTXSID20278103 DTXSID60381564 DTXSID70579435 DTXSID30164543 DTXSID70554121 DTXSID50605327 DTXSID50738063 DTXSID50217681 DTXSID30620730 DTXSID30642376 DTXSID40642064
DTXSID00645374	DTXSID30532480 DTXSID00649796 DTXSID70678917 DTXSID80295957 DTXSID50594348 DTXSID90884376 DTXSID30876412 DTXSID20879154 DTXSID50481325 DTXSID40287813 DTXSID90510688 DTXSID80503569 DTXSID20427937 DTXSID60876849 DTXSID90664317 DTXSID90657446 DTXSID50595274 DTXSID70742607 DTXSID60813572 DTXSID90154602
DTXSID10447669	DTXSID50660638 DTXSID10842978 DTXSID90176884 DTXSID60768518 DTXSID90336082 DTXSID80517949 DTXSID00726213 DTXSID70345692 DTXSID40886941 DTXSID70421046 DTXSID90485165 DTXSID90213687 DTXSID00441171 DTXSID80347102 DTXSID10185514 DTXSID20579748 DTXSID30385655 DTXSID90718526 DTXSID80530991 DTXSID50462639
DTXSID50677448	DTXSID60593347 DTXSID20522017 DTXSID90300187 DTXSID10557050 DTXSID00158752 DTXSID70653901 DTXSID50429722 DTXSID80468563 DTXSID30350186 DTXSID00145980 DTXSID60285497 DTXSID70590584 DTXSID60383760 DTXSID90672275 DTXSID60145820 DTXSID30284199 DTXSID40571168 DTXSID70745916 DTXSID30404754 DTXSID50709672
DTXSID20516815	DTXSID90553656 DTXSID90166301 DTXSID00839978 DTXSID30402492 DTXSID70476117 DTXSID60766978 DTXSID90369390 DTXSID50398429 DTXSID10502308 DTXSID60172570 DTXSID00483778 DTXSID00162071 DTXSID10556407 DTXSID60451877 DTXSID1068302 DTXSID40356538 DTXSID30767674 DTXSID40296046 DTXSID80892809 DTXSID20466467
DTXSID70286738	DTXSID00170095 DTXSID90275088 DTXSID70532929 DTXSID90527776 DTXSID30451647 DTXSID50220236 DTXSID60399725 DTXSID70562488 DTXSID70762224 DTXSID9044164 DTXSID2022127 DTXSID20381262 DTXSID00787167 DTXSID0044153 DTXSID20511921 DTXSID00298647 DTXSID60656901 DTXSID40439936 DTXSID40851134 DTXSID60600126
DTXSID30320263	DTXSID70674691 DTXSID40562677 DTXSID40647635 DTXSID80430902 DTXSID40439355 DTXSID10310263 DTXSID70303631 DTXSID30411862 DTXSID50793213 DTXSID50728580 DTXSID00400920 DTXSID50326520 DTXSID60813198 DTXSID80756235 DTXSID90309877 DTXSID90894031 DTXSID20809198 DTXSID50735552 DTXSID80548314 DTXSID00541322
DTXSID10696352	DTXSID20232129 DTXSID00284580 DTXSID70385937 DTXSID00532750 DTXSID70615746 DTXSID20145164 DTXSID80175902 DTXSID20392196 DTXSID00443175 DTXSID90353299 DTXSID20296241 DTXSID00451331 DTXSID90371170 DTXSID90295367 DTXSID90841565 DTXSID40393089 DTXSID60429672 DTXSID50582785 DTXSID10371410 DTXSID70395778
DTXSID90640813	DTXSID40319825 DTXSID00472844 DTXSID60443631 DTXSID90614711 DTXSID60365925 DTXSID00350315 DTXSID80391327 DTXSID40598698 DTXSID4060739 DTXSID10474339 DTXSID60157009 DTXSID80733122 DTXSID50230830 DTXSID70401020 DTXSID50310747 DTXSID60668963 DTXSID40368631 DTXSID80817057 DTXSID70845046 DTXSID30289801
DTXSID30758921	DTXSID30577437 DTXSID60456529 DTXSID40874080 DTXSID60226204 DTXSID70603527 DTXSID00337823 DTXSID10187391 DTXSID60737648 DTXSID50772104 DTXSID70729791 DTXSID00489134 DTXSID70452719 DTXSID70391154 DTXSID50590168 DTXSID20780913 DTXSID50439841 DTXSID20704255 DTXSID90390301 DTXSID50852157 DTXSID10680650
DTXSID90578465	DTXSID70612518 DTXSID70541990 DTXSID40210247 DTXSID40230768 DTXSID40789600 DTXSID10734208 DTXSID50508400 DTXSID30433403 DTXSID70580985 DTXSID70341093 DTXSID40538872 DTXSID60522652 DTXSID20482723 DTXSID00669338 DTXSID30742724 DTXSID70652898 DTXSID90473103 DTXSID40852686 DTXSID80742835 DTXSID70393678
DTXSID40351048	DTXSID4059253 DTXSID40736614 DTXSID80666461 DTXSID50751116 DTXSID90401300 DTXSID40156813 DTXSID60212142 DTXSID50808376 DTXSID50635109 DTXSID90507811 DTXSID90331931 DTXSID50340180 DTXSID00678940 DTXSID50798788 DTXSID20608365 DTXSID50743511 DTXSID90657128 DTXSID80199027 DTXSID30579759 DTXSID10563954
DTXSID30626050	DTXSID30527250 DTXSID30324529 DTXSID00213411 DTXSID90473481 DTXSID30222197 DTXSID40211577 DTXSID40199265 DTXSID20344438 DTXSID80554975 DTXSID10314701 DTXSID30718969 DTXSID30614275 DTXSID60314594 DTXSID70487026 DTXSID50876373 DTXSID20400745 DTXSID60790354 DTXSID60196817 DTXSID00351221 DTXSID00284505
DTXSID20813492	DTXSID00383284 DTXSID20187983 DTXSID90676738 DTXSID10299009 DTXSID10702407 DTXSID40623939 DTXSID60383760 DTXSID70879689 DTXSID80589606 DTXSID10307178 DTXSID80601892 DTXSID60285497 DTXSID10181056 DTXSID30837109 DTXSID20303686 DTXSID10646857 DTXSID30284199 DTXSID00472607 DTXSID10727791 DTXSID40511640
DTXSID10531254	DTXSID70799712 DTXSID00290247 DTXSID90778665 DTXSID20602303 DTXSID00442688 DTXSID50816158 DTXSID90816713 DTXSID50297620 DTXSID00787167 DTXSID40576875 DTXSID60287734 DTXSID20791342 DTXSID70562488 DTXSID30874251 DTXSID90470157 DTXSID00621330 DTXSID50177630 DTXSID3058955 DTXSID70762224 DTXSID40181084
DTXSID80175942	DTXSID9022100 DTXSID10696317 DTXSID00673733 DTXSID10510680 DTXSID40588251 DTXSID70294838 DTXSID30308384 DTXSID20327483 DTXSID40567809 DTXSID40351780 DTXSID00175141 DTXSID40467294 DTXSID10592481 DTXSID70734148 DTXSID60172398 DTXSID70600798 DTXSID9047095 DTXSID60614763 DTXSID70622516 DTXSID00663275
DTXSID30283405	DTXSID30685400 DTXSID00534971 DTXSID80514776 DTXSID50809005 DTXSID30668910 DTXSID10494693 DTXSID10761256 DTXSID30653462 DTXSID10437121 DTXSID80835635 DTXSID0024397 DTXSID00276940 DTXSID90787030 DTXSID60552611 DTXSID80199320 DTXSID90375653 DTXSID20213736 DTXSID30399353 DTXSID60572394 DTXSID30314602
DTXSID70565050	DTXSID90369355 DTXSID70701077 DTXSID20750474 DTXSID00681590 DTXSID80876321 DTXSID10633444 DTXSID00505101 DTXSID10456716 DTXSID30433105 DTXSID30739694 DTXSID80561462 DTXSID7041334 DTXSID00407338 DTXSID50704445 DTXSID70886212 DTXSID40874106 DTXSID10876293 DTXSID40797841 DTXSID90532289 DTXSID00658469
DTXSID6020012	DTXSID60612426 DTXSID50464178 DTXSID30343058 DTXSID40462946 DTXSID20676867 DTXSID40551667 DTXSID40195121 DTXSID80639958 DTXSID40222542 DTXSID70447701 DTXSID00664580 DTXSID00353104 DTXSID80354275 DTXSID70781915 DTXSID30401122 DTXSID70353797 DTXSID70742783 DTXSID20514770 DTXSID80698227 DTXSID20168772
DTXSID70283348	DTXSID00725246 DTXSID30796267 DTXSID20587585 DTXSID7047015 DTXSID7057658 DTXSID50175434 DTXSID60646549 DTXSID30455463 DTXSID30415608 DTXSID80784316 DTXSID7020211 DTXSID50786261 DTXSID70842212 DTXSID60732693 DTXSID10212475 DTXSID80833590 DTXSID60744251 DTXSID40577145 DTXSID80303546 DTXSID90394783
DTXSID20467757	DTXSID40656964 DTXSID80385786 DTXSID90459821 DTXSID80555467 DTXSID80206088 DTXSID80885534 DTXSID80657339 DTXSID10208878 DTXSID50700765 DTXSID20707605 DTXSID10792868 DTXSID30421648 DTXSID00653333 DTXSID20696949 DTXSID00216604 DTXSID00386154 DTXSID60236000 DTXSID20896169 DTXSID10403003 DTXSID90182107
DTXSID40519863	DTXSID50460130 DTXSID20481377 DTXSID30396761 DTXSID40441716 DTXSID20527587 DTXSID20449210 DTXSID7069071 DTXSID70217885 DTXSID2060967 DTXSID30531317 DTXSID00561282 DTXSID10786702 DTXSID60408725 DTXSID20211050 DTXSID60150616 DTXSID80452144 DTXSID90199053 DTXSID80638027 DTXSID00652785 DTXSID10884631
DTXSID80175902	DTXSID00451331 DTXSID20145164 DTXSID40393089 DTXSID50582785 DTXSID20232129 DTXSID00443175 DTXSID90353299 DTXSID20881333 DTXSID10371410 DTXSID10696352 DTXSID00284580 DTXSID40397264 DTXSID70385937 DTXSID10764141 DTXSID00722634 DTXSID30727511 DTXSID60429672 DTXSID90598183 DTXSID50336265 DTXSID60700392
DTXSID60206622	DTXSID70364525 DTXSID70876658 DTXSID70332567 DTXSID50191730 DTXSID10711857 DTXSID50558329 DTXSID00404887 DTXSID70283005 DTXSID90469167 DTXSID80238203 DTXSID00374031 DTXSID40697039 DTXSID90748989 DTXSID70401363 DTXSID70173750 DTXSID30787852 DTXSID40404068 DTXSID70212375 DTXSID50807309 DTXSID60769580
DTXSID00284505	DTXSID80554975 DTXSID70366685 DTXSID30551136 DTXSID40238805 DTXSID80322656 DTXSID90473840 DTXSID00351221 DTXSID60822144 DTXSID80799980 DTXSID40821998 DTXSID70487026 DTXSID30466877 DTXSID20400745 DTXSID90281846 DTXSID10391810 DTXSID30483862 DTXSID50462472 DTXSID70317677 DTXSID40841656 DTXSID60196817
DTXSID00148017	DTXSID50770943 DTXSID80857317 DTXSID60658283 DTXSID20805392 DTXSID40566796 DTXSID30318408 DTXSID50303917 DTXSID80320551 DTXSID50896339 DTXSID50783619 DTXSID90847724 DTXSID00428624 DTXSID40219053 DTXSID30772304 DTXSID20222681 DTXSID70559595 DTXSID90585659 DTXSID30826654 DTXSID10849982 DTXSID40760656
DTXSID00341006	DTXSID20501347 DTXSID60655595 DTXSID00667591 DTXSID20633798 DTXSID20730473 DTXSID40181180 DTXSID80469499 DTXSID00401154 DTXSID90844430 DTXSID80539823 DTXSID10669849 DTXSID00731524 DTXSID40361622 DTXSID60770393 DTXSID80302716 DTXSID50323438 DTXSID80394919 DTXSID60312631 DTXSID00651056 DTXSID90587653
DTXSID90497925	DTXSID30447181 DTXSID90767918 DTXSID80398735 DTXSID80791444 DTXSID70540044 DTXSID90545091 DTXSID60174953 DTXSID10521453 DTXSID30508463 DTXSID00827012 DTXSID40555726 DTXSID70342469 DTXSID70832254 DTXSID80775204 DTXSID50512320 DTXSID10405885 DTXSID80437496 DTXSID50296032 DTXSID80333909 DTXSID10236494
DTXSID40199366	DTXSID70554040 DTXSID70771053 DTXSID90454396 DTXSID10332006 DTXSID3037549 DTXSID70465081 DTXSID10794963 DTXSID50494990 DTXSID50738205 DTXSID80488645 DTXSID00352374 DTXSID60608662 DTXSID60194212 DTXSID40707006 DTXSID50495023 DTXSID80369526 DTXSID60290586 DTXSID00641295 DTXSID90143531 DTXSID40641294
DTXSID40675236	DTXSID10400032 DTXSID30326104 DTXSID50832151 DTXSID40802964 DTXSID90286816 DTXSID90533897 DTXSID80783304 DTXSID90816733 DTXSID10605045 DTXSID40773347 DTXSID60749342 DTXSID50880672 DTXSID20535622 DTXSID00275099 DTXSID10587852 DTXSID20604387 DTXSID10880678 DTXSID10767637 DTXSID40838642 DTXSID60813436
DTXSID10592128	DTXSID30503079 DTXSID6052039 DTXSID80552597 DTXSID80492267 DTXSID30813064 DTXSID30514509 DTXSID30845542 DTXSID20765967 DTXSID60790112 DTXSID50144802 DTXSID4072316 DTXSID10738281 DTXSID10834934 DTXSID00452661 DTXSID70786945 DTXSID10771512 DTXSID70525598 DTXSID50766987 DTXSID10577213 DTXSID7071024
DTXSID80792577	DTXSID60193886 DTXSID30225522 DTXSID30612413 DTXSID10241008 DTXSID30560844 DTXSID00320477 DTXSID10479400 DTXSID10673926 DTXSID0060066 DTXSID70877569 DTXSID30497308 DTXSID00706676 DTXSID50534885 DTXSID80852645 DTXSID50290732 DTXSID10704628 DTXSID70233722 DTXSID00510558 DTXSID30520463 DTXSID20734618
DTXSID20567049	DTXSID70645649 DTXSID30846155 DTXSID0073110 DTXSID90440214 DTXSID50469825 DTXSID30787539 DTXSID90809145 DTXSID30620179 DTXSID20888226 DTXSID20463411 DTXSID10551876 DTXSID80300454 DTXSID40751968 DTXSID00552832 DTXSID30867401 DTXSID1042659 DTXSID70439005 DTXSID80851471 DTXSID50675242 DTXSID70817627
DTXSID80793165	DTXSID5052628 DTXSID30702166 DTXSID90721252 DTXSID80808061 DTXSID90765171 DTXSID10806954 DTXSID00647136 DTXSID50887767 DTXSID7063348 DTXSID90660430 DTXSID0074637 DTXSID70622612 DTXSID70700545 DTXSID60751309 DTXSID90801740 DTXSID80770815 DTXSID10783438 DTXSID20184573 DTXSID00775887 DTXSID40781846
DTXSID80207111	DTXSID70512266 DTXSID70845046 DTXSID30289801 DTXSID00406543 DTXSID30817789 DTXSID80610161 DTXSID50172963 DTXSID10312106 DTXSID80506515 DTXSID10474339 DTXSID70709755 DTXSID40368631 DTXSID40640949 DTXSID50178682 DTXSID40780334 DTXSID60597663 DTXSID30597074 DTXSID40319825 DTXSID80733122 DTXSID20874164
DTXSID10186102	DTXSID20680303 DTXSID50681767 DTXSID00662940 DTXSID40649795 DTXSID70576904 DTXSID50453481 DTXSID80292582 DTXSID80279772 DTXSID80154818 DTXSID80831692 DTXSID90645348 DTXSID50175277 DTXSID20883175 DTXSID20391189 DTXSID5022803 DTXSID60150590 DTXSID40700572 DTXSID40237176 DTXSID80661234 DTXSID40167969
DTXSID00697813	DTXSID30757297 DTXSID30818574 DTXSID70835922 DTXSID70642456 DTXSID60695476 DTXSID30201705 DTXSID30313034 DTXSID80577280 DTXSID70379053 DTXSID40786316 DTXSID30632272 DTXSID60786151 DTXSID50404332 DTXSID90578445 DTXSID60836468 DTXSID90182288 DTXSID60368299 DTXSID80402341 DTXSID20450149 DTXSID30849888
DTXSID50700528	DTXSID20754452 DTXSID60239677 DTXSID30827388 DTXSID10783832 DTXSID60711882 DTXSID10892094 DTXSID30433605 DTXSID50792261 DTXSID10347973 DTXSID30297769 DTXSID50737490 DTXSID80705607 DTXSID40341661 DTXSID40341666 DTXSID20341664 DTXSID80789543 DTXSID90709590 DTXSID30281663 DTXSID80341660 DTXSID40647397
DTXSID10720146	DTXSID10244236 DTXSID80764310 DTXSID40286902 DTXSID70373192 DTXSID50828832 DTXSID50724507 DTXSID20173745 DTXSID80657910 DTXSID40880500 DTXSID60418021 DTXSID90807484 DTXSID10637361 DTXSID2050035 DTXSID30694012 DTXSID90339119 DTXSID90706463 DTXSID20887799 DTXSID80803096 DTXSID70761252 DTXSID80853470
DTXSID60358175	DTXSID30419742 DTXSID60733408 DTXSID10564764 DTXSID20591743 DTXSID10174948 DTXSID70499149 DTXSID60284147 DTXSID40528152 DTXSID30505336 DTXSID40321322 DTXSID90156823 DTXSID20302452 DTXSID50670919 DTXSID10282310 DTXSID1060712 DTXSID70403367 DTXSID50546887 DTXSID00528158 DTXSID20668222 DTXSID80528156
DTXSID20612381	DTXSID4034817 DTXSID50346667 DTXSID40337105 DTXSID80198656 DTXSID60457071 DTXSID50555378 DTXSID40847052 DTXSID00307829 DTXSID50210773 DTXSID60458866 DTXSID20502450 DTXSID60486664 DTXSID20676943 DTXSID90321852 DTXSID60682265 DTXSID20167427 DTXSID40228701 DTXSID40734110 DTXSID10672217 DTXSID10757811
DTXSID5044811	DTXSID20426965 DTXSID50443483 DTXSID60333109 DTXSID40736417 DTXSID00837277 DTXSID00655433 DTXSID80648545 DTXSID10640299 DTXSID20887118 DTXSID50590168 DTXSID10489847 DTXSID20704255 DTXSID90632258 DTXSID60770393 DTXSID90519151 DTXSID90577271 DTXSID00337823 DTXSID30378148 DTXSID90390301 DTXSID70391154
DTXSID00604183	DTXSID20628588 DTXSID10516208 DTXSID50788144 DTXSID10552787 DTXSID50742468 DTXSID00534259 DTXSID70592609 DTXSID90760646 DTXSID90447349 DTXSID90715717 DTXSID40802181 DTXSID90609465 DTXSID70221826 DTXSID10866598 DTXSID90499161 DTXSID40700158 DTXSID70525891 DTXSID60744317 DTXSID3042269 DTXSID00493059
DTXSID00625535	DTXSID60674125 DTXSID00444107 DTXSID40324171 DTXSID60573200 DTXSID10876213 DTXSID50684233 DTXSID90427267 DTXSID50818117 DTXSID50538580 DTXSID80354750 DTXSID80346776 DTXSID40144179 DTXSID70712704 DTXSID30189978 DTXSID00604284 DTXSID30600355 DTXSID80625119 DTXSID80718212 DTXSID50325992 DTXSID60820660
DTXSID40523526	DTXSID00523527 DTXSID70193216 DTXSID30639049 DTXSID30766546 DTXSID60523528 DTXSID10600494 DTXSID90750769 DTXSID40739943 DTXSID30850858 DTXSID10851661 DTXSID20523529 DTXSID20565303 DTXSID20297955 DTXSID70765735 DTXSID50476377 DTXSID30848932 DTXSID10241806 DTXSID00289651 DTXSID0068026 DTXSID40581924
DTXSID70805822	DTXSID40694588 DTXSID10732825 DTXSID50315419 DTXSID80279131 DTXSID50306463 DTXSID60707765 DTXSID80190337 DTXSID80321321 DTXSID80729868 DTXSID00462982 DTXSID70287543 DTXSID80620088 DTXSID40674183 DTXSID30397672 DTXSID40183785 DTXSID90783198 DTXSID20778436 DTXSID50437069 DTXSID90419526 DTXSID10181551
DTXSID70546066	DTXSID00678763 DTXSID20447413 DTXSID70701754 DTXSID40763107 DTXSID2041202 DTXSID40719149 DTXSID70570841 DTXSID80768373 DTXSID10510241 DTXSID50609507 DTXSID30824958 DTXSID00804166 DTXSID10718149 DTXSID10448999 DTXSID40304615 DTXSID50173692 DTXSID20748694 DTXSID70848835 DTXSID30294197 DTXSID80773745
DTXSID20383463	DTXSID80436883 DTXSID80578333 DTXSID30600895 DTXSID10805644 DTXSID40775720 DTXSID70549451 DTXSID60883917 DTXSID70505077 DTXSID60319948 DTXSID80585729 DTXSID20674247 DTXSID70792849 DTXSID80466206 DTXSID00375386 DTXSID70479325 DTXSID30769214 DTXSID40440067 DTXSID60340732 DTXSID20567408 DTXSID00565760
DTXSID00344971	DTXSID30293963 DTXSID80430144 DTXSID70532141 DTXSID80694421 DTXSID50590547 DTXSID20337542 DTXSID40222108 DTXSID60364099 DTXSID40612666 DTXSID30625048 DTXSID70526803 DTXSID40751468 DTXSID60725005 DTXSID40854049 DTXSID50747579 DTXSID20726376 DTXSID00680048 DTXSID50193279 DTXSID70648998 DTXSID10672873
DTXSID10433567	DTXSID70447286 DTXSID30460633 DTXSID10739314 DTXSID10175637 DTXSID70637802 DTXSID0035748 DTXSID80444347 DTXSID50354606 DTXSID90763758 DTXSID40551980 DTXSID50157477 DTXSID80618687 DTXSID00738098 DTXSID90845265 DTXSID50682239 DTXSID50455440 DTXSID90473582 DTXSID70835068 DTXSID90509133 DTXSID10311119
DTXSID90823245	DTXSID30827146 DTXSID3051541 DTXSID5051311 DTXSID10773617 DTXSID30188729 DTXSID70750186 DTXSID80559561 DTXSID70867364 DTXSID50343212 DTXSID90556268 DTXSID6044802 DTXSID60873939 DTXSID40534975 DTXSID50288992 DTXSID1068807 DTXSID00887474 DTXSID20242521 DTXSID30550028 DTXSID9072527 DTXSID80553504
DTXSID00562052	DTXSID20357760 DTXSID4052423 DTXSID70569992 DTXSID60184032 DTXSID50465827 DTXSID80156756 DTXSID10579131 DTXSID80275936 DTXSID10144484 DTXSID00405955 DTXSID60399760 DTXSID10463021 DTXSID20434202 DTXSID00757749 DTXSID10302946 DTXSID60877351 DTXSID10560226 DTXSID00764791 DTXSID70880654 DTXSID00338633
DTXSID20238601	DTXSID20349428 DTXSID80516533 DTXSID20553205 DTXSID80289952 DTXSID90277769 DTXSID50388582 DTXSID60351601 DTXSID10737794 DTXSID90651621 DTXSID60884207 DTXSID20452921 DTXSID90343054 DTXSID3062029 DTXSID80698227 DTXSID40684101 DTXSID70733712 DTXSID70885523 DTXSID40232909 DTXSID40856260 DTXSID0069705
DTXSID90739938	DTXSID00708473 DTXSID80792436 DTXSID10856277 DTXSID20591980 DTXSID50381977 DTXSID60757588 DTXSID00389746 DTXSID10443964 DTXSID00698709 DTXSID20547043 DTXSID80511583 DTXSID30849888 DTXSID60493752 DTXSID30621282 DTXSID60553981 DTXSID50421524 DTXSID20423499 DTXSID50508066 DTXSID80734038 DTXSID60675475
DTXSID00669237	DTXSID70463027 DTXSID60489296 DTXSID00559528 DTXSID40374050 DTXSID10180923 DTXSID50534365 DTXSID00502857 DTXSID20671716 DTXSID50727174 DTXSID10713593 DTXSID50352682 DTXSID30288293 DTXSID50496494 DTXSID10604336 DTXSID90460452 DTXSID00201636 DTXSID60757260 DTXSID10375655 DTXSID80563507 DTXSID80712533
DTXSID10579015	DTXSID20841538 DTXSID80391302 DTXSID80589580 DTXSID20514831 DTXSID40504138 DTXSID70750944 DTXSID60647298 DTXSID40517344 DTXSID90596028 DTXSID50322764 DTXSID50541579 DTXSID90391712 DTXSID70856511 DTXSID80486469 DTXSID90850894 DTXSID40467239 DTXSID80883717 DTXSID20206981 DTXSID80483231 DTXSID50509235
DTXSID30550669	DTXSID90857282 DTXSID30775971 DTXSID20702812 DTXSID50745414 DTXSID00810742 DTXSID50402570 DTXSID30618374 DTXSID00797266 DTXSID20879376 DTXSID90352929 DTXSID40313489 DTXSID50857501 DTXSID00496606 DTXSID90618092 DTXSID40749345 DTXSID80573166 DTXSID00835551 DTXSID70488816 DTXSID90624653 DTXSID50589017
DTXSID10244236	DTXSID70373192 DTXSID80764310 DTXSID40286902 DTXSID10720146 DTXSID50828832 DTXSID80657910 DTXSID20173745 DTXSID2050035 DTXSID90807484 DTXSID20803095 DTXSID90339119 DTXSID80803096 DTXSID10637361 DTXSID60418021 DTXSID70761252 DTXSID20887799 DTXSID40880500 DTXSID40759080 DTXSID80783627 DTXSID60675950
DTXSID40724415	DTXSID70594865 DTXSID90238799 DTXSID00323882 DTXSID40378694 DTXSID60768295 DTXSID70158284 DTXSID10489948 DTXSID50568201 DTXSID10345757 DTXSID00553187 DTXSID60402369 DTXSID00663053 DTXSID20479512 DTXSID00430464 DTXSID80561381 DTXSID10569931 DTXSID90520141 DTXSID80696829 DTXSID60636561 DTXSID80660101
DTXSID00495710	DTXSID00646205 DTXSID00409377 DTXSID20627854 DTXSID90178803 DTXSID30236037 DTXSID10734940 DTXSID00515588 DTXSID50515578 DTXSID10646377 DTXSID90736407 DTXSID90670291 DTXSID70743659 DTXSID50646593 DTXSID60646322 DTXSID80646384 DTXSID40650583 DTXSID30646758 DTXSID50212651 DTXSID10609124 DTXSID90434592
DTXSID80279919	DTXSID10471666 DTXSID10495721 DTXSID90238315 DTXSID40630906 DTXSID60340974 DTXSID00411738 DTXSID40757309 DTXSID80823330 DTXSID00566171 DTXSID00559149 DTXSID90462936 DTXSID20159423 DTXSID10871440 DTXSID70741539 DTXSID50190021 DTXSID80649890 DTXSID20368295 DTXSID00633796 DTXSID10561854 DTXSID70211469
DTXSID8067105	DTXSID10241220 DTXSID40283895 DTXSID60545649 DTXSID1023447 DTXSID10475826 DTXSID60752593 DTXSID70641227 DTXSID00340756 DTXSID30285782 DTXSID30173534 DTXSID00345867 DTXSID20565449 DTXSID30471305 DTXSID5060726 DTXSID50492532 DTXSID10776421 DTXSID20849418 DTXSID00361284 DTXSID00781766 DTXSID60460489
DTXSID50321555	DTXSID10485541 DTXSID40566478 DTXSID50281206 DTXSID60285093 DTXSID00509104 DTXSID00503965 DTXSID10439589 DTXSID10405921 DTXSID30306209 DTXSID70448359 DTXSID1063512 DTXSID50696412 DTXSID20183980 DTXSID90388046 DTXSID50520026 DTXSID0051318 DTXSID40442061 DTXSID90451623 DTXSID10546803 DTXSID70799434
DTXSID60184956	DTXSID60612825 DTXSID50488016 DTXSID60873611 DTXSID50280395 DTXSID10729917 DTXSID70153153 DTXSID20532696 DTXSID40581646 DTXSID30388585 DTXSID70496658 DTXSID70657227 DTXSID70388024 DTXSID20297238 DTXSID80513800 DTXSID70382865 DTXSID20747682 DTXSID80497510 DTXSID40694422 DTXSID20823753 DTXSID80534075
DTXSID40652860	DTXSID90707354 DTXSID30615747 DTXSID9072286 DTXSID80241196 DTXSID20831095 DTXSID50701292 DTXSID20815698 DTXSID90703659 DTXSID90405863 DTXSID40698844 DTXSID50646715 DTXSID70290799 DTXSID70180323 DTXSID10676396 DTXSID80383383 DTXSID20372397 DTXSID10705317 DTXSID20342035 DTXSID10607786 DTXSID70445500
DTXSID30574401	DTXSID60786631 DTXSID40432846 DTXSID10831741 DTXSID90557134 DTXSID30481989 DTXSID80769229 DTXSID50551618 DTXSID60341123 DTXSID80642422 DTXSID70793053 DTXSID60228324 DTXSID90175897 DTXSID10613125 DTXSID80323385 DTXSID50716826 DTXSID90790605 DTXSID90306821 DTXSID00724456 DTXSID70702281 DTXSID80735383
DTXSID50682193	DTXSID50704142 DTXSID50179351 DTXSID20340490 DTXSID50528446 DTXSID40356538 DTXSID80772016 DTXSID50427884 DTXSID60762319 DTXSID90567930 DTXSID80212043 DTXSID50398429 DTXSID40595309 DTXSID90653105 DTXSID70201941 DTXSID70720187 DTXSID60540114 DTXSID00483778 DTXSID80671813 DTXSID30402492 DTXSID70874098
DTXSID90341893	DTXSID10647905 DTXSID50679866 DTXSID80640241 DTXSID40558595 DTXSID80804386 DTXSID80624889 DTXSID30639766 DTXSID70212678 DTXSID60510918 DTXSID30406096 DTXSID90720280 DTXSID10439569 DTXSID90344743 DTXSID90364027 DTXSID10801287 DTXSID10176321 DTXSID30781931 DTXSID10213689 DTXSID80576238 DTXSID80442020
DTXSID40562677	DTXSID40647635 DTXSID80430902 DTXSID30320263 DTXSID10310263 DTXSID80548314 DTXSID70674691 DTXSID90309877 DTXSID50326520 DTXSID20809198 DTXSID70303631 DTXSID00400920 DTXSID80184812 DTXSID60437297 DTXSID30855727 DTXSID60813198 DTXSID40439355 DTXSID70855660 DTXSID30411862 DTXSID20756234 DTXSID20804840
DTXSID30791313	DTXSID20541122 DTXSID00334377 DTXSID00192999 DTXSID60772736 DTXSID20370833 DTXSID30543314 DTXSID40335101 DTXSID30476390 DTXSID20374210 DTXSID60333760 DTXSID40110056 DTXSID90191012 DTXSID40325007 DTXSID30364541 DTXSID5052626 DTXSID40589021 DTXSID0052590 DTXSID90409028 DTXSID10681824 DTXSID50613285
DTXSID70170502	DTXSID20735721 DTXSID20719167 DTXSID50471468 DTXSID70697582 DTXSID50872976 DTXSID00458764 DTXSID30217503 DTXSID70143155 DTXSID90560582 DTXSID30291883 DTXSID20605758 DTXSID80142856 DTXSID20378677 DTXSID80572896 DTXSID80694466 DTXSID80867496 DTXSID10303190 DTXSID30442510 DTXSID60678188 DTXSID80162079
DTXSID80787928	DTXSID20896780 DTXSID10225964 DTXSID80839633 DTXSID50432918 DTXSID70866337 DTXSID80700910 DTXSID60840328 DTXSID00300092 DTXSID70791993 DTXSID80852064 DTXSID50662258 DTXSID60768896 DTXSID40511600 DTXSID80305929 DTXSID70764187 DTXSID40707566 DTXSID40819355 DTXSID40748373 DTXSID20235473 DTXSID20567448
DTXSID50401306	DTXSID80478263 DTXSID10818850 DTXSID00697494 DTXSID30662877 DTXSID70827923 DTXSID30476911 DTXSID10228319 DTXSID40640585 DTXSID00151203 DTXSID40602800 DTXSID30551237 DTXSID10329471 DTXSID50488652 DTXSID70303818 DTXSID10896254 DTXSID90573157 DTXSID60842948 DTXSID50538646 DTXSID90294375 DTXSID80232569
DTXSID10568641	DTXSID40398079 DTXSID10658556 DTXSID10529858 DTXSID50473503 DTXSID50462639 DTXSID70282538 DTXSID10185514 DTXSID90426730 DTXSID80440703 DTXSID20615493 DTXSID60281853 DTXSID70858070 DTXSID00781261 DTXSID20839490 DTXSID60640320 DTXSID80786658 DTXSID90213687 DTXSID10748022 DTXSID40781200 DTXSID90718526
DTXSID70734305	DTXSID50640399 DTXSID40171485 DTXSID00489134 DTXSID70739870 DTXSID30610111 DTXSID70474259 DTXSID40467294 DTXSID50550262 DTXSID6035156 DTXSID20780913 DTXSID40312371 DTXSID10187391 DTXSID80640529 DTXSID00673733 DTXSID40874080 DTXSID70523034 DTXSID50439841 DTXSID10680650 DTXSID70886191 DTXSID10499269
DTXSID50843540	DTXSID00332196 DTXSID70649208 DTXSID20509762 DTXSID20440303 DTXSID50616953 DTXSID20812728 DTXSID40459179 DTXSID80308495 DTXSID10472193 DTXSID70293240 DTXSID10597451 DTXSID70403362 DTXSID90350602 DTXSID90468897 DTXSID90768203 DTXSID00210869 DTXSID40509345 DTXSID70313634 DTXSID50505535 DTXSID50374021
DTXSID70531472	DTXSID20818982 DTXSID80369228 DTXSID00829995 DTXSID20639957 DTXSID7029372 DTXSID40526577 DTXSID40493593 DTXSID10327533 DTXSID80603654 DTXSID80674147 DTXSID60590538 DTXSID00802844 DTXSID10178941 DTXSID10309314 DTXSID90819603 DTXSID50491904 DTXSID90286755 DTXSID60676942 DTXSID70319419 DTXSID00321702
DTXSID50178662	DTXSID70219349 DTXSID90200198 DTXSID80284503 DTXSID70213504 DTXSID10572526 DTXSID10708141 DTXSID70876097 DTXSID10352183 DTXSID20656245 DTXSID40523066 DTXSID20680621 DTXSID40380191 DTXSID70737457 DTXSID50420133 DTXSID20879593 DTXSID80180798 DTXSID30855843 DTXSID80230045 DTXSID50381154 DTXSID50632411
DTXSID20400745	DTXSID30614275 DTXSID30551136 DTXSID70366685 DTXSID00351221 DTXSID30369379 DTXSID90473840 DTXSID30222197 DTXSID60822144 DTXSID00213411 DTXSID90655745 DTXSID90577877 DTXSID00284505 DTXSID80322656 DTXSID60335284 DTXSID9068378 DTXSID00766412 DTXSID70487026 DTXSID80554975 DTXSID40228625 DTXSID40841656
DTXSID00711265	DTXSID30344888 DTXSID8058827 DTXSID10519178 DTXSID80431818 DTXSID20520119 DTXSID80222783 DTXSID60603455 DTXSID80281698 DTXSID60357421 DTXSID10505874 DTXSID60626947 DTXSID20503104 DTXSID20785226 DTXSID40621910 DTXSID20661056 DTXSID50825200 DTXSID30375137 DTXSID90591699 DTXSID40803118 DTXSID40543966
DTXSID60536719	DTXSID20477912 DTXSID80299970 DTXSID70408650 DTXSID30511452 DTXSID60327528 DTXSID00391061 DTXSID70708324 DTXSID10733074 DTXSID2072881 DTXSID60800068 DTXSID50696412 DTXSID90848559 DTXSID40397668 DTXSID10452955 DTXSID10519254 DTXSID00453451 DTXSID10343814 DTXSID00725605 DTXSID70647688 DTXSID0064672
DTXSID90562627	DTXSID20308030 DTXSID70642537 DTXSID40341904 DTXSID00465357 DTXSID90864779 DTXSID50749917 DTXSID70538027 DTXSID60337187 DTXSID80590055 DTXSID90736028 DTXSID00620020 DTXSID90801907 DTXSID20578554 DTXSID70558563 DTXSID60614763 DTXSID30580148 DTXSID20184699 DTXSID40365145 DTXSID60797262 DTXSID70193337
DTXSID10444416	DTXSID60734738 DTXSID70502965 DTXSID00389746 DTXSID80511583 DTXSID00799866 DTXSID80734038 DTXSID40774819 DTXSID10275540 DTXSID30621282 DTXSID50787672 DTXSID20591980 DTXSID40756958 DTXSID10443964 DTXSID50527333 DTXSID00217873 DTXSID50421524 DTXSID00186176 DTXSID90324449 DTXSID60188272 DTXSID70757958
DTXSID50743096	DTXSID20489156 DTXSID30671565 DTXSID90624976 DTXSID50604471 DTXSID60209350 DTXSID80625058 DTXSID70355317 DTXSID30395714 DTXSID40818449 DTXSID70366049 DTXSID50607326 DTXSID10641428 DTXSID60368299 DTXSID50368960 DTXSID80174874 DTXSID40855379 DTXSID20450149 DTXSID60816780 DTXSID90278397 DTXSID50404332
DTXSID40681458	DTXSID70344408 DTXSID20417838 DTXSID10840459 DTXSID80597680 DTXSID30440298 DTXSID30176383 DTXSID30423223 DTXSID90341590 DTXSID70176387 DTXSID40299517 DTXSID60700534 DTXSID20460561 DTXSID00567360 DTXSID50366168 DTXSID60299094 DTXSID00681999 DTXSID10513631 DTXSID00165183 DTXSID20441052 DTXSID50214857
DTXSID50701934	DTXSID70798725 DTXSID30815008 DTXSID10305518 DTXSID10835749 DTXSID40455873 DTXSID70743932 DTXSID00725887 DTXSID00197808 DTXSID70563071 DTXSID10599056 DTXSID50846531 DTXSID00507064 DTXSID30463806 DTXSID80740472 DTXSID40163406 DTXSID50703291 DTXSID6070560 DTXSID10145133 DTXSID50423907 DTXSID50858836
DTXSID50569415	DTXSID00348838 DTXSID30180824 DTXSID00547167 DTXSID00342891 DTXSID80621691 DTXSID50354368 DTXSID80628382 DTXSID70788262 DTXSID40628489 DTXSID30180364 DTXSID70726528 DTXSID00348297 DTXSID00196871 DTXSID20372933 DTXSID10280790 DTXSID20507041 DTXSID60500859 DTXSID10383811 DTXSID00663871 DTXSID30378325
DTXSID50306004	DTXSID70447645 DTXSID20891139 DTXSID30407987 DTXSID40191426 DTXSID60239672 DTXSID00865494 DTXSID30304306 DTXSID00559245 DTXSID30389638 DTXSID90547999 DTXSID70711419 DTXSID40522559 DTXSID80174834 DTXSID30181371 DTXSID20616925 DTXSID00501264 DTXSID20797743 DTXSID70202690 DTXSID10552267 DTXSID90577938
DTXSID00837277	DTXSID50443483 DTXSID80648545 DTXSID60333109 DTXSID40595667 DTXSID5044811 DTXSID90577271 DTXSID40736417 DTXSID20426965 DTXSID10640299 DTXSID90519151 DTXSID30825445 DTXSID00655433 DTXSID30378148 DTXSID20887118 DTXSID60770393 DTXSID50521457 DTXSID70473565 DTXSID80594452 DTXSID50590168 DTXSID10489847
DTXSID20781243	DTXSID70409389 DTXSID60170096 DTXSID60661131 DTXSID30733677 DTXSID70756441 DTXSID90787030 DTXSID60301085 DTXSID90489385 DTXSID40359589 DTXSID10754289 DTXSID10473549 DTXSID90696739 DTXSID00276940 DTXSID1063691 DTXSID30588169 DTXSID20318497 DTXSID60405779 DTXSID50408597 DTXSID80543420 DTXSID30666274
DTXSID00447830	DTXSID70186380 DTXSID90767216 DTXSID80561866 DTXSID20677536 DTXSID4059251 DTXSID10558300 DTXSID20465778 DTXSID30806976 DTXSID60172090 DTXSID10876652 DTXSID00431456 DTXSID40415351 DTXSID10223829 DTXSID10672419 DTXSID00588297 DTXSID10188005 DTXSID90383879 DTXSID10455688 DTXSID90794901 DTXSID70548964
DTXSID40204681	DTXSID10236494 DTXSID40640242 DTXSID70342469 DTXSID40555726 DTXSID50512320 DTXSID40159763 DTXSID00540491 DTXSID90557492 DTXSID10467160 DTXSID90545091 DTXSID90842799 DTXSID90170084 DTXSID50846995 DTXSID60528538 DTXSID80437496 DTXSID30627320 DTXSID70705999 DTXSID30482754 DTXSID50609340 DTXSID10296917
DTXSID50880672	DTXSID10488239 DTXSID50832151 DTXSID40802964 DTXSID90567874 DTXSID20535622 DTXSID30617185 DTXSID30306668 DTXSID90171536 DTXSID10771234 DTXSID90306669 DTXSID10399917 DTXSID90782323 DTXSID40773347 DTXSID60340732 DTXSID40440067 DTXSID40675236 DTXSID10462332 DTXSID90286816 DTXSID00762792 DTXSID80783304
DTXSID80354371	DTXSID5021625 DTXSID80568138 DTXSID30738485 DTXSID30550023 DTXSID60172570 DTXSID90399319 DTXSID60451877 DTXSID60766978 DTXSID1068302 DTXSID70304724 DTXSID10693124 DTXSID90587653 DTXSID80594452 DTXSID80540737 DTXSID90844430 DTXSID40745084 DTXSID70473565 DTXSID00864907 DTXSID80394919 DTXSID90577271
DTXSID70476834	DTXSID40623797 DTXSID30853642 DTXSID60490347 DTXSID10572809 DTXSID70789794 DTXSID10211569 DTXSID00567360 DTXSID70209866 DTXSID00364013 DTXSID70554328 DTXSID30422675 DTXSID40713743 DTXSID20143105 DTXSID00646760 DTXSID10377134 DTXSID90551056 DTXSID50667344 DTXSID80176191 DTXSID60470846 DTXSID20846467
DTXSID10845828	DTXSID10561314 DTXSID60437131 DTXSID70571398 DTXSID70879422 DTXSID40192433 DTXSID20408963 DTXSID20599643 DTXSID00531006 DTXSID10633489 DTXSID90171839 DTXSID90231780 DTXSID00727482 DTXSID60621250 DTXSID10539896 DTXSID20501903 DTXSID00844643 DTXSID10221340 DTXSID10530126 DTXSID30634539 DTXSID40756655
DTXSID00841233	DTXSID60195587 DTXSID60759845 DTXSID80526894 DTXSID80820647 DTXSID80599205 DTXSID60880648 DTXSID70773512 DTXSID40714614 DTXSID50712085 DTXSID60552474 DTXSID60864504 DTXSID40819355 DTXSID50662258 DTXSID60840328 DTXSID40718177 DTXSID80340739 DTXSID70816731 DTXSID80836521 DTXSID30637126 DTXSID90714144
DTXSID60734738	DTXSID70502965 DTXSID10444416 DTXSID80511583 DTXSID50787672 DTXSID00389746 DTXSID00186176 DTXSID40756958 DTXSID10275540 DTXSID40774819 DTXSID80734038 DTXSID60188272 DTXSID40508272 DTXSID00799866 DTXSID50527333 DTXSID70757958 DTXSID50508066 DTXSID50787394 DTXSID30621282 DTXSID20591980 DTXSID00217873
DTXSID00712999	DTXSID80827797 DTXSID90293828 DTXSID20346871 DTXSID00850007 DTXSID40624744 DTXSID50734888 DTXSID20579662 DTXSID90407180 DTXSID00773606 DTXSID60409252 DTXSID30148065 DTXSID80459037 DTXSID90528945 DTXSID30651120 DTXSID30441386 DTXSID50467164 DTXSID20754952 DTXSID70591172 DTXSID60406004 DTXSID80841231
DTXSID20416442	DTXSID90759338 DTXSID20811357 DTXSID70599390 DTXSID80442686 DTXSID10425129 DTXSID80324357 DTXSID40194558 DTXSID20151705 DTXSID70150627 DTXSID10814695 DTXSID90445805 DTXSID20322453 DTXSID80558271 DTXSID40617934 DTXSID20798412 DTXSID60510635 DTXSID60875877 DTXSID00290363 DTXSID20327009 DTXSID10199636
DTXSID00657073	DTXSID00290363 DTXSID70150627 DTXSID20322453 DTXSID00176032 DTXSID30465820 DTXSID60805533 DTXSID60424546 DTXSID70599390 DTXSID10589275 DTXSID00304196 DTXSID20811357 DTXSID00204985 DTXSID20416442 DTXSID10425129 DTXSID60785200 DTXSID90759338 DTXSID50147050 DTXSID10814695 DTXSID10634274 DTXSID30207525
DTXSID30453383	DTXSID20173321 DTXSID2022127 DTXSID40439936 DTXSID10338821 DTXSID30451647 DTXSID40851134 DTXSID10626775 DTXSID30201402 DTXSID50342467 DTXSID50220236 DTXSID30794804 DTXSID90527776 DTXSID8022169 DTXSID90275088 DTXSID70762224 DTXSID60656901 DTXSID80407876 DTXSID70886030 DTXSID00223994 DTXSID50778843
DTXSID30343396	DTXSID1036886 DTXSID20740779 DTXSID00837035 DTXSID20732210 DTXSID60514936 DTXSID80589808 DTXSID50450374 DTXSID90623222 DTXSID20146696 DTXSID10403725 DTXSID30635122 DTXSID30323618 DTXSID70437465 DTXSID90698511 DTXSID30296292 DTXSID8068202 DTXSID40847597 DTXSID90407241 DTXSID80343442 DTXSID30506823
DTXSID00600983	DTXSID10420715 DTXSID10377134 DTXSID60388351 DTXSID90552402 DTXSID60424440 DTXSID60490347 DTXSID40299517 DTXSID50538646 DTXSID00567360 DTXSID80143106 DTXSID70176387 DTXSID30440298 DTXSID90341590 DTXSID70789794 DTXSID10211569 DTXSID90595591 DTXSID40623797 DTXSID70353277 DTXSID70554328 DTXSID30423223
DTXSID80196773	DTXSID80538619 DTXSID20408685 DTXSID80787605 DTXSID90767079 DTXSID20193125 DTXSID60631637 DTXSID1067833 DTXSID60589644 DTXSID70815446 DTXSID00742973 DTXSID60400325 DTXSID80428662 DTXSID60373803 DTXSID50846172 DTXSID30628918 DTXSID60196094 DTXSID90791359 DTXSID90699861 DTXSID70628795 DTXSID00352617
DTXSID80559561	DTXSID90823245 DTXSID3051541 DTXSID30188729 DTXSID30827146 DTXSID70750186 DTXSID5051311 DTXSID10773617 DTXSID40534975 DTXSID50343212 DTXSID1068807 DTXSID9072527 DTXSID6063226 DTXSID90556268 DTXSID80553504 DTXSID6044802 DTXSID70867364 DTXSID60873939 DTXSID20242521 DTXSID30550028 DTXSID30281663
DTXSID20547326	DTXSID90721373 DTXSID40372051 DTXSID30577331 DTXSID30459729 DTXSID60184870 DTXSID20629590 DTXSID00557044 DTXSID90707556 DTXSID20578539 DTXSID40453450 DTXSID30642230 DTXSID80661158 DTXSID60665472 DTXSID00220160 DTXSID80350737 DTXSID60670142 DTXSID40568598 DTXSID80463452 DTXSID50456533 DTXSID80178751
DTXSID40629911	DTXSID00199842 DTXSID20879053 DTXSID30676873 DTXSID40615374 DTXSID90694957 DTXSID30305550 DTXSID20677798 DTXSID10726481 DTXSID80404406 DTXSID20655894 DTXSID00701106 DTXSID30671207 DTXSID50669924 DTXSID20646787 DTXSID50206878 DTXSID4025903 DTXSID40538554 DTXSID10379411 DTXSID10435248 DTXSID90319299
DTXSID90388046	DTXSID10439589 DTXSID60671492 DTXSID80782413 DTXSID1068229 DTXSID30511452 DTXSID90734347 DTXSID40459098 DTXSID50281206 DTXSID90326600 DTXSID00725605 DTXSID50520026 DTXSID60813077 DTXSID70664895 DTXSID50321555 DTXSID10485541 DTXSID10405921 DTXSID40504491 DTXSID20477912 DTXSID60285093 DTXSID70708324
DTXSID40559067	DTXSID20351187 DTXSID80215670 DTXSID00453198 DTXSID70438513 DTXSID80214022 DTXSID20372756 DTXSID00811431 DTXSID00802263 DTXSID80857236 DTXSID10342625 DTXSID00571927 DTXSID70857447 DTXSID1065899 DTXSID80711127 DTXSID40287797 DTXSID00473518 DTXSID30642235 DTXSID00421630 DTXSID40482043 DTXSID00178112
DTXSID30816914	DTXSID70640932 DTXSID20284688 DTXSID50660254 DTXSID10143472 DTXSID70585475 DTXSID10377573 DTXSID10618478 DTXSID20384137 DTXSID00338355 DTXSID40711481 DTXSID80722556 DTXSID7073771 DTXSID20376158 DTXSID70377413 DTXSID40896727 DTXSID70511118 DTXSID90325830 DTXSID60661651 DTXSID50853169 DTXSID80647376
DTXSID60193361	DTXSID70589756 DTXSID10511354 DTXSID50404296 DTXSID10786282 DTXSID60885855 DTXSID90549170 DTXSID10675228 DTXSID80695776 DTXSID60542052 DTXSID20275814 DTXSID70739012 DTXSID90187238 DTXSID20781223 DTXSID40466085 DTXSID10650378 DTXSID70693504 DTXSID60473099 DTXSID30409264 DTXSID40642226 DTXSID30566720
DTXSID30542463	DTXSID30874115 DTXSID50559694 DTXSID80795366 DTXSID30496230 DTXSID50640374 DTXSID00876848 DTXSID80753441 DTXSID00710657 DTXSID40276348 DTXSID60551285 DTXSID60675475 DTXSID00179881 DTXSID30165636 DTXSID20509929 DTXSID50758726 DTXSID80519504 DTXSID90366985 DTXSID10432691 DTXSID60876142 DTXSID50388749
DTXSID90470157	DTXSID90816713 DTXSID50816158 DTXSID50297620 DTXSID50177630 DTXSID20602303 DTXSID90399273 DTXSID4074271 DTXSID40390654 DTXSID40181084 DTXSID90778665 DTXSID8073637 DTXSID00787167 DTXSID70762224 DTXSID10531254 DTXSID70799712 DTXSID00290247 DTXSID50778843 DTXSID70562488 DTXSID80398735 DTXSID90767918
DTXSID30542468	DTXSID60603536 DTXSID00850087 DTXSID10818517 DTXSID10352800 DTXSID70305695 DTXSID90459043 DTXSID60282168 DTXSID50852157 DTXSID00501860 DTXSID40818282 DTXSID20502738 DTXSID00567961 DTXSID50496818 DTXSID70803545 DTXSID70452719 DTXSID70523034 DTXSID50772104 DTXSID80774196 DTXSID10187391 DTXSID30744748
DTXSID8047717	DTXSID60290364 DTXSID90490996 DTXSID50788008 DTXSID40322596 DTXSID00842240 DTXSID70278193 DTXSID90334321 DTXSID70333716 DTXSID30823264 DTXSID60445433 DTXSID40186074 DTXSID30434511 DTXSID90280854 DTXSID20475594 DTXSID70720440 DTXSID40289256 DTXSID90178843 DTXSID20560212 DTXSID20880629 DTXSID90171935
DTXSID20613499	DTXSID40816728 DTXSID10577450 DTXSID60536552 DTXSID00756111 DTXSID30865700 DTXSID00632966 DTXSID50816734 DTXSID30851466 DTXSID10822073 DTXSID90500261 DTXSID60795081 DTXSID40636908 DTXSID00787066 DTXSID70709896 DTXSID70842010 DTXSID80633759 DTXSID90750981 DTXSID50811567 DTXSID30787630 DTXSID60749342
DTXSID90510345	DTXSID20235433 DTXSID70850630 DTXSID70361650 DTXSID80696364 DTXSID80494029 DTXSID50354060 DTXSID50662930 DTXSID90702203 DTXSID10406256 DTXSID00151728 DTXSID10743592 DTXSID10568964 DTXSID7021366 DTXSID20789128 DTXSID00168679 DTXSID60587786 DTXSID20191247 DTXSID80784755 DTXSID70428494 DTXSID10631864
DTXSID10466491	DTXSID80444665 DTXSID80317547 DTXSID70676711 DTXSID80896685 DTXSID40452180 DTXSID20239537 DTXSID00463292 DTXSID50510164 DTXSID60159886 DTXSID40638942 DTXSID50610633 DTXSID20163247 DTXSID70655208 DTXSID90376448 DTXSID60294322 DTXSID40539147 DTXSID2061480 DTXSID60239536 DTXSID60777408 DTXSID20522552
DTXSID2063765	DTXSID4052005 DTXSID1062546 DTXSID80770815 DTXSID90209025 DTXSID60173926 DTXSID70622612 DTXSID70587777 DTXSID90765171 DTXSID30702166 DTXSID90302606 DTXSID2027967 DTXSID00775887 DTXSID10783438 DTXSID80560258 DTXSID60696701 DTXSID20824306 DTXSID50887767 DTXSID6063511 DTXSID80576899 DTXSID40208523
DTXSID30350808	DTXSID60707341 DTXSID60856924 DTXSID50879561 DTXSID30726443 DTXSID40517344 DTXSID10350624 DTXSID40533943 DTXSID60720717 DTXSID10650333 DTXSID50509235 DTXSID60647298 DTXSID90323199 DTXSID90321837 DTXSID90507013 DTXSID20514831 DTXSID40392234 DTXSID00897119 DTXSID40295857 DTXSID50541579 DTXSID00542450
DTXSID40738597	DTXSID90213187 DTXSID90330909 DTXSID90209803 DTXSID30149274 DTXSID80735383 DTXSID90790605 DTXSID60558138 DTXSID60790258 DTXSID00533141 DTXSID50148269 DTXSID80713888 DTXSID40745100 DTXSID20732412 DTXSID80561604 DTXSID00724456 DTXSID50460918 DTXSID10737734 DTXSID00604441 DTXSID70787391 DTXSID90490436
DTXSID20587585	DTXSID7057658 DTXSID10212475 DTXSID60744251 DTXSID90394783 DTXSID70283348 DTXSID00673753 DTXSID7047015 DTXSID20315027 DTXSID30796267 DTXSID30455463 DTXSID60732693 DTXSID20808909 DTXSID40338899 DTXSID80784316 DTXSID00725246 DTXSID7020211 DTXSID50704849 DTXSID10617880 DTXSID50175434 DTXSID3063966
DTXSID40783663	DTXSID70641121 DTXSID20506014 DTXSID80401773 DTXSID60777408 DTXSID70663580 DTXSID10525294 DTXSID90376448 DTXSID40552518 DTXSID10534447 DTXSID2061480 DTXSID30534449 DTXSID80509384 DTXSID70500800 DTXSID70534448 DTXSID20350337 DTXSID00586415 DTXSID50565977 DTXSID90885863 DTXSID40670408 DTXSID10455027
DTXSID80593521	DTXSID50356468 DTXSID80299652 DTXSID40175741 DTXSID80289396 DTXSID50352682 DTXSID80528671 DTXSID80855090 DTXSID00670222 DTXSID0062139 DTXSID20500057 DTXSID00668987 DTXSID70669229 DTXSID60489296 DTXSID80457351 DTXSID00389105 DTXSID40845694 DTXSID30444993 DTXSID10604336 DTXSID50534365 DTXSID60542759
DTXSID20680303	DTXSID50453481 DTXSID10186102 DTXSID50681767 DTXSID50175277 DTXSID80292582 DTXSID40649795 DTXSID20883175 DTXSID40700572 DTXSID60150590 DTXSID90645348 DTXSID80661234 DTXSID5022803 DTXSID80154818 DTXSID20391189 DTXSID80808541 DTXSID80279772 DTXSID00374652 DTXSID70576904 DTXSID00662940 DTXSID30640938
DTXSID80789447	DTXSID90832034 DTXSID20581402 DTXSID50354888 DTXSID20522552 DTXSID00434109 DTXSID60294322 DTXSID20566037 DTXSID50660118 DTXSID60239536 DTXSID10828494 DTXSID30705071 DTXSID7044689 DTXSID20239537 DTXSID00749265 DTXSID60159886 DTXSID30418639 DTXSID50819321 DTXSID90731876 DTXSID70676711 DTXSID90475203
DTXSID40405939	DTXSID90338980 DTXSID40595829 DTXSID80708355 DTXSID20378874 DTXSID00423654 DTXSID9044164 DTXSID70593176 DTXSID00298647 DTXSID10824299 DTXSID30451763 DTXSID90346101 DTXSID20381262 DTXSID90621465 DTXSID00611539 DTXSID20579586 DTXSID30278654 DTXSID30344949 DTXSID60656901 DTXSID20511921 DTXSID30489122
DTXSID60170096	DTXSID70409389 DTXSID1063691 DTXSID20781243 DTXSID90696739 DTXSID00276940 DTXSID20318497 DTXSID30544023 DTXSID90787030 DTXSID10437121 DTXSID40661119 DTXSID80543420 DTXSID30666274 DTXSID40359589 DTXSID30314602 DTXSID60661131 DTXSID30733677 DTXSID20285195 DTXSID60442705 DTXSID10563075 DTXSID90375653
DTXSID30524481	DTXSID80674147 DTXSID10327533 DTXSID20765669 DTXSID10856030 DTXSID00209354 DTXSID70766141 DTXSID70751153 DTXSID40526577 DTXSID80223154 DTXSID20522476 DTXSID60590538 DTXSID90164640 DTXSID40487235 DTXSID30447005 DTXSID70678311 DTXSID3073719 DTXSID60377861 DTXSID80603654 DTXSID90242250 DTXSID80369228
DTXSID40551526	DTXSID30405908 DTXSID10525310 DTXSID10518868 DTXSID90711198 DTXSID60232421 DTXSID5072486 DTXSID30544588 DTXSID20776098 DTXSID3061552 DTXSID5061245 DTXSID20680227 DTXSID60488421 DTXSID90621465 DTXSID10442659 DTXSID70709538 DTXSID90749330 DTXSID60600126 DTXSID60336195 DTXSID30344949 DTXSID70438497
DTXSID10470412	DTXSID80572896 DTXSID20378677 DTXSID30291883 DTXSID30217503 DTXSID20605758 DTXSID10586047 DTXSID90205022 DTXSID80162079 DTXSID10673906 DTXSID00304090 DTXSID00520293 DTXSID70542023 DTXSID70828773 DTXSID90425465 DTXSID40325507 DTXSID00619277 DTXSID90499641 DTXSID4045682 DTXSID10771759 DTXSID80142856
DTXSID60471338	DTXSID90749597 DTXSID50590188 DTXSID40856366 DTXSID80437991 DTXSID20348830 DTXSID40427651 DTXSID60187922 DTXSID20452729 DTXSID00663871 DTXSID60500859 DTXSID60562356 DTXSID40652067 DTXSID40845472 DTXSID60467599 DTXSID90605508 DTXSID60175162 DTXSID20857154 DTXSID70326108 DTXSID60590477 DTXSID20759801
DTXSID50277765	DTXSID90185830 DTXSID20876683 DTXSID40657471 DTXSID00387843 DTXSID80207252 DTXSID50806832 DTXSID10624458 DTXSID20442145 DTXSID20654908 DTXSID90672497 DTXSID10756167 DTXSID30181270 DTXSID80284285 DTXSID20602808 DTXSID90379454 DTXSID60760855 DTXSID10657448 DTXSID10720242 DTXSID50310222 DTXSID70791059
DTXSID80283036	DTXSID50596322 DTXSID40474807 DTXSID30167256 DTXSID70780766 DTXSID20571666 DTXSID0052330 DTXSID80611870 DTXSID20876587 DTXSID60740637 DTXSID30403904 DTXSID60586193 DTXSID70814070 DTXSID10448853 DTXSID20792955 DTXSID80407033 DTXSID00236589 DTXSID00564713 DTXSID00820260 DTXSID60315945 DTXSID90513452
DTXSID0042298	DTXSID30346908 DTXSID10516763 DTXSID40760095 DTXSID20159786 DTXSID10594324 DTXSID30437547 DTXSID90463827 DTXSID40440103 DTXSID10294857 DTXSID40765540 DTXSID10717975 DTXSID70621488 DTXSID00316638 DTXSID30294495 DTXSID10852996 DTXSID90743631 DTXSID90833162 DTXSID80453999 DTXSID20312091 DTXSID40211870
DTXSID40408203	DTXSID00706535 DTXSID6044648 DTXSID30333176 DTXSID20744171 DTXSID40635496 DTXSID70517771 DTXSID20653476 DTXSID90543436 DTXSID90547570 DTXSID20318013 DTXSID10390348 DTXSID20190770 DTXSID00491015 DTXSID20805731 DTXSID00343449 DTXSID30713515 DTXSID90450858 DTXSID80238102 DTXSID20475812 DTXSID40565486
DTXSID40382812	DTXSID40682364 DTXSID80441533 DTXSID80877338 DTXSID70759654 DTXSID10700029 DTXSID00678208 DTXSID80456728 DTXSID60700918 DTXSID30325278 DTXSID0052388 DTXSID70477947 DTXSID40749587 DTXSID60640047 DTXSID20877630 DTXSID10518727 DTXSID40332150 DTXSID30443108 DTXSID40156419 DTXSID10661722 DTXSID20793508
DTXSID50400551	DTXSID30371457 DTXSID70813427 DTXSID70873662 DTXSID30852256 DTXSID70597735 DTXSID70235529 DTXSID50181656 DTXSID00503783 DTXSID10301277 DTXSID90793535 DTXSID80710670 DTXSID0061327 DTXSID50179518 DTXSID80439612 DTXSID30177557 DTXSID20605314 DTXSID90560729 DTXSID60622580 DTXSID90435044 DTXSID00277376
DTXSID90238799	DTXSID40724415 DTXSID70594865 DTXSID00323882 DTXSID60768295 DTXSID40378694 DTXSID50568201 DTXSID70158284 DTXSID00430464 DTXSID10345757 DTXSID00663053 DTXSID10489948 DTXSID00553187 DTXSID80561381 DTXSID60636561 DTXSID80696829 DTXSID60402369 DTXSID90809004 DTXSID50709773 DTXSID10569931 DTXSID20479512
DTXSID50310520	DTXSID5070529 DTXSID10806398 DTXSID10301277 DTXSID10177550 DTXSID90560729 DTXSID30852256 DTXSID20879472 DTXSID50179518 DTXSID50631606 DTXSID90695323 DTXSID60739526 DTXSID20325065 DTXSID90435044 DTXSID60875796 DTXSID80560576 DTXSID40693238 DTXSID30747335 DTXSID00299730 DTXSID20834086 DTXSID20708955
DTXSID50766366	DTXSID70651568 DTXSID60557242 DTXSID10787971 DTXSID80351906 DTXSID60606582 DTXSID80342879 DTXSID1051800 DTXSID90328629 DTXSID50858472 DTXSID80795720 DTXSID40326877 DTXSID30831086 DTXSID50502221 DTXSID10886357 DTXSID10391618 DTXSID50528269 DTXSID50693663 DTXSID90530942 DTXSID70485608 DTXSID10682199
DTXSID90805440	DTXSID50467346 DTXSID50667248 DTXSID90313636 DTXSID20778436 DTXSID40450409 DTXSID30176540 DTXSID40674183 DTXSID90783198 DTXSID40374030 DTXSID90419526 DTXSID70221568 DTXSID70471389 DTXSID70820898 DTXSID90647221 DTXSID30311595 DTXSID40168219 DTXSID50345014 DTXSID80282226 DTXSID50437069 DTXSID60823939
DTXSID70556342	DTXSID00839498 DTXSID90457963 DTXSID90875966 DTXSID10160386 DTXSID40405393 DTXSID70623684 DTXSID40237176 DTXSID60358195 DTXSID60554776 DTXSID90668471 DTXSID60559382 DTXSID00846006 DTXSID10278713 DTXSID40167969 DTXSID80349606 DTXSID30228250 DTXSID80279772 DTXSID70879543 DTXSID8059635 DTXSID20327024
DTXSID30471749	DTXSID60612921 DTXSID30501474 DTXSID80337720 DTXSID40328396 DTXSID70484651 DTXSID90771979 DTXSID30583038 DTXSID10400618 DTXSID60633636 DTXSID60655358 DTXSID60791689 DTXSID70659620 DTXSID40711522 DTXSID20389647 DTXSID90596508 DTXSID90618219 DTXSID60616843 DTXSID10501472 DTXSID60621912 DTXSID80810068
DTXSID50775251	DTXSID00543068 DTXSID50753675 DTXSID50708483 DTXSID30170922 DTXSID80708456 DTXSID10711458 DTXSID50823948 DTXSID90404977 DTXSID90437669 DTXSID50576301 DTXSID20240441 DTXSID30793837 DTXSID00331427 DTXSID10805583 DTXSID10712521 DTXSID70775273 DTXSID80444544 DTXSID00597728 DTXSID20735842 DTXSID60598519
DTXSID90182581	DTXSID40616866 DTXSID10640052 DTXSID10478554 DTXSID40282005 DTXSID10679943 DTXSID80471577 DTXSID90149336 DTXSID10228793 DTXSID70600399 DTXSID70787851 DTXSID50833365 DTXSID00488329 DTXSID50302824 DTXSID50795277 DTXSID40876185 DTXSID10566046 DTXSID90608771 DTXSID8066975 DTXSID10190906 DTXSID00429853
DTXSID00563862	DTXSID70855069 DTXSID30660373 DTXSID60827513 DTXSID70392702 DTXSID50154805 DTXSID30616532 DTXSID70884657 DTXSID00604709 DTXSID20660362 DTXSID1051692 DTXSID40143001 DTXSID70356581 DTXSID80221812 DTXSID90158322 DTXSID90203164 DTXSID60315304 DTXSID70234370 DTXSID40470283 DTXSID70325651 DTXSID70568465
DTXSID20426965	DTXSID40736417 DTXSID5044811 DTXSID50590168 DTXSID50443483 DTXSID00337823 DTXSID10640299 DTXSID60333109 DTXSID70391154 DTXSID20887118 DTXSID20704255 DTXSID30378148 DTXSID00837277 DTXSID90390301 DTXSID00655433 DTXSID80648545 DTXSID50152285 DTXSID10489847 DTXSID90632258 DTXSID60770393 DTXSID90519151
DTXSID60670389	DTXSID20482662 DTXSID50322446 DTXSID00308639 DTXSID60813496 DTXSID70630050 DTXSID50393757 DTXSID20603719 DTXSID50672276 DTXSID50164641 DTXSID90836193 DTXSID00291259 DTXSID50709672 DTXSID00145980 DTXSID40427616 DTXSID00836164 DTXSID20349685 DTXSID1042281 DTXSID60591924 DTXSID50305239 DTXSID20522017
DTXSID20742031	DTXSID10630771 DTXSID70656250 DTXSID50383330 DTXSID90615809 DTXSID80492621 DTXSID00738654 DTXSID70894756 DTXSID50421261 DTXSID10794382 DTXSID8032675 DTXSID90649664 DTXSID30848593 DTXSID70224155 DTXSID60715522 DTXSID80540772 DTXSID1058004 DTXSID00184410 DTXSID00810702 DTXSID30416392 DTXSID90200471
DTXSID50651006	DTXSID70874098 DTXSID60540114 DTXSID00162071 DTXSID50524827 DTXSID50277442 DTXSID50215283 DTXSID90696310 DTXSID10428534 DTXSID90453768 DTXSID60635918 DTXSID10144383 DTXSID50528446 DTXSID30402492 DTXSID20340490 DTXSID80554157 DTXSID50649605 DTXSID40398958 DTXSID10528447 DTXSID20834965 DTXSID10829527
DTXSID50190021	DTXSID10871440 DTXSID00411738 DTXSID20654903 DTXSID40593340 DTXSID00633796 DTXSID80823330 DTXSID40334275 DTXSID90442410 DTXSID40610021 DTXSID40474029 DTXSID10742247 DTXSID00669479 DTXSID90462936 DTXSID00442062 DTXSID50585418 DTXSID40321226 DTXSID80440647 DTXSID90238315 DTXSID40380277 DTXSID80814102
DTXSID30787630	DTXSID90500261 DTXSID90750981 DTXSID20878369 DTXSID90413625 DTXSID10822073 DTXSID90444555 DTXSID90773276 DTXSID90638174 DTXSID00756111 DTXSID60566011 DTXSID40813393 DTXSID00847114 DTXSID60536552 DTXSID10280770 DTXSID80816742 DTXSID50816734 DTXSID20613499 DTXSID30218212 DTXSID00787066 DTXSID70842010
DTXSID20764253	DTXSID80666249 DTXSID30850393 DTXSID2062747 DTXSID40449914 DTXSID50519152 DTXSID40784978 DTXSID30647583 DTXSID00348353 DTXSID70329513 DTXSID20302371 DTXSID70880417 DTXSID40277799 DTXSID70880598 DTXSID60801696 DTXSID70851288 DTXSID80436722 DTXSID4070378 DTXSID70823546 DTXSID00823534 DTXSID90436112
DTXSID10618170	DTXSID50627165 DTXSID50625161 DTXSID60640668 DTXSID10478731 DTXSID40334412 DTXSID50145874 DTXSID30444372 DTXSID70383211 DTXSID70239542 DTXSID90497142 DTXSID60358791 DTXSID70857629 DTXSID50588202 DTXSID50345892 DTXSID30223841 DTXSID40646269 DTXSID80562318 DTXSID90725351 DTXSID70856415 DTXSID20355044
DTXSID00517608	DTXSID10570168 DTXSID90672093 DTXSID80427877 DTXSID60599107 DTXSID90487321 DTXSID60621331 DTXSID50663326 DTXSID10453169 DTXSID50743394 DTXSID80570155 DTXSID40162656 DTXSID10518525 DTXSID80663551 DTXSID50533277 DTXSID40790690 DTXSID40721429 DTXSID40388879 DTXSID20467313 DTXSID50853725 DTXSID70782987
DTXSID70327857	DTXSID30451107 DTXSID60325842 DTXSID80798099 DTXSID10337657 DTXSID10418177 DTXSID90772825 DTXSID30550028 DTXSID40781063 DTXSID1068807 DTXSID60850189 DTXSID3068883 DTXSID30528282 DTXSID6063226 DTXSID30316929 DTXSID40534975 DTXSID80553504 DTXSID40771787 DTXSID00770211 DTXSID90556268 DTXSID80789543
DTXSID40392491	DTXSID70801127 DTXSID50198623 DTXSID70610372 DTXSID80675972 DTXSID40733941 DTXSID00592430 DTXSID40767105 DTXSID10276198 DTXSID60886903 DTXSID30173539 DTXSID50561257 DTXSID30788844 DTXSID90345331 DTXSID80850904 DTXSID50561575 DTXSID50217121 DTXSID40732434 DTXSID30795831 DTXSID20595206 DTXSID10547299
DTXSID10488012	DTXSID10755897 DTXSID70439227 DTXSID50328600 DTXSID70519199 DTXSID10432691 DTXSID40695111 DTXSID20423499 DTXSID60757588 DTXSID60675475 DTXSID20768771 DTXSID40300233 DTXSID00710657 DTXSID40326736 DTXSID30849888 DTXSID20170794 DTXSID00708473 DTXSID60580712 DTXSID40392471 DTXSID80795366 DTXSID60148593
DTXSID20656109	DTXSID00543245 DTXSID90474074 DTXSID40474221 DTXSID50807743 DTXSID90783810 DTXSID20339268 DTXSID90825244 DTXSID40221893 DTXSID80468881 DTXSID10516460 DTXSID00819932 DTXSID20565166 DTXSID50277740 DTXSID70383372 DTXSID5059296 DTXSID00448923 DTXSID00588454 DTXSID20492625 DTXSID40591346 DTXSID10183595
DTXSID10501255	DTXSID10856792 DTXSID50555191 DTXSID60475331 DTXSID40417916 DTXSID30597130 DTXSID00590274 DTXSID90286270 DTXSID60398475 DTXSID40471876 DTXSID00163427 DTXSID40715661 DTXSID40219053 DTXSID00534350 DTXSID60152170 DTXSID30795831 DTXSID30660313 DTXSID30825102 DTXSID70645644 DTXSID50302465 DTXSID70813563
DTXSID50893606	DTXSID30708168 DTXSID20815799 DTXSID90598229 DTXSID80594755 DTXSID50675065 DTXSID00663412 DTXSID00822163 DTXSID40169908 DTXSID50427167 DTXSID00587649 DTXSID90570505 DTXSID60353524 DTXSID20590271 DTXSID80653437 DTXSID20645255 DTXSID60317383 DTXSID00734090 DTXSID10645249 DTXSID80351481 DTXSID20545105
DTXSID80479295	DTXSID20184139 DTXSID20488861 DTXSID5059822 DTXSID20694900 DTXSID40552058 DTXSID00164439 DTXSID20578675 DTXSID40808082 DTXSID70306869 DTXSID10787971 DTXSID10831084 DTXSID60350371 DTXSID90809448 DTXSID70203864 DTXSID50846531 DTXSID10886357 DTXSID70523594 DTXSID60162739 DTXSID1052585 DTXSID00303785
DTXSID60649297	DTXSID20796933 DTXSID10704628 DTXSID60835597 DTXSID00706676 DTXSID10359354 DTXSID00755240 DTXSID20682347 DTXSID30493143 DTXSID80338510 DTXSID50657063 DTXSID30701937 DTXSID10471782 DTXSID70694495 DTXSID80595247 DTXSID00529488 DTXSID70649586 DTXSID90706640 DTXSID60179988 DTXSID90707096 DTXSID10289521
DTXSID50318526	DTXSID80776034 DTXSID20172071 DTXSID00577964 DTXSID20594678 DTXSID90329454 DTXSID90446892 DTXSID70825242 DTXSID20403498 DTXSID10528548 DTXSID10144484 DTXSID50640319 DTXSID50639889 DTXSID70488750 DTXSID40565486 DTXSID20835977 DTXSID50527358 DTXSID10579131 DTXSID50817943 DTXSID00757749 DTXSID70612013
DTXSID50824718	DTXSID90461989 DTXSID80439197 DTXSID50464411 DTXSID20285377 DTXSID20206103 DTXSID20159423 DTXSID20291539 DTXSID10561854 DTXSID30638613 DTXSID40191264 DTXSID10495721 DTXSID80501489 DTXSID90484012 DTXSID20368295 DTXSID10498176 DTXSID10179115 DTXSID70504686 DTXSID10483385 DTXSID70744909 DTXSID00559149
DTXSID80546739	DTXSID00699514 DTXSID70233808 DTXSID00793728 DTXSID20741069 DTXSID80468609 DTXSID30191576 DTXSID30543410 DTXSID10822679 DTXSID70242536 DTXSID50804111 DTXSID50796865 DTXSID80195024 DTXSID70785392 DTXSID20280781 DTXSID60511480 DTXSID80278447 DTXSID60826960 DTXSID50737490 DTXSID80705607 DTXSID40417799
DTXSID40235753	DTXSID00836962 DTXSID50307490 DTXSID10182503 DTXSID60649136 DTXSID00377183 DTXSID70598444 DTXSID70466457 DTXSID50677665 DTXSID20625698 DTXSID90499429 DTXSID20474022 DTXSID70516729 DTXSID60604220 DTXSID50734909 DTXSID10604513 DTXSID40724556 DTXSID40339083 DTXSID40641173 DTXSID70668499 DTXSID20552238
DTXSID40492324	DTXSID90755951 DTXSID80169801 DTXSID10838811 DTXSID30737771 DTXSID20340096 DTXSID60184971 DTXSID00391541 DTXSID80771201 DTXSID20431170 DTXSID10544465 DTXSID10456251 DTXSID90487604 DTXSID00763380 DTXSID20636986 DTXSID30446093 DTXSID60764858 DTXSID20341866 DTXSID10500324 DTXSID60785886 DTXSID10818299
DTXSID30278139	DTXSID90209343 DTXSID00681570 DTXSID30184524 DTXSID50694418 DTXSID10610179 DTXSID80848381 DTXSID6052324 DTXSID70592609 DTXSID60407056 DTXSID20444048 DTXSID20797081 DTXSID90544741 DTXSID30804533 DTXSID40876983 DTXSID20379503 DTXSID90609465 DTXSID00315606 DTXSID40700158 DTXSID80765908 DTXSID20560212
DTXSID10818517	DTXSID50852157 DTXSID70305695 DTXSID70452719 DTXSID30542468 DTXSID40818282 DTXSID90459043 DTXSID00501860 DTXSID50772104 DTXSID60737648 DTXSID10187391 DTXSID70803545 DTXSID60603536 DTXSID70729791 DTXSID00850087 DTXSID80763949 DTXSID60456529 DTXSID70523034 DTXSID10554766 DTXSID70603527 DTXSID90567430
DTXSID00420305	DTXSID90767615 DTXSID30185571 DTXSID50180124 DTXSID80536458 DTXSID1020770 DTXSID80211677 DTXSID20476965 DTXSID50606874 DTXSID10837041 DTXSID40640121 DTXSID00801993 DTXSID80442828 DTXSID00408603 DTXSID60225090 DTXSID00413191 DTXSID10888412 DTXSID20459172 DTXSID40613158 DTXSID20158431 DTXSID40437235
DTXSID60463576	DTXSID90407807 DTXSID20840329 DTXSID50234378 DTXSID40483015 DTXSID10431745 DTXSID50239186 DTXSID50752865 DTXSID80232084 DTXSID30786582 DTXSID60772473 DTXSID80793680 DTXSID70471960 DTXSID90292492 DTXSID90711173 DTXSID00601051 DTXSID90758447 DTXSID20288823 DTXSID50191093 DTXSID70720485 DTXSID70557152
DTXSID10435248	DTXSID40538554 DTXSID20646787 DTXSID60583001 DTXSID20677798 DTXSID20655894 DTXSID50670919 DTXSID10726481 DTXSID30671207 DTXSID30676873 DTXSID70403367 DTXSID80528156 DTXSID00199842 DTXSID30505336 DTXSID90156823 DTXSID40634126 DTXSID80404406 DTXSID90164963 DTXSID10391274 DTXSID50546887 DTXSID50206878
DTXSID10856792	DTXSID00590274 DTXSID10501255 DTXSID40219053 DTXSID60475331 DTXSID50555191 DTXSID90286270 DTXSID60398475 DTXSID40417916 DTXSID30825102 DTXSID30597130 DTXSID00534350 DTXSID40585765 DTXSID30660313 DTXSID00163427 DTXSID40471876 DTXSID60805391 DTXSID30318408 DTXSID40715661 DTXSID00751005 DTXSID60152170
DTXSID80373608	DTXSID00542773 DTXSID00730375 DTXSID20191888 DTXSID70443980 DTXSID50664979 DTXSID50303497 DTXSID00351640 DTXSID40879717 DTXSID10398581 DTXSID1063140 DTXSID90339417 DTXSID70192522 DTXSID30303157 DTXSID10786207 DTXSID80897339 DTXSID60151047 DTXSID80767386 DTXSID10655469 DTXSID10210118 DTXSID10374441
DTXSID10814352	DTXSID40319789 DTXSID50836972 DTXSID20894140 DTXSID90697584 DTXSID60827432 DTXSID40896005 DTXSID50838375 DTXSID60465656 DTXSID30198141 DTXSID20162997 DTXSID90241283 DTXSID90787090 DTXSID60801696 DTXSID50301019 DTXSID60895999 DTXSID00428624 DTXSID00314351 DTXSID70851288 DTXSID70201486 DTXSID00896425
DTXSID90344283	DTXSID00571482 DTXSID90348625 DTXSID90615844 DTXSID30642134 DTXSID10518262 DTXSID80726973 DTXSID10634996 DTXSID50760602 DTXSID70367571 DTXSID40666846 DTXSID10442477 DTXSID30534449 DTXSID80875894 DTXSID40670408 DTXSID40705360 DTXSID70548464 DTXSID20333766 DTXSID50493443 DTXSID20506014 DTXSID90286437
DTXSID00401210	DTXSID30296292 DTXSID8068202 DTXSID40390932 DTXSID40847597 DTXSID80589808 DTXSID10398268 DTXSID10563479 DTXSID10408856 DTXSID10727837 DTXSID50421786 DTXSID20593166 DTXSID20146696 DTXSID30579375 DTXSID10313815 DTXSID70811428 DTXSID80551161 DTXSID30836834 DTXSID30750945 DTXSID30343396 DTXSID50635285
DTXSID00407818	DTXSID50778944 DTXSID80496402 DTXSID40354256 DTXSID00766437 DTXSID00186358 DTXSID80175922 DTXSID1063435 DTXSID60503325 DTXSID50383092 DTXSID30162665 DTXSID40371741 DTXSID80374438 DTXSID80407659 DTXSID70619188 DTXSID20663414 DTXSID70711898 DTXSID80766172 DTXSID60588132 DTXSID60427936 DTXSID30462596
DTXSID40770194	DTXSID70805761 DTXSID00892301 DTXSID30819268 DTXSID70239188 DTXSID8070128 DTXSID00710076 DTXSID60276426 DTXSID8027872 DTXSID40659197 DTXSID00841374 DTXSID30714603 DTXSID90883243 DTXSID00884246 DTXSID20210280 DTXSID3042003 DTXSID10826637 DTXSID7070478 DTXSID3026564 DTXSID9051741 DTXSID40707182
DTXSID40749345	DTXSID70488816 DTXSID00496606 DTXSID00143623 DTXSID50589017 DTXSID90506460 DTXSID00797266 DTXSID90624653 DTXSID10600479 DTXSID50402570 DTXSID50857501 DTXSID10452450 DTXSID90388288 DTXSID00372794 DTXSID90352929 DTXSID30355691 DTXSID90337312 DTXSID50590582 DTXSID30146309 DTXSID50427945 DTXSID20667790
DTXSID10853165	DTXSID5066089 DTXSID10721299 DTXSID50862599 DTXSID20459617 DTXSID60573543 DTXSID20740698 DTXSID10615447 DTXSID90595036 DTXSID80729641 DTXSID4041232 DTXSID30435361 DTXSID30850116 DTXSID80733465 DTXSID00873296 DTXSID20642042 DTXSID00732571 DTXSID10864690 DTXSID80407816 DTXSID60526094 DTXSID10301010
DTXSID80316237	DTXSID20333044 DTXSID80846044 DTXSID60240364 DTXSID80403237 DTXSID90794628 DTXSID70607767 DTXSID60161040 DTXSID30791999 DTXSID30427322 DTXSID60875812 DTXSID00877198 DTXSID90312927 DTXSID60827432 DTXSID30789432 DTXSID40376130 DTXSID3072242 DTXSID50301019 DTXSID60896426 DTXSID40877197 DTXSID70889001
DTXSID70563071	DTXSID10145133 DTXSID70743932 DTXSID30815008 DTXSID70798725 DTXSID50858836 DTXSID40455873 DTXSID50703291 DTXSID90825880 DTXSID50423907 DTXSID50701934 DTXSID00203059 DTXSID50365777 DTXSID10305518 DTXSID6070560 DTXSID60887995 DTXSID40163406 DTXSID50761013 DTXSID00507064 DTXSID00197808 DTXSID20454682
DTXSID60573200	DTXSID80354750 DTXSID30600355 DTXSID00625535 DTXSID50325992 DTXSID70629489 DTXSID40324171 DTXSID50538580 DTXSID10876213 DTXSID30668051 DTXSID20351228 DTXSID50684233 DTXSID50671709 DTXSID90427267 DTXSID60674125 DTXSID10380986 DTXSID70315976 DTXSID10406059 DTXSID00444107 DTXSID40144179 DTXSID20182216
DTXSID70303631	DTXSID30411862 DTXSID00400920 DTXSID80756235 DTXSID10310263 DTXSID90894031 DTXSID50728580 DTXSID50326520 DTXSID50735552 DTXSID60813198 DTXSID40647635 DTXSID20756234 DTXSID50793213 DTXSID70674691 DTXSID00541322 DTXSID60823116 DTXSID00699594 DTXSID30320263 DTXSID40439355 DTXSID30855727 DTXSID20804840
DTXSID0024397	DTXSID30668910 DTXSID10761256 DTXSID40697812 DTXSID90787030 DTXSID20213736 DTXSID10437121 DTXSID80835635 DTXSID80199320 DTXSID20336196 DTXSID30506823 DTXSID40574457 DTXSID70513854 DTXSID30635122 DTXSID20380033 DTXSID30314602 DTXSID30653462 DTXSID40435251 DTXSID10403725 DTXSID30418073 DTXSID60572394
DTXSID60647298	DTXSID40517344 DTXSID80391302 DTXSID50879561 DTXSID50322764 DTXSID20841538 DTXSID90850894 DTXSID70856511 DTXSID70750944 DTXSID10579015 DTXSID90391712 DTXSID3063095 DTXSID20514831 DTXSID00879551 DTXSID20206981 DTXSID90323199 DTXSID70358808 DTXSID80486469 DTXSID50541579 DTXSID10537195 DTXSID40467239
DTXSID50836972	DTXSID40319789 DTXSID10814352 DTXSID60827432 DTXSID60465656 DTXSID20894140 DTXSID90697584 DTXSID50838375 DTXSID40896005 DTXSID20880987 DTXSID50301019 DTXSID60801696 DTXSID30198141 DTXSID90436112 DTXSID20162997 DTXSID70201486 DTXSID90787090 DTXSID90241283 DTXSID60895999 DTXSID70851288 DTXSID00428624
DTXSID90649245	DTXSID50810676 DTXSID60646943 DTXSID80649850 DTXSID50496595 DTXSID70754826 DTXSID70733717 DTXSID40775765 DTXSID00541347 DTXSID60840166 DTXSID50805002 DTXSID50218754 DTXSID00504230 DTXSID40243454 DTXSID10525991 DTXSID50345716 DTXSID00398893 DTXSID20640624 DTXSID70660978 DTXSID30331379 DTXSID50833527
DTXSID40435276	DTXSID00852703 DTXSID30483862 DTXSID50589754 DTXSID80664725 DTXSID40510698 DTXSID30458691 DTXSID50462472 DTXSID60228965 DTXSID60201778 DTXSID00410423 DTXSID20275490 DTXSID70439989 DTXSID60822144 DTXSID40430185 DTXSID30369379 DTXSID00487938 DTXSID30854114 DTXSID00766412 DTXSID00351221 DTXSID70591854
DTXSID80215670	DTXSID20372756 DTXSID00571927 DTXSID40559067 DTXSID00473518 DTXSID30642235 DTXSID20351187 DTXSID80857236 DTXSID00453198 DTXSID40752753 DTXSID60618928 DTXSID70857447 DTXSID1065899 DTXSID40287797 DTXSID10342625 DTXSID70438513 DTXSID80214022 DTXSID80380034 DTXSID00811431 DTXSID00178112 DTXSID00802263
DTXSID00543068	DTXSID50775251 DTXSID30170922 DTXSID80708456 DTXSID50708483 DTXSID50753675 DTXSID50823948 DTXSID50576301 DTXSID10711458 DTXSID90437669 DTXSID90404977 DTXSID20240441 DTXSID10805583 DTXSID10712521 DTXSID00597728 DTXSID80444544 DTXSID00331427 DTXSID30793837 DTXSID70236576 DTXSID70775273 DTXSID60769626
DTXSID70651861	DTXSID90372783 DTXSID40590071 DTXSID40716512 DTXSID30321917 DTXSID40313303 DTXSID30651867 DTXSID90711350 DTXSID40646800 DTXSID80290306 DTXSID90645585 DTXSID00451851 DTXSID20277616 DTXSID70434515 DTXSID10826758 DTXSID50382641 DTXSID70858136 DTXSID30395633 DTXSID60842746 DTXSID70276876 DTXSID20797748
DTXSID90657047	DTXSID80336576 DTXSID60844886 DTXSID60590538 DTXSID50844996 DTXSID80648242 DTXSID60377861 DTXSID00209354 DTXSID20639957 DTXSID40790731 DTXSID40834083 DTXSID10165937 DTXSID30447005 DTXSID20723880 DTXSID60527743 DTXSID60676942 DTXSID90418019 DTXSID80603654 DTXSID70531472 DTXSID20818982 DTXSID40526577
DTXSID50322305	DTXSID80445339 DTXSID90358244 DTXSID80588013 DTXSID50705639 DTXSID50323731 DTXSID80741368 DTXSID80464702 DTXSID30824690 DTXSID30853743 DTXSID00555646 DTXSID60434766 DTXSID40597080 DTXSID30465800 DTXSID90203604 DTXSID70561092 DTXSID70543696 DTXSID50603368 DTXSID40629214 DTXSID80296106 DTXSID10797277
DTXSID90767079	DTXSID60631637 DTXSID80538619 DTXSID60589644 DTXSID80196773 DTXSID20193125 DTXSID80787605 DTXSID00742973 DTXSID20408685 DTXSID60373803 DTXSID50846172 DTXSID60400325 DTXSID80428662 DTXSID70815446 DTXSID90812856 DTXSID1067833 DTXSID90699861 DTXSID70344367 DTXSID70280852 DTXSID20745421 DTXSID50549631
DTXSID10308665	DTXSID80436661 DTXSID90722921 DTXSID30343679 DTXSID90693208 DTXSID90348968 DTXSID70616314 DTXSID00681055 DTXSID40661659 DTXSID80597943 DTXSID40348731 DTXSID90370966 DTXSID60561849 DTXSID80733081 DTXSID20879058 DTXSID30401026 DTXSID80475919 DTXSID10777190 DTXSID00377007 DTXSID70382567 DTXSID20383685
DTXSID40326877	DTXSID30831086 DTXSID80351906 DTXSID80446866 DTXSID7067089 DTXSID70651568 DTXSID10886357 DTXSID10368683 DTXSID50502221 DTXSID50766366 DTXSID10787971 DTXSID40367063 DTXSID80563921 DTXSID60557242 DTXSID10831084 DTXSID80815270 DTXSID00818920 DTXSID40288087 DTXSID60395601 DTXSID1051800 DTXSID70485608
DTXSID40469056	DTXSID40837933 DTXSID80142896 DTXSID90162823 DTXSID70850690 DTXSID90155270 DTXSID40874762 DTXSID40201938 DTXSID10166383 DTXSID40333127 DTXSID30874892 DTXSID90214876 DTXSID60874764 DTXSID10402758 DTXSID80584131 DTXSID40823497 DTXSID10218654 DTXSID9069007 DTXSID40823513 DTXSID70232694 DTXSID70370146
DTXSID00512653	DTXSID40649518 DTXSID40750774 DTXSID20459172 DTXSID00730234 DTXSID40821059 DTXSID00408603 DTXSID10511778 DTXSID40876463 DTXSID10500445 DTXSID60544819 DTXSID30843725 DTXSID50618790 DTXSID90674456 DTXSID00381442 DTXSID00460600 DTXSID1073367 DTXSID40437235 DTXSID10772064 DTXSID00366613 DTXSID10814130
DTXSID80576899	DTXSID00559144 DTXSID80560258 DTXSID90302606 DTXSID40208523 DTXSID10783438 DTXSID6063511 DTXSID00775887 DTXSID70622612 DTXSID90660430 DTXSID70751310 DTXSID90404730 DTXSID90765171 DTXSID50410539 DTXSID50783437 DTXSID60751309 DTXSID2063765 DTXSID60173926 DTXSID50757335 DTXSID4052005 DTXSID5047114
DTXSID70676812	DTXSID80173943 DTXSID70655440 DTXSID20158431 DTXSID40876064 DTXSID70489489 DTXSID30207606 DTXSID40464728 DTXSID70502324 DTXSID10888412 DTXSID80364915 DTXSID70744343 DTXSID20476965 DTXSID70456873 DTXSID30217881 DTXSID80536458 DTXSID50415544 DTXSID70317253 DTXSID80211677 DTXSID60291290 DTXSID10630059
DTXSID80202505	DTXSID90772002 DTXSID30873582 DTXSID40373801 DTXSID40433691 DTXSID20876507 DTXSID50341793 DTXSID10799296 DTXSID50285360 DTXSID40721146 DTXSID20633374 DTXSID70666273 DTXSID90383692 DTXSID20759705 DTXSID60174670 DTXSID60166439 DTXSID40545147 DTXSID10392968 DTXSID00846344 DTXSID00722331 DTXSID20366150
DTXSID30465360	DTXSID50719099 DTXSID60487459 DTXSID00500813 DTXSID30168268 DTXSID50727159 DTXSID00544772 DTXSID50302703 DTXSID00518872 DTXSID30811020 DTXSID90642135 DTXSID50590062 DTXSID20563844 DTXSID30418775 DTXSID20618585 DTXSID00641119 DTXSID20835912 DTXSID80752499 DTXSID20604640 DTXSID30554167 DTXSID90700688
DTXSID60454661	DTXSID10181490 DTXSID2024791 DTXSID40468009 DTXSID60365268 DTXSID30483483 DTXSID70721134 DTXSID80444004 DTXSID90408576 DTXSID20597482 DTXSID50311390 DTXSID90483020 DTXSID60542759 DTXSID80742077 DTXSID20838140 DTXSID50378741 DTXSID70721432 DTXSID60199601 DTXSID20500057 DTXSID70159413 DTXSID10375019
DTXSID70342328	DTXSID20405250 DTXSID80170790 DTXSID00841995 DTXSID80698888 DTXSID70178265 DTXSID90841565 DTXSID80396852 DTXSID90284579 DTXSID20720470 DTXSID50725615 DTXSID70368043 DTXSID40561387 DTXSID60193826 DTXSID40387802 DTXSID10533314 DTXSID90373013 DTXSID40806821 DTXSID90371170 DTXSID40717226 DTXSID30202090
DTXSID80443794	DTXSID20161445 DTXSID7044506 DTXSID50368783 DTXSID60182598 DTXSID30420691 DTXSID60183484 DTXSID90734423 DTXSID20445318 DTXSID10586320 DTXSID50810611 DTXSID20566037 DTXSID50481946 DTXSID00441777 DTXSID00434109 DTXSID20581402 DTXSID40304150 DTXSID90731876 DTXSID10285503 DTXSID50709551 DTXSID90182445
DTXSID50481845	DTXSID80324014 DTXSID00783982 DTXSID30178928 DTXSID50629861 DTXSID10484650 DTXSID40449691 DTXSID50321838 DTXSID30205465 DTXSID10340247 DTXSID90477242 DTXSID90559057 DTXSID80297436 DTXSID40706014 DTXSID70393850 DTXSID00637734 DTXSID10495246 DTXSID40593183 DTXSID30848472 DTXSID80744157 DTXSID80293251
DTXSID20408963	DTXSID70571398 DTXSID60437131 DTXSID20513824 DTXSID90171839 DTXSID90231780 DTXSID20501903 DTXSID50287864 DTXSID10845828 DTXSID00791224 DTXSID10765572 DTXSID30573292 DTXSID70879422 DTXSID70668499 DTXSID10530126 DTXSID3059505 DTXSID80855555 DTXSID30634539 DTXSID70446895 DTXSID10221340 DTXSID30398023
DTXSID90827602	DTXSID60734071 DTXSID60405698 DTXSID00520839 DTXSID60667299 DTXSID80801219 DTXSID20738530 DTXSID30464712 DTXSID60655318 DTXSID50384160 DTXSID70526808 DTXSID70220874 DTXSID70650576 DTXSID90373674 DTXSID40586070 DTXSID10724003 DTXSID90661048 DTXSID50457580 DTXSID80699496 DTXSID30609984 DTXSID70291387
DTXSID00843479	DTXSID10485607 DTXSID80483211 DTXSID70343335 DTXSID80196490 DTXSID40483212 DTXSID80545565 DTXSID90335116 DTXSID1052585 DTXSID80222480 DTXSID60179645 DTXSID70306869 DTXSID00303785 DTXSID50383592 DTXSID90353214 DTXSID00615431 DTXSID80738591 DTXSID60675172 DTXSID80471779 DTXSID2051978 DTXSID20567509
DTXSID00313622	DTXSID80627799 DTXSID50552847 DTXSID50355557 DTXSID10740400 DTXSID60571408 DTXSID0059081 DTXSID80769224 DTXSID00556597 DTXSID00182971 DTXSID00425279 DTXSID80475393 DTXSID00539461 DTXSID60744312 DTXSID00640667 DTXSID40483116 DTXSID40493992 DTXSID60656749 DTXSID70651745 DTXSID40856184 DTXSID50876338
DTXSID80813559	DTXSID80787403 DTXSID70702281 DTXSID90306821 DTXSID60242525 DTXSID90548663 DTXSID20308494 DTXSID60831579 DTXSID00239257 DTXSID00506597 DTXSID80642422 DTXSID90175897 DTXSID60341123 DTXSID40408768 DTXSID60693876 DTXSID90290716 DTXSID60711589 DTXSID10837920 DTXSID70834470 DTXSID00514773 DTXSID40554138
DTXSID00781766	DTXSID30471305 DTXSID00524615 DTXSID70837481 DTXSID70641227 DTXSID20351581 DTXSID40722613 DTXSID10352582 DTXSID60752593 DTXSID10594844 DTXSID30285782 DTXSID00361284 DTXSID90492910 DTXSID40283895 DTXSID30173534 DTXSID10776421 DTXSID1023447 DTXSID70580809 DTXSID20849418 DTXSID40819592 DTXSID90359377
DTXSID30815205	DTXSID00316638 DTXSID5037602 DTXSID40577145 DTXSID10717975 DTXSID70842212 DTXSID80453999 DTXSID30755233 DTXSID40760095 DTXSID7020211 DTXSID60449335 DTXSID40211870 DTXSID10594324 DTXSID80303546 DTXSID50175434 DTXSID0042298 DTXSID80784316 DTXSID20312091 DTXSID40800687 DTXSID60646549 DTXSID30455463
DTXSID50681601	DTXSID90542449 DTXSID1071458 DTXSID10565094 DTXSID30818579 DTXSID40190474 DTXSID90730243 DTXSID50863142 DTXSID80834981 DTXSID00390958 DTXSID50170323 DTXSID00774294 DTXSID50404554 DTXSID80360679 DTXSID50603343 DTXSID80343528 DTXSID30736769 DTXSID90366985 DTXSID20449336 DTXSID30165636 DTXSID80733622
DTXSID10228793	DTXSID10640052 DTXSID00488329 DTXSID40876185 DTXSID40180239 DTXSID20311463 DTXSID90144927 DTXSID50795277 DTXSID40616866 DTXSID10679943 DTXSID90182581 DTXSID8066975 DTXSID50824511 DTXSID80582970 DTXSID30761379 DTXSID50447183 DTXSID90149336 DTXSID8064981 DTXSID40617191 DTXSID70314868 DTXSID90441084
DTXSID20503528	DTXSID90702268 DTXSID30652637 DTXSID70223906 DTXSID00651859 DTXSID90585831 DTXSID20848446 DTXSID00418545 DTXSID40289458 DTXSID9025403 DTXSID7044764 DTXSID9073628 DTXSID10758666 DTXSID70760740 DTXSID50642050 DTXSID90877561 DTXSID40453516 DTXSID40288729 DTXSID40821998 DTXSID80405872 DTXSID60378691
DTXSID10633424	DTXSID00405738 DTXSID4022076 DTXSID90541598 DTXSID60762692 DTXSID00171365 DTXSID00502150 DTXSID10198806 DTXSID60523124 DTXSID50837207 DTXSID60625556 DTXSID60451498 DTXSID10627489 DTXSID20762693 DTXSID90433782 DTXSID10627181 DTXSID40843478 DTXSID40797200 DTXSID10510948 DTXSID40543047 DTXSID10467660
DTXSID40394612	DTXSID10377992 DTXSID00725807 DTXSID70720864 DTXSID60725808 DTXSID70307896 DTXSID10555854 DTXSID50211184 DTXSID30455140 DTXSID70726528 DTXSID00629715 DTXSID60401190 DTXSID00415852 DTXSID50609784 DTXSID80628382 DTXSID30180364 DTXSID70457502 DTXSID00348838 DTXSID00348297 DTXSID80178953 DTXSID70460591
DTXSID00567360	DTXSID40623797 DTXSID70176387 DTXSID70554328 DTXSID30440298 DTXSID20417838 DTXSID70209866 DTXSID70476834 DTXSID40299517 DTXSID30423223 DTXSID00364013 DTXSID70344408 DTXSID70789794 DTXSID60490347 DTXSID10211569 DTXSID90341590 DTXSID10377134 DTXSID30853642 DTXSID70353277 DTXSID10840459 DTXSID00600983
DTXSID00210001	DTXSID30431328 DTXSID60775383 DTXSID50797998 DTXSID50778626 DTXSID70580602 DTXSID70276210 DTXSID30851340 DTXSID80694027 DTXSID90221166 DTXSID70484939 DTXSID50853942 DTXSID90176243 DTXSID00840362 DTXSID3070418 DTXSID60181147 DTXSID70395056 DTXSID00601051 DTXSID50762621 DTXSID90780425 DTXSID10431745
DTXSID80439612	DTXSID70235529 DTXSID20605314 DTXSID00503783 DTXSID70873662 DTXSID50181656 DTXSID70597735 DTXSID70813427 DTXSID70276593 DTXSID90793535 DTXSID50179518 DTXSID50818157 DTXSID50400551 DTXSID30371457 DTXSID00469355 DTXSID20368194 DTXSID00277376 DTXSID30177557 DTXSID60588576 DTXSID70202337 DTXSID40533160
DTXSID20723880	DTXSID60377861 DTXSID80648242 DTXSID30447005 DTXSID00209354 DTXSID60590538 DTXSID80336576 DTXSID00716235 DTXSID20765669 DTXSID90657047 DTXSID40550190 DTXSID90164640 DTXSID70766141 DTXSID60527743 DTXSID80603654 DTXSID20639957 DTXSID90242250 DTXSID60844886 DTXSID30524481 DTXSID80223154 DTXSID00489694
DTXSID80162079	DTXSID40325507 DTXSID30291883 DTXSID20605758 DTXSID10303190 DTXSID10470412 DTXSID30217503 DTXSID20478323 DTXSID90560582 DTXSID10586047 DTXSID00520293 DTXSID40450924 DTXSID4045682 DTXSID80572896 DTXSID90726161 DTXSID20378677 DTXSID40738931 DTXSID20735721 DTXSID20719167 DTXSID10673906 DTXSID20593303
DTXSID60160179	DTXSID00748632 DTXSID70812718 DTXSID10762622 DTXSID70599113 DTXSID20488649 DTXSID50147792 DTXSID90301679 DTXSID80736431 DTXSID20279130 DTXSID80232569 DTXSID80879473 DTXSID10354788 DTXSID00557064 DTXSID80778154 DTXSID60842948 DTXSID80392899 DTXSID30551237 DTXSID90521855 DTXSID30896094 DTXSID10628037
DTXSID40856366	DTXSID20348830 DTXSID00663871 DTXSID60500859 DTXSID40652067 DTXSID60471338 DTXSID80437991 DTXSID60175162 DTXSID20857154 DTXSID90605508 DTXSID50590188 DTXSID60467599 DTXSID90749597 DTXSID60187922 DTXSID3068592 DTXSID70788262 DTXSID20452729 DTXSID40427651 DTXSID50274133 DTXSID60562356 DTXSID30772364
DTXSID70395778	DTXSID10760229 DTXSID50830854 DTXSID80318690 DTXSID00384039 DTXSID40536090 DTXSID90353299 DTXSID70385937 DTXSID00284580 DTXSID60429672 DTXSID20611374 DTXSID10392362 DTXSID00443175 DTXSID10371410 DTXSID30896150 DTXSID80548516 DTXSID20881333 DTXSID20651932 DTXSID20597765 DTXSID20640881 DTXSID10727852
DTXSID60642405	DTXSID70845187 DTXSID70308404 DTXSID40806220 DTXSID80298887 DTXSID70515611 DTXSID20278163 DTXSID10218755 DTXSID00588237 DTXSID7057787 DTXSID50645627 DTXSID00541347 DTXSID00504230 DTXSID70810077 DTXSID10478690 DTXSID10602135 DTXSID50496595 DTXSID90456239 DTXSID50805002 DTXSID90792028 DTXSID70471445
DTXSID40298565	DTXSID50564682 DTXSID30810715 DTXSID70393496 DTXSID20787826 DTXSID80625058 DTXSID60704577 DTXSID60642223 DTXSID20489156 DTXSID60479238 DTXSID40855379 DTXSID00876505 DTXSID60209350 DTXSID30159237 DTXSID70592240 DTXSID40497511 DTXSID90667267 DTXSID10443964 DTXSID10628991 DTXSID30821164 DTXSID50604471
DTXSID40365145	DTXSID20539948 DTXSID20578554 DTXSID30562621 DTXSID90736028 DTXSID00480989 DTXSID70470251 DTXSID70558563 DTXSID50816810 DTXSID10712182 DTXSID70445343 DTXSID00620020 DTXSID00399320 DTXSID30580148 DTXSID90562627 DTXSID30190943 DTXSID50696457 DTXSID40717822 DTXSID70642537 DTXSID90864779 DTXSID90811162
DTXSID60496400	DTXSID00621052 DTXSID00385925 DTXSID90602370 DTXSID10508168 DTXSID70346129 DTXSID40488742 DTXSID60522556 DTXSID10240733 DTXSID20323440 DTXSID90801861 DTXSID70651442 DTXSID20887052 DTXSID90666356 DTXSID40532931 DTXSID10421101 DTXSID80629657 DTXSID40672402 DTXSID90666871 DTXSID10876394 DTXSID90448755
DTXSID50436431	DTXSID60640062 DTXSID00609077 DTXSID60656749 DTXSID10865142 DTXSID70612538 DTXSID70495863 DTXSID60769580 DTXSID80238203 DTXSID50355557 DTXSID60800821 DTXSID60369660 DTXSID60281555 DTXSID00182971 DTXSID90799638 DTXSID90156141 DTXSID70332567 DTXSID30616810 DTXSID70666899 DTXSID30649502 DTXSID50294250
DTXSID20542891	DTXSID20697678 DTXSID60227594 DTXSID50303917 DTXSID80476729 DTXSID40856624 DTXSID30322904 DTXSID30772304 DTXSID70327438 DTXSID10833987 DTXSID50896339 DTXSID80633057 DTXSID20222681 DTXSID30630197 DTXSID50857460 DTXSID80646122 DTXSID50739176 DTXSID20179929 DTXSID80857317 DTXSID60749685 DTXSID20853671
DTXSID00768471	DTXSID40230809 DTXSID40660980 DTXSID30489420 DTXSID20831939 DTXSID70715619 DTXSID1044932 DTXSID90235405 DTXSID50290232 DTXSID30400852 DTXSID80187787 DTXSID60703924 DTXSID40629370 DTXSID40535245 DTXSID70539892 DTXSID30616294 DTXSID20655394 DTXSID50848459 DTXSID10291689 DTXSID80693833 DTXSID20453352
DTXSID20593989	DTXSID50191730 DTXSID50807309 DTXSID70188187 DTXSID90748989 DTXSID00374031 DTXSID30323219 DTXSID80472847 DTXSID00404887 DTXSID70283005 DTXSID90411444 DTXSID90836456 DTXSID1047071 DTXSID10711857 DTXSID00485176 DTXSID50558329 DTXSID80897339 DTXSID70364525 DTXSID40614903 DTXSID50660774 DTXSID40857297
DTXSID60816588	DTXSID90464773 DTXSID30656776 DTXSID80206381 DTXSID70809300 DTXSID00816845 DTXSID50296299 DTXSID40759388 DTXSID30674854 DTXSID80159287 DTXSID90656414 DTXSID00732511 DTXSID40573485 DTXSID60448429 DTXSID90718102 DTXSID90675226 DTXSID60283413 DTXSID80763106 DTXSID90819188 DTXSID80852948 DTXSID80434203
DTXSID70304724	DTXSID90399319 DTXSID80175169 DTXSID80539823 DTXSID90587653 DTXSID80302716 DTXSID90844430 DTXSID30738485 DTXSID40833733 DTXSID80354371 DTXSID80506277 DTXSID40815675 DTXSID80568138 DTXSID90632258 DTXSID10489847 DTXSID30742724 DTXSID80394919 DTXSID90577271 DTXSID40745084 DTXSID00667591 DTXSID10311699
DTXSID10605045	DTXSID10587852 DTXSID00275099 DTXSID20604387 DTXSID10400032 DTXSID10767637 DTXSID60749342 DTXSID30326104 DTXSID90816733 DTXSID80885913 DTXSID40675236 DTXSID20630964 DTXSID10880678 DTXSID90674855 DTXSID50832151 DTXSID80633759 DTXSID50798425 DTXSID90286816 DTXSID80506131 DTXSID50675348 DTXSID40802964
DTXSID50552443	DTXSID40194710 DTXSID80331586 DTXSID30772566 DTXSID80601635 DTXSID60478428 DTXSID80275835 DTXSID0046513 DTXSID40601636 DTXSID80814501 DTXSID1040247 DTXSID90216335 DTXSID70399014 DTXSID70394423 DTXSID20806607 DTXSID90443907 DTXSID5062398 DTXSID60794897 DTXSID80437850 DTXSID20837451 DTXSID20888029
DTXSID80176191	DTXSID10292111 DTXSID00274688 DTXSID20143105 DTXSID70799095 DTXSID00646760 DTXSID50722604 DTXSID10572809 DTXSID30179672 DTXSID80143106 DTXSID30838752 DTXSID00364013 DTXSID30747335 DTXSID70476834 DTXSID20384834 DTXSID60470846 DTXSID30422675 DTXSID30853642 DTXSID90551056 DTXSID00601031 DTXSID40693238
DTXSID80292143	DTXSID9046865 DTXSID00567946 DTXSID90159298 DTXSID20509202 DTXSID50629068 DTXSID70385795 DTXSID50238654 DTXSID00622867 DTXSID80730651 DTXSID30295169 DTXSID40729122 DTXSID40520530 DTXSID30505119 DTXSID40831017 DTXSID40429296 DTXSID20324255 DTXSID80378471 DTXSID10661166 DTXSID90878937 DTXSID40444308
DTXSID70159413	DTXSID50378741 DTXSID00305805 DTXSID80444004 DTXSID2024791 DTXSID3057692 DTXSID60542759 DTXSID30638613 DTXSID40468009 DTXSID10713593 DTXSID70655400 DTXSID80777521 DTXSID10471545 DTXSID90484012 DTXSID80742077 DTXSID0062139 DTXSID50727174 DTXSID20285377 DTXSID10498176 DTXSID10180923 DTXSID90307398
DTXSID30508241	DTXSID30530426 DTXSID70450932 DTXSID90778807 DTXSID30781931 DTXSID80576238 DTXSID00507589 DTXSID80790210 DTXSID70212678 DTXSID10503390 DTXSID50539234 DTXSID80640241 DTXSID20406904 DTXSID40558595 DTXSID50232172 DTXSID70705999 DTXSID80804386 DTXSID30406096 DTXSID40668648 DTXSID10647905 DTXSID9044790
DTXSID10380522	DTXSID10811386 DTXSID90509133 DTXSID50278717 DTXSID40551980 DTXSID10516460 DTXSID10311119 DTXSID90473582 DTXSID50354606 DTXSID50277740 DTXSID50771132 DTXSID70835068 DTXSID60645895 DTXSID50710086 DTXSID40221893 DTXSID40619296 DTXSID80323663 DTXSID70606674 DTXSID40474221 DTXSID10183595 DTXSID00874349
DTXSID30350580	DTXSID50524963 DTXSID70671842 DTXSID60705544 DTXSID40556990 DTXSID90362422 DTXSID40650068 DTXSID30885241 DTXSID70721139 DTXSID80354715 DTXSID10590482 DTXSID90396409 DTXSID70840798 DTXSID90457286 DTXSID50678379 DTXSID90567016 DTXSID90450050 DTXSID60802643 DTXSID40508934 DTXSID10721916 DTXSID70243846
DTXSID30511391	DTXSID70568940 DTXSID40211431 DTXSID30341913 DTXSID00361249 DTXSID70622516 DTXSID90374489 DTXSID90288178 DTXSID10360203 DTXSID00641119 DTXSID80161820 DTXSID90642135 DTXSID20148115 DTXSID30209468 DTXSID60797262 DTXSID20563844 DTXSID70364505 DTXSID90238138 DTXSID30308384 DTXSID50590062 DTXSID40507301
DTXSID30668930	DTXSID30361752 DTXSID00598078 DTXSID50409029 DTXSID70735690 DTXSID90618678 DTXSID10879688 DTXSID80710670 DTXSID90218415 DTXSID00218749 DTXSID10716180 DTXSID00429272 DTXSID50601344 DTXSID80451172 DTXSID60664208 DTXSID70197592 DTXSID00356670 DTXSID30371457 DTXSID90560729 DTXSID40549529 DTXSID30153356
DTXSID70516784	DTXSID50285047 DTXSID20519503 DTXSID70486135 DTXSID10444037 DTXSID60608324 DTXSID80489637 DTXSID50651021 DTXSID10483789 DTXSID70219369 DTXSID30356764 DTXSID70597831 DTXSID80312456 DTXSID60204269 DTXSID60735008 DTXSID20356910 DTXSID80879731 DTXSID90308284 DTXSID50543058 DTXSID30300383 DTXSID60670046
DTXSID00734090	DTXSID60896067 DTXSID80594755 DTXSID30669765 DTXSID20450083 DTXSID10695340 DTXSID90570505 DTXSID10551290 DTXSID80351481 DTXSID50893606 DTXSID60180615 DTXSID20598570 DTXSID10377159 DTXSID40562793 DTXSID50427167 DTXSID20286440 DTXSID6067549 DTXSID30708168 DTXSID50400490 DTXSID80637939 DTXSID00551289
DTXSID30600178	DTXSID30616431 DTXSID00338335 DTXSID80627658 DTXSID40359221 DTXSID20678220 DTXSID80578838 DTXSID30866797 DTXSID0065933 DTXSID4041236 DTXSID70339011 DTXSID80585325 DTXSID10465429 DTXSID90758669 DTXSID80516331 DTXSID90480958 DTXSID70491845 DTXSID90579073 DTXSID20790370 DTXSID70727494 DTXSID60402203
DTXSID90279182	DTXSID60771643 DTXSID70197592 DTXSID30153356 DTXSID50368041 DTXSID00429272 DTXSID10840136 DTXSID00467412 DTXSID20172415 DTXSID20622086 DTXSID80650360 DTXSID00218749 DTXSID50648810 DTXSID10879688 DTXSID70593398 DTXSID90762483 DTXSID50601344 DTXSID40549529 DTXSID10696599 DTXSID40615596 DTXSID90478072
DTXSID40193041	DTXSID60710279 DTXSID60282305 DTXSID40880989 DTXSID40867432 DTXSID20808722 DTXSID2070421 DTXSID10819029 DTXSID70395056 DTXSID60635099 DTXSID20834925 DTXSID30158189 DTXSID40210747 DTXSID70710346 DTXSID00276107 DTXSID30805762 DTXSID70790805 DTXSID00804404 DTXSID10805149 DTXSID70669921 DTXSID40830606
DTXSID80472908	DTXSID70891442 DTXSID00406381 DTXSID90812856 DTXSID50440356 DTXSID90799633 DTXSID00641295 DTXSID50549631 DTXSID70296695 DTXSID40610364 DTXSID50846172 DTXSID50590007 DTXSID00457217 DTXSID30374882 DTXSID80423172 DTXSID40641294 DTXSID90699861 DTXSID20631638 DTXSID60631637 DTXSID00735784 DTXSID60290586
DTXSID10646377	DTXSID50646593 DTXSID80753502 DTXSID00590153 DTXSID00495710 DTXSID50515578 DTXSID90178803 DTXSID00646205 DTXSID20627854 DTXSID90434592 DTXSID00409377 DTXSID90736407 DTXSID00515588 DTXSID10734940 DTXSID60547421 DTXSID30236037 DTXSID80508716 DTXSID60646307 DTXSID90670291 DTXSID80646384 DTXSID30646399
DTXSID30276034	DTXSID00596397 DTXSID60701965 DTXSID50226339 DTXSID50814391 DTXSID4072813 DTXSID10829820 DTXSID00575607 DTXSID10649883 DTXSID50275680 DTXSID8069648 DTXSID40766118 DTXSID90762382 DTXSID90577150 DTXSID20835659 DTXSID70582085 DTXSID70592149 DTXSID40677331 DTXSID30235823 DTXSID00649599 DTXSID4057716
DTXSID60193886	DTXSID30225522 DTXSID80792577 DTXSID00320477 DTXSID0060066 DTXSID50534885 DTXSID20734618 DTXSID00706676 DTXSID30612413 DTXSID70877569 DTXSID30819187 DTXSID70703874 DTXSID00510558 DTXSID90302949 DTXSID30560844 DTXSID10704628 DTXSID70233722 DTXSID30727894 DTXSID10241008 DTXSID10575971 DTXSID70649586
DTXSID40820608	DTXSID20737725 DTXSID80506732 DTXSID80541481 DTXSID20554217 DTXSID80238102 DTXSID6070560 DTXSID20805731 DTXSID40641234 DTXSID20454682 DTXSID90284610 DTXSID20675239 DTXSID60834161 DTXSID10390348 DTXSID90445022 DTXSID10667542 DTXSID10835749 DTXSID60499097 DTXSID60887995 DTXSID50423907 DTXSID80639059
DTXSID90352964	DTXSID90301614 DTXSID80563204 DTXSID00292206 DTXSID60408361 DTXSID40516559 DTXSID30818135 DTXSID90303658 DTXSID80211632 DTXSID90445749 DTXSID30346367 DTXSID40309307 DTXSID90813707 DTXSID40664842 DTXSID10734102 DTXSID70288813 DTXSID40278382 DTXSID90766406 DTXSID80172734 DTXSID70365476 DTXSID20189700
DTXSID50627988	DTXSID30356901 DTXSID20720415 DTXSID90150922 DTXSID20618065 DTXSID90622311 DTXSID80196273 DTXSID50171916 DTXSID80234861 DTXSID10816412 DTXSID40575409 DTXSID20170390 DTXSID10379299 DTXSID50630316 DTXSID20589741 DTXSID30427584 DTXSID60291290 DTXSID70657702 DTXSID70152843 DTXSID70744343 DTXSID50601960
DTXSID10479400	DTXSID30612413 DTXSID90401769 DTXSID60796033 DTXSID70737932 DTXSID10241008 DTXSID60522172 DTXSID10673926 DTXSID40719366 DTXSID80792577 DTXSID30560844 DTXSID40674047 DTXSID60148270 DTXSID50290732 DTXSID50653984 DTXSID50888532 DTXSID70531250 DTXSID10772044 DTXSID60193886 DTXSID10704628 DTXSID00529488
DTXSID5073666	DTXSID90591795 DTXSID00321565 DTXSID10616959 DTXSID20465410 DTXSID30879120 DTXSID00377461 DTXSID40492662 DTXSID60620389 DTXSID30830751 DTXSID50473568 DTXSID60535000 DTXSID20435693 DTXSID60307108 DTXSID80336298 DTXSID10523215 DTXSID70192522 DTXSID80294445 DTXSID80645312 DTXSID90753952 DTXSID60377023
DTXSID40210161	DTXSID60708712 DTXSID70383473 DTXSID70731470 DTXSID90431228 DTXSID50343737 DTXSID90499161 DTXSID60476803 DTXSID30540282 DTXSID70221826 DTXSID70524783 DTXSID80381783 DTXSID10588304 DTXSID90612898 DTXSID50694473 DTXSID10480899 DTXSID00315606 DTXSID70607868 DTXSID90237202 DTXSID00184258 DTXSID90554466
DTXSID70450674	DTXSID40195666 DTXSID10886074 DTXSID30147033 DTXSID60752952 DTXSID10648492 DTXSID80336930 DTXSID90240731 DTXSID10699585 DTXSID60511480 DTXSID60822902 DTXSID70785392 DTXSID40417799 DTXSID90759777 DTXSID30710786 DTXSID10767839 DTXSID70241241 DTXSID50767838 DTXSID00181227 DTXSID80195024 DTXSID00752951
DTXSID70724660	DTXSID90895689 DTXSID40277799 DTXSID20663792 DTXSID80782594 DTXSID60189986 DTXSID40784978 DTXSID50277341 DTXSID50526109 DTXSID20189422 DTXSID90214876 DTXSID70232694 DTXSID40875118 DTXSID40467916 DTXSID60463218 DTXSID70850690 DTXSID00324278 DTXSID10663766 DTXSID10318623 DTXSID10402758 DTXSID30878370
DTXSID80284760	DTXSID10306424 DTXSID90519676 DTXSID30277844 DTXSID80304871 DTXSID50768183 DTXSID30873623 DTXSID40741864 DTXSID80513800 DTXSID90626591 DTXSID70436675 DTXSID70496658 DTXSID70736602 DTXSID90873624 DTXSID00509528 DTXSID20505981 DTXSID00486769 DTXSID20823753 DTXSID30400877 DTXSID00419451 DTXSID50488016
DTXSID00505101	DTXSID30433105 DTXSID90532289 DTXSID00681590 DTXSID70427821 DTXSID10876293 DTXSID70565050 DTXSID70701077 DTXSID20737386 DTXSID20750474 DTXSID90369355 DTXSID40874106 DTXSID10633444 DTXSID30739694 DTXSID80876321 DTXSID80675154 DTXSID40797841 DTXSID80195726 DTXSID90504401 DTXSID90791516 DTXSID00628521
DTXSID00358977	DTXSID80440283 DTXSID90355798 DTXSID30587354 DTXSID80399560 DTXSID40648607 DTXSID20468163 DTXSID40603837 DTXSID50629487 DTXSID30300383 DTXSID30356764 DTXSID70219369 DTXSID70199334 DTXSID40509007 DTXSID10726325 DTXSID60458689 DTXSID30557810 DTXSID20405275 DTXSID80594558 DTXSID30450099 DTXSID70616516
DTXSID20663297	DTXSID30534747 DTXSID10343399 DTXSID10840136 DTXSID40293131 DTXSID80146455 DTXSID80650360 DTXSID10368805 DTXSID70593398 DTXSID90533993 DTXSID60733680 DTXSID20849918 DTXSID20656927 DTXSID50648810 DTXSID40494863 DTXSID30857589 DTXSID20172415 DTXSID00896344 DTXSID10696599 DTXSID30679061 DTXSID90279182
DTXSID40576875	DTXSID20791342 DTXSID00621330 DTXSID3058955 DTXSID40855132 DTXSID40397623 DTXSID60287734 DTXSID90640974 DTXSID00442688 DTXSID60505389 DTXSID90426058 DTXSID70799712 DTXSID10221865 DTXSID10640512 DTXSID40578238 DTXSID40722618 DTXSID30874251 DTXSID60375120 DTXSID90778665 DTXSID10531254 DTXSID00290247
DTXSID40456507	DTXSID10215002 DTXSID00632204 DTXSID30531958 DTXSID00498387 DTXSID80772011 DTXSID60204461 DTXSID30175614 DTXSID20671211 DTXSID60668726 DTXSID50590582 DTXSID90401582 DTXSID60396875 DTXSID70400710 DTXSID50613285 DTXSID90346863 DTXSID70353035 DTXSID10462918 DTXSID20667790 DTXSID30607723 DTXSID90409028
DTXSID30620730	DTXSID50217681 DTXSID40642064 DTXSID50538186 DTXSID90731255 DTXSID50181631 DTXSID70579435 DTXSID90694497 DTXSID60310778 DTXSID80790533 DTXSID20474981 DTXSID60830143 DTXSID90513917 DTXSID50605327 DTXSID70376901 DTXSID3074072 DTXSID70598186 DTXSID2052360 DTXSID30164543 DTXSID70554121 DTXSID50576684
DTXSID30355691	DTXSID00372794 DTXSID00143623 DTXSID20667790 DTXSID50427945 DTXSID30397253 DTXSID90624653 DTXSID30240972 DTXSID40513705 DTXSID80470368 DTXSID40749345 DTXSID90506460 DTXSID60668726 DTXSID10646857 DTXSID30146309 DTXSID30837109 DTXSID70488816 DTXSID00496606 DTXSID20324558 DTXSID90337312 DTXSID50857501
DTXSID80676848	DTXSID10573876 DTXSID30284199 DTXSID3063417 DTXSID90879368 DTXSID10770409 DTXSID70653901 DTXSID30733839 DTXSID10705413 DTXSID10650979 DTXSID20187983 DTXSID60383760 DTXSID70680272 DTXSID40699437 DTXSID40623939 DTXSID00145980 DTXSID00291259 DTXSID00513665 DTXSID10299009 DTXSID70879689 DTXSID20423292
DTXSID00722331	DTXSID00846344 DTXSID10875943 DTXSID20631638 DTXSID90383692 DTXSID30374882 DTXSID80423172 DTXSID80323406 DTXSID60166439 DTXSID20876507 DTXSID70344367 DTXSID40721146 DTXSID50590007 DTXSID50440356 DTXSID50623344 DTXSID00742973 DTXSID00406381 DTXSID40373801 DTXSID60589644 DTXSID00739525 DTXSID30693106
DTXSID70801127	DTXSID40392491 DTXSID30173539 DTXSID60886903 DTXSID00592430 DTXSID50198623 DTXSID70610372 DTXSID40733941 DTXSID90345331 DTXSID40732434 DTXSID40767105 DTXSID80675972 DTXSID70602010 DTXSID60145840 DTXSID20595206 DTXSID10547299 DTXSID80294248 DTXSID50761255 DTXSID10276198 DTXSID40296925 DTXSID60834222
DTXSID60443191	DTXSID00773323 DTXSID6070435 DTXSID80326235 DTXSID70748205 DTXSID40818848 DTXSID40624108 DTXSID50352288 DTXSID1041764 DTXSID20190891 DTXSID00398232 DTXSID80468664 DTXSID40650629 DTXSID70488179 DTXSID50336265 DTXSID50303811 DTXSID60897039 DTXSID10517078 DTXSID10354788 DTXSID00311522 DTXSID10628037
DTXSID70217885	DTXSID30531317 DTXSID20211050 DTXSID20449210 DTXSID00561282 DTXSID7069071 DTXSID3027116 DTXSID40519863 DTXSID20481377 DTXSID10448353 DTXSID20527587 DTXSID50460130 DTXSID90199053 DTXSID30757656 DTXSID80771069 DTXSID60344770 DTXSID70521479 DTXSID30396761 DTXSID2060967 DTXSID40790857 DTXSID60150616
DTXSID00559806	DTXSID80557042 DTXSID70589478 DTXSID50321732 DTXSID60657039 DTXSID70299409 DTXSID20288681 DTXSID60710254 DTXSID90733219 DTXSID00393560 DTXSID20277151 DTXSID40490688 DTXSID50640374 DTXSID60835815 DTXSID80753441 DTXSID00574332 DTXSID10600595 DTXSID40276348 DTXSID90616634 DTXSID20449336 DTXSID00362579
DTXSID80847470	DTXSID00527666 DTXSID4063614 DTXSID10764146 DTXSID70793856 DTXSID00768219 DTXSID50289404 DTXSID40845013 DTXSID50499107 DTXSID30796242 DTXSID70797955 DTXSID20745486 DTXSID10784127 DTXSID70239188 DTXSID20797061 DTXSID10503471 DTXSID8027872 DTXSID70888296 DTXSID40873937 DTXSID30819268 DTXSID10826637
DTXSID40319789	DTXSID10814352 DTXSID50836972 DTXSID60827432 DTXSID60465656 DTXSID20894140 DTXSID90697584 DTXSID40896005 DTXSID50838375 DTXSID30198141 DTXSID20162997 DTXSID60801696 DTXSID90241283 DTXSID90787090 DTXSID50301019 DTXSID20880987 DTXSID60895999 DTXSID70851288 DTXSID00428624 DTXSID70201486 DTXSID90436112
DTXSID60407056	DTXSID60831938 DTXSID50697661 DTXSID6052324 DTXSID60346279 DTXSID10610179 DTXSID90209343 DTXSID80765908 DTXSID10527213 DTXSID30874352 DTXSID30322383 DTXSID00681570 DTXSID30278139 DTXSID10403129 DTXSID20739229 DTXSID70670577 DTXSID30184524 DTXSID40766279 DTXSID50507514 DTXSID00162036 DTXSID90171935
DTXSID10533430	DTXSID40668567 DTXSID70631668 DTXSID10678537 DTXSID00698901 DTXSID90814597 DTXSID50719852 DTXSID70749156 DTXSID70319419 DTXSID60341603 DTXSID10630897 DTXSID10786267 DTXSID10309314 DTXSID50522469 DTXSID10358741 DTXSID00802844 DTXSID40493593 DTXSID7029372 DTXSID70542023 DTXSID80876982 DTXSID30730641
DTXSID80488645	DTXSID50709091 DTXSID10794963 DTXSID30590308 DTXSID50149857 DTXSID60608662 DTXSID60462105 DTXSID20285670 DTXSID50589815 DTXSID50495023 DTXSID10706283 DTXSID40707006 DTXSID40199366 DTXSID50196028 DTXSID50494990 DTXSID40596295 DTXSID90143531 DTXSID90570287 DTXSID40309701 DTXSID20424284 DTXSID00568892
DTXSID90696739	DTXSID70409389 DTXSID20318497 DTXSID60170096 DTXSID60442705 DTXSID1063691 DTXSID10563075 DTXSID20285195 DTXSID20781243 DTXSID80543420 DTXSID90616912 DTXSID10388588 DTXSID60661131 DTXSID40359589 DTXSID30747895 DTXSID30733677 DTXSID00513140 DTXSID80480780 DTXSID40365761 DTXSID50408597 DTXSID50187390
DTXSID90573096	DTXSID40481814 DTXSID70612013 DTXSID60497336 DTXSID20835977 DTXSID30671323 DTXSID60340393 DTXSID70284653 DTXSID70488750 DTXSID10649722 DTXSID60207018 DTXSID20446421 DTXSID2071025 DTXSID50640319 DTXSID80532359 DTXSID00405935 DTXSID20403498 DTXSID00343449 DTXSID80478884 DTXSID90450858 DTXSID00708135
DTXSID70367879	DTXSID40828184 DTXSID60718134 DTXSID50568807 DTXSID80611193 DTXSID60787224 DTXSID10737693 DTXSID00406482 DTXSID40553949 DTXSID40480100 DTXSID40755587 DTXSID90274879 DTXSID80652167 DTXSID30510687 DTXSID80780196 DTXSID50445684 DTXSID60192935 DTXSID60497038 DTXSID20306137 DTXSID80436641 DTXSID30175174
DTXSID00277659	DTXSID10703373 DTXSID70170209 DTXSID00225594 DTXSID20801894 DTXSID90400712 DTXSID50397735 DTXSID60415939 DTXSID90620534 DTXSID10310021 DTXSID80395209 DTXSID20218842 DTXSID10621083 DTXSID00858129 DTXSID80450049 DTXSID50651304 DTXSID30615328 DTXSID10361270 DTXSID60609316 DTXSID00749821 DTXSID10512301
DTXSID30675361	DTXSID90561099 DTXSID40657032 DTXSID00675171 DTXSID10412998 DTXSID50385172 DTXSID00834226 DTXSID20568798 DTXSID40677396 DTXSID90310261 DTXSID80760271 DTXSID00198037 DTXSID10580202 DTXSID10607125 DTXSID90750941 DTXSID50804838 DTXSID60611176 DTXSID2068424 DTXSID70568465 DTXSID70525598 DTXSID40219538
DTXSID50176128	DTXSID80609398 DTXSID30879726 DTXSID80711127 DTXSID70484191 DTXSID60745223 DTXSID00570016 DTXSID40191269 DTXSID00631772 DTXSID40543966 DTXSID00802263 DTXSID40482043 DTXSID70438513 DTXSID70680914 DTXSID40213495 DTXSID00704314 DTXSID00220882 DTXSID30718308 DTXSID60674281 DTXSID00453198 DTXSID30554965
DTXSID00406482	DTXSID30510687 DTXSID60497038 DTXSID40828184 DTXSID90284453 DTXSID80780196 DTXSID70367879 DTXSID10820953 DTXSID50568807 DTXSID40553949 DTXSID80611193 DTXSID60718134 DTXSID00576694 DTXSID90274879 DTXSID40340250 DTXSID10737693 DTXSID60192935 DTXSID70296791 DTXSID10188005 DTXSID30175174 DTXSID80436641
DTXSID10347554	DTXSID2061563 DTXSID00199488 DTXSID00514773 DTXSID80642422 DTXSID60693876 DTXSID50624417 DTXSID80369485 DTXSID00493059 DTXSID60341123 DTXSID40491817 DTXSID70702281 DTXSID10613125 DTXSID60242525 DTXSID50551618 DTXSID80787403 DTXSID30876912 DTXSID80813559 DTXSID60831579 DTXSID90557134 DTXSID90306821
DTXSID10796583	DTXSID20390950 DTXSID80318034 DTXSID00539461 DTXSID30844757 DTXSID60459959 DTXSID60281555 DTXSID70366605 DTXSID2041963 DTXSID70651745 DTXSID40673595 DTXSID80629490 DTXSID90799638 DTXSID60744312 DTXSID0059081 DTXSID3073397 DTXSID30606317 DTXSID30788642 DTXSID00425552 DTXSID00615794 DTXSID40501208
DTXSID20811357	DTXSID10425129 DTXSID20416442 DTXSID90759338 DTXSID70599390 DTXSID60510635 DTXSID70150627 DTXSID80324357 DTXSID80442686 DTXSID40617934 DTXSID60291078 DTXSID00176032 DTXSID10341552 DTXSID00290363 DTXSID40194558 DTXSID20798412 DTXSID20322453 DTXSID00204985 DTXSID80558271 DTXSID10541414 DTXSID90445805
DTXSID60640800	DTXSID20445999 DTXSID30627507 DTXSID30588169 DTXSID50799997 DTXSID20380033 DTXSID70826239 DTXSID50335233 DTXSID70513854 DTXSID40697155 DTXSID70734123 DTXSID60405779 DTXSID00758317 DTXSID40697812 DTXSID40180330 DTXSID20485153 DTXSID50846970 DTXSID70341018 DTXSID30666274 DTXSID50534148 DTXSID20403231
DTXSID90390301	DTXSID20704255 DTXSID50152285 DTXSID90152885 DTXSID60421353 DTXSID20426965 DTXSID20887118 DTXSID00337823 DTXSID5044811 DTXSID10640299 DTXSID50590168 DTXSID00655433 DTXSID40736417 DTXSID60446501 DTXSID00651056 DTXSID70791014 DTXSID50757350 DTXSID90594948 DTXSID60312631 DTXSID30577437 DTXSID70391154
DTXSID00375361	DTXSID90330949 DTXSID00739348 DTXSID10619203 DTXSID20345824 DTXSID20573165 DTXSID10399351 DTXSID60575966 DTXSID70731571 DTXSID70879341 DTXSID60472608 DTXSID90497142 DTXSID40504658 DTXSID30408732 DTXSID80169381 DTXSID50557377 DTXSID20694627 DTXSID30444372 DTXSID6061604 DTXSID70857629 DTXSID70566047
DTXSID60463011	DTXSID40494565 DTXSID70243806 DTXSID40809372 DTXSID10578240 DTXSID40186074 DTXSID40322596 DTXSID40527741 DTXSID60445433 DTXSID10780048 DTXSID50851009 DTXSID20880629 DTXSID70278193 DTXSID80769784 DTXSID90467087 DTXSID20323662 DTXSID10482090 DTXSID50845665 DTXSID30376220 DTXSID70584509 DTXSID60290364
DTXSID10737794	DTXSID90343054 DTXSID20238601 DTXSID80516533 DTXSID0069705 DTXSID80289952 DTXSID20553205 DTXSID60857299 DTXSID80370950 DTXSID40856260 DTXSID90651621 DTXSID20349428 DTXSID00371126 DTXSID50419789 DTXSID90710484 DTXSID80593384 DTXSID40645858 DTXSID50388582 DTXSID60658162 DTXSID10321359 DTXSID90788966
DTXSID40390654	DTXSID90399273 DTXSID90470157 DTXSID50342467 DTXSID4074271 DTXSID10626775 DTXSID90816713 DTXSID50177630 DTXSID50816158 DTXSID50297620 DTXSID10338821 DTXSID8073637 DTXSID40181084 DTXSID70762224 DTXSID20602303 DTXSID20173321 DTXSID80398735 DTXSID70566345 DTXSID50778843 DTXSID00787167 DTXSID30451647
DTXSID50735557	DTXSID40286260 DTXSID40694669 DTXSID40403172 DTXSID20307381 DTXSID40311824 DTXSID10177959 DTXSID20562958 DTXSID10364125 DTXSID00343681 DTXSID90473522 DTXSID10406892 DTXSID30642472 DTXSID60533187 DTXSID80748231 DTXSID60439599 DTXSID60710239 DTXSID60144510 DTXSID70566264 DTXSID80742936 DTXSID30434854
DTXSID10506745	DTXSID80472403 DTXSID90733890 DTXSID80598470 DTXSID70836510 DTXSID40525565 DTXSID90398180 DTXSID30521910 DTXSID20670305 DTXSID70676993 DTXSID10528543 DTXSID30704004 DTXSID20167427 DTXSID00631297 DTXSID10506048 DTXSID70398406 DTXSID90321852 DTXSID50813501 DTXSID50783876 DTXSID70305776 DTXSID10820094
DTXSID50735552	DTXSID90894031 DTXSID80756235 DTXSID00699594 DTXSID30411862 DTXSID60823116 DTXSID50728580 DTXSID30434995 DTXSID00472485 DTXSID70303631 DTXSID20625113 DTXSID00400920 DTXSID40373523 DTXSID10314887 DTXSID70156705 DTXSID60457672 DTXSID30743135 DTXSID00541322 DTXSID50793213 DTXSID60813198 DTXSID20756234
DTXSID80241550	DTXSID80856784 DTXSID20453519 DTXSID80640322 DTXSID90805965 DTXSID20579647 DTXSID10544889 DTXSID50421640 DTXSID30634231 DTXSID00645879 DTXSID80480689 DTXSID50650796 DTXSID10515256 DTXSID7051686 DTXSID90193758 DTXSID70528403 DTXSID40720210 DTXSID10659745 DTXSID50441368 DTXSID50458315 DTXSID10831908
DTXSID00842240	DTXSID30434511 DTXSID20475594 DTXSID40289256 DTXSID8047717 DTXSID90334321 DTXSID90665021 DTXSID90178843 DTXSID90171935 DTXSID60290364 DTXSID90490996 DTXSID40766279 DTXSID70333716 DTXSID30823264 DTXSID50788008 DTXSID10504807 DTXSID10440059 DTXSID10403129 DTXSID20560212 DTXSID50816779 DTXSID90280854
DTXSID80791282	DTXSID60681854 DTXSID40415492 DTXSID20774958 DTXSID80369369 DTXSID00341086 DTXSID80181826 DTXSID70514624 DTXSID50399370 DTXSID30447287 DTXSID50345554 DTXSID90473522 DTXSID00879470 DTXSID20362556 DTXSID00374536 DTXSID50281226 DTXSID50542445 DTXSID40396237 DTXSID00596812 DTXSID20572976 DTXSID50545799
DTXSID00190516	DTXSID80850904 DTXSID30795831 DTXSID90345331 DTXSID10276198 DTXSID80675972 DTXSID00163427 DTXSID60886903 DTXSID30788844 DTXSID40392491 DTXSID30173539 DTXSID50302465 DTXSID70801127 DTXSID70610372 DTXSID40417916 DTXSID40767105 DTXSID70312566 DTXSID40732434 DTXSID70645644 DTXSID90286270 DTXSID50555191
DTXSID70473565	DTXSID30825445 DTXSID40595667 DTXSID50521457 DTXSID90577271 DTXSID5021625 DTXSID00744871 DTXSID80568138 DTXSID10693124 DTXSID00837277 DTXSID80506277 DTXSID80354371 DTXSID80594452 DTXSID60522652 DTXSID60333109 DTXSID80648545 DTXSID50443483 DTXSID30742724 DTXSID60195567 DTXSID20237477 DTXSID40815675
DTXSID60618928	DTXSID30642235 DTXSID40752753 DTXSID00473518 DTXSID80857236 DTXSID90235405 DTXSID30489420 DTXSID00571927 DTXSID10845207 DTXSID20372756 DTXSID60454621 DTXSID40535245 DTXSID80215670 DTXSID1044932 DTXSID40660980 DTXSID00614904 DTXSID80187787 DTXSID40230809 DTXSID30405488 DTXSID70857447 DTXSID6040371
DTXSID40801432	DTXSID80284008 DTXSID20354971 DTXSID90782383 DTXSID20631173 DTXSID80768257 DTXSID90629724 DTXSID10211645 DTXSID40352752 DTXSID40821519 DTXSID00425214 DTXSID70708046 DTXSID00145708 DTXSID90826519 DTXSID70283828 DTXSID30504920 DTXSID20428787 DTXSID30642477 DTXSID20857598 DTXSID50384589 DTXSID90354903
DTXSID00542450	DTXSID90507013 DTXSID90321837 DTXSID60720717 DTXSID50841309 DTXSID10280659 DTXSID30242911 DTXSID70358808 DTXSID60546777 DTXSID60856924 DTXSID40533943 DTXSID30350808 DTXSID50879561 DTXSID60707341 DTXSID30537475 DTXSID10350624 DTXSID00368516 DTXSID60647298 DTXSID00183887 DTXSID90323199 DTXSID40517344
DTXSID30638613	DTXSID20285377 DTXSID50464411 DTXSID90484012 DTXSID80439197 DTXSID70655400 DTXSID10498176 DTXSID20206103 DTXSID3057692 DTXSID00110032 DTXSID50824718 DTXSID80742077 DTXSID80777521 DTXSID70599118 DTXSID10471545 DTXSID70159413 DTXSID10713593 DTXSID60199601 DTXSID90307398 DTXSID50378741 DTXSID50727174
DTXSID00849057	DTXSID40700158 DTXSID50742468 DTXSID30442510 DTXSID20612902 DTXSID30449367 DTXSID70395213 DTXSID60329183 DTXSID20379503 DTXSID60744317 DTXSID90745079 DTXSID10516208 DTXSID70592609 DTXSID20797081 DTXSID90544741 DTXSID20628588 DTXSID80867496 DTXSID00184258 DTXSID90609465 DTXSID70143155 DTXSID00315606
DTXSID90525914	DTXSID90385338 DTXSID20504696 DTXSID00322673 DTXSID60658162 DTXSID60857299 DTXSID90193935 DTXSID80652703 DTXSID80647316 DTXSID00712717 DTXSID60147440 DTXSID80199027 DTXSID90788966 DTXSID50486638 DTXSID60441415 DTXSID00295777 DTXSID50663063 DTXSID50737298 DTXSID90657128 DTXSID80370950 DTXSID40540213
DTXSID70398168	DTXSID70372524 DTXSID40764472 DTXSID90308284 DTXSID50323554 DTXSID20545261 DTXSID60552611 DTXSID00744412 DTXSID60204269 DTXSID60653339 DTXSID90278559 DTXSID10855821 DTXSID80514776 DTXSID60439599 DTXSID60735008 DTXSID00831917 DTXSID80665419 DTXSID60670046 DTXSID10483789 DTXSID30399353 DTXSID10177959
DTXSID9069849	DTXSID90786326 DTXSID00325563 DTXSID00807834 DTXSID20624146 DTXSID90820815 DTXSID00817918 DTXSID70464776 DTXSID60573543 DTXSID90562940 DTXSID20459617 DTXSID50198300 DTXSID90595036 DTXSID20288045 DTXSID80729641 DTXSID50783538 DTXSID70799737 DTXSID00732571 DTXSID60468920 DTXSID30850116 DTXSID60660361
DTXSID20474825	DTXSID40188098 DTXSID40485337 DTXSID50742443 DTXSID40485019 DTXSID10720308 DTXSID50876338 DTXSID70879543 DTXSID00556597 DTXSID30372388 DTXSID10740400 DTXSID60800821 DTXSID80769224 DTXSID50335096 DTXSID20511764 DTXSID20817910 DTXSID90406390 DTXSID00313622 DTXSID50552847 DTXSID90875966 DTXSID60358195
DTXSID30191596	DTXSID80200763 DTXSID70544562 DTXSID30599199 DTXSID30889784 DTXSID90664317 DTXSID00312413 DTXSID30766203 DTXSID50876015 DTXSID70388408 DTXSID3061263 DTXSID20879154 DTXSID00618003 DTXSID50481325 DTXSID80813554 DTXSID00441090 DTXSID50454276 DTXSID70729352 DTXSID50625080 DTXSID80503569 DTXSID50594348
DTXSID70743659	DTXSID10609124 DTXSID60646322 DTXSID50734328 DTXSID90396969 DTXSID10301237 DTXSID40650583 DTXSID90670291 DTXSID80646384 DTXSID10734940 DTXSID00409377 DTXSID40827091 DTXSID00468540 DTXSID20627854 DTXSID70810991 DTXSID90178803 DTXSID40195106 DTXSID80580734 DTXSID20705520 DTXSID00646205 DTXSID60646307
DTXSID30808778	DTXSID20547861 DTXSID50825321 DTXSID30637126 DTXSID20614320 DTXSID50568908 DTXSID90714144 DTXSID50851665 DTXSID50224219 DTXSID30793711 DTXSID10467660 DTXSID70203329 DTXSID50545613 DTXSID40797200 DTXSID80599205 DTXSID20148998 DTXSID40748373 DTXSID60738433 DTXSID60195587 DTXSID10468334 DTXSID70240355
DTXSID50556143	DTXSID10637523 DTXSID60651597 DTXSID80228265 DTXSID60487010 DTXSID50639965 DTXSID70508063 DTXSID50337419 DTXSID60704259 DTXSID30596401 DTXSID90480958 DTXSID30181735 DTXSID70711292 DTXSID70641909 DTXSID80493395 DTXSID10475568 DTXSID10454999 DTXSID8069565 DTXSID70479168 DTXSID70651442 DTXSID90459442
DTXSID80342874	DTXSID6044773 DTXSID60778778 DTXSID40606005 DTXSID00564713 DTXSID90543810 DTXSID00639591 DTXSID80346155 DTXSID70359411 DTXSID10564320 DTXSID50579054 DTXSID70499967 DTXSID40226601 DTXSID80611870 DTXSID80343765 DTXSID90509850 DTXSID80673756 DTXSID90561074 DTXSID00333421 DTXSID00428720 DTXSID30167256
DTXSID40821519	DTXSID30641809 DTXSID30642477 DTXSID80383500 DTXSID10876016 DTXSID50568069 DTXSID00304292 DTXSID70351511 DTXSID70450412 DTXSID80181205 DTXSID70843961 DTXSID20354971 DTXSID50315974 DTXSID50733937 DTXSID80284008 DTXSID60464760 DTXSID20493516 DTXSID40801432 DTXSID30817062 DTXSID60292368 DTXSID40352752
DTXSID20888665	DTXSID40789867 DTXSID10805149 DTXSID70790805 DTXSID50780365 DTXSID40830606 DTXSID00804404 DTXSID80830605 DTXSID60605217 DTXSID10819029 DTXSID30805762 DTXSID50533959 DTXSID70710346 DTXSID50812175 DTXSID80634549 DTXSID60823212 DTXSID40163668 DTXSID20808722 DTXSID70785433 DTXSID70768084 DTXSID20834925
DTXSID10336307	DTXSID40674643 DTXSID60301888 DTXSID90331274 DTXSID90539399 DTXSID80228902 DTXSID10753257 DTXSID70444331 DTXSID80626181 DTXSID90646895 DTXSID80505982 DTXSID70489803 DTXSID50535857 DTXSID20382350 DTXSID60671114 DTXSID90613289 DTXSID60566016 DTXSID40350132 DTXSID90419162 DTXSID80500114 DTXSID60695037
DTXSID60350371	DTXSID10831084 DTXSID60179645 DTXSID40808082 DTXSID20578675 DTXSID90335116 DTXSID10886357 DTXSID80222480 DTXSID80479295 DTXSID20488861 DTXSID70306869 DTXSID00303785 DTXSID1052585 DTXSID00164439 DTXSID40552058 DTXSID5059822 DTXSID20184139 DTXSID60641211 DTXSID20694900 DTXSID70523594 DTXSID90809448
DTXSID60307320	DTXSID20616925 DTXSID90324363 DTXSID90547999 DTXSID40191426 DTXSID00865494 DTXSID10655924 DTXSID70651144 DTXSID70202690 DTXSID30181371 DTXSID80342814 DTXSID00394330 DTXSID60146276 DTXSID80405872 DTXSID20830144 DTXSID60711645 DTXSID50306004 DTXSID00501264 DTXSID30407987 DTXSID00559245 DTXSID70447645
DTXSID00344214	DTXSID80371649 DTXSID20346371 DTXSID00383582 DTXSID20191247 DTXSID30563335 DTXSID30605128 DTXSID00552711 DTXSID00151728 DTXSID20236506 DTXSID70148105 DTXSID10875781 DTXSID80600426 DTXSID60588132 DTXSID70631249 DTXSID70579192 DTXSID50636555 DTXSID10668938 DTXSID40509345 DTXSID60395247 DTXSID00210869
DTXSID80436641	DTXSID20306137 DTXSID10188005 DTXSID50368642 DTXSID00588297 DTXSID60855957 DTXSID70287447 DTXSID80611193 DTXSID60718134 DTXSID30175174 DTXSID60787224 DTXSID20677536 DTXSID00829036 DTXSID80218944 DTXSID10154664 DTXSID40828184 DTXSID40415351 DTXSID90767216 DTXSID40480100 DTXSID70367879 DTXSID10558300
DTXSID70850630	DTXSID90510345 DTXSID50354060 DTXSID70361650 DTXSID20235433 DTXSID80696364 DTXSID50398949 DTXSID50662930 DTXSID00151728 DTXSID10743592 DTXSID60587786 DTXSID30686896 DTXSID50636555 DTXSID90702203 DTXSID20500895 DTXSID80670922 DTXSID80494029 DTXSID30605128 DTXSID80784755 DTXSID40621798 DTXSID30563335
DTXSID60436442	DTXSID70477588 DTXSID40658504 DTXSID60745268 DTXSID10344528 DTXSID30208956 DTXSID20677995 DTXSID70337855 DTXSID40196774 DTXSID60739460 DTXSID70530864 DTXSID80465552 DTXSID80284886 DTXSID30311434 DTXSID20695831 DTXSID60175440 DTXSID10656335 DTXSID90527695 DTXSID50856377 DTXSID30303157 DTXSID40429296
DTXSID8047509	DTXSID50517234 DTXSID50300042 DTXSID00702794 DTXSID10537635 DTXSID20307225 DTXSID30553978 DTXSID00318455 DTXSID60177348 DTXSID70428777 DTXSID00372618 DTXSID00728974 DTXSID50652836 DTXSID8059007 DTXSID60649212 DTXSID80436888 DTXSID80551161 DTXSID50351094 DTXSID20593166 DTXSID70419125 DTXSID60819953
DTXSID10871440	DTXSID50190021 DTXSID00411738 DTXSID80823330 DTXSID00633796 DTXSID40593340 DTXSID40474029 DTXSID20654903 DTXSID40334275 DTXSID40610021 DTXSID40321226 DTXSID00442062 DTXSID90442410 DTXSID90238315 DTXSID80814102 DTXSID30757277 DTXSID90462936 DTXSID80279919 DTXSID40380277 DTXSID10742247 DTXSID80440647
DTXSID90283522	DTXSID00625252 DTXSID60880764 DTXSID00794972 DTXSID40455499 DTXSID00770579 DTXSID00819290 DTXSID60813436 DTXSID40838642 DTXSID40773347 DTXSID20535622 DTXSID00340731 DTXSID90719593 DTXSID40574018 DTXSID90782323 DTXSID20557243 DTXSID40462365 DTXSID10462332 DTXSID30408717 DTXSID90306669 DTXSID70325893
DTXSID00170095	DTXSID70532929 DTXSID70286738 DTXSID70562488 DTXSID90275088 DTXSID70762224 DTXSID00787167 DTXSID60399725 DTXSID00298647 DTXSID90527776 DTXSID00290247 DTXSID30451647 DTXSID9044164 DTXSID50220236 DTXSID90778665 DTXSID20381262 DTXSID90338980 DTXSID20511921 DTXSID00442688 DTXSID30451763 DTXSID10640512
DTXSID20464706	DTXSID60876905 DTXSID70551236 DTXSID00338097 DTXSID30628054 DTXSID30402356 DTXSID50561439 DTXSID80392859 DTXSID70733212 DTXSID40511105 DTXSID40667575 DTXSID90640535 DTXSID80485139 DTXSID20569260 DTXSID5059296 DTXSID20492625 DTXSID10585474 DTXSID20339268 DTXSID10160907 DTXSID40694346 DTXSID50221364
DTXSID00810328	DTXSID20274988 DTXSID10787436 DTXSID80420702 DTXSID30615166 DTXSID30693106 DTXSID20626029 DTXSID50716063 DTXSID60194212 DTXSID90624532 DTXSID60876324 DTXSID50321954 DTXSID60550556 DTXSID50623344 DTXSID40170039 DTXSID70419125 DTXSID00352374 DTXSID20745421 DTXSID80369526 DTXSID60302395 DTXSID00352617
DTXSID30277844	DTXSID00486769 DTXSID00419451 DTXSID90519676 DTXSID80304871 DTXSID80284760 DTXSID70586169 DTXSID20505981 DTXSID90873624 DTXSID30400877 DTXSID90626591 DTXSID80513800 DTXSID20590413 DTXSID10306424 DTXSID20470721 DTXSID10548160 DTXSID3070040 DTXSID70436675 DTXSID40741864 DTXSID70736602 DTXSID70496658
DTXSID50879602	DTXSID30225724 DTXSID80441730 DTXSID80536276 DTXSID00449339 DTXSID40609798 DTXSID90208699 DTXSID60681556 DTXSID70652636 DTXSID70729352 DTXSID10653829 DTXSID30377479 DTXSID80765302 DTXSID40633614 DTXSID30889784 DTXSID60696529 DTXSID40696128 DTXSID00618003 DTXSID50179311 DTXSID30599199 DTXSID30713434
DTXSID50242539	DTXSID80847197 DTXSID20428464 DTXSID50316123 DTXSID60767021 DTXSID30767634 DTXSID70567079 DTXSID60292449 DTXSID50390706 DTXSID10484514 DTXSID70819621 DTXSID70743614 DTXSID70721614 DTXSID20746397 DTXSID40306199 DTXSID40243196 DTXSID50341016 DTXSID90650230 DTXSID00430025 DTXSID30421648 DTXSID40832302
DTXSID20473212	DTXSID00625732 DTXSID40598698 DTXSID20840849 DTXSID10541111 DTXSID30199991 DTXSID30653902 DTXSID10366962 DTXSID80351628 DTXSID10565357 DTXSID90614711 DTXSID80210322 DTXSID50230830 DTXSID00447198 DTXSID80151549 DTXSID30395072 DTXSID50591877 DTXSID40319825 DTXSID70513152 DTXSID90730905 DTXSID70618434
DTXSID30823663	DTXSID80854048 DTXSID00326515 DTXSID80222344 DTXSID20476506 DTXSID20234486 DTXSID40652300 DTXSID70896391 DTXSID10423387 DTXSID80349702 DTXSID60327083 DTXSID80700652 DTXSID00557064 DTXSID80778154 DTXSID80744314 DTXSID50147792 DTXSID40698521 DTXSID10628037 DTXSID30812719 DTXSID90526002 DTXSID70812718
DTXSID70214273	DTXSID30694618 DTXSID50187552 DTXSID70666536 DTXSID10177934 DTXSID30661047 DTXSID90380868 DTXSID70377413 DTXSID80302291 DTXSID70511118 DTXSID10652953 DTXSID40711481 DTXSID60784278 DTXSID10371773 DTXSID50605887 DTXSID20698160 DTXSID90355415 DTXSID20624964 DTXSID10618478 DTXSID20580733 DTXSID50576907
DTXSID00783982	DTXSID40449691 DTXSID40706014 DTXSID10495246 DTXSID00637734 DTXSID50481845 DTXSID30718065 DTXSID10340247 DTXSID40541644 DTXSID30178928 DTXSID80324014 DTXSID50321838 DTXSID60378590 DTXSID50629861 DTXSID90622179 DTXSID90520141 DTXSID60473099 DTXSID10733776 DTXSID70353237 DTXSID50553950 DTXSID10803483
DTXSID10588026	DTXSID60533122 DTXSID00373504 DTXSID40146198 DTXSID9022237 DTXSID40361622 DTXSID00755265 DTXSID20633798 DTXSID40228625 DTXSID10707634 DTXSID30667261 DTXSID20501347 DTXSID50506067 DTXSID00667591 DTXSID10528447 DTXSID70849443 DTXSID10239804 DTXSID90529396 DTXSID60335284 DTXSID40841656 DTXSID30571612
DTXSID80624889	DTXSID50679866 DTXSID90364027 DTXSID10647905 DTXSID80841231 DTXSID70578802 DTXSID80442020 DTXSID90341893 DTXSID90720280 DTXSID90344743 DTXSID40558595 DTXSID30406096 DTXSID60510918 DTXSID20383281 DTXSID70212678 DTXSID20754952 DTXSID20293179 DTXSID30639766 DTXSID50467164 DTXSID70285706 DTXSID30813069
DTXSID90309635	DTXSID30228250 DTXSID80326134 DTXSID90706903 DTXSID60559382 DTXSID40369466 DTXSID60358195 DTXSID50727078 DTXSID90668471 DTXSID50180326 DTXSID80710110 DTXSID50340180 DTXSID90406390 DTXSID90875966 DTXSID80416549 DTXSID70325696 DTXSID20817910 DTXSID50808376 DTXSID80812845 DTXSID50729870 DTXSID20821077
DTXSID90810493	DTXSID30734048 DTXSID90708402 DTXSID80604000 DTXSID20424360 DTXSID00403279 DTXSID50490730 DTXSID90694952 DTXSID70614779 DTXSID70431468 DTXSID50738568 DTXSID20629833 DTXSID00504730 DTXSID10345656 DTXSID70742980 DTXSID50382641 DTXSID70309077 DTXSID60739006 DTXSID20216883 DTXSID30176388 DTXSID20170274
DTXSID10896335	DTXSID10143558 DTXSID00896208 DTXSID30348402 DTXSID30379473 DTXSID90513997 DTXSID70803782 DTXSID80655491 DTXSID80785585 DTXSID10310521 DTXSID60542496 DTXSID2068137 DTXSID20700217 DTXSID20173629 DTXSID00597940 DTXSID80725643 DTXSID30564701 DTXSID60875736 DTXSID70314449 DTXSID70615549 DTXSID20883357
DTXSID20422326	DTXSID00490346 DTXSID70400710 DTXSID00498387 DTXSID90401582 DTXSID30607723 DTXSID80772011 DTXSID90409028 DTXSID40293651 DTXSID30175614 DTXSID80470368 DTXSID50740727 DTXSID30543314 DTXSID60396875 DTXSID60668726 DTXSID10681824 DTXSID20541122 DTXSID50457707 DTXSID30240972 DTXSID90191012 DTXSID00192999
DTXSID40398938	DTXSID40319300 DTXSID70177935 DTXSID80791540 DTXSID50497865 DTXSID50605887 DTXSID20624964 DTXSID10856212 DTXSID70810991 DTXSID10177934 DTXSID30194007 DTXSID40195106 DTXSID80580734 DTXSID50187552 DTXSID30661047 DTXSID90355415 DTXSID30694618 DTXSID00468540 DTXSID70666536 DTXSID80302291 DTXSID70613267
DTXSID20378874	DTXSID80708355 DTXSID60656901 DTXSID40595829 DTXSID40405939 DTXSID9044164 DTXSID90338980 DTXSID8022169 DTXSID00611539 DTXSID30794804 DTXSID40514434 DTXSID90527776 DTXSID20381262 DTXSID30451763 DTXSID10824299 DTXSID40195489 DTXSID90621465 DTXSID10640512 DTXSID60232421 DTXSID70593176 DTXSID00298647
DTXSID40494863	DTXSID20849918 DTXSID10368805 DTXSID10343399 DTXSID40293131 DTXSID70440979 DTXSID80650360 DTXSID10499709 DTXSID70593398 DTXSID50875846 DTXSID50361299 DTXSID80556555 DTXSID90807202 DTXSID70176185 DTXSID20663297 DTXSID30534747 DTXSID10696599 DTXSID20666384 DTXSID50369997 DTXSID80388515 DTXSID20172415
DTXSID40560431	DTXSID60623592 DTXSID80734290 DTXSID20633374 DTXSID70543696 DTXSID30452058 DTXSID40597080 DTXSID80641117 DTXSID70711914 DTXSID90290650 DTXSID00668225 DTXSID00650185 DTXSID50215829 DTXSID00444369 DTXSID50705639 DTXSID20528296 DTXSID6041501 DTXSID60174670 DTXSID40433691 DTXSID8063834 DTXSID10799296
DTXSID2061480	DTXSID60777408 DTXSID90376448 DTXSID70641121 DTXSID10525294 DTXSID70500800 DTXSID20239537 DTXSID70663580 DTXSID00463292 DTXSID60239536 DTXSID00586415 DTXSID80317547 DTXSID40552518 DTXSID40783663 DTXSID80875894 DTXSID50610633 DTXSID7044689 DTXSID70534448 DTXSID20506014 DTXSID60390070 DTXSID80444665
DTXSID70645684	DTXSID30704488 DTXSID00522398 DTXSID10292035 DTXSID30755016 DTXSID60837258 DTXSID50640834 DTXSID50485005 DTXSID8061133 DTXSID0069915 DTXSID90857000 DTXSID40633972 DTXSID00390236 DTXSID00567961 DTXSID50496818 DTXSID50569319 DTXSID00196518 DTXSID60282168 DTXSID70783656 DTXSID80774196 DTXSID30474098
DTXSID50838597	DTXSID70817627 DTXSID20463411 DTXSID20888226 DTXSID1042659 DTXSID00552832 DTXSID00655190 DTXSID40751968 DTXSID70439005 DTXSID20847353 DTXSID20567049 DTXSID10551876 DTXSID30620179 DTXSID30787539 DTXSID80300454 DTXSID50469825 DTXSID90809145 DTXSID90443846 DTXSID70645649 DTXSID60448429 DTXSID0073110
DTXSID00597940	DTXSID80655491 DTXSID20700217 DTXSID70803782 DTXSID90513997 DTXSID60875736 DTXSID80725643 DTXSID2068137 DTXSID10143558 DTXSID10875923 DTXSID60768134 DTXSID50509992 DTXSID60542496 DTXSID30379473 DTXSID30291308 DTXSID20173629 DTXSID40674724 DTXSID50174189 DTXSID40814724 DTXSID70477482 DTXSID80619876
DTXSID80290306	DTXSID60842746 DTXSID30395633 DTXSID40590071 DTXSID60897135 DTXSID40716512 DTXSID70651861 DTXSID60571706 DTXSID90372783 DTXSID80211571 DTXSID80492984 DTXSID20485012 DTXSID60217359 DTXSID40588413 DTXSID40513381 DTXSID30651867 DTXSID40313303 DTXSID40877455 DTXSID10826758 DTXSID00451851 DTXSID80736618
DTXSID80430144	DTXSID00344971 DTXSID30293963 DTXSID40222108 DTXSID70532141 DTXSID80694421 DTXSID30625048 DTXSID40612666 DTXSID50193279 DTXSID20337542 DTXSID00680048 DTXSID80699299 DTXSID50590547 DTXSID20726376 DTXSID60725005 DTXSID60364099 DTXSID30676414 DTXSID40751468 DTXSID70526803 DTXSID10672873 DTXSID80308177
DTXSID10764141	DTXSID60700392 DTXSID90598183 DTXSID00722634 DTXSID20881333 DTXSID50336265 DTXSID40393089 DTXSID10371410 DTXSID30727511 DTXSID50582785 DTXSID50308568 DTXSID10142980 DTXSID30659560 DTXSID40397264 DTXSID60429096 DTXSID90353299 DTXSID20190891 DTXSID00443175 DTXSID50292099 DTXSID00314654 DTXSID80175902
DTXSID90370966	DTXSID60561849 DTXSID80733081 DTXSID90693208 DTXSID10646413 DTXSID80597943 DTXSID10308665 DTXSID70616314 DTXSID40478209 DTXSID80475919 DTXSID30401026 DTXSID30371053 DTXSID40661659 DTXSID80304336 DTXSID90348968 DTXSID80436661 DTXSID90406719 DTXSID80516730 DTXSID90722921 DTXSID80732155 DTXSID40348731
DTXSID90602370	DTXSID10876394 DTXSID90666356 DTXSID60496400 DTXSID40672402 DTXSID90666871 DTXSID20323440 DTXSID10777655 DTXSID20815673 DTXSID40144790 DTXSID40532931 DTXSID70510161 DTXSID10240733 DTXSID20887052 DTXSID00409610 DTXSID40488742 DTXSID80629657 DTXSID80240427 DTXSID90801861 DTXSID00621052 DTXSID60522556
DTXSID30298938	DTXSID70542503 DTXSID90508585 DTXSID80633057 DTXSID30322904 DTXSID20352937 DTXSID80646122 DTXSID20368533 DTXSID80476729 DTXSID1024752 DTXSID10833987 DTXSID10157079 DTXSID80726635 DTXSID20656902 DTXSID10458452 DTXSID5067500 DTXSID60733827 DTXSID20819292 DTXSID1020724 DTXSID20697678 DTXSID30725613
DTXSID60326112	DTXSID60755463 DTXSID00475971 DTXSID60715522 DTXSID90768723 DTXSID00355729 DTXSID00485712 DTXSID30303798 DTXSID60344396 DTXSID80678185 DTXSID00408825 DTXSID00738654 DTXSID30309250 DTXSID30290033 DTXSID50455440 DTXSID90845265 DTXSID00810702 DTXSID70637802 DTXSID50383330 DTXSID30568360 DTXSID50682239
DTXSID60729604	DTXSID70341891 DTXSID80496604 DTXSID40729122 DTXSID30295169 DTXSID50238654 DTXSID80730651 DTXSID20303686 DTXSID10408598 DTXSID10727791 DTXSID70385795 DTXSID80618041 DTXSID90159298 DTXSID90669564 DTXSID40511640 DTXSID40349703 DTXSID90315231 DTXSID00567946 DTXSID9046865 DTXSID80589606 DTXSID80292143
DTXSID8024787	DTXSID80686346 DTXSID50604173 DTXSID70478257 DTXSID30306426 DTXSID60641014 DTXSID00720635 DTXSID50596746 DTXSID10454010 DTXSID10749579 DTXSID30855949 DTXSID60615215 DTXSID10340949 DTXSID80457932 DTXSID60707361 DTXSID80373744 DTXSID10672237 DTXSID40415917 DTXSID20361488 DTXSID10280790 DTXSID20372933
DTXSID80637257	DTXSID70477947 DTXSID00802182 DTXSID30819304 DTXSID10212011 DTXSID5070232 DTXSID00678208 DTXSID50694498 DTXSID90179991 DTXSID00612400 DTXSID90796884 DTXSID80877338 DTXSID30325278 DTXSID20185808 DTXSID70759654 DTXSID80284826 DTXSID40682364 DTXSID10788827 DTXSID10661722 DTXSID00428568 DTXSID30568360
DTXSID00530115	DTXSID80493638 DTXSID90842471 DTXSID60441410 DTXSID40632869 DTXSID90570323 DTXSID70240254 DTXSID00767909 DTXSID20442807 DTXSID30339597 DTXSID70612250 DTXSID90668794 DTXSID60787562 DTXSID40286745 DTXSID80345805 DTXSID00774698 DTXSID20697451 DTXSID00439250 DTXSID00216947 DTXSID30752484 DTXSID50757613
DTXSID7062829	DTXSID3064437 DTXSID80755203 DTXSID70700545 DTXSID10166560 DTXSID00181227 DTXSID9060780 DTXSID30561457 DTXSID60827836 DTXSID40847931 DTXSID80336930 DTXSID20544754 DTXSID10767839 DTXSID90801740 DTXSID7063348 DTXSID10806954 DTXSID5068237 DTXSID30707171 DTXSID90759777 DTXSID30710786 DTXSID80761743
DTXSID7063421	DTXSID40346691 DTXSID40676763 DTXSID80825970 DTXSID40724470 DTXSID60674165 DTXSID90823164 DTXSID00681696 DTXSID10654715 DTXSID40656404 DTXSID50662894 DTXSID70392924 DTXSID30842718 DTXSID20743427 DTXSID10629923 DTXSID80552653 DTXSID10847428 DTXSID90706185 DTXSID80296964 DTXSID60435733 DTXSID30725678
DTXSID50727174	DTXSID10713593 DTXSID20671716 DTXSID50496494 DTXSID90307398 DTXSID40545728 DTXSID70599118 DTXSID80453838 DTXSID10375655 DTXSID80712533 DTXSID20298200 DTXSID3057692 DTXSID60675071 DTXSID10180923 DTXSID00669237 DTXSID30372484 DTXSID20206103 DTXSID40795125 DTXSID40374050 DTXSID70463027 DTXSID90651202
DTXSID00145708	DTXSID70526828 DTXSID30617968 DTXSID50551916 DTXSID00531041 DTXSID40784357 DTXSID70630333 DTXSID50404433 DTXSID00589805 DTXSID90826519 DTXSID00425214 DTXSID10211645 DTXSID70708046 DTXSID30504920 DTXSID20524016 DTXSID80768257 DTXSID20857598 DTXSID20631173 DTXSID40620145 DTXSID40465871 DTXSID50384589
DTXSID30657804	DTXSID20656063 DTXSID70672798 DTXSID00585347 DTXSID2071071 DTXSID60742111 DTXSID50646755 DTXSID90629749 DTXSID80647497 DTXSID60401296 DTXSID50304707 DTXSID20429870 DTXSID30761213 DTXSID80560576 DTXSID30843644 DTXSID70274377 DTXSID50809828 DTXSID70667604 DTXSID00712035 DTXSID30716667 DTXSID00156475
DTXSID60850028	DTXSID20482445 DTXSID10774023 DTXSID90441084 DTXSID10694631 DTXSID8064981 DTXSID40710176 DTXSID00243556 DTXSID50660774 DTXSID90401946 DTXSID60694525 DTXSID40617191 DTXSID60345565 DTXSID60831094 DTXSID60315960 DTXSID40876185 DTXSID60744312 DTXSID80582970 DTXSID80475393 DTXSID00485176 DTXSID60524732
DTXSID20274988	DTXSID00810328 DTXSID80420702 DTXSID20626029 DTXSID30615166 DTXSID60550556 DTXSID40170039 DTXSID90624532 DTXSID50716063 DTXSID10787436 DTXSID30693106 DTXSID50623344 DTXSID70419125 DTXSID60876324 DTXSID50321954 DTXSID80700137 DTXSID30444296 DTXSID60302395 DTXSID90344526 DTXSID00352617 DTXSID10367292
DTXSID60415535	DTXSID40561387 DTXSID30375511 DTXSID60557545 DTXSID00703665 DTXSID80170790 DTXSID00826525 DTXSID40717226 DTXSID10533314 DTXSID00659436 DTXSID80320773 DTXSID40295776 DTXSID70368043 DTXSID00672786 DTXSID30202090 DTXSID60879315 DTXSID10389373 DTXSID80568895 DTXSID10593776 DTXSID30373673 DTXSID50725615
DTXSID20406161	DTXSID00780936 DTXSID50315570 DTXSID10402339 DTXSID20353681 DTXSID60876965 DTXSID30318428 DTXSID30342460 DTXSID30663066 DTXSID60671553 DTXSID60829451 DTXSID40579149 DTXSID70514285 DTXSID50597576 DTXSID40460886 DTXSID70424719 DTXSID30651201 DTXSID20581644 DTXSID10455784 DTXSID40357808 DTXSID10280755
DTXSID10277524	DTXSID40696461 DTXSID40280980 DTXSID70610039 DTXSID0073291 DTXSID10651542 DTXSID00567961 DTXSID40633972 DTXSID10352800 DTXSID90784882 DTXSID60282168 DTXSID70837562 DTXSID50569319 DTXSID50640834 DTXSID00196518 DTXSID70592765 DTXSID80774196 DTXSID30428374 DTXSID80851239 DTXSID50496818 DTXSID50304449
DTXSID00341268	DTXSID20481099 DTXSID90424554 DTXSID50436936 DTXSID30852630 DTXSID20200005 DTXSID10809501 DTXSID40406623 DTXSID00206505 DTXSID80175861 DTXSID10237007 DTXSID40552053 DTXSID90485226 DTXSID00579281 DTXSID80241717 DTXSID80284725 DTXSID30563198 DTXSID10838553 DTXSID20159342 DTXSID00565689 DTXSID00597642
DTXSID70531250	DTXSID10772044 DTXSID00529488 DTXSID30789412 DTXSID70737932 DTXSID50290732 DTXSID90401769 DTXSID7041966 DTXSID60148270 DTXSID60835597 DTXSID60796033 DTXSID00173001 DTXSID90611083 DTXSID80338510 DTXSID40719366 DTXSID80576374 DTXSID10704628 DTXSID10471782 DTXSID30243488 DTXSID60522172 DTXSID20796933
DTXSID60189986	DTXSID20189422 DTXSID50277341 DTXSID60463218 DTXSID80782594 DTXSID00324278 DTXSID70895425 DTXSID30878370 DTXSID20663792 DTXSID40875118 DTXSID30392389 DTXSID90610334 DTXSID90895689 DTXSID20733227 DTXSID70425009 DTXSID70895420 DTXSID20873839 DTXSID70724660 DTXSID70441289 DTXSID00575607 DTXSID60159780
DTXSID60738433	DTXSID10468334 DTXSID20813437 DTXSID50224219 DTXSID30402255 DTXSID70203329 DTXSID80531281 DTXSID70825323 DTXSID50786221 DTXSID90449848 DTXSID60303887 DTXSID80615999 DTXSID60183020 DTXSID00560311 DTXSID40633255 DTXSID50568908 DTXSID20459137 DTXSID90714144 DTXSID70545211 DTXSID8060537 DTXSID50825321
DTXSID90276479	DTXSID40589748 DTXSID80648005 DTXSID20419099 DTXSID70811307 DTXSID20846260 DTXSID90373750 DTXSID60743643 DTXSID90561630 DTXSID80718212 DTXSID60744413 DTXSID60820660 DTXSID00384771 DTXSID20620805 DTXSID40509623 DTXSID60680908 DTXSID70735498 DTXSID90585790 DTXSID00480469 DTXSID10612693 DTXSID20445712
DTXSID60439377	DTXSID30311237 DTXSID00659916 DTXSID40713445 DTXSID70588108 DTXSID30356906 DTXSID3071278 DTXSID60588177 DTXSID10656012 DTXSID00657452 DTXSID60424546 DTXSID90518144 DTXSID20883357 DTXSID00537482 DTXSID00304196 DTXSID50586440 DTXSID40617772 DTXSID90178202 DTXSID20311786 DTXSID30279363 DTXSID60785200
DTXSID20793487	DTXSID50655685 DTXSID30385716 DTXSID40662505 DTXSID30675245 DTXSID90798186 DTXSID40556238 DTXSID30798185 DTXSID50761336 DTXSID50345231 DTXSID60783822 DTXSID80630541 DTXSID90751271 DTXSID30639701 DTXSID00504311 DTXSID00813511 DTXSID30336223 DTXSID3075335 DTXSID20550310 DTXSID10211044 DTXSID60295137
DTXSID50181631	DTXSID80284801 DTXSID30287165 DTXSID70226876 DTXSID70598186 DTXSID30620730 DTXSID90731255 DTXSID90694497 DTXSID60818047 DTXSID40596033 DTXSID00489694 DTXSID70376901 DTXSID40642064 DTXSID40550190 DTXSID90654910 DTXSID70554121 DTXSID50217681 DTXSID40823058 DTXSID30560804 DTXSID90630138 DTXSID60527743
DTXSID10776421	DTXSID30285782 DTXSID30173534 DTXSID60752593 DTXSID1023447 DTXSID00361284 DTXSID30471305 DTXSID90492910 DTXSID0075106 DTXSID70641227 DTXSID20351581 DTXSID20849418 DTXSID60754572 DTXSID20663055 DTXSID8067105 DTXSID40701589 DTXSID40722613 DTXSID10465025 DTXSID00781766 DTXSID60738998 DTXSID60460489
DTXSID60524616	DTXSID90514803 DTXSID50523537 DTXSID70518021 DTXSID20383281 DTXSID70285706 DTXSID90592080 DTXSID20342651 DTXSID10567932 DTXSID20293179 DTXSID10326566 DTXSID70484378 DTXSID80340113 DTXSID90294037 DTXSID30851865 DTXSID50805163 DTXSID30813069 DTXSID2059275 DTXSID4052051 DTXSID20478080 DTXSID80424583
DTXSID60813198	DTXSID10310263 DTXSID20804840 DTXSID20756234 DTXSID00400920 DTXSID60723581 DTXSID80756235 DTXSID50326520 DTXSID40647635 DTXSID70303631 DTXSID30855727 DTXSID30411862 DTXSID50735552 DTXSID00296961 DTXSID60494921 DTXSID90894031 DTXSID60457672 DTXSID80430902 DTXSID80440844 DTXSID00699594 DTXSID00472485
DTXSID20144394	DTXSID10371692 DTXSID40147746 DTXSID90479640 DTXSID40657274 DTXSID10547299 DTXSID40876847 DTXSID30756543 DTXSID20595206 DTXSID00661216 DTXSID50433142 DTXSID80598596 DTXSID00650544 DTXSID80756058 DTXSID30553130 DTXSID30541491 DTXSID40296925 DTXSID50664858 DTXSID50804050 DTXSID40414687 DTXSID00592430
DTXSID50493822	DTXSID90232919 DTXSID70428494 DTXSID90768203 DTXSID80308495 DTXSID00168679 DTXSID80146455 DTXSID7021366 DTXSID10568964 DTXSID50505535 DTXSID20656927 DTXSID90533993 DTXSID10631864 DTXSID80494029 DTXSID60640704 DTXSID70313634 DTXSID10406256 DTXSID00896344 DTXSID20440303 DTXSID20509762 DTXSID70214298
DTXSID70667604	DTXSID00731302 DTXSID10321834 DTXSID70853323 DTXSID30843644 DTXSID80613172 DTXSID2071071 DTXSID80613192 DTXSID10224533 DTXSID60187083 DTXSID50304707 DTXSID90597717 DTXSID10441041 DTXSID20708955 DTXSID30657804 DTXSID60164793 DTXSID90629749 DTXSID20656063 DTXSID90584703 DTXSID70672798 DTXSID50646755
DTXSID10617229	DTXSID80699370 DTXSID70342626 DTXSID30336703 DTXSID70390667 DTXSID10448414 DTXSID40826463 DTXSID20481190 DTXSID20615493 DTXSID40625731 DTXSID00154719 DTXSID70858070 DTXSID80364490 DTXSID60640320 DTXSID60281853 DTXSID50454695 DTXSID50552024 DTXSID20290527 DTXSID00734893 DTXSID30392965 DTXSID40822687
DTXSID80289457	DTXSID90524487 DTXSID00502372 DTXSID30734205 DTXSID20830144 DTXSID50497183 DTXSID10867661 DTXSID00418545 DTXSID00651859 DTXSID90719896 DTXSID10481523 DTXSID40452140 DTXSID40325042 DTXSID90877561 DTXSID90707511 DTXSID9025403 DTXSID40289458 DTXSID10552267 DTXSID20503528 DTXSID90585831 DTXSID9073628
DTXSID10627181	DTXSID70449765 DTXSID10510948 DTXSID50637769 DTXSID10198806 DTXSID40791748 DTXSID60481437 DTXSID30525231 DTXSID80450948 DTXSID4022076 DTXSID10633424 DTXSID20495494 DTXSID00405738 DTXSID60625556 DTXSID30346509 DTXSID90433782 DTXSID40843478 DTXSID40534915 DTXSID60228420 DTXSID80552279 DTXSID00551027
DTXSID40646800	DTXSID90711350 DTXSID30651867 DTXSID70858136 DTXSID10842610 DTXSID10826758 DTXSID30726822 DTXSID90427929 DTXSID20277616 DTXSID50580049 DTXSID70642476 DTXSID90645585 DTXSID90345699 DTXSID70651861 DTXSID60856080 DTXSID40716512 DTXSID50382641 DTXSID40313303 DTXSID10345656 DTXSID30321917 DTXSID20797748
DTXSID80438044	DTXSID10149196 DTXSID00757749 DTXSID50639889 DTXSID60241518 DTXSID20434202 DTXSID70614092 DTXSID10144484 DTXSID20594678 DTXSID50527358 DTXSID60642041 DTXSID70880654 DTXSID60881211 DTXSID90751933 DTXSID30544962 DTXSID00577964 DTXSID20172071 DTXSID60184032 DTXSID10463021 DTXSID10579131 DTXSID50465827
DTXSID10848359	DTXSID00560977 DTXSID10284657 DTXSID70599971 DTXSID40388536 DTXSID50421640 DTXSID30392965 DTXSID30213626 DTXSID00631297 DTXSID40289039 DTXSID70460238 DTXSID40822687 DTXSID00887636 DTXSID80339067 DTXSID00331164 DTXSID30663066 DTXSID30332528 DTXSID20670305 DTXSID40775609 DTXSID00603732 DTXSID70444013
DTXSID60835815	DTXSID10600595 DTXSID90325153 DTXSID70299409 DTXSID20277151 DTXSID90733219 DTXSID70783656 DTXSID60710254 DTXSID20536457 DTXSID30671560 DTXSID50321732 DTXSID70589478 DTXSID80275653 DTXSID00559806 DTXSID60652327 DTXSID60657039 DTXSID80557042 DTXSID60837258 DTXSID0073291 DTXSID00393560 DTXSID50640834
DTXSID50283649	DTXSID40436167 DTXSID40673171 DTXSID40152835 DTXSID70609605 DTXSID90753492 DTXSID20733565 DTXSID30373673 DTXSID50853169 DTXSID10842453 DTXSID30357635 DTXSID00697257 DTXSID40708639 DTXSID60661651 DTXSID10389373 DTXSID90284478 DTXSID70282316 DTXSID60476747 DTXSID10377573 DTXSID60298688 DTXSID70237664
DTXSID20579541	DTXSID40712251 DTXSID60829037 DTXSID60715926 DTXSID7041334 DTXSID90697367 DTXSID80737281 DTXSID90651949 DTXSID70496976 DTXSID10617749 DTXSID00308578 DTXSID40222441 DTXSID70157217 DTXSID40177548 DTXSID80876321 DTXSID20742359 DTXSID20635878 DTXSID50350724 DTXSID00147227 DTXSID20448384 DTXSID80320612
DTXSID20475751	DTXSID40876983 DTXSID00771182 DTXSID90612898 DTXSID30804533 DTXSID80381783 DTXSID40303103 DTXSID70607868 DTXSID60476803 DTXSID40815115 DTXSID80876982 DTXSID80848381 DTXSID50522469 DTXSID50343737 DTXSID60790435 DTXSID20797081 DTXSID90431228 DTXSID00315606 DTXSID80524375 DTXSID30184524 DTXSID70383473
DTXSID30855949	DTXSID10454010 DTXSID10672237 DTXSID30218010 DTXSID20361488 DTXSID00720635 DTXSID60641014 DTXSID60296149 DTXSID00625858 DTXSID80733804 DTXSID10287587 DTXSID80686346 DTXSID20192491 DTXSID10278874 DTXSID30187171 DTXSID30789876 DTXSID8024787 DTXSID30490596 DTXSID10749579 DTXSID00513983 DTXSID30306426
DTXSID70452133	DTXSID90494676 DTXSID40496120 DTXSID80828986 DTXSID50695420 DTXSID10483325 DTXSID70507899 DTXSID30780308 DTXSID90375138 DTXSID80646728 DTXSID80303223 DTXSID50567355 DTXSID00376691 DTXSID30772364 DTXSID40857631 DTXSID50873509 DTXSID50403123 DTXSID40832084 DTXSID80685814 DTXSID10343637 DTXSID40360872
DTXSID60897211	DTXSID70704543 DTXSID00532730 DTXSID20444104 DTXSID80726913 DTXSID10174761 DTXSID50561611 DTXSID40279359 DTXSID30389739 DTXSID40297356 DTXSID30645342 DTXSID70283207 DTXSID00491272 DTXSID80675154 DTXSID30650077 DTXSID70672475 DTXSID70736561 DTXSID80451430 DTXSID80195726 DTXSID80679632 DTXSID30186765
DTXSID40607633	DTXSID40593183 DTXSID20668040 DTXSID70823187 DTXSID60848460 DTXSID20641272 DTXSID50404296 DTXSID90559057 DTXSID70737937 DTXSID10786282 DTXSID70794227 DTXSID50321838 DTXSID20275814 DTXSID30566720 DTXSID70693504 DTXSID10340247 DTXSID70589756 DTXSID20702716 DTXSID10675228 DTXSID60757684 DTXSID70545195
DTXSID50632714	DTXSID70453201 DTXSID60468920 DTXSID50198300 DTXSID30809604 DTXSID30538700 DTXSID00816986 DTXSID00281615 DTXSID60240440 DTXSID20288045 DTXSID50791274 DTXSID70564664 DTXSID50175070 DTXSID70799737 DTXSID50783538 DTXSID60659735 DTXSID40811839 DTXSID20624146 DTXSID60658541 DTXSID40187066 DTXSID40815736
DTXSID60602903	DTXSID80384411 DTXSID30445344 DTXSID90774940 DTXSID60502116 DTXSID90342643 DTXSID20681875 DTXSID30202378 DTXSID90154602 DTXSID60813572 DTXSID30415688 DTXSID00216765 DTXSID30160883 DTXSID00449339 DTXSID50595274 DTXSID40243939 DTXSID90510688 DTXSID60231434 DTXSID10464730 DTXSID90349995 DTXSID40287813
DTXSID70238095	DTXSID40405636 DTXSID00314654 DTXSID30423703 DTXSID80724015 DTXSID70397272 DTXSID60556013 DTXSID10292499 DTXSID10142980 DTXSID90611508 DTXSID10395035 DTXSID60429096 DTXSID20597765 DTXSID30659560 DTXSID00606980 DTXSID50292099 DTXSID50228318 DTXSID20154993 DTXSID10805306 DTXSID60435793 DTXSID30588240
DTXSID80288586	DTXSID50512103 DTXSID40641996 DTXSID40357808 DTXSID30848593 DTXSID30725633 DTXSID90649664 DTXSID70589791 DTXSID10455784 DTXSID8032675 DTXSID70500269 DTXSID70224155 DTXSID10794382 DTXSID60829451 DTXSID20353681 DTXSID40579149 DTXSID90200471 DTXSID80492621 DTXSID40460886 DTXSID30342460 DTXSID5068233
DTXSID90209343	DTXSID00681570 DTXSID30278139 DTXSID30184524 DTXSID50694418 DTXSID10610179 DTXSID6052324 DTXSID80848381 DTXSID60407056 DTXSID20444048 DTXSID70592609 DTXSID40876983 DTXSID80765908 DTXSID60831938 DTXSID90544741 DTXSID20560212 DTXSID30804533 DTXSID20379503 DTXSID20797081 DTXSID40766279 DTXSID90609465
DTXSID50660774	DTXSID00485176 DTXSID10694631 DTXSID60850028 DTXSID50151738 DTXSID80668581 DTXSID30323219 DTXSID00646740 DTXSID90401946 DTXSID40856184 DTXSID40483116 DTXSID40404068 DTXSID90748989 DTXSID20593989 DTXSID50807309 DTXSID80180238 DTXSID20482445 DTXSID10837763 DTXSID70283005 DTXSID30649502 DTXSID40857297
DTXSID60672065	DTXSID80810740 DTXSID60856883 DTXSID00343944 DTXSID50478391 DTXSID80726812 DTXSID90366162 DTXSID60832561 DTXSID40675519 DTXSID30180309 DTXSID40663355 DTXSID80694683 DTXSID20430340 DTXSID20342757 DTXSID80458641 DTXSID20472346 DTXSID20301864 DTXSID90515835 DTXSID10594329 DTXSID80725148 DTXSID20729766
DTXSID20799641	DTXSID80397783 DTXSID10167355 DTXSID50350724 DTXSID00154815 DTXSID50659820 DTXSID80481954 DTXSID20282922 DTXSID10782168 DTXSID90317432 DTXSID70395576 DTXSID70589332 DTXSID50484710 DTXSID20424946 DTXSID60553360 DTXSID20603350 DTXSID90892294 DTXSID30758224 DTXSID20448384 DTXSID80737281 DTXSID40734716
DTXSID90441084	DTXSID10774023 DTXSID60850028 DTXSID10694631 DTXSID20482445 DTXSID8064981 DTXSID80582970 DTXSID40876185 DTXSID60524732 DTXSID30218555 DTXSID40710176 DTXSID00243556 DTXSID60831094 DTXSID60694525 DTXSID40617191 DTXSID10679943 DTXSID60345565 DTXSID10602615 DTXSID70314868 DTXSID00565861 DTXSID50660774
DTXSID80451632	DTXSID40568598 DTXSID70336101 DTXSID00220160 DTXSID90661048 DTXSID70291387 DTXSID20800029 DTXSID80661158 DTXSID50384160 DTXSID70680914 DTXSID20738530 DTXSID20547326 DTXSID30464712 DTXSID80661133 DTXSID70526808 DTXSID20629590 DTXSID70445949 DTXSID60646983 DTXSID30577331 DTXSID90721373 DTXSID70791312
DTXSID40513801	DTXSID50563135 DTXSID00443695 DTXSID30549811 DTXSID70436675 DTXSID60390353 DTXSID10692879 DTXSID20505981 DTXSID60553981 DTXSID50381977 DTXSID20423499 DTXSID80304871 DTXSID50885905 DTXSID00509528 DTXSID70807240 DTXSID80527407 DTXSID40761289 DTXSID40620483 DTXSID20509929 DTXSID70519199 DTXSID60757588
DTXSID60550677	DTXSID60829315 DTXSID60775181 DTXSID60627272 DTXSID80824408 DTXSID60767243 DTXSID50335016 DTXSID30768005 DTXSID20627273 DTXSID20337941 DTXSID90610016 DTXSID70840778 DTXSID80625518 DTXSID50309898 DTXSID60334732 DTXSID00498408 DTXSID40795620 DTXSID20793129 DTXSID40604041 DTXSID10579631 DTXSID60768018
DTXSID50342306	DTXSID40348579 DTXSID80462369 DTXSID40192418 DTXSID20707948 DTXSID60503446 DTXSID20509580 DTXSID70341093 DTXSID70608916 DTXSID40613335 DTXSID80485831 DTXSID80348497 DTXSID80655638 DTXSID70428712 DTXSID10627005 DTXSID00669338 DTXSID40538872 DTXSID90390240 DTXSID20835912 DTXSID50508400 DTXSID80463679
DTXSID60554776	DTXSID90550105 DTXSID20327024 DTXSID00846006 DTXSID40167969 DTXSID70365214 DTXSID50729870 DTXSID90457963 DTXSID9074642 DTXSID10278713 DTXSID90668471 DTXSID8059635 DTXSID50240651 DTXSID70556342 DTXSID20821077 DTXSID00839498 DTXSID60559382 DTXSID80279772 DTXSID80416549 DTXSID90875966 DTXSID40237176
DTXSID30437547	DTXSID10516763 DTXSID0042298 DTXSID90833162 DTXSID20159786 DTXSID40440103 DTXSID30346908 DTXSID90463827 DTXSID00719160 DTXSID40760095 DTXSID10852996 DTXSID80484561 DTXSID60806661 DTXSID10594324 DTXSID40765540 DTXSID20544931 DTXSID00316638 DTXSID60658369 DTXSID80287832 DTXSID50668230 DTXSID40211870
DTXSID30351057	DTXSID00671936 DTXSID90626273 DTXSID40585927 DTXSID80648161 DTXSID60444305 DTXSID50729193 DTXSID80723543 DTXSID6044858 DTXSID40493270 DTXSID60671937 DTXSID30725810 DTXSID20168616 DTXSID90405606 DTXSID40626425 DTXSID40857535 DTXSID10557257 DTXSID70658234 DTXSID90487361 DTXSID70355690 DTXSID90602855
DTXSID80572896	DTXSID20378677 DTXSID30217503 DTXSID00304090 DTXSID90425465 DTXSID10470412 DTXSID90205022 DTXSID30291883 DTXSID70828773 DTXSID20605758 DTXSID70542023 DTXSID10358741 DTXSID80162079 DTXSID60329183 DTXSID70395213 DTXSID70697582 DTXSID80142856 DTXSID90499641 DTXSID40450924 DTXSID70170502 DTXSID60744317
DTXSID00604345	DTXSID10506866 DTXSID80635011 DTXSID00223095 DTXSID30782766 DTXSID70477482 DTXSID80664447 DTXSID40674724 DTXSID40288860 DTXSID00657452 DTXSID10589275 DTXSID70375095 DTXSID30207525 DTXSID6023315 DTXSID80781567 DTXSID90178202 DTXSID60594132 DTXSID30465820 DTXSID90518144 DTXSID10658632 DTXSID40310175
DTXSID50326520	DTXSID00400920 DTXSID20756234 DTXSID10310263 DTXSID70303631 DTXSID30855727 DTXSID80756235 DTXSID60813198 DTXSID20804840 DTXSID90894031 DTXSID60494921 DTXSID40647635 DTXSID30411862 DTXSID50735552 DTXSID50728580 DTXSID00296961 DTXSID20204487 DTXSID30540383 DTXSID70873622 DTXSID80440844 DTXSID40562677
DTXSID80212043	DTXSID60762319 DTXSID80671813 DTXSID90567930 DTXSID40481576 DTXSID20346755 DTXSID70720187 DTXSID40296046 DTXSID90734084 DTXSID80892809 DTXSID90824055 DTXSID40356538 DTXSID20145200 DTXSID50580983 DTXSID20365502 DTXSID00483778 DTXSID70201941 DTXSID00219099 DTXSID50528446 DTXSID50179351 DTXSID50682193
DTXSID70349170	DTXSID40891611 DTXSID50738205 DTXSID90310140 DTXSID90143531 DTXSID90223180 DTXSID40614266 DTXSID90803582 DTXSID10676997 DTXSID40295377 DTXSID70324861 DTXSID90454396 DTXSID50290212 DTXSID20345869 DTXSID20359360 DTXSID40531863 DTXSID60190097 DTXSID10144424 DTXSID70771053 DTXSID00822466 DTXSID10332006
DTXSID80323406	DTXSID50623344 DTXSID90383692 DTXSID10875943 DTXSID00739525 DTXSID00742973 DTXSID20626029 DTXSID40545147 DTXSID20876507 DTXSID00722331 DTXSID60400325 DTXSID30693106 DTXSID80428662 DTXSID20631638 DTXSID60589644 DTXSID00846344 DTXSID20193125 DTXSID30374882 DTXSID40433691 DTXSID60373803 DTXSID70344367
DTXSID50771354	DTXSID70477361 DTXSID70880614 DTXSID90423986 DTXSID20801632 DTXSID50718047 DTXSID60615952 DTXSID20818129 DTXSID40338031 DTXSID50718906 DTXSID6066862 DTXSID80766536 DTXSID50404352 DTXSID30519534 DTXSID1070856 DTXSID60818128 DTXSID20837451 DTXSID80437850 DTXSID60388215 DTXSID40718915 DTXSID00402808
DTXSID3062029	DTXSID20452921 DTXSID40684101 DTXSID90277769 DTXSID20349428 DTXSID30401122 DTXSID60884207 DTXSID80698227 DTXSID60351601 DTXSID70459046 DTXSID30664199 DTXSID70885523 DTXSID80639958 DTXSID50399774 DTXSID60532913 DTXSID80289952 DTXSID50388582 DTXSID20238601 DTXSID70733712 DTXSID40222542 DTXSID20488386
DTXSID10667143	DTXSID30752702 DTXSID00782258 DTXSID70873607 DTXSID10515615 DTXSID90774102 DTXSID10416330 DTXSID50457308 DTXSID60804228 DTXSID30734164 DTXSID40588519 DTXSID90456239 DTXSID30202232 DTXSID40145843 DTXSID40551263 DTXSID20856506 DTXSID80678180 DTXSID40314517 DTXSID70514886 DTXSID70437263 DTXSID70562423
DTXSID5047114	DTXSID1066239 DTXSID50783437 DTXSID50410539 DTXSID30770365 DTXSID60598059 DTXSID90404730 DTXSID70751310 DTXSID80195044 DTXSID60288589 DTXSID00559144 DTXSID20195063 DTXSID5062398 DTXSID70394423 DTXSID80576899 DTXSID50757335 DTXSID20411452 DTXSID0062921 DTXSID80560258 DTXSID40208523 DTXSID6063511
DTXSID80238102	DTXSID20805731 DTXSID80639059 DTXSID10390348 DTXSID20737725 DTXSID20525381 DTXSID20554217 DTXSID20744171 DTXSID90284610 DTXSID40820608 DTXSID80541481 DTXSID90445022 DTXSID60499097 DTXSID30333176 DTXSID80506732 DTXSID40641234 DTXSID60834161 DTXSID60471398 DTXSID6044648 DTXSID40408203 DTXSID20675239
DTXSID70574283	DTXSID20797647 DTXSID10843167 DTXSID40662500 DTXSID90278413 DTXSID90693561 DTXSID50214771 DTXSID10744741 DTXSID00866926 DTXSID90723953 DTXSID30155633 DTXSID00767500 DTXSID20336777 DTXSID30579431 DTXSID20783666 DTXSID20514871 DTXSID60469452 DTXSID10403184 DTXSID40637430 DTXSID70800130 DTXSID30192063
DTXSID30474452	DTXSID60812404 DTXSID2068424 DTXSID60620061 DTXSID60283579 DTXSID50377476 DTXSID50722124 DTXSID90177598 DTXSID40397845 DTXSID00774698 DTXSID90714886 DTXSID90668794 DTXSID60787562 DTXSID80760271 DTXSID30339597 DTXSID30541254 DTXSID90243843 DTXSID20829639 DTXSID40889316 DTXSID30638436 DTXSID70240254
DTXSID40589743	DTXSID60526251 DTXSID30388045 DTXSID30595898 DTXSID70421046 DTXSID50764246 DTXSID90381395 DTXSID10748022 DTXSID50642439 DTXSID3052220 DTXSID40889316 DTXSID40781200 DTXSID50757613 DTXSID90718526 DTXSID10529858 DTXSID90336082 DTXSID50473503 DTXSID70345692 DTXSID70848557 DTXSID50701217 DTXSID70282538
DTXSID90796667	DTXSID80532359 DTXSID40734817 DTXSID0075106 DTXSID00708135 DTXSID60754572 DTXSID90492910 DTXSID60460489 DTXSID50286514 DTXSID2071025 DTXSID30671323 DTXSID40481814 DTXSID40701589 DTXSID10649722 DTXSID60738998 DTXSID50627443 DTXSID00405935 DTXSID50736206 DTXSID70284653 DTXSID90573096 DTXSID20351581
DTXSID40700572	DTXSID80292582 DTXSID50453481 DTXSID5022803 DTXSID50175277 DTXSID80661234 DTXSID00374652 DTXSID40585508 DTXSID20680303 DTXSID40649795 DTXSID20883175 DTXSID70799373 DTXSID90661225 DTXSID30722324 DTXSID60848061 DTXSID00833719 DTXSID60150590 DTXSID80808541 DTXSID80679218 DTXSID50681767 DTXSID90645348
DTXSID70742102	DTXSID60700236 DTXSID40747503 DTXSID70697481 DTXSID90305298 DTXSID3063966 DTXSID70855781 DTXSID20393587 DTXSID30620174 DTXSID70582085 DTXSID00745368 DTXSID30303192 DTXSID00508677 DTXSID70732487 DTXSID70619608 DTXSID60744251 DTXSID70314969 DTXSID10212475 DTXSID00673753 DTXSID80478324 DTXSID10660816
DTXSID10561910	DTXSID0064672 DTXSID00887994 DTXSID00282965 DTXSID80470489 DTXSID50712227 DTXSID70783414 DTXSID50524701 DTXSID70404955 DTXSID80397324 DTXSID00603050 DTXSID80531529 DTXSID20752594 DTXSID40334154 DTXSID60327528 DTXSID60712218 DTXSID70402698 DTXSID00453451 DTXSID80464368 DTXSID80434162 DTXSID00667551
DTXSID00827012	DTXSID60174953 DTXSID70832254 DTXSID10521453 DTXSID10405885 DTXSID9058941 DTXSID80548536 DTXSID90545091 DTXSID70801288 DTXSID30388904 DTXSID10335956 DTXSID10698513 DTXSID60570299 DTXSID00406003 DTXSID50150201 DTXSID70540044 DTXSID5062425 DTXSID50296032 DTXSID90497925 DTXSID1052664 DTXSID80530991
DTXSID80295533	DTXSID50518509 DTXSID60390974 DTXSID40656126 DTXSID60663554 DTXSID90285046 DTXSID90831284 DTXSID10653687 DTXSID10632992 DTXSID90300187 DTXSID60312318 DTXSID20326638 DTXSID70745916 DTXSID90647988 DTXSID80856466 DTXSID00501648 DTXSID10857249 DTXSID90406890 DTXSID40758639 DTXSID70455785 DTXSID10371632
DTXSID90820815	DTXSID20624146 DTXSID90786326 DTXSID9069849 DTXSID00807834 DTXSID00817918 DTXSID00325563 DTXSID70799737 DTXSID50783538 DTXSID70464776 DTXSID70562362 DTXSID50175070 DTXSID50198300 DTXSID90562940 DTXSID80335786 DTXSID40420900 DTXSID60660361 DTXSID40187066 DTXSID90888152 DTXSID00816986 DTXSID60573543
DTXSID80494605	DTXSID90719730 DTXSID80211218 DTXSID10436811 DTXSID70415420 DTXSID70722227 DTXSID50634238 DTXSID70316448 DTXSID00655630 DTXSID60734410 DTXSID20379543 DTXSID50649802 DTXSID80573166 DTXSID40455555 DTXSID10857249 DTXSID00646467 DTXSID40332695 DTXSID50215001 DTXSID80370955 DTXSID70680272 DTXSID10470013
DTXSID20794979	DTXSID70477528 DTXSID90804832 DTXSID60149080 DTXSID20536553 DTXSID10892094 DTXSID50792261 DTXSID30433605 DTXSID60239677 DTXSID10347973 DTXSID20790537 DTXSID40341666 DTXSID00809999 DTXSID80341660 DTXSID60816720 DTXSID80615474 DTXSID40341661 DTXSID40767706 DTXSID30816737 DTXSID60340757 DTXSID40776631
DTXSID50312908	DTXSID60444502 DTXSID90489587 DTXSID20589302 DTXSID60456741 DTXSID10399659 DTXSID80676828 DTXSID20599022 DTXSID50427622 DTXSID20182216 DTXSID00857657 DTXSID50599959 DTXSID30857029 DTXSID00515240 DTXSID80625119 DTXSID30668051 DTXSID50190364 DTXSID70357679 DTXSID50358169 DTXSID90291526 DTXSID20542199
DTXSID00281357	DTXSID40616169 DTXSID10634214 DTXSID20765467 DTXSID90660374 DTXSID30174849 DTXSID10658374 DTXSID50304964 DTXSID60795809 DTXSID30704064 DTXSID70849943 DTXSID80345805 DTXSID00828564 DTXSID40211794 DTXSID30638436 DTXSID70670234 DTXSID30370420 DTXSID00744553 DTXSID20526914 DTXSID20642441 DTXSID70840859
DTXSID00852703	DTXSID50589754 DTXSID40510698 DTXSID80664725 DTXSID40435276 DTXSID20275490 DTXSID60201778 DTXSID30854114 DTXSID10672434 DTXSID30406531 DTXSID60228965 DTXSID10597118 DTXSID00487938 DTXSID50589734 DTXSID40430185 DTXSID30458691 DTXSID80463053 DTXSID30483862 DTXSID50646674 DTXSID6065052 DTXSID00410423
DTXSID60842544	DTXSID30556343 DTXSID50812918 DTXSID60211832 DTXSID20485153 DTXSID00278323 DTXSID20403231 DTXSID50335233 DTXSID50370902 DTXSID70589837 DTXSID80788253 DTXSID00705785 DTXSID00541362 DTXSID50436633 DTXSID20640866 DTXSID30479922 DTXSID10170304 DTXSID40811253 DTXSID60222746 DTXSID20445999 DTXSID50553950
DTXSID60378075	DTXSID1069453 DTXSID30284694 DTXSID70382865 DTXSID70388024 DTXSID20374336 DTXSID80497510 DTXSID00438283 DTXSID20788974 DTXSID70443223 DTXSID90276212 DTXSID70787391 DTXSID30388585 DTXSID1066104 DTXSID50233720 DTXSID90490436 DTXSID30384628 DTXSID20815911 DTXSID80561604 DTXSID10729917 DTXSID80819899
DTXSID00199488	DTXSID00514773 DTXSID50624417 DTXSID60693876 DTXSID80369485 DTXSID10347554 DTXSID30876912 DTXSID60831579 DTXSID00493059 DTXSID2061563 DTXSID3042269 DTXSID20656442 DTXSID10180100 DTXSID40802181 DTXSID60369483 DTXSID90695126 DTXSID80787403 DTXSID10806994 DTXSID50560644 DTXSID10837920 DTXSID80813559
DTXSID10794963	DTXSID60608662 DTXSID80488645 DTXSID50495023 DTXSID40707006 DTXSID90143531 DTXSID60462105 DTXSID40199366 DTXSID50709091 DTXSID50738205 DTXSID10332006 DTXSID10706283 DTXSID20285670 DTXSID30590308 DTXSID40596295 DTXSID50149857 DTXSID70771053 DTXSID90454396 DTXSID70465081 DTXSID50494990 DTXSID10343531
DTXSID70489489	DTXSID30207606 DTXSID70744343 DTXSID70456873 DTXSID10888412 DTXSID60291290 DTXSID20158431 DTXSID70152843 DTXSID10379299 DTXSID80364915 DTXSID70676812 DTXSID50415544 DTXSID30217881 DTXSID20476965 DTXSID80557643 DTXSID90150922 DTXSID40876064 DTXSID80173943 DTXSID20618065 DTXSID80211677 DTXSID70848471
DTXSID80431070	DTXSID70354880 DTXSID60877336 DTXSID20504116 DTXSID20734330 DTXSID70612250 DTXSID40212084 DTXSID70757352 DTXSID00767909 DTXSID10798188 DTXSID90570323 DTXSID20651114 DTXSID30593394 DTXSID50590385 DTXSID40315180 DTXSID60743481 DTXSID20642441 DTXSID90339654 DTXSID10784723 DTXSID70398406 DTXSID70840859
DTXSID90371170	DTXSID90841565 DTXSID00532750 DTXSID60193826 DTXSID70178265 DTXSID90295367 DTXSID90195772 DTXSID90284579 DTXSID20392196 DTXSID10708742 DTXSID30188123 DTXSID30557991 DTXSID70385937 DTXSID10696352 DTXSID40387802 DTXSID00585105 DTXSID40727163 DTXSID70615746 DTXSID00284580 DTXSID50351332 DTXSID90373013
DTXSID70354880	DTXSID80431070 DTXSID60877336 DTXSID20504116 DTXSID20734330 DTXSID10798188 DTXSID30593394 DTXSID70612250 DTXSID40212084 DTXSID00767909 DTXSID90339654 DTXSID70757352 DTXSID90570323 DTXSID20642441 DTXSID40315180 DTXSID70840859 DTXSID20651114 DTXSID30704004 DTXSID70398406 DTXSID50590385 DTXSID3052355
DTXSID50175070	DTXSID40187066 DTXSID70799737 DTXSID60658541 DTXSID20624146 DTXSID80335786 DTXSID90560906 DTXSID50198300 DTXSID70453201 DTXSID00816986 DTXSID50783538 DTXSID90820815 DTXSID00807834 DTXSID50632714 DTXSID70562362 DTXSID00325563 DTXSID40420900 DTXSID40762115 DTXSID20432905 DTXSID70724408 DTXSID40157103
DTXSID5051311	DTXSID10773617 DTXSID3051541 DTXSID70750186 DTXSID90823245 DTXSID70867364 DTXSID30827146 DTXSID90556268 DTXSID50343212 DTXSID30188729 DTXSID50288992 DTXSID60873939 DTXSID6044802 DTXSID80559561 DTXSID00887474 DTXSID40534975 DTXSID70177359 DTXSID1068807 DTXSID30336546 DTXSID10784127 DTXSID40873937
DTXSID10456251	DTXSID30446093 DTXSID60785886 DTXSID80169801 DTXSID10838811 DTXSID90755951 DTXSID60764858 DTXSID50340226 DTXSID20431170 DTXSID00391541 DTXSID40330590 DTXSID40574018 DTXSID40492324 DTXSID50457944 DTXSID90719593 DTXSID60599405 DTXSID40200784 DTXSID20557243 DTXSID20341866 DTXSID80604368 DTXSID00770579
DTXSID50710086	DTXSID80323663 DTXSID40874348 DTXSID60645895 DTXSID00318718 DTXSID90385934 DTXSID90758669 DTXSID30866797 DTXSID40619296 DTXSID10811386 DTXSID50821545 DTXSID90400696 DTXSID60443732 DTXSID10380522 DTXSID40196830 DTXSID10183595 DTXSID50771132 DTXSID00579983 DTXSID90768041 DTXSID80585325 DTXSID20316433
DTXSID90292492	DTXSID20288823 DTXSID30786582 DTXSID20844908 DTXSID50752865 DTXSID10431745 DTXSID80232084 DTXSID60463576 DTXSID60772473 DTXSID50820432 DTXSID40483015 DTXSID20840329 DTXSID60810940 DTXSID50234378 DTXSID80844909 DTXSID50191093 DTXSID10388942 DTXSID80694027 DTXSID00601051 DTXSID60715789 DTXSID3070418
DTXSID60550096	DTXSID70611081 DTXSID20645871 DTXSID80640201 DTXSID40407377 DTXSID20862849 DTXSID70647688 DTXSID20656366 DTXSID90486990 DTXSID80338176 DTXSID10733074 DTXSID50474550 DTXSID70708324 DTXSID20533542 DTXSID9065364 DTXSID00725605 DTXSID10519254 DTXSID60813077 DTXSID80299970 DTXSID40446064 DTXSID10452955
DTXSID00186358	DTXSID40354256 DTXSID50778944 DTXSID40371741 DTXSID30162665 DTXSID60427936 DTXSID00407818 DTXSID00619752 DTXSID10875781 DTXSID30462596 DTXSID80175922 DTXSID60503325 DTXSID80407659 DTXSID60588132 DTXSID00766437 DTXSID50383092 DTXSID20483593 DTXSID80496402 DTXSID10364029 DTXSID30596103 DTXSID30605128
DTXSID90175716	DTXSID50695324 DTXSID50473725 DTXSID00721127 DTXSID20456863 DTXSID20696449 DTXSID70190700 DTXSID40538579 DTXSID70357679 DTXSID20817016 DTXSID90734408 DTXSID60373409 DTXSID20633955 DTXSID60551149 DTXSID50531132 DTXSID00663573 DTXSID50358169 DTXSID20827933 DTXSID50599959 DTXSID80646728 DTXSID50427622
DTXSID00440826	DTXSID30641187 DTXSID00436880 DTXSID20603496 DTXSID90843903 DTXSID70742980 DTXSID30678498 DTXSID90397557 DTXSID70828995 DTXSID50490730 DTXSID70431468 DTXSID70309077 DTXSID60308998 DTXSID70506822 DTXSID80438903 DTXSID80495753 DTXSID10820291 DTXSID60425730 DTXSID60206102 DTXSID90501470 DTXSID10345656
DTXSID60243779	DTXSID10648912 DTXSID80284205 DTXSID6039685 DTXSID20594416 DTXSID00769261 DTXSID80821492 DTXSID50774446 DTXSID00853295 DTXSID30578202 DTXSID60561925 DTXSID70274817 DTXSID30593753 DTXSID60730634 DTXSID60191488 DTXSID00707845 DTXSID70781576 DTXSID0075027 DTXSID90554224 DTXSID8070417 DTXSID60146670
DTXSID70467883	DTXSID60611979 DTXSID20217653 DTXSID4063870 DTXSID00200462 DTXSID40286023 DTXSID30893008 DTXSID8034746 DTXSID00231493 DTXSID80599947 DTXSID80723124 DTXSID30815164 DTXSID20800625 DTXSID00337085 DTXSID70765270 DTXSID90199836 DTXSID10728622 DTXSID00750538 DTXSID80327409 DTXSID30234270 DTXSID40611977
DTXSID60533122	DTXSID10588026 DTXSID00373504 DTXSID40361622 DTXSID40146198 DTXSID9022237 DTXSID90529396 DTXSID00755265 DTXSID00667591 DTXSID90295286 DTXSID20633798 DTXSID30667261 DTXSID80177047 DTXSID10528447 DTXSID20501347 DTXSID40802984 DTXSID40228625 DTXSID70849443 DTXSID40398958 DTXSID40540738 DTXSID10707634
DTXSID80783627	DTXSID40759080 DTXSID20803095 DTXSID70713711 DTXSID10290430 DTXSID70348188 DTXSID50615143 DTXSID90339119 DTXSID80803096 DTXSID10718149 DTXSID70809204 DTXSID40763107 DTXSID2050035 DTXSID9041023 DTXSID10609947 DTXSID70761252 DTXSID10244236 DTXSID50790787 DTXSID40286902 DTXSID00292524 DTXSID20800625
DTXSID90286816	DTXSID80783304 DTXSID90533897 DTXSID40675236 DTXSID90816733 DTXSID40802964 DTXSID40773347 DTXSID30326104 DTXSID20535622 DTXSID10400032 DTXSID40838642 DTXSID50832151 DTXSID60813436 DTXSID30408717 DTXSID00819290 DTXSID50880672 DTXSID60749342 DTXSID00794972 DTXSID40455499 DTXSID30851466 DTXSID10605045
DTXSID10491980	DTXSID7023194 DTXSID70668075 DTXSID00854560 DTXSID40357580 DTXSID90205587 DTXSID20307184 DTXSID70283222 DTXSID80879397 DTXSID60320630 DTXSID20540610 DTXSID80395860 DTXSID50681040 DTXSID80349621 DTXSID00201055 DTXSID90405585 DTXSID10441041 DTXSID50760389 DTXSID60803872 DTXSID50896137 DTXSID90402498
DTXSID40625731	DTXSID50552024 DTXSID50454695 DTXSID70342626 DTXSID20566476 DTXSID80699370 DTXSID00781261 DTXSID40822687 DTXSID80611310 DTXSID10617229 DTXSID10515256 DTXSID20481190 DTXSID50650796 DTXSID80786658 DTXSID80364490 DTXSID60281853 DTXSID90805965 DTXSID00154719 DTXSID10448414 DTXSID40826463 DTXSID50282854
DTXSID10503052	DTXSID00461238 DTXSID80354876 DTXSID40879338 DTXSID70147895 DTXSID10430157 DTXSID10471025 DTXSID80620088 DTXSID70724089 DTXSID60626321 DTXSID70287543 DTXSID60470523 DTXSID50306463 DTXSID50697207 DTXSID30856991 DTXSID70185176 DTXSID20646803 DTXSID50818359 DTXSID6041769 DTXSID10732825 DTXSID40694588
DTXSID60532291	DTXSID00485015 DTXSID70584923 DTXSID80736618 DTXSID90185370 DTXSID40588413 DTXSID40181286 DTXSID40513381 DTXSID20485012 DTXSID60217359 DTXSID10474798 DTXSID10743870 DTXSID80180798 DTXSID70397570 DTXSID30452775 DTXSID60569264 DTXSID10826758 DTXSID80572891 DTXSID9021712 DTXSID20776795 DTXSID60856080
DTXSID90281846	DTXSID80322656 DTXSID90473840 DTXSID50462472 DTXSID3046166 DTXSID70439989 DTXSID10391810 DTXSID40286048 DTXSID70366685 DTXSID30551136 DTXSID40238805 DTXSID60822144 DTXSID00284505 DTXSID00351221 DTXSID40546452 DTXSID30466877 DTXSID50542425 DTXSID30369379 DTXSID10844876 DTXSID20400745 DTXSID30483862
DTXSID00176032	DTXSID60805533 DTXSID00204985 DTXSID00290363 DTXSID70150627 DTXSID00657073 DTXSID00474121 DTXSID20811357 DTXSID10425129 DTXSID20322453 DTXSID70846715 DTXSID10541414 DTXSID20416442 DTXSID90759338 DTXSID10634274 DTXSID70599390 DTXSID80612887 DTXSID60510635 DTXSID80395860 DTXSID20540610 DTXSID50147050
DTXSID10732825	DTXSID40694588 DTXSID50306463 DTXSID70287543 DTXSID50315419 DTXSID70805822 DTXSID80190337 DTXSID80729868 DTXSID80321321 DTXSID80620088 DTXSID80279131 DTXSID50437069 DTXSID60707765 DTXSID20770410 DTXSID40674183 DTXSID50412755 DTXSID10471025 DTXSID20406545 DTXSID90783198 DTXSID70185176 DTXSID00462982
DTXSID40199265	DTXSID60314594 DTXSID00213411 DTXSID70487026 DTXSID20344438 DTXSID30626050 DTXSID80239336 DTXSID30527250 DTXSID80554975 DTXSID50876373 DTXSID60335284 DTXSID40671632 DTXSID30222197 DTXSID40841656 DTXSID30571612 DTXSID50506067 DTXSID30324529 DTXSID50383239 DTXSID40228625 DTXSID10707634 DTXSID60196817
DTXSID10648912	DTXSID60243779 DTXSID80284205 DTXSID20594416 DTXSID00769261 DTXSID6039685 DTXSID80821492 DTXSID50774446 DTXSID00853295 DTXSID30578202 DTXSID30593753 DTXSID60561925 DTXSID70274817 DTXSID60730634 DTXSID60191488 DTXSID00707845 DTXSID70781576 DTXSID0075027 DTXSID90554224 DTXSID8070417 DTXSID60146670
DTXSID70447701	DTXSID40195121 DTXSID80354275 DTXSID00353104 DTXSID30561699 DTXSID40222542 DTXSID40462946 DTXSID40896121 DTXSID6020012 DTXSID80698227 DTXSID70446597 DTXSID60612426 DTXSID90402756 DTXSID70751113 DTXSID80639958 DTXSID30343058 DTXSID30401122 DTXSID60351601 DTXSID40551667 DTXSID50388582 DTXSID00664580
DTXSID90171839	DTXSID90231780 DTXSID70571398 DTXSID20501903 DTXSID00791224 DTXSID60437131 DTXSID30398023 DTXSID70201941 DTXSID20365502 DTXSID20408963 DTXSID30634539 DTXSID10221340 DTXSID40595309 DTXSID80407179 DTXSID10845828 DTXSID80209251 DTXSID30822737 DTXSID60621250 DTXSID50179351 DTXSID00219099 DTXSID20673533
DTXSID50395110	DTXSID30750945 DTXSID10408856 DTXSID20368295 DTXSID60536810 DTXSID40757309 DTXSID00559149 DTXSID30280974 DTXSID70744909 DTXSID20406141 DTXSID60340974 DTXSID70504686 DTXSID10483385 DTXSID50450930 DTXSID00566171 DTXSID60725101 DTXSID40390932 DTXSID00839751 DTXSID90698511 DTXSID00536894 DTXSID10727837
DTXSID90819865	DTXSID60381185 DTXSID70876072 DTXSID4068533 DTXSID70383670 DTXSID70618696 DTXSID20600723 DTXSID40693273 DTXSID10167254 DTXSID50290813 DTXSID30369516 DTXSID40751706 DTXSID80310179 DTXSID20739168 DTXSID90439542 DTXSID60651097 DTXSID00188155 DTXSID30234336 DTXSID90283648 DTXSID10647703 DTXSID60206102
DTXSID60675511	DTXSID50742746 DTXSID80405074 DTXSID60193508 DTXSID20721068 DTXSID30190943 DTXSID10537195 DTXSID70358808 DTXSID30242911 DTXSID50819321 DTXSID90321837 DTXSID00399320 DTXSID60720717 DTXSID30705071 DTXSID00879551 DTXSID10712182 DTXSID50696457 DTXSID50354888 DTXSID50879561 DTXSID60856924 DTXSID70445343
DTXSID20876603	DTXSID10669723 DTXSID00403214 DTXSID80562398 DTXSID50461349 DTXSID30497308 DTXSID10322225 DTXSID50731357 DTXSID20826289 DTXSID80534575 DTXSID00606586 DTXSID70393390 DTXSID10694474 DTXSID90808911 DTXSID50888532 DTXSID10673926 DTXSID30675003 DTXSID40738931 DTXSID70535950 DTXSID80836369 DTXSID80852645
DTXSID90646350	DTXSID8067602 DTXSID20345349 DTXSID40857535 DTXSID50346844 DTXSID90602855 DTXSID50633221 DTXSID40365226 DTXSID30837225 DTXSID00559664 DTXSID80648161 DTXSID70658234 DTXSID10646251 DTXSID30646758 DTXSID50729193 DTXSID20535420 DTXSID50733639 DTXSID40618345 DTXSID30370783 DTXSID00671936 DTXSID50212651
DTXSID30661047	DTXSID70666536 DTXSID10177934 DTXSID30694618 DTXSID70214273 DTXSID50187552 DTXSID50605887 DTXSID10856212 DTXSID80791540 DTXSID20580733 DTXSID40398938 DTXSID80302291 DTXSID90355415 DTXSID40319300 DTXSID90380868 DTXSID20624964 DTXSID70377413 DTXSID70177935 DTXSID70511118 DTXSID10371773 DTXSID10652953
DTXSID00710011	DTXSID90676839 DTXSID20576136 DTXSID20299454 DTXSID20352715 DTXSID50602750 DTXSID10668655 DTXSID90438530 DTXSID60885815 DTXSID40781189 DTXSID40508893 DTXSID00654103 DTXSID80727804 DTXSID00393727 DTXSID4020953 DTXSID80657117 DTXSID30279565 DTXSID20661910 DTXSID60498388 DTXSID80480467 DTXSID20739320
DTXSID30167650	DTXSID50400490 DTXSID10303695 DTXSID30226478 DTXSID80351481 DTXSID7070769 DTXSID30717210 DTXSID30743498 DTXSID70469908 DTXSID00876287 DTXSID40669115 DTXSID40743606 DTXSID20793821 DTXSID60734490 DTXSID20645255 DTXSID10517912 DTXSID70373576 DTXSID90598229 DTXSID80291373 DTXSID30708168 DTXSID90152845
DTXSID50711134	DTXSID40662929 DTXSID60240940 DTXSID40887211 DTXSID40840048 DTXSID90837201 DTXSID90711875 DTXSID70517256 DTXSID60790692 DTXSID30330387 DTXSID30575872 DTXSID20630782 DTXSID30867401 DTXSID40581323 DTXSID20363886 DTXSID40144795 DTXSID90440214 DTXSID90809145 DTXSID40741889 DTXSID1042659 DTXSID90148864
DTXSID10890999	DTXSID20197406 DTXSID90602057 DTXSID00826560 DTXSID40563189 DTXSID00629477 DTXSID60276143 DTXSID0067503 DTXSID60816366 DTXSID10202674 DTXSID00829132 DTXSID80278447 DTXSID9072527 DTXSID20242521 DTXSID80274202 DTXSID30429503 DTXSID00752951 DTXSID60780199 DTXSID80195024 DTXSID90709590 DTXSID10872659
DTXSID60598519	DTXSID50767959 DTXSID10712521 DTXSID80887654 DTXSID40880888 DTXSID00597728 DTXSID10711458 DTXSID70236576 DTXSID50823948 DTXSID90404977 DTXSID40707182 DTXSID9051741 DTXSID7070478 DTXSID90883243 DTXSID3042003 DTXSID60241194 DTXSID50753675 DTXSID50775251 DTXSID70762244 DTXSID3026564 DTXSID00543068
DTXSID40577867	DTXSID30454996 DTXSID10577576 DTXSID80553706 DTXSID50395812 DTXSID20716575 DTXSID60229255 DTXSID80452745 DTXSID40721469 DTXSID20455750 DTXSID20552238 DTXSID10206172 DTXSID60493474 DTXSID70328364 DTXSID40183664 DTXSID80613339 DTXSID00531485 DTXSID70177915 DTXSID50527777 DTXSID10669208 DTXSID80502759
DTXSID30454996	DTXSID80553706 DTXSID40577867 DTXSID50395812 DTXSID10577576 DTXSID80452745 DTXSID40721469 DTXSID20716575 DTXSID60493474 DTXSID60229255 DTXSID20455750 DTXSID70328364 DTXSID80613339 DTXSID10669208 DTXSID50527777 DTXSID10206172 DTXSID20552238 DTXSID40183664 DTXSID70177915 DTXSID20509883 DTXSID20722510
DTXSID90778569	DTXSID30235823 DTXSID70888756 DTXSID40677331 DTXSID00649599 DTXSID70717870 DTXSID9044293 DTXSID90572428 DTXSID90808911 DTXSID00292362 DTXSID50731357 DTXSID90821201 DTXSID10700887 DTXSID90330222 DTXSID0070784 DTXSID70592149 DTXSID20676403 DTXSID90328740 DTXSID40385343 DTXSID90850713 DTXSID80562398
DTXSID10770409	DTXSID10650979 DTXSID30733839 DTXSID50561535 DTXSID00513665 DTXSID20423292 DTXSID10573876 DTXSID80676848 DTXSID90879368 DTXSID10705413 DTXSID00428225 DTXSID10646857 DTXSID10181056 DTXSID40349703 DTXSID40623939 DTXSID40513705 DTXSID20187983 DTXSID80589606 DTXSID70680272 DTXSID30284199 DTXSID3063417
DTXSID10471782	DTXSID7041966 DTXSID70694495 DTXSID80338510 DTXSID10359354 DTXSID80595247 DTXSID60649297 DTXSID60835597 DTXSID20796933 DTXSID30493143 DTXSID60179988 DTXSID20682347 DTXSID00529488 DTXSID80449453 DTXSID00755240 DTXSID30701937 DTXSID00706676 DTXSID10772044 DTXSID90707096 DTXSID30431606 DTXSID10704628
DTXSID3068883	DTXSID70775273 DTXSID30336546 DTXSID90772825 DTXSID70327857 DTXSID30550028 DTXSID90556268 DTXSID80798099 DTXSID60325842 DTXSID30451107 DTXSID10418177 DTXSID20240441 DTXSID40781063 DTXSID50288992 DTXSID10337657 DTXSID1068807 DTXSID00770211 DTXSID90437669 DTXSID10773617 DTXSID50858831 DTXSID50576301
DTXSID90438530	DTXSID20299454 DTXSID80727804 DTXSID40781189 DTXSID30279565 DTXSID50602750 DTXSID40508893 DTXSID00383582 DTXSID00710011 DTXSID70148105 DTXSID80371649 DTXSID20236506 DTXSID20346371 DTXSID70579192 DTXSID60885815 DTXSID20576136 DTXSID30596103 DTXSID20352715 DTXSID00393727 DTXSID60319443 DTXSID90676839
DTXSID50817943	DTXSID70866998 DTXSID10534841 DTXSID90446892 DTXSID70459480 DTXSID10528548 DTXSID60471398 DTXSID90329454 DTXSID20621973 DTXSID30308349 DTXSID90547570 DTXSID20172071 DTXSID80434203 DTXSID6044648 DTXSID50318526 DTXSID80756533 DTXSID00577964 DTXSID20525381 DTXSID50527358 DTXSID40565486 DTXSID90656414
DTXSID50728580	DTXSID50793213 DTXSID90894031 DTXSID30411862 DTXSID00541322 DTXSID70303631 DTXSID50735552 DTXSID80756235 DTXSID60823116 DTXSID40373523 DTXSID70156705 DTXSID00400920 DTXSID30434995 DTXSID00699594 DTXSID70674691 DTXSID10310263 DTXSID50326520 DTXSID40439355 DTXSID10314887 DTXSID60813198 DTXSID20756234
DTXSID40244168	DTXSID20310830 DTXSID40282005 DTXSID90284776 DTXSID90608771 DTXSID00429853 DTXSID40551667 DTXSID10589058 DTXSID90548921 DTXSID00824708 DTXSID90234635 DTXSID80639958 DTXSID80666542 DTXSID90362083 DTXSID70742783 DTXSID70353797 DTXSID30524966 DTXSID30343058 DTXSID50280274 DTXSID50833365 DTXSID60466481
DTXSID00719266	DTXSID90529396 DTXSID70443026 DTXSID80554157 DTXSID9057680 DTXSID10144383 DTXSID90295286 DTXSID80451819 DTXSID20834965 DTXSID10829527 DTXSID80499756 DTXSID30354361 DTXSID50215283 DTXSID50277442 DTXSID40540738 DTXSID40802984 DTXSID60533122 DTXSID80540737 DTXSID40398958 DTXSID00864907 DTXSID90289180
DTXSID00295777	DTXSID80652703 DTXSID50430015 DTXSID70170840 DTXSID40540213 DTXSID20504696 DTXSID30506146 DTXSID60441415 DTXSID80681634 DTXSID90193935 DTXSID00322673 DTXSID90525914 DTXSID20602808 DTXSID70472139 DTXSID40624587 DTXSID60147440 DTXSID60668665 DTXSID80647316 DTXSID40427853 DTXSID40657471 DTXSID20317288
DTXSID40310175	DTXSID40225492 DTXSID80781567 DTXSID80664447 DTXSID30782766 DTXSID30465820 DTXSID60594132 DTXSID30279363 DTXSID10341552 DTXSID80635011 DTXSID90518144 DTXSID20292127 DTXSID8066347 DTXSID30279207 DTXSID10506866 DTXSID00604345 DTXSID70599390 DTXSID10589275 DTXSID60785200 DTXSID00223095 DTXSID60424546
DTXSID20239537	DTXSID60239536 DTXSID70676711 DTXSID80444665 DTXSID00463292 DTXSID2061480 DTXSID20522552 DTXSID80317547 DTXSID60390070 DTXSID80789447 DTXSID60294322 DTXSID10466491 DTXSID7044689 DTXSID00434109 DTXSID10828494 DTXSID80309280 DTXSID80675952 DTXSID90832034 DTXSID50610633 DTXSID90443725 DTXSID20566037
DTXSID20801152	DTXSID60432868 DTXSID8046791 DTXSID20640220 DTXSID90179198 DTXSID00357142 DTXSID80743286 DTXSID40504178 DTXSID40143485 DTXSID00651930 DTXSID60175329 DTXSID4065604 DTXSID70291822 DTXSID20569260 DTXSID70740461 DTXSID70603769 DTXSID6048096 DTXSID40511105 DTXSID70836550 DTXSID80615070 DTXSID40173409
DTXSID20311463	DTXSID50795277 DTXSID8066975 DTXSID10228793 DTXSID70598666 DTXSID10679943 DTXSID40876185 DTXSID90144927 DTXSID80591547 DTXSID40616866 DTXSID90149336 DTXSID10640052 DTXSID8064981 DTXSID40180239 DTXSID90441084 DTXSID00488329 DTXSID10774023 DTXSID40617191 DTXSID60694525 DTXSID90182581 DTXSID60395929
DTXSID30717210	DTXSID60734490 DTXSID00876287 DTXSID10517912 DTXSID70373576 DTXSID50628091 DTXSID10303695 DTXSID20793821 DTXSID20393249 DTXSID30167650 DTXSID7070769 DTXSID30226478 DTXSID80470843 DTXSID30422675 DTXSID90551056 DTXSID70469908 DTXSID30743498 DTXSID40713743 DTXSID10148321 DTXSID50361411 DTXSID50400490
DTXSID50738205	DTXSID70349170 DTXSID90454396 DTXSID90803582 DTXSID90143531 DTXSID10676997 DTXSID40891611 DTXSID70771053 DTXSID40614266 DTXSID10794963 DTXSID90310140 DTXSID90223180 DTXSID40199366 DTXSID40295377 DTXSID50290212 DTXSID10332006 DTXSID60608662 DTXSID70324861 DTXSID70465081 DTXSID50495023 DTXSID40707006
DTXSID40233512	DTXSID00372618 DTXSID10367292 DTXSID60177348 DTXSID30661188 DTXSID90585376 DTXSID90429206 DTXSID80296106 DTXSID30676515 DTXSID80449256 DTXSID70802775 DTXSID90344526 DTXSID80404426 DTXSID20742591 DTXSID8059007 DTXSID80597524 DTXSID10316220 DTXSID70585778 DTXSID40170039 DTXSID00555646 DTXSID20318558
DTXSID00748011	DTXSID10734783 DTXSID00442188 DTXSID00506799 DTXSID90380404 DTXSID00410983 DTXSID70762047 DTXSID3041297 DTXSID80381026 DTXSID20352412 DTXSID80813019 DTXSID70621009 DTXSID50600110 DTXSID00694049 DTXSID50153176 DTXSID40495597 DTXSID40278640 DTXSID40561645 DTXSID80237675 DTXSID70670057 DTXSID70695260
DTXSID10212470	DTXSID20718973 DTXSID90609682 DTXSID90429862 DTXSID30787852 DTXSID30537839 DTXSID60620389 DTXSID90479908 DTXSID00571407 DTXSID70401363 DTXSID30778189 DTXSID70173750 DTXSID30780828 DTXSID70695260 DTXSID00377461 DTXSID80336298 DTXSID90469167 DTXSID70876658 DTXSID90753952 DTXSID70212375 DTXSID90542803
DTXSID60365268	DTXSID20597482 DTXSID60454661 DTXSID40468009 DTXSID70721432 DTXSID70721134 DTXSID10181490 DTXSID50311390 DTXSID30748463 DTXSID80444004 DTXSID2024791 DTXSID30483483 DTXSID40446483 DTXSID60519461 DTXSID50378741 DTXSID60542759 DTXSID80742077 DTXSID90408576 DTXSID00546650 DTXSID70632195 DTXSID20500057
DTXSID10517078	DTXSID40650629 DTXSID60897039 DTXSID40393488 DTXSID00242185 DTXSID70488179 DTXSID90434118 DTXSID70318765 DTXSID60435793 DTXSID60714878 DTXSID20815799 DTXSID20802265 DTXSID90598229 DTXSID1041764 DTXSID90163234 DTXSID50303811 DTXSID10830875 DTXSID00822163 DTXSID80326235 DTXSID30708168 DTXSID10659285
DTXSID20618883	DTXSID10585474 DTXSID90640535 DTXSID50399335 DTXSID10160907 DTXSID70700803 DTXSID60486225 DTXSID30150880 DTXSID10724700 DTXSID40511105 DTXSID70733212 DTXSID30438498 DTXSID3059268 DTXSID40343822 DTXSID50561439 DTXSID20464706 DTXSID00423917 DTXSID80392859 DTXSID40173409 DTXSID90738966 DTXSID60849235
DTXSID70612013	DTXSID60497336 DTXSID20835977 DTXSID70284653 DTXSID90573096 DTXSID40481814 DTXSID70488750 DTXSID50640319 DTXSID30671323 DTXSID20403498 DTXSID10649722 DTXSID60340393 DTXSID00405935 DTXSID70825242 DTXSID20446421 DTXSID80776034 DTXSID50505318 DTXSID30301456 DTXSID10502681 DTXSID60207018 DTXSID2071025
DTXSID30583371	DTXSID80810068 DTXSID30583038 DTXSID70602333 DTXSID10496253 DTXSID60312176 DTXSID40679875 DTXSID30525913 DTXSID00446262 DTXSID70471682 DTXSID90596508 DTXSID70218155 DTXSID60415636 DTXSID30395390 DTXSID40207819 DTXSID90618219 DTXSID00409352 DTXSID40757804 DTXSID80640544 DTXSID30501474 DTXSID60621912
DTXSID60720717	DTXSID60856924 DTXSID90321837 DTXSID90507013 DTXSID50879561 DTXSID30350808 DTXSID00542450 DTXSID80405074 DTXSID60193508 DTXSID60675511 DTXSID30726443 DTXSID70358808 DTXSID30242911 DTXSID50819321 DTXSID10350624 DTXSID00897119 DTXSID50742746 DTXSID60707341 DTXSID40533943 DTXSID40200729 DTXSID60647298
DTXSID90885863	DTXSID20350337 DTXSID70534448 DTXSID40552518 DTXSID80641117 DTXSID30534449 DTXSID20528296 DTXSID70663580 DTXSID10820791 DTXSID20201895 DTXSID50565977 DTXSID20506014 DTXSID10634996 DTXSID6041501 DTXSID10525294 DTXSID10547456 DTXSID70367571 DTXSID70641121 DTXSID60533288 DTXSID50195879 DTXSID10534447
DTXSID40192433	DTXSID00727482 DTXSID10561314 DTXSID10633489 DTXSID60560913 DTXSID90379515 DTXSID10539896 DTXSID40756655 DTXSID00844643 DTXSID10845828 DTXSID30544482 DTXSID20673533 DTXSID50624255 DTXSID90369390 DTXSID60621250 DTXSID20599643 DTXSID80209251 DTXSID90473103 DTXSID10221340 DTXSID00355800 DTXSID40852686
DTXSID50483425	DTXSID00366512 DTXSID90447248 DTXSID70571818 DTXSID90562960 DTXSID10525618 DTXSID60764510 DTXSID20880720 DTXSID70527512 DTXSID70675643 DTXSID20580571 DTXSID30195034 DTXSID30799591 DTXSID30739033 DTXSID70580809 DTXSID90526623 DTXSID10436654 DTXSID70874477 DTXSID10580808 DTXSID00196816 DTXSID00523148
DTXSID30694012	DTXSID40880500 DTXSID8070960 DTXSID50828832 DTXSID20887799 DTXSID20173745 DTXSID10637361 DTXSID80752378 DTXSID70373192 DTXSID70317990 DTXSID60418021 DTXSID80768252 DTXSID80211511 DTXSID40286902 DTXSID90807484 DTXSID10720146 DTXSID50724507 DTXSID30158189 DTXSID10244236 DTXSID00707845 DTXSID10677181
DTXSID90349172	DTXSID00831917 DTXSID40831916 DTXSID50345554 DTXSID30447287 DTXSID00744412 DTXSID00596812 DTXSID90598663 DTXSID10394942 DTXSID20774958 DTXSID40489330 DTXSID20572976 DTXSID10607802 DTXSID60710239 DTXSID80407255 DTXSID70491880 DTXSID80181826 DTXSID00343681 DTXSID00879470 DTXSID50323554 DTXSID10177959
DTXSID90557492	DTXSID40159763 DTXSID70342469 DTXSID30482754 DTXSID90170084 DTXSID70591172 DTXSID60528538 DTXSID40640242 DTXSID00540491 DTXSID20641217 DTXSID30627320 DTXSID5062425 DTXSID90545091 DTXSID30441386 DTXSID10236494 DTXSID50609340 DTXSID40204681 DTXSID80459037 DTXSID50438652 DTXSID00850007 DTXSID90293828
DTXSID70567352	DTXSID80209251 DTXSID90734084 DTXSID20673533 DTXSID20346755 DTXSID10502308 DTXSID50580983 DTXSID20365502 DTXSID30398023 DTXSID00483778 DTXSID40481576 DTXSID70201941 DTXSID40595309 DTXSID80892809 DTXSID10221340 DTXSID30634539 DTXSID40296046 DTXSID80212043 DTXSID60762319 DTXSID40756655 DTXSID80671813
DTXSID20501903	DTXSID90231780 DTXSID70571398 DTXSID90171839 DTXSID00791224 DTXSID70201941 DTXSID50179351 DTXSID20408963 DTXSID80407179 DTXSID60621250 DTXSID40595309 DTXSID20365502 DTXSID60437131 DTXSID90653105 DTXSID50704142 DTXSID30398023 DTXSID10845828 DTXSID00219099 DTXSID50682193 DTXSID30634539 DTXSID30822737
DTXSID20188935	DTXSID20733565 DTXSID90675923 DTXSID10377573 DTXSID70585475 DTXSID20655571 DTXSID40436167 DTXSID40152835 DTXSID50853169 DTXSID90387731 DTXSID50283649 DTXSID50615385 DTXSID80380630 DTXSID60661651 DTXSID40673171 DTXSID70237664 DTXSID60550516 DTXSID50704006 DTXSID40896727 DTXSID70609605 DTXSID20284688
DTXSID30239664	DTXSID40581924 DTXSID90539798 DTXSID70592886 DTXSID70765735 DTXSID20468941 DTXSID90780526 DTXSID90443907 DTXSID20806607 DTXSID0046513 DTXSID90303673 DTXSID1070856 DTXSID60478428 DTXSID80217295 DTXSID40739943 DTXSID5074472 DTXSID80601635 DTXSID6066862 DTXSID80331586 DTXSID0068026 DTXSID60794897
DTXSID60526251	DTXSID50764246 DTXSID30388045 DTXSID40889316 DTXSID90381395 DTXSID40589743 DTXSID50757613 DTXSID50642439 DTXSID70421046 DTXSID10748022 DTXSID30595898 DTXSID30339597 DTXSID3052220 DTXSID70240254 DTXSID70848557 DTXSID40781200 DTXSID60441410 DTXSID90336082 DTXSID00774698 DTXSID60812404 DTXSID50726480
DTXSID30739033	DTXSID90447248 DTXSID00196816 DTXSID10436654 DTXSID20663055 DTXSID60764510 DTXSID90526623 DTXSID20580571 DTXSID10307355 DTXSID70580809 DTXSID10594844 DTXSID80715221 DTXSID50483425 DTXSID30195034 DTXSID70527512 DTXSID60738998 DTXSID20880720 DTXSID40701589 DTXSID00366512 DTXSID40722613 DTXSID00565689
DTXSID20848446	DTXSID30652637 DTXSID40289458 DTXSID90702268 DTXSID00651859 DTXSID20503528 DTXSID00418545 DTXSID7044764 DTXSID9025403 DTXSID80405872 DTXSID90877561 DTXSID20630368 DTXSID50642050 DTXSID90585831 DTXSID70223906 DTXSID20830144 DTXSID10481523 DTXSID00502372 DTXSID40325042 DTXSID10655924 DTXSID60307320
DTXSID80403237	DTXSID80846044 DTXSID20333044 DTXSID80316237 DTXSID60240364 DTXSID60827432 DTXSID20880987 DTXSID60465656 DTXSID90794628 DTXSID70607767 DTXSID30791999 DTXSID00881331 DTXSID60161040 DTXSID60896421 DTXSID50301019 DTXSID50836972 DTXSID30427322 DTXSID90436112 DTXSID00877198 DTXSID60896426 DTXSID60875812
DTXSID00640905	DTXSID00227710 DTXSID80737847 DTXSID70434611 DTXSID40216284 DTXSID60576635 DTXSID00403350 DTXSID10738746 DTXSID90316728 DTXSID9021394 DTXSID30646399 DTXSID20629893 DTXSID20730756 DTXSID60547421 DTXSID20376158 DTXSID50186363 DTXSID20580733 DTXSID0041773 DTXSID90434592 DTXSID70613267 DTXSID80647376
DTXSID90444015	DTXSID60400628 DTXSID40619211 DTXSID90452650 DTXSID90739716 DTXSID50812953 DTXSID20312470 DTXSID10195335 DTXSID60709284 DTXSID10371773 DTXSID10494698 DTXSID50576907 DTXSID20698160 DTXSID30194007 DTXSID70469226 DTXSID20624964 DTXSID80302291 DTXSID50696210 DTXSID00576553 DTXSID50592203 DTXSID50879364
DTXSID60824108	DTXSID40879479 DTXSID50591877 DTXSID00447198 DTXSID70832754 DTXSID40459811 DTXSID10396481 DTXSID20417717 DTXSID90481965 DTXSID30653902 DTXSID50332560 DTXSID20549406 DTXSID20734653 DTXSID60370650 DTXSID5051602 DTXSID00374011 DTXSID10541111 DTXSID40646486 DTXSID50849249 DTXSID60455951 DTXSID60587524
DTXSID80729287	DTXSID50528608 DTXSID50467720 DTXSID40705805 DTXSID60162739 DTXSID90809448 DTXSID00164439 DTXSID60641211 DTXSID40552058 DTXSID2051978 DTXSID50391273 DTXSID00303785 DTXSID00735688 DTXSID5059822 DTXSID00407575 DTXSID00438884 DTXSID80787827 DTXSID70569573 DTXSID30448451 DTXSID90353214 DTXSID60675172
DTXSID50179518	DTXSID30852256 DTXSID10301277 DTXSID20368194 DTXSID80710670 DTXSID90560729 DTXSID70873662 DTXSID50631606 DTXSID5070529 DTXSID10806398 DTXSID20605314 DTXSID80439612 DTXSID20834086 DTXSID50400551 DTXSID50697429 DTXSID70235529 DTXSID60739526 DTXSID60588576 DTXSID80560576 DTXSID50181656 DTXSID30371457
DTXSID40567809	DTXSID70734148 DTXSID9047095 DTXSID40588251 DTXSID60614763 DTXSID00175141 DTXSID80175942 DTXSID80365907 DTXSID20327483 DTXSID40351780 DTXSID00730714 DTXSID10696317 DTXSID70622516 DTXSID80161820 DTXSID9022100 DTXSID60172398 DTXSID50749917 DTXSID00673733 DTXSID80590055 DTXSID30308384 DTXSID90736028
DTXSID90515835	DTXSID80694683 DTXSID70302644 DTXSID40675519 DTXSID80726812 DTXSID60630226 DTXSID20556857 DTXSID60832561 DTXSID50803285 DTXSID20545827 DTXSID40165465 DTXSID50478391 DTXSID20301864 DTXSID60672065 DTXSID20342757 DTXSID80725148 DTXSID80598016 DTXSID00343944 DTXSID60856883 DTXSID30462975 DTXSID80810740
DTXSID30818574	DTXSID30313034 DTXSID00697813 DTXSID60695476 DTXSID70835922 DTXSID30757297 DTXSID60368299 DTXSID90182288 DTXSID90578445 DTXSID50404332 DTXSID80577280 DTXSID30201705 DTXSID90624976 DTXSID30632272 DTXSID70642456 DTXSID70379053 DTXSID40786316 DTXSID20450149 DTXSID50680679 DTXSID80402341 DTXSID60209350
DTXSID30741914	DTXSID50751474 DTXSID30664371 DTXSID40743606 DTXSID90732424 DTXSID80156493 DTXSID20430688 DTXSID00551289 DTXSID50394522 DTXSID50400490 DTXSID7070769 DTXSID60446788 DTXSID70350342 DTXSID1046506 DTXSID40615596 DTXSID90152845 DTXSID30227566 DTXSID50356327 DTXSID70487647 DTXSID30743498 DTXSID20645255
DTXSID10512361	DTXSID90826195 DTXSID00500111 DTXSID80626000 DTXSID90338627 DTXSID50867463 DTXSID70349498 DTXSID10492816 DTXSID50764246 DTXSID80651337 DTXSID50340887 DTXSID60368274 DTXSID20829639 DTXSID30595898 DTXSID00425996 DTXSID90440375 DTXSID50196164 DTXSID60526251 DTXSID30388045 DTXSID10801303 DTXSID90558984
DTXSID70845046	DTXSID80207111 DTXSID40640949 DTXSID30289801 DTXSID30597074 DTXSID10312106 DTXSID30817789 DTXSID40319825 DTXSID70512266 DTXSID80610161 DTXSID80210322 DTXSID30199991 DTXSID40780334 DTXSID70709755 DTXSID50178682 DTXSID50172963 DTXSID40368631 DTXSID00406543 DTXSID40543961 DTXSID90640813 DTXSID40598698
DTXSID10238155	DTXSID10609068 DTXSID30315977 DTXSID10610316 DTXSID10560827 DTXSID60179903 DTXSID40563927 DTXSID70277929 DTXSID80655517 DTXSID80596936 DTXSID20797460 DTXSID30757277 DTXSID70377711 DTXSID70352922 DTXSID50434311 DTXSID30199118 DTXSID90187117 DTXSID70483129 DTXSID70548464 DTXSID50493443 DTXSID80649890
DTXSID10872659	DTXSID60780199 DTXSID60242747 DTXSID60276143 DTXSID40613991 DTXSID90763152 DTXSID00829132 DTXSID00629477 DTXSID60775681 DTXSID40563189 DTXSID0067503 DTXSID80274202 DTXSID9072527 DTXSID30429503 DTXSID20197406 DTXSID20242521 DTXSID60816366 DTXSID50507599 DTXSID10202674 DTXSID00234146 DTXSID70797955
DTXSID90464773	DTXSID30656776 DTXSID60816588 DTXSID40759388 DTXSID50296299 DTXSID80763106 DTXSID70809300 DTXSID90656414 DTXSID80206381 DTXSID60448429 DTXSID80159287 DTXSID30674854 DTXSID30544962 DTXSID70880654 DTXSID00732511 DTXSID80434203 DTXSID90718102 DTXSID60881211 DTXSID00816845 DTXSID90819188 DTXSID00655190
DTXSID10504807	DTXSID70522562 DTXSID00162036 DTXSID90665021 DTXSID30322383 DTXSID90171935 DTXSID30434511 DTXSID00842240 DTXSID40766279 DTXSID10403129 DTXSID90561074 DTXSID20475594 DTXSID00428720 DTXSID70359411 DTXSID40226601 DTXSID60831938 DTXSID10440059 DTXSID10564320 DTXSID50604052 DTXSID60407056 DTXSID00333421
DTXSID60402369	DTXSID70158284 DTXSID40378694 DTXSID30589813 DTXSID10489948 DTXSID20479512 DTXSID50568201 DTXSID00805870 DTXSID50363339 DTXSID60820125 DTXSID10569931 DTXSID40724415 DTXSID90667540 DTXSID90456951 DTXSID00553187 DTXSID50187390 DTXSID80772798 DTXSID90829020 DTXSID00323882 DTXSID00303922 DTXSID70594865
DTXSID50725615	DTXSID40806821 DTXSID90373013 DTXSID30202090 DTXSID40717226 DTXSID40561387 DTXSID00826525 DTXSID30375511 DTXSID30188123 DTXSID00585105 DTXSID20405250 DTXSID60879315 DTXSID80170790 DTXSID00703665 DTXSID60193826 DTXSID80698888 DTXSID70178265 DTXSID70368043 DTXSID40295776 DTXSID50351332 DTXSID90284579
DTXSID90337312	DTXSID90506460 DTXSID70353035 DTXSID20324558 DTXSID50427945 DTXSID40513705 DTXSID00428225 DTXSID50589017 DTXSID00143623 DTXSID70488816 DTXSID20667790 DTXSID50590582 DTXSID60396875 DTXSID60668726 DTXSID50561535 DTXSID00372794 DTXSID90388288 DTXSID30607723 DTXSID30175614 DTXSID40749345 DTXSID10215002
DTXSID80626181	DTXSID10753257 DTXSID60695037 DTXSID80293478 DTXSID80482123 DTXSID40407716 DTXSID80573368 DTXSID40671112 DTXSID20580753 DTXSID20382350 DTXSID90646895 DTXSID90331274 DTXSID50170020 DTXSID90162424 DTXSID8060298 DTXSID90613289 DTXSID40432169 DTXSID70489803 DTXSID20646308 DTXSID30583295 DTXSID10336307
DTXSID30375718	DTXSID80158139 DTXSID00635871 DTXSID50597137 DTXSID40663259 DTXSID10614374 DTXSID20318553 DTXSID00349547 DTXSID90670418 DTXSID80364511 DTXSID50768289 DTXSID90437447 DTXSID10705317 DTXSID5067392 DTXSID70554161 DTXSID50190425 DTXSID50369997 DTXSID10815440 DTXSID20669517 DTXSID70172723 DTXSID0025442
DTXSID40404068	DTXSID80668581 DTXSID10711857 DTXSID50558329 DTXSID70283005 DTXSID30649502 DTXSID00485176 DTXSID90748989 DTXSID60769580 DTXSID00182971 DTXSID40856184 DTXSID40483116 DTXSID70364525 DTXSID40857297 DTXSID50191730 DTXSID80238203 DTXSID50807309 DTXSID50151738 DTXSID10837763 DTXSID50660774 DTXSID60206622
DTXSID40795125	DTXSID70599118 DTXSID30198484 DTXSID30372484 DTXSID50496494 DTXSID20486403 DTXSID90296834 DTXSID3057692 DTXSID90651202 DTXSID20838140 DTXSID50483384 DTXSID20671716 DTXSID50464411 DTXSID60757260 DTXSID60199601 DTXSID50727174 DTXSID80453838 DTXSID90483020 DTXSID30288293 DTXSID10180923 DTXSID10713593
DTXSID10609947	DTXSID70710346 DTXSID70761252 DTXSID2050035 DTXSID60675950 DTXSID9041023 DTXSID20834925 DTXSID50790787 DTXSID70348188 DTXSID90807484 DTXSID70769793 DTXSID00292524 DTXSID60418021 DTXSID80634549 DTXSID80783627 DTXSID40163668 DTXSID30158189 DTXSID40286902 DTXSID70809204 DTXSID10637361 DTXSID2070421
DTXSID50737298	DTXSID50486638 DTXSID90657128 DTXSID90788966 DTXSID00712717 DTXSID80199027 DTXSID80370950 DTXSID10660230 DTXSID0059114 DTXSID50798788 DTXSID10841668 DTXSID50635109 DTXSID20292960 DTXSID80647316 DTXSID90193935 DTXSID30217321 DTXSID90385338 DTXSID0069705 DTXSID00678940 DTXSID90525914 DTXSID60857299
DTXSID00292206	DTXSID30818135 DTXSID90303658 DTXSID40516559 DTXSID90301614 DTXSID10734102 DTXSID40309307 DTXSID90352964 DTXSID40278382 DTXSID40664842 DTXSID80563204 DTXSID70288813 DTXSID60408361 DTXSID70365476 DTXSID90290453 DTXSID10606431 DTXSID40757627 DTXSID40309645 DTXSID80724191 DTXSID50210571 DTXSID20391366
DTXSID10477784	DTXSID20857497 DTXSID20457279 DTXSID00646467 DTXSID20579162 DTXSID80681992 DTXSID50515836 DTXSID50726783 DTXSID70415420 DTXSID40499454 DTXSID10470013 DTXSID10693482 DTXSID80733763 DTXSID10436811 DTXSID70455785 DTXSID20708778 DTXSID80211218 DTXSID80598016 DTXSID60734410 DTXSID00501648 DTXSID30480932
DTXSID80668768	DTXSID60697410 DTXSID20200787 DTXSID40682127 DTXSID60519360 DTXSID30332861 DTXSID3061920 DTXSID60428307 DTXSID30870975 DTXSID40693334 DTXSID90145474 DTXSID10214196 DTXSID40143485 DTXSID20212729 DTXSID30805747 DTXSID00452565 DTXSID4047541 DTXSID00171840 DTXSID20241751 DTXSID70836550 DTXSID40392951
DTXSID30730989	DTXSID50750765 DTXSID90220432 DTXSID00748374 DTXSID50188948 DTXSID00289651 DTXSID60708676 DTXSID00834569 DTXSID20563228 DTXSID50572782 DTXSID60704451 DTXSID30848932 DTXSID40413276 DTXSID50768805 DTXSID20627031 DTXSID20762693 DTXSID40763243 DTXSID70784865 DTXSID10851661 DTXSID60520198 DTXSID60188550
DTXSID00762277	DTXSID30427584 DTXSID40495138 DTXSID20589741 DTXSID40280460 DTXSID20741908 DTXSID10705776 DTXSID40575409 DTXSID80637712 DTXSID50630316 DTXSID30356901 DTXSID70214475 DTXSID50601960 DTXSID10816412 DTXSID80418427 DTXSID50627988 DTXSID20189700 DTXSID50739813 DTXSID80226706 DTXSID80172734 DTXSID50454276
DTXSID80450049	DTXSID60833316 DTXSID20790592 DTXSID50397735 DTXSID20352992 DTXSID90293308 DTXSID70506822 DTXSID50708403 DTXSID90400712 DTXSID20697239 DTXSID00858129 DTXSID90509411 DTXSID00513140 DTXSID10512301 DTXSID20603496 DTXSID10388588 DTXSID30747895 DTXSID70170209 DTXSID80757646 DTXSID90620534 DTXSID00739949
DTXSID10301277	DTXSID30852256 DTXSID90560729 DTXSID50179518 DTXSID5070529 DTXSID80710670 DTXSID10806398 DTXSID50310520 DTXSID50400551 DTXSID70873662 DTXSID50631606 DTXSID20368194 DTXSID50409029 DTXSID90435044 DTXSID30371457 DTXSID60622580 DTXSID60739526 DTXSID60875796 DTXSID30361752 DTXSID80560576 DTXSID70235529
DTXSID30188729	DTXSID30827146 DTXSID90823245 DTXSID3051541 DTXSID80559561 DTXSID10773617 DTXSID5051311 DTXSID50343212 DTXSID20242521 DTXSID70750186 DTXSID60873939 DTXSID90556268 DTXSID70867364 DTXSID6044802 DTXSID40534975 DTXSID9072527 DTXSID0067503 DTXSID00829132 DTXSID40613991 DTXSID1068807 DTXSID30281663
DTXSID50667248	DTXSID90805440 DTXSID50467346 DTXSID70471389 DTXSID90647221 DTXSID70221568 DTXSID20778436 DTXSID40374030 DTXSID40450409 DTXSID40674183 DTXSID70820898 DTXSID40168219 DTXSID50345014 DTXSID90313636 DTXSID40430266 DTXSID20439297 DTXSID30311595 DTXSID30176540 DTXSID60823939 DTXSID50437069 DTXSID70710422
DTXSID00649993	DTXSID70805004 DTXSID20607676 DTXSID70364282 DTXSID90476876 DTXSID10668938 DTXSID20516936 DTXSID50418656 DTXSID70631249 DTXSID70856415 DTXSID80600426 DTXSID90389316 DTXSID40459179 DTXSID30280217 DTXSID60319443 DTXSID70579192 DTXSID50374021 DTXSID40509345 DTXSID80696107 DTXSID40334412 DTXSID40528157
DTXSID40606308	DTXSID70434232 DTXSID90850713 DTXSID00452641 DTXSID60667653 DTXSID20593303 DTXSID40450924 DTXSID90151732 DTXSID90330222 DTXSID40325507 DTXSID10700887 DTXSID90572428 DTXSID20676403 DTXSID80162079 DTXSID30631669 DTXSID20835432 DTXSID9044293 DTXSID50297443 DTXSID10303190 DTXSID40721964 DTXSID10694474
DTXSID20242945	DTXSID10824153 DTXSID50782980 DTXSID60872285 DTXSID50767838 DTXSID7072040 DTXSID20755202 DTXSID20181421 DTXSID30710786 DTXSID90759777 DTXSID80761743 DTXSID20544754 DTXSID60775681 DTXSID10699585 DTXSID50507599 DTXSID10511157 DTXSID30429503 DTXSID10767839 DTXSID10202674 DTXSID60816366 DTXSID80274202
DTXSID30827146	DTXSID90823245 DTXSID30188729 DTXSID10773617 DTXSID5051311 DTXSID3051541 DTXSID70867364 DTXSID90556268 DTXSID70750186 DTXSID80559561 DTXSID50343212 DTXSID60873939 DTXSID6044802 DTXSID40534975 DTXSID50288992 DTXSID1068807 DTXSID20242521 DTXSID00887474 DTXSID30550028 DTXSID80553504 DTXSID40873937
DTXSID40392471	DTXSID00317504 DTXSID40300233 DTXSID20352578 DTXSID60580712 DTXSID20170794 DTXSID60148593 DTXSID70212037 DTXSID60188272 DTXSID40532698 DTXSID10277741 DTXSID50328600 DTXSID70757958 DTXSID40756958 DTXSID30621282 DTXSID30195973 DTXSID30450579 DTXSID10755897 DTXSID00694544 DTXSID10488012 DTXSID50421524
DTXSID30557279	DTXSID10456716 DTXSID10659982 DTXSID50748066 DTXSID30368908 DTXSID60600166 DTXSID20444028 DTXSID90344400 DTXSID20742359 DTXSID20832224 DTXSID40468084 DTXSID10430339 DTXSID90722587 DTXSID20635878 DTXSID80375703 DTXSID70886212 DTXSID50704445 DTXSID00429333 DTXSID80668364 DTXSID30797451 DTXSID3057729
DTXSID70395576	DTXSID80481954 DTXSID20424946 DTXSID40734716 DTXSID80397783 DTXSID00154815 DTXSID20799641 DTXSID50350724 DTXSID90892294 DTXSID50659820 DTXSID20603350 DTXSID10167355 DTXSID10782168 DTXSID90317432 DTXSID20316332 DTXSID70896038 DTXSID70589332 DTXSID60553360 DTXSID00359060 DTXSID20282922 DTXSID50484710
DTXSID70594608	DTXSID80612226 DTXSID90581772 DTXSID10560963 DTXSID30666870 DTXSID40722214 DTXSID60227615 DTXSID50671709 DTXSID50392846 DTXSID70315976 DTXSID80344898 DTXSID00657250 DTXSID00623359 DTXSID70629489 DTXSID70621620 DTXSID50286771 DTXSID60774114 DTXSID70572300 DTXSID7046388 DTXSID20817016 DTXSID40463312
DTXSID70770268	DTXSID30592145 DTXSID80720234 DTXSID00719322 DTXSID00844946 DTXSID40303729 DTXSID40431657 DTXSID50853381 DTXSID50515371 DTXSID00225190 DTXSID40510597 DTXSID90737919 DTXSID90675241 DTXSID40833839 DTXSID00750356 DTXSID60694484 DTXSID80531423 DTXSID90334149 DTXSID80830084 DTXSID90509214 DTXSID40143001
DTXSID00410423	DTXSID30458691 DTXSID70591854 DTXSID70671600 DTXSID30483862 DTXSID60228965 DTXSID50801589 DTXSID90473481 DTXSID10314701 DTXSID30714365 DTXSID40211577 DTXSID20370717 DTXSID50226213 DTXSID40435276 DTXSID60822144 DTXSID10844876 DTXSID00351221 DTXSID1044514 DTXSID10391810 DTXSID30854114 DTXSID80554975
DTXSID40194558	DTXSID90445805 DTXSID80558271 DTXSID50662359 DTXSID80442686 DTXSID80631275 DTXSID20327009 DTXSID90759338 DTXSID20151705 DTXSID20798412 DTXSID20416442 DTXSID40415679 DTXSID40617934 DTXSID40773983 DTXSID10199636 DTXSID10579717 DTXSID10672792 DTXSID80324357 DTXSID60325125 DTXSID30144305 DTXSID20811357
DTXSID50668230	DTXSID80287832 DTXSID50696336 DTXSID50733073 DTXSID2040280 DTXSID70582525 DTXSID50724466 DTXSID60658369 DTXSID70433583 DTXSID2026602 DTXSID5052387 DTXSID20877337 DTXSID60806661 DTXSID80484561 DTXSID10852996 DTXSID40209676 DTXSID90524068 DTXSID40440103 DTXSID90189358 DTXSID0052388 DTXSID00754490
DTXSID60621912	DTXSID20886101 DTXSID60616843 DTXSID90596508 DTXSID30413629 DTXSID70471682 DTXSID0058514 DTXSID60318532 DTXSID70602333 DTXSID80337720 DTXSID80810068 DTXSID30583038 DTXSID20833716 DTXSID40328396 DTXSID60374335 DTXSID10597653 DTXSID10832697 DTXSID70480092 DTXSID70484651 DTXSID30501474 DTXSID3068126
DTXSID70370146	DTXSID9069007 DTXSID20809198 DTXSID90309877 DTXSID70748200 DTXSID60437297 DTXSID80584131 DTXSID60701102 DTXSID80184812 DTXSID30874892 DTXSID60725848 DTXSID40724874 DTXSID40562677 DTXSID10402758 DTXSID40385722 DTXSID80548314 DTXSID10166383 DTXSID30320263 DTXSID20394317 DTXSID10426095 DTXSID1023233
DTXSID80634847	DTXSID60697394 DTXSID00200205 DTXSID30418917 DTXSID20585925 DTXSID70676397 DTXSID20415915 DTXSID40549529 DTXSID90762483 DTXSID00356670 DTXSID80679718 DTXSID10696599 DTXSID20622086 DTXSID20172415 DTXSID70354901 DTXSID20666384 DTXSID70299444 DTXSID50601344 DTXSID70730968 DTXSID00467412 DTXSID9068904
DTXSID80764310	DTXSID80657910 DTXSID10244236 DTXSID10720146 DTXSID90339119 DTXSID80803096 DTXSID70373192 DTXSID20173745 DTXSID40286902 DTXSID80853470 DTXSID50828832 DTXSID20803095 DTXSID90706463 DTXSID50724507 DTXSID40759080 DTXSID00301524 DTXSID70570841 DTXSID2050035 DTXSID00804166 DTXSID30831682 DTXSID40763107
DTXSID80496604	DTXSID60729604 DTXSID30295169 DTXSID70341891 DTXSID20303686 DTXSID10727791 DTXSID90669564 DTXSID70385795 DTXSID40511640 DTXSID30505119 DTXSID40729122 DTXSID00472607 DTXSID80738773 DTXSID80589606 DTXSID50238654 DTXSID00567946 DTXSID80730651 DTXSID90159298 DTXSID10181056 DTXSID80292143 DTXSID20324255
DTXSID80554975	DTXSID00284505 DTXSID60196817 DTXSID70487026 DTXSID80799980 DTXSID20344438 DTXSID80533624 DTXSID40821998 DTXSID30551136 DTXSID70366685 DTXSID00351221 DTXSID40238805 DTXSID40211577 DTXSID00213411 DTXSID70317677 DTXSID60822144 DTXSID90473481 DTXSID30626050 DTXSID80322656 DTXSID90473840 DTXSID30483862
DTXSID0035748	DTXSID00738098 DTXSID70447286 DTXSID10788827 DTXSID10433567 DTXSID30290033 DTXSID20657292 DTXSID70637802 DTXSID30790846 DTXSID10739314 DTXSID30460633 DTXSID90845265 DTXSID10661722 DTXSID10175637 DTXSID80444347 DTXSID10212011 DTXSID50455440 DTXSID90763758 DTXSID50682239 DTXSID60344396 DTXSID30651367
DTXSID70193337	DTXSID30580148 DTXSID50660118 DTXSID20184699 DTXSID60294322 DTXSID30705071 DTXSID70642537 DTXSID90475203 DTXSID60159886 DTXSID00465357 DTXSID10712182 DTXSID10174660 DTXSID20578554 DTXSID40638942 DTXSID90832034 DTXSID90731876 DTXSID40477959 DTXSID30562621 DTXSID80740972 DTXSID50696457 DTXSID50510164
DTXSID10857249	DTXSID70722227 DTXSID90285046 DTXSID60145820 DTXSID40699437 DTXSID10371632 DTXSID50429722 DTXSID40332695 DTXSID80295533 DTXSID10632992 DTXSID70680272 DTXSID10705413 DTXSID3063417 DTXSID00501648 DTXSID90300187 DTXSID10557050 DTXSID50649802 DTXSID80211218 DTXSID00646467 DTXSID50518509 DTXSID80370955
DTXSID20173321	DTXSID40439936 DTXSID10338821 DTXSID30453383 DTXSID2022127 DTXSID30451647 DTXSID40181084 DTXSID70762224 DTXSID50778843 DTXSID50342467 DTXSID10626775 DTXSID90275088 DTXSID4074271 DTXSID60656901 DTXSID70532929 DTXSID40390654 DTXSID00787167 DTXSID90527776 DTXSID70286738 DTXSID50220236 DTXSID90399273
DTXSID70329513	DTXSID20302371 DTXSID70851288 DTXSID60801696 DTXSID30647583 DTXSID80436722 DTXSID50838375 DTXSID90787090 DTXSID00153661 DTXSID20894140 DTXSID40823492 DTXSID30773912 DTXSID90436112 DTXSID00314351 DTXSID30826654 DTXSID90241283 DTXSID10814352 DTXSID00881331 DTXSID30198141 DTXSID40319789 DTXSID60465656
DTXSID40191628	DTXSID10393859 DTXSID10569991 DTXSID30342248 DTXSID70751774 DTXSID60239672 DTXSID10834858 DTXSID50640470 DTXSID60481972 DTXSID00478189 DTXSID50165719 DTXSID70447645 DTXSID30407987 DTXSID40503843 DTXSID1025693 DTXSID7067401 DTXSID50306004 DTXSID00600140 DTXSID20891139 DTXSID80673756 DTXSID00501264
DTXSID60809374	DTXSID80588290 DTXSID90755017 DTXSID10850376 DTXSID70425867 DTXSID00317766 DTXSID30729499 DTXSID30589373 DTXSID60694580 DTXSID20424284 DTXSID80620169 DTXSID10642415 DTXSID50196028 DTXSID30675508 DTXSID10606552 DTXSID40596295 DTXSID20660908 DTXSID60277534 DTXSID80608826 DTXSID60462105 DTXSID50160981
DTXSID10321834	DTXSID00731302 DTXSID70853323 DTXSID10441041 DTXSID70667604 DTXSID80879397 DTXSID60164793 DTXSID90629749 DTXSID80613172 DTXSID20417959 DTXSID40357580 DTXSID2071071 DTXSID20307184 DTXSID60598918 DTXSID40358239 DTXSID90205587 DTXSID20754836 DTXSID30843644 DTXSID80552613 DTXSID10169758 DTXSID90405585
DTXSID80303223	DTXSID50873509 DTXSID50403123 DTXSID40857631 DTXSID60835436 DTXSID40538579 DTXSID90494676 DTXSID80646728 DTXSID20827933 DTXSID90705153 DTXSID30780308 DTXSID20456863 DTXSID70452133 DTXSID20180474 DTXSID60373409 DTXSID90748782 DTXSID50473725 DTXSID50358169 DTXSID50695420 DTXSID40360872 DTXSID40496120
DTXSID70592609	DTXSID20628588 DTXSID20379503 DTXSID90609465 DTXSID50694418 DTXSID10610179 DTXSID40700158 DTXSID10516208 DTXSID90544741 DTXSID80765908 DTXSID00604183 DTXSID30184524 DTXSID30278139 DTXSID90209343 DTXSID10866598 DTXSID50742468 DTXSID90499161 DTXSID00315606 DTXSID20797081 DTXSID00681570 DTXSID50788144
DTXSID20602303	DTXSID90816713 DTXSID50297620 DTXSID50816158 DTXSID10531254 DTXSID90470157 DTXSID8073637 DTXSID50177630 DTXSID70799712 DTXSID90778665 DTXSID00290247 DTXSID90767918 DTXSID00787167 DTXSID4074271 DTXSID00442688 DTXSID80791444 DTXSID40181084 DTXSID60287734 DTXSID90399273 DTXSID70562488 DTXSID40576875
DTXSID70589478	DTXSID00559806 DTXSID00393560 DTXSID60710254 DTXSID90733219 DTXSID20277151 DTXSID50321732 DTXSID80275653 DTXSID20288681 DTXSID10600595 DTXSID70299409 DTXSID00362579 DTXSID3068126 DTXSID80557042 DTXSID60657039 DTXSID60835815 DTXSID20453973 DTXSID80753441 DTXSID50388749 DTXSID30671560 DTXSID70288277
DTXSID70475029	DTXSID10781712 DTXSID10175430 DTXSID20390213 DTXSID00528794 DTXSID60885395 DTXSID10737734 DTXSID30384628 DTXSID30481989 DTXSID00604441 DTXSID30777990 DTXSID30209347 DTXSID80503842 DTXSID80561604 DTXSID60786631 DTXSID80323385 DTXSID50610431 DTXSID60228324 DTXSID90790605 DTXSID30813044 DTXSID50696790
DTXSID50682239	DTXSID90845265 DTXSID50455440 DTXSID70835068 DTXSID70606674 DTXSID60344396 DTXSID10463425 DTXSID80618687 DTXSID60363224 DTXSID50354606 DTXSID70637802 DTXSID80229196 DTXSID90395215 DTXSID40551980 DTXSID70667260 DTXSID00408825 DTXSID30651367 DTXSID50278717 DTXSID90741551 DTXSID90763758 DTXSID70447286
DTXSID80585325	DTXSID50451245 DTXSID90758669 DTXSID80516331 DTXSID30234871 DTXSID30866797 DTXSID40196830 DTXSID00772053 DTXSID60281959 DTXSID60501402 DTXSID40359221 DTXSID50874359 DTXSID60402203 DTXSID30600178 DTXSID40874348 DTXSID20790370 DTXSID60645895 DTXSID00318718 DTXSID70383372 DTXSID50637522 DTXSID80578838
DTXSID30596103	DTXSID00619752 DTXSID60427936 DTXSID10875781 DTXSID60885815 DTXSID20236506 DTXSID20661910 DTXSID4020953 DTXSID90438530 DTXSID60646468 DTXSID00186358 DTXSID00383582 DTXSID40354256 DTXSID80371649 DTXSID50602750 DTXSID40371741 DTXSID20299454 DTXSID00710011 DTXSID50608176 DTXSID70148105 DTXSID30162665
DTXSID50458315	DTXSID10659745 DTXSID00154719 DTXSID20290527 DTXSID90480155 DTXSID70444013 DTXSID80640322 DTXSID30392965 DTXSID80856784 DTXSID90805965 DTXSID20579647 DTXSID80480689 DTXSID50473745 DTXSID90316182 DTXSID00734893 DTXSID50421640 DTXSID50441368 DTXSID50454695 DTXSID50597576 DTXSID30634231 DTXSID80241550
DTXSID90406719	DTXSID80563209 DTXSID40478209 DTXSID10646413 DTXSID40517460 DTXSID80356057 DTXSID80516730 DTXSID80627158 DTXSID60578412 DTXSID30371053 DTXSID80733081 DTXSID90370966 DTXSID60561849 DTXSID60469614 DTXSID80304336 DTXSID00646220 DTXSID00857591 DTXSID30620215 DTXSID80732155 DTXSID90319299 DTXSID90693208
DTXSID50430015	DTXSID40540213 DTXSID60441415 DTXSID60668665 DTXSID20602808 DTXSID70170840 DTXSID40427853 DTXSID00295777 DTXSID10645305 DTXSID20504696 DTXSID90193935 DTXSID80284285 DTXSID40657471 DTXSID70472139 DTXSID80647316 DTXSID20317288 DTXSID80207252 DTXSID00427854 DTXSID60876682 DTXSID90485307 DTXSID50663063
DTXSID10663509	DTXSID70458695 DTXSID00393984 DTXSID90286437 DTXSID20357220 DTXSID10518262 DTXSID70561315 DTXSID80851830 DTXSID90348625 DTXSID20333766 DTXSID10241407 DTXSID70483129 DTXSID00614161 DTXSID90376448 DTXSID70377711 DTXSID80726973 DTXSID00420845 DTXSID60777408 DTXSID20585788 DTXSID10538581 DTXSID90344283
DTXSID70585778	DTXSID20366150 DTXSID20318558 DTXSID80323562 DTXSID90585376 DTXSID70181390 DTXSID40797886 DTXSID40433691 DTXSID30873582 DTXSID40233512 DTXSID00555646 DTXSID10797277 DTXSID80588013 DTXSID80741368 DTXSID40545147 DTXSID60302395 DTXSID10367292 DTXSID90429206 DTXSID50323731 DTXSID8059007 DTXSID80296106
DTXSID70793856	DTXSID00768219 DTXSID50289404 DTXSID10826637 DTXSID70888296 DTXSID20745486 DTXSID50499107 DTXSID8027872 DTXSID00841374 DTXSID70762244 DTXSID0072776 DTXSID60241194 DTXSID70239188 DTXSID70177359 DTXSID10784127 DTXSID10764146 DTXSID00887474 DTXSID40707182 DTXSID30819268 DTXSID7070478 DTXSID00527666
DTXSID40543204	DTXSID70491845 DTXSID70641909 DTXSID60704259 DTXSID70711292 DTXSID8069565 DTXSID90579073 DTXSID00606627 DTXSID90467087 DTXSID50639965 DTXSID00338335 DTXSID50337419 DTXSID70339011 DTXSID70584509 DTXSID20678220 DTXSID80578838 DTXSID60487010 DTXSID30376220 DTXSID10637523 DTXSID70479168 DTXSID90406754
DTXSID70566264	DTXSID10406892 DTXSID20307381 DTXSID40403172 DTXSID60533187 DTXSID60144510 DTXSID80742936 DTXSID10364125 DTXSID3042506 DTXSID40359589 DTXSID90375653 DTXSID40694669 DTXSID80748231 DTXSID60661131 DTXSID30434854 DTXSID00651975 DTXSID00276940 DTXSID60439599 DTXSID60301085 DTXSID40286260 DTXSID10177959
DTXSID10355255	DTXSID50646174 DTXSID50374021 DTXSID80696107 DTXSID20152590 DTXSID70403362 DTXSID60327644 DTXSID90389316 DTXSID90468897 DTXSID40674401 DTXSID40459179 DTXSID50616953 DTXSID60344275 DTXSID10597451 DTXSID40300394 DTXSID90476876 DTXSID70293240 DTXSID50843540 DTXSID00332196 DTXSID20664825 DTXSID20516936
DTXSID40435251	DTXSID50152846 DTXSID40574457 DTXSID90788825 DTXSID90513437 DTXSID20336196 DTXSID30418073 DTXSID40829530 DTXSID80835635 DTXSID80341241 DTXSID00421433 DTXSID60572394 DTXSID50402671 DTXSID30399353 DTXSID70513854 DTXSID20213736 DTXSID20380033 DTXSID0024397 DTXSID60458280 DTXSID00729865 DTXSID30668910
DTXSID50308280	DTXSID50681000 DTXSID60286207 DTXSID50283144 DTXSID80664341 DTXSID90598663 DTXSID90564686 DTXSID80407255 DTXSID00311481 DTXSID50651021 DTXSID20876269 DTXSID50543058 DTXSID70589594 DTXSID40819113 DTXSID3063045 DTXSID20162654 DTXSID00879470 DTXSID90825769 DTXSID30447287 DTXSID50545799 DTXSID40831916
DTXSID20815911	DTXSID20788974 DTXSID60327649 DTXSID50280395 DTXSID90276212 DTXSID20171206 DTXSID60873611 DTXSID90611083 DTXSID20532696 DTXSID1069453 DTXSID70382865 DTXSID60378075 DTXSID70153153 DTXSID80338510 DTXSID60612825 DTXSID70388024 DTXSID60184956 DTXSID30789412 DTXSID60835597 DTXSID10729917 DTXSID60148270
DTXSID20679136	DTXSID90802010 DTXSID00183887 DTXSID40607855 DTXSID20378692 DTXSID70837562 DTXSID20867834 DTXSID70693201 DTXSID70399413 DTXSID50841309 DTXSID50304449 DTXSID90370522 DTXSID40659692 DTXSID40734014 DTXSID10280659 DTXSID10651542 DTXSID00508096 DTXSID00574332 DTXSID40451698 DTXSID60546777 DTXSID90616634
DTXSID90401946	DTXSID70366605 DTXSID2041963 DTXSID90411444 DTXSID50660774 DTXSID60744312 DTXSID20482445 DTXSID60850028 DTXSID30844757 DTXSID3073397 DTXSID40501208 DTXSID40710176 DTXSID70188187 DTXSID10694631 DTXSID10774023 DTXSID20217491 DTXSID80472847 DTXSID30323219 DTXSID00485176 DTXSID30649502 DTXSID20593989
DTXSID80437850	DTXSID50404352 DTXSID20837451 DTXSID1040247 DTXSID40601636 DTXSID70399014 DTXSID60388215 DTXSID80766536 DTXSID80275835 DTXSID50718047 DTXSID20801632 DTXSID1070856 DTXSID40194710 DTXSID20752115 DTXSID1068300 DTXSID60478428 DTXSID0046513 DTXSID50552443 DTXSID20806607 DTXSID80814501 DTXSID70477361
DTXSID10650378	DTXSID80695776 DTXSID40642226 DTXSID70353111 DTXSID90549170 DTXSID20781223 DTXSID70739012 DTXSID10511354 DTXSID00363884 DTXSID60542052 DTXSID30409264 DTXSID40466085 DTXSID30400690 DTXSID90733638 DTXSID80436888 DTXSID00876742 DTXSID60222746 DTXSID60193361 DTXSID30558488 DTXSID10313815 DTXSID00318455
DTXSID80663551	DTXSID10518525 DTXSID80570155 DTXSID20467313 DTXSID20207695 DTXSID40726878 DTXSID20549264 DTXSID50853725 DTXSID10459065 DTXSID40388879 DTXSID30609247 DTXSID00295277 DTXSID50593492 DTXSID80181487 DTXSID30599710 DTXSID10296831 DTXSID50663326 DTXSID40293717 DTXSID80208966 DTXSID10287204 DTXSID60599107
DTXSID10712405	DTXSID10777554 DTXSID70784289 DTXSID20705661 DTXSID90706488 DTXSID50776243 DTXSID90392042 DTXSID40504113 DTXSID20424567 DTXSID20394216 DTXSID10347115 DTXSID40845694 DTXSID40701403 DTXSID30444993 DTXSID40187203 DTXSID20632246 DTXSID90451325 DTXSID70616516 DTXSID5063605 DTXSID40732550 DTXSID30440677
DTXSID00712717	DTXSID80199027 DTXSID80647316 DTXSID90657128 DTXSID90788966 DTXSID50635109 DTXSID50737298 DTXSID90193935 DTXSID10660230 DTXSID60147440 DTXSID50798788 DTXSID90385338 DTXSID30217321 DTXSID90525914 DTXSID50486638 DTXSID80370950 DTXSID90693228 DTXSID10841668 DTXSID20504696 DTXSID00678940 DTXSID50808376
DTXSID00707845	DTXSID30578202 DTXSID60561925 DTXSID80768252 DTXSID60730634 DTXSID80821492 DTXSID8070960 DTXSID60191488 DTXSID80284205 DTXSID80752378 DTXSID70274817 DTXSID40880500 DTXSID50724507 DTXSID30694012 DTXSID70317990 DTXSID00853295 DTXSID60243779 DTXSID20173745 DTXSID10648912 DTXSID50774446 DTXSID50828832
DTXSID90211683	DTXSID80196374 DTXSID30489046 DTXSID20482041 DTXSID70876537 DTXSID10454318 DTXSID60645870 DTXSID20496764 DTXSID80470161 DTXSID90201286 DTXSID10888816 DTXSID10493989 DTXSID50586107 DTXSID70511451 DTXSID10728667 DTXSID70724044 DTXSID80771185 DTXSID90639247 DTXSID50625101 DTXSID90850495 DTXSID00588454
DTXSID40211431	DTXSID90288178 DTXSID30511391 DTXSID30341913 DTXSID90238138 DTXSID00361249 DTXSID70568940 DTXSID10360203 DTXSID20148115 DTXSID90374489 DTXSID60797262 DTXSID30209468 DTXSID50446232 DTXSID70714723 DTXSID40186832 DTXSID70622516 DTXSID00641119 DTXSID40507301 DTXSID40528556 DTXSID50366244 DTXSID80181487
DTXSID20320999	DTXSID80311045 DTXSID60842620 DTXSID5026548 DTXSID50569758 DTXSID70536543 DTXSID00638044 DTXSID80878082 DTXSID80365482 DTXSID10509216 DTXSID70822074 DTXSID80612544 DTXSID70529697 DTXSID80748150 DTXSID20144556 DTXSID50320407 DTXSID10144949 DTXSID60566011 DTXSID30218212 DTXSID00632961 DTXSID20287831
DTXSID10313532	DTXSID00190899 DTXSID90705799 DTXSID00587583 DTXSID40544695 DTXSID70176408 DTXSID80357468 DTXSID20582919 DTXSID20550310 DTXSID40815312 DTXSID00223116 DTXSID50724466 DTXSID10765032 DTXSID0046147 DTXSID70143731 DTXSID00197762 DTXSID40239670 DTXSID80768717 DTXSID60486664 DTXSID30502461 DTXSID2040280
DTXSID20877337	DTXSID70582525 DTXSID60658369 DTXSID10518727 DTXSID50733073 DTXSID90524068 DTXSID60640047 DTXSID10700029 DTXSID30526586 DTXSID90796884 DTXSID0052388 DTXSID70433583 DTXSID60806661 DTXSID50668230 DTXSID20185808 DTXSID40749587 DTXSID90179991 DTXSID50696336 DTXSID20793508 DTXSID50767131 DTXSID70759654
DTXSID10313537	DTXSID40352676 DTXSID60173527 DTXSID60299094 DTXSID00371969 DTXSID70665004 DTXSID70291064 DTXSID90788820 DTXSID30321194 DTXSID10513631 DTXSID50586440 DTXSID70593353 DTXSID20460561 DTXSID40617772 DTXSID70780645 DTXSID20564316 DTXSID40657259 DTXSID10611146 DTXSID10656012 DTXSID60700534 DTXSID60588177
DTXSID80349606	DTXSID70623684 DTXSID10160386 DTXSID00363127 DTXSID20883175 DTXSID30722324 DTXSID40405393 DTXSID00839498 DTXSID40649795 DTXSID40237176 DTXSID00374652 DTXSID90457963 DTXSID40493992 DTXSID80661234 DTXSID90771333 DTXSID00425279 DTXSID70556342 DTXSID80279772 DTXSID80154818 DTXSID50681767 DTXSID50453481
DTXSID9046865	DTXSID90159298 DTXSID80292143 DTXSID00567946 DTXSID20509202 DTXSID50629068 DTXSID50238654 DTXSID00622867 DTXSID70385795 DTXSID80730651 DTXSID40729122 DTXSID30295169 DTXSID40429296 DTXSID40831017 DTXSID80618041 DTXSID40520530 DTXSID60729604 DTXSID30505119 DTXSID80496604 DTXSID90315231 DTXSID40444308
DTXSID60555147	DTXSID10623385 DTXSID20216742 DTXSID20629934 DTXSID60373409 DTXSID80722112 DTXSID20827933 DTXSID60551149 DTXSID30542746 DTXSID40408107 DTXSID30827181 DTXSID80744470 DTXSID00507084 DTXSID90705153 DTXSID40857631 DTXSID40538579 DTXSID90748782 DTXSID20456863 DTXSID20394832 DTXSID50599959 DTXSID50873509
DTXSID80182510	DTXSID30595075 DTXSID30716364 DTXSID90740544 DTXSID60303226 DTXSID1063435 DTXSID30588240 DTXSID70615761 DTXSID90453389 DTXSID80374438 DTXSID00497850 DTXSID20663414 DTXSID50383092 DTXSID60424460 DTXSID20680742 DTXSID50364467 DTXSID40623494 DTXSID80499110 DTXSID50590749 DTXSID50596246 DTXSID90592505
DTXSID30444296	DTXSID80700137 DTXSID90624532 DTXSID80151882 DTXSID70331217 DTXSID60550556 DTXSID20536750 DTXSID30615166 DTXSID70794227 DTXSID80181841 DTXSID90344526 DTXSID20702716 DTXSID50716063 DTXSID70802775 DTXSID40170039 DTXSID80597524 DTXSID70823187 DTXSID70614239 DTXSID70737937 DTXSID2046836 DTXSID20274988
DTXSID60604220	DTXSID60482388 DTXSID20307866 DTXSID90501531 DTXSID90499429 DTXSID70182509 DTXSID40395861 DTXSID50677665 DTXSID20474022 DTXSID90324500 DTXSID00377183 DTXSID50500126 DTXSID40724556 DTXSID70167255 DTXSID80569645 DTXSID00679558 DTXSID20174712 DTXSID40324499 DTXSID50460438 DTXSID90788047 DTXSID10374446
DTXSID20364510	DTXSID40756736 DTXSID20604968 DTXSID30546800 DTXSID30490970 DTXSID70659443 DTXSID10810733 DTXSID60729402 DTXSID40812861 DTXSID10359430 DTXSID40164599 DTXSID60879719 DTXSID30642230 DTXSID00326196 DTXSID90152880 DTXSID80350737 DTXSID40684601 DTXSID70787230 DTXSID30856476 DTXSID80463452 DTXSID20676827
DTXSID90620534	DTXSID10361270 DTXSID60415939 DTXSID10703373 DTXSID50397735 DTXSID30615328 DTXSID00277659 DTXSID40530331 DTXSID70506822 DTXSID00436880 DTXSID90400712 DTXSID60792898 DTXSID80450049 DTXSID90501470 DTXSID20218842 DTXSID50468535 DTXSID20790592 DTXSID50478058 DTXSID60609316 DTXSID20243255 DTXSID60425730
DTXSID10338821	DTXSID20173321 DTXSID40439936 DTXSID50342467 DTXSID30453383 DTXSID50778843 DTXSID40181084 DTXSID10626775 DTXSID4074271 DTXSID70762224 DTXSID2022127 DTXSID30451647 DTXSID40390654 DTXSID90399273 DTXSID90470157 DTXSID50177630 DTXSID90275088 DTXSID00787167 DTXSID60656901 DTXSID50816158 DTXSID70532929
DTXSID10633444	DTXSID30739694 DTXSID70565050 DTXSID20750474 DTXSID90369355 DTXSID00407338 DTXSID70886212 DTXSID80876321 DTXSID00681590 DTXSID70701077 DTXSID40797841 DTXSID00505101 DTXSID00628521 DTXSID10456716 DTXSID80561462 DTXSID30433105 DTXSID50704445 DTXSID40630966 DTXSID30535875 DTXSID90846131 DTXSID40874106
DTXSID10578240	DTXSID40527741 DTXSID40809372 DTXSID40494565 DTXSID50851009 DTXSID60463011 DTXSID70243806 DTXSID10482090 DTXSID30357014 DTXSID10780048 DTXSID40186074 DTXSID40700032 DTXSID50845665 DTXSID80763489 DTXSID00813839 DTXSID50757779 DTXSID20323662 DTXSID60445433 DTXSID90467087 DTXSID20280680 DTXSID8070542
DTXSID50234732	DTXSID10568929 DTXSID10672217 DTXSID40734110 DTXSID70876951 DTXSID10766741 DTXSID90565613 DTXSID00223116 DTXSID60458866 DTXSID40847052 DTXSID60486664 DTXSID50555378 DTXSID30502461 DTXSID4034817 DTXSID10765032 DTXSID10757811 DTXSID50210773 DTXSID20612381 DTXSID80198656 DTXSID6047862 DTXSID00307829
DTXSID20629590	DTXSID40453450 DTXSID90721373 DTXSID60646983 DTXSID00327365 DTXSID30459729 DTXSID20547326 DTXSID80661158 DTXSID80604328 DTXSID10495286 DTXSID70791312 DTXSID00557044 DTXSID60372553 DTXSID30854210 DTXSID40372051 DTXSID90707556 DTXSID10357037 DTXSID50472117 DTXSID60665472 DTXSID60184870 DTXSID70291387
DTXSID30851507	DTXSID80773083 DTXSID00454862 DTXSID40823497 DTXSID10218654 DTXSID60152170 DTXSID40823513 DTXSID60874764 DTXSID40156575 DTXSID40333127 DTXSID40471876 DTXSID30825102 DTXSID40874762 DTXSID00832722 DTXSID00823534 DTXSID30597130 DTXSID10782320 DTXSID90155270 DTXSID70300044 DTXSID40715661 DTXSID70823546
DTXSID40590071	DTXSID90372783 DTXSID70651861 DTXSID00451851 DTXSID80290306 DTXSID40716512 DTXSID20560777 DTXSID40877455 DTXSID40645631 DTXSID70434515 DTXSID80303985 DTXSID10600631 DTXSID80492984 DTXSID40770336 DTXSID30321917 DTXSID60842746 DTXSID60897135 DTXSID50290696 DTXSID30395633 DTXSID70276876 DTXSID90645585
DTXSID90470930	DTXSID20541127 DTXSID80808208 DTXSID10483209 DTXSID40819592 DTXSID40722613 DTXSID70837481 DTXSID10352582 DTXSID20849418 DTXSID00361284 DTXSID30510329 DTXSID70580809 DTXSID90359377 DTXSID20580571 DTXSID80478086 DTXSID00524615 DTXSID70490090 DTXSID30471305 DTXSID00635816 DTXSID10594844 DTXSID10334005
DTXSID30557810	DTXSID60356272 DTXSID80402306 DTXSID00513862 DTXSID40648607 DTXSID90355798 DTXSID40732550 DTXSID90348983 DTXSID30450099 DTXSID80183441 DTXSID70616516 DTXSID50629487 DTXSID40504113 DTXSID00358977 DTXSID60458689 DTXSID20424567 DTXSID50323675 DTXSID50630270 DTXSID20520119 DTXSID20661056 DTXSID70646651
DTXSID90213187	DTXSID40738597 DTXSID30149274 DTXSID90330909 DTXSID80735383 DTXSID90790605 DTXSID90209803 DTXSID60558138 DTXSID50148269 DTXSID80561604 DTXSID00533141 DTXSID10737734 DTXSID90490436 DTXSID70787391 DTXSID00724456 DTXSID00438283 DTXSID30384628 DTXSID50460918 DTXSID60790258 DTXSID80713888 DTXSID80819899
DTXSID80701725	DTXSID70693842 DTXSID80392056 DTXSID80162953 DTXSID90669140 DTXSID40528157 DTXSID30627002 DTXSID00391501 DTXSID30223841 DTXSID60319443 DTXSID40646269 DTXSID70383211 DTXSID50345892 DTXSID80562318 DTXSID40334412 DTXSID40508893 DTXSID90648819 DTXSID10668655 DTXSID80657117 DTXSID20345788 DTXSID00393727
DTXSID40623797	DTXSID00567360 DTXSID70476834 DTXSID70209866 DTXSID70554328 DTXSID30853642 DTXSID70789794 DTXSID10211569 DTXSID70176387 DTXSID60490347 DTXSID00364013 DTXSID70353277 DTXSID10377134 DTXSID60470846 DTXSID20417838 DTXSID30440298 DTXSID00646760 DTXSID90896171 DTXSID20143105 DTXSID20384834 DTXSID40299517
DTXSID20798412	DTXSID80442686 DTXSID20327009 DTXSID40617934 DTXSID80324357 DTXSID40194558 DTXSID60291078 DTXSID60510635 DTXSID80631275 DTXSID30144305 DTXSID80558271 DTXSID40308693 DTXSID90445805 DTXSID90759338 DTXSID50662359 DTXSID10425129 DTXSID20416442 DTXSID40773983 DTXSID20811357 DTXSID60325125 DTXSID40415679
DTXSID30617640	DTXSID40365761 DTXSID00358154 DTXSID20479512 DTXSID50187390 DTXSID10563075 DTXSID10489948 DTXSID60442705 DTXSID50708403 DTXSID20697239 DTXSID00323882 DTXSID20803419 DTXSID50457540 DTXSID50363339 DTXSID40378694 DTXSID90616912 DTXSID10388588 DTXSID00663053 DTXSID20318497 DTXSID80876684 DTXSID60768295
DTXSID60320519	DTXSID30564701 DTXSID00851251 DTXSID70615549 DTXSID60383846 DTXSID40839114 DTXSID80785585 DTXSID30897546 DTXSID60769489 DTXSID40752516 DTXSID30348402 DTXSID20311786 DTXSID20883357 DTXSID10896335 DTXSID10310521 DTXSID60535348 DTXSID20875813 DTXSID60896042 DTXSID00430101 DTXSID70588108 DTXSID10896395
DTXSID40671632	DTXSID30571612 DTXSID80239336 DTXSID20630368 DTXSID40325042 DTXSID00755265 DTXSID50506067 DTXSID40841656 DTXSID10481523 DTXSID40228625 DTXSID90877561 DTXSID70487026 DTXSID00373504 DTXSID90707511 DTXSID60335284 DTXSID10239804 DTXSID30466877 DTXSID60314594 DTXSID10707634 DTXSID40289458 DTXSID40199265
DTXSID8032675	DTXSID90649664 DTXSID10794382 DTXSID50421261 DTXSID40357808 DTXSID10630771 DTXSID70656250 DTXSID80492621 DTXSID9048194 DTXSID50512103 DTXSID80288586 DTXSID60829451 DTXSID60396471 DTXSID30848593 DTXSID20742031 DTXSID70382744 DTXSID1058004 DTXSID40474524 DTXSID20353681 DTXSID70424719 DTXSID70589791
DTXSID50210773	DTXSID00307829 DTXSID90321852 DTXSID20167427 DTXSID90565613 DTXSID80198656 DTXSID40734110 DTXSID20612381 DTXSID60682265 DTXSID90284832 DTXSID60486664 DTXSID8068171 DTXSID50346667 DTXSID10766741 DTXSID4034817 DTXSID40525565 DTXSID10672217 DTXSID60457071 DTXSID10568929 DTXSID60866760 DTXSID3075335
DTXSID80373744	DTXSID10340949 DTXSID10749579 DTXSID60615215 DTXSID30789876 DTXSID30306426 DTXSID80593349 DTXSID00466667 DTXSID70721437 DTXSID90383293 DTXSID50596746 DTXSID90577216 DTXSID00513983 DTXSID60641014 DTXSID80457932 DTXSID20500274 DTXSID90375138 DTXSID30466650 DTXSID30673064 DTXSID60707361 DTXSID40832084
DTXSID00597728	DTXSID50823948 DTXSID40880888 DTXSID80887654 DTXSID60598519 DTXSID3042003 DTXSID7070478 DTXSID9051741 DTXSID3026564 DTXSID90883243 DTXSID60300730 DTXSID50767959 DTXSID10711458 DTXSID50775332 DTXSID90404977 DTXSID40707182 DTXSID10805583 DTXSID10712521 DTXSID30300722 DTXSID60460363 DTXSID70236576
DTXSID00407338	DTXSID40797841 DTXSID40874106 DTXSID10633444 DTXSID70189210 DTXSID70886212 DTXSID30739694 DTXSID30433105 DTXSID00628521 DTXSID90369355 DTXSID10876293 DTXSID70565050 DTXSID90532289 DTXSID70506807 DTXSID90846131 DTXSID10803544 DTXSID00505101 DTXSID30473526 DTXSID10456716 DTXSID70701077 DTXSID20750474
DTXSID20540610	DTXSID80395860 DTXSID10541414 DTXSID00474121 DTXSID80612887 DTXSID70846715 DTXSID50681040 DTXSID70548989 DTXSID7023194 DTXSID00854560 DTXSID10491980 DTXSID90402498 DTXSID90205587 DTXSID80349621 DTXSID70668075 DTXSID50760389 DTXSID60495337 DTXSID70283222 DTXSID70174964 DTXSID40415679 DTXSID00204985
DTXSID50388582	DTXSID60351601 DTXSID80698227 DTXSID90277769 DTXSID20349428 DTXSID40684101 DTXSID20238601 DTXSID40896121 DTXSID00353104 DTXSID20452921 DTXSID70446597 DTXSID20553205 DTXSID3062029 DTXSID30401122 DTXSID90343054 DTXSID80639958 DTXSID60884207 DTXSID30561699 DTXSID70885523 DTXSID40222542 DTXSID70447701
DTXSID10652953	DTXSID90380868 DTXSID60784278 DTXSID20698160 DTXSID70511118 DTXSID50576907 DTXSID80302291 DTXSID70214273 DTXSID20384137 DTXSID00371429 DTXSID30694618 DTXSID10371773 DTXSID10729396 DTXSID80405837 DTXSID7073771 DTXSID20567600 DTXSID40365680 DTXSID50650554 DTXSID50879364 DTXSID50187552 DTXSID90355415
DTXSID50391273	DTXSID70569573 DTXSID00735688 DTXSID30448451 DTXSID90809448 DTXSID60162739 DTXSID50467720 DTXSID00164439 DTXSID60641211 DTXSID80729287 DTXSID50528608 DTXSID00407575 DTXSID80787827 DTXSID20578675 DTXSID40705805 DTXSID00438884 DTXSID40641234 DTXSID40552058 DTXSID20488861 DTXSID5059822 DTXSID70203864
DTXSID00372618	DTXSID60177348 DTXSID70802775 DTXSID40233512 DTXSID30661188 DTXSID90344526 DTXSID30676515 DTXSID10367292 DTXSID90429206 DTXSID80181841 DTXSID10316220 DTXSID90518543 DTXSID80597524 DTXSID40170039 DTXSID30553978 DTXSID8047509 DTXSID80296106 DTXSID50300042 DTXSID80449256 DTXSID90585376 DTXSID20742591
DTXSID90787030	DTXSID10437121 DTXSID40697812 DTXSID80199320 DTXSID0024397 DTXSID20213736 DTXSID20781243 DTXSID30668910 DTXSID00276940 DTXSID10761256 DTXSID90489385 DTXSID30314602 DTXSID60170096 DTXSID30588169 DTXSID40574457 DTXSID30544023 DTXSID10406892 DTXSID30666274 DTXSID70826239 DTXSID70756441 DTXSID70566264
DTXSID00448923	DTXSID20339268 DTXSID80485139 DTXSID5059296 DTXSID40667575 DTXSID00338097 DTXSID90825244 DTXSID20492625 DTXSID60876905 DTXSID50221364 DTXSID70551236 DTXSID20464706 DTXSID30628054 DTXSID90738966 DTXSID90474074 DTXSID00543245 DTXSID80468881 DTXSID20656109 DTXSID40694346 DTXSID20728537 DTXSID90640535
DTXSID50450490	DTXSID00321702 DTXSID70805963 DTXSID90286755 DTXSID80435412 DTXSID3073719 DTXSID10178941 DTXSID80205258 DTXSID40487235 DTXSID70678311 DTXSID30847288 DTXSID50491904 DTXSID70619608 DTXSID90222719 DTXSID80819470 DTXSID20522476 DTXSID60319089 DTXSID10574121 DTXSID10327533 DTXSID60240667 DTXSID7029372
DTXSID90381395	DTXSID30388045 DTXSID70421046 DTXSID60526251 DTXSID70848557 DTXSID50764246 DTXSID90336082 DTXSID40589743 DTXSID10748022 DTXSID50757613 DTXSID40889316 DTXSID60441410 DTXSID50642439 DTXSID40781200 DTXSID90485165 DTXSID30339597 DTXSID50726480 DTXSID70240254 DTXSID3052220 DTXSID20449654 DTXSID60240187
DTXSID90520888	DTXSID70826875 DTXSID4052051 DTXSID10655964 DTXSID80340113 DTXSID00334771 DTXSID60202720 DTXSID2059275 DTXSID20342651 DTXSID90500923 DTXSID70786945 DTXSID90339518 DTXSID30782408 DTXSID00667394 DTXSID80492267 DTXSID20765967 DTXSID30800590 DTXSID40494464 DTXSID10567932 DTXSID20478080 DTXSID70518021
DTXSID70605021	DTXSID30813069 DTXSID60409252 DTXSID30851865 DTXSID80424583 DTXSID70578802 DTXSID80841231 DTXSID70518021 DTXSID80442020 DTXSID20383281 DTXSID20754952 DTXSID70484378 DTXSID60202720 DTXSID30818211 DTXSID90364027 DTXSID90514803 DTXSID50523537 DTXSID80624889 DTXSID10567932 DTXSID80827797 DTXSID60511748
DTXSID90174022	DTXSID90198723 DTXSID60716933 DTXSID40831017 DTXSID70788823 DTXSID10697122 DTXSID80351683 DTXSID90315231 DTXSID00726157 DTXSID10653460 DTXSID80730651 DTXSID40196774 DTXSID00622867 DTXSID50238654 DTXSID10307991 DTXSID40729122 DTXSID20294540 DTXSID20431074 DTXSID60745268 DTXSID50629068 DTXSID30208956
DTXSID80892809	DTXSID50580983 DTXSID40296046 DTXSID20145200 DTXSID90734084 DTXSID00483778 DTXSID10502308 DTXSID20346755 DTXSID60762319 DTXSID90553656 DTXSID40481576 DTXSID90567930 DTXSID80212043 DTXSID40356538 DTXSID70567352 DTXSID30402492 DTXSID50398429 DTXSID20516815 DTXSID90824055 DTXSID40595309 DTXSID00162071
DTXSID20431074	DTXSID10661166 DTXSID10506922 DTXSID10307991 DTXSID80351683 DTXSID30672274 DTXSID90706165 DTXSID40593845 DTXSID80589267 DTXSID00769246 DTXSID50629068 DTXSID10602690 DTXSID80378471 DTXSID00622867 DTXSID80896049 DTXSID80615318 DTXSID50372082 DTXSID20857311 DTXSID70788823 DTXSID00281054 DTXSID40429296
DTXSID20584130	DTXSID80750632 DTXSID10634658 DTXSID10788468 DTXSID60232926 DTXSID90769098 DTXSID00227472 DTXSID60854566 DTXSID10591237 DTXSID40334755 DTXSID40795620 DTXSID50309898 DTXSID40781609 DTXSID00637274 DTXSID50818238 DTXSID60775181 DTXSID80806628 DTXSID20337941 DTXSID50335016 DTXSID10579631 DTXSID70840778
DTXSID30503079	DTXSID6052039 DTXSID30514509 DTXSID10592128 DTXSID80552597 DTXSID10834934 DTXSID60790112 DTXSID00452661 DTXSID4072316 DTXSID30845542 DTXSID70525598 DTXSID30813064 DTXSID80492267 DTXSID50144802 DTXSID50766987 DTXSID70459546 DTXSID20765967 DTXSID10738281 DTXSID10771512 DTXSID50528623 DTXSID40711249
DTXSID70657702	DTXSID40741081 DTXSID80234861 DTXSID40622548 DTXSID80196273 DTXSID90227249 DTXSID20720415 DTXSID40645570 DTXSID50425981 DTXSID20618065 DTXSID90668739 DTXSID70848471 DTXSID90150922 DTXSID50808356 DTXSID50627988 DTXSID70152843 DTXSID20364156 DTXSID80557643 DTXSID00188155 DTXSID70456873 DTXSID80230045
DTXSID70867364	DTXSID5051311 DTXSID10773617 DTXSID70750186 DTXSID3051541 DTXSID50288992 DTXSID30827146 DTXSID90823245 DTXSID90556268 DTXSID60873939 DTXSID50343212 DTXSID6044802 DTXSID00887474 DTXSID70177359 DTXSID30188729 DTXSID70888296 DTXSID0072776 DTXSID60241194 DTXSID20745486 DTXSID80559561 DTXSID10784127
DTXSID10352183	DTXSID10708141 DTXSID20776795 DTXSID00503940 DTXSID30855843 DTXSID30618773 DTXSID50381154 DTXSID70876097 DTXSID80180798 DTXSID80657213 DTXSID50623586 DTXSID10743870 DTXSID50420133 DTXSID40552573 DTXSID20680621 DTXSID30170023 DTXSID40181286 DTXSID80661557 DTXSID90200198 DTXSID50178662 DTXSID70219349
DTXSID70277929	DTXSID80596936 DTXSID40563927 DTXSID10560827 DTXSID10609068 DTXSID10238155 DTXSID10182402 DTXSID20797460 DTXSID80655517 DTXSID40824282 DTXSID90573197 DTXSID50434311 DTXSID70377711 DTXSID60179903 DTXSID70352922 DTXSID80345264 DTXSID30199118 DTXSID20895511 DTXSID30315977 DTXSID10610316 DTXSID30583679
DTXSID20444104	DTXSID00532730 DTXSID50561611 DTXSID60897211 DTXSID10174761 DTXSID80726913 DTXSID70704543 DTXSID30389739 DTXSID30650077 DTXSID40279359 DTXSID30645342 DTXSID80195726 DTXSID70283207 DTXSID30186765 DTXSID80675154 DTXSID50760081 DTXSID3037543 DTXSID80679632 DTXSID70723456 DTXSID40297356 DTXSID10295283
DTXSID90711875	DTXSID90837201 DTXSID30330387 DTXSID40662929 DTXSID40144795 DTXSID60790692 DTXSID60240940 DTXSID40840048 DTXSID40887211 DTXSID50711134 DTXSID40315307 DTXSID70316685 DTXSID60582711 DTXSID90278357 DTXSID50242978 DTXSID90148864 DTXSID40741889 DTXSID60580217 DTXSID70280034 DTXSID30867401 DTXSID40581323
DTXSID10602690	DTXSID00769246 DTXSID10344169 DTXSID80615318 DTXSID10307991 DTXSID90706165 DTXSID20418305 DTXSID10506922 DTXSID20431074 DTXSID20857311 DTXSID80896049 DTXSID80728891 DTXSID80337326 DTXSID50856377 DTXSID90278690 DTXSID40637874 DTXSID30672274 DTXSID80351683 DTXSID10582342 DTXSID70310608 DTXSID70788823
DTXSID90462032	DTXSID70768463 DTXSID80633077 DTXSID20599643 DTXSID60482060 DTXSID90379515 DTXSID50518867 DTXSID00531006 DTXSID30624172 DTXSID10561314 DTXSID80595505 DTXSID70879422 DTXSID00727482 DTXSID90557811 DTXSID10530126 DTXSID70177915 DTXSID50507099 DTXSID40192433 DTXSID10633489 DTXSID10845828 DTXSID10539896
DTXSID00831917	DTXSID00744412 DTXSID90349172 DTXSID50323554 DTXSID70491880 DTXSID40831916 DTXSID50543058 DTXSID40764472 DTXSID10394942 DTXSID90598663 DTXSID20162654 DTXSID10561894 DTXSID60735008 DTXSID20545261 DTXSID60204269 DTXSID40489330 DTXSID50345554 DTXSID10177959 DTXSID00596812 DTXSID30447287 DTXSID60710239
DTXSID90396222	DTXSID40701504 DTXSID50808230 DTXSID30555654 DTXSID50289141 DTXSID00190172 DTXSID80718853 DTXSID50733639 DTXSID40618345 DTXSID60840989 DTXSID50623167 DTXSID70314323 DTXSID20705520 DTXSID50812953 DTXSID40646461 DTXSID30194007 DTXSID10494698 DTXSID70810991 DTXSID90653125 DTXSID80727324 DTXSID10195335
DTXSID40393488	DTXSID70318765 DTXSID20802265 DTXSID60714878 DTXSID10830875 DTXSID10517078 DTXSID80291373 DTXSID40650629 DTXSID40737303 DTXSID90163234 DTXSID90598229 DTXSID20793821 DTXSID70469908 DTXSID20815799 DTXSID10148321 DTXSID10303695 DTXSID60897039 DTXSID90731356 DTXSID00242185 DTXSID30708168 DTXSID1041764
DTXSID80810068	DTXSID70602333 DTXSID30583038 DTXSID30583371 DTXSID90596508 DTXSID70471682 DTXSID60621912 DTXSID20886101 DTXSID0058514 DTXSID10496253 DTXSID30525913 DTXSID60415636 DTXSID30395390 DTXSID40679875 DTXSID60312176 DTXSID30501474 DTXSID80640544 DTXSID90300667 DTXSID40207819 DTXSID60616843 DTXSID80337720
DTXSID90519474	DTXSID70724044 DTXSID50586107 DTXSID10493989 DTXSID10728667 DTXSID30770906 DTXSID20740911 DTXSID00501709 DTXSID10803882 DTXSID10888816 DTXSID00489119 DTXSID80470161 DTXSID50767873 DTXSID80876523 DTXSID00588454 DTXSID30489046 DTXSID10454318 DTXSID20533542 DTXSID30733071 DTXSID40885595 DTXSID50340165
DTXSID00618321	DTXSID30823229 DTXSID30809003 DTXSID3057729 DTXSID00429333 DTXSID10294832 DTXSID00326035 DTXSID00165648 DTXSID80375703 DTXSID70896038 DTXSID40468084 DTXSID10154664 DTXSID90722587 DTXSID20832224 DTXSID90383879 DTXSID80668364 DTXSID30368908 DTXSID20155783 DTXSID80832225 DTXSID20316332 DTXSID10556543
DTXSID70236576	DTXSID10712521 DTXSID10711458 DTXSID50767959 DTXSID60598519 DTXSID90404977 DTXSID70775273 DTXSID30336546 DTXSID50823948 DTXSID60241194 DTXSID40707182 DTXSID50288992 DTXSID50576301 DTXSID80887654 DTXSID70177359 DTXSID00597728 DTXSID50753675 DTXSID90437669 DTXSID40880888 DTXSID50775251 DTXSID00543068
DTXSID90216335	DTXSID20888029 DTXSID70394423 DTXSID80814501 DTXSID5062398 DTXSID30223285 DTXSID50552443 DTXSID60598059 DTXSID30772566 DTXSID20752115 DTXSID40601636 DTXSID1068300 DTXSID1040247 DTXSID40194710 DTXSID80195044 DTXSID60288589 DTXSID1068019 DTXSID1066239 DTXSID80331586 DTXSID5047114 DTXSID30770365
DTXSID50696790	DTXSID20834607 DTXSID40526072 DTXSID30494877 DTXSID40676425 DTXSID30209347 DTXSID10501472 DTXSID60655358 DTXSID40711522 DTXSID80671277 DTXSID60289273 DTXSID60667577 DTXSID70317031 DTXSID70281485 DTXSID00604441 DTXSID10175430 DTXSID60829072 DTXSID00511303 DTXSID40396919 DTXSID90618219 DTXSID80503842
DTXSID10363476	DTXSID70561754 DTXSID40642488 DTXSID10767051 DTXSID20499891 DTXSID60649212 DTXSID50351094 DTXSID00610163 DTXSID80700798 DTXSID00728974 DTXSID70741615 DTXSID60819953 DTXSID30553978 DTXSID50421786 DTXSID10596368 DTXSID70811428 DTXSID10563479 DTXSID50635285 DTXSID60385961 DTXSID10398268 DTXSID20307225
DTXSID80700798	DTXSID10767051 DTXSID80788253 DTXSID70561754 DTXSID40642488 DTXSID50178708 DTXSID60308751 DTXSID40811253 DTXSID10363476 DTXSID70741615 DTXSID10561975 DTXSID30836834 DTXSID40382933 DTXSID50421786 DTXSID30558488 DTXSID50652836 DTXSID30507638 DTXSID00278323 DTXSID50370902 DTXSID60385961 DTXSID50436633
DTXSID60760855	DTXSID10756167 DTXSID80845794 DTXSID90672497 DTXSID9074642 DTXSID00366532 DTXSID80416549 DTXSID50240651 DTXSID20317288 DTXSID20821077 DTXSID70325696 DTXSID80812845 DTXSID40657471 DTXSID50180326 DTXSID50729870 DTXSID20327024 DTXSID00846006 DTXSID10624458 DTXSID70365214 DTXSID30506146 DTXSID50277765
DTXSID70597659	DTXSID6065052 DTXSID80463053 DTXSID10505753 DTXSID60667436 DTXSID80467394 DTXSID60201778 DTXSID60528699 DTXSID10355573 DTXSID40458723 DTXSID00446262 DTXSID10597118 DTXSID40757804 DTXSID20275490 DTXSID30406531 DTXSID40279910 DTXSID60385461 DTXSID00409352 DTXSID40831936 DTXSID50716907 DTXSID50589734
DTXSID20384071	DTXSID10628991 DTXSID60836468 DTXSID70529475 DTXSID30821164 DTXSID90468857 DTXSID30632272 DTXSID50421524 DTXSID80577280 DTXSID60786151 DTXSID30159237 DTXSID20591980 DTXSID00852122 DTXSID70558604 DTXSID20547043 DTXSID30849888 DTXSID30757297 DTXSID10443964 DTXSID30621282 DTXSID60209350 DTXSID00697813
DTXSID10489847	DTXSID90632258 DTXSID80506277 DTXSID60333109 DTXSID80175169 DTXSID80539823 DTXSID90577271 DTXSID5044811 DTXSID40815675 DTXSID50443483 DTXSID80648545 DTXSID60770393 DTXSID30752045 DTXSID20426965 DTXSID00655433 DTXSID90844430 DTXSID80305424 DTXSID80394919 DTXSID00837277 DTXSID90519151 DTXSID50495442
DTXSID70390667	DTXSID00734893 DTXSID10617229 DTXSID30336703 DTXSID80699370 DTXSID00398671 DTXSID20290527 DTXSID40388536 DTXSID60640320 DTXSID30392965 DTXSID80339067 DTXSID20443399 DTXSID00603732 DTXSID00154719 DTXSID20542816 DTXSID20615493 DTXSID00331164 DTXSID50707951 DTXSID10364529 DTXSID00560977 DTXSID10848359
DTXSID00881331	DTXSID90436112 DTXSID20880987 DTXSID60465656 DTXSID60801696 DTXSID20894140 DTXSID30647583 DTXSID60827432 DTXSID50836972 DTXSID40319789 DTXSID50838375 DTXSID70329513 DTXSID10814352 DTXSID70851288 DTXSID90787090 DTXSID80846044 DTXSID20333044 DTXSID80403237 DTXSID20302371 DTXSID80436722 DTXSID00153661
DTXSID10849982	DTXSID30427761 DTXSID80186038 DTXSID60895999 DTXSID00896425 DTXSID20874240 DTXSID50770943 DTXSID00428624 DTXSID80470343 DTXSID40896005 DTXSID10814392 DTXSID10896214 DTXSID80785949 DTXSID20162997 DTXSID50896339 DTXSID30198141 DTXSID20876805 DTXSID50303917 DTXSID30574648 DTXSID60896542 DTXSID90697584
DTXSID60282305	DTXSID40880989 DTXSID40193041 DTXSID40210747 DTXSID60710279 DTXSID60635099 DTXSID2070421 DTXSID40867432 DTXSID00276107 DTXSID70395056 DTXSID70669921 DTXSID20808722 DTXSID00236246 DTXSID20834925 DTXSID10819029 DTXSID30158189 DTXSID30805762 DTXSID80211511 DTXSID10677181 DTXSID70710346 DTXSID90176243
DTXSID00791224	DTXSID80407179 DTXSID90171839 DTXSID30822737 DTXSID90604692 DTXSID90231780 DTXSID20501903 DTXSID00219099 DTXSID20468406 DTXSID20365502 DTXSID90653105 DTXSID30398023 DTXSID70626953 DTXSID70571398 DTXSID90167257 DTXSID50313612 DTXSID70201941 DTXSID80855555 DTXSID70668499 DTXSID20408963 DTXSID10604513
DTXSID60537100	DTXSID80588154 DTXSID00755947 DTXSID40420561 DTXSID90408415 DTXSID80657213 DTXSID40552573 DTXSID60278708 DTXSID50713451 DTXSID20738797 DTXSID90530760 DTXSID30618773 DTXSID00656980 DTXSID50618790 DTXSID70590307 DTXSID70876097 DTXSID60544819 DTXSID80294248 DTXSID10511778 DTXSID50761255 DTXSID10630059
DTXSID00787066	DTXSID70842010 DTXSID40636908 DTXSID50811567 DTXSID80873118 DTXSID40776631 DTXSID60536552 DTXSID10797611 DTXSID20613499 DTXSID00632966 DTXSID10577450 DTXSID50816734 DTXSID90638174 DTXSID90773276 DTXSID00756111 DTXSID90500261 DTXSID10280770 DTXSID30865700 DTXSID10822073 DTXSID60795081 DTXSID20878369
DTXSID00316638	DTXSID40211870 DTXSID5037602 DTXSID30755233 DTXSID10717975 DTXSID30815205 DTXSID10594324 DTXSID40760095 DTXSID40577145 DTXSID40765540 DTXSID0042298 DTXSID7020211 DTXSID10516763 DTXSID80303546 DTXSID30437547 DTXSID20544931 DTXSID70842212 DTXSID30346908 DTXSID60449335 DTXSID80453999 DTXSID80784316
DTXSID60497336	DTXSID70612013 DTXSID70488750 DTXSID60340393 DTXSID50640319 DTXSID90573096 DTXSID40481814 DTXSID20403498 DTXSID30671323 DTXSID10649722 DTXSID20446421 DTXSID20835977 DTXSID30301456 DTXSID70284653 DTXSID10502681 DTXSID00405935 DTXSID90450858 DTXSID50505318 DTXSID60207018 DTXSID80776034 DTXSID70825242
DTXSID20372933	DTXSID10280790 DTXSID50604173 DTXSID40415917 DTXSID60707361 DTXSID00196871 DTXSID70478257 DTXSID30180824 DTXSID50596746 DTXSID80686346 DTXSID8024787 DTXSID20324518 DTXSID30306426 DTXSID00720635 DTXSID40628489 DTXSID70788262 DTXSID20857154 DTXSID00547167 DTXSID50274133 DTXSID30519731 DTXSID3068592
DTXSID80205258	DTXSID10574121 DTXSID60240667 DTXSID70805963 DTXSID50491904 DTXSID40721964 DTXSID50450490 DTXSID10178941 DTXSID00321702 DTXSID90286755 DTXSID10435480 DTXSID80819470 DTXSID10309314 DTXSID20835432 DTXSID60341603 DTXSID10786267 DTXSID7029372 DTXSID70678311 DTXSID40487235 DTXSID3073719 DTXSID30631669
DTXSID20472346	DTXSID10594329 DTXSID40663355 DTXSID10214297 DTXSID80810740 DTXSID60632568 DTXSID50610734 DTXSID20652828 DTXSID80819157 DTXSID80458641 DTXSID30180309 DTXSID60807198 DTXSID10166661 DTXSID20301864 DTXSID60672065 DTXSID30275143 DTXSID70768221 DTXSID50478391 DTXSID10343415 DTXSID20430340 DTXSID40675519
DTXSID80337326	DTXSID70310608 DTXSID20418305 DTXSID10344169 DTXSID80615318 DTXSID20857311 DTXSID80896049 DTXSID40670741 DTXSID10602690 DTXSID70710422 DTXSID90706165 DTXSID00769246 DTXSID90647221 DTXSID40294108 DTXSID70221568 DTXSID30672274 DTXSID40430266 DTXSID80728891 DTXSID10307991 DTXSID50345014 DTXSID50408638
DTXSID70325535	DTXSID70677208 DTXSID70471389 DTXSID30726064 DTXSID80487471 DTXSID40808289 DTXSID90574381 DTXSID00506916 DTXSID20534998 DTXSID80728891 DTXSID50667248 DTXSID70619067 DTXSID00618008 DTXSID10181551 DTXSID00281054 DTXSID60377023 DTXSID20429017 DTXSID20778436 DTXSID90419526 DTXSID00695157 DTXSID90647221
DTXSID30546042	DTXSID5059163 DTXSID30673827 DTXSID20390738 DTXSID70359355 DTXSID40468781 DTXSID40694422 DTXSID20697072 DTXSID20297238 DTXSID80503882 DTXSID30388585 DTXSID20747682 DTXSID1058393 DTXSID80534075 DTXSID20177142 DTXSID60633636 DTXSID50233720 DTXSID20823753 DTXSID20374336 DTXSID50802031 DTXSID20389647
DTXSID70876234	DTXSID60497452 DTXSID60183868 DTXSID00166478 DTXSID20295274 DTXSID50678379 DTXSID90396409 DTXSID90753477 DTXSID80661173 DTXSID60441157 DTXSID40697453 DTXSID50879349 DTXSID70326108 DTXSID90567016 DTXSID60705544 DTXSID80358899 DTXSID90457286 DTXSID70165837 DTXSID30393856 DTXSID40556990 DTXSID80354715
DTXSID40361622	DTXSID00667591 DTXSID40398958 DTXSID10311699 DTXSID30667261 DTXSID60533122 DTXSID9022237 DTXSID40540738 DTXSID10528447 DTXSID20633798 DTXSID40833733 DTXSID10588026 DTXSID20501347 DTXSID90587653 DTXSID00401154 DTXSID90844430 DTXSID70849443 DTXSID80177047 DTXSID50215283 DTXSID00341006 DTXSID00864907
DTXSID10374446	DTXSID20174712 DTXSID50500126 DTXSID50627362 DTXSID40724556 DTXSID00522010 DTXSID60482388 DTXSID90324500 DTXSID00366178 DTXSID80569645 DTXSID50734909 DTXSID20474022 DTXSID60177267 DTXSID60604220 DTXSID80847713 DTXSID90501531 DTXSID00655514 DTXSID20307866 DTXSID20332552 DTXSID80598798 DTXSID90788047
DTXSID60231434	DTXSID00216765 DTXSID90535053 DTXSID50397371 DTXSID30415688 DTXSID10464730 DTXSID90349995 DTXSID2023222 DTXSID30785550 DTXSID10427188 DTXSID40659632 DTXSID60178936 DTXSID20857659 DTXSID60602903 DTXSID70794808 DTXSID80384411 DTXSID40243939 DTXSID00229310 DTXSID90342643 DTXSID30445344 DTXSID90774940
DTXSID10374441	DTXSID10655469 DTXSID20217491 DTXSID80897339 DTXSID40614903 DTXSID00351640 DTXSID70594325 DTXSID00542773 DTXSID20191888 DTXSID40710176 DTXSID80472847 DTXSID30323219 DTXSID90836456 DTXSID70188187 DTXSID40744315 DTXSID00730375 DTXSID80373608 DTXSID10523215 DTXSID60694525 DTXSID40617191 DTXSID70443980
DTXSID90660374	DTXSID10634214 DTXSID50304964 DTXSID20642441 DTXSID80345805 DTXSID3052355 DTXSID70840859 DTXSID00744553 DTXSID00281357 DTXSID20765467 DTXSID20526914 DTXSID90339654 DTXSID70849943 DTXSID40315180 DTXSID60795809 DTXSID40616169 DTXSID20530950 DTXSID10798188 DTXSID00295196 DTXSID10658374 DTXSID00828564
DTXSID40528157	DTXSID80392056 DTXSID60319443 DTXSID90679880 DTXSID80701725 DTXSID90669140 DTXSID20607676 DTXSID30745058 DTXSID00393727 DTXSID30627002 DTXSID00383860 DTXSID70579192 DTXSID40781189 DTXSID80727804 DTXSID80162953 DTXSID70856415 DTXSID40508893 DTXSID30223841 DTXSID70693842 DTXSID70805004 DTXSID30280217
DTXSID60444729	DTXSID90281785 DTXSID70548767 DTXSID70660978 DTXSID40654925 DTXSID60527804 DTXSID20640624 DTXSID90584728 DTXSID00398893 DTXSID30848472 DTXSID10217122 DTXSID40829772 DTXSID50805002 DTXSID40775765 DTXSID80649850 DTXSID10525991 DTXSID00427450 DTXSID60621654 DTXSID50601243 DTXSID70810077 DTXSID80293251
DTXSID50744341	DTXSID40443371 DTXSID10371152 DTXSID10345131 DTXSID60155343 DTXSID20278062 DTXSID1044932 DTXSID60454621 DTXSID40629370 DTXSID50848459 DTXSID50462957 DTXSID20718317 DTXSID40660980 DTXSID40358815 DTXSID30489420 DTXSID60519486 DTXSID60514991 DTXSID90235405 DTXSID00768471 DTXSID00614904 DTXSID30405488
DTXSID00847053	DTXSID90443725 DTXSID00613750 DTXSID00441777 DTXSID00586415 DTXSID70500800 DTXSID8063834 DTXSID6041501 DTXSID60182598 DTXSID10828494 DTXSID90762589 DTXSID00434109 DTXSID7044689 DTXSID70663580 DTXSID90734423 DTXSID30575690 DTXSID30612519 DTXSID60239536 DTXSID60390070 DTXSID40552518 DTXSID00749265
DTXSID40874080	DTXSID60456529 DTXSID30758921 DTXSID20780913 DTXSID00489134 DTXSID30577437 DTXSID10187391 DTXSID00337823 DTXSID60226204 DTXSID70452719 DTXSID10325736 DTXSID20533380 DTXSID40171485 DTXSID60737648 DTXSID70603527 DTXSID50772104 DTXSID50640399 DTXSID50590168 DTXSID70734305 DTXSID30610111 DTXSID90567430
DTXSID40176334	DTXSID10291624 DTXSID50664656 DTXSID90892294 DTXSID70157217 DTXSID10394881 DTXSID20603350 DTXSID00359060 DTXSID10154821 DTXSID90697367 DTXSID8024365 DTXSID50283927 DTXSID00491272 DTXSID00658469 DTXSID80320612 DTXSID90408475 DTXSID10617749 DTXSID00440381 DTXSID40734716 DTXSID80737281 DTXSID50350724
DTXSID10656335	DTXSID80284886 DTXSID90527695 DTXSID80615075 DTXSID30311434 DTXSID70748301 DTXSID90339417 DTXSID20695831 DTXSID50303497 DTXSID40658504 DTXSID80465552 DTXSID80422327 DTXSID60745268 DTXSID60436442 DTXSID70477588 DTXSID10344528 DTXSID90624390 DTXSID60780356 DTXSID40492662 DTXSID50664979 DTXSID70192522
DTXSID40845472	DTXSID20759801 DTXSID90749597 DTXSID60562356 DTXSID40427651 DTXSID40530477 DTXSID50590188 DTXSID60187922 DTXSID20452729 DTXSID30663369 DTXSID00484725 DTXSID60471338 DTXSID20599345 DTXSID70326108 DTXSID00377486 DTXSID80437991 DTXSID80279373 DTXSID60590477 DTXSID30885241 DTXSID30346347 DTXSID00231438
DTXSID00415852	DTXSID00629715 DTXSID70460591 DTXSID60717162 DTXSID50211184 DTXSID10469624 DTXSID70346321 DTXSID30478859 DTXSID60725808 DTXSID50369735 DTXSID80178953 DTXSID70720864 DTXSID20415399 DTXSID80724732 DTXSID20728991 DTXSID30363675 DTXSID90694856 DTXSID40725967 DTXSID10365950 DTXSID30782468 DTXSID10743259
DTXSID80221599	DTXSID10182063 DTXSID00461576 DTXSID50479863 DTXSID80827696 DTXSID20197946 DTXSID60198210 DTXSID50614151 DTXSID10182402 DTXSID40462704 DTXSID50742761 DTXSID90573197 DTXSID50572621 DTXSID00483556 DTXSID30276372 DTXSID70352922 DTXSID50703690 DTXSID80655517 DTXSID80596936 DTXSID50742145 DTXSID00546650
DTXSID90374489	DTXSID10360203 DTXSID30209468 DTXSID70622516 DTXSID70364505 DTXSID30511391 DTXSID30308384 DTXSID30787998 DTXSID40507301 DTXSID60172398 DTXSID70568940 DTXSID40211431 DTXSID60797262 DTXSID90642135 DTXSID30341913 DTXSID50590062 DTXSID70538027 DTXSID70294838 DTXSID00641119 DTXSID20563844 DTXSID80590055
DTXSID60876662	DTXSID00399345 DTXSID80594558 DTXSID50153696 DTXSID20876269 DTXSID30300383 DTXSID90279162 DTXSID50629487 DTXSID80399560 DTXSID20162654 DTXSID10561894 DTXSID60458689 DTXSID10749877 DTXSID50556547 DTXSID20519503 DTXSID50543058 DTXSID50651021 DTXSID80664341 DTXSID70491880 DTXSID20405275 DTXSID20356910
DTXSID30554965	DTXSID40585689 DTXSID60825514 DTXSID30718308 DTXSID00421630 DTXSID40620145 DTXSID00464704 DTXSID90361339 DTXSID70484191 DTXSID30288591 DTXSID50345498 DTXSID00802263 DTXSID7058048 DTXSID00330692 DTXSID30879726 DTXSID70507379 DTXSID40784357 DTXSID90557553 DTXSID50551916 DTXSID00531041 DTXSID90709196
DTXSID50806832	DTXSID30181270 DTXSID20654908 DTXSID10657448 DTXSID50277765 DTXSID90772845 DTXSID80630460 DTXSID10624458 DTXSID20876683 DTXSID10571610 DTXSID20656902 DTXSID90185830 DTXSID20723749 DTXSID10756167 DTXSID60455133 DTXSID80476729 DTXSID40657471 DTXSID10720242 DTXSID90508585 DTXSID20352937 DTXSID10458452
DTXSID00564713	DTXSID00236589 DTXSID90543810 DTXSID80342874 DTXSID60778778 DTXSID80611870 DTXSID00639591 DTXSID30167256 DTXSID0052330 DTXSID10794029 DTXSID20876587 DTXSID40474807 DTXSID60586193 DTXSID6044773 DTXSID20832421 DTXSID30403904 DTXSID50579054 DTXSID80528696 DTXSID40503843 DTXSID70499967 DTXSID70780766
DTXSID30191576	DTXSID50796865 DTXSID20741069 DTXSID50804111 DTXSID80546739 DTXSID70233808 DTXSID60826960 DTXSID30543410 DTXSID00699514 DTXSID00793728 DTXSID70242536 DTXSID20280781 DTXSID80468609 DTXSID10822679 DTXSID40336794 DTXSID70785392 DTXSID90887963 DTXSID70822857 DTXSID20341664 DTXSID20346750 DTXSID70346765
DTXSID3063045	DTXSID10426979 DTXSID00372673 DTXSID20362556 DTXSID60286207 DTXSID20367369 DTXSID30447287 DTXSID80181826 DTXSID00596812 DTXSID40819113 DTXSID80724393 DTXSID50283144 DTXSID90825769 DTXSID00311481 DTXSID90598663 DTXSID80407255 DTXSID00879470 DTXSID50308280 DTXSID50545799 DTXSID10394942 DTXSID20718317
DTXSID20525200	DTXSID40308254 DTXSID00291855 DTXSID40654925 DTXSID20660908 DTXSID90281785 DTXSID60192657 DTXSID50601243 DTXSID10839444 DTXSID10767591 DTXSID00346298 DTXSID00427450 DTXSID30729499 DTXSID00317766 DTXSID60621654 DTXSID60444729 DTXSID80608826 DTXSID80620169 DTXSID10217122 DTXSID90584728 DTXSID30241787
DTXSID00726157	DTXSID40196774 DTXSID90174022 DTXSID90198723 DTXSID60716933 DTXSID70788823 DTXSID40388076 DTXSID10653460 DTXSID10697122 DTXSID00195960 DTXSID60739460 DTXSID40831017 DTXSID20294540 DTXSID60587524 DTXSID70530864 DTXSID10742747 DTXSID80351683 DTXSID60175440 DTXSID60436442 DTXSID20895733 DTXSID70477588
DTXSID70373192	DTXSID50828832 DTXSID40286902 DTXSID20173745 DTXSID10244236 DTXSID10637361 DTXSID90807484 DTXSID60418021 DTXSID20887799 DTXSID10720146 DTXSID2050035 DTXSID40880500 DTXSID70761252 DTXSID30694012 DTXSID80764310 DTXSID80657910 DTXSID60675950 DTXSID8070960 DTXSID50724507 DTXSID20803095 DTXSID30158189
DTXSID30433105	DTXSID10876293 DTXSID40874106 DTXSID00505101 DTXSID20737386 DTXSID90532289 DTXSID90369355 DTXSID70565050 DTXSID00407338 DTXSID70701077 DTXSID40797841 DTXSID00681590 DTXSID10633444 DTXSID70427821 DTXSID70189210 DTXSID20750474 DTXSID30739694 DTXSID90504401 DTXSID00628521 DTXSID60829754 DTXSID90150427
DTXSID90232919	DTXSID50505535 DTXSID90768203 DTXSID50493822 DTXSID70428494 DTXSID00168679 DTXSID7021366 DTXSID80308495 DTXSID10406256 DTXSID10631864 DTXSID80494029 DTXSID20435577 DTXSID50659704 DTXSID10568964 DTXSID70313634 DTXSID60640704 DTXSID90350602 DTXSID20235433 DTXSID20509762 DTXSID20440303 DTXSID90510345
DTXSID4070378	DTXSID10782320 DTXSID70823546 DTXSID00823534 DTXSID70880598 DTXSID70880417 DTXSID40156575 DTXSID00454862 DTXSID30155996 DTXSID00832722 DTXSID40652547 DTXSID40823492 DTXSID50783619 DTXSID00153661 DTXSID30851507 DTXSID80436722 DTXSID30773912 DTXSID40823497 DTXSID20302371 DTXSID30826654 DTXSID30825102
DTXSID6036885	DTXSID10547673 DTXSID70334960 DTXSID20718998 DTXSID90547671 DTXSID80343442 DTXSID30323618 DTXSID80706492 DTXSID10179115 DTXSID90698511 DTXSID80409214 DTXSID30532662 DTXSID70504686 DTXSID90623222 DTXSID30499004 DTXSID50483384 DTXSID60514936 DTXSID70744909 DTXSID90651202 DTXSID30653462 DTXSID30635122
DTXSID30825102	DTXSID40219053 DTXSID00832722 DTXSID60152170 DTXSID10856792 DTXSID00590274 DTXSID10501255 DTXSID50783619 DTXSID40471876 DTXSID40652547 DTXSID30597130 DTXSID00454862 DTXSID80773083 DTXSID30851507 DTXSID50555191 DTXSID60475331 DTXSID40715661 DTXSID90286270 DTXSID40417916 DTXSID30155996 DTXSID30318408
DTXSID00876848	DTXSID50758726 DTXSID30874115 DTXSID30542463 DTXSID20509929 DTXSID60551285 DTXSID60675475 DTXSID60553981 DTXSID80795366 DTXSID30165636 DTXSID30496230 DTXSID50381977 DTXSID50559694 DTXSID90366985 DTXSID00771248 DTXSID60757588 DTXSID80834981 DTXSID00179881 DTXSID10692879 DTXSID00708473 DTXSID50640374
DTXSID80626000	DTXSID00500111 DTXSID90826195 DTXSID10512361 DTXSID90338627 DTXSID70349498 DTXSID50867463 DTXSID10492816 DTXSID00425996 DTXSID80651337 DTXSID60368274 DTXSID50340887 DTXSID90440375 DTXSID20829639 DTXSID9070612 DTXSID10801303 DTXSID90323992 DTXSID90558984 DTXSID80765483 DTXSID00660507 DTXSID00592137
DTXSID60752952	DTXSID10648492 DTXSID90240731 DTXSID70450674 DTXSID70241241 DTXSID80336930 DTXSID40195666 DTXSID30147033 DTXSID80759781 DTXSID9060780 DTXSID00181227 DTXSID70785392 DTXSID5068237 DTXSID10886074 DTXSID0062896 DTXSID00432064 DTXSID70822857 DTXSID60822902 DTXSID30561457 DTXSID5070602 DTXSID60511480
DTXSID50778606	DTXSID00484583 DTXSID30382886 DTXSID40507649 DTXSID20435658 DTXSID10491920 DTXSID20231591 DTXSID00872860 DTXSID30596401 DTXSID50337419 DTXSID4067771 DTXSID80162392 DTXSID90602815 DTXSID90529871 DTXSID60633570 DTXSID50428912 DTXSID60487010 DTXSID00356771 DTXSID90499202 DTXSID20678220 DTXSID00352677
DTXSID90826195	DTXSID10512361 DTXSID00500111 DTXSID80626000 DTXSID50867463 DTXSID10492816 DTXSID50340887 DTXSID80651337 DTXSID90338627 DTXSID50196164 DTXSID00425996 DTXSID70349498 DTXSID10801303 DTXSID70345692 DTXSID80765483 DTXSID70490555 DTXSID50764246 DTXSID30595898 DTXSID20829639 DTXSID30388045 DTXSID80347102
DTXSID50502221	DTXSID1051800 DTXSID90530942 DTXSID50858472 DTXSID80342879 DTXSID70651568 DTXSID70565833 DTXSID50693663 DTXSID7068001 DTXSID60557242 DTXSID80506131 DTXSID10391618 DTXSID80351906 DTXSID40326877 DTXSID90328629 DTXSID50766366 DTXSID50798425 DTXSID60606582 DTXSID30831086 DTXSID50528269 DTXSID10880678
DTXSID10702407	DTXSID60285497 DTXSID10299009 DTXSID20813492 DTXSID60383760 DTXSID70879689 DTXSID80468563 DTXSID20187983 DTXSID30509975 DTXSID00383284 DTXSID30284199 DTXSID50672276 DTXSID30350186 DTXSID70653901 DTXSID60593347 DTXSID40623939 DTXSID50677448 DTXSID40518199 DTXSID00472607 DTXSID80589606 DTXSID40511640
DTXSID70831702	DTXSID10876516 DTXSID20856506 DTXSID90586161 DTXSID70203107 DTXSID90396883 DTXSID30378360 DTXSID70461260 DTXSID70821062 DTXSID00293935 DTXSID40588519 DTXSID40161003 DTXSID00372219 DTXSID00568670 DTXSID90626394 DTXSID60571706 DTXSID80211571 DTXSID60897135 DTXSID00405117 DTXSID30752702 DTXSID50457308
DTXSID50541579	DTXSID40712115 DTXSID50509235 DTXSID20514831 DTXSID20841538 DTXSID80391302 DTXSID10650333 DTXSID90323199 DTXSID90596028 DTXSID40517344 DTXSID10579015 DTXSID70324361 DTXSID30736769 DTXSID90850894 DTXSID90391712 DTXSID70856511 DTXSID50322764 DTXSID60647298 DTXSID90440991 DTXSID60876066 DTXSID80883717
DTXSID80352251	DTXSID30886233 DTXSID10442876 DTXSID70773471 DTXSID70876870 DTXSID30468098 DTXSID40180658 DTXSID80640842 DTXSID40551263 DTXSID70562423 DTXSID0047088 DTXSID80443759 DTXSID40145843 DTXSID80678180 DTXSID20625113 DTXSID30514887 DTXSID70514886 DTXSID30854634 DTXSID80424169 DTXSID60281333 DTXSID30743135
DTXSID90621804	DTXSID20573165 DTXSID70857629 DTXSID70731571 DTXSID30444372 DTXSID70566047 DTXSID90497142 DTXSID10399351 DTXSID00346814 DTXSID20346174 DTXSID60640668 DTXSID90330949 DTXSID80593006 DTXSID00375361 DTXSID00739348 DTXSID80169381 DTXSID50188105 DTXSID10619203 DTXSID50372744 DTXSID40504658 DTXSID20345824
DTXSID00201636	DTXSID50314442 DTXSID80489637 DTXSID80312456 DTXSID90460452 DTXSID70486135 DTXSID60608324 DTXSID90308284 DTXSID40374050 DTXSID10494693 DTXSID60757260 DTXSID70195699 DTXSID80563507 DTXSID50809005 DTXSID20806980 DTXSID70372524 DTXSID70463027 DTXSID80514776 DTXSID30288293 DTXSID00534971 DTXSID70344100
DTXSID60399725	DTXSID20511921 DTXSID20381262 DTXSID9044164 DTXSID00423654 DTXSID70286738 DTXSID00170095 DTXSID60600126 DTXSID90527776 DTXSID00298647 DTXSID50220236 DTXSID90338980 DTXSID70532929 DTXSID40405939 DTXSID60488421 DTXSID90711198 DTXSID30451763 DTXSID70593176 DTXSID0044153 DTXSID20579586 DTXSID90275088
DTXSID50507599	DTXSID00234146 DTXSID60775681 DTXSID10511157 DTXSID60242747 DTXSID10872659 DTXSID20755202 DTXSID90763152 DTXSID60780199 DTXSID60872285 DTXSID10824153 DTXSID30429503 DTXSID80274202 DTXSID40613991 DTXSID70797955 DTXSID60276143 DTXSID40845013 DTXSID60816366 DTXSID20242945 DTXSID10202674 DTXSID40563189
DTXSID20275490	DTXSID40510698 DTXSID60201778 DTXSID30406531 DTXSID50589754 DTXSID80664725 DTXSID10672434 DTXSID00852703 DTXSID30854114 DTXSID80463053 DTXSID50646674 DTXSID10597118 DTXSID50589734 DTXSID70597659 DTXSID6065052 DTXSID40435276 DTXSID10501119 DTXSID00409352 DTXSID60528699 DTXSID50538207 DTXSID70498152
DTXSID00663412	DTXSID50675065 DTXSID80653437 DTXSID40169908 DTXSID00822163 DTXSID20545105 DTXSID50893606 DTXSID10385012 DTXSID00587649 DTXSID60353524 DTXSID50427167 DTXSID90598229 DTXSID30708168 DTXSID20815799 DTXSID10645249 DTXSID90570505 DTXSID90666452 DTXSID20645255 DTXSID10659285 DTXSID80594755 DTXSID00309808
DTXSID90302606	DTXSID80576899 DTXSID80560258 DTXSID00559144 DTXSID10783438 DTXSID00775887 DTXSID40208523 DTXSID6063511 DTXSID70622612 DTXSID60173926 DTXSID2063765 DTXSID90765171 DTXSID4052005 DTXSID1062546 DTXSID90660430 DTXSID90404730 DTXSID50757335 DTXSID50410539 DTXSID70751310 DTXSID50783437 DTXSID10757336
DTXSID70773471	DTXSID40551263 DTXSID40145843 DTXSID30886233 DTXSID80352251 DTXSID70876870 DTXSID30854634 DTXSID10442876 DTXSID80678180 DTXSID90147751 DTXSID40180658 DTXSID70562423 DTXSID60281333 DTXSID80443759 DTXSID00593189 DTXSID70514886 DTXSID30468098 DTXSID60321021 DTXSID60804228 DTXSID30514887 DTXSID80640842
DTXSID30579759	DTXSID10288332 DTXSID50743511 DTXSID10563954 DTXSID70446597 DTXSID60212142 DTXSID70742783 DTXSID90507811 DTXSID80666461 DTXSID40896121 DTXSID50280274 DTXSID60438865 DTXSID10808695 DTXSID00353104 DTXSID40425995 DTXSID00678940 DTXSID50736064 DTXSID90608771 DTXSID30561699 DTXSID20375085 DTXSID60395929
DTXSID50383239	DTXSID10707634 DTXSID40181180 DTXSID50506067 DTXSID60335284 DTXSID80469499 DTXSID20633798 DTXSID80239336 DTXSID40228625 DTXSID20501347 DTXSID9022237 DTXSID40841656 DTXSID20730473 DTXSID00755265 DTXSID10588026 DTXSID30571612 DTXSID40671632 DTXSID90577877 DTXSID40199265 DTXSID70487026 DTXSID00213411
DTXSID50454276	DTXSID70388408 DTXSID00312413 DTXSID50481325 DTXSID20189700 DTXSID90664317 DTXSID20879154 DTXSID80418427 DTXSID80813554 DTXSID30766203 DTXSID60696529 DTXSID90445749 DTXSID70729352 DTXSID30889784 DTXSID80172734 DTXSID50739813 DTXSID60408361 DTXSID80503569 DTXSID70652636 DTXSID80621994 DTXSID70694839
DTXSID70241241	DTXSID90240731 DTXSID80759781 DTXSID00432064 DTXSID60752952 DTXSID70822857 DTXSID30146203 DTXSID10648492 DTXSID90755850 DTXSID5070602 DTXSID0062896 DTXSID80338050 DTXSID10771451 DTXSID00887737 DTXSID70785392 DTXSID5068237 DTXSID90599953 DTXSID70450674 DTXSID50804111 DTXSID80853814 DTXSID40195666
DTXSID2068137	DTXSID60542496 DTXSID20700217 DTXSID60875736 DTXSID20173629 DTXSID80655491 DTXSID00597940 DTXSID30291308 DTXSID90513997 DTXSID10143558 DTXSID70803782 DTXSID60768134 DTXSID90178202 DTXSID70477482 DTXSID00537482 DTXSID40674724 DTXSID30379473 DTXSID80725643 DTXSID50509992 DTXSID40288860 DTXSID00604345
DTXSID00223116	DTXSID10765032 DTXSID10672217 DTXSID60486664 DTXSID30502461 DTXSID50234732 DTXSID10766741 DTXSID50724466 DTXSID40847052 DTXSID90705799 DTXSID10568929 DTXSID10313532 DTXSID00190899 DTXSID60458866 DTXSID40734110 DTXSID50555378 DTXSID80198656 DTXSID60866760 DTXSID20502450 DTXSID20612381 DTXSID20550310
DTXSID10778389	DTXSID50505358 DTXSID10297585 DTXSID50313056 DTXSID60174711 DTXSID20212729 DTXSID20167826 DTXSID90556965 DTXSID20342752 DTXSID80423814 DTXSID80179102 DTXSID20733065 DTXSID00560770 DTXSID40455419 DTXSID60834747 DTXSID40392951 DTXSID60277670 DTXSID30332861 DTXSID40472146 DTXSID00635194 DTXSID80169503
DTXSID10398268	DTXSID50421786 DTXSID80551161 DTXSID20593166 DTXSID20307225 DTXSID60649212 DTXSID10563479 DTXSID50652836 DTXSID10313815 DTXSID00401210 DTXSID40847597 DTXSID00728974 DTXSID8068202 DTXSID50300042 DTXSID90733638 DTXSID80436888 DTXSID30296292 DTXSID30553978 DTXSID30400690 DTXSID80589808 DTXSID30558488
DTXSID40758639	DTXSID60312318 DTXSID60663554 DTXSID70455785 DTXSID60390974 DTXSID20556857 DTXSID80856466 DTXSID30462975 DTXSID60630226 DTXSID80295533 DTXSID50855981 DTXSID20729766 DTXSID50518509 DTXSID00646467 DTXSID00501648 DTXSID00680563 DTXSID90406890 DTXSID70569452 DTXSID40656126 DTXSID90515835 DTXSID20590599
DTXSID7023194	DTXSID10491980 DTXSID70668075 DTXSID90205587 DTXSID00854560 DTXSID70283222 DTXSID40357580 DTXSID90405585 DTXSID60803872 DTXSID50681040 DTXSID20307184 DTXSID60320630 DTXSID20540610 DTXSID80879397 DTXSID80395860 DTXSID70174964 DTXSID40183785 DTXSID10494193 DTXSID80349621 DTXSID10441041 DTXSID00201055
DTXSID30306426	DTXSID50596746 DTXSID10749579 DTXSID50604173 DTXSID8024787 DTXSID60615215 DTXSID80373744 DTXSID10340949 DTXSID60641014 DTXSID00720635 DTXSID70478257 DTXSID80686346 DTXSID60707361 DTXSID80457932 DTXSID30789876 DTXSID40415917 DTXSID10454010 DTXSID20324518 DTXSID40832084 DTXSID90577216 DTXSID30855949
DTXSID50628091	DTXSID70373576 DTXSID20393249 DTXSID50361411 DTXSID10148321 DTXSID80588038 DTXSID70538885 DTXSID60734490 DTXSID80470843 DTXSID90739897 DTXSID30717210 DTXSID40713743 DTXSID90551056 DTXSID50667344 DTXSID00876287 DTXSID80291373 DTXSID10303695 DTXSID20793821 DTXSID70469908 DTXSID40809650 DTXSID70891588
DTXSID60343642	DTXSID70424198 DTXSID10466719 DTXSID80638709 DTXSID10466890 DTXSID70372307 DTXSID10778026 DTXSID4040343 DTXSID30857448 DTXSID90456395 DTXSID40165147 DTXSID20372110 DTXSID30344343 DTXSID90807803 DTXSID70650576 DTXSID20849776 DTXSID20632246 DTXSID60347781 DTXSID50457580 DTXSID50163578 DTXSID10735558
DTXSID30628918	DTXSID40629214 DTXSID80428662 DTXSID60400325 DTXSID60373803 DTXSID30853743 DTXSID80787605 DTXSID30824690 DTXSID00739525 DTXSID00314154 DTXSID00742973 DTXSID50323731 DTXSID20193125 DTXSID80741368 DTXSID60589644 DTXSID00832287 DTXSID80538619 DTXSID80196773 DTXSID00668225 DTXSID10584765 DTXSID40597080
DTXSID30583038	DTXSID80810068 DTXSID30583371 DTXSID90596508 DTXSID30501474 DTXSID70602333 DTXSID70471682 DTXSID60621912 DTXSID80337720 DTXSID20886101 DTXSID30471749 DTXSID40328396 DTXSID60612921 DTXSID90618219 DTXSID60616843 DTXSID60312176 DTXSID60655358 DTXSID70484651 DTXSID0058514 DTXSID60415636 DTXSID10496253
DTXSID30791999	DTXSID60896426 DTXSID00877198 DTXSID60327083 DTXSID20476506 DTXSID60161040 DTXSID60875812 DTXSID30317294 DTXSID90794628 DTXSID60896421 DTXSID90222451 DTXSID40698521 DTXSID70889001 DTXSID80854048 DTXSID40877197 DTXSID30823663 DTXSID30789432 DTXSID80349702 DTXSID40652300 DTXSID90312927 DTXSID20234486
DTXSID20726376	DTXSID40612666 DTXSID80288283 DTXSID30675048 DTXSID90675064 DTXSID30842718 DTXSID20445797 DTXSID10298456 DTXSID30293963 DTXSID80296964 DTXSID90757551 DTXSID00731322 DTXSID40751468 DTXSID70648998 DTXSID90706185 DTXSID80308177 DTXSID10672873 DTXSID00681696 DTXSID00344971 DTXSID80430144 DTXSID90727173
DTXSID90440375	DTXSID00592137 DTXSID90338627 DTXSID90558984 DTXSID70525598 DTXSID20829639 DTXSID80626000 DTXSID30845542 DTXSID60368274 DTXSID4072316 DTXSID00452661 DTXSID9070612 DTXSID00500111 DTXSID70349498 DTXSID90323992 DTXSID00660507 DTXSID90187596 DTXSID50144802 DTXSID90243843 DTXSID10512361 DTXSID90826195
DTXSID10166661	DTXSID20652828 DTXSID80541527 DTXSID60632568 DTXSID50632779 DTXSID10214297 DTXSID50610734 DTXSID70768221 DTXSID80819157 DTXSID70599254 DTXSID10343415 DTXSID10189517 DTXSID00618124 DTXSID40344319 DTXSID50850557 DTXSID60807198 DTXSID10594329 DTXSID20472346 DTXSID40663355 DTXSID20301864 DTXSID00725569
DTXSID30843644	DTXSID50304707 DTXSID60187083 DTXSID20708955 DTXSID2071071 DTXSID20325065 DTXSID20879472 DTXSID50646755 DTXSID70667604 DTXSID80656180 DTXSID80613172 DTXSID00730012 DTXSID20656063 DTXSID00712035 DTXSID10224533 DTXSID90584703 DTXSID70672798 DTXSID30657804 DTXSID90597717 DTXSID80613192 DTXSID80560576
DTXSID20754452	DTXSID50700528 DTXSID30827388 DTXSID60239677 DTXSID10783832 DTXSID30297769 DTXSID80705607 DTXSID60711882 DTXSID10892094 DTXSID50737490 DTXSID50792261 DTXSID10347973 DTXSID20341664 DTXSID40341661 DTXSID40341666 DTXSID30433605 DTXSID70346765 DTXSID40647397 DTXSID70242536 DTXSID80341660 DTXSID90709590
DTXSID00409352	DTXSID40679875 DTXSID60312176 DTXSID70218155 DTXSID30854114 DTXSID80463053 DTXSID60415636 DTXSID10672434 DTXSID00446262 DTXSID50801589 DTXSID40757804 DTXSID50226213 DTXSID70498152 DTXSID6065052 DTXSID40279910 DTXSID70597659 DTXSID30458691 DTXSID1044514 DTXSID30406531 DTXSID40458723 DTXSID50646674
DTXSID60281333	DTXSID30854634 DTXSID10156704 DTXSID60321021 DTXSID70788843 DTXSID70773471 DTXSID90147751 DTXSID10442876 DTXSID30468098 DTXSID80352251 DTXSID50313596 DTXSID40551263 DTXSID70528064 DTXSID50833688 DTXSID70876870 DTXSID80424169 DTXSID40145843 DTXSID10364382 DTXSID30886233 DTXSID30287620 DTXSID00593189
DTXSID20281692	DTXSID40207955 DTXSID40619296 DTXSID90385934 DTXSID00579983 DTXSID80889294 DTXSID30642376 DTXSID90768041 DTXSID70598186 DTXSID90400696 DTXSID50821545 DTXSID00318718 DTXSID80444347 DTXSID20316433 DTXSID80323663 DTXSID70376901 DTXSID90845982 DTXSID30828774 DTXSID80851436 DTXSID90630138 DTXSID60818047
DTXSID80597943	DTXSID40661659 DTXSID70382567 DTXSID00681055 DTXSID80475919 DTXSID80733081 DTXSID10308665 DTXSID60561849 DTXSID30343679 DTXSID90370966 DTXSID90693208 DTXSID20879058 DTXSID20477518 DTXSID50737516 DTXSID80436661 DTXSID80304336 DTXSID70560101 DTXSID10379411 DTXSID00377007 DTXSID40615374 DTXSID30671904
DTXSID40200729	DTXSID00642146 DTXSID30726443 DTXSID00603530 DTXSID60193508 DTXSID50819321 DTXSID30418639 DTXSID50481946 DTXSID80405074 DTXSID40392234 DTXSID40304150 DTXSID50709551 DTXSID60856924 DTXSID50742746 DTXSID60460080 DTXSID50368783 DTXSID40782439 DTXSID50680477 DTXSID50354888 DTXSID30350808 DTXSID50879561
DTXSID40555903	DTXSID90348963 DTXSID20676827 DTXSID20852583 DTXSID30352640 DTXSID40812861 DTXSID30525099 DTXSID40791602 DTXSID90819507 DTXSID20604968 DTXSID40494722 DTXSID30546800 DTXSID20297758 DTXSID90224076 DTXSID30303394 DTXSID20714718 DTXSID80178751 DTXSID90152880 DTXSID00878988 DTXSID10359430 DTXSID30856476
DTXSID10831908	DTXSID90193758 DTXSID40720210 DTXSID40384679 DTXSID9065364 DTXSID00603050 DTXSID70783414 DTXSID30506707 DTXSID70639144 DTXSID30651201 DTXSID90388561 DTXSID50712227 DTXSID40334154 DTXSID20609170 DTXSID00182673 DTXSID10280755 DTXSID40407377 DTXSID70402698 DTXSID7051686 DTXSID20579647 DTXSID40460886
DTXSID10427320	DTXSID80500114 DTXSID60610700 DTXSID00307642 DTXSID80381501 DTXSID60383684 DTXSID90162424 DTXSID30646571 DTXSID40432169 DTXSID10694595 DTXSID20382350 DTXSID10753257 DTXSID70350302 DTXSID50535857 DTXSID90646895 DTXSID50283447 DTXSID80505982 DTXSID70665448 DTXSID40390270 DTXSID00211053 DTXSID40671112
DTXSID80700910	DTXSID00300092 DTXSID10225964 DTXSID70791993 DTXSID80839633 DTXSID60520198 DTXSID80787928 DTXSID40748373 DTXSID80305929 DTXSID20627031 DTXSID40763243 DTXSID50432918 DTXSID70764187 DTXSID30793711 DTXSID20896780 DTXSID70866337 DTXSID70240355 DTXSID60840328 DTXSID20567448 DTXSID60188550 DTXSID40413276
DTXSID70845187	DTXSID70308404 DTXSID10218755 DTXSID60642405 DTXSID00588237 DTXSID70515611 DTXSID7057787 DTXSID10478690 DTXSID40806220 DTXSID10602135 DTXSID80298887 DTXSID20278163 DTXSID70810077 DTXSID70471445 DTXSID90675221 DTXSID50193274 DTXSID50496595 DTXSID70399418 DTXSID00541347 DTXSID60646943 DTXSID50218754
DTXSID40289458	DTXSID20848446 DTXSID30652637 DTXSID00651859 DTXSID20630368 DTXSID90877561 DTXSID00418545 DTXSID20503528 DTXSID90702268 DTXSID10481523 DTXSID40325042 DTXSID00502372 DTXSID20830144 DTXSID9025403 DTXSID90585831 DTXSID7044764 DTXSID70223906 DTXSID90707511 DTXSID40671632 DTXSID50642050 DTXSID30571612
DTXSID80436661	DTXSID10308665 DTXSID90722921 DTXSID30343679 DTXSID90348968 DTXSID40348731 DTXSID90693208 DTXSID70616314 DTXSID00681055 DTXSID20879058 DTXSID40661659 DTXSID10777190 DTXSID80597943 DTXSID90370966 DTXSID60561849 DTXSID30401026 DTXSID70142845 DTXSID80733081 DTXSID00377007 DTXSID20383685 DTXSID00214044
DTXSID10564764	DTXSID20591743 DTXSID30419742 DTXSID60358175 DTXSID30505336 DTXSID60284147 DTXSID10282310 DTXSID00528158 DTXSID90156823 DTXSID60733408 DTXSID40528152 DTXSID70327150 DTXSID50670919 DTXSID70499149 DTXSID20668222 DTXSID40197327 DTXSID10174948 DTXSID70403367 DTXSID60583001 DTXSID50546887 DTXSID40321322
DTXSID10560226	DTXSID00338633 DTXSID00405955 DTXSID50736206 DTXSID80275936 DTXSID60399760 DTXSID50505318 DTXSID90850096 DTXSID10410373 DTXSID00405935 DTXSID80156756 DTXSID50286514 DTXSID50465827 DTXSID60754572 DTXSID10649722 DTXSID10463021 DTXSID30671323 DTXSID60738998 DTXSID70284653 DTXSID10809501 DTXSID40701589
DTXSID80180894	DTXSID50833527 DTXSID50589815 DTXSID30204953 DTXSID10606552 DTXSID60840166 DTXSID50338880 DTXSID30331379 DTXSID30817906 DTXSID00542470 DTXSID30590308 DTXSID70754826 DTXSID90649245 DTXSID40243196 DTXSID00504230 DTXSID90570287 DTXSID70846614 DTXSID60277534 DTXSID40309701 DTXSID50709091 DTXSID50149857
DTXSID30481989	DTXSID40432846 DTXSID60228324 DTXSID80323385 DTXSID60885395 DTXSID30574401 DTXSID90175897 DTXSID30777990 DTXSID60786631 DTXSID90790605 DTXSID40310256 DTXSID20308494 DTXSID80600986 DTXSID00604441 DTXSID90557134 DTXSID90306821 DTXSID70475029 DTXSID10781712 DTXSID30813044 DTXSID10831741 DTXSID90209803
DTXSID30752484	DTXSID90570323 DTXSID60743481 DTXSID90842471 DTXSID90336082 DTXSID60441410 DTXSID60240187 DTXSID70612250 DTXSID80493638 DTXSID00767909 DTXSID40886941 DTXSID70848557 DTXSID90176884 DTXSID00530115 DTXSID20449654 DTXSID40781200 DTXSID10185514 DTXSID00216947 DTXSID50726480 DTXSID20651114 DTXSID90381395
DTXSID00507064	DTXSID20540059 DTXSID40163406 DTXSID00715541 DTXSID60761685 DTXSID00616882 DTXSID50703291 DTXSID40455873 DTXSID50840392 DTXSID00701883 DTXSID50878074 DTXSID80660707 DTXSID50701934 DTXSID90825880 DTXSID90375214 DTXSID50365777 DTXSID70487304 DTXSID70563071 DTXSID10145133 DTXSID70798725 DTXSID30815008
DTXSID20394317	DTXSID3066267 DTXSID50747579 DTXSID10426095 DTXSID10672873 DTXSID20445797 DTXSID40724874 DTXSID80288283 DTXSID40385722 DTXSID90675064 DTXSID60725848 DTXSID40592792 DTXSID70580369 DTXSID70648998 DTXSID20726376 DTXSID30675048 DTXSID40854049 DTXSID30293963 DTXSID60701102 DTXSID40751468 DTXSID80296964
DTXSID20406141	DTXSID50450930 DTXSID30750945 DTXSID00839751 DTXSID60725101 DTXSID70315971 DTXSID40390932 DTXSID10408856 DTXSID10198205 DTXSID60340974 DTXSID30280974 DTXSID50395110 DTXSID50635285 DTXSID40757309 DTXSID50406932 DTXSID40758917 DTXSID20398810 DTXSID00559149 DTXSID80440647 DTXSID80814102 DTXSID20647693
DTXSID00560770	DTXSID80179102 DTXSID60169208 DTXSID60277670 DTXSID80169503 DTXSID60834747 DTXSID50632214 DTXSID20733065 DTXSID40455419 DTXSID60654826 DTXSID70179095 DTXSID90365271 DTXSID20680227 DTXSID70709538 DTXSID10297585 DTXSID80423814 DTXSID70405947 DTXSID20167826 DTXSID00635194 DTXSID40472146 DTXSID30572765
DTXSID50677665	DTXSID60604220 DTXSID90501531 DTXSID00377183 DTXSID90499429 DTXSID00836962 DTXSID40641173 DTXSID40395861 DTXSID60482388 DTXSID90788047 DTXSID40235753 DTXSID50734909 DTXSID70182509 DTXSID70598444 DTXSID40724556 DTXSID20474022 DTXSID40324499 DTXSID20307866 DTXSID60569385 DTXSID00366178 DTXSID20174712
DTXSID40285733	DTXSID60219237 DTXSID00542970 DTXSID50568185 DTXSID80332674 DTXSID60513909 DTXSID60339080 DTXSID20203379 DTXSID30340426 DTXSID20459137 DTXSID60599405 DTXSID70507091 DTXSID70531336 DTXSID60183020 DTXSID50786221 DTXSID00340731 DTXSID80615999 DTXSID80771201 DTXSID70825323 DTXSID70325893 DTXSID20443455
DTXSID50152846	DTXSID40435251 DTXSID80341241 DTXSID60572394 DTXSID40574457 DTXSID30399353 DTXSID90788825 DTXSID80835635 DTXSID90513437 DTXSID50402671 DTXSID20771280 DTXSID20213736 DTXSID40829530 DTXSID20336196 DTXSID30650890 DTXSID30418073 DTXSID30652778 DTXSID00421433 DTXSID60458280 DTXSID90278559 DTXSID80199320
DTXSID20590271	DTXSID60317383 DTXSID20815799 DTXSID90434118 DTXSID80594755 DTXSID00587649 DTXSID50893606 DTXSID80703825 DTXSID30314804 DTXSID30708168 DTXSID6067549 DTXSID20651159 DTXSID40820466 DTXSID00242185 DTXSID00309808 DTXSID20598570 DTXSID60353524 DTXSID90598229 DTXSID00663412 DTXSID50228318 DTXSID10879320
DTXSID50423907	DTXSID60887995 DTXSID6070560 DTXSID20454682 DTXSID50858836 DTXSID00203059 DTXSID70743932 DTXSID20675239 DTXSID60499097 DTXSID30815008 DTXSID90445022 DTXSID10647309 DTXSID70563071 DTXSID10145133 DTXSID60834161 DTXSID90284610 DTXSID70798725 DTXSID80399161 DTXSID40820608 DTXSID4059540 DTXSID70502400
DTXSID70356581	DTXSID1051692 DTXSID70855069 DTXSID00563862 DTXSID70392702 DTXSID90675241 DTXSID40143001 DTXSID40510597 DTXSID20660362 DTXSID30616532 DTXSID00750356 DTXSID60827513 DTXSID40470283 DTXSID10802714 DTXSID40702713 DTXSID50437584 DTXSID60315304 DTXSID70325651 DTXSID00844946 DTXSID30660373 DTXSID50850153
DTXSID20533380	DTXSID00416965 DTXSID50280032 DTXSID20780913 DTXSID20513687 DTXSID30831501 DTXSID10325736 DTXSID70438179 DTXSID30531150 DTXSID80356315 DTXSID40312371 DTXSID80763949 DTXSID40874080 DTXSID90567430 DTXSID30610111 DTXSID50550262 DTXSID60456529 DTXSID60634906 DTXSID70791014 DTXSID00489134 DTXSID90594948
DTXSID40617934	DTXSID60510635 DTXSID60291078 DTXSID20798412 DTXSID80442686 DTXSID10425129 DTXSID20811357 DTXSID80324357 DTXSID40194558 DTXSID90402498 DTXSID60325125 DTXSID40415679 DTXSID80558271 DTXSID90759338 DTXSID20327009 DTXSID20416442 DTXSID10541414 DTXSID80631275 DTXSID50760389 DTXSID80349621 DTXSID90445805
DTXSID10640133	DTXSID50843904 DTXSID60722973 DTXSID00727285 DTXSID40452221 DTXSID20681991 DTXSID40625933 DTXSID20728991 DTXSID20415399 DTXSID10743259 DTXSID30571112 DTXSID30478859 DTXSID80724732 DTXSID70346321 DTXSID10469624 DTXSID20589443 DTXSID90694856 DTXSID60717162 DTXSID90473163 DTXSID20856708 DTXSID70588229
DTXSID50552842	DTXSID70398688 DTXSID60209613 DTXSID80811237 DTXSID80449453 DTXSID30805681 DTXSID30431606 DTXSID50716826 DTXSID00198572 DTXSID30588563 DTXSID80769229 DTXSID30701937 DTXSID70793053 DTXSID30727894 DTXSID90702066 DTXSID00755240 DTXSID70703874 DTXSID20699051 DTXSID30493143 DTXSID10831741 DTXSID70694495
DTXSID50802031	DTXSID20177142 DTXSID5059163 DTXSID40468781 DTXSID40729783 DTXSID70359355 DTXSID1058393 DTXSID40836047 DTXSID20697072 DTXSID00653050 DTXSID40694422 DTXSID30546042 DTXSID10398708 DTXSID80534075 DTXSID30790189 DTXSID10191993 DTXSID9059541 DTXSID20390738 DTXSID20389647 DTXSID50755018 DTXSID20747682
DTXSID60514991	DTXSID60519486 DTXSID00625136 DTXSID00640283 DTXSID40629370 DTXSID1068853 DTXSID40439279 DTXSID20655394 DTXSID80693833 DTXSID20595640 DTXSID20429436 DTXSID80456102 DTXSID20322579 DTXSID70715619 DTXSID50848459 DTXSID00829056 DTXSID40418766 DTXSID40443371 DTXSID40546790 DTXSID60155343 DTXSID10345131
DTXSID10467660	DTXSID50545613 DTXSID50851665 DTXSID40797200 DTXSID10627489 DTXSID60625556 DTXSID50568908 DTXSID90433782 DTXSID20148998 DTXSID20547861 DTXSID50825321 DTXSID30808778 DTXSID20614320 DTXSID30346509 DTXSID00551027 DTXSID50224219 DTXSID30793711 DTXSID00405738 DTXSID70240355 DTXSID00171365 DTXSID60188550
DTXSID80440647	DTXSID10198205 DTXSID40334275 DTXSID40758917 DTXSID50406932 DTXSID20647693 DTXSID80814102 DTXSID90442410 DTXSID90462936 DTXSID70315971 DTXSID00839751 DTXSID20354870 DTXSID70226290 DTXSID60725101 DTXSID00411738 DTXSID40380277 DTXSID1061998 DTXSID50494753 DTXSID00669479 DTXSID50635285 DTXSID10349472
DTXSID70799373	DTXSID60848061 DTXSID40585508 DTXSID90661225 DTXSID40700572 DTXSID80553342 DTXSID00833719 DTXSID80619876 DTXSID80292582 DTXSID80808541 DTXSID70547371 DTXSID70795315 DTXSID40814724 DTXSID5022803 DTXSID00856766 DTXSID50175277 DTXSID10875923 DTXSID50453481 DTXSID10710663 DTXSID80679218 DTXSID60150590
DTXSID40343468	DTXSID60893915 DTXSID50813501 DTXSID50783876 DTXSID10364529 DTXSID90877304 DTXSID50707951 DTXSID20542816 DTXSID70398406 DTXSID00331164 DTXSID20667735 DTXSID90284832 DTXSID40775609 DTXSID70836510 DTXSID50640314 DTXSID30213626 DTXSID00406523 DTXSID30332528 DTXSID20443399 DTXSID30424634 DTXSID20808020
DTXSID80646465	DTXSID80729308 DTXSID70613904 DTXSID30453025 DTXSID90354120 DTXSID40321322 DTXSID40528152 DTXSID20668222 DTXSID70711898 DTXSID70749176 DTXSID70619188 DTXSID60284147 DTXSID80191703 DTXSID70857280 DTXSID80374438 DTXSID80627991 DTXSID30628892 DTXSID70615761 DTXSID00461157 DTXSID80175922 DTXSID20180252
DTXSID9044164	DTXSID90527776 DTXSID20381262 DTXSID50220236 DTXSID40405939 DTXSID8022169 DTXSID20378874 DTXSID60399725 DTXSID60656901 DTXSID90338980 DTXSID30794804 DTXSID40195489 DTXSID70532929 DTXSID40851134 DTXSID20511921 DTXSID80708355 DTXSID70286738 DTXSID00423654 DTXSID00170095 DTXSID00298647 DTXSID60600126
DTXSID70202690	DTXSID00501264 DTXSID30181371 DTXSID90324363 DTXSID20616925 DTXSID70447645 DTXSID70651144 DTXSID30407987 DTXSID50640470 DTXSID30389638 DTXSID00865494 DTXSID60307320 DTXSID00394330 DTXSID50306004 DTXSID60711645 DTXSID90547999 DTXSID40191426 DTXSID20891139 DTXSID60239672 DTXSID10655924 DTXSID80342814
DTXSID80457932	DTXSID40832084 DTXSID60615215 DTXSID30772364 DTXSID3068592 DTXSID50596746 DTXSID30306426 DTXSID70478257 DTXSID40496120 DTXSID80373744 DTXSID10749579 DTXSID70452133 DTXSID80828986 DTXSID50604173 DTXSID20324518 DTXSID10483325 DTXSID40415917 DTXSID50274133 DTXSID8024787 DTXSID90383293 DTXSID10340949
DTXSID50160981	DTXSID60277534 DTXSID30199370 DTXSID90553131 DTXSID80406844 DTXSID40243196 DTXSID50390706 DTXSID90570287 DTXSID60597325 DTXSID40309701 DTXSID70197512 DTXSID70425867 DTXSID10343531 DTXSID60702573 DTXSID70730145 DTXSID00568892 DTXSID90755017 DTXSID70810274 DTXSID90634530 DTXSID40243434 DTXSID20285670
DTXSID00896208	DTXSID30348402 DTXSID10310521 DTXSID10896335 DTXSID90513997 DTXSID10143558 DTXSID80785585 DTXSID60542496 DTXSID20700217 DTXSID2068137 DTXSID20173629 DTXSID80655491 DTXSID70803782 DTXSID30291308 DTXSID00597940 DTXSID00537482 DTXSID60875736 DTXSID30379473 DTXSID70615549 DTXSID20883357 DTXSID70314449
DTXSID10214196	DTXSID90759515 DTXSID4047541 DTXSID70836550 DTXSID20627495 DTXSID90707415 DTXSID60697410 DTXSID40143485 DTXSID60447573 DTXSID50562800 DTXSID50343292 DTXSID00652780 DTXSID60519360 DTXSID70849923 DTXSID10443666 DTXSID90291501 DTXSID3061920 DTXSID40693334 DTXSID20200787 DTXSID40615793 DTXSID00171840
DTXSID70424198	DTXSID60343642 DTXSID10466719 DTXSID80638709 DTXSID10466890 DTXSID10778026 DTXSID4040343 DTXSID70372307 DTXSID30857448 DTXSID40165147 DTXSID90456395 DTXSID20372110 DTXSID90807803 DTXSID70650576 DTXSID60347781 DTXSID30344343 DTXSID20849776 DTXSID50457580 DTXSID20632246 DTXSID50163578 DTXSID10735558
DTXSID30865700	DTXSID10577450 DTXSID00632966 DTXSID40816728 DTXSID20613499 DTXSID30851466 DTXSID60795081 DTXSID70709896 DTXSID50816734 DTXSID90796788 DTXSID60536552 DTXSID40636908 DTXSID00756111 DTXSID00161882 DTXSID80742456 DTXSID00787066 DTXSID10822073 DTXSID80633759 DTXSID50811567 DTXSID70842010 DTXSID30408717
DTXSID20595680	DTXSID80320773 DTXSID10533314 DTXSID10593776 DTXSID60592557 DTXSID80626883 DTXSID60476747 DTXSID90625943 DTXSID00622620 DTXSID90419162 DTXSID40350132 DTXSID60298688 DTXSID80568895 DTXSID60671114 DTXSID00659436 DTXSID60415535 DTXSID30357635 DTXSID10389373 DTXSID90284478 DTXSID80170790 DTXSID10645244
DTXSID90510688	DTXSID50595274 DTXSID60813572 DTXSID40287813 DTXSID50594348 DTXSID60502116 DTXSID30160883 DTXSID90657446 DTXSID90154602 DTXSID80295957 DTXSID20681875 DTXSID90884376 DTXSID20427937 DTXSID90342643 DTXSID30321477 DTXSID30445344 DTXSID00645374 DTXSID20879154 DTXSID50876015 DTXSID00493150 DTXSID00441090
DTXSID20590413	DTXSID20623710 DTXSID40694386 DTXSID00486769 DTXSID90626591 DTXSID20847232 DTXSID10548160 DTXSID30277844 DTXSID00419451 DTXSID20761262 DTXSID70736602 DTXSID70586169 DTXSID70601927 DTXSID40577988 DTXSID10847428 DTXSID90727173 DTXSID70392924 DTXSID80513800 DTXSID80552653 DTXSID90519676 DTXSID60831973
DTXSID30464712	DTXSID20738530 DTXSID70526808 DTXSID00520839 DTXSID50384160 DTXSID70336101 DTXSID90827602 DTXSID80801219 DTXSID60405698 DTXSID90661048 DTXSID30609984 DTXSID80451632 DTXSID70445949 DTXSID90373674 DTXSID70291387 DTXSID40568598 DTXSID60734071 DTXSID90602810 DTXSID50825200 DTXSID60655318 DTXSID90591699
DTXSID00655190	DTXSID60448429 DTXSID70817627 DTXSID60642041 DTXSID70439005 DTXSID60881211 DTXSID40751968 DTXSID20888226 DTXSID90751933 DTXSID70809300 DTXSID30656776 DTXSID70614092 DTXSID50838597 DTXSID70880654 DTXSID10551876 DTXSID50296299 DTXSID1042659 DTXSID20463411 DTXSID10149196 DTXSID60241518 DTXSID80159287
DTXSID90293308	DTXSID20697239 DTXSID60833316 DTXSID50708403 DTXSID80450049 DTXSID10512301 DTXSID20352992 DTXSID50408597 DTXSID00858129 DTXSID50388229 DTXSID40291475 DTXSID20285195 DTXSID40846969 DTXSID90400712 DTXSID50397735 DTXSID20790592 DTXSID10436856 DTXSID00651975 DTXSID60442705 DTXSID80757646 DTXSID30747895
DTXSID20167427	DTXSID40525565 DTXSID50210773 DTXSID00307829 DTXSID90321852 DTXSID8068171 DTXSID10378500 DTXSID90284832 DTXSID90398180 DTXSID80198656 DTXSID50346667 DTXSID20612381 DTXSID90565613 DTXSID40337105 DTXSID50783876 DTXSID20808020 DTXSID30424634 DTXSID10506745 DTXSID70836510 DTXSID60682265 DTXSID40734110
DTXSID00887737	DTXSID0062896 DTXSID80338050 DTXSID70340864 DTXSID80816363 DTXSID90619786 DTXSID30146203 DTXSID00432089 DTXSID00432064 DTXSID80759781 DTXSID5068237 DTXSID10658859 DTXSID20184573 DTXSID50753837 DTXSID00647136 DTXSID30769931 DTXSID70241241 DTXSID90240731 DTXSID7063348 DTXSID50307511 DTXSID0074637
DTXSID60583001	DTXSID40538554 DTXSID20655894 DTXSID10435248 DTXSID50670919 DTXSID30505336 DTXSID90156823 DTXSID10726481 DTXSID20677798 DTXSID50546887 DTXSID50206878 DTXSID00701106 DTXSID20646787 DTXSID10282310 DTXSID80528156 DTXSID80404406 DTXSID70403367 DTXSID00528158 DTXSID90292093 DTXSID10564764 DTXSID30676873
DTXSID70457305	DTXSID90509214 DTXSID80531423 DTXSID90334149 DTXSID40581323 DTXSID00719322 DTXSID20630782 DTXSID50340948 DTXSID00225190 DTXSID40431657 DTXSID40833839 DTXSID00597642 DTXSID10733817 DTXSID50853381 DTXSID00750356 DTXSID70517256 DTXSID60580217 DTXSID40303729 DTXSID50515371 DTXSID20798912 DTXSID30575872
DTXSID30858713	DTXSID00582912 DTXSID50729234 DTXSID40708275 DTXSID10501058 DTXSID90749330 DTXSID20518379 DTXSID5061245 DTXSID2052447 DTXSID50179492 DTXSID20476203 DTXSID80448244 DTXSID90152446 DTXSID00550732 DTXSID40472146 DTXSID40455419 DTXSID60600126 DTXSID60550733 DTXSID5072486 DTXSID60654826 DTXSID60488421
DTXSID30589575	DTXSID90215565 DTXSID00598513 DTXSID20528397 DTXSID00818667 DTXSID60876900 DTXSID20886929 DTXSID70670577 DTXSID30541572 DTXSID50604052 DTXSID90728665 DTXSID80616800 DTXSID70496097 DTXSID10440059 DTXSID10527213 DTXSID00706792 DTXSID00145324 DTXSID70534660 DTXSID00428720 DTXSID90561074 DTXSID70623987
DTXSID70399418	DTXSID70471445 DTXSID00568670 DTXSID50848994 DTXSID7057787 DTXSID00405117 DTXSID90817745 DTXSID00293935 DTXSID00588237 DTXSID10496814 DTXSID90662833 DTXSID70176266 DTXSID60734213 DTXSID10478690 DTXSID80211571 DTXSID70425569 DTXSID40588519 DTXSID70515611 DTXSID50303033 DTXSID10602135 DTXSID50457308
DTXSID20345349	DTXSID50633221 DTXSID90646350 DTXSID90602855 DTXSID8067602 DTXSID40857535 DTXSID10646251 DTXSID00559664 DTXSID30370783 DTXSID40496029 DTXSID50346844 DTXSID80648161 DTXSID50342720 DTXSID70442433 DTXSID40365226 DTXSID00671936 DTXSID70658234 DTXSID30837225 DTXSID30351057 DTXSID50729193 DTXSID90626273
DTXSID00606703	DTXSID10438850 DTXSID90628893 DTXSID10361215 DTXSID00302495 DTXSID70357452 DTXSID90439183 DTXSID40456163 DTXSID30460577 DTXSID00178112 DTXSID90320648 DTXSID40358815 DTXSID80438847 DTXSID70857447 DTXSID70883463 DTXSID00614904 DTXSID90343534 DTXSID40279773 DTXSID70766489 DTXSID40509007 DTXSID50301953
DTXSID60520198	DTXSID20627031 DTXSID40748373 DTXSID00300092 DTXSID40413276 DTXSID70791993 DTXSID80700910 DTXSID70240355 DTXSID60188550 DTXSID60704451 DTXSID50572782 DTXSID40763243 DTXSID30793711 DTXSID20148998 DTXSID20563228 DTXSID80305929 DTXSID10225964 DTXSID80839633 DTXSID80787928 DTXSID70764248 DTXSID20547861
DTXSID20406242	DTXSID30441386 DTXSID50609340 DTXSID30798923 DTXSID80459037 DTXSID90528945 DTXSID00850007 DTXSID60528538 DTXSID90170084 DTXSID90293828 DTXSID20346871 DTXSID60406004 DTXSID30651120 DTXSID30482754 DTXSID50438652 DTXSID50467164 DTXSID80548536 DTXSID40624744 DTXSID90407180 DTXSID80827797 DTXSID40640242
DTXSID60896042	DTXSID00430101 DTXSID10896395 DTXSID30897546 DTXSID40752516 DTXSID00851251 DTXSID60535348 DTXSID40876645 DTXSID40376130 DTXSID10394967 DTXSID30889002 DTXSID90312927 DTXSID20875813 DTXSID50523178 DTXSID60769489 DTXSID40839114 DTXSID40877197 DTXSID60320519 DTXSID70889001 DTXSID30789432 DTXSID90294375
DTXSID70660978	DTXSID20640624 DTXSID40775765 DTXSID50805002 DTXSID60444729 DTXSID00398893 DTXSID80649850 DTXSID60527804 DTXSID70548767 DTXSID90281785 DTXSID40654925 DTXSID10525991 DTXSID50810676 DTXSID40829772 DTXSID50218754 DTXSID70733717 DTXSID70810077 DTXSID00541347 DTXSID90584728 DTXSID60621654 DTXSID00427450
DTXSID40501107	DTXSID80891978 DTXSID40705946 DTXSID60146670 DTXSID40220346 DTXSID90298272 DTXSID0075027 DTXSID30707813 DTXSID30821189 DTXSID40828008 DTXSID40821493 DTXSID00343121 DTXSID8070417 DTXSID90554224 DTXSID00160890 DTXSID80579724 DTXSID70781576 DTXSID80708279 DTXSID90591033 DTXSID80781800 DTXSID50841546
DTXSID80465693	DTXSID70886858 DTXSID90626596 DTXSID40879338 DTXSID60551669 DTXSID10685822 DTXSID30856991 DTXSID60626321 DTXSID20277075 DTXSID20770410 DTXSID6041769 DTXSID10430157 DTXSID00617930 DTXSID70672753 DTXSID00402085 DTXSID60798719 DTXSID10471025 DTXSID70295163 DTXSID40596119 DTXSID90407221 DTXSID50412755
DTXSID60884823	DTXSID00339069 DTXSID40811839 DTXSID70564664 DTXSID00786099 DTXSID60240440 DTXSID60659735 DTXSID50482655 DTXSID40532355 DTXSID80840345 DTXSID50791274 DTXSID40815736 DTXSID30809604 DTXSID70711257 DTXSID50766705 DTXSID8051706 DTXSID30538700 DTXSID20604342 DTXSID00816986 DTXSID50632714 DTXSID70453201
DTXSID60655358	DTXSID10501472 DTXSID40711522 DTXSID90618219 DTXSID30494877 DTXSID40526072 DTXSID30471749 DTXSID50696790 DTXSID30583038 DTXSID20834607 DTXSID70317031 DTXSID60612921 DTXSID1044514 DTXSID30583371 DTXSID70218155 DTXSID60289273 DTXSID30501474 DTXSID10400618 DTXSID40328396 DTXSID00511303 DTXSID60312176
DTXSID70395213	DTXSID60329183 DTXSID20612902 DTXSID30449367 DTXSID60744317 DTXSID10358741 DTXSID00304090 DTXSID00184258 DTXSID90425465 DTXSID30442510 DTXSID70828773 DTXSID90205022 DTXSID40700158 DTXSID00849057 DTXSID90715717 DTXSID30540282 DTXSID50742468 DTXSID20378677 DTXSID20379503 DTXSID80572896 DTXSID00315606
DTXSID00199842	DTXSID40629911 DTXSID30676873 DTXSID20879053 DTXSID40615374 DTXSID20655894 DTXSID20677798 DTXSID90694957 DTXSID20646787 DTXSID30671207 DTXSID10726481 DTXSID40538554 DTXSID10435248 DTXSID50669924 DTXSID00701106 DTXSID30305550 DTXSID80404406 DTXSID50206878 DTXSID60583001 DTXSID90292093 DTXSID90319299
DTXSID90790605	DTXSID80735383 DTXSID90209803 DTXSID90213187 DTXSID30149274 DTXSID40738597 DTXSID00724456 DTXSID60558138 DTXSID30481989 DTXSID50148269 DTXSID80323385 DTXSID90330909 DTXSID80561604 DTXSID00604441 DTXSID30574401 DTXSID30777990 DTXSID40432846 DTXSID10781712 DTXSID60790258 DTXSID20732412 DTXSID00533141
DTXSID50590385	DTXSID10784723 DTXSID20651114 DTXSID60743481 DTXSID70757352 DTXSID20615493 DTXSID30336703 DTXSID40212084 DTXSID40886941 DTXSID90426730 DTXSID80431070 DTXSID10185514 DTXSID60640320 DTXSID50462639 DTXSID40398079 DTXSID70398406 DTXSID70612250 DTXSID00603732 DTXSID60877336 DTXSID20734330 DTXSID20542816
DTXSID90771979	DTXSID60612921 DTXSID70484651 DTXSID60633636 DTXSID20389647 DTXSID50186787 DTXSID60791689 DTXSID40328396 DTXSID30471749 DTXSID80356693 DTXSID80337720 DTXSID10400618 DTXSID70659620 DTXSID80503882 DTXSID20697072 DTXSID50213486 DTXSID80535885 DTXSID90330247 DTXSID20386156 DTXSID30673827 DTXSID30501474
DTXSID90290453	DTXSID40439279 DTXSID40171566 DTXSID10579757 DTXSID20892085 DTXSID40418766 DTXSID10734102 DTXSID00625136 DTXSID00829056 DTXSID20243255 DTXSID00640283 DTXSID20602343 DTXSID40278382 DTXSID60792898 DTXSID10606431 DTXSID10634416 DTXSID50491545 DTXSID30378406 DTXSID30818135 DTXSID50210571 DTXSID90303658
DTXSID60195587	DTXSID00841233 DTXSID80599205 DTXSID60759845 DTXSID80820647 DTXSID60840328 DTXSID80526894 DTXSID30637126 DTXSID60880648 DTXSID90714144 DTXSID70773512 DTXSID50662258 DTXSID40714614 DTXSID50712085 DTXSID40819355 DTXSID20614320 DTXSID60552474 DTXSID00560311 DTXSID20547861 DTXSID60864504 DTXSID80340739
DTXSID20579748	DTXSID80347102 DTXSID70490555 DTXSID80651337 DTXSID90485165 DTXSID50340887 DTXSID70345692 DTXSID50660638 DTXSID30725638 DTXSID60528215 DTXSID00726213 DTXSID00811012 DTXSID10492816 DTXSID90176884 DTXSID00425996 DTXSID80567565 DTXSID50196164 DTXSID10447669 DTXSID60768518 DTXSID50867463 DTXSID60240187
DTXSID10634658	DTXSID60232926 DTXSID00227472 DTXSID90769098 DTXSID60854566 DTXSID80750632 DTXSID20584130 DTXSID10591237 DTXSID40334755 DTXSID10788468 DTXSID40781609 DTXSID40795620 DTXSID50309898 DTXSID00637274 DTXSID50818238 DTXSID80806628 DTXSID60775181 DTXSID20337941 DTXSID10579631 DTXSID70840778 DTXSID20793129
DTXSID10843167	DTXSID90693561 DTXSID90723953 DTXSID70574283 DTXSID20797647 DTXSID20336777 DTXSID30155633 DTXSID20701062 DTXSID10744741 DTXSID40637430 DTXSID00866926 DTXSID40662500 DTXSID00767500 DTXSID50214771 DTXSID90278413 DTXSID70800130 DTXSID20719162 DTXSID30400357 DTXSID80241994 DTXSID50816451 DTXSID60469452
DTXSID60430268	DTXSID10606310 DTXSID30400357 DTXSID50173692 DTXSID20719162 DTXSID30294197 DTXSID10448999 DTXSID40637430 DTXSID20701062 DTXSID70848835 DTXSID40719149 DTXSID20336777 DTXSID00854782 DTXSID30662498 DTXSID90723953 DTXSID3060667 DTXSID50816451 DTXSID90738901 DTXSID10843167 DTXSID00866926 DTXSID50469188
DTXSID60510635	DTXSID60291078 DTXSID40617934 DTXSID10425129 DTXSID20811357 DTXSID20798412 DTXSID10541414 DTXSID90402498 DTXSID80442686 DTXSID80324357 DTXSID50760389 DTXSID90759338 DTXSID40415679 DTXSID20416442 DTXSID80349621 DTXSID60325125 DTXSID40194558 DTXSID80395860 DTXSID10341552 DTXSID80558271 DTXSID80612887
DTXSID80384572	DTXSID6046264 DTXSID70280392 DTXSID50447744 DTXSID3048316 DTXSID40484168 DTXSID70224791 DTXSID60328237 DTXSID70195316 DTXSID90853663 DTXSID90223180 DTXSID90602714 DTXSID60642223 DTXSID90310140 DTXSID40891611 DTXSID10185079 DTXSID70300165 DTXSID30821164 DTXSID00852122 DTXSID70558604 DTXSID30159237
DTXSID10399351	DTXSID70731571 DTXSID00739348 DTXSID90330949 DTXSID00375361 DTXSID70879341 DTXSID20573165 DTXSID20694627 DTXSID20346174 DTXSID40504658 DTXSID20345824 DTXSID30291383 DTXSID90621804 DTXSID60575966 DTXSID10619203 DTXSID70566047 DTXSID90497142 DTXSID60472608 DTXSID70857629 DTXSID70855387 DTXSID10446950
DTXSID80679218	DTXSID10710547 DTXSID90661225 DTXSID80661234 DTXSID10710663 DTXSID30722324 DTXSID60150590 DTXSID50175277 DTXSID40700572 DTXSID20883175 DTXSID70795315 DTXSID40814724 DTXSID50453481 DTXSID40585508 DTXSID90805021 DTXSID00856766 DTXSID00833719 DTXSID70799373 DTXSID20680303 DTXSID60848061 DTXSID80292582
DTXSID30853642	DTXSID70476834 DTXSID00364013 DTXSID40623797 DTXSID60470846 DTXSID30422675 DTXSID10572809 DTXSID00646760 DTXSID70209866 DTXSID00567360 DTXSID00274688 DTXSID30227566 DTXSID70554328 DTXSID20143105 DTXSID80176191 DTXSID10211569 DTXSID70789794 DTXSID60490347 DTXSID40713743 DTXSID50722604 DTXSID90551056
DTXSID4047541	DTXSID90759515 DTXSID00652780 DTXSID90291501 DTXSID70849923 DTXSID10443666 DTXSID20627495 DTXSID10214196 DTXSID00171840 DTXSID50562800 DTXSID00202365 DTXSID90707415 DTXSID50343292 DTXSID60697410 DTXSID20200787 DTXSID70167255 DTXSID00445639 DTXSID20241751 DTXSID70836550 DTXSID60447573 DTXSID50460438
DTXSID80765908	DTXSID30874352 DTXSID10866598 DTXSID60346279 DTXSID10527213 DTXSID50507514 DTXSID10610179 DTXSID60407056 DTXSID60831938 DTXSID70592609 DTXSID50697661 DTXSID50694418 DTXSID90609465 DTXSID90209343 DTXSID30545994 DTXSID20739229 DTXSID6052324 DTXSID30184524 DTXSID70534660 DTXSID20886929 DTXSID10699722
DTXSID80534075	DTXSID40694422 DTXSID70642214 DTXSID20747682 DTXSID50488016 DTXSID70359355 DTXSID20390738 DTXSID30790189 DTXSID30546042 DTXSID40741864 DTXSID5059163 DTXSID50802031 DTXSID20823753 DTXSID40468781 DTXSID10468758 DTXSID00509528 DTXSID20297238 DTXSID30388585 DTXSID30673827 DTXSID60184956 DTXSID50885905
DTXSID10344528	DTXSID20677995 DTXSID40658504 DTXSID30303157 DTXSID70477588 DTXSID20238166 DTXSID70530864 DTXSID60436442 DTXSID60175440 DTXSID80375586 DTXSID40345927 DTXSID70337855 DTXSID20695831 DTXSID10398581 DTXSID60739460 DTXSID80597261 DTXSID80465552 DTXSID10786207 DTXSID90339417 DTXSID00825275 DTXSID30378209
DTXSID1058004	DTXSID50421261 DTXSID70656250 DTXSID40474524 DTXSID60396471 DTXSID70382744 DTXSID80540772 DTXSID10794382 DTXSID9048194 DTXSID10630771 DTXSID20742031 DTXSID8032675 DTXSID30416392 DTXSID90615809 DTXSID90649664 DTXSID70894756 DTXSID50383330 DTXSID80492621 DTXSID30586387 DTXSID90201286 DTXSID60203318
DTXSID60289273	DTXSID60829072 DTXSID20370717 DTXSID70281485 DTXSID1044514 DTXSID40396919 DTXSID60667577 DTXSID40751488 DTXSID70317031 DTXSID30714365 DTXSID30494877 DTXSID40676425 DTXSID80713888 DTXSID40711522 DTXSID50226213 DTXSID20834607 DTXSID50696790 DTXSID40745100 DTXSID00533141 DTXSID70671600 DTXSID90618219
DTXSID70221568	DTXSID90647221 DTXSID50345014 DTXSID70820898 DTXSID70710422 DTXSID40430266 DTXSID20406545 DTXSID50667248 DTXSID50437069 DTXSID20778436 DTXSID90805440 DTXSID40674183 DTXSID70471389 DTXSID00618008 DTXSID60823939 DTXSID30636396 DTXSID90783198 DTXSID90313636 DTXSID40670741 DTXSID50467346 DTXSID20418305
DTXSID60473099	DTXSID10733776 DTXSID10211680 DTXSID70353237 DTXSID60885855 DTXSID30718065 DTXSID10340247 DTXSID00363884 DTXSID70739012 DTXSID5068158 DTXSID10495246 DTXSID70589756 DTXSID90187238 DTXSID60542052 DTXSID90549170 DTXSID50553950 DTXSID60193361 DTXSID40845735 DTXSID10511354 DTXSID70693504 DTXSID20275814
DTXSID40545147	DTXSID50623344 DTXSID80323406 DTXSID60302395 DTXSID20626029 DTXSID20318558 DTXSID80420702 DTXSID90383692 DTXSID10875943 DTXSID30873582 DTXSID20876507 DTXSID20366150 DTXSID70585778 DTXSID70419125 DTXSID00739525 DTXSID00722331 DTXSID40433691 DTXSID30693106 DTXSID80202505 DTXSID00742973 DTXSID00846344
DTXSID50798788	DTXSID00678940 DTXSID50635109 DTXSID90788966 DTXSID90657128 DTXSID80199027 DTXSID80370950 DTXSID00712717 DTXSID50737298 DTXSID50419789 DTXSID50743511 DTXSID90343054 DTXSID00371126 DTXSID40351048 DTXSID4059253 DTXSID20608365 DTXSID10841668 DTXSID10563954 DTXSID80647316 DTXSID80593384 DTXSID60147440
DTXSID1058006	DTXSID70226290 DTXSID00669479 DTXSID1061998 DTXSID90442410 DTXSID50585418 DTXSID20354870 DTXSID50494753 DTXSID90462936 DTXSID20499891 DTXSID10596368 DTXSID80440647 DTXSID50603368 DTXSID00610163 DTXSID10198205 DTXSID40334275 DTXSID20398810 DTXSID60286045 DTXSID50635285 DTXSID50406932 DTXSID20647693
DTXSID60837258	DTXSID30704488 DTXSID70783656 DTXSID90857000 DTXSID00522398 DTXSID50640834 DTXSID50485005 DTXSID70645684 DTXSID40633972 DTXSID30755016 DTXSID10354228 DTXSID10292035 DTXSID30671560 DTXSID60835815 DTXSID90325153 DTXSID10600595 DTXSID20277151 DTXSID70299409 DTXSID10651542 DTXSID0073291 DTXSID30395390
DTXSID20455836	DTXSID10285503 DTXSID00444965 DTXSID10586320 DTXSID50680477 DTXSID50368783 DTXSID7044506 DTXSID60183484 DTXSID50481946 DTXSID30157793 DTXSID80883717 DTXSID20161445 DTXSID10307537 DTXSID80443794 DTXSID00642146 DTXSID40304150 DTXSID60484049 DTXSID40545687 DTXSID80484844 DTXSID50368647 DTXSID60816780
DTXSID60803872	DTXSID10494193 DTXSID90405585 DTXSID70283222 DTXSID7041625 DTXSID10169758 DTXSID70668075 DTXSID40183785 DTXSID90205587 DTXSID90657865 DTXSID80640443 DTXSID30397672 DTXSID60598918 DTXSID7023194 DTXSID70369696 DTXSID50761275 DTXSID40357580 DTXSID70174964 DTXSID10491980 DTXSID30313635 DTXSID90407221
DTXSID10469624	DTXSID60717162 DTXSID30478859 DTXSID70460591 DTXSID80724732 DTXSID20415399 DTXSID90694856 DTXSID50369735 DTXSID00415852 DTXSID70346321 DTXSID80178953 DTXSID00629715 DTXSID30363675 DTXSID10365950 DTXSID10682417 DTXSID50722189 DTXSID10640133 DTXSID30782468 DTXSID70588229 DTXSID50211184 DTXSID20728991
DTXSID00320477	DTXSID70877569 DTXSID0060066 DTXSID30819187 DTXSID10575971 DTXSID00510558 DTXSID50534885 DTXSID60193886 DTXSID30225522 DTXSID20734618 DTXSID90302949 DTXSID50814992 DTXSID80208300 DTXSID90723352 DTXSID80792577 DTXSID80852645 DTXSID20699051 DTXSID70703874 DTXSID10653869 DTXSID30727894 DTXSID60721022
DTXSID90726161	DTXSID80694466 DTXSID90560582 DTXSID20478323 DTXSID20605758 DTXSID30675003 DTXSID10303190 DTXSID70393390 DTXSID80162079 DTXSID50471468 DTXSID90723352 DTXSID30291883 DTXSID40738931 DTXSID20735721 DTXSID4045682 DTXSID10586047 DTXSID00606586 DTXSID40325507 DTXSID20719167 DTXSID00520293 DTXSID10771759
DTXSID00826560	DTXSID90602057 DTXSID10890999 DTXSID00752951 DTXSID20197406 DTXSID80195024 DTXSID80278447 DTXSID10202674 DTXSID40417799 DTXSID40563189 DTXSID60816366 DTXSID60511480 DTXSID60822902 DTXSID30429503 DTXSID00629477 DTXSID00699514 DTXSID80274202 DTXSID80468609 DTXSID60276143 DTXSID00793728 DTXSID10699585
DTXSID70460238	DTXSID70305776 DTXSID10284657 DTXSID30213626 DTXSID00560977 DTXSID30332528 DTXSID20670305 DTXSID00887636 DTXSID80598470 DTXSID10848359 DTXSID40775609 DTXSID00631297 DTXSID70599971 DTXSID30424634 DTXSID00331164 DTXSID90237247 DTXSID50328963 DTXSID30663066 DTXSID40289039 DTXSID30521910 DTXSID40388536
DTXSID50184647	DTXSID50903911 DTXSID30566341 DTXSID90766845 DTXSID60790970 DTXSID30575670 DTXSID60885077 DTXSID00498408 DTXSID20230322 DTXSID20814500 DTXSID10758949 DTXSID30223285 DTXSID1068019 DTXSID0062921 DTXSID1068300 DTXSID20752115 DTXSID20888029 DTXSID90216335 DTXSID80814501 DTXSID60288589 DTXSID70394423
DTXSID80709549	DTXSID10470659 DTXSID90751271 DTXSID30385716 DTXSID50655685 DTXSID3060667 DTXSID30816550 DTXSID00813511 DTXSID60874628 DTXSID40662505 DTXSID30662498 DTXSID30336223 DTXSID80768717 DTXSID50707895 DTXSID40239670 DTXSID00504311 DTXSID20793487 DTXSID70751971 DTXSID60703727 DTXSID70143731 DTXSID20582919
DTXSID80324014	DTXSID50321838 DTXSID90559057 DTXSID50481845 DTXSID10340247 DTXSID40593183 DTXSID00783982 DTXSID10484650 DTXSID30178928 DTXSID70737937 DTXSID40449691 DTXSID30566720 DTXSID70693504 DTXSID80293251 DTXSID40607633 DTXSID10803483 DTXSID70823187 DTXSID60848460 DTXSID80744157 DTXSID20536750 DTXSID10495246
DTXSID60526594	DTXSID60168776 DTXSID20573226 DTXSID00546650 DTXSID50572621 DTXSID10375019 DTXSID40462704 DTXSID20654822 DTXSID00110032 DTXSID50742761 DTXSID10498176 DTXSID70655400 DTXSID90396484 DTXSID70211469 DTXSID50481880 DTXSID80742077 DTXSID10561854 DTXSID00365924 DTXSID60199601 DTXSID20291539 DTXSID50311390
DTXSID00490346	DTXSID20422326 DTXSID00498387 DTXSID80772011 DTXSID70400710 DTXSID90409028 DTXSID90401582 DTXSID30175614 DTXSID30607723 DTXSID1069952 DTXSID50613285 DTXSID30543314 DTXSID90346863 DTXSID30364541 DTXSID40293651 DTXSID80470368 DTXSID00192999 DTXSID20541122 DTXSID60668726 DTXSID30240972 DTXSID90191012
DTXSID80466281	DTXSID60847019 DTXSID20173846 DTXSID50757779 DTXSID00494304 DTXSID10804531 DTXSID10667643 DTXSID40700032 DTXSID00732157 DTXSID50587654 DTXSID80765726 DTXSID10277564 DTXSID40815115 DTXSID40834083 DTXSID50851009 DTXSID40790731 DTXSID20624161 DTXSID8070542 DTXSID00809813 DTXSID60790435 DTXSID50845665
DTXSID10394881	DTXSID00359060 DTXSID00658469 DTXSID90892294 DTXSID40176334 DTXSID10291624 DTXSID80561462 DTXSID40734716 DTXSID90697367 DTXSID80737281 DTXSID00491272 DTXSID10617749 DTXSID70157217 DTXSID20603350 DTXSID50664656 DTXSID80481954 DTXSID50350724 DTXSID50704445 DTXSID7041334 DTXSID80876321 DTXSID20316332
DTXSID50526109	DTXSID90214876 DTXSID70850690 DTXSID80142896 DTXSID40469056 DTXSID40837933 DTXSID90155270 DTXSID90162823 DTXSID70232694 DTXSID10402758 DTXSID30874892 DTXSID40874762 DTXSID40333127 DTXSID40823497 DTXSID40201938 DTXSID10166383 DTXSID60874764 DTXSID40156575 DTXSID40467916 DTXSID9069007 DTXSID10318623
DTXSID70676993	DTXSID70757352 DTXSID10528543 DTXSID40212084 DTXSID20839490 DTXSID30521910 DTXSID90426730 DTXSID90733890 DTXSID80472403 DTXSID20651114 DTXSID20504116 DTXSID00603732 DTXSID70398406 DTXSID40315180 DTXSID10658556 DTXSID20734330 DTXSID00631297 DTXSID70836510 DTXSID10506745 DTXSID60640320 DTXSID80598470
DTXSID10525991	DTXSID00398893 DTXSID80649850 DTXSID50805002 DTXSID80620169 DTXSID60621654 DTXSID60840166 DTXSID00541347 DTXSID30331379 DTXSID90584728 DTXSID70660978 DTXSID50810676 DTXSID60694580 DTXSID40775765 DTXSID10217122 DTXSID40654925 DTXSID20640624 DTXSID90649245 DTXSID20660908 DTXSID00504230 DTXSID50345716
DTXSID40535245	DTXSID80187787 DTXSID10845207 DTXSID90235405 DTXSID10289445 DTXSID70539892 DTXSID10599536 DTXSID20183001 DTXSID60703924 DTXSID40230809 DTXSID60508234 DTXSID30405488 DTXSID60618928 DTXSID00768471 DTXSID20453352 DTXSID30489420 DTXSID40660980 DTXSID1044932 DTXSID40752753 DTXSID6040371 DTXSID30616294
DTXSID40821059	DTXSID40217079 DTXSID00460600 DTXSID10511778 DTXSID00512653 DTXSID00381442 DTXSID60544819 DTXSID50618790 DTXSID10159977 DTXSID60288928 DTXSID60278708 DTXSID90530760 DTXSID00408603 DTXSID40649518 DTXSID20459172 DTXSID30843725 DTXSID40437235 DTXSID40420561 DTXSID1020770 DTXSID70502324 DTXSID10500445
DTXSID10377159	DTXSID20286440 DTXSID60696105 DTXSID90478072 DTXSID10551290 DTXSID60180615 DTXSID80637939 DTXSID30669765 DTXSID60446788 DTXSID40319289 DTXSID70350342 DTXSID60896067 DTXSID80451172 DTXSID40615596 DTXSID00551289 DTXSID50368041 DTXSID10695340 DTXSID10534740 DTXSID00734090 DTXSID00429272 DTXSID60771643
DTXSID60623592	DTXSID40560431 DTXSID70543696 DTXSID40597080 DTXSID30452058 DTXSID00650185 DTXSID80641117 DTXSID80734290 DTXSID00668225 DTXSID20633374 DTXSID50705639 DTXSID00444369 DTXSID70711914 DTXSID90290650 DTXSID80464702 DTXSID90358244 DTXSID50215829 DTXSID80588013 DTXSID30853743 DTXSID40433691 DTXSID20528296
DTXSID00518872	DTXSID00500813 DTXSID50590062 DTXSID90642135 DTXSID20563844 DTXSID00544772 DTXSID30168268 DTXSID60487459 DTXSID70364505 DTXSID00641119 DTXSID70294838 DTXSID30465360 DTXSID50302703 DTXSID30308384 DTXSID50727159 DTXSID50719099 DTXSID9022100 DTXSID90374489 DTXSID70622516 DTXSID30511391 DTXSID30341913
DTXSID30499004	DTXSID30532662 DTXSID80409214 DTXSID80706492 DTXSID10547673 DTXSID90547671 DTXSID00729865 DTXSID70195699 DTXSID30323618 DTXSID20298200 DTXSID90700087 DTXSID00421433 DTXSID6036885 DTXSID60458280 DTXSID80835635 DTXSID80453838 DTXSID30653462 DTXSID10494693 DTXSID20336196 DTXSID90651202 DTXSID10761256
DTXSID50664656	DTXSID40176334 DTXSID10291624 DTXSID8024365 DTXSID70157217 DTXSID50283927 DTXSID80320612 DTXSID10154821 DTXSID90408475 DTXSID00440381 DTXSID00490846 DTXSID90697367 DTXSID20603350 DTXSID00308578 DTXSID00491272 DTXSID10617749 DTXSID90892294 DTXSID00359060 DTXSID10394881 DTXSID40177548 DTXSID00658469
DTXSID60630226	DTXSID20556857 DTXSID90515835 DTXSID40758639 DTXSID30462975 DTXSID80856466 DTXSID70302644 DTXSID50855981 DTXSID20729766 DTXSID60832561 DTXSID60312318 DTXSID50803285 DTXSID80726812 DTXSID70455785 DTXSID60663554 DTXSID40675519 DTXSID80694683 DTXSID00343944 DTXSID60390974 DTXSID60672065 DTXSID60856883
DTXSID60582711	DTXSID90278357 DTXSID30330387 DTXSID90711875 DTXSID50242978 DTXSID70316685 DTXSID40315307 DTXSID70280034 DTXSID80737983 DTXSID90837201 DTXSID30234270 DTXSID10165497 DTXSID40144795 DTXSID10728622 DTXSID40662929 DTXSID50790641 DTXSID60580217 DTXSID40887211 DTXSID80302756 DTXSID60790692 DTXSID90601904
DTXSID7021366	DTXSID10631864 DTXSID80494029 DTXSID10406256 DTXSID10568964 DTXSID70428494 DTXSID90232919 DTXSID50493822 DTXSID80696364 DTXSID40562793 DTXSID90702203 DTXSID00168679 DTXSID80784755 DTXSID90510345 DTXSID20235433 DTXSID50662930 DTXSID90768203 DTXSID70361650 DTXSID10587796 DTXSID20656927 DTXSID00896344
DTXSID60603455	DTXSID20785226 DTXSID90343534 DTXSID9058155 DTXSID10463324 DTXSID30344888 DTXSID50879743 DTXSID40456163 DTXSID80222783 DTXSID30460577 DTXSID00323564 DTXSID80704312 DTXSID20520119 DTXSID90628893 DTXSID90439183 DTXSID40279773 DTXSID00711265 DTXSID20707923 DTXSID70357452 DTXSID00811431 DTXSID8058827
DTXSID00829995	DTXSID90819603 DTXSID70531472 DTXSID40753407 DTXSID10309314 DTXSID50491904 DTXSID20818982 DTXSID10178941 DTXSID7029372 DTXSID70851167 DTXSID90876473 DTXSID60341603 DTXSID80535688 DTXSID90237202 DTXSID80369228 DTXSID10786267 DTXSID10804531 DTXSID10667643 DTXSID10678537 DTXSID40493593 DTXSID10588304
DTXSID70822074	DTXSID80748150 DTXSID80365482 DTXSID00632961 DTXSID70529697 DTXSID10144949 DTXSID5026548 DTXSID60842620 DTXSID50840392 DTXSID50878074 DTXSID20503927 DTXSID50320407 DTXSID00638044 DTXSID80660707 DTXSID50170787 DTXSID20320999 DTXSID80311045 DTXSID00616882 DTXSID70536543 DTXSID50569758 DTXSID00701883
DTXSID10343399	DTXSID40293131 DTXSID10368805 DTXSID20663297 DTXSID30534747 DTXSID40494863 DTXSID80650360 DTXSID20849918 DTXSID70593398 DTXSID10840136 DTXSID90533993 DTXSID80146455 DTXSID90807202 DTXSID30679061 DTXSID20666384 DTXSID20440303 DTXSID10696599 DTXSID60733680 DTXSID20172415 DTXSID50648810 DTXSID20656927
DTXSID00513862	DTXSID80183441 DTXSID30557810 DTXSID90348983 DTXSID80402306 DTXSID60356272 DTXSID40648607 DTXSID70738949 DTXSID20661056 DTXSID10505874 DTXSID50323675 DTXSID40732550 DTXSID90355798 DTXSID20520119 DTXSID70646651 DTXSID80699496 DTXSID10519178 DTXSID50630270 DTXSID90373674 DTXSID90602810 DTXSID10726325
DTXSID30316929	DTXSID60850189 DTXSID10797611 DTXSID80873118 DTXSID30528282 DTXSID30451107 DTXSID40771787 DTXSID80789543 DTXSID80798099 DTXSID70327857 DTXSID10418177 DTXSID60325842 DTXSID90773276 DTXSID10337657 DTXSID90638174 DTXSID40781063 DTXSID90772825 DTXSID70842010 DTXSID40776631 DTXSID90444555 DTXSID00787066
DTXSID70332168	DTXSID50310146 DTXSID10597638 DTXSID70437263 DTXSID00593189 DTXSID80443759 DTXSID70876870 DTXSID30514887 DTXSID90346222 DTXSID00782258 DTXSID00472485 DTXSID70721614 DTXSID80308374 DTXSID20625113 DTXSID70873607 DTXSID10314887 DTXSID30434995 DTXSID40852085 DTXSID40551263 DTXSID30854634 DTXSID40314517
DTXSID70203329	DTXSID50224219 DTXSID80531281 DTXSID60738433 DTXSID10468334 DTXSID30402255 DTXSID50825321 DTXSID60303887 DTXSID50568908 DTXSID00560311 DTXSID20813437 DTXSID90714144 DTXSID90449848 DTXSID70825323 DTXSID50786221 DTXSID40633255 DTXSID8060537 DTXSID30637126 DTXSID30808778 DTXSID70545211 DTXSID40532956
DTXSID40423173	DTXSID60729821 DTXSID10440756 DTXSID80724631 DTXSID50310222 DTXSID20442145 DTXSID10571610 DTXSID90474150 DTXSID20723749 DTXSID90379454 DTXSID20462242 DTXSID50310126 DTXSID50638155 DTXSID20654908 DTXSID20542811 DTXSID1072260 DTXSID80451430 DTXSID20876264 DTXSID10624458 DTXSID90493144 DTXSID40427853
DTXSID50856377	DTXSID40637874 DTXSID90278690 DTXSID90712105 DTXSID70337855 DTXSID10602690 DTXSID50473568 DTXSID10582342 DTXSID60739460 DTXSID50487988 DTXSID00769246 DTXSID60307108 DTXSID90640611 DTXSID90753952 DTXSID60535000 DTXSID70477588 DTXSID10344169 DTXSID30208956 DTXSID80728891 DTXSID20418305 DTXSID60436442
DTXSID40668648	DTXSID9044790 DTXSID20222484 DTXSID80542993 DTXSID60364059 DTXSID40199745 DTXSID70490090 DTXSID30530426 DTXSID10176321 DTXSID10503390 DTXSID80576238 DTXSID30508241 DTXSID30556525 DTXSID40329449 DTXSID90344248 DTXSID10801287 DTXSID50539234 DTXSID70540524 DTXSID10705918 DTXSID40558595 DTXSID80640241
DTXSID90662833	DTXSID70176266 DTXSID00405117 DTXSID90817745 DTXSID50848994 DTXSID60734213 DTXSID10496814 DTXSID00748874 DTXSID00568670 DTXSID00293935 DTXSID70399418 DTXSID50303033 DTXSID70471445 DTXSID80211571 DTXSID70425569 DTXSID80238243 DTXSID40632283 DTXSID10478690 DTXSID7057787 DTXSID00472203 DTXSID70821062
DTXSID90331274	DTXSID70489803 DTXSID60671114 DTXSID90539399 DTXSID90419162 DTXSID90646895 DTXSID80626883 DTXSID20646308 DTXSID00622620 DTXSID10336307 DTXSID20382350 DTXSID80293478 DTXSID60695037 DTXSID80626181 DTXSID40407716 DTXSID90613289 DTXSID10753257 DTXSID80482123 DTXSID40674643 DTXSID90625943 DTXSID60592557
DTXSID80564296	DTXSID00775105 DTXSID90745079 DTXSID50306701 DTXSID50759410 DTXSID50788144 DTXSID90719154 DTXSID70525891 DTXSID80661118 DTXSID90609465 DTXSID50832292 DTXSID90290716 DTXSID60598397 DTXSID30545994 DTXSID10837920 DTXSID10516208 DTXSID80867496 DTXSID40407317 DTXSID1059151 DTXSID10610179 DTXSID20628588
DTXSID50467003	DTXSID6023315 DTXSID80820804 DTXSID30625664 DTXSID10658632 DTXSID30280515 DTXSID40570439 DTXSID40529149 DTXSID30279207 DTXSID30207525 DTXSID00223095 DTXSID10494052 DTXSID60594132 DTXSID40674724 DTXSID10506866 DTXSID80369627 DTXSID50174189 DTXSID70375095 DTXSID50600110 DTXSID00568731 DTXSID00604345
DTXSID40829196	DTXSID50623586 DTXSID30855843 DTXSID80657213 DTXSID50381154 DTXSID30170023 DTXSID50761255 DTXSID80294248 DTXSID50420133 DTXSID00755947 DTXSID40181286 DTXSID10352183 DTXSID70590307 DTXSID10743870 DTXSID10282456 DTXSID20776795 DTXSID00503940 DTXSID70876097 DTXSID30618773 DTXSID10708141 DTXSID10325094
DTXSID20566476	DTXSID10515256 DTXSID50552024 DTXSID40625731 DTXSID50454695 DTXSID80611310 DTXSID50650796 DTXSID00667490 DTXSID50282854 DTXSID90805965 DTXSID40822687 DTXSID40720078 DTXSID00781261 DTXSID80480689 DTXSID20453519 DTXSID70342626 DTXSID1052664 DTXSID80699370 DTXSID20481190 DTXSID80786658 DTXSID30634231
DTXSID10777190	DTXSID40348731 DTXSID00214044 DTXSID90348968 DTXSID70616314 DTXSID90722921 DTXSID90693208 DTXSID20634806 DTXSID30401026 DTXSID80436661 DTXSID10308665 DTXSID30371053 DTXSID00857591 DTXSID10646413 DTXSID90370966 DTXSID70646297 DTXSID60561849 DTXSID70142845 DTXSID00646220 DTXSID30343679 DTXSID80733081
DTXSID10726305	DTXSID00598957 DTXSID00694544 DTXSID50787394 DTXSID70807240 DTXSID30450579 DTXSID60524575 DTXSID40761289 DTXSID50508066 DTXSID70757958 DTXSID20470721 DTXSID30195973 DTXSID10533536 DTXSID60739485 DTXSID80511583 DTXSID70502965 DTXSID20505981 DTXSID40508272 DTXSID50787672 DTXSID60188272 DTXSID60734738
DTXSID90453389	DTXSID60424460 DTXSID90688538 DTXSID50596246 DTXSID10879320 DTXSID00846581 DTXSID30588240 DTXSID50364467 DTXSID60303226 DTXSID20663414 DTXSID90592505 DTXSID30595075 DTXSID00679770 DTXSID80182510 DTXSID20717067 DTXSID40820466 DTXSID20431438 DTXSID00606980 DTXSID80766172 DTXSID10542860 DTXSID50398949
DTXSID70877089	DTXSID20509883 DTXSID60716493 DTXSID70276634 DTXSID10482636 DTXSID50728005 DTXSID90477409 DTXSID00225771 DTXSID50527777 DTXSID50174083 DTXSID00186636 DTXSID50709910 DTXSID7073486 DTXSID90590243 DTXSID20722510 DTXSID70241625 DTXSID70297602 DTXSID50354681 DTXSID50621249 DTXSID40462249 DTXSID00444344
DTXSID30178327	DTXSID00651511 DTXSID80627991 DTXSID00461157 DTXSID80191703 DTXSID90625201 DTXSID10482131 DTXSID70749176 DTXSID70857280 DTXSID30628892 DTXSID50608176 DTXSID20610786 DTXSID90354120 DTXSID30651887 DTXSID70711898 DTXSID80619210 DTXSID90292093 DTXSID90365938 DTXSID40408041 DTXSID20371406 DTXSID20661910
DTXSID80595505	DTXSID30624172 DTXSID60482060 DTXSID50518867 DTXSID60503446 DTXSID90462032 DTXSID70768463 DTXSID40348579 DTXSID80633077 DTXSID80462369 DTXSID90390240 DTXSID90557811 DTXSID20599643 DTXSID20509580 DTXSID70608916 DTXSID00531006 DTXSID90379515 DTXSID00355800 DTXSID70652898 DTXSID70341093 DTXSID50508400
DTXSID80493638	DTXSID90842471 DTXSID00530115 DTXSID60441410 DTXSID90570323 DTXSID70240254 DTXSID00767909 DTXSID40632869 DTXSID30339597 DTXSID60787562 DTXSID70612250 DTXSID90668794 DTXSID00216947 DTXSID20442807 DTXSID30752484 DTXSID20697451 DTXSID00439250 DTXSID00774698 DTXSID50726480 DTXSID20449654 DTXSID70848557
DTXSID30701937	DTXSID00755240 DTXSID30493143 DTXSID80449453 DTXSID70694495 DTXSID30431606 DTXSID80811237 DTXSID90706640 DTXSID60179988 DTXSID50657063 DTXSID00706676 DTXSID20682347 DTXSID70398688 DTXSID10359354 DTXSID50552842 DTXSID60649297 DTXSID10289521 DTXSID20796933 DTXSID50716826 DTXSID70703874 DTXSID80595247
DTXSID30403904	DTXSID0052330 DTXSID80407033 DTXSID40474807 DTXSID00236589 DTXSID20876587 DTXSID80283036 DTXSID60586193 DTXSID10794029 DTXSID30167256 DTXSID80290523 DTXSID00564713 DTXSID60776895 DTXSID50596322 DTXSID70814070 DTXSID50341258 DTXSID80611870 DTXSID20571666 DTXSID70780766 DTXSID20662927 DTXSID20730675
DTXSID40452180	DTXSID70655208 DTXSID40539147 DTXSID20163247 DTXSID80444665 DTXSID50510164 DTXSID10466491 DTXSID40477959 DTXSID30303990 DTXSID70676711 DTXSID50610633 DTXSID20184699 DTXSID80896685 DTXSID00463292 DTXSID80317547 DTXSID60294322 DTXSID10538581 DTXSID60159886 DTXSID30711814 DTXSID20447155 DTXSID50833486
DTXSID90807803	DTXSID60347781 DTXSID40165147 DTXSID00231438 DTXSID80279373 DTXSID50663780 DTXSID6069406 DTXSID20372110 DTXSID30663369 DTXSID4040343 DTXSID20599345 DTXSID10466719 DTXSID70840798 DTXSID10721916 DTXSID70349413 DTXSID70424198 DTXSID90827869 DTXSID60343642 DTXSID70650576 DTXSID40530477 DTXSID10778026
DTXSID70866998	DTXSID10534841 DTXSID50817943 DTXSID90547570 DTXSID70459480 DTXSID60471398 DTXSID10528548 DTXSID20621973 DTXSID90329454 DTXSID6044648 DTXSID90446892 DTXSID30308349 DTXSID80434203 DTXSID80756533 DTXSID20172071 DTXSID30301456 DTXSID50318526 DTXSID10502681 DTXSID20525381 DTXSID10647309 DTXSID40635496
DTXSID20390738	DTXSID30546042 DTXSID20747682 DTXSID20297238 DTXSID40694422 DTXSID20823753 DTXSID30673827 DTXSID5059163 DTXSID70359355 DTXSID80534075 DTXSID40468781 DTXSID20697072 DTXSID30388585 DTXSID80356693 DTXSID50213486 DTXSID20389647 DTXSID10729917 DTXSID80503882 DTXSID50488016 DTXSID50186787 DTXSID80535885
DTXSID40530331	DTXSID50478058 DTXSID80723765 DTXSID50468535 DTXSID10361270 DTXSID30615328 DTXSID60415939 DTXSID50491545 DTXSID90501470 DTXSID70236692 DTXSID60609316 DTXSID20243255 DTXSID60792898 DTXSID90620534 DTXSID20739168 DTXSID40546790 DTXSID20600723 DTXSID10321879 DTXSID20409415 DTXSID00829056 DTXSID20218842
DTXSID40757627	DTXSID50601960 DTXSID50739813 DTXSID70694839 DTXSID70214475 DTXSID50630316 DTXSID60170258 DTXSID80563204 DTXSID70288813 DTXSID40575409 DTXSID30356901 DTXSID80724191 DTXSID20189700 DTXSID20391366 DTXSID60408361 DTXSID90622311 DTXSID30427584 DTXSID80172734 DTXSID40309307 DTXSID80603790 DTXSID80418427
DTXSID30321477	DTXSID00493150 DTXSID20681875 DTXSID90657446 DTXSID50595274 DTXSID90342643 DTXSID60502116 DTXSID90510688 DTXSID60813572 DTXSID30792724 DTXSID30160883 DTXSID00593846 DTXSID80295957 DTXSID00441090 DTXSID40287813 DTXSID40785682 DTXSID60297232 DTXSID30403500 DTXSID40243939 DTXSID00229310 DTXSID70744348
DTXSID50572621	DTXSID20573226 DTXSID60526594 DTXSID00546650 DTXSID10182402 DTXSID40563927 DTXSID60168776 DTXSID20197946 DTXSID40462704 DTXSID50742761 DTXSID60198210 DTXSID20654822 DTXSID70277929 DTXSID80827696 DTXSID50481880 DTXSID10375019 DTXSID70211469 DTXSID90396484 DTXSID50742145 DTXSID80655517 DTXSID00365924
DTXSID20302452	DTXSID70499149 DTXSID80528156 DTXSID50546887 DTXSID50175959 DTXSID40321322 DTXSID50670919 DTXSID60358175 DTXSID10174948 DTXSID90156823 DTXSID10726481 DTXSID80404406 DTXSID80601918 DTXSID30505336 DTXSID90164963 DTXSID30419742 DTXSID60733408 DTXSID50624477 DTXSID30529310 DTXSID40528152 DTXSID20677798
DTXSID00321702	DTXSID90286755 DTXSID70805963 DTXSID10178941 DTXSID50450490 DTXSID40487235 DTXSID70678311 DTXSID3073719 DTXSID80435412 DTXSID50491904 DTXSID80819470 DTXSID10327533 DTXSID7029372 DTXSID20522476 DTXSID30847288 DTXSID80205258 DTXSID80369228 DTXSID20818982 DTXSID10309314 DTXSID70531472 DTXSID80674147
DTXSID00542470	DTXSID10606552 DTXSID60840166 DTXSID90792028 DTXSID00504230 DTXSID60694580 DTXSID70846614 DTXSID40806220 DTXSID80298887 DTXSID50338880 DTXSID50833527 DTXSID00541347 DTXSID30204953 DTXSID80180894 DTXSID10525991 DTXSID10725737 DTXSID30331379 DTXSID50496595 DTXSID80620169 DTXSID60277534 DTXSID50805002
DTXSID00635816	DTXSID70789032 DTXSID10334005 DTXSID80478086 DTXSID10528402 DTXSID10801287 DTXSID00550772 DTXSID10213689 DTXSID2037714 DTXSID80808208 DTXSID40343786 DTXSID80615616 DTXSID90720280 DTXSID10176321 DTXSID30510329 DTXSID90339518 DTXSID40819592 DTXSID70675643 DTXSID20478080 DTXSID30394525 DTXSID30639766
DTXSID40619296	DTXSID90385934 DTXSID20281692 DTXSID00579983 DTXSID80323663 DTXSID80889294 DTXSID40207955 DTXSID00318718 DTXSID80444347 DTXSID50710086 DTXSID60645895 DTXSID10380522 DTXSID30460633 DTXSID90509133 DTXSID50821545 DTXSID10311119 DTXSID50771132 DTXSID40874348 DTXSID90400696 DTXSID90845982 DTXSID90473582
DTXSID30588563	DTXSID50716826 DTXSID70793053 DTXSID9051745 DTXSID80769229 DTXSID20699051 DTXSID70703874 DTXSID70398688 DTXSID60209613 DTXSID30727894 DTXSID90702066 DTXSID10831741 DTXSID40481793 DTXSID10613125 DTXSID50552842 DTXSID90706640 DTXSID40528793 DTXSID50657063 DTXSID20734618 DTXSID60786631 DTXSID90302949
DTXSID30427761	DTXSID10849982 DTXSID80186038 DTXSID60895999 DTXSID00896425 DTXSID20874240 DTXSID00428624 DTXSID50770943 DTXSID80470343 DTXSID40896005 DTXSID10814392 DTXSID20162997 DTXSID10896214 DTXSID30198141 DTXSID80785949 DTXSID90697584 DTXSID90241283 DTXSID50896339 DTXSID20876805 DTXSID50303917 DTXSID30574648
DTXSID20417838	DTXSID30440298 DTXSID40681458 DTXSID90341590 DTXSID70344408 DTXSID70176387 DTXSID30423223 DTXSID10840459 DTXSID00567360 DTXSID80597680 DTXSID40299517 DTXSID30176383 DTXSID60700534 DTXSID70554328 DTXSID40623797 DTXSID70209866 DTXSID10329471 DTXSID60424440 DTXSID00681999 DTXSID70353277 DTXSID00165183
DTXSID50521457	DTXSID30825445 DTXSID00744871 DTXSID40595667 DTXSID70473565 DTXSID70527118 DTXSID40316117 DTXSID20237477 DTXSID20629777 DTXSID60333109 DTXSID80506277 DTXSID50443483 DTXSID00837277 DTXSID40815675 DTXSID90577271 DTXSID60522652 DTXSID30378148 DTXSID70526065 DTXSID30742724 DTXSID10489847 DTXSID70192805
DTXSID80553342	DTXSID80619876 DTXSID70547371 DTXSID00856766 DTXSID40529149 DTXSID50509992 DTXSID00568731 DTXSID60848061 DTXSID40814724 DTXSID70795315 DTXSID70799373 DTXSID60600484 DTXSID40585508 DTXSID80820804 DTXSID50174189 DTXSID50467003 DTXSID00833719 DTXSID90661225 DTXSID60768134 DTXSID10710663 DTXSID6023315
DTXSID90556708	DTXSID20217613 DTXSID50369230 DTXSID00676663 DTXSID40452741 DTXSID10607786 DTXSID50818157 DTXSID60828121 DTXSID50646715 DTXSID90375774 DTXSID50389458 DTXSID00469355 DTXSID30222415 DTXSID00694620 DTXSID90405863 DTXSID80626202 DTXSID80214082 DTXSID30709610 DTXSID40698844 DTXSID40466202 DTXSID00287793
DTXSID90732424	DTXSID30664371 DTXSID00551289 DTXSID50394522 DTXSID50751474 DTXSID30741914 DTXSID60446788 DTXSID20430688 DTXSID40743606 DTXSID70350342 DTXSID1046506 DTXSID50400490 DTXSID40615596 DTXSID80156493 DTXSID60896067 DTXSID10551290 DTXSID7070769 DTXSID10202997 DTXSID20645255 DTXSID40319289 DTXSID80637939
DTXSID50499107	DTXSID10784127 DTXSID00887474 DTXSID10764146 DTXSID50289404 DTXSID20745486 DTXSID70888296 DTXSID40873937 DTXSID70793856 DTXSID60873939 DTXSID6044802 DTXSID00768219 DTXSID70797955 DTXSID50343212 DTXSID70177359 DTXSID0072776 DTXSID20797061 DTXSID70867364 DTXSID60241194 DTXSID10826637 DTXSID40845013
DTXSID00373802	DTXSID00656147 DTXSID50841824 DTXSID20275814 DTXSID40787722 DTXSID80378714 DTXSID90187238 DTXSID60757684 DTXSID00513589 DTXSID70693443 DTXSID60848460 DTXSID90680572 DTXSID30667468 DTXSID20668040 DTXSID60885855 DTXSID40607633 DTXSID20559702 DTXSID70589756 DTXSID00721061 DTXSID30876518 DTXSID60193361
DTXSID00574332	DTXSID90616634 DTXSID90598188 DTXSID40607855 DTXSID70693201 DTXSID80557042 DTXSID40659692 DTXSID20679136 DTXSID40490688 DTXSID00559806 DTXSID70299409 DTXSID90802010 DTXSID90325153 DTXSID70399413 DTXSID60657039 DTXSID00183887 DTXSID10280659 DTXSID40451698 DTXSID50841309 DTXSID90306129 DTXSID20378692
DTXSID00443695	DTXSID30549811 DTXSID60390353 DTXSID50563135 DTXSID40513801 DTXSID70436675 DTXSID00509528 DTXSID70519199 DTXSID50885905 DTXSID20423499 DTXSID20505981 DTXSID10692879 DTXSID80304871 DTXSID40326736 DTXSID50381977 DTXSID40741864 DTXSID20509929 DTXSID60553981 DTXSID30790189 DTXSID60757588 DTXSID40695111
DTXSID10371410	DTXSID20881333 DTXSID90353299 DTXSID00443175 DTXSID40393089 DTXSID60429672 DTXSID10764141 DTXSID90598183 DTXSID50582785 DTXSID00722634 DTXSID10760229 DTXSID60429096 DTXSID00284580 DTXSID70395778 DTXSID80175902 DTXSID80318690 DTXSID70385937 DTXSID10142980 DTXSID20145164 DTXSID00451331 DTXSID60700392
DTXSID60482060	DTXSID30624172 DTXSID80595505 DTXSID90462032 DTXSID50518867 DTXSID70768463 DTXSID80633077 DTXSID90379515 DTXSID20599643 DTXSID60503446 DTXSID00531006 DTXSID90390240 DTXSID40348579 DTXSID90557811 DTXSID20509580 DTXSID00355800 DTXSID00727482 DTXSID10561314 DTXSID70652898 DTXSID80462369 DTXSID40192433
DTXSID50497966	DTXSID40844809 DTXSID00534895 DTXSID40615793 DTXSID70836550 DTXSID3061920 DTXSID60519360 DTXSID50698456 DTXSID6048096 DTXSID40143485 DTXSID80615070 DTXSID40693334 DTXSID70682094 DTXSID40773322 DTXSID60428307 DTXSID20342752 DTXSID40392951 DTXSID20212729 DTXSID4065604 DTXSID8046791 DTXSID90145474
DTXSID40808289	DTXSID70619067 DTXSID20429017 DTXSID90574381 DTXSID20534998 DTXSID00281054 DTXSID50372082 DTXSID80291934 DTXSID40444308 DTXSID70325535 DTXSID40593845 DTXSID10181551 DTXSID00618008 DTXSID40520530 DTXSID80492207 DTXSID70471389 DTXSID80728891 DTXSID80378471 DTXSID80487471 DTXSID10506922 DTXSID70677208
DTXSID70568940	DTXSID30511391 DTXSID80161820 DTXSID70622516 DTXSID60797262 DTXSID40211431 DTXSID10360203 DTXSID00361249 DTXSID90288178 DTXSID90374489 DTXSID60614763 DTXSID40186832 DTXSID30341913 DTXSID90238138 DTXSID50749917 DTXSID40507301 DTXSID00641119 DTXSID90801907 DTXSID20148115 DTXSID30308384 DTXSID70538027
DTXSID10361215	DTXSID10438850 DTXSID00606703 DTXSID80438847 DTXSID40358815 DTXSID90825769 DTXSID70883463 DTXSID90320648 DTXSID90628893 DTXSID70357452 DTXSID40819113 DTXSID90439183 DTXSID00302495 DTXSID00178112 DTXSID20222383 DTXSID70766489 DTXSID00614904 DTXSID20718317 DTXSID50283144 DTXSID70857447 DTXSID10441061
DTXSID00787167	DTXSID70562488 DTXSID90778665 DTXSID70762224 DTXSID00290247 DTXSID50816158 DTXSID70799712 DTXSID70532929 DTXSID00442688 DTXSID00170095 DTXSID40181084 DTXSID10531254 DTXSID90275088 DTXSID90470157 DTXSID90816713 DTXSID50297620 DTXSID20602303 DTXSID30451647 DTXSID70286738 DTXSID00621330 DTXSID50778843
DTXSID60768295	DTXSID00663053 DTXSID70594865 DTXSID00323882 DTXSID10345757 DTXSID80561381 DTXSID40724415 DTXSID00553187 DTXSID90238799 DTXSID00430464 DTXSID10489948 DTXSID60586219 DTXSID50847765 DTXSID50457540 DTXSID40378694 DTXSID20163722 DTXSID90809004 DTXSID20479512 DTXSID40365761 DTXSID80876684 DTXSID5069912
DTXSID30725810	DTXSID40493270 DTXSID60444305 DTXSID00739141 DTXSID90403440 DTXSID40626425 DTXSID6044858 DTXSID70355690 DTXSID60671937 DTXSID60442068 DTXSID90405606 DTXSID10557257 DTXSID50729193 DTXSID30646551 DTXSID30618536 DTXSID20168616 DTXSID30351057 DTXSID80646627 DTXSID40677533 DTXSID60307643 DTXSID70650152
DTXSID10617749	DTXSID00658469 DTXSID80320612 DTXSID90697367 DTXSID7041334 DTXSID80561462 DTXSID50186702 DTXSID80876321 DTXSID00681590 DTXSID00359060 DTXSID20750474 DTXSID00491272 DTXSID20579541 DTXSID40712251 DTXSID80737281 DTXSID70607621 DTXSID10394881 DTXSID60715926 DTXSID50664656 DTXSID90651949 DTXSID80675154
DTXSID30395633	DTXSID60842746 DTXSID20485012 DTXSID80290306 DTXSID60217359 DTXSID40588413 DTXSID80736618 DTXSID40513381 DTXSID80572891 DTXSID60571706 DTXSID40716512 DTXSID00485015 DTXSID60897135 DTXSID10826758 DTXSID70651861 DTXSID40313303 DTXSID60856080 DTXSID30651867 DTXSID50849961 DTXSID80604707 DTXSID90185572
DTXSID90494676	DTXSID70452133 DTXSID50695420 DTXSID90375138 DTXSID70507899 DTXSID50873509 DTXSID40496120 DTXSID80303223 DTXSID80828986 DTXSID40857631 DTXSID30780308 DTXSID10483325 DTXSID40360872 DTXSID20180474 DTXSID50403123 DTXSID80646728 DTXSID00376691 DTXSID50567355 DTXSID80685814 DTXSID30772364 DTXSID90383293
DTXSID50446232	DTXSID30592241 DTXSID90238138 DTXSID50323352 DTXSID10659624 DTXSID50366244 DTXSID40186832 DTXSID70696934 DTXSID40507301 DTXSID80208966 DTXSID90801907 DTXSID30711814 DTXSID80665454 DTXSID40211431 DTXSID10360203 DTXSID60797262 DTXSID30787998 DTXSID30303990 DTXSID30209468 DTXSID70714723 DTXSID70538027
DTXSID10291689	DTXSID50290232 DTXSID20831939 DTXSID40309645 DTXSID50518761 DTXSID30616294 DTXSID30482714 DTXSID10349912 DTXSID30400852 DTXSID60703924 DTXSID40230809 DTXSID90808375 DTXSID30489420 DTXSID80199264 DTXSID40660980 DTXSID40752753 DTXSID00768471 DTXSID90354903 DTXSID20516850 DTXSID50549550 DTXSID10610614
DTXSID80611310	DTXSID50282854 DTXSID50650796 DTXSID10515256 DTXSID50454695 DTXSID80480689 DTXSID00667490 DTXSID20566476 DTXSID90805965 DTXSID40625731 DTXSID30634231 DTXSID20481190 DTXSID40720078 DTXSID90316182 DTXSID80364490 DTXSID00154719 DTXSID60375120 DTXSID50552024 DTXSID70528403 DTXSID80856784 DTXSID20453519
DTXSID30350843	DTXSID20833716 DTXSID50755018 DTXSID90505372 DTXSID10191993 DTXSID40761729 DTXSID10832697 DTXSID30751750 DTXSID10351257 DTXSID70876552 DTXSID1058393 DTXSID30413629 DTXSID70471682 DTXSID60374335 DTXSID20177142 DTXSID50325735 DTXSID60616843 DTXSID90596508 DTXSID20886101 DTXSID40328396 DTXSID60633636
DTXSID80614503	DTXSID80729005 DTXSID30754024 DTXSID40605891 DTXSID00430803 DTXSID70733090 DTXSID30646278 DTXSID90487361 DTXSID70646297 DTXSID20657131 DTXSID20634806 DTXSID10462130 DTXSID90446155 DTXSID20514699 DTXSID00646220 DTXSID60404409 DTXSID40585927 DTXSID10777190 DTXSID90626273 DTXSID10705852 DTXSID00672261
DTXSID20880629	DTXSID70584509 DTXSID80769784 DTXSID40322596 DTXSID40474802 DTXSID10310607 DTXSID00611953 DTXSID90467087 DTXSID60838245 DTXSID30341251 DTXSID90490996 DTXSID60290364 DTXSID50196109 DTXSID20323662 DTXSID80774393 DTXSID60463011 DTXSID70720440 DTXSID70711292 DTXSID40547121 DTXSID70243806 DTXSID70790249
DTXSID80562893	DTXSID20185540 DTXSID30344606 DTXSID60576312 DTXSID80238243 DTXSID10236696 DTXSID70652439 DTXSID90379459 DTXSID50290696 DTXSID40274541 DTXSID00380238 DTXSID00392376 DTXSID40770336 DTXSID10472875 DTXSID40877455 DTXSID40645631 DTXSID70473525 DTXSID70165938 DTXSID80492984 DTXSID20797748 DTXSID40632283
DTXSID80565980	DTXSID30480932 DTXSID80598016 DTXSID50515836 DTXSID10238817 DTXSID80733763 DTXSID50726783 DTXSID60492366 DTXSID40499454 DTXSID30734407 DTXSID50803285 DTXSID20857497 DTXSID10477784 DTXSID40646289 DTXSID70302644 DTXSID20457279 DTXSID80681992 DTXSID20579162 DTXSID20545827 DTXSID30642078 DTXSID30462975
DTXSID00403279	DTXSID20629833 DTXSID70614779 DTXSID90694952 DTXSID20170274 DTXSID50738568 DTXSID90810493 DTXSID90708402 DTXSID30734048 DTXSID20739168 DTXSID10167254 DTXSID20424360 DTXSID20216883 DTXSID70618696 DTXSID70431468 DTXSID70309077 DTXSID00504730 DTXSID90501470 DTXSID4068533 DTXSID50490730 DTXSID70742980
DTXSID10181551	DTXSID00618008 DTXSID80729868 DTXSID80321321 DTXSID50315419 DTXSID50437069 DTXSID40430266 DTXSID70185176 DTXSID40808289 DTXSID80492207 DTXSID70619067 DTXSID80620088 DTXSID70820898 DTXSID50227583 DTXSID20406545 DTXSID40694588 DTXSID70287543 DTXSID40674183 DTXSID20778436 DTXSID70471389 DTXSID20534998
DTXSID50703690	DTXSID00483556 DTXSID70341755 DTXSID90573197 DTXSID20895511 DTXSID20197946 DTXSID50846839 DTXSID30583679 DTXSID80464787 DTXSID40721429 DTXSID80345264 DTXSID80596936 DTXSID80827696 DTXSID20508230 DTXSID40824282 DTXSID10182063 DTXSID10182402 DTXSID00461576 DTXSID80221599 DTXSID20797460 DTXSID70277929
DTXSID20448329	DTXSID30572765 DTXSID70709538 DTXSID70438497 DTXSID10366361 DTXSID60654826 DTXSID60336195 DTXSID40453379 DTXSID70165099 DTXSID10546803 DTXSID5072486 DTXSID70405947 DTXSID60169208 DTXSID50179492 DTXSID40442061 DTXSID80169503 DTXSID70448359 DTXSID30544588 DTXSID10442659 DTXSID1063512 DTXSID60834747
DTXSID30397672	DTXSID40183785 DTXSID60707765 DTXSID7041625 DTXSID00462982 DTXSID70283222 DTXSID60803872 DTXSID10494193 DTXSID70805822 DTXSID50306463 DTXSID70668075 DTXSID10732825 DTXSID90405585 DTXSID40694588 DTXSID50681040 DTXSID60320630 DTXSID90205587 DTXSID80279131 DTXSID7023194 DTXSID00854560 DTXSID80640443
DTXSID80503842	DTXSID30813044 DTXSID30209347 DTXSID60885395 DTXSID80671277 DTXSID10528048 DTXSID30777990 DTXSID40676425 DTXSID10732143 DTXSID00604441 DTXSID80323385 DTXSID20596874 DTXSID60182518 DTXSID60667577 DTXSID20834607 DTXSID90177215 DTXSID60228324 DTXSID80600986 DTXSID50828574 DTXSID30481989 DTXSID70475029
DTXSID10290430	DTXSID70713711 DTXSID50615143 DTXSID40759080 DTXSID80783627 DTXSID70701754 DTXSID40763107 DTXSID40780031 DTXSID50609507 DTXSID10718149 DTXSID90542560 DTXSID20748694 DTXSID30824958 DTXSID20205954 DTXSID60433259 DTXSID30218656 DTXSID20800625 DTXSID20803095 DTXSID2073017 DTXSID20817531 DTXSID90339119
DTXSID40703664	DTXSID80351527 DTXSID40197327 DTXSID70327150 DTXSID60379527 DTXSID70239385 DTXSID80548516 DTXSID10727852 DTXSID30716324 DTXSID20154993 DTXSID10392362 DTXSID30896150 DTXSID50590749 DTXSID3069982 DTXSID60221092 DTXSID50208059 DTXSID00188933 DTXSID90497425 DTXSID20640881 DTXSID40536090 DTXSID30716364
DTXSID40751706	DTXSID90439542 DTXSID60206102 DTXSID40693273 DTXSID70383670 DTXSID90843903 DTXSID70431468 DTXSID30234336 DTXSID70618696 DTXSID4068533 DTXSID50290813 DTXSID80495753 DTXSID90819865 DTXSID70876072 DTXSID60425730 DTXSID20739168 DTXSID20600723 DTXSID90708402 DTXSID20364156 DTXSID80604000 DTXSID70309077
DTXSID30317294	DTXSID90222451 DTXSID40698521 DTXSID60875812 DTXSID00877198 DTXSID70889001 DTXSID40877197 DTXSID60161040 DTXSID60896426 DTXSID30889002 DTXSID80778154 DTXSID30896094 DTXSID60327083 DTXSID90312927 DTXSID20476506 DTXSID40652300 DTXSID30789432 DTXSID50488652 DTXSID50523178 DTXSID30791999 DTXSID00151203
DTXSID70748205	DTXSID50336265 DTXSID20190891 DTXSID00773323 DTXSID30727511 DTXSID40818848 DTXSID60443191 DTXSID40624108 DTXSID00398232 DTXSID60700392 DTXSID50308568 DTXSID10764141 DTXSID50303811 DTXSID50292099 DTXSID30659560 DTXSID00311522 DTXSID40397264 DTXSID30812719 DTXSID70488179 DTXSID00722634 DTXSID60435793
DTXSID1073367	DTXSID90674456 DTXSID00366613 DTXSID00730234 DTXSID90517016 DTXSID20493056 DTXSID10879603 DTXSID50367973 DTXSID40649518 DTXSID10500445 DTXSID00876464 DTXSID50736766 DTXSID20289310 DTXSID40876463 DTXSID00512653 DTXSID10814130 DTXSID40750774 DTXSID20459172 DTXSID30219385 DTXSID20812723 DTXSID20596511
DTXSID60150616	DTXSID2060967 DTXSID80638027 DTXSID90526789 DTXSID60408725 DTXSID90543436 DTXSID20481377 DTXSID30757772 DTXSID30587935 DTXSID20318013 DTXSID70517771 DTXSID80452144 DTXSID20190770 DTXSID7069071 DTXSID40543441 DTXSID30396761 DTXSID80670184 DTXSID20653476 DTXSID50460130 DTXSID00491015 DTXSID20449210
DTXSID40684601	DTXSID30490970 DTXSID20222787 DTXSID00326196 DTXSID30642230 DTXSID60729402 DTXSID9061178 DTXSID80350737 DTXSID80463452 DTXSID60184870 DTXSID00774916 DTXSID40756736 DTXSID60670142 DTXSID10359430 DTXSID60154018 DTXSID70659443 DTXSID20364510 DTXSID10810733 DTXSID20604968 DTXSID80178751 DTXSID90152880
DTXSID20856788	DTXSID10594324 DTXSID40765540 DTXSID50345559 DTXSID10717975 DTXSID40332150 DTXSID30648393 DTXSID80303546 DTXSID60449335 DTXSID30443108 DTXSID40577145 DTXSID5037602 DTXSID50369598 DTXSID10852996 DTXSID20544931 DTXSID10516763 DTXSID20793508 DTXSID40156419 DTXSID0042298 DTXSID40211870 DTXSID40440103
DTXSID10805306	DTXSID40349804 DTXSID30423703 DTXSID10659285 DTXSID10292499 DTXSID00311522 DTXSID80724015 DTXSID00309808 DTXSID50292099 DTXSID90666452 DTXSID10395035 DTXSID60556013 DTXSID60435793 DTXSID40405636 DTXSID50228318 DTXSID10385012 DTXSID00606980 DTXSID30659560 DTXSID00314654 DTXSID60897039 DTXSID70238095
DTXSID50198300	DTXSID50632714 DTXSID60468920 DTXSID70453201 DTXSID20624146 DTXSID70799737 DTXSID00325563 DTXSID00816986 DTXSID50175070 DTXSID30809604 DTXSID50783538 DTXSID00807834 DTXSID20288045 DTXSID9069849 DTXSID40187066 DTXSID90820815 DTXSID90786326 DTXSID30538700 DTXSID00281615 DTXSID60240440 DTXSID60658541
DTXSID10359430	DTXSID90152880 DTXSID00326196 DTXSID40494722 DTXSID20604968 DTXSID40756736 DTXSID20364510 DTXSID30490970 DTXSID20676827 DTXSID60599086 DTXSID40812861 DTXSID30546800 DTXSID60154018 DTXSID9061178 DTXSID40684601 DTXSID70543979 DTXSID30525099 DTXSID60879719 DTXSID60729402 DTXSID50379475 DTXSID30642230
DTXSID70481504	DTXSID50429247 DTXSID80354891 DTXSID60799327 DTXSID50660936 DTXSID70411184 DTXSID50625080 DTXSID80570276 DTXSID50315974 DTXSID20493516 DTXSID90813707 DTXSID10448358 DTXSID60618206 DTXSID50733937 DTXSID90747351 DTXSID30346367 DTXSID20159226 DTXSID70309653 DTXSID80383500 DTXSID30817062 DTXSID80211632
DTXSID10403725	DTXSID50450374 DTXSID20740779 DTXSID30506823 DTXSID00837035 DTXSID30635122 DTXSID60514936 DTXSID30314602 DTXSID30343396 DTXSID1036886 DTXSID40180330 DTXSID30323618 DTXSID20732210 DTXSID40697812 DTXSID30544023 DTXSID10761256 DTXSID30653462 DTXSID10437121 DTXSID0024397 DTXSID90623222 DTXSID70513854
DTXSID9044293	DTXSID90572428 DTXSID10700887 DTXSID90330222 DTXSID90850713 DTXSID00292362 DTXSID70434232 DTXSID90151732 DTXSID30235823 DTXSID20676403 DTXSID40606308 DTXSID90821201 DTXSID40385343 DTXSID90778569 DTXSID50731357 DTXSID20593303 DTXSID10694474 DTXSID70888756 DTXSID10649883 DTXSID80534575 DTXSID60667653
DTXSID50402570	DTXSID00797266 DTXSID20702812 DTXSID50857501 DTXSID00496606 DTXSID40749345 DTXSID90352929 DTXSID30550669 DTXSID90857282 DTXSID10600479 DTXSID90624653 DTXSID70488816 DTXSID30775971 DTXSID00143623 DTXSID10452450 DTXSID50589017 DTXSID30543016 DTXSID10340242 DTXSID30355691 DTXSID90506460 DTXSID00835551
DTXSID00621052	DTXSID60522556 DTXSID10508168 DTXSID70651442 DTXSID60496400 DTXSID80493395 DTXSID70346129 DTXSID00385925 DTXSID80629657 DTXSID10240733 DTXSID30181735 DTXSID40488742 DTXSID70508063 DTXSID40532931 DTXSID90602370 DTXSID50448771 DTXSID00611953 DTXSID10421101 DTXSID50196109 DTXSID30341251 DTXSID00409610
DTXSID90301679	DTXSID20279130 DTXSID90521855 DTXSID20488649 DTXSID80736431 DTXSID70599113 DTXSID80879473 DTXSID60160179 DTXSID70891588 DTXSID00566070 DTXSID10762622 DTXSID70812718 DTXSID40737303 DTXSID10354788 DTXSID00748632 DTXSID40809650 DTXSID80232569 DTXSID20802265 DTXSID10148321 DTXSID80588038 DTXSID90163234
DTXSID80540737	DTXSID30550023 DTXSID30767674 DTXSID00864907 DTXSID60172570 DTXSID40540738 DTXSID5021625 DTXSID60451877 DTXSID60766978 DTXSID80568138 DTXSID10693124 DTXSID70443026 DTXSID50277442 DTXSID80354371 DTXSID10311699 DTXSID70515318 DTXSID90295286 DTXSID00719266 DTXSID80594452 DTXSID00162071 DTXSID80177047
DTXSID30787675	DTXSID10724003 DTXSID50630270 DTXSID80699496 DTXSID10406736 DTXSID90348983 DTXSID50535817 DTXSID30440677 DTXSID90392042 DTXSID80668985 DTXSID50323675 DTXSID50457580 DTXSID40732550 DTXSID90633644 DTXSID20849776 DTXSID80801219 DTXSID80402306 DTXSID40504113 DTXSID90373674 DTXSID60655318 DTXSID20632246
DTXSID10607786	DTXSID90405863 DTXSID00174816 DTXSID00287793 DTXSID00676663 DTXSID20372397 DTXSID20831095 DTXSID90152749 DTXSID90556708 DTXSID20356697 DTXSID60618160 DTXSID80626202 DTXSID20438164 DTXSID60828121 DTXSID80549528 DTXSID20217613 DTXSID90375774 DTXSID00700114 DTXSID60669213 DTXSID40698844 DTXSID50646715
DTXSID90767216	DTXSID00447830 DTXSID20677536 DTXSID80561866 DTXSID70186380 DTXSID10558300 DTXSID4059251 DTXSID00588297 DTXSID10188005 DTXSID40415351 DTXSID90383879 DTXSID00431456 DTXSID10876652 DTXSID30175174 DTXSID50368642 DTXSID20465778 DTXSID10154664 DTXSID60172090 DTXSID70548964 DTXSID80218944 DTXSID30806976
DTXSID00404887	DTXSID00374031 DTXSID50191730 DTXSID20593989 DTXSID30830751 DTXSID60206622 DTXSID70364525 DTXSID70212375 DTXSID70188187 DTXSID70876658 DTXSID40697039 DTXSID80472847 DTXSID1047071 DTXSID70173750 DTXSID50375033 DTXSID90748989 DTXSID70283005 DTXSID50807309 DTXSID90836456 DTXSID50558329 DTXSID90411444
DTXSID90824994	DTXSID40824580 DTXSID10174882 DTXSID80635894 DTXSID60843899 DTXSID40844809 DTXSID40801856 DTXSID60447573 DTXSID90663507 DTXSID10160907 DTXSID40615793 DTXSID40173409 DTXSID10538021 DTXSID00743021 DTXSID70797415 DTXSID70836550 DTXSID00534895 DTXSID20569260 DTXSID10585474 DTXSID40511105 DTXSID50497966
DTXSID70542503	DTXSID30298938 DTXSID20352937 DTXSID90508585 DTXSID20656902 DTXSID80633057 DTXSID30322904 DTXSID20368533 DTXSID80476729 DTXSID80726635 DTXSID10157079 DTXSID10657448 DTXSID10458452 DTXSID80646122 DTXSID1024752 DTXSID20853671 DTXSID20697678 DTXSID20819292 DTXSID10833987 DTXSID1020724 DTXSID50806832
DTXSID60716493	DTXSID70877089 DTXSID00225771 DTXSID50174083 DTXSID20509883 DTXSID00186636 DTXSID10482636 DTXSID90590243 DTXSID70276634 DTXSID50728005 DTXSID70297602 DTXSID90477409 DTXSID50709910 DTXSID50354681 DTXSID50527777 DTXSID70241625 DTXSID30805747 DTXSID40298348 DTXSID20722510 DTXSID7073486 DTXSID00444344
DTXSID10660230	DTXSID30217321 DTXSID90693228 DTXSID10841668 DTXSID90657128 DTXSID00712717 DTXSID50737298 DTXSID80199027 DTXSID80647316 DTXSID90193935 DTXSID50635109 DTXSID0059114 DTXSID20292960 DTXSID50486638 DTXSID90788966 DTXSID50798788 DTXSID60441415 DTXSID10645305 DTXSID50759132 DTXSID90408475 DTXSID00307223
DTXSID90675923	DTXSID20188935 DTXSID80380630 DTXSID20733565 DTXSID20655571 DTXSID40152835 DTXSID40436167 DTXSID50283649 DTXSID40673171 DTXSID70237664 DTXSID80549962 DTXSID90387731 DTXSID50615385 DTXSID10377573 DTXSID00697257 DTXSID70585475 DTXSID20720470 DTXSID50853169 DTXSID70609605 DTXSID80396852 DTXSID30373673
DTXSID20508230	DTXSID80464787 DTXSID80206947 DTXSID20895511 DTXSID30194385 DTXSID50571472 DTXSID30199118 DTXSID20797460 DTXSID50846839 DTXSID70352922 DTXSID80596936 DTXSID60179903 DTXSID70647749 DTXSID70377711 DTXSID80345264 DTXSID00495098 DTXSID10609068 DTXSID50614151 DTXSID40824282 DTXSID80655517 DTXSID30583679
DTXSID10708742	DTXSID20640881 DTXSID10367090 DTXSID90763672 DTXSID90195772 DTXSID20651932 DTXSID60646120 DTXSID50351332 DTXSID00188933 DTXSID10727852 DTXSID50830854 DTXSID40536090 DTXSID10392362 DTXSID60221092 DTXSID30557991 DTXSID20392196 DTXSID60193826 DTXSID00585105 DTXSID30188123 DTXSID90295367 DTXSID80548516
DTXSID20896169	DTXSID20696949 DTXSID60725005 DTXSID80657339 DTXSID60236000 DTXSID70526803 DTXSID90182107 DTXSID50709137 DTXSID80385786 DTXSID80874261 DTXSID20337542 DTXSID20467757 DTXSID20198655 DTXSID80206088 DTXSID20226240 DTXSID00680048 DTXSID70532141 DTXSID40656964 DTXSID30676414 DTXSID20707605 DTXSID80694421
DTXSID70649208	DTXSID20509762 DTXSID50843540 DTXSID00332196 DTXSID20812728 DTXSID10472193 DTXSID20440303 DTXSID80308495 DTXSID70313634 DTXSID00210869 DTXSID70214298 DTXSID40459179 DTXSID90768203 DTXSID90738764 DTXSID50616953 DTXSID90350602 DTXSID40509345 DTXSID60640704 DTXSID70293240 DTXSID60395247 DTXSID50505535
DTXSID70288277	DTXSID50388749 DTXSID3068126 DTXSID90178368 DTXSID90502841 DTXSID40454326 DTXSID00179881 DTXSID10597653 DTXSID40836047 DTXSID70299606 DTXSID80753441 DTXSID60318532 DTXSID40729783 DTXSID70480092 DTXSID60374335 DTXSID00653050 DTXSID60876142 DTXSID70589478 DTXSID30413629 DTXSID00771248 DTXSID10398708
DTXSID10280518	DTXSID80879493 DTXSID50294250 DTXSID90805021 DTXSID00833719 DTXSID70666899 DTXSID80754296 DTXSID10728889 DTXSID70795315 DTXSID30722324 DTXSID60154331 DTXSID70560666 DTXSID10708424 DTXSID70612538 DTXSID60722519 DTXSID40585508 DTXSID10441586 DTXSID00374652 DTXSID60369660 DTXSID20548313 DTXSID00363127
DTXSID80744314	DTXSID80700652 DTXSID10628037 DTXSID10423387 DTXSID30812719 DTXSID40624108 DTXSID00557064 DTXSID90526002 DTXSID80392899 DTXSID40818848 DTXSID00398232 DTXSID00326515 DTXSID30823663 DTXSID70748205 DTXSID40397264 DTXSID80222344 DTXSID70812718 DTXSID70896391 DTXSID20234486 DTXSID00773323 DTXSID60443191
DTXSID50336265	DTXSID60700392 DTXSID20190891 DTXSID30727511 DTXSID70748205 DTXSID10764141 DTXSID50308568 DTXSID30659560 DTXSID50292099 DTXSID50303811 DTXSID00722634 DTXSID90598183 DTXSID40818848 DTXSID00311522 DTXSID00398232 DTXSID00773323 DTXSID20881333 DTXSID50582785 DTXSID60435793 DTXSID10142980 DTXSID40397264
DTXSID10214297	DTXSID60632568 DTXSID50610734 DTXSID20652828 DTXSID10166661 DTXSID80541527 DTXSID10594329 DTXSID20472346 DTXSID40663355 DTXSID80819157 DTXSID40344319 DTXSID50632779 DTXSID20301864 DTXSID70768221 DTXSID70599254 DTXSID10343415 DTXSID60807198 DTXSID00618124 DTXSID10189517 DTXSID80810740 DTXSID80458641
DTXSID80710670	DTXSID90560729 DTXSID50409029 DTXSID50179518 DTXSID30852256 DTXSID10301277 DTXSID20368194 DTXSID70735690 DTXSID30371457 DTXSID30361752 DTXSID20605314 DTXSID50400551 DTXSID50631606 DTXSID30668930 DTXSID70873662 DTXSID5070529 DTXSID10806398 DTXSID60588576 DTXSID70813427 DTXSID80439612 DTXSID10716180
DTXSID50709091	DTXSID50149857 DTXSID30590308 DTXSID80488645 DTXSID50589815 DTXSID60462105 DTXSID30331379 DTXSID10794963 DTXSID50196028 DTXSID60608662 DTXSID20285670 DTXSID50495023 DTXSID20424284 DTXSID40596295 DTXSID40707006 DTXSID50345716 DTXSID60621654 DTXSID10706283 DTXSID50494990 DTXSID90570287 DTXSID30241787
DTXSID20360335	DTXSID80375086 DTXSID50632259 DTXSID80591547 DTXSID60283352 DTXSID70598666 DTXSID80324913 DTXSID5073115 DTXSID40425995 DTXSID90331931 DTXSID8066975 DTXSID50483768 DTXSID90507811 DTXSID50795277 DTXSID40156813 DTXSID60212142 DTXSID20162351 DTXSID60345565 DTXSID80666461 DTXSID50751116 DTXSID90149336
DTXSID10217122	DTXSID90584728 DTXSID60694580 DTXSID80620169 DTXSID90281785 DTXSID10525991 DTXSID20660908 DTXSID60444729 DTXSID40654925 DTXSID00398893 DTXSID00317766 DTXSID50805002 DTXSID30729499 DTXSID70660978 DTXSID60621654 DTXSID80649850 DTXSID00541347 DTXSID20525200 DTXSID20640624 DTXSID60840166 DTXSID60809374
DTXSID00568670	DTXSID00293935 DTXSID80211571 DTXSID70399418 DTXSID50848994 DTXSID00405117 DTXSID70471445 DTXSID70176266 DTXSID90662833 DTXSID90817745 DTXSID40588519 DTXSID10496814 DTXSID60734213 DTXSID60571706 DTXSID7057787 DTXSID10876516 DTXSID70821062 DTXSID50303033 DTXSID70831702 DTXSID60897135 DTXSID50457308
DTXSID00464143	DTXSID80703926 DTXSID10695087 DTXSID90381971 DTXSID90879303 DTXSID40622947 DTXSID10584821 DTXSID00672044 DTXSID40292366 DTXSID60404409 DTXSID00672261 DTXSID90392163 DTXSID30621202 DTXSID20657131 DTXSID70142845 DTXSID50739292 DTXSID60731106 DTXSID10702806 DTXSID00430803 DTXSID40605891 DTXSID60561703
DTXSID00614525	DTXSID90208553 DTXSID00374536 DTXSID50281226 DTXSID00611337 DTXSID60424884 DTXSID20801894 DTXSID30642472 DTXSID10621083 DTXSID00749821 DTXSID50651304 DTXSID40415492 DTXSID10310021 DTXSID10321879 DTXSID6062672 DTXSID30410198 DTXSID70514624 DTXSID20218842 DTXSID80369369 DTXSID60609316 DTXSID90400712
DTXSID00613750	DTXSID10828494 DTXSID90762589 DTXSID90443725 DTXSID7044689 DTXSID00847053 DTXSID00749265 DTXSID30612519 DTXSID00441777 DTXSID40374510 DTXSID50709551 DTXSID00434109 DTXSID00586415 DTXSID30418639 DTXSID70500800 DTXSID60239536 DTXSID20566037 DTXSID20581402 DTXSID20161445 DTXSID20403978 DTXSID40782439
DTXSID50351094	DTXSID60819953 DTXSID00728974 DTXSID30553978 DTXSID60649212 DTXSID90429206 DTXSID8059007 DTXSID50300042 DTXSID70741615 DTXSID10363476 DTXSID50520142 DTXSID20307225 DTXSID80296106 DTXSID30661188 DTXSID90585376 DTXSID70561754 DTXSID00372618 DTXSID30676515 DTXSID8047509 DTXSID40233512 DTXSID40642488
DTXSID10814392	DTXSID80470343 DTXSID90808572 DTXSID20874240 DTXSID10896214 DTXSID00896425 DTXSID80186038 DTXSID30574648 DTXSID4072233 DTXSID80785949 DTXSID60895999 DTXSID70322903 DTXSID30192987 DTXSID40186675 DTXSID10849982 DTXSID30427761 DTXSID20876805 DTXSID80382194 DTXSID40341469 DTXSID60896542 DTXSID30207207
DTXSID00654103	DTXSID90676839 DTXSID00710011 DTXSID20299454 DTXSID4020953 DTXSID20352715 DTXSID40680007 DTXSID40508893 DTXSID90438530 DTXSID20576136 DTXSID20739320 DTXSID10668655 DTXSID30279565 DTXSID80727804 DTXSID60885815 DTXSID60498388 DTXSID40781189 DTXSID30559379 DTXSID50602750 DTXSID90631125 DTXSID20345788
DTXSID80694441	DTXSID00876525 DTXSID60381564 DTXSID20364550 DTXSID2052360 DTXSID40834083 DTXSID80765726 DTXSID70579435 DTXSID20278103 DTXSID70505355 DTXSID0052386 DTXSID00590557 DTXSID50605327 DTXSID60310778 DTXSID60830143 DTXSID40642064 DTXSID10277564 DTXSID50844996 DTXSID50738063 DTXSID8070542 DTXSID50538186
DTXSID90695126	DTXSID20656442 DTXSID10180100 DTXSID10699722 DTXSID50624417 DTXSID00412780 DTXSID3042269 DTXSID90854731 DTXSID30876912 DTXSID10806994 DTXSID10552787 DTXSID80369485 DTXSID00534259 DTXSID00199488 DTXSID10544364 DTXSID40802181 DTXSID60831579 DTXSID20876901 DTXSID20903968 DTXSID50560644 DTXSID10675349
DTXSID40701403	DTXSID10347115 DTXSID40187203 DTXSID70784289 DTXSID50776243 DTXSID5063605 DTXSID10354268 DTXSID20640467 DTXSID20705661 DTXSID90392042 DTXSID60669233 DTXSID20394216 DTXSID90706488 DTXSID70616516 DTXSID40444409 DTXSID20468163 DTXSID10712405 DTXSID10406736 DTXSID80668985 DTXSID70669229 DTXSID20424567
DTXSID80382194	DTXSID40186675 DTXSID90275528 DTXSID70314449 DTXSID50732122 DTXSID4072233 DTXSID90808572 DTXSID30207207 DTXSID30574648 DTXSID80427291 DTXSID60829355 DTXSID30640938 DTXSID40341469 DTXSID00896208 DTXSID10143558 DTXSID70322903 DTXSID50334625 DTXSID90513997 DTXSID10896335 DTXSID10875923 DTXSID10896214
DTXSID10717975	DTXSID5037602 DTXSID40577145 DTXSID10594324 DTXSID80303546 DTXSID00316638 DTXSID30755233 DTXSID60449335 DTXSID40211870 DTXSID40765540 DTXSID70842212 DTXSID30815205 DTXSID20856788 DTXSID30648393 DTXSID40760095 DTXSID0042298 DTXSID10516763 DTXSID50369598 DTXSID7020211 DTXSID50175434 DTXSID30346908
DTXSID00394330	DTXSID70651144 DTXSID30181371 DTXSID80342814 DTXSID20616925 DTXSID60146276 DTXSID30389638 DTXSID70202690 DTXSID90547999 DTXSID00339443 DTXSID90324363 DTXSID60307320 DTXSID10655924 DTXSID40191426 DTXSID20891139 DTXSID00501264 DTXSID10338109 DTXSID70447645 DTXSID50306004 DTXSID20225894 DTXSID00865494
DTXSID20229796	DTXSID10682199 DTXSID30463806 DTXSID10599056 DTXSID20423873 DTXSID80795720 DTXSID90536565 DTXSID30753395 DTXSID90328629 DTXSID60606582 DTXSID60761685 DTXSID50846531 DTXSID90375214 DTXSID90847486 DTXSID90277789 DTXSID70487304 DTXSID00197808 DTXSID40455873 DTXSID90565294 DTXSID50528269 DTXSID40163406
DTXSID20636986	DTXSID80771201 DTXSID30737771 DTXSID10472219 DTXSID30639589 DTXSID60339080 DTXSID20340096 DTXSID4062519 DTXSID30524340 DTXSID30340426 DTXSID40492324 DTXSID20459137 DTXSID10544465 DTXSID90755951 DTXSID80552279 DTXSID00814942 DTXSID80332674 DTXSID40285733 DTXSID60219237 DTXSID90464854 DTXSID50786221
DTXSID10757811	DTXSID7066643 DTXSID20676943 DTXSID60458866 DTXSID70876951 DTXSID6047862 DTXSID10482878 DTXSID4034817 DTXSID50555378 DTXSID00754490 DTXSID10766645 DTXSID40847052 DTXSID40228701 DTXSID10651885 DTXSID10568929 DTXSID40337105 DTXSID00725468 DTXSID10190002 DTXSID50234732 DTXSID20612381 DTXSID40776999
DTXSID70751774	DTXSID30342248 DTXSID00478189 DTXSID40191628 DTXSID10569991 DTXSID10393859 DTXSID80673756 DTXSID00333421 DTXSID7067401 DTXSID50165719 DTXSID40390038 DTXSID60239672 DTXSID20295613 DTXSID90543810 DTXSID70493445 DTXSID40226601 DTXSID40503843 DTXSID20832421 DTXSID80528696 DTXSID00639591 DTXSID80809139
DTXSID40483212	DTXSID10485607 DTXSID80196490 DTXSID80483211 DTXSID80545565 DTXSID00843479 DTXSID2051978 DTXSID90353214 DTXSID80222480 DTXSID1052585 DTXSID00615431 DTXSID00303785 DTXSID20477457 DTXSID60675172 DTXSID90302707 DTXSID40705805 DTXSID60179645 DTXSID60641211 DTXSID10884631 DTXSID70306869 DTXSID50528608
DTXSID40470283	DTXSID60315304 DTXSID1051692 DTXSID90675241 DTXSID70392702 DTXSID40143001 DTXSID00815070 DTXSID10165497 DTXSID60694484 DTXSID60886165 DTXSID00885839 DTXSID70280034 DTXSID80737983 DTXSID70356581 DTXSID90737919 DTXSID30660373 DTXSID40431657 DTXSID00563862 DTXSID40303729 DTXSID70855069 DTXSID60580217
DTXSID80326134	DTXSID90706903 DTXSID90309635 DTXSID50180326 DTXSID60559382 DTXSID50727078 DTXSID30228250 DTXSID90668471 DTXSID80416549 DTXSID70325696 DTXSID80812845 DTXSID60358195 DTXSID40369466 DTXSID50729870 DTXSID90406390 DTXSID50340180 DTXSID20821077 DTXSID80681634 DTXSID80845794 DTXSID50240651 DTXSID20317288
DTXSID40493270	DTXSID30725810 DTXSID60444305 DTXSID10557257 DTXSID90403440 DTXSID00739141 DTXSID60442068 DTXSID6044858 DTXSID30351057 DTXSID40626425 DTXSID60671937 DTXSID30646551 DTXSID50729193 DTXSID40585927 DTXSID70355690 DTXSID50167293 DTXSID90405606 DTXSID80723543 DTXSID20168616 DTXSID30618536 DTXSID90626273
DTXSID30632272	DTXSID70529475 DTXSID80577280 DTXSID70835922 DTXSID60209350 DTXSID00697813 DTXSID60836468 DTXSID30757297 DTXSID30313034 DTXSID30818574 DTXSID60786151 DTXSID20384071 DTXSID60695476 DTXSID20450149 DTXSID20547043 DTXSID50604471 DTXSID70642456 DTXSID90624976 DTXSID30159237 DTXSID50404332 DTXSID60368299
DTXSID30311595	DTXSID80282226 DTXSID00371186 DTXSID90813020 DTXSID40450409 DTXSID40168219 DTXSID40374030 DTXSID50467346 DTXSID30176540 DTXSID40588493 DTXSID50667248 DTXSID90805440 DTXSID20439297 DTXSID40561645 DTXSID50218416 DTXSID90419526 DTXSID10579717 DTXSID40296581 DTXSID80237675 DTXSID70677208 DTXSID70471389
DTXSID00816744	DTXSID60816740 DTXSID40532956 DTXSID90825320 DTXSID40718177 DTXSID60746876 DTXSID8060537 DTXSID10825483 DTXSID70545211 DTXSID80414949 DTXSID40633255 DTXSID60340757 DTXSID40767706 DTXSID50712085 DTXSID80615474 DTXSID30816737 DTXSID30816732 DTXSID70773512 DTXSID80526894 DTXSID90449848 DTXSID00816724
DTXSID10335214	DTXSID20618585 DTXSID80452503 DTXSID70179717 DTXSID60508572 DTXSID00669338 DTXSID40789600 DTXSID50719099 DTXSID20629777 DTXSID10627005 DTXSID50727159 DTXSID90700688 DTXSID30282615 DTXSID70548101 DTXSID50469906 DTXSID70526065 DTXSID10163594 DTXSID60487459 DTXSID10734208 DTXSID20604640 DTXSID40316117
DTXSID10452450	DTXSID10600479 DTXSID90512026 DTXSID30146309 DTXSID50590582 DTXSID50544085 DTXSID30543016 DTXSID10340242 DTXSID30187171 DTXSID10215002 DTXSID40749345 DTXSID90506460 DTXSID80170356 DTXSID20667790 DTXSID90352929 DTXSID00797266 DTXSID50589017 DTXSID50427945 DTXSID00632204 DTXSID40456507 DTXSID20671211
DTXSID30510001	DTXSID80333444 DTXSID10602615 DTXSID30218555 DTXSID70600399 DTXSID00430282 DTXSID10190906 DTXSID80180238 DTXSID60524732 DTXSID80471577 DTXSID10478554 DTXSID60831094 DTXSID50302824 DTXSID70787851 DTXSID80582970 DTXSID50151738 DTXSID10679943 DTXSID80415456 DTXSID10566046 DTXSID00342699 DTXSID90182581
DTXSID00669479	DTXSID90442410 DTXSID1058006 DTXSID50585418 DTXSID70226290 DTXSID1061998 DTXSID90462936 DTXSID50190021 DTXSID40334275 DTXSID80440647 DTXSID50494753 DTXSID60286045 DTXSID00411738 DTXSID20354870 DTXSID10742247 DTXSID10198205 DTXSID10871440 DTXSID40593340 DTXSID10596368 DTXSID40758917 DTXSID20654903
DTXSID30357014	DTXSID40527741 DTXSID90418019 DTXSID10578240 DTXSID10482090 DTXSID60310778 DTXSID60830143 DTXSID40790731 DTXSID10780048 DTXSID20624161 DTXSID80763489 DTXSID40494565 DTXSID40642064 DTXSID40809372 DTXSID50845665 DTXSID50851009 DTXSID50757779 DTXSID70579435 DTXSID60463011 DTXSID00813839 DTXSID80466281
DTXSID80186038	DTXSID00896425 DTXSID20874240 DTXSID60895999 DTXSID30427761 DTXSID10849982 DTXSID80470343 DTXSID10814392 DTXSID00428624 DTXSID50770943 DTXSID40896005 DTXSID10896214 DTXSID80785949 DTXSID90808572 DTXSID90697584 DTXSID30574648 DTXSID20876805 DTXSID4072233 DTXSID20162997 DTXSID60896542 DTXSID30198141
DTXSID20435577	DTXSID50505535 DTXSID50659704 DTXSID90350602 DTXSID80308495 DTXSID90232919 DTXSID00332196 DTXSID90768203 DTXSID20440303 DTXSID50616953 DTXSID50843540 DTXSID50493822 DTXSID70649208 DTXSID20509762 DTXSID00383860 DTXSID40674401 DTXSID40300394 DTXSID40459179 DTXSID2062032 DTXSID80388515 DTXSID70313634
DTXSID30372388	DTXSID70849983 DTXSID50876338 DTXSID40188098 DTXSID50552847 DTXSID20474825 DTXSID40483116 DTXSID40856184 DTXSID40485337 DTXSID50742443 DTXSID60831094 DTXSID10720308 DTXSID60656749 DTXSID00556597 DTXSID20162351 DTXSID00313622 DTXSID00182971 DTXSID80180238 DTXSID80475393 DTXSID10602615 DTXSID50151738
DTXSID7066643	DTXSID10757811 DTXSID10482878 DTXSID10766645 DTXSID70876951 DTXSID6047862 DTXSID20676943 DTXSID10651885 DTXSID4034817 DTXSID60458866 DTXSID40776999 DTXSID00725468 DTXSID50555378 DTXSID10190002 DTXSID70537510 DTXSID10568929 DTXSID00754490 DTXSID40847052 DTXSID40228701 DTXSID60675213 DTXSID40504198
DTXSID30377479	DTXSID90208699 DTXSID10653829 DTXSID40609798 DTXSID40696128 DTXSID80765302 DTXSID20294181 DTXSID50879602 DTXSID90422898 DTXSID00449339 DTXSID20306273 DTXSID10803544 DTXSID30225724 DTXSID70428934 DTXSID70419145 DTXSID70506807 DTXSID30667342 DTXSID90846131 DTXSID60681556 DTXSID70459804 DTXSID00618003
DTXSID50563231	DTXSID00468308 DTXSID10556700 DTXSID10640895 DTXSID50234914 DTXSID30828774 DTXSID40796495 DTXSID4066414 DTXSID80851436 DTXSID50469729 DTXSID30790846 DTXSID40823058 DTXSID50293203 DTXSID50201202 DTXSID60812328 DTXSID90654910 DTXSID60192233 DTXSID80444347 DTXSID00552054 DTXSID80889294 DTXSID60818047
DTXSID80553504	DTXSID1068807 DTXSID40534975 DTXSID6063226 DTXSID10337657 DTXSID30528282 DTXSID30550028 DTXSID60325842 DTXSID80789543 DTXSID30281663 DTXSID70327857 DTXSID80798099 DTXSID90709590 DTXSID80559561 DTXSID10418177 DTXSID30451107 DTXSID90556268 DTXSID70699586 DTXSID10773617 DTXSID30316929 DTXSID90823245
DTXSID50713451	DTXSID10459469 DTXSID40552573 DTXSID40420561 DTXSID60537100 DTXSID00656980 DTXSID80661557 DTXSID80588154 DTXSID30618773 DTXSID60876440 DTXSID40430408 DTXSID90530760 DTXSID80657213 DTXSID00755947 DTXSID70191530 DTXSID30383914 DTXSID60278708 DTXSID10708141 DTXSID00503940 DTXSID80822580 DTXSID10630059
DTXSID20771341	DTXSID60312631 DTXSID50757350 DTXSID90655745 DTXSID00481779 DTXSID60421353 DTXSID90152885 DTXSID50152285 DTXSID9068378 DTXSID60655595 DTXSID80784659 DTXSID00651056 DTXSID10669849 DTXSID60446501 DTXSID3046166 DTXSID60422946 DTXSID90390301 DTXSID30369379 DTXSID20704255 DTXSID00766412 DTXSID70439989
DTXSID40760656	DTXSID70317233 DTXSID80633850 DTXSID70559595 DTXSID90585659 DTXSID60446566 DTXSID10718306 DTXSID30677421 DTXSID50840074 DTXSID90708543 DTXSID00494167 DTXSID60658283 DTXSID50739176 DTXSID40566796 DTXSID10542067 DTXSID20222681 DTXSID30874256 DTXSID70412616 DTXSID50613806 DTXSID90847724 DTXSID00890342
DTXSID90856710	DTXSID20680929 DTXSID90332584 DTXSID40625933 DTXSID3042180 DTXSID40646289 DTXSID00725569 DTXSID20545827 DTXSID30571112 DTXSID20589443 DTXSID10238817 DTXSID20676923 DTXSID40165465 DTXSID30734407 DTXSID40344319 DTXSID00618124 DTXSID20681991 DTXSID40452221 DTXSID90473163 DTXSID50843904 DTXSID10446950
DTXSID60454621	DTXSID10371152 DTXSID40358815 DTXSID1044932 DTXSID50375432 DTXSID00614904 DTXSID10345131 DTXSID50848459 DTXSID30405488 DTXSID90235405 DTXSID20572759 DTXSID60618928 DTXSID50744341 DTXSID20222383 DTXSID70883463 DTXSID40443371 DTXSID80438847 DTXSID20718317 DTXSID10845207 DTXSID00178112 DTXSID80187787
DTXSID20450149	DTXSID70366049 DTXSID50404332 DTXSID70835922 DTXSID60695476 DTXSID90624976 DTXSID50604471 DTXSID30313034 DTXSID30632272 DTXSID30818574 DTXSID60209350 DTXSID50607326 DTXSID60368299 DTXSID00697813 DTXSID30201705 DTXSID70529475 DTXSID90182288 DTXSID70642456 DTXSID80577280 DTXSID50743096 DTXSID30757297
DTXSID50286771	DTXSID2060387 DTXSID60774114 DTXSID50896096 DTXSID80344898 DTXSID50392846 DTXSID30666870 DTXSID20478000 DTXSID90585790 DTXSID80612226 DTXSID10406059 DTXSID50684233 DTXSID40762559 DTXSID90581772 DTXSID50853664 DTXSID40589445 DTXSID90427267 DTXSID50671709 DTXSID80407917 DTXSID00681035 DTXSID60744413
DTXSID50342467	DTXSID10626775 DTXSID10338821 DTXSID40390654 DTXSID90399273 DTXSID20173321 DTXSID4074271 DTXSID40439936 DTXSID30453383 DTXSID90470157 DTXSID40181084 DTXSID50778843 DTXSID50177630 DTXSID30451647 DTXSID70762224 DTXSID2022127 DTXSID80398735 DTXSID50816158 DTXSID90816713 DTXSID50297620 DTXSID30347430
DTXSID40699437	DTXSID3063417 DTXSID00145980 DTXSID10705413 DTXSID60145820 DTXSID20522017 DTXSID70653901 DTXSID50429722 DTXSID10573876 DTXSID90285046 DTXSID60593347 DTXSID30284199 DTXSID70680272 DTXSID10557050 DTXSID90300187 DTXSID80676848 DTXSID20603719 DTXSID10632992 DTXSID90879368 DTXSID10857249 DTXSID50677448
DTXSID50292099	DTXSID30659560 DTXSID10292499 DTXSID60435793 DTXSID00311522 DTXSID20190891 DTXSID50303811 DTXSID00314654 DTXSID40349804 DTXSID30423703 DTXSID60700392 DTXSID10805306 DTXSID10142980 DTXSID50336265 DTXSID80724015 DTXSID50308568 DTXSID40405636 DTXSID70238095 DTXSID10395035 DTXSID30727511 DTXSID90598183
DTXSID80737746	DTXSID20182615 DTXSID50440755 DTXSID40543047 DTXSID70784865 DTXSID50768805 DTXSID50837207 DTXSID90177972 DTXSID20762693 DTXSID00502150 DTXSID60451498 DTXSID90541598 DTXSID50188948 DTXSID30848932 DTXSID10241806 DTXSID50750765 DTXSID20297955 DTXSID00289651 DTXSID60762692 DTXSID4022076 DTXSID30730989
DTXSID00774698	DTXSID60787562 DTXSID90668794 DTXSID30339597 DTXSID70240254 DTXSID60812404 DTXSID20697451 DTXSID90177598 DTXSID60283579 DTXSID50377476 DTXSID00216947 DTXSID30825243 DTXSID40889316 DTXSID50757613 DTXSID50726480 DTXSID00439250 DTXSID90243843 DTXSID30474452 DTXSID80493638 DTXSID30541254 DTXSID00530115
DTXSID80670922	DTXSID30462596 DTXSID20483593 DTXSID70513637 DTXSID30605128 DTXSID10364029 DTXSID80407659 DTXSID30563335 DTXSID20235433 DTXSID40621798 DTXSID70850630 DTXSID00151728 DTXSID60503325 DTXSID50636555 DTXSID90592505 DTXSID50398949 DTXSID90510345 DTXSID50778944 DTXSID60588132 DTXSID40371741 DTXSID50354060
DTXSID20172071	DTXSID50318526 DTXSID20594678 DTXSID00577964 DTXSID50639889 DTXSID10144484 DTXSID90446892 DTXSID20621973 DTXSID80776034 DTXSID00757749 DTXSID50527358 DTXSID10579131 DTXSID20434202 DTXSID30544962 DTXSID60241518 DTXSID80438044 DTXSID20403498 DTXSID70459480 DTXSID10149196 DTXSID90329454 DTXSID50465827
DTXSID10788468	DTXSID60232926 DTXSID90769098 DTXSID10634658 DTXSID80750632 DTXSID20584130 DTXSID50309898 DTXSID60775181 DTXSID00227472 DTXSID50335016 DTXSID40795620 DTXSID10591237 DTXSID40334755 DTXSID60854566 DTXSID60550677 DTXSID40781609 DTXSID20337941 DTXSID60829315 DTXSID80824408 DTXSID00637274 DTXSID60627272
DTXSID40337105	DTXSID4034817 DTXSID20612381 DTXSID50346667 DTXSID20676943 DTXSID50555378 DTXSID40847052 DTXSID40228701 DTXSID60458866 DTXSID20502450 DTXSID10757811 DTXSID60457071 DTXSID10651885 DTXSID00754490 DTXSID00307829 DTXSID50210773 DTXSID80198656 DTXSID7066643 DTXSID20167427 DTXSID10378500 DTXSID2026602
DTXSID20342752	DTXSID70682094 DTXSID70852235 DTXSID00694584 DTXSID20212729 DTXSID40392951 DTXSID00534895 DTXSID80615070 DTXSID40773322 DTXSID20167826 DTXSID00635194 DTXSID80423814 DTXSID6048096 DTXSID50497966 DTXSID50505358 DTXSID10297585 DTXSID60428125 DTXSID4065604 DTXSID3061920 DTXSID40844809 DTXSID10778389
DTXSID4072316	DTXSID00452661 DTXSID70525598 DTXSID30845542 DTXSID60790112 DTXSID30503079 DTXSID10592128 DTXSID50766987 DTXSID6052039 DTXSID90440375 DTXSID80492267 DTXSID30514509 DTXSID50144802 DTXSID10607125 DTXSID00834226 DTXSID80552597 DTXSID70459546 DTXSID30813064 DTXSID00592137 DTXSID00675171 DTXSID10834934
DTXSID20478000	DTXSID50896096 DTXSID50853664 DTXSID80466488 DTXSID50392846 DTXSID00452045 DTXSID2060387 DTXSID40762559 DTXSID70787230 DTXSID40589445 DTXSID50286771 DTXSID10406059 DTXSID80407917 DTXSID80344898 DTXSID20590216 DTXSID10810733 DTXSID40655977 DTXSID30666870 DTXSID7046388 DTXSID40164599 DTXSID90581772
DTXSID20342757	DTXSID80725148 DTXSID50478391 DTXSID30180309 DTXSID60832561 DTXSID80458641 DTXSID40675519 DTXSID80694683 DTXSID80726812 DTXSID50803285 DTXSID60807198 DTXSID60672065 DTXSID30805005 DTXSID30642078 DTXSID80810740 DTXSID00343944 DTXSID60492366 DTXSID60856883 DTXSID90515835 DTXSID90366162 DTXSID40165465
DTXSID60634486	DTXSID20876002 DTXSID70408195 DTXSID30176388 DTXSID80752176 DTXSID90729455 DTXSID30157839 DTXSID60739006 DTXSID70434515 DTXSID60636561 DTXSID30402412 DTXSID50709773 DTXSID30627547 DTXSID40677391 DTXSID80696829 DTXSID50560684 DTXSID80660101 DTXSID60341340 DTXSID70276876 DTXSID70576666 DTXSID20277616
DTXSID90759338	DTXSID20416442 DTXSID40194558 DTXSID80442686 DTXSID20811357 DTXSID20151705 DTXSID90445805 DTXSID80558271 DTXSID10425129 DTXSID70599390 DTXSID80324357 DTXSID10814695 DTXSID50662359 DTXSID40617934 DTXSID20327009 DTXSID20798412 DTXSID10199636 DTXSID60510635 DTXSID80780792 DTXSID20322453 DTXSID40415679
DTXSID90738966	DTXSID50221364 DTXSID60849235 DTXSID20728537 DTXSID40667575 DTXSID20290961 DTXSID3059268 DTXSID5059296 DTXSID20492625 DTXSID40343822 DTXSID60343788 DTXSID70733212 DTXSID10584427 DTXSID90640535 DTXSID00338097 DTXSID70466078 DTXSID50561439 DTXSID30628054 DTXSID70202817 DTXSID60742575 DTXSID00448923
DTXSID70614779	DTXSID20170274 DTXSID20629833 DTXSID50738568 DTXSID00403279 DTXSID90694952 DTXSID20424360 DTXSID00504730 DTXSID90501470 DTXSID20739168 DTXSID90708402 DTXSID70309077 DTXSID90810493 DTXSID50490730 DTXSID10167254 DTXSID70742980 DTXSID70578327 DTXSID30734048 DTXSID30536807 DTXSID70431468 DTXSID00285491
DTXSID90313277	DTXSID90291925 DTXSID00182759 DTXSID20284901 DTXSID90478239 DTXSID50361274 DTXSID00241971 DTXSID20704078 DTXSID60407293 DTXSID10739854 DTXSID90388102 DTXSID60151047 DTXSID90466833 DTXSID00342699 DTXSID80767386 DTXSID40744315 DTXSID80543965 DTXSID10210118 DTXSID10736227 DTXSID00720978 DTXSID10786207
DTXSID80748150	DTXSID70822074 DTXSID00632961 DTXSID50878074 DTXSID50840392 DTXSID10144949 DTXSID70529697 DTXSID5026548 DTXSID80365482 DTXSID00616882 DTXSID60842620 DTXSID50569758 DTXSID80660707 DTXSID00701883 DTXSID20503927 DTXSID20320999 DTXSID00715541 DTXSID80311045 DTXSID00638044 DTXSID20540059 DTXSID50170787
DTXSID20356910	DTXSID60735008 DTXSID50556547 DTXSID60204269 DTXSID20162654 DTXSID50543058 DTXSID40764472 DTXSID70491880 DTXSID10561894 DTXSID50153696 DTXSID50651021 DTXSID70344100 DTXSID10749877 DTXSID80563507 DTXSID20519503 DTXSID10444037 DTXSID70372524 DTXSID20876269 DTXSID90308284 DTXSID70516784 DTXSID70486135
DTXSID80493395	DTXSID30181735 DTXSID60522556 DTXSID70508063 DTXSID80629657 DTXSID00621052 DTXSID50448771 DTXSID70651442 DTXSID90559138 DTXSID70737336 DTXSID90459442 DTXSID10508168 DTXSID10240733 DTXSID10637523 DTXSID10475568 DTXSID00611953 DTXSID30341251 DTXSID50556143 DTXSID60651597 DTXSID80676767 DTXSID60496400
DTXSID40187203	DTXSID5063605 DTXSID10354268 DTXSID40701403 DTXSID20640467 DTXSID10347115 DTXSID50776243 DTXSID20705661 DTXSID70784289 DTXSID20468163 DTXSID70616516 DTXSID20394216 DTXSID90706488 DTXSID90392042 DTXSID10406736 DTXSID20424567 DTXSID10356469 DTXSID70710927 DTXSID90611407 DTXSID80479391 DTXSID20648620
DTXSID70466078	DTXSID10584427 DTXSID30733071 DTXSID70664895 DTXSID00588454 DTXSID20290961 DTXSID50340165 DTXSID50600953 DTXSID50221364 DTXSID90738966 DTXSID80470161 DTXSID60849235 DTXSID40504491 DTXSID50767873 DTXSID60343788 DTXSID20728537 DTXSID80876523 DTXSID40667575 DTXSID80782413 DTXSID20492625 DTXSID70511451
DTXSID90616912	DTXSID80543420 DTXSID10563075 DTXSID20318497 DTXSID80876684 DTXSID50187390 DTXSID50457540 DTXSID30444615 DTXSID90667540 DTXSID50847765 DTXSID20479512 DTXSID90829020 DTXSID60586219 DTXSID40365761 DTXSID60442705 DTXSID30837361 DTXSID30733677 DTXSID00358154 DTXSID10489948 DTXSID30617640 DTXSID1063691
DTXSID90755951	DTXSID40492324 DTXSID80169801 DTXSID10838811 DTXSID00391541 DTXSID10456251 DTXSID60184971 DTXSID20431170 DTXSID30446093 DTXSID60764858 DTXSID60785886 DTXSID30737771 DTXSID20340096 DTXSID80771201 DTXSID40574018 DTXSID40330590 DTXSID90487604 DTXSID00763380 DTXSID20341866 DTXSID50340226 DTXSID10500324
DTXSID50367973	DTXSID20493056 DTXSID00366613 DTXSID1073367 DTXSID00730234 DTXSID90674456 DTXSID30219385 DTXSID40876463 DTXSID40750774 DTXSID10879603 DTXSID40299936 DTXSID40649518 DTXSID00512653 DTXSID90412517 DTXSID70736667 DTXSID90329050 DTXSID90517016 DTXSID00876464 DTXSID50736766 DTXSID30843725 DTXSID10500445
DTXSID40880989	DTXSID60282305 DTXSID40193041 DTXSID40210747 DTXSID60710279 DTXSID70669921 DTXSID00276107 DTXSID60635099 DTXSID00236246 DTXSID40867432 DTXSID2070421 DTXSID70395056 DTXSID20808722 DTXSID30158189 DTXSID10677181 DTXSID20834925 DTXSID10819029 DTXSID80211511 DTXSID70399812 DTXSID70317990 DTXSID30805762
DTXSID70794227	DTXSID70823187 DTXSID80181841 DTXSID30444296 DTXSID30566720 DTXSID40593183 DTXSID90518543 DTXSID70693504 DTXSID10675228 DTXSID50404296 DTXSID20536750 DTXSID40607633 DTXSID10786282 DTXSID90559057 DTXSID90624532 DTXSID60550556 DTXSID70737937 DTXSID20668040 DTXSID20702716 DTXSID20641272 DTXSID70802775
DTXSID80278947	DTXSID50790207 DTXSID60278066 DTXSID90352303 DTXSID20403978 DTXSID80484844 DTXSID70356086 DTXSID80456228 DTXSID60484049 DTXSID70326067 DTXSID60460080 DTXSID50557458 DTXSID00842563 DTXSID00444965 DTXSID10645683 DTXSID90681564 DTXSID10277443 DTXSID90799633 DTXSID50549631 DTXSID00603530 DTXSID70280852
DTXSID8022169	DTXSID30794804 DTXSID40195489 DTXSID40851134 DTXSID9044164 DTXSID60656901 DTXSID90527776 DTXSID50220236 DTXSID20776098 DTXSID20378874 DTXSID60232421 DTXSID80708355 DTXSID20381262 DTXSID2022127 DTXSID40405939 DTXSID30201402 DTXSID70886030 DTXSID40439936 DTXSID70532929 DTXSID0044153 DTXSID10518868
DTXSID00701106	DTXSID50206878 DTXSID90292093 DTXSID20655894 DTXSID80404406 DTXSID50546887 DTXSID10726481 DTXSID20879053 DTXSID90156823 DTXSID20371406 DTXSID60583001 DTXSID20677798 DTXSID50175959 DTXSID00461157 DTXSID00279294 DTXSID10282310 DTXSID00651511 DTXSID30505336 DTXSID40538554 DTXSID80627991 DTXSID90354120
DTXSID40494722	DTXSID90152880 DTXSID10359430 DTXSID60599086 DTXSID20676827 DTXSID00326196 DTXSID70543979 DTXSID30352640 DTXSID30525099 DTXSID20604968 DTXSID70507379 DTXSID60154018 DTXSID50379475 DTXSID50345498 DTXSID40555903 DTXSID40812861 DTXSID9061178 DTXSID30546800 DTXSID20364510 DTXSID20714718 DTXSID40756736
DTXSID70150627	DTXSID00290363 DTXSID00657073 DTXSID70599390 DTXSID20322453 DTXSID20811357 DTXSID00176032 DTXSID30465820 DTXSID20416442 DTXSID10425129 DTXSID60805533 DTXSID90759338 DTXSID00204985 DTXSID10589275 DTXSID60424546 DTXSID10341552 DTXSID80324357 DTXSID40225492 DTXSID10814695 DTXSID60510635 DTXSID60785200
DTXSID20368533	DTXSID10157079 DTXSID10458452 DTXSID80726635 DTXSID1020724 DTXSID90508585 DTXSID30725613 DTXSID60455133 DTXSID20561608 DTXSID20352937 DTXSID80831692 DTXSID30298938 DTXSID60733827 DTXSID10657448 DTXSID70542503 DTXSID10193937 DTXSID80633057 DTXSID00662940 DTXSID1024752 DTXSID70576904 DTXSID30322904
DTXSID80356693	DTXSID20389647 DTXSID20386156 DTXSID90330247 DTXSID80527407 DTXSID50186787 DTXSID40620483 DTXSID9059541 DTXSID90771979 DTXSID90340548 DTXSID50885905 DTXSID20390738 DTXSID80535885 DTXSID10398708 DTXSID20823753 DTXSID20747682 DTXSID70484651 DTXSID20285978 DTXSID5059163 DTXSID60633636 DTXSID60612921
DTXSID40647397	DTXSID70346765 DTXSID20280781 DTXSID10783832 DTXSID30297769 DTXSID20341664 DTXSID50792261 DTXSID40341661 DTXSID70242536 DTXSID10324880 DTXSID50737490 DTXSID80341660 DTXSID10892094 DTXSID60826960 DTXSID10347973 DTXSID40341666 DTXSID80705607 DTXSID10511839 DTXSID30543410 DTXSID60239677 DTXSID10710087
DTXSID00747382	DTXSID70724089 DTXSID20646803 DTXSID80601317 DTXSID90360625 DTXSID60470523 DTXSID80354876 DTXSID00631737 DTXSID60591944 DTXSID80620381 DTXSID9064007 DTXSID20377125 DTXSID60591924 DTXSID20641257 DTXSID10430157 DTXSID20295517 DTXSID60818360 DTXSID70630050 DTXSID70147895 DTXSID30876674 DTXSID90836193
DTXSID80367027	DTXSID10590306 DTXSID90656353 DTXSID70563218 DTXSID10223061 DTXSID90310120 DTXSID20857659 DTXSID80499392 DTXSID90635143 DTXSID00153121 DTXSID50160901 DTXSID30225941 DTXSID30203209 DTXSID90875986 DTXSID50395377 DTXSID60645335 DTXSID80346397 DTXSID30403500 DTXSID2023222 DTXSID20837330 DTXSID90169897
DTXSID30290316	DTXSID3044592 DTXSID30367673 DTXSID70327473 DTXSID90709196 DTXSID40803118 DTXSID6040371 DTXSID00795722 DTXSID00323564 DTXSID20656467 DTXSID20707923 DTXSID90361339 DTXSID60508234 DTXSID60728172 DTXSID7058048 DTXSID00364871 DTXSID00421630 DTXSID80214022 DTXSID30274378 DTXSID20428787 DTXSID10599536
DTXSID00511303	DTXSID50460918 DTXSID80819899 DTXSID90490436 DTXSID00533141 DTXSID10752705 DTXSID10737734 DTXSID60558138 DTXSID30494877 DTXSID40396919 DTXSID40526072 DTXSID50325735 DTXSID60791689 DTXSID30751750 DTXSID50233720 DTXSID30149274 DTXSID10400618 DTXSID90330909 DTXSID40711522 DTXSID10175430 DTXSID70876552
DTXSID40883091	DTXSID10542067 DTXSID90425687 DTXSID50400233 DTXSID70433149 DTXSID50613806 DTXSID50857460 DTXSID20300817 DTXSID60447351 DTXSID10182583 DTXSID60749685 DTXSID70412616 DTXSID20646944 DTXSID30630197 DTXSID10720242 DTXSID70674474 DTXSID20179929 DTXSID50739176 DTXSID20462242 DTXSID90585659 DTXSID20222681
DTXSID80593541	DTXSID10288170 DTXSID60813951 DTXSID80733122 DTXSID60157009 DTXSID60512533 DTXSID40719260 DTXSID10621200 DTXSID80391327 DTXSID50190364 DTXSID90674537 DTXSID80684347 DTXSID70657121 DTXSID90291526 DTXSID30857029 DTXSID60668963 DTXSID60388210 DTXSID80506515 DTXSID90663466 DTXSID30827181 DTXSID20542199
DTXSID90650230	DTXSID30848715 DTXSID40832302 DTXSID20746397 DTXSID70751779 DTXSID40306199 DTXSID80847197 DTXSID70730145 DTXSID70743614 DTXSID80811232 DTXSID50341016 DTXSID60292449 DTXSID10484514 DTXSID60702573 DTXSID50316123 DTXSID90697544 DTXSID00639879 DTXSID60767021 DTXSID50390706 DTXSID80885534 DTXSID50242539
DTXSID90808572	DTXSID70322903 DTXSID10814392 DTXSID40186675 DTXSID4072233 DTXSID30192987 DTXSID80382194 DTXSID30574648 DTXSID10896214 DTXSID80785949 DTXSID80470343 DTXSID30207207 DTXSID20874240 DTXSID00896425 DTXSID50334625 DTXSID40341469 DTXSID60829355 DTXSID90275528 DTXSID80186038 DTXSID70314449 DTXSID60896542
DTXSID00694620	DTXSID50389458 DTXSID40466202 DTXSID30222415 DTXSID30709610 DTXSID20217613 DTXSID40533160 DTXSID60828121 DTXSID70274377 DTXSID00374899 DTXSID90556708 DTXSID90375774 DTXSID80647497 DTXSID00469355 DTXSID80596173 DTXSID20429870 DTXSID60742111 DTXSID60401296 DTXSID50818157 DTXSID00585347 DTXSID30716667
DTXSID00730375	DTXSID70443980 DTXSID1063140 DTXSID10398581 DTXSID80373608 DTXSID00542773 DTXSID1047071 DTXSID10210118 DTXSID80897339 DTXSID00351640 DTXSID60151047 DTXSID30378209 DTXSID30303157 DTXSID20191888 DTXSID80472847 DTXSID90836456 DTXSID40614903 DTXSID70188187 DTXSID10523215 DTXSID00241971 DTXSID10655469
DTXSID40706170	DTXSID80756710 DTXSID20558952 DTXSID00787248 DTXSID30615146 DTXSID30844232 DTXSID30307135 DTXSID10322826 DTXSID40869951 DTXSID20675951 DTXSID10852012 DTXSID20776896 DTXSID10224790 DTXSID00764377 DTXSID20802604 DTXSID10279164 DTXSID60749867 DTXSID70484939 DTXSID30851340 DTXSID00840362 DTXSID3070418
DTXSID10314701	DTXSID40211577 DTXSID30718969 DTXSID70671600 DTXSID90473481 DTXSID80533624 DTXSID70591854 DTXSID00410423 DTXSID20370717 DTXSID60196817 DTXSID60790354 DTXSID10732143 DTXSID60667577 DTXSID80554975 DTXSID30626050 DTXSID70317031 DTXSID50226213 DTXSID30458691 DTXSID40676425 DTXSID50801589 DTXSID60829072
DTXSID50462957	DTXSID60155343 DTXSID20278062 DTXSID10345131 DTXSID00749821 DTXSID80369369 DTXSID10426979 DTXSID10371152 DTXSID20718317 DTXSID20362556 DTXSID80181826 DTXSID00372673 DTXSID50744341 DTXSID40415492 DTXSID20367369 DTXSID80791282 DTXSID40443371 DTXSID60681854 DTXSID50848459 DTXSID3063045 DTXSID1068853
DTXSID60179988	DTXSID20682347 DTXSID80729803 DTXSID80595247 DTXSID10359354 DTXSID90707096 DTXSID70694495 DTXSID30493143 DTXSID10289521 DTXSID30701937 DTXSID00755240 DTXSID80449453 DTXSID10471782 DTXSID60649297 DTXSID20390213 DTXSID20796933 DTXSID30384628 DTXSID90706640 DTXSID50610431 DTXSID80338510 DTXSID1066104
DTXSID00756111	DTXSID10822073 DTXSID90500261 DTXSID20613499 DTXSID90750981 DTXSID40816728 DTXSID60536552 DTXSID80633759 DTXSID50816734 DTXSID30787630 DTXSID20878369 DTXSID30851466 DTXSID90413625 DTXSID10577450 DTXSID30865700 DTXSID00632966 DTXSID00787066 DTXSID60749342 DTXSID40636908 DTXSID80816742 DTXSID00847114
DTXSID40489830	DTXSID70303954 DTXSID80217295 DTXSID90303673 DTXSID0068026 DTXSID70764248 DTXSID20567448 DTXSID70764187 DTXSID40484941 DTXSID80305929 DTXSID5074472 DTXSID40763243 DTXSID20285832 DTXSID80839633 DTXSID10225964 DTXSID40855490 DTXSID50432918 DTXSID00834569 DTXSID20563228 DTXSID60708676 DTXSID20565303
DTXSID30653902	DTXSID50591877 DTXSID00447198 DTXSID10541111 DTXSID70832754 DTXSID20473212 DTXSID80151549 DTXSID60824108 DTXSID40879479 DTXSID80351628 DTXSID50299588 DTXSID80698343 DTXSID10366962 DTXSID30395072 DTXSID90730905 DTXSID00345842 DTXSID00625732 DTXSID40646486 DTXSID10396481 DTXSID20549406 DTXSID20417717
DTXSID90730905	DTXSID80351628 DTXSID80176974 DTXSID30591799 DTXSID80653997 DTXSID80698343 DTXSID40589021 DTXSID50299588 DTXSID70618434 DTXSID0052590 DTXSID30428657 DTXSID30364541 DTXSID9041445 DTXSID00334377 DTXSID20626403 DTXSID5052626 DTXSID30653902 DTXSID30653301 DTXSID20840849 DTXSID20374210 DTXSID20538310
DTXSID40311142	DTXSID80224782 DTXSID50392285 DTXSID10361513 DTXSID40509623 DTXSID10626018 DTXSID70494230 DTXSID90663466 DTXSID40655230 DTXSID10528381 DTXSID20216666 DTXSID10609765 DTXSID30708643 DTXSID60388210 DTXSID80192573 DTXSID00488824 DTXSID60233812 DTXSID00515240 DTXSID50776829 DTXSID00480469 DTXSID30572083
DTXSID80552597	DTXSID6052039 DTXSID10592128 DTXSID30503079 DTXSID30514509 DTXSID20765967 DTXSID10738281 DTXSID30813064 DTXSID10834934 DTXSID80492267 DTXSID50144802 DTXSID7071024 DTXSID10577213 DTXSID10771512 DTXSID30845542 DTXSID60790112 DTXSID70786945 DTXSID4072316 DTXSID80204468 DTXSID00452661 DTXSID50528623
DTXSID00365924	DTXSID20654822 DTXSID70211469 DTXSID10561854 DTXSID10661161 DTXSID40630906 DTXSID70741539 DTXSID30344146 DTXSID00566171 DTXSID80501489 DTXSID20573226 DTXSID20291539 DTXSID40191264 DTXSID40563927 DTXSID30280974 DTXSID60526594 DTXSID40757309 DTXSID90461989 DTXSID90396484 DTXSID60340974 DTXSID90238315
DTXSID70750944	DTXSID20206981 DTXSID80483231 DTXSID3063095 DTXSID40467239 DTXSID80486469 DTXSID10579015 DTXSID00879551 DTXSID50322764 DTXSID60647298 DTXSID80391302 DTXSID70856511 DTXSID90391712 DTXSID70545993 DTXSID90850894 DTXSID60601471 DTXSID40504138 DTXSID20841538 DTXSID10537195 DTXSID80589580 DTXSID20721068
DTXSID30854114	DTXSID10672434 DTXSID20275490 DTXSID00409352 DTXSID30406531 DTXSID80463053 DTXSID40510698 DTXSID50589754 DTXSID00852703 DTXSID50646674 DTXSID50801589 DTXSID40679875 DTXSID60228965 DTXSID60201778 DTXSID30458691 DTXSID70218155 DTXSID60312176 DTXSID70498152 DTXSID80664725 DTXSID60415636 DTXSID6065052
DTXSID9044790	DTXSID80542993 DTXSID40668648 DTXSID60364059 DTXSID10176321 DTXSID70490090 DTXSID40199745 DTXSID10801287 DTXSID10213689 DTXSID20222484 DTXSID30406096 DTXSID30508241 DTXSID30530426 DTXSID40558595 DTXSID40329449 DTXSID30556525 DTXSID70212678 DTXSID90720280 DTXSID80576238 DTXSID70450932 DTXSID10503390
DTXSID80792077	DTXSID90160344 DTXSID80151569 DTXSID90158322 DTXSID50154805 DTXSID80221812 DTXSID90203164 DTXSID40677396 DTXSID00886881 DTXSID40555266 DTXSID60489953 DTXSID70234370 DTXSID70884657 DTXSID00604709 DTXSID80599947 DTXSID90310261 DTXSID70568465 DTXSID20783666 DTXSID50804838 DTXSID20514871 DTXSID40219538
DTXSID70592886	DTXSID90780526 DTXSID90443907 DTXSID90539798 DTXSID30239664 DTXSID20806607 DTXSID40581924 DTXSID0046513 DTXSID80601635 DTXSID60794897 DTXSID60478428 DTXSID80331586 DTXSID5074472 DTXSID10757336 DTXSID40194710 DTXSID30772566 DTXSID50552443 DTXSID80275835 DTXSID80217295 DTXSID90303673 DTXSID1070856
DTXSID10343814	DTXSID60800068 DTXSID90848559 DTXSID70408650 DTXSID20439196 DTXSID00391061 DTXSID90346141 DTXSID40397668 DTXSID2072881 DTXSID10519254 DTXSID60536719 DTXSID10452955 DTXSID10405921 DTXSID00633478 DTXSID80299970 DTXSID60327528 DTXSID70708324 DTXSID30306209 DTXSID10733074 DTXSID70557910 DTXSID40508111
DTXSID00815070	DTXSID60694484 DTXSID60315304 DTXSID10165497 DTXSID40470283 DTXSID90675241 DTXSID40303729 DTXSID40143001 DTXSID70280034 DTXSID1051692 DTXSID00885839 DTXSID90737919 DTXSID60580217 DTXSID50515371 DTXSID80737983 DTXSID60886165 DTXSID40431657 DTXSID70316685 DTXSID40741889 DTXSID70392702 DTXSID00719322
DTXSID10841668	DTXSID10660230 DTXSID0059114 DTXSID90657128 DTXSID30217321 DTXSID50737298 DTXSID50635109 DTXSID80199027 DTXSID00712717 DTXSID50798788 DTXSID90788966 DTXSID90693228 DTXSID00678940 DTXSID50759132 DTXSID50486638 DTXSID40351048 DTXSID80370950 DTXSID80647316 DTXSID50743511 DTXSID10288332 DTXSID40896121
DTXSID20482445	DTXSID60850028 DTXSID10774023 DTXSID8064981 DTXSID40710176 DTXSID90441084 DTXSID00243556 DTXSID10694631 DTXSID60694525 DTXSID40617191 DTXSID90401946 DTXSID50660774 DTXSID60315960 DTXSID60345565 DTXSID60744312 DTXSID40876185 DTXSID60831094 DTXSID80475393 DTXSID70366605 DTXSID80582970 DTXSID20311463
DTXSID80811237	DTXSID80449453 DTXSID30431606 DTXSID50552842 DTXSID70398688 DTXSID30701937 DTXSID70694495 DTXSID30493143 DTXSID00755240 DTXSID30805681 DTXSID60209613 DTXSID00198572 DTXSID90829782 DTXSID60179988 DTXSID30727894 DTXSID10471782 DTXSID50716826 DTXSID00706676 DTXSID80769229 DTXSID70793053 DTXSID70233722
DTXSID50657063	DTXSID90706640 DTXSID70649586 DTXSID00755240 DTXSID9051745 DTXSID40481793 DTXSID40528793 DTXSID30701937 DTXSID30493143 DTXSID10289521 DTXSID70703874 DTXSID00706676 DTXSID60649297 DTXSID50716826 DTXSID00724456 DTXSID20796933 DTXSID30588563 DTXSID1066104 DTXSID20682347 DTXSID70694495 DTXSID10359354
DTXSID00725887	DTXSID10835749 DTXSID70203864 DTXSID70798725 DTXSID50701934 DTXSID30815008 DTXSID10305518 DTXSID50846531 DTXSID20694900 DTXSID40820608 DTXSID80740472 DTXSID70743932 DTXSID30448451 DTXSID00197808 DTXSID80506732 DTXSID70523594 DTXSID6070560 DTXSID20554217 DTXSID20737725 DTXSID20184139 DTXSID20488861
DTXSID00767909	DTXSID90570323 DTXSID70612250 DTXSID90842471 DTXSID00530115 DTXSID80493638 DTXSID60877336 DTXSID80431070 DTXSID90339654 DTXSID70354880 DTXSID60441410 DTXSID30752484 DTXSID20442807 DTXSID40632869 DTXSID20504116 DTXSID20642441 DTXSID80345805 DTXSID60743481 DTXSID10798188 DTXSID20651114 DTXSID50304964
DTXSID80801294	DTXSID00721268 DTXSID10601360 DTXSID60354011 DTXSID70545993 DTXSID60601471 DTXSID70282356 DTXSID80771766 DTXSID80483231 DTXSID40717822 DTXSID10722665 DTXSID80143040 DTXSID20206981 DTXSID80851239 DTXSID10607544 DTXSID70558563 DTXSID3063095 DTXSID30474098 DTXSID40467239 DTXSID00508096 DTXSID00480989
DTXSID20655894	DTXSID60583001 DTXSID40538554 DTXSID50206878 DTXSID00701106 DTXSID10726481 DTXSID20677798 DTXSID10435248 DTXSID90156823 DTXSID50546887 DTXSID80404406 DTXSID90292093 DTXSID30505336 DTXSID00199842 DTXSID20879053 DTXSID30676873 DTXSID10282310 DTXSID50670919 DTXSID40629911 DTXSID20646787 DTXSID00528158
DTXSID00577909	DTXSID1069825 DTXSID00160532 DTXSID40835535 DTXSID40818368 DTXSID60562871 DTXSID50853942 DTXSID50762621 DTXSID2065757 DTXSID70399812 DTXSID60635099 DTXSID80198156 DTXSID80773922 DTXSID60181147 DTXSID70669921 DTXSID40880989 DTXSID40210747 DTXSID60775383 DTXSID60282305 DTXSID50778626 DTXSID70891942
DTXSID60632568	DTXSID10214297 DTXSID50610734 DTXSID20652828 DTXSID10166661 DTXSID80541527 DTXSID40663355 DTXSID20472346 DTXSID10594329 DTXSID40344319 DTXSID80819157 DTXSID50632779 DTXSID20301864 DTXSID70768221 DTXSID10343415 DTXSID70599254 DTXSID60807198 DTXSID00618124 DTXSID10189517 DTXSID80810740 DTXSID80458641
DTXSID10503390	DTXSID50539234 DTXSID80576238 DTXSID30530426 DTXSID90778807 DTXSID80790210 DTXSID00507589 DTXSID20222484 DTXSID30508241 DTXSID80640241 DTXSID50232172 DTXSID40668648 DTXSID20406904 DTXSID30781931 DTXSID70450932 DTXSID50344249 DTXSID10439569 DTXSID40558595 DTXSID40199745 DTXSID80804386 DTXSID00501204
DTXSID60169208	DTXSID00560770 DTXSID60654826 DTXSID80169503 DTXSID70709538 DTXSID80179102 DTXSID60834747 DTXSID50179492 DTXSID30572765 DTXSID60277670 DTXSID40455419 DTXSID50632214 DTXSID5072486 DTXSID20733065 DTXSID20680227 DTXSID40472146 DTXSID80423814 DTXSID70405947 DTXSID70179095 DTXSID90365271 DTXSID20448329
DTXSID70385937	DTXSID00284580 DTXSID20232129 DTXSID10696352 DTXSID90353299 DTXSID70395778 DTXSID00443175 DTXSID00532750 DTXSID20392196 DTXSID60429672 DTXSID10371410 DTXSID50830854 DTXSID50582785 DTXSID80175902 DTXSID10760229 DTXSID20881333 DTXSID20145164 DTXSID40393089 DTXSID90371170 DTXSID80318690 DTXSID40536090
DTXSID10764146	DTXSID10784127 DTXSID50499107 DTXSID40873937 DTXSID20797061 DTXSID00887474 DTXSID50289404 DTXSID70797955 DTXSID40845013 DTXSID20745486 DTXSID60873939 DTXSID70888296 DTXSID6044802 DTXSID00768219 DTXSID70793856 DTXSID50343212 DTXSID40613991 DTXSID0072776 DTXSID00234146 DTXSID70867364 DTXSID70177359
DTXSID20423499	DTXSID60757588 DTXSID50381977 DTXSID60675475 DTXSID70519199 DTXSID20509929 DTXSID30549811 DTXSID10755897 DTXSID00443695 DTXSID80792436 DTXSID60553981 DTXSID40326736 DTXSID00708473 DTXSID50563135 DTXSID40761289 DTXSID40695111 DTXSID40513801 DTXSID70439227 DTXSID60390353 DTXSID10488012 DTXSID10692879
DTXSID00534259	DTXSID10552787 DTXSID40802181 DTXSID3042269 DTXSID80369485 DTXSID00493059 DTXSID90760646 DTXSID10699722 DTXSID50788144 DTXSID70525891 DTXSID00604183 DTXSID80661118 DTXSID30545994 DTXSID00514773 DTXSID60693876 DTXSID20656442 DTXSID90695126 DTXSID10516208 DTXSID50832292 DTXSID20628588 DTXSID50507514
DTXSID10177934	DTXSID30694618 DTXSID30661047 DTXSID70666536 DTXSID50187552 DTXSID70214273 DTXSID80302291 DTXSID90355415 DTXSID80791540 DTXSID50605887 DTXSID20624964 DTXSID90380868 DTXSID40398938 DTXSID40319300 DTXSID10371773 DTXSID10856212 DTXSID70177935 DTXSID10652953 DTXSID70377413 DTXSID20580733 DTXSID70511118
DTXSID60335284	DTXSID40228625 DTXSID40841656 DTXSID10707634 DTXSID00755265 DTXSID50383239 DTXSID70487026 DTXSID30466877 DTXSID40181180 DTXSID50506067 DTXSID70366685 DTXSID30571612 DTXSID20400745 DTXSID80239336 DTXSID80469499 DTXSID00373504 DTXSID40671632 DTXSID00213411 DTXSID40199265 DTXSID10588026 DTXSID30551136
DTXSID40374510	DTXSID30612519 DTXSID90404174 DTXSID90762589 DTXSID00613750 DTXSID20403978 DTXSID00749265 DTXSID50709551 DTXSID50790207 DTXSID00441777 DTXSID10828494 DTXSID60278066 DTXSID60174670 DTXSID7044689 DTXSID30418639 DTXSID00847053 DTXSID10645683 DTXSID10799296 DTXSID60460080 DTXSID40782439 DTXSID00842563
DTXSID00143623	DTXSID70488816 DTXSID90624653 DTXSID40749345 DTXSID00496606 DTXSID90506460 DTXSID50589017 DTXSID00372794 DTXSID90337312 DTXSID30355691 DTXSID40513705 DTXSID50857501 DTXSID50427945 DTXSID00428225 DTXSID20423292 DTXSID20667790 DTXSID90388288 DTXSID20324558 DTXSID00513665 DTXSID70353035 DTXSID50590582
DTXSID40693273	DTXSID70383670 DTXSID90439542 DTXSID30234336 DTXSID40751706 DTXSID50290813 DTXSID70876072 DTXSID4068533 DTXSID70618696 DTXSID20364156 DTXSID60206102 DTXSID90819865 DTXSID70424335 DTXSID90668739 DTXSID80495753 DTXSID70431468 DTXSID90843903 DTXSID50632411 DTXSID40645570 DTXSID50425981 DTXSID20739168
DTXSID70626953	DTXSID30822737 DTXSID20468406 DTXSID00655514 DTXSID30510223 DTXSID30811328 DTXSID90604692 DTXSID50313612 DTXSID00219099 DTXSID00366178 DTXSID90604177 DTXSID10604513 DTXSID60177267 DTXSID80407179 DTXSID50734909 DTXSID90167257 DTXSID00791224 DTXSID60569385 DTXSID40641173 DTXSID90653105 DTXSID20730675
DTXSID20482662	DTXSID00308639 DTXSID60670389 DTXSID60813496 DTXSID50322446 DTXSID70630050 DTXSID50164641 DTXSID50393757 DTXSID50672276 DTXSID20603719 DTXSID50709672 DTXSID90836193 DTXSID1042281 DTXSID50305239 DTXSID00836164 DTXSID20349685 DTXSID00291259 DTXSID00145980 DTXSID60591924 DTXSID10197915 DTXSID80620381
DTXSID50233720	DTXSID80503882 DTXSID10752705 DTXSID20374336 DTXSID70443223 DTXSID30673827 DTXSID60791689 DTXSID70876552 DTXSID30284694 DTXSID30388585 DTXSID60633636 DTXSID30751750 DTXSID10400618 DTXSID80497510 DTXSID20697072 DTXSID70388024 DTXSID50460918 DTXSID30546042 DTXSID70659620 DTXSID80819899 DTXSID00511303
DTXSID40481814	DTXSID90573096 DTXSID30671323 DTXSID70612013 DTXSID60497336 DTXSID10649722 DTXSID60340393 DTXSID70284653 DTXSID20835977 DTXSID80532359 DTXSID2071025 DTXSID00405935 DTXSID70488750 DTXSID50640319 DTXSID00708135 DTXSID90796667 DTXSID20446421 DTXSID50505318 DTXSID20403498 DTXSID60207018 DTXSID60460489
DTXSID00323882	DTXSID70594865 DTXSID40724415 DTXSID60768295 DTXSID10489948 DTXSID00663053 DTXSID90238799 DTXSID10345757 DTXSID40378694 DTXSID00553187 DTXSID00430464 DTXSID20479512 DTXSID80561381 DTXSID70158284 DTXSID30617640 DTXSID50457540 DTXSID60402369 DTXSID50187390 DTXSID60586219 DTXSID50568201 DTXSID40365761
DTXSID50797998	DTXSID80694027 DTXSID70276210 DTXSID70580602 DTXSID00210001 DTXSID30431328 DTXSID60775383 DTXSID30851340 DTXSID70484939 DTXSID50778626 DTXSID3070418 DTXSID00601051 DTXSID20288823 DTXSID10431745 DTXSID00840362 DTXSID90221166 DTXSID50239186 DTXSID80232084 DTXSID90780425 DTXSID90292492 DTXSID60181147
DTXSID70473525	DTXSID00392376 DTXSID90294173 DTXSID40433398 DTXSID70652439 DTXSID30876114 DTXSID30483029 DTXSID70693443 DTXSID30241545 DTXSID30344606 DTXSID10472875 DTXSID90379459 DTXSID00721061 DTXSID50290696 DTXSID80297436 DTXSID80303985 DTXSID10600631 DTXSID00472203 DTXSID50629861 DTXSID20185540 DTXSID60820125
DTXSID20354471	DTXSID00520894 DTXSID50225620 DTXSID60351681 DTXSID20168772 DTXSID60618529 DTXSID40726050 DTXSID30711410 DTXSID10506361 DTXSID20488386 DTXSID50683468 DTXSID20642128 DTXSID00508773 DTXSID50368506 DTXSID70459046 DTXSID20445712 DTXSID70781915 DTXSID00664580 DTXSID90362083 DTXSID50452131 DTXSID50399774
DTXSID50392285	DTXSID40311142 DTXSID60388210 DTXSID40655230 DTXSID90663466 DTXSID80192573 DTXSID80224782 DTXSID70494230 DTXSID00488824 DTXSID10626018 DTXSID10609765 DTXSID40509623 DTXSID80684347 DTXSID10361513 DTXSID00515240 DTXSID20216666 DTXSID10528381 DTXSID40719260 DTXSID30572083 DTXSID30857029 DTXSID30708643
DTXSID40147746	DTXSID20144394 DTXSID90479640 DTXSID10371692 DTXSID40657274 DTXSID30553130 DTXSID00650544 DTXSID10547299 DTXSID20595206 DTXSID30756543 DTXSID50664858 DTXSID50433142 DTXSID40876847 DTXSID00661216 DTXSID30541491 DTXSID30468098 DTXSID80598596 DTXSID40804983 DTXSID10364382 DTXSID50804050 DTXSID10726820
DTXSID90319355	DTXSID90499202 DTXSID30473081 DTXSID80162392 DTXSID50637522 DTXSID30542968 DTXSID00872860 DTXSID40694346 DTXSID90529871 DTXSID50874359 DTXSID20435658 DTXSID10491920 DTXSID70797415 DTXSID50428912 DTXSID20231591 DTXSID60281959 DTXSID60501402 DTXSID90825244 DTXSID50451245 DTXSID50778606 DTXSID90358481
DTXSID40624587	DTXSID80681634 DTXSID20751188 DTXSID50727078 DTXSID90406390 DTXSID80652703 DTXSID80738455 DTXSID30506146 DTXSID90706903 DTXSID30310881 DTXSID20511764 DTXSID60147440 DTXSID80326134 DTXSID00295777 DTXSID50180326 DTXSID80845794 DTXSID50340180 DTXSID50729870 DTXSID50240651 DTXSID50335096 DTXSID80416549
DTXSID50210814	DTXSID60830062 DTXSID70446895 DTXSID90167257 DTXSID10765572 DTXSID10604513 DTXSID70668499 DTXSID60649136 DTXSID00531485 DTXSID70598444 DTXSID50287864 DTXSID30822737 DTXSID90604692 DTXSID30634539 DTXSID30573292 DTXSID70626953 DTXSID30398023 DTXSID20468406 DTXSID10221340 DTXSID10182503 DTXSID40641173
DTXSID20817531	DTXSID60433259 DTXSID30218656 DTXSID2073017 DTXSID90542560 DTXSID10448196 DTXSID20205954 DTXSID20748694 DTXSID40780031 DTXSID30815164 DTXSID30148863 DTXSID40148874 DTXSID50469188 DTXSID30824958 DTXSID80723124 DTXSID20800625 DTXSID50609507 DTXSID50173692 DTXSID50615143 DTXSID70701754 DTXSID00866926
DTXSID00452045	DTXSID80466488 DTXSID70787230 DTXSID20478000 DTXSID10810733 DTXSID80463452 DTXSID80350737 DTXSID50853664 DTXSID7046388 DTXSID50392846 DTXSID70659443 DTXSID50896096 DTXSID20222787 DTXSID60729402 DTXSID70663227 DTXSID00657250 DTXSID90707556 DTXSID00557044 DTXSID20578539 DTXSID30642230 DTXSID40655977
DTXSID40162656	DTXSID30276372 DTXSID90408410 DTXSID50743394 DTXSID40845078 DTXSID00483556 DTXSID40721429 DTXSID80427877 DTXSID50703690 DTXSID40788759 DTXSID10570168 DTXSID00461576 DTXSID10182063 DTXSID80221599 DTXSID00517608 DTXSID60599107 DTXSID70782987 DTXSID90672093 DTXSID80827696 DTXSID60621331 DTXSID70341755
DTXSID90703593	DTXSID50575672 DTXSID30182181 DTXSID70785579 DTXSID00845610 DTXSID70884819 DTXSID90344248 DTXSID70540524 DTXSID50203120 DTXSID70531255 DTXSID80160737 DTXSID20180393 DTXSID30490839 DTXSID80816166 DTXSID20222484 DTXSID50344249 DTXSID30556525 DTXSID20698403 DTXSID80633774 DTXSID50539234 DTXSID40668648
DTXSID70203864	DTXSID00725887 DTXSID20694900 DTXSID10835749 DTXSID30448451 DTXSID20488861 DTXSID5059822 DTXSID60162739 DTXSID50391273 DTXSID70523594 DTXSID00164439 DTXSID90809448 DTXSID80740472 DTXSID40820608 DTXSID20578675 DTXSID80506732 DTXSID50846531 DTXSID20184139 DTXSID80479295 DTXSID40641234 DTXSID70569573
DTXSID50226213	DTXSID50801589 DTXSID70591854 DTXSID70671600 DTXSID30458691 DTXSID1044514 DTXSID70317031 DTXSID70218155 DTXSID20370717 DTXSID40458723 DTXSID00409352 DTXSID00410423 DTXSID40757804 DTXSID60312176 DTXSID40544115 DTXSID90473481 DTXSID30718969 DTXSID10314701 DTXSID60829072 DTXSID40751488 DTXSID60289273
DTXSID40354256	DTXSID00186358 DTXSID50778944 DTXSID40371741 DTXSID00407818 DTXSID80175922 DTXSID60427936 DTXSID30162665 DTXSID00619752 DTXSID60503325 DTXSID50383092 DTXSID10875781 DTXSID30628892 DTXSID70619188 DTXSID70711898 DTXSID00766437 DTXSID30462596 DTXSID80496402 DTXSID80407659 DTXSID1063435 DTXSID60588132
DTXSID70834910	DTXSID90434618 DTXSID40657259 DTXSID70593353 DTXSID70780645 DTXSID60545866 DTXSID50565290 DTXSID10739596 DTXSID40513644 DTXSID20441052 DTXSID70392328 DTXSID00551229 DTXSID40214669 DTXSID70665004 DTXSID60305467 DTXSID10735396 DTXSID60284925 DTXSID20875878 DTXSID30321194 DTXSID70300064 DTXSID20754836
DTXSID20807311	DTXSID30527699 DTXSID30742365 DTXSID90805602 DTXSID50653949 DTXSID60664203 DTXSID10742747 DTXSID50849249 DTXSID20294540 DTXSID20198872 DTXSID40646486 DTXSID50208236 DTXSID10396481 DTXSID5051602 DTXSID50332560 DTXSID60587524 DTXSID80465552 DTXSID80422327 DTXSID00391167 DTXSID90481965 DTXSID00345842
DTXSID30851340	DTXSID00840362 DTXSID70484939 DTXSID30431328 DTXSID90221166 DTXSID00210001 DTXSID3070418 DTXSID50797998 DTXSID00787248 DTXSID70580602 DTXSID90176243 DTXSID80694027 DTXSID20675951 DTXSID40706170 DTXSID30615146 DTXSID20558952 DTXSID70276210 DTXSID80756710 DTXSID30844232 DTXSID50778626 DTXSID60775383
DTXSID70479168	DTXSID70711292 DTXSID70641909 DTXSID00606627 DTXSID60838245 DTXSID10637523 DTXSID3058371 DTXSID40543204 DTXSID50556143 DTXSID70629186 DTXSID10310607 DTXSID70790249 DTXSID70491845 DTXSID20280680 DTXSID70584509 DTXSID90480958 DTXSID60704259 DTXSID90459442 DTXSID90467087 DTXSID70508063 DTXSID50639965
DTXSID40396237	DTXSID00377885 DTXSID50542445 DTXSID50545799 DTXSID20572759 DTXSID80791282 DTXSID20636340 DTXSID60681854 DTXSID00879470 DTXSID20222383 DTXSID50375432 DTXSID80369369 DTXSID20572976 DTXSID70589594 DTXSID30405488 DTXSID20362556 DTXSID10441061 DTXSID70883463 DTXSID20718317 DTXSID1068853 DTXSID00341086
DTXSID30625700	DTXSID40790690 DTXSID10596601 DTXSID90487321 DTXSID10453169 DTXSID60621331 DTXSID00517608 DTXSID60517609 DTXSID10570168 DTXSID90672093 DTXSID80498486 DTXSID40669211 DTXSID80427877 DTXSID70782987 DTXSID20443697 DTXSID40549928 DTXSID00440467 DTXSID70774943 DTXSID60599107 DTXSID50663326 DTXSID30566624
DTXSID00551289	DTXSID90732424 DTXSID60446788 DTXSID30664371 DTXSID70350342 DTXSID50394522 DTXSID20430688 DTXSID50751474 DTXSID40615596 DTXSID30741914 DTXSID1046506 DTXSID10551290 DTXSID40743606 DTXSID60896067 DTXSID50400490 DTXSID40319289 DTXSID80637939 DTXSID20286440 DTXSID7070769 DTXSID90478072 DTXSID80156493
DTXSID90508585	DTXSID20352937 DTXSID20368533 DTXSID10458452 DTXSID30298938 DTXSID70542503 DTXSID80726635 DTXSID10157079 DTXSID10657448 DTXSID80633057 DTXSID1020724 DTXSID60455133 DTXSID30725613 DTXSID30322904 DTXSID20656902 DTXSID80476729 DTXSID20561608 DTXSID50806832 DTXSID80646122 DTXSID1024752 DTXSID90772845
DTXSID40504198	DTXSID40776999 DTXSID90613002 DTXSID10223001 DTXSID10766645 DTXSID80200465 DTXSID60203318 DTXSID30586387 DTXSID00442784 DTXSID70894756 DTXSID60675213 DTXSID50328963 DTXSID70537510 DTXSID00725468 DTXSID70382744 DTXSID80540772 DTXSID70589791 DTXSID10482878 DTXSID10794382 DTXSID9048194 DTXSID50383330
DTXSID90277789	DTXSID90565294 DTXSID90375214 DTXSID90847486 DTXSID60761685 DTXSID80660707 DTXSID20503927 DTXSID90536565 DTXSID50170787 DTXSID50528269 DTXSID30753395 DTXSID20229796 DTXSID10682199 DTXSID30463806 DTXSID70487304 DTXSID00632961 DTXSID10599056 DTXSID60606582 DTXSID10391618 DTXSID90328629 DTXSID50693663
DTXSID40286745	DTXSID40632869 DTXSID70849943 DTXSID3052220 DTXSID00744553 DTXSID40315180 DTXSID00530115 DTXSID80345805 DTXSID20642441 DTXSID60441410 DTXSID70840859 DTXSID50642439 DTXSID40781200 DTXSID10748022 DTXSID70240254 DTXSID50757613 DTXSID80493638 DTXSID90570323 DTXSID30339597 DTXSID90842471 DTXSID50304964
DTXSID40523066	DTXSID80495753 DTXSID10572526 DTXSID80482421 DTXSID20879593 DTXSID40230026 DTXSID20323405 DTXSID90200198 DTXSID70828995 DTXSID90439542 DTXSID80604000 DTXSID40380191 DTXSID50178662 DTXSID30234336 DTXSID40693273 DTXSID40751706 DTXSID30641187 DTXSID70424335 DTXSID10345656 DTXSID10842610 DTXSID20680621
DTXSID30542746	DTXSID30827181 DTXSID10621200 DTXSID90748782 DTXSID20629934 DTXSID90705153 DTXSID70657121 DTXSID60512533 DTXSID90291526 DTXSID00507084 DTXSID10288170 DTXSID20394832 DTXSID20827933 DTXSID90674537 DTXSID60835436 DTXSID80684347 DTXSID60555147 DTXSID60813951 DTXSID60373409 DTXSID40719260 DTXSID80593541
DTXSID70148105	DTXSID20346371 DTXSID00383582 DTXSID70579192 DTXSID20236506 DTXSID00552711 DTXSID50602750 DTXSID80371649 DTXSID40781189 DTXSID90438530 DTXSID30745058 DTXSID00344214 DTXSID80727804 DTXSID80600426 DTXSID30563335 DTXSID60646468 DTXSID10875781 DTXSID30279565 DTXSID20299454 DTXSID30605128 DTXSID00393727
DTXSID60715926	DTXSID20579541 DTXSID40712251 DTXSID70496976 DTXSID40222441 DTXSID00308578 DTXSID60829037 DTXSID40177548 DTXSID90651949 DTXSID90697367 DTXSID00147227 DTXSID7041334 DTXSID00490846 DTXSID80320612 DTXSID90710484 DTXSID70157217 DTXSID10617749 DTXSID80737281 DTXSID40645858 DTXSID70607621 DTXSID00440381
DTXSID00497850	DTXSID70615761 DTXSID20680742 DTXSID90740544 DTXSID60303226 DTXSID80374438 DTXSID80499110 DTXSID50364467 DTXSID80556898 DTXSID80182510 DTXSID30716364 DTXSID50590749 DTXSID50208059 DTXSID20663414 DTXSID30588240 DTXSID00606980 DTXSID50596246 DTXSID1063435 DTXSID80496402 DTXSID20717067 DTXSID60424460
DTXSID60542052	DTXSID40466085 DTXSID20781223 DTXSID30409264 DTXSID10675228 DTXSID80695776 DTXSID00769266 DTXSID90733638 DTXSID10650378 DTXSID30558488 DTXSID00363884 DTXSID40642226 DTXSID70693504 DTXSID10511354 DTXSID60193361 DTXSID30566720 DTXSID00318455 DTXSID70739012 DTXSID90549170 DTXSID60214121 DTXSID50404296
DTXSID90738764	DTXSID40462022 DTXSID70214298 DTXSID60640704 DTXSID70529677 DTXSID70313634 DTXSID20789128 DTXSID40655477 DTXSID60395247 DTXSID10472193 DTXSID00168679 DTXSID00210869 DTXSID70428494 DTXSID10568964 DTXSID70649208 DTXSID20509762 DTXSID90768203 DTXSID20812728 DTXSID90533993 DTXSID20656927 DTXSID80308495
DTXSID80784659	DTXSID10669849 DTXSID00651056 DTXSID90519151 DTXSID60770393 DTXSID00655433 DTXSID60421353 DTXSID80177047 DTXSID60655595 DTXSID70515318 DTXSID20771341 DTXSID00401154 DTXSID80394919 DTXSID80648545 DTXSID40802984 DTXSID50152285 DTXSID80594452 DTXSID10640299 DTXSID20887118 DTXSID60312631 DTXSID90655745
DTXSID20325065	DTXSID20708955 DTXSID20879472 DTXSID30843644 DTXSID60187083 DTXSID50304707 DTXSID2071071 DTXSID80656180 DTXSID80613172 DTXSID90584703 DTXSID50646755 DTXSID00730012 DTXSID10810950 DTXSID00712035 DTXSID10735396 DTXSID50310520 DTXSID90840538 DTXSID50214857 DTXSID10177550 DTXSID00299730 DTXSID90597717
DTXSID00472203	DTXSID10472875 DTXSID70337219 DTXSID30876114 DTXSID10349573 DTXSID80297436 DTXSID00748874 DTXSID70393850 DTXSID00721061 DTXSID70425569 DTXSID60734213 DTXSID80308516 DTXSID90675221 DTXSID10496814 DTXSID80238243 DTXSID30205465 DTXSID90817745 DTXSID90379459 DTXSID30344606 DTXSID10700589 DTXSID90662833
DTXSID30483029	DTXSID30876114 DTXSID70473525 DTXSID50629861 DTXSID80297436 DTXSID30205465 DTXSID30241545 DTXSID10600631 DTXSID80303985 DTXSID90294173 DTXSID10472875 DTXSID40433398 DTXSID70393850 DTXSID00392376 DTXSID70652439 DTXSID00472203 DTXSID30178928 DTXSID00721061 DTXSID70693443 DTXSID20560777 DTXSID70576666
DTXSID20667735	DTXSID60893915 DTXSID30593394 DTXSID90398180 DTXSID40343468 DTXSID50783876 DTXSID70836510 DTXSID20734330 DTXSID50813501 DTXSID90284832 DTXSID70398406 DTXSID30704004 DTXSID10506048 DTXSID00658368 DTXSID20542816 DTXSID50707951 DTXSID10364529 DTXSID40525565 DTXSID00515129 DTXSID70354880 DTXSID10820094
DTXSID00421630	DTXSID00802263 DTXSID7058048 DTXSID90361339 DTXSID30554965 DTXSID30718308 DTXSID90709196 DTXSID80214022 DTXSID10342625 DTXSID40585689 DTXSID00453198 DTXSID60825514 DTXSID00464704 DTXSID20351187 DTXSID70327473 DTXSID30879726 DTXSID00795722 DTXSID40543966 DTXSID00768097 DTXSID40620145 DTXSID30367673
DTXSID40672402	DTXSID90666356 DTXSID70510161 DTXSID10777655 DTXSID10876394 DTXSID20887052 DTXSID90602370 DTXSID90801861 DTXSID20323440 DTXSID60417812 DTXSID60496400 DTXSID70333175 DTXSID20495555 DTXSID00522010 DTXSID40576476 DTXSID40488742 DTXSID90324500 DTXSID90666871 DTXSID80240427 DTXSID20815673 DTXSID80569645
DTXSID30587935	DTXSID30757772 DTXSID20318013 DTXSID60150616 DTXSID40635496 DTXSID90543436 DTXSID40543441 DTXSID20653476 DTXSID20190770 DTXSID70517771 DTXSID90526789 DTXSID00706535 DTXSID00343449 DTXSID80452144 DTXSID00491015 DTXSID20446421 DTXSID20481377 DTXSID80638027 DTXSID40408203 DTXSID2060967 DTXSID30713515
DTXSID40333127	DTXSID40874762 DTXSID40823497 DTXSID60874764 DTXSID90155270 DTXSID90162823 DTXSID80142896 DTXSID40837933 DTXSID10218654 DTXSID30851507 DTXSID40156575 DTXSID40469056 DTXSID40823513 DTXSID80773083 DTXSID40201938 DTXSID00454862 DTXSID10166383 DTXSID90214876 DTXSID00823534 DTXSID70850690 DTXSID70300044
DTXSID90661048	DTXSID70291387 DTXSID50384160 DTXSID40568598 DTXSID80661158 DTXSID00220160 DTXSID80451632 DTXSID70336101 DTXSID20800029 DTXSID20738530 DTXSID00520839 DTXSID10495286 DTXSID60646983 DTXSID70791312 DTXSID30464712 DTXSID50472117 DTXSID80670260 DTXSID80661133 DTXSID20629590 DTXSID40710035 DTXSID70445949
DTXSID60443732	DTXSID90845982 DTXSID30866797 DTXSID30164543 DTXSID40874348 DTXSID90758669 DTXSID30642376 DTXSID70607161 DTXSID80323663 DTXSID00318718 DTXSID00579983 DTXSID50710086 DTXSID90385934 DTXSID90400696 DTXSID30616431 DTXSID80627658 DTXSID20474981 DTXSID80790533 DTXSID60645895 DTXSID30600178 DTXSID90768041
DTXSID70710346	DTXSID20834925 DTXSID10805149 DTXSID10609947 DTXSID10819029 DTXSID70790805 DTXSID70769793 DTXSID20888665 DTXSID40163668 DTXSID80634549 DTXSID20808722 DTXSID9041023 DTXSID50790787 DTXSID00804404 DTXSID40789867 DTXSID2070421 DTXSID00292524 DTXSID40830606 DTXSID60675950 DTXSID50780365 DTXSID60710279
DTXSID20342035	DTXSID90530907 DTXSID50646715 DTXSID90512546 DTXSID20815698 DTXSID70445500 DTXSID10676396 DTXSID50184864 DTXSID40698844 DTXSID70757877 DTXSID60156476 DTXSID9068904 DTXSID80214082 DTXSID9072286 DTXSID50369230 DTXSID50814573 DTXSID90703659 DTXSID60855710 DTXSID90707354 DTXSID80404820 DTXSID5067392
DTXSID10804531	DTXSID20173846 DTXSID10667643 DTXSID60847019 DTXSID80466281 DTXSID40834083 DTXSID50587654 DTXSID80535688 DTXSID90876473 DTXSID00732157 DTXSID50757779 DTXSID90819603 DTXSID40790731 DTXSID00494304 DTXSID00809813 DTXSID00829995 DTXSID60790435 DTXSID40700032 DTXSID20624161 DTXSID80765726 DTXSID10277564
DTXSID20507041	DTXSID30378325 DTXSID80348831 DTXSID80621691 DTXSID90239443 DTXSID70788262 DTXSID20452729 DTXSID60187922 DTXSID60500859 DTXSID60590477 DTXSID00342891 DTXSID50569415 DTXSID00663871 DTXSID20348830 DTXSID00547167 DTXSID60562356 DTXSID00484725 DTXSID60471338 DTXSID40856366 DTXSID30346347 DTXSID30180364
DTXSID50646715	DTXSID40698844 DTXSID20342035 DTXSID20815698 DTXSID9072286 DTXSID10676396 DTXSID80214082 DTXSID70757877 DTXSID90530907 DTXSID50369230 DTXSID30615747 DTXSID90512546 DTXSID90707354 DTXSID90556708 DTXSID60855710 DTXSID70445500 DTXSID40652860 DTXSID40452741 DTXSID20831095 DTXSID50701292 DTXSID90703659
DTXSID80480689	DTXSID30634231 DTXSID50650796 DTXSID50282854 DTXSID10515256 DTXSID80611310 DTXSID90805965 DTXSID60375120 DTXSID70528403 DTXSID50454695 DTXSID80856784 DTXSID00645879 DTXSID90316182 DTXSID80241550 DTXSID10221865 DTXSID20453519 DTXSID10544889 DTXSID00667490 DTXSID80640322 DTXSID50458315 DTXSID00154719
DTXSID60566016	DTXSID80505982 DTXSID20436221 DTXSID00736695 DTXSID60301888 DTXSID60610700 DTXSID50535857 DTXSID90847123 DTXSID30575877 DTXSID80428006 DTXSID10753257 DTXSID70464877 DTXSID20223597 DTXSID00307642 DTXSID40432169 DTXSID80500114 DTXSID50696210 DTXSID10427320 DTXSID10336307 DTXSID60307643 DTXSID80626181
DTXSID70645644	DTXSID70813563 DTXSID40732434 DTXSID30173539 DTXSID40417916 DTXSID00534350 DTXSID30660313 DTXSID60398475 DTXSID30795831 DTXSID90345331 DTXSID20448142 DTXSID40392491 DTXSID50555191 DTXSID70602010 DTXSID70312566 DTXSID70801127 DTXSID60475331 DTXSID10276198 DTXSID90286270 DTXSID80850904 DTXSID00190516
DTXSID60566011	DTXSID00847114 DTXSID20287831 DTXSID40813393 DTXSID20878369 DTXSID30787630 DTXSID90413625 DTXSID90750981 DTXSID70536543 DTXSID80763020 DTXSID80816742 DTXSID00638044 DTXSID90500261 DTXSID10280770 DTXSID90444555 DTXSID80311045 DTXSID20144556 DTXSID30218212 DTXSID80613657 DTXSID20320999 DTXSID90638174
DTXSID20803419	DTXSID50363339 DTXSID80660101 DTXSID00358154 DTXSID80696829 DTXSID60341340 DTXSID40378694 DTXSID20479512 DTXSID00303922 DTXSID40677391 DTXSID60636561 DTXSID00805870 DTXSID10489948 DTXSID30157839 DTXSID80422286 DTXSID30617640 DTXSID70158284 DTXSID60402369 DTXSID50187390 DTXSID50568201 DTXSID80537829
DTXSID70645649	DTXSID20567049 DTXSID30846155 DTXSID90440214 DTXSID50469825 DTXSID0073110 DTXSID30787539 DTXSID10551876 DTXSID30867401 DTXSID90809145 DTXSID30620179 DTXSID20888226 DTXSID40751968 DTXSID80300454 DTXSID20463411 DTXSID50675242 DTXSID80851471 DTXSID70439005 DTXSID60816765 DTXSID1042659 DTXSID00552832
DTXSID50832151	DTXSID40802964 DTXSID50880672 DTXSID40675236 DTXSID10400032 DTXSID20535622 DTXSID90286816 DTXSID10488239 DTXSID30326104 DTXSID40773347 DTXSID80783304 DTXSID90567874 DTXSID90816733 DTXSID30617185 DTXSID10605045 DTXSID10880678 DTXSID90533897 DTXSID10399917 DTXSID90171536 DTXSID10771234 DTXSID30306668
DTXSID00225190	DTXSID20798912 DTXSID50853381 DTXSID00719322 DTXSID00750356 DTXSID50850153 DTXSID40431657 DTXSID80830084 DTXSID00597642 DTXSID90334149 DTXSID40510597 DTXSID90509214 DTXSID70457305 DTXSID20159342 DTXSID40833839 DTXSID10811083 DTXSID30886990 DTXSID70770268 DTXSID80531423 DTXSID00844946 DTXSID90485226
DTXSID00210869	DTXSID60395247 DTXSID40509345 DTXSID90738764 DTXSID70649208 DTXSID40462022 DTXSID70313634 DTXSID70214298 DTXSID10472193 DTXSID50418656 DTXSID20812728 DTXSID40459179 DTXSID60640704 DTXSID20509762 DTXSID90350602 DTXSID20191247 DTXSID20789128 DTXSID70529677 DTXSID50843540 DTXSID40655477 DTXSID00332196
DTXSID30422675	DTXSID10572809 DTXSID90551056 DTXSID00876287 DTXSID10517912 DTXSID40713743 DTXSID60734490 DTXSID30717210 DTXSID30853642 DTXSID20393249 DTXSID80470843 DTXSID7070769 DTXSID70476834 DTXSID90152845 DTXSID90739897 DTXSID30179672 DTXSID00274688 DTXSID30227566 DTXSID50628091 DTXSID50361411 DTXSID50667344
DTXSID10277741	DTXSID60148593 DTXSID60299054 DTXSID30287024 DTXSID30195973 DTXSID40300233 DTXSID40392471 DTXSID3070040 DTXSID20470721 DTXSID20768771 DTXSID70548601 DTXSID90873624 DTXSID00317504 DTXSID30400877 DTXSID60739485 DTXSID00656142 DTXSID30450579 DTXSID00694544 DTXSID20505981 DTXSID20170794 DTXSID70757958
DTXSID30441386	DTXSID20406242 DTXSID50609340 DTXSID00850007 DTXSID80459037 DTXSID60528538 DTXSID30798923 DTXSID90170084 DTXSID90528945 DTXSID90293828 DTXSID30482754 DTXSID20346871 DTXSID30651120 DTXSID70591172 DTXSID5062425 DTXSID40624744 DTXSID60406004 DTXSID90407180 DTXSID00712999 DTXSID50438652 DTXSID80827797
DTXSID00681999	DTXSID30223629 DTXSID20384834 DTXSID8060610 DTXSID50366168 DTXSID00364013 DTXSID60470846 DTXSID70344408 DTXSID00646760 DTXSID00165183 DTXSID70176387 DTXSID00299730 DTXSID10810950 DTXSID50722604 DTXSID10675647 DTXSID10840459 DTXSID50214857 DTXSID90840538 DTXSID80597680 DTXSID30423223 DTXSID20406202
DTXSID50539234	DTXSID10503390 DTXSID80790210 DTXSID90778807 DTXSID00507589 DTXSID80576238 DTXSID30530426 DTXSID50232172 DTXSID20222484 DTXSID30508241 DTXSID50344249 DTXSID20406904 DTXSID80640241 DTXSID00501204 DTXSID40668648 DTXSID30781931 DTXSID70450932 DTXSID30490839 DTXSID80816166 DTXSID70884819 DTXSID10439569
DTXSID80601892	DTXSID10307178 DTXSID50352561 DTXSID00383284 DTXSID50593376 DTXSID20303686 DTXSID70663444 DTXSID40511640 DTXSID80589606 DTXSID10181056 DTXSID10727791 DTXSID10653460 DTXSID90743297 DTXSID20813492 DTXSID20324255 DTXSID90315231 DTXSID10697122 DTXSID10408598 DTXSID00472607 DTXSID20187983 DTXSID90676738
DTXSID50705750	DTXSID10189714 DTXSID80753941 DTXSID50293203 DTXSID10497361 DTXSID60818047 DTXSID30828774 DTXSID80889294 DTXSID70509818 DTXSID40207955 DTXSID40399561 DTXSID40642428 DTXSID70554121 DTXSID70226876 DTXSID30642376 DTXSID30287165 DTXSID00579983 DTXSID00489694 DTXSID70598186 DTXSID10556700 DTXSID40796495
DTXSID7044689	DTXSID10828494 DTXSID90762589 DTXSID00613750 DTXSID20522552 DTXSID00749265 DTXSID60239536 DTXSID90443725 DTXSID00434109 DTXSID80789447 DTXSID20239537 DTXSID40782439 DTXSID30612519 DTXSID20581402 DTXSID00847053 DTXSID30418639 DTXSID00586415 DTXSID20566037 DTXSID70500800 DTXSID50709551 DTXSID40374510
DTXSID40672548	DTXSID60716675 DTXSID40725967 DTXSID10743259 DTXSID20728991 DTXSID60590174 DTXSID20856708 DTXSID10677540 DTXSID70346321 DTXSID60722973 DTXSID30618738 DTXSID00727285 DTXSID20372610 DTXSID50727371 DTXSID10640133 DTXSID30363392 DTXSID60717162 DTXSID00415852 DTXSID80696900 DTXSID70460591 DTXSID90676672
DTXSID30544962	DTXSID60241518 DTXSID20434202 DTXSID70880654 DTXSID10149196 DTXSID50527358 DTXSID80763106 DTXSID00757749 DTXSID20621973 DTXSID40759388 DTXSID50639889 DTXSID80438044 DTXSID50296299 DTXSID60881211 DTXSID60184032 DTXSID20172071 DTXSID70459480 DTXSID60642041 DTXSID70809300 DTXSID90656414 DTXSID80159287
DTXSID40494464	DTXSID30782408 DTXSID10655964 DTXSID30800590 DTXSID70786945 DTXSID00523148 DTXSID30813064 DTXSID80204468 DTXSID10738281 DTXSID10577213 DTXSID00334771 DTXSID20765967 DTXSID70826875 DTXSID70176180 DTXSID70639043 DTXSID90520888 DTXSID80492267 DTXSID90223322 DTXSID10771512 DTXSID50405900 DTXSID4052051
DTXSID50579054	DTXSID70499967 DTXSID40576476 DTXSID40606005 DTXSID70764920 DTXSID40144790 DTXSID00639591 DTXSID80611870 DTXSID80346155 DTXSID80342874 DTXSID90344864 DTXSID20792955 DTXSID70780766 DTXSID00564713 DTXSID20876587 DTXSID60586193 DTXSID90509850 DTXSID20815673 DTXSID30167256 DTXSID6044773 DTXSID70814070
DTXSID40789867	DTXSID20888665 DTXSID50780365 DTXSID40830606 DTXSID70790805 DTXSID10805149 DTXSID00804404 DTXSID60605217 DTXSID80830605 DTXSID30805762 DTXSID50812175 DTXSID10819029 DTXSID50533959 DTXSID60823212 DTXSID70710346 DTXSID70785433 DTXSID80634549 DTXSID20808722 DTXSID70768084 DTXSID40163668 DTXSID20675951
DTXSID40356114	DTXSID90557553 DTXSID20670047 DTXSID70307316 DTXSID00370699 DTXSID30288591 DTXSID40618926 DTXSID00330692 DTXSID70509853 DTXSID40585689 DTXSID60154018 DTXSID30718308 DTXSID50345498 DTXSID30274378 DTXSID30554965 DTXSID70507379 DTXSID80281698 DTXSID70675103 DTXSID30375137 DTXSID40620145 DTXSID9061178
DTXSID90474372	DTXSID90814719 DTXSID10596242 DTXSID80543965 DTXSID60392019 DTXSID00745404 DTXSID00720978 DTXSID60407293 DTXSID40543961 DTXSID70381358 DTXSID70711550 DTXSID20549406 DTXSID80708592 DTXSID30618435 DTXSID10312106 DTXSID00481577 DTXSID10297702 DTXSID60370650 DTXSID00388350 DTXSID30395072 DTXSID80210322
DTXSID50778626	DTXSID60775383 DTXSID00210001 DTXSID30431328 DTXSID70580602 DTXSID70395056 DTXSID50797998 DTXSID70276210 DTXSID50853942 DTXSID90221166 DTXSID90176243 DTXSID60635099 DTXSID70484939 DTXSID30851340 DTXSID80694027 DTXSID60181147 DTXSID50762621 DTXSID20337704 DTXSID2065757 DTXSID00840362 DTXSID3070418
DTXSID20359360	DTXSID40531863 DTXSID70808676 DTXSID10343531 DTXSID40614266 DTXSID70324861 DTXSID00568892 DTXSID80406844 DTXSID70197512 DTXSID60597325 DTXSID10706283 DTXSID90143531 DTXSID90634530 DTXSID40295377 DTXSID60190097 DTXSID20144415 DTXSID90553131 DTXSID20285670 DTXSID90803582 DTXSID60608662 DTXSID90310140
DTXSID7057658	DTXSID20587585 DTXSID60744251 DTXSID00673753 DTXSID90394783 DTXSID70283348 DTXSID10212475 DTXSID80784316 DTXSID20315027 DTXSID30455463 DTXSID7020211 DTXSID40338899 DTXSID7047015 DTXSID30796267 DTXSID00725246 DTXSID20808909 DTXSID60732693 DTXSID3063966 DTXSID30415608 DTXSID90305298 DTXSID10617880
DTXSID90176884	DTXSID60240187 DTXSID90485165 DTXSID30725638 DTXSID70848557 DTXSID10447669 DTXSID00811012 DTXSID20449654 DTXSID90336082 DTXSID20579748 DTXSID30752484 DTXSID50726480 DTXSID50660638 DTXSID70490555 DTXSID70421046 DTXSID70345692 DTXSID80347102 DTXSID90381395 DTXSID40886941 DTXSID00216947 DTXSID30388045
DTXSID0067503	DTXSID00829132 DTXSID20242521 DTXSID00629477 DTXSID60276143 DTXSID40563189 DTXSID80274202 DTXSID90763152 DTXSID20197406 DTXSID60242747 DTXSID9072527 DTXSID60816366 DTXSID10872659 DTXSID60780199 DTXSID40613991 DTXSID10890999 DTXSID90602057 DTXSID60775681 DTXSID30429503 DTXSID10202674 DTXSID30188729
DTXSID60610700	DTXSID80500114 DTXSID50535857 DTXSID10427320 DTXSID20223597 DTXSID80505982 DTXSID00307642 DTXSID00736695 DTXSID10753257 DTXSID00211053 DTXSID60566016 DTXSID20436221 DTXSID20382350 DTXSID80381501 DTXSID80428006 DTXSID40432169 DTXSID90646895 DTXSID60301888 DTXSID60383684 DTXSID50283447 DTXSID10694595
DTXSID40720078	DTXSID00667490 DTXSID1052664 DTXSID9058941 DTXSID50296032 DTXSID50282854 DTXSID80611310 DTXSID20566476 DTXSID30388904 DTXSID60651118 DTXSID50150201 DTXSID30874251 DTXSID10515256 DTXSID10521453 DTXSID60174953 DTXSID50650796 DTXSID80289376 DTXSID50454695 DTXSID40625731 DTXSID00781261 DTXSID10698513
DTXSID80279373	DTXSID00231438 DTXSID30663369 DTXSID60347781 DTXSID90807803 DTXSID20599345 DTXSID50663780 DTXSID40530477 DTXSID6069406 DTXSID40165147 DTXSID20759801 DTXSID70840798 DTXSID70349413 DTXSID10721916 DTXSID90827869 DTXSID20372110 DTXSID30885241 DTXSID40845472 DTXSID4040343 DTXSID30350580 DTXSID00377486
DTXSID00749265	DTXSID30418639 DTXSID50709551 DTXSID40782439 DTXSID30612519 DTXSID10828494 DTXSID00613750 DTXSID7044689 DTXSID90762589 DTXSID20581402 DTXSID00434109 DTXSID90443725 DTXSID00441777 DTXSID20161445 DTXSID40374510 DTXSID80789447 DTXSID50354888 DTXSID20566037 DTXSID50481946 DTXSID50819321 DTXSID20522552
DTXSID20590251	DTXSID70308222 DTXSID70670138 DTXSID20538310 DTXSID50544085 DTXSID80170356 DTXSID90346863 DTXSID00632204 DTXSID20626403 DTXSID10462918 DTXSID1069952 DTXSID70651563 DTXSID30146309 DTXSID20437475 DTXSID20671211 DTXSID30240972 DTXSID80772011 DTXSID40456507 DTXSID60204461 DTXSID50613285 DTXSID00856726
DTXSID90373472	DTXSID10426732 DTXSID70303297 DTXSID20758435 DTXSID00712035 DTXSID50761275 DTXSID6058972 DTXSID30282190 DTXSID80640443 DTXSID50343833 DTXSID50809828 DTXSID30761213 DTXSID20417959 DTXSID60598918 DTXSID1070773 DTXSID90584703 DTXSID60875796 DTXSID10169758 DTXSID90435044 DTXSID80182974 DTXSID00156475
DTXSID10277564	DTXSID80765726 DTXSID8070542 DTXSID60847019 DTXSID00494304 DTXSID60381564 DTXSID00732157 DTXSID3058371 DTXSID20173846 DTXSID50587654 DTXSID80466281 DTXSID20364550 DTXSID80694441 DTXSID00876525 DTXSID20278103 DTXSID00590557 DTXSID70629186 DTXSID80763489 DTXSID20280680 DTXSID40834083 DTXSID50851009
DTXSID30411862	DTXSID70303631 DTXSID80756235 DTXSID50728580 DTXSID90894031 DTXSID50735552 DTXSID10310263 DTXSID70674691 DTXSID50793213 DTXSID00400920 DTXSID60823116 DTXSID60813198 DTXSID00699594 DTXSID40647635 DTXSID50326520 DTXSID70156705 DTXSID00541322 DTXSID20756234 DTXSID60723581 DTXSID30434995 DTXSID00472485
DTXSID30209468	DTXSID90374489 DTXSID30787998 DTXSID10360203 DTXSID40507301 DTXSID30599710 DTXSID70364505 DTXSID30511391 DTXSID70622516 DTXSID40211431 DTXSID30341913 DTXSID30592241 DTXSID50446232 DTXSID30308384 DTXSID90238138 DTXSID50590062 DTXSID60172398 DTXSID30609247 DTXSID70538027 DTXSID70568940 DTXSID60797262
DTXSID60242525	DTXSID90306821 DTXSID00506597 DTXSID40408768 DTXSID70834470 DTXSID90175897 DTXSID20308494 DTXSID80642422 DTXSID80813559 DTXSID00239257 DTXSID70702281 DTXSID60711589 DTXSID60341123 DTXSID20370858 DTXSID80787403 DTXSID50551618 DTXSID90557134 DTXSID40278201 DTXSID40432846 DTXSID60831579 DTXSID20517180
DTXSID20680621	DTXSID50420133 DTXSID10743870 DTXSID50381154 DTXSID30170023 DTXSID90200198 DTXSID40230026 DTXSID80180798 DTXSID20879593 DTXSID40181286 DTXSID10572526 DTXSID10309233 DTXSID10352183 DTXSID30855843 DTXSID20776795 DTXSID00503940 DTXSID40454922 DTXSID50178662 DTXSID10708141 DTXSID50623586 DTXSID70642476
DTXSID20522476	DTXSID70678311 DTXSID40487235 DTXSID3073719 DTXSID90222719 DTXSID30847288 DTXSID70554621 DTXSID50451407 DTXSID80819470 DTXSID40526577 DTXSID00802844 DTXSID80534131 DTXSID90286755 DTXSID10327533 DTXSID80369228 DTXSID30524481 DTXSID7029372 DTXSID40493593 DTXSID00321702 DTXSID80603654 DTXSID80674147
DTXSID70337855	DTXSID60739460 DTXSID70477588 DTXSID20677995 DTXSID90640611 DTXSID60535000 DTXSID50473568 DTXSID60436442 DTXSID40345927 DTXSID90712105 DTXSID50856377 DTXSID50487988 DTXSID10344528 DTXSID20238166 DTXSID00825275 DTXSID40658504 DTXSID80375586 DTXSID40196774 DTXSID40637874 DTXSID30303157 DTXSID40571527
DTXSID50452131	DTXSID60233812 DTXSID40404280 DTXSID20642128 DTXSID80292683 DTXSID40507644 DTXSID60351681 DTXSID10506361 DTXSID10361513 DTXSID9072652 DTXSID00508773 DTXSID10528381 DTXSID60542335 DTXSID50368506 DTXSID90362083 DTXSID20676867 DTXSID60618529 DTXSID50464178 DTXSID20354471 DTXSID40430160 DTXSID50776829
DTXSID90513437	DTXSID40829530 DTXSID50402671 DTXSID40435251 DTXSID90700087 DTXSID80155062 DTXSID00729865 DTXSID00421433 DTXSID50152846 DTXSID30418073 DTXSID60458280 DTXSID20336196 DTXSID50630952 DTXSID90788825 DTXSID10375655 DTXSID80835635 DTXSID80341241 DTXSID80712533 DTXSID20806980 DTXSID60572394 DTXSID40574457
DTXSID50441787	DTXSID40588493 DTXSID50598124 DTXSID40495597 DTXSID50218416 DTXSID40168219 DTXSID40352515 DTXSID20301783 DTXSID30537839 DTXSID80237675 DTXSID40296581 DTXSID20439297 DTXSID40561645 DTXSID30780828 DTXSID50153176 DTXSID40374030 DTXSID00371186 DTXSID90429862 DTXSID00694049 DTXSID50487645 DTXSID30778189
DTXSID70391154	DTXSID50590168 DTXSID00337823 DTXSID40736417 DTXSID20426965 DTXSID30378148 DTXSID20887118 DTXSID10640299 DTXSID20704255 DTXSID30758921 DTXSID5044811 DTXSID30577437 DTXSID50443483 DTXSID50439841 DTXSID40874080 DTXSID90390301 DTXSID90385974 DTXSID00837277 DTXSID60333109 DTXSID50152285 DTXSID60456529
DTXSID10742247	DTXSID60286045 DTXSID00346495 DTXSID40593340 DTXSID20201895 DTXSID40610021 DTXSID50585418 DTXSID40380277 DTXSID20654903 DTXSID90442410 DTXSID50190021 DTXSID10547456 DTXSID40666846 DTXSID40474029 DTXSID50494753 DTXSID10820791 DTXSID40334275 DTXSID10871440 DTXSID00669479 DTXSID50565977 DTXSID90203604
DTXSID50764246	DTXSID60526251 DTXSID30388045 DTXSID40889316 DTXSID90381395 DTXSID50757613 DTXSID40589743 DTXSID50642439 DTXSID30595898 DTXSID70421046 DTXSID30339597 DTXSID10748022 DTXSID70240254 DTXSID90338627 DTXSID70848557 DTXSID10512361 DTXSID20829639 DTXSID90826195 DTXSID00774698 DTXSID60812404 DTXSID50726480
DTXSID6041769	DTXSID60626321 DTXSID60635458 DTXSID40793823 DTXSID60551669 DTXSID60798719 DTXSID40879338 DTXSID10685822 DTXSID30313635 DTXSID70369696 DTXSID00462684 DTXSID80465693 DTXSID90407221 DTXSID00461238 DTXSID20369429 DTXSID80355863 DTXSID40596119 DTXSID50704788 DTXSID30309654 DTXSID20277075 DTXSID10430157
DTXSID00239257	DTXSID20308494 DTXSID00506597 DTXSID60711589 DTXSID90306821 DTXSID90175897 DTXSID50828574 DTXSID60182518 DTXSID60242525 DTXSID20596874 DTXSID80345481 DTXSID40408768 DTXSID80813559 DTXSID90177215 DTXSID20730135 DTXSID90720684 DTXSID70834470 DTXSID60228324 DTXSID20370858 DTXSID10829421 DTXSID40432846
DTXSID80323663	DTXSID50710086 DTXSID60645895 DTXSID00318718 DTXSID40874348 DTXSID90385934 DTXSID40619296 DTXSID90758669 DTXSID90400696 DTXSID50821545 DTXSID60443732 DTXSID30866797 DTXSID90768041 DTXSID00579983 DTXSID50771132 DTXSID10811386 DTXSID20281692 DTXSID20316433 DTXSID10380522 DTXSID90845982 DTXSID80585325
DTXSID80613172	DTXSID90584703 DTXSID20708955 DTXSID60284925 DTXSID20754836 DTXSID70667604 DTXSID30843644 DTXSID6058972 DTXSID90597717 DTXSID40513644 DTXSID80613192 DTXSID70300064 DTXSID2071071 DTXSID10321834 DTXSID20325065 DTXSID1070773 DTXSID20879472 DTXSID00731302 DTXSID80182974 DTXSID10224533 DTXSID80292163
DTXSID80647316	DTXSID00712717 DTXSID80199027 DTXSID90193935 DTXSID60147440 DTXSID90657128 DTXSID10660230 DTXSID60441415 DTXSID20504696 DTXSID30217321 DTXSID90525914 DTXSID90693228 DTXSID90788966 DTXSID50635109 DTXSID90385338 DTXSID50737298 DTXSID40540213 DTXSID00307223 DTXSID50808376 DTXSID50798788 DTXSID50486638
DTXSID30400877	DTXSID90873624 DTXSID3070040 DTXSID10468758 DTXSID00656142 DTXSID90519676 DTXSID30287024 DTXSID60299054 DTXSID40741864 DTXSID80304871 DTXSID20768771 DTXSID00509528 DTXSID70642214 DTXSID20505981 DTXSID00419451 DTXSID80513800 DTXSID30790189 DTXSID30277844 DTXSID70496658 DTXSID10548160 DTXSID10277741
DTXSID40640606	DTXSID90642514 DTXSID80696420 DTXSID60343788 DTXSID70733212 DTXSID50561439 DTXSID60337061 DTXSID3059268 DTXSID70291822 DTXSID20728537 DTXSID30782327 DTXSID80392859 DTXSID30628054 DTXSID20492625 DTXSID40504178 DTXSID90451623 DTXSID50221364 DTXSID00338097 DTXSID50520026 DTXSID20183980 DTXSID00357142
DTXSID40439936	DTXSID20173321 DTXSID10338821 DTXSID30453383 DTXSID2022127 DTXSID50778843 DTXSID40181084 DTXSID70762224 DTXSID30451647 DTXSID60656901 DTXSID70532929 DTXSID90275088 DTXSID90527776 DTXSID8022169 DTXSID50220236 DTXSID00787167 DTXSID4074271 DTXSID50342467 DTXSID40851134 DTXSID30794804 DTXSID70286738
DTXSID80820647	DTXSID80526894 DTXSID50712085 DTXSID00841233 DTXSID70773512 DTXSID00560311 DTXSID60195587 DTXSID40532956 DTXSID80599205 DTXSID40718177 DTXSID8060537 DTXSID40633255 DTXSID60759845 DTXSID90714144 DTXSID30402255 DTXSID70545211 DTXSID30637126 DTXSID60303887 DTXSID60864504 DTXSID90449848 DTXSID80531281
DTXSID40840048	DTXSID60240940 DTXSID40144795 DTXSID40662929 DTXSID60790692 DTXSID50711134 DTXSID30330387 DTXSID90837201 DTXSID90711875 DTXSID90440214 DTXSID90809145 DTXSID40887211 DTXSID30867401 DTXSID90148864 DTXSID0073110 DTXSID60815738 DTXSID30846155 DTXSID10177015 DTXSID00541968 DTXSID00454781 DTXSID20567049
DTXSID1066104	DTXSID70787391 DTXSID00438283 DTXSID10289521 DTXSID80561604 DTXSID50148269 DTXSID00724456 DTXSID1069453 DTXSID30384628 DTXSID20682347 DTXSID10359354 DTXSID90706640 DTXSID50657063 DTXSID70649586 DTXSID90276212 DTXSID90707096 DTXSID60378075 DTXSID20796933 DTXSID60649297 DTXSID80729803 DTXSID80595247
DTXSID90707354	DTXSID40652860 DTXSID9072286 DTXSID30615747 DTXSID80241196 DTXSID20815698 DTXSID20831095 DTXSID90703659 DTXSID50701292 DTXSID50646715 DTXSID40698844 DTXSID90405863 DTXSID70290799 DTXSID10676396 DTXSID70180323 DTXSID10705317 DTXSID20342035 DTXSID70445500 DTXSID5067392 DTXSID20372397 DTXSID10607786
DTXSID90294375	DTXSID90573157 DTXSID40602800 DTXSID10394967 DTXSID10228319 DTXSID00697494 DTXSID30805207 DTXSID50523178 DTXSID40876645 DTXSID10818850 DTXSID50488652 DTXSID50401306 DTXSID90794481 DTXSID60535348 DTXSID10329471 DTXSID40752516 DTXSID60769489 DTXSID80478263 DTXSID30662877 DTXSID60700534 DTXSID10611146
DTXSID90819603	DTXSID00829995 DTXSID40753407 DTXSID80535688 DTXSID70851167 DTXSID90876473 DTXSID90237202 DTXSID10588304 DTXSID10804531 DTXSID10667643 DTXSID70531472 DTXSID20173846 DTXSID20818982 DTXSID10178941 DTXSID60847019 DTXSID50587654 DTXSID50491904 DTXSID10309314 DTXSID10786267 DTXSID00732157 DTXSID40834083
DTXSID50515371	DTXSID40303729 DTXSID40741889 DTXSID70770268 DTXSID00719322 DTXSID60694484 DTXSID30575872 DTXSID40431657 DTXSID00815070 DTXSID20630782 DTXSID30592145 DTXSID60580217 DTXSID80720234 DTXSID90509214 DTXSID80531423 DTXSID70457305 DTXSID40581323 DTXSID90675241 DTXSID10165497 DTXSID90334149 DTXSID90737919
DTXSID30243488	DTXSID60813476 DTXSID80576374 DTXSID20858505 DTXSID40719366 DTXSID30789412 DTXSID40693233 DTXSID20778618 DTXSID60522172 DTXSID60148270 DTXSID20756335 DTXSID00173001 DTXSID70531250 DTXSID50590148 DTXSID10589215 DTXSID70737932 DTXSID90401769 DTXSID60796033 DTXSID10772044 DTXSID10712061 DTXSID60674165
DTXSID50790641	DTXSID50242978 DTXSID30782781 DTXSID30281901 DTXSID10724149 DTXSID90601904 DTXSID50439346 DTXSID40315307 DTXSID80302756 DTXSID70757074 DTXSID60582711 DTXSID30234270 DTXSID40144795 DTXSID90837201 DTXSID90711875 DTXSID90278357 DTXSID10728622 DTXSID60790692 DTXSID70316685 DTXSID00231493 DTXSID30330387
DTXSID00281130	DTXSID00694029 DTXSID00618164 DTXSID40886880 DTXSID40840361 DTXSID50775332 DTXSID10239187 DTXSID90280773 DTXSID60460363 DTXSID90469309 DTXSID20825196 DTXSID80893735 DTXSID3067231 DTXSID30300722 DTXSID80793680 DTXSID10805583 DTXSID3026564 DTXSID10317277 DTXSID60300730 DTXSID90771570 DTXSID70471960
DTXSID40645631	DTXSID40877455 DTXSID40770336 DTXSID00451851 DTXSID10236696 DTXSID50290696 DTXSID20797748 DTXSID80492984 DTXSID70652439 DTXSID70276876 DTXSID40716512 DTXSID80303985 DTXSID00380238 DTXSID00392376 DTXSID30344606 DTXSID90645585 DTXSID40590071 DTXSID20560777 DTXSID40274541 DTXSID60897135 DTXSID10600631
DTXSID70469226	DTXSID50592203 DTXSID10494698 DTXSID90452650 DTXSID50623167 DTXSID60840989 DTXSID50812953 DTXSID50696210 DTXSID10195335 DTXSID60709284 DTXSID50289141 DTXSID20312470 DTXSID90444015 DTXSID00576553 DTXSID60400628 DTXSID70464877 DTXSID40674643 DTXSID30575877 DTXSID10857380 DTXSID90653125 DTXSID50808230
DTXSID70703874	DTXSID30727894 DTXSID20734618 DTXSID20699051 DTXSID90302949 DTXSID9051745 DTXSID50534885 DTXSID0060066 DTXSID30588563 DTXSID40481793 DTXSID70398688 DTXSID90702066 DTXSID50657063 DTXSID30819187 DTXSID90706640 DTXSID50716826 DTXSID00706676 DTXSID30225522 DTXSID00755240 DTXSID30701937 DTXSID50552842
DTXSID20623710	DTXSID70601927 DTXSID60831973 DTXSID10548160 DTXSID20590413 DTXSID40694386 DTXSID60435733 DTXSID90727173 DTXSID90757551 DTXSID70392924 DTXSID10298456 DTXSID20761262 DTXSID00486769 DTXSID00681696 DTXSID70586169 DTXSID00419451 DTXSID10847428 DTXSID20847232 DTXSID10846613 DTXSID90626591 DTXSID80552653
DTXSID10341552	DTXSID8066347 DTXSID40225492 DTXSID20292127 DTXSID10425129 DTXSID20811357 DTXSID80324357 DTXSID60291078 DTXSID40310175 DTXSID70599390 DTXSID60510635 DTXSID80781567 DTXSID50147050 DTXSID40617934 DTXSID70150627 DTXSID20416442 DTXSID30465820 DTXSID20798412 DTXSID80442686 DTXSID60785200 DTXSID90759338
DTXSID50660936	DTXSID70411184 DTXSID20159226 DTXSID80354891 DTXSID80570276 DTXSID70309653 DTXSID70481504 DTXSID00709662 DTXSID60799327 DTXSID90316763 DTXSID90813707 DTXSID00556951 DTXSID90343418 DTXSID20516850 DTXSID00801599 DTXSID10711913 DTXSID60464760 DTXSID30322782 DTXSID50429247 DTXSID50733937 DTXSID80383500
DTXSID90630138	DTXSID30560804 DTXSID70376901 DTXSID20316433 DTXSID70325712 DTXSID90768041 DTXSID90400696 DTXSID50821545 DTXSID20474981 DTXSID80284801 DTXSID4051740 DTXSID90694497 DTXSID70607161 DTXSID70598186 DTXSID20790370 DTXSID70727494 DTXSID00772053 DTXSID3074072 DTXSID20281692 DTXSID00318718 DTXSID50157477
DTXSID40562793	DTXSID10695340 DTXSID10631864 DTXSID7021366 DTXSID30669765 DTXSID80784755 DTXSID80494029 DTXSID80176712 DTXSID90702203 DTXSID10587796 DTXSID80696364 DTXSID60180615 DTXSID50662930 DTXSID20450083 DTXSID10406256 DTXSID10534740 DTXSID20598570 DTXSID30593950 DTXSID6067549 DTXSID10743592 DTXSID00896344
DTXSID30557991	DTXSID40727163 DTXSID90284579 DTXSID90763672 DTXSID1060712 DTXSID30188123 DTXSID50351332 DTXSID20429673 DTXSID70178265 DTXSID90474094 DTXSID30290992 DTXSID50396228 DTXSID80698888 DTXSID10708742 DTXSID60646120 DTXSID10367090 DTXSID10296836 DTXSID60193826 DTXSID00188933 DTXSID90373013 DTXSID60221092
DTXSID80238142	DTXSID6033241 DTXSID20466467 DTXSID00186792 DTXSID00839978 DTXSID70582368 DTXSID90369390 DTXSID10556407 DTXSID70476117 DTXSID40852686 DTXSID70580985 DTXSID20516815 DTXSID30544482 DTXSID60451877 DTXSID90473103 DTXSID60766978 DTXSID60560913 DTXSID10502308 DTXSID80463679 DTXSID1068302 DTXSID30433403
DTXSID60314594	DTXSID40199265 DTXSID20344438 DTXSID70487026 DTXSID80239336 DTXSID00213411 DTXSID40671632 DTXSID50876373 DTXSID30626050 DTXSID30571612 DTXSID50506067 DTXSID60335284 DTXSID40841656 DTXSID80554975 DTXSID30527250 DTXSID50383239 DTXSID10707634 DTXSID40228625 DTXSID50642050 DTXSID60196817 DTXSID30222197
DTXSID70836550	DTXSID40615793 DTXSID10214196 DTXSID50497966 DTXSID60447573 DTXSID40143485 DTXSID40844809 DTXSID60519360 DTXSID3061920 DTXSID50698456 DTXSID10174882 DTXSID40693334 DTXSID10538021 DTXSID00534895 DTXSID60697410 DTXSID90707415 DTXSID8046791 DTXSID60428307 DTXSID20627495 DTXSID90759515 DTXSID50343292
DTXSID20457279	DTXSID80681992 DTXSID20857497 DTXSID50726783 DTXSID10477784 DTXSID20708778 DTXSID10693482 DTXSID10436811 DTXSID20579162 DTXSID70415420 DTXSID20646505 DTXSID40499454 DTXSID60734410 DTXSID00646467 DTXSID10470013 DTXSID80211218 DTXSID80573166 DTXSID50515836 DTXSID10475068 DTXSID10682417 DTXSID50634238
DTXSID80542993	DTXSID60364059 DTXSID10176321 DTXSID9044790 DTXSID10801287 DTXSID40668648 DTXSID70490090 DTXSID10213689 DTXSID40199745 DTXSID30406096 DTXSID40558595 DTXSID90720280 DTXSID40329449 DTXSID10528402 DTXSID80478086 DTXSID00635816 DTXSID30639766 DTXSID70212678 DTXSID90341893 DTXSID80640241 DTXSID10647905
DTXSID00386154	DTXSID70810274 DTXSID40828260 DTXSID80555467 DTXSID10792868 DTXSID9057979 DTXSID90459821 DTXSID80885534 DTXSID90804993 DTXSID10484514 DTXSID50700765 DTXSID70743614 DTXSID30421648 DTXSID60292449 DTXSID30199370 DTXSID70567079 DTXSID20144415 DTXSID90553131 DTXSID10208878 DTXSID00430025 DTXSID40656964
DTXSID50523178	DTXSID50488652 DTXSID40876645 DTXSID90294375 DTXSID00697494 DTXSID10394967 DTXSID90573157 DTXSID30889002 DTXSID00151203 DTXSID40602800 DTXSID50401306 DTXSID10228319 DTXSID70303818 DTXSID70827923 DTXSID60535348 DTXSID40752516 DTXSID80478263 DTXSID00430101 DTXSID30896094 DTXSID10818850 DTXSID40640585
DTXSID30551237	DTXSID40640585 DTXSID70827923 DTXSID80736431 DTXSID60842948 DTXSID20488649 DTXSID80478263 DTXSID70303818 DTXSID80232569 DTXSID30662877 DTXSID00748632 DTXSID00151203 DTXSID30476911 DTXSID20279130 DTXSID50401306 DTXSID70599113 DTXSID30896094 DTXSID50538646 DTXSID10818850 DTXSID00566070 DTXSID00697494
DTXSID40613335	DTXSID80348497 DTXSID20835912 DTXSID20707948 DTXSID10627005 DTXSID30418775 DTXSID90700688 DTXSID00669338 DTXSID80485831 DTXSID30811020 DTXSID80655638 DTXSID40192418 DTXSID00480065 DTXSID20618585 DTXSID50719099 DTXSID30465360 DTXSID40538872 DTXSID50727159 DTXSID10335214 DTXSID50342306 DTXSID70341093
DTXSID90676738	DTXSID10646857 DTXSID20813492 DTXSID20187983 DTXSID40623939 DTXSID10181056 DTXSID00383284 DTXSID30837109 DTXSID30397253 DTXSID50352561 DTXSID80589606 DTXSID40349703 DTXSID20423292 DTXSID10299009 DTXSID80601892 DTXSID20303686 DTXSID10727791 DTXSID10307178 DTXSID40513705 DTXSID10650979 DTXSID10770409
DTXSID80698888	DTXSID90284579 DTXSID40727163 DTXSID30202090 DTXSID70178265 DTXSID50236892 DTXSID30188123 DTXSID40841515 DTXSID40717226 DTXSID40295776 DTXSID00672786 DTXSID00826525 DTXSID90373013 DTXSID30557991 DTXSID80568895 DTXSID00659436 DTXSID60879315 DTXSID50725615 DTXSID50396228 DTXSID00703665 DTXSID40561387
DTXSID50180543	DTXSID40697913 DTXSID90520383 DTXSID00461617 DTXSID10627328 DTXSID50457707 DTXSID40681973 DTXSID20856622 DTXSID50595032 DTXSID20895733 DTXSID50740727 DTXSID90743297 DTXSID00391167 DTXSID60664203 DTXSID50208236 DTXSID00195960 DTXSID70663444 DTXSID00345842 DTXSID40293651 DTXSID10408598 DTXSID80635137
DTXSID60704259	DTXSID8069565 DTXSID50639965 DTXSID40543204 DTXSID70641909 DTXSID50337419 DTXSID70711292 DTXSID60487010 DTXSID90579073 DTXSID70491845 DTXSID10637523 DTXSID50556143 DTXSID00514839 DTXSID70584509 DTXSID00352677 DTXSID90467087 DTXSID00505505 DTXSID70339011 DTXSID60651597 DTXSID90480958 DTXSID40474802
DTXSID30577437	DTXSID30758921 DTXSID60226204 DTXSID60456529 DTXSID70603527 DTXSID40874080 DTXSID70729791 DTXSID60737648 DTXSID50772104 DTXSID00337823 DTXSID10187391 DTXSID70452719 DTXSID70391154 DTXSID20704255 DTXSID50590168 DTXSID60446501 DTXSID10554766 DTXSID90390301 DTXSID00489134 DTXSID50852157 DTXSID50152285
DTXSID40415351	DTXSID90383879 DTXSID70296791 DTXSID10154664 DTXSID10188005 DTXSID10558300 DTXSID20677536 DTXSID10876652 DTXSID90767216 DTXSID00431456 DTXSID10672419 DTXSID00447830 DTXSID70186380 DTXSID10556543 DTXSID60293931 DTXSID00576694 DTXSID40786952 DTXSID50368642 DTXSID80436641 DTXSID70579652 DTXSID50570960
DTXSID5068233	DTXSID80492621 DTXSID90200471 DTXSID20533542 DTXSID20862849 DTXSID70500269 DTXSID90486990 DTXSID10630771 DTXSID50512103 DTXSID10728667 DTXSID90649664 DTXSID30309250 DTXSID50586107 DTXSID80338176 DTXSID80744117 DTXSID00738654 DTXSID70724044 DTXSID00485712 DTXSID8032675 DTXSID70656250 DTXSID10493989
DTXSID80750632	DTXSID20584130 DTXSID10634658 DTXSID10788468 DTXSID60232926 DTXSID90769098 DTXSID00227472 DTXSID60854566 DTXSID10591237 DTXSID40334755 DTXSID40795620 DTXSID50309898 DTXSID40781609 DTXSID00637274 DTXSID50818238 DTXSID60775181 DTXSID80806628 DTXSID20337941 DTXSID50335016 DTXSID10579631 DTXSID70840778
DTXSID5068237	DTXSID0062896 DTXSID00887737 DTXSID80816363 DTXSID70340864 DTXSID30561457 DTXSID9060780 DTXSID90240731 DTXSID80759781 DTXSID80338050 DTXSID00432089 DTXSID00647136 DTXSID7063348 DTXSID80336930 DTXSID20184573 DTXSID00432064 DTXSID70241241 DTXSID90619786 DTXSID60752952 DTXSID30146203 DTXSID00181227
DTXSID70507091	DTXSID20203379 DTXSID70531336 DTXSID00542970 DTXSID20443455 DTXSID60513909 DTXSID50568185 DTXSID60219237 DTXSID70825323 DTXSID70325893 DTXSID40285733 DTXSID80332674 DTXSID80615999 DTXSID60183020 DTXSID00816724 DTXSID10825483 DTXSID90825320 DTXSID90449848 DTXSID70545211 DTXSID00340731 DTXSID60303887
DTXSID90484012	DTXSID20285377 DTXSID30638613 DTXSID10498176 DTXSID80439197 DTXSID70655400 DTXSID00110032 DTXSID80777521 DTXSID10471545 DTXSID20206103 DTXSID50464411 DTXSID50824718 DTXSID90396484 DTXSID3057692 DTXSID50481880 DTXSID70159413 DTXSID50742761 DTXSID50378741 DTXSID20159423 DTXSID80742077 DTXSID90461989
DTXSID7066148	DTXSID60751309 DTXSID20411452 DTXSID90660430 DTXSID40277350 DTXSID20195063 DTXSID40208523 DTXSID6063511 DTXSID90721252 DTXSID80808061 DTXSID40781846 DTXSID10783438 DTXSID70751310 DTXSID90765171 DTXSID00775887 DTXSID80560258 DTXSID10806954 DTXSID00559144 DTXSID70622612 DTXSID80576899 DTXSID80793165
DTXSID30326104	DTXSID10400032 DTXSID40675236 DTXSID90816733 DTXSID90533897 DTXSID60749342 DTXSID90286816 DTXSID10605045 DTXSID80783304 DTXSID00275099 DTXSID50832151 DTXSID40802964 DTXSID30851466 DTXSID10587852 DTXSID80633759 DTXSID20604387 DTXSID40773347 DTXSID70709896 DTXSID10767637 DTXSID20535622 DTXSID00161882
DTXSID80151882	DTXSID70614239 DTXSID70331217 DTXSID30444296 DTXSID80700137 DTXSID50524201 DTXSID80597524 DTXSID20536750 DTXSID10195315 DTXSID10839444 DTXSID90344526 DTXSID10316220 DTXSID80404426 DTXSID90624532 DTXSID60550556 DTXSID50716063 DTXSID80181841 DTXSID70802775 DTXSID20742591 DTXSID2046836 DTXSID20702716
DTXSID00164439	DTXSID90809448 DTXSID40552058 DTXSID5059822 DTXSID20488861 DTXSID20578675 DTXSID60162739 DTXSID50528608 DTXSID60641211 DTXSID80729287 DTXSID00303785 DTXSID50467720 DTXSID50391273 DTXSID40705805 DTXSID20694900 DTXSID00735688 DTXSID80222480 DTXSID80479295 DTXSID30448451 DTXSID70569573 DTXSID1052585
DTXSID10640512	DTXSID40722618 DTXSID30451763 DTXSID90426058 DTXSID00442688 DTXSID00621330 DTXSID40427974 DTXSID70478419 DTXSID60505389 DTXSID10824299 DTXSID00298647 DTXSID70573993 DTXSID40576875 DTXSID30489122 DTXSID40595829 DTXSID3058955 DTXSID50482458 DTXSID90640974 DTXSID90338980 DTXSID00290247 DTXSID40397623
DTXSID30168268	DTXSID60487459 DTXSID20563844 DTXSID90642135 DTXSID00500813 DTXSID50719099 DTXSID30465360 DTXSID00641119 DTXSID00518872 DTXSID20604640 DTXSID50590062 DTXSID80752499 DTXSID00544772 DTXSID50727159 DTXSID30282615 DTXSID70294838 DTXSID20618585 DTXSID50302703 DTXSID9022100 DTXSID80161820 DTXSID70364505
DTXSID10517912	DTXSID60734490 DTXSID30717210 DTXSID00876287 DTXSID30422675 DTXSID80470843 DTXSID30743498 DTXSID90739897 DTXSID20793821 DTXSID70373576 DTXSID40713743 DTXSID20393249 DTXSID7070769 DTXSID50628091 DTXSID90551056 DTXSID30167650 DTXSID80588038 DTXSID40743606 DTXSID10572809 DTXSID10303695 DTXSID50400490
DTXSID20439297	DTXSID50487645 DTXSID00695157 DTXSID40296581 DTXSID60377023 DTXSID40168219 DTXSID40374030 DTXSID40588493 DTXSID50598124 DTXSID60307108 DTXSID30780828 DTXSID50441787 DTXSID50467346 DTXSID50667248 DTXSID30311595 DTXSID30726064 DTXSID50622857 DTXSID00371186 DTXSID80294445 DTXSID70471389 DTXSID80282226
DTXSID00378832	DTXSID90189358 DTXSID40209676 DTXSID60471818 DTXSID6047862 DTXSID10772928 DTXSID70433583 DTXSID90524068 DTXSID10190002 DTXSID0052388 DTXSID60675213 DTXSID70759654 DTXSID70876951 DTXSID00678208 DTXSID00754490 DTXSID10482878 DTXSID10757811 DTXSID20185808 DTXSID30819304 DTXSID50696336 DTXSID80200465
DTXSID40773347	DTXSID20535622 DTXSID00819290 DTXSID80783304 DTXSID40802964 DTXSID60813436 DTXSID00794972 DTXSID90286816 DTXSID40838642 DTXSID40455499 DTXSID00625252 DTXSID90533897 DTXSID90283522 DTXSID60880764 DTXSID50880672 DTXSID50832151 DTXSID40462365 DTXSID40675236 DTXSID90782323 DTXSID10771234 DTXSID90306669
DTXSID20883357	DTXSID00537482 DTXSID10310521 DTXSID90178202 DTXSID20173629 DTXSID60439377 DTXSID70615549 DTXSID60542496 DTXSID30348402 DTXSID80785585 DTXSID30564701 DTXSID30311237 DTXSID00659916 DTXSID70588108 DTXSID2068137 DTXSID00657452 DTXSID60383846 DTXSID30291308 DTXSID40713445 DTXSID20311786 DTXSID30356906
DTXSID40274541	DTXSID00380238 DTXSID80501883 DTXSID70217345 DTXSID50535852 DTXSID10236696 DTXSID40523006 DTXSID40770336 DTXSID00392376 DTXSID20797748 DTXSID30362789 DTXSID80562893 DTXSID40645631 DTXSID70165938 DTXSID70652439 DTXSID40464884 DTXSID70276876 DTXSID80537829 DTXSID40877455 DTXSID30344606 DTXSID50290696
DTXSID40781063	DTXSID10418177 DTXSID80798099 DTXSID40771787 DTXSID30451107 DTXSID60325842 DTXSID90772825 DTXSID70327857 DTXSID60850189 DTXSID00770211 DTXSID80526096 DTXSID10769772 DTXSID3068883 DTXSID10337657 DTXSID6063226 DTXSID30550028 DTXSID30528282 DTXSID1068807 DTXSID30336546 DTXSID30316929 DTXSID90437669
DTXSID50508066	DTXSID40761289 DTXSID50787394 DTXSID70757958 DTXSID30450579 DTXSID80511583 DTXSID00598957 DTXSID80792436 DTXSID70807240 DTXSID00694544 DTXSID70502965 DTXSID00389746 DTXSID10726305 DTXSID60734738 DTXSID60188272 DTXSID40756958 DTXSID30621282 DTXSID40300233 DTXSID10444416 DTXSID50381977 DTXSID20170794
DTXSID70592240	DTXSID70184189 DTXSID90667267 DTXSID50564682 DTXSID00876505 DTXSID00822466 DTXSID40497511 DTXSID60642223 DTXSID30810715 DTXSID20345869 DTXSID40298565 DTXSID60479238 DTXSID90596124 DTXSID70393496 DTXSID60704577 DTXSID40855379 DTXSID60589583 DTXSID80325723 DTXSID20787826 DTXSID90223180 DTXSID00386558
DTXSID10703373	DTXSID00277659 DTXSID90620534 DTXSID60415939 DTXSID50397735 DTXSID00225594 DTXSID70170209 DTXSID20801894 DTXSID10361270 DTXSID30615328 DTXSID90400712 DTXSID20218842 DTXSID10310021 DTXSID40546790 DTXSID80395209 DTXSID60792898 DTXSID40530331 DTXSID00829056 DTXSID20243255 DTXSID80450049 DTXSID50651304
DTXSID70785579	DTXSID00845610 DTXSID30182181 DTXSID90703593 DTXSID80816166 DTXSID30490839 DTXSID50344249 DTXSID70884819 DTXSID50575672 DTXSID50543331 DTXSID90344248 DTXSID10809122 DTXSID90770189 DTXSID70540524 DTXSID50232172 DTXSID50539234 DTXSID20222484 DTXSID00501204 DTXSID10503390 DTXSID90778807 DTXSID80790210
DTXSID10756521	DTXSID70297561 DTXSID2073720 DTXSID70195316 DTXSID10185079 DTXSID40530558 DTXSID90602714 DTXSID40484168 DTXSID40828260 DTXSID90853663 DTXSID60328237 DTXSID3048316 DTXSID60564971 DTXSID70876815 DTXSID50700765 DTXSID00386558 DTXSID20144415 DTXSID90804993 DTXSID10792868 DTXSID40295377 DTXSID10403003
DTXSID00241971	DTXSID60151047 DTXSID20284901 DTXSID10210118 DTXSID1063140 DTXSID20704078 DTXSID80767386 DTXSID10739854 DTXSID00182759 DTXSID70443980 DTXSID40744315 DTXSID90313277 DTXSID10786207 DTXSID40879717 DTXSID90291925 DTXSID70594325 DTXSID00730375 DTXSID80502870 DTXSID60455951 DTXSID20191888 DTXSID00542773
DTXSID4072813	DTXSID10829820 DTXSID50275680 DTXSID90577150 DTXSID40766118 DTXSID90762382 DTXSID30276034 DTXSID50226339 DTXSID4057716 DTXSID90415609 DTXSID60701965 DTXSID00575607 DTXSID50814391 DTXSID70746584 DTXSID50830455 DTXSID40329005 DTXSID40615076 DTXSID70582085 DTXSID00596397 DTXSID70697481 DTXSID8069648
DTXSID20580733	DTXSID20629893 DTXSID70666536 DTXSID30661047 DTXSID20730756 DTXSID90325830 DTXSID10856212 DTXSID70377413 DTXSID10177934 DTXSID70214273 DTXSID50605887 DTXSID30694618 DTXSID0041773 DTXSID00338355 DTXSID40711481 DTXSID50187552 DTXSID00823892 DTXSID70613267 DTXSID70511118 DTXSID10143472 DTXSID9021394
DTXSID00852122	DTXSID30821164 DTXSID30159237 DTXSID70558604 DTXSID70529475 DTXSID70280392 DTXSID20384071 DTXSID10628991 DTXSID80384572 DTXSID70224791 DTXSID6046264 DTXSID90468857 DTXSID50447744 DTXSID60836468 DTXSID30632272 DTXSID50604471 DTXSID70393496 DTXSID70300165 DTXSID80625058 DTXSID90853663 DTXSID50421524
DTXSID50326560	DTXSID00642424 DTXSID30844257 DTXSID20587863 DTXSID40358330 DTXSID80610828 DTXSID90178843 DTXSID30707191 DTXSID10440059 DTXSID90728665 DTXSID10503451 DTXSID60876900 DTXSID70333716 DTXSID90280854 DTXSID80343765 DTXSID00598513 DTXSID30823264 DTXSID70496097 DTXSID90561074 DTXSID40854463 DTXSID90215565
DTXSID10472219	DTXSID4062519 DTXSID30524340 DTXSID30639589 DTXSID20636986 DTXSID80552279 DTXSID20495494 DTXSID90464854 DTXSID00814942 DTXSID30737771 DTXSID40534915 DTXSID80771201 DTXSID60339080 DTXSID00551027 DTXSID20459137 DTXSID30340426 DTXSID20340096 DTXSID80450948 DTXSID30346509 DTXSID30525231 DTXSID10544465
DTXSID30788642	DTXSID80629490 DTXSID20293093 DTXSID60459959 DTXSID40673595 DTXSID90799638 DTXSID20548313 DTXSID70695260 DTXSID60281555 DTXSID3041297 DTXSID60369660 DTXSID80299394 DTXSID70560666 DTXSID30734902 DTXSID50375033 DTXSID20390950 DTXSID60154331 DTXSID80318034 DTXSID70173750 DTXSID70212375 DTXSID80381026
DTXSID50696457	DTXSID30562621 DTXSID10712182 DTXSID30580148 DTXSID90832034 DTXSID60675511 DTXSID40638942 DTXSID70445343 DTXSID30705071 DTXSID60159886 DTXSID20578554 DTXSID50354888 DTXSID50742746 DTXSID00399320 DTXSID80405074 DTXSID70193337 DTXSID30190943 DTXSID50660118 DTXSID60294322 DTXSID80789447 DTXSID30242911
DTXSID50437069	DTXSID70820898 DTXSID20406545 DTXSID40430266 DTXSID40674183 DTXSID20778436 DTXSID00618008 DTXSID80190337 DTXSID70710422 DTXSID70221568 DTXSID70287543 DTXSID50315419 DTXSID90783198 DTXSID90647221 DTXSID10181551 DTXSID50412755 DTXSID80729868 DTXSID30636396 DTXSID40694588 DTXSID10732825 DTXSID50227583
DTXSID60181147	DTXSID50762621 DTXSID2065757 DTXSID20337704 DTXSID80198156 DTXSID50853942 DTXSID40818368 DTXSID70276210 DTXSID60562871 DTXSID90780425 DTXSID60775383 DTXSID6069826 DTXSID00601051 DTXSID50652477 DTXSID50797998 DTXSID80694027 DTXSID00210001 DTXSID50778626 DTXSID70580602 DTXSID90758447 DTXSID50239186
DTXSID60327023	DTXSID20559469 DTXSID90731356 DTXSID10830875 DTXSID90163234 DTXSID80468664 DTXSID20793821 DTXSID60714878 DTXSID70891588 DTXSID1041764 DTXSID70318765 DTXSID40809650 DTXSID20802265 DTXSID10354788 DTXSID10148321 DTXSID80291373 DTXSID30743498 DTXSID80879473 DTXSID40737303 DTXSID80326235 DTXSID50352288
DTXSID10408598	DTXSID70341891 DTXSID90743297 DTXSID20856622 DTXSID40349703 DTXSID50352561 DTXSID70601548 DTXSID60729604 DTXSID70663444 DTXSID90520383 DTXSID50593376 DTXSID00461617 DTXSID10181056 DTXSID30740462 DTXSID20303686 DTXSID40729122 DTXSID30397253 DTXSID40293651 DTXSID50740727 DTXSID80496604 DTXSID50180543
DTXSID40368631	DTXSID50178682 DTXSID00465372 DTXSID30289801 DTXSID60597663 DTXSID50172963 DTXSID30175038 DTXSID00406543 DTXSID10312106 DTXSID80817057 DTXSID40319825 DTXSID80207111 DTXSID10474339 DTXSID00472844 DTXSID70711550 DTXSID30452679 DTXSID30618435 DTXSID70512266 DTXSID70845046 DTXSID80210322 DTXSID80610161
DTXSID80827696	DTXSID20197946 DTXSID10182063 DTXSID80221599 DTXSID50479863 DTXSID10182402 DTXSID50572621 DTXSID00461576 DTXSID60198210 DTXSID00546650 DTXSID90573197 DTXSID40462704 DTXSID50703690 DTXSID50614151 DTXSID30748463 DTXSID70341755 DTXSID00483556 DTXSID70721432 DTXSID50742761 DTXSID80596936 DTXSID50311390
DTXSID10610316	DTXSID10238155 DTXSID30315977 DTXSID80655517 DTXSID10609068 DTXSID60179903 DTXSID80649890 DTXSID70352922 DTXSID50742145 DTXSID40563927 DTXSID10560827 DTXSID20797460 DTXSID90396484 DTXSID30757277 DTXSID80596936 DTXSID70277929 DTXSID90238315 DTXSID50493443 DTXSID90187117 DTXSID70548464 DTXSID70211469
DTXSID5070529	DTXSID10806398 DTXSID90560729 DTXSID50310520 DTXSID10301277 DTXSID50631606 DTXSID90695323 DTXSID50179518 DTXSID30852256 DTXSID10177550 DTXSID60739526 DTXSID80710670 DTXSID30591214 DTXSID20368194 DTXSID00356392 DTXSID50409029 DTXSID40693238 DTXSID40188937 DTXSID00299730 DTXSID20834086 DTXSID10675647
DTXSID40143485	DTXSID60519360 DTXSID70836550 DTXSID8046791 DTXSID3061920 DTXSID10214196 DTXSID50497966 DTXSID20801152 DTXSID4065604 DTXSID60697410 DTXSID40844809 DTXSID90179198 DTXSID60447573 DTXSID60432868 DTXSID80668768 DTXSID40615793 DTXSID20627495 DTXSID6048096 DTXSID90707415 DTXSID40693334 DTXSID80615070
DTXSID10840459	DTXSID80597680 DTXSID30176383 DTXSID30423223 DTXSID70344408 DTXSID30440298 DTXSID40299517 DTXSID40681458 DTXSID70176387 DTXSID20417838 DTXSID90341590 DTXSID00165183 DTXSID20441052 DTXSID60424440 DTXSID20460561 DTXSID00567360 DTXSID00681999 DTXSID90595591 DTXSID90552402 DTXSID50214857 DTXSID60545866
DTXSID10406256	DTXSID10631864 DTXSID7021366 DTXSID80494029 DTXSID20235433 DTXSID90232919 DTXSID80784755 DTXSID90510345 DTXSID80696364 DTXSID70428494 DTXSID10568964 DTXSID10587796 DTXSID70361650 DTXSID50493822 DTXSID90702203 DTXSID00168679 DTXSID50662930 DTXSID40562793 DTXSID50505535 DTXSID90768203 DTXSID10743592
DTXSID90693561	DTXSID10843167 DTXSID30155633 DTXSID20797647 DTXSID00767500 DTXSID10744741 DTXSID70574283 DTXSID70800130 DTXSID20336777 DTXSID20701062 DTXSID90723953 DTXSID60469452 DTXSID80241994 DTXSID50214771 DTXSID90278413 DTXSID40637430 DTXSID40662500 DTXSID00752693 DTXSID30579431 DTXSID00866926 DTXSID50709955
DTXSID70353797	DTXSID00429853 DTXSID40187829 DTXSID00855931 DTXSID40551667 DTXSID30343058 DTXSID80666542 DTXSID6020012 DTXSID90362083 DTXSID20375085 DTXSID90548921 DTXSID90608771 DTXSID40244168 DTXSID70742783 DTXSID20310830 DTXSID80822181 DTXSID60612426 DTXSID40406567 DTXSID50464178 DTXSID50824511 DTXSID60395929
DTXSID80615474	DTXSID30816737 DTXSID40767706 DTXSID60149080 DTXSID70477528 DTXSID60746876 DTXSID20790537 DTXSID90804832 DTXSID60340757 DTXSID20536553 DTXSID20794979 DTXSID60816740 DTXSID40816743 DTXSID00816744 DTXSID00809999 DTXSID60816720 DTXSID80742456 DTXSID80341660 DTXSID40341666 DTXSID00789267 DTXSID30816732
DTXSID50576907	DTXSID20698160 DTXSID60784278 DTXSID90739716 DTXSID10371773 DTXSID40619211 DTXSID50879364 DTXSID90444015 DTXSID80302291 DTXSID10652953 DTXSID60709284 DTXSID00576553 DTXSID60400628 DTXSID90380868 DTXSID20312470 DTXSID80405837 DTXSID10729396 DTXSID90452650 DTXSID90355415 DTXSID60812722 DTXSID20624964
DTXSID10294599	DTXSID00712313 DTXSID40161482 DTXSID10784768 DTXSID30676414 DTXSID90398908 DTXSID00680048 DTXSID80699299 DTXSID70393719 DTXSID20198655 DTXSID40532698 DTXSID90182107 DTXSID70212037 DTXSID50193279 DTXSID00672827 DTXSID80206088 DTXSID40222108 DTXSID40508272 DTXSID50709137 DTXSID00186176 DTXSID50527333
DTXSID00719160	DTXSID90833162 DTXSID80484561 DTXSID2040280 DTXSID30437547 DTXSID0046147 DTXSID80287832 DTXSID10191478 DTXSID20159786 DTXSID40440103 DTXSID50668230 DTXSID90463827 DTXSID2026602 DTXSID90705799 DTXSID50724466 DTXSID60658369 DTXSID10516763 DTXSID10852996 DTXSID30346908 DTXSID70765391 DTXSID70582525
DTXSID00372794	DTXSID30355691 DTXSID20667790 DTXSID50427945 DTXSID30240972 DTXSID00143623 DTXSID60668726 DTXSID40513705 DTXSID80470368 DTXSID90506460 DTXSID30397253 DTXSID30146309 DTXSID40749345 DTXSID90337312 DTXSID70353035 DTXSID20324558 DTXSID50590582 DTXSID90624653 DTXSID70400710 DTXSID30175614 DTXSID70488816
DTXSID50586440	DTXSID10656012 DTXSID3071278 DTXSID60588177 DTXSID60173527 DTXSID40617772 DTXSID70588108 DTXSID10313537 DTXSID00371969 DTXSID00659916 DTXSID90794481 DTXSID40352676 DTXSID60439377 DTXSID40713445 DTXSID30356906 DTXSID20311786 DTXSID10611146 DTXSID90788820 DTXSID00304196 DTXSID60299094 DTXSID30321194
DTXSID60780356	DTXSID50664979 DTXSID70748301 DTXSID90339417 DTXSID80615075 DTXSID40241632 DTXSID40473991 DTXSID10326081 DTXSID30698318 DTXSID50303497 DTXSID20695831 DTXSID80373608 DTXSID40879717 DTXSID20191888 DTXSID00542773 DTXSID10656335 DTXSID90805602 DTXSID90527695 DTXSID00388350 DTXSID5051602 DTXSID80284886
DTXSID30473081	DTXSID40694346 DTXSID90529871 DTXSID70797415 DTXSID90319355 DTXSID90499202 DTXSID60501402 DTXSID50428912 DTXSID20435658 DTXSID90825244 DTXSID80468881 DTXSID20231591 DTXSID70574046 DTXSID00464688 DTXSID50874359 DTXSID50637522 DTXSID00872860 DTXSID10491920 DTXSID60876905 DTXSID80162392 DTXSID90191875
DTXSID30418073	DTXSID00421433 DTXSID20336196 DTXSID40829530 DTXSID70513854 DTXSID20380033 DTXSID40435251 DTXSID70734123 DTXSID1066786 DTXSID90513437 DTXSID30460875 DTXSID30635122 DTXSID80155062 DTXSID90788825 DTXSID50152846 DTXSID90700087 DTXSID30627507 DTXSID40574457 DTXSID90407241 DTXSID80835635 DTXSID10170304
DTXSID90336082	DTXSID70421046 DTXSID40781200 DTXSID90381395 DTXSID10185514 DTXSID70848557 DTXSID30752484 DTXSID60743481 DTXSID10748022 DTXSID60441410 DTXSID40886941 DTXSID90176884 DTXSID60240187 DTXSID3052220 DTXSID30388045 DTXSID10447669 DTXSID50462639 DTXSID90485165 DTXSID40589743 DTXSID20449654 DTXSID90842471
DTXSID50814573	DTXSID80404820 DTXSID70646373 DTXSID50184864 DTXSID60156476 DTXSID70354901 DTXSID50190425 DTXSID60763189 DTXSID90530907 DTXSID70445500 DTXSID80679990 DTXSID9068904 DTXSID00446065 DTXSID10815440 DTXSID80364511 DTXSID70299444 DTXSID00326459 DTXSID70554161 DTXSID20585925 DTXSID10676396 DTXSID90512546
DTXSID00570430	DTXSID50415544 DTXSID30383914 DTXSID70848471 DTXSID50808356 DTXSID40430408 DTXSID80557643 DTXSID80230045 DTXSID70191530 DTXSID70456873 DTXSID40876064 DTXSID60471474 DTXSID40622548 DTXSID40180118 DTXSID10630059 DTXSID20158431 DTXSID20656245 DTXSID10459469 DTXSID70737457 DTXSID90530760 DTXSID70744343
DTXSID40214245	DTXSID60645335 DTXSID00620621 DTXSID90412517 DTXSID90635143 DTXSID40299936 DTXSID80499392 DTXSID50160901 DTXSID20673937 DTXSID30237408 DTXSID00890342 DTXSID00153121 DTXSID20837330 DTXSID00751005 DTXSID20289310 DTXSID10364903 DTXSID00494167 DTXSID50736766 DTXSID10150984 DTXSID40585765 DTXSID80367027
DTXSID4052423	DTXSID20357760 DTXSID00562052 DTXSID60184032 DTXSID90751933 DTXSID00764791 DTXSID10699207 DTXSID70733176 DTXSID70569992 DTXSID70880654 DTXSID20434202 DTXSID10302946 DTXSID00757749 DTXSID10149196 DTXSID60816765 DTXSID80438044 DTXSID50465827 DTXSID70614092 DTXSID40711103 DTXSID60877351 DTXSID90446897
DTXSID00635871	DTXSID80158139 DTXSID30375718 DTXSID90670418 DTXSID10614374 DTXSID50768289 DTXSID40663259 DTXSID20318553 DTXSID00349547 DTXSID70172723 DTXSID50597137 DTXSID0025442 DTXSID80364511 DTXSID70554161 DTXSID90437447 DTXSID70879705 DTXSID50369997 DTXSID80564074 DTXSID30614917 DTXSID00289818 DTXSID10815440
DTXSID00846006	DTXSID20327024 DTXSID50729870 DTXSID60554776 DTXSID90550105 DTXSID50240651 DTXSID9074642 DTXSID90668471 DTXSID80416549 DTXSID20821077 DTXSID70365214 DTXSID80845794 DTXSID60559382 DTXSID40167969 DTXSID8059635 DTXSID70325696 DTXSID50180326 DTXSID90457963 DTXSID60760855 DTXSID70556342 DTXSID80812845
DTXSID00467412	DTXSID20622086 DTXSID10202078 DTXSID20405593 DTXSID30153356 DTXSID40549529 DTXSID70197592 DTXSID10622999 DTXSID30418917 DTXSID90762483 DTXSID60771643 DTXSID90279182 DTXSID00218749 DTXSID90618678 DTXSID00429272 DTXSID20172415 DTXSID60697394 DTXSID70487647 DTXSID10879688 DTXSID50368041 DTXSID10716180
DTXSID00563342	DTXSID20144415 DTXSID10667562 DTXSID90634530 DTXSID80542059 DTXSID60597325 DTXSID80843452 DTXSID00386558 DTXSID70808676 DTXSID70876815 DTXSID80406844 DTXSID90602714 DTXSID40531863 DTXSID60190097 DTXSID30287665 DTXSID00216604 DTXSID20359360 DTXSID70195316 DTXSID40530558 DTXSID70197512 DTXSID10756521
DTXSID70786945	DTXSID30800590 DTXSID80492267 DTXSID30782408 DTXSID30813064 DTXSID40494464 DTXSID20765967 DTXSID10655964 DTXSID70826875 DTXSID10592128 DTXSID90520888 DTXSID10738281 DTXSID50144802 DTXSID30845542 DTXSID10577213 DTXSID90500923 DTXSID80552597 DTXSID00334771 DTXSID4052051 DTXSID10771512 DTXSID80204468
DTXSID3026564	DTXSID3042003 DTXSID60460363 DTXSID60300730 DTXSID50775332 DTXSID00618164 DTXSID30300722 DTXSID40880888 DTXSID00710076 DTXSID8070128 DTXSID9051741 DTXSID00892301 DTXSID00597728 DTXSID80893735 DTXSID90883243 DTXSID80887654 DTXSID40840361 DTXSID40886880 DTXSID70805761 DTXSID7070478 DTXSID00281130
DTXSID60424884	DTXSID10321879 DTXSID00614525 DTXSID90208553 DTXSID60609316 DTXSID30327237 DTXSID70550401 DTXSID6062672 DTXSID50281226 DTXSID00374536 DTXSID00739949 DTXSID00611337 DTXSID50651304 DTXSID80757646 DTXSID30642472 DTXSID20218842 DTXSID20801894 DTXSID30586246 DTXSID30410198 DTXSID70514624 DTXSID10310021
DTXSID70785392	DTXSID40195666 DTXSID50804111 DTXSID60511480 DTXSID60822902 DTXSID70822857 DTXSID80195024 DTXSID30191576 DTXSID40417799 DTXSID80546739 DTXSID00699514 DTXSID10648492 DTXSID10886074 DTXSID50796865 DTXSID70233808 DTXSID20741069 DTXSID90755850 DTXSID70450674 DTXSID00793728 DTXSID60752952 DTXSID80468609
DTXSID90493144	DTXSID00427854 DTXSID40792871 DTXSID20876264 DTXSID90485307 DTXSID70472139 DTXSID70320828 DTXSID50310126 DTXSID00490846 DTXSID40427853 DTXSID80664260 DTXSID50663063 DTXSID70170840 DTXSID50638155 DTXSID20542811 DTXSID60668665 DTXSID80514418 DTXSID40222441 DTXSID50310222 DTXSID40540213 DTXSID00308578
DTXSID90846131	DTXSID40630966 DTXSID70886212 DTXSID70459804 DTXSID20294181 DTXSID70506807 DTXSID30535875 DTXSID10803544 DTXSID90422898 DTXSID20306273 DTXSID70419145 DTXSID30667342 DTXSID30739694 DTXSID20832224 DTXSID00789368 DTXSID00628521 DTXSID10633444 DTXSID30473526 DTXSID60299079 DTXSID30368908 DTXSID30717058
DTXSID60482388	DTXSID20307866 DTXSID60604220 DTXSID90324500 DTXSID80569645 DTXSID50500126 DTXSID90501531 DTXSID40395861 DTXSID70182509 DTXSID00679558 DTXSID20174712 DTXSID40724556 DTXSID10374446 DTXSID40324499 DTXSID50627362 DTXSID20474022 DTXSID50677665 DTXSID20495555 DTXSID00522010 DTXSID90788047 DTXSID60417812
DTXSID20589741	DTXSID10705776 DTXSID40575409 DTXSID30427584 DTXSID00762277 DTXSID30876412 DTXSID30356901 DTXSID10379299 DTXSID50627988 DTXSID70742607 DTXSID50601960 DTXSID60291290 DTXSID90150922 DTXSID50630316 DTXSID70694839 DTXSID00413191 DTXSID40495138 DTXSID50739813 DTXSID30217881 DTXSID80364915 DTXSID20427937
DTXSID40828008	DTXSID30707813 DTXSID40220346 DTXSID30763535 DTXSID80708279 DTXSID20163666 DTXSID30821189 DTXSID00160890 DTXSID40501107 DTXSID80891978 DTXSID80781800 DTXSID30831682 DTXSID8070417 DTXSID00301524 DTXSID80773745 DTXSID90591033 DTXSID60146670 DTXSID00343121 DTXSID40705946 DTXSID40304615 DTXSID90706463
DTXSID60834222	DTXSID50804050 DTXSID10282456 DTXSID50313596 DTXSID30756543 DTXSID80598596 DTXSID70528064 DTXSID00592430 DTXSID20595206 DTXSID40733941 DTXSID40296925 DTXSID10371692 DTXSID90479640 DTXSID50761255 DTXSID50433142 DTXSID40767105 DTXSID80294248 DTXSID60886903 DTXSID00661216 DTXSID40804983 DTXSID10156704
DTXSID80367921	DTXSID60221411 DTXSID40308693 DTXSID30144305 DTXSID20301783 DTXSID80369627 DTXSID10712889 DTXSID50153176 DTXSID50218416 DTXSID20327009 DTXSID40773983 DTXSID80237675 DTXSID60875877 DTXSID80442686 DTXSID80324357 DTXSID20798412 DTXSID10199636 DTXSID10494052 DTXSID50662359 DTXSID80631275 DTXSID40495597
DTXSID80876982	DTXSID40303103 DTXSID20797081 DTXSID00315606 DTXSID50522469 DTXSID90612898 DTXSID90431228 DTXSID00184258 DTXSID90544741 DTXSID30804533 DTXSID10630897 DTXSID30449367 DTXSID20475751 DTXSID50343737 DTXSID20379503 DTXSID20612902 DTXSID70383473 DTXSID60476803 DTXSID80381783 DTXSID00771182 DTXSID40876983
DTXSID70858136	DTXSID10842610 DTXSID20277616 DTXSID50580049 DTXSID30726822 DTXSID90645585 DTXSID10345656 DTXSID40646800 DTXSID60308998 DTXSID50382641 DTXSID90711350 DTXSID70276876 DTXSID30627547 DTXSID90729455 DTXSID90345699 DTXSID90427929 DTXSID30651867 DTXSID90397557 DTXSID70642476 DTXSID70434515 DTXSID70651861
DTXSID60813476	DTXSID30243488 DTXSID10589215 DTXSID00173001 DTXSID40719366 DTXSID60522172 DTXSID50590148 DTXSID20756335 DTXSID80576374 DTXSID30789412 DTXSID20858505 DTXSID40693233 DTXSID60796033 DTXSID60148270 DTXSID70737932 DTXSID20778618 DTXSID70531250 DTXSID90401769 DTXSID10712061 DTXSID80783400 DTXSID60674165
DTXSID10223061	DTXSID80346397 DTXSID90169897 DTXSID30225941 DTXSID3037543 DTXSID30203209 DTXSID90656353 DTXSID10295283 DTXSID10452258 DTXSID90875986 DTXSID80367027 DTXSID50760081 DTXSID00145566 DTXSID10590306 DTXSID10296472 DTXSID90708543 DTXSID20857659 DTXSID60829754 DTXSID50840074 DTXSID70723456 DTXSID90310120
DTXSID80200763	DTXSID30191596 DTXSID70544562 DTXSID30599199 DTXSID50876015 DTXSID90664317 DTXSID30889784 DTXSID00441090 DTXSID30766203 DTXSID3061263 DTXSID00618003 DTXSID00312413 DTXSID70388408 DTXSID20879154 DTXSID50481325 DTXSID50625080 DTXSID80503569 DTXSID80813554 DTXSID50594348 DTXSID50454276 DTXSID70729352
DTXSID00383860	DTXSID90679880 DTXSID30280217 DTXSID20607676 DTXSID40528157 DTXSID80392056 DTXSID40674401 DTXSID70856415 DTXSID70631249 DTXSID20435577 DTXSID80600426 DTXSID90350602 DTXSID50659704 DTXSID90476876 DTXSID20664825 DTXSID30745058 DTXSID50374021 DTXSID70579192 DTXSID20516936 DTXSID40459179 DTXSID00649993
DTXSID70274817	DTXSID00853295 DTXSID50724507 DTXSID60561925 DTXSID80821492 DTXSID60730634 DTXSID50774446 DTXSID30578202 DTXSID90706463 DTXSID00707845 DTXSID70781576 DTXSID80853470 DTXSID90591033 DTXSID6039685 DTXSID80768252 DTXSID80284205 DTXSID8070417 DTXSID8070960 DTXSID60243779 DTXSID10720146 DTXSID10648912
DTXSID80154818	DTXSID80279772 DTXSID50681767 DTXSID40237176 DTXSID20883175 DTXSID80831692 DTXSID20391189 DTXSID70623684 DTXSID40405393 DTXSID40649795 DTXSID10186102 DTXSID10160386 DTXSID20680303 DTXSID80349606 DTXSID80661234 DTXSID50453481 DTXSID40167969 DTXSID70556342 DTXSID90457963 DTXSID50175277 DTXSID00839498
DTXSID00893454	DTXSID60235114 DTXSID90615384 DTXSID20529607 DTXSID90527559 DTXSID00431279 DTXSID10547911 DTXSID9073676 DTXSID60567341 DTXSID20896422 DTXSID30896559 DTXSID80349702 DTXSID80896423 DTXSID20234486 DTXSID70896391 DTXSID00734131 DTXSID90526002 DTXSID60896421 DTXSID80549962 DTXSID80700652 DTXSID30812719
DTXSID40319603	DTXSID8075413 DTXSID40401158 DTXSID10710163 DTXSID00801599 DTXSID40465871 DTXSID90224076 DTXSID80456122 DTXSID30323890 DTXSID90316763 DTXSID40791602 DTXSID80642068 DTXSID50404433 DTXSID20852583 DTXSID50551916 DTXSID60648740 DTXSID20297758 DTXSID00425214 DTXSID00145708 DTXSID20612189 DTXSID90343418
DTXSID50812190	DTXSID40670701 DTXSID50484710 DTXSID10380921 DTXSID60553360 DTXSID10782168 DTXSID60447795 DTXSID20282922 DTXSID10167355 DTXSID90402756 DTXSID40896121 DTXSID30561699 DTXSID70751113 DTXSID20553205 DTXSID60351601 DTXSID0059114 DTXSID50388582 DTXSID70447701 DTXSID80354275 DTXSID80698227 DTXSID40195121
DTXSID10589215	DTXSID50590148 DTXSID60813476 DTXSID20756335 DTXSID10712061 DTXSID30744627 DTXSID20743427 DTXSID30243488 DTXSID60674165 DTXSID90823164 DTXSID00173001 DTXSID30694279 DTXSID40676763 DTXSID40693233 DTXSID60522172 DTXSID70284875 DTXSID40719366 DTXSID50662894 DTXSID60177085 DTXSID80552653 DTXSID20778618
DTXSID70177935	DTXSID40319300 DTXSID40398938 DTXSID50497865 DTXSID80791540 DTXSID40195106 DTXSID70810991 DTXSID80580734 DTXSID10856212 DTXSID30194007 DTXSID20624964 DTXSID00468540 DTXSID50605887 DTXSID90355415 DTXSID10177934 DTXSID30661047 DTXSID70314323 DTXSID70613267 DTXSID50187552 DTXSID10511314 DTXSID30694618
DTXSID50469825	DTXSID10551876 DTXSID40751968 DTXSID70439005 DTXSID20888226 DTXSID70645649 DTXSID20567049 DTXSID30846155 DTXSID60816765 DTXSID30787539 DTXSID20463411 DTXSID70817627 DTXSID50675242 DTXSID1042659 DTXSID00764791 DTXSID80300454 DTXSID40711103 DTXSID90440214 DTXSID30620179 DTXSID00655190 DTXSID00552832
DTXSID80851239	DTXSID80771766 DTXSID00508096 DTXSID40280980 DTXSID00196518 DTXSID50569319 DTXSID90811162 DTXSID20867834 DTXSID80143040 DTXSID30428374 DTXSID40696461 DTXSID50304449 DTXSID70610039 DTXSID30474098 DTXSID70837562 DTXSID70282356 DTXSID40633972 DTXSID60601471 DTXSID70545993 DTXSID90370522 DTXSID10651542
DTXSID70760740	DTXSID40288729 DTXSID60378691 DTXSID9073628 DTXSID20370858 DTXSID9025403 DTXSID7044764 DTXSID70367112 DTXSID10829421 DTXSID10758666 DTXSID80405872 DTXSID90702268 DTXSID90876933 DTXSID20503528 DTXSID00651859 DTXSID70223906 DTXSID30238455 DTXSID00390094 DTXSID60711589 DTXSID40278201 DTXSID00418545
DTXSID10838811	DTXSID00391541 DTXSID20431170 DTXSID80169801 DTXSID90755951 DTXSID60184971 DTXSID40492324 DTXSID10456251 DTXSID30446093 DTXSID00763380 DTXSID40330590 DTXSID50340226 DTXSID10500324 DTXSID40200784 DTXSID20341866 DTXSID50457944 DTXSID90487604 DTXSID70460152 DTXSID60764858 DTXSID90784241 DTXSID60785886
DTXSID70532141	DTXSID00344971 DTXSID20337542 DTXSID50590547 DTXSID60364099 DTXSID80694421 DTXSID70526803 DTXSID30293963 DTXSID80430144 DTXSID60725005 DTXSID40854049 DTXSID30625048 DTXSID40751468 DTXSID40222108 DTXSID80874261 DTXSID40612666 DTXSID00680048 DTXSID70648998 DTXSID50709137 DTXSID60236000 DTXSID20896169
DTXSID10699722	DTXSID50507514 DTXSID90695126 DTXSID30545994 DTXSID10552787 DTXSID20656442 DTXSID10544364 DTXSID3042269 DTXSID00534259 DTXSID90854731 DTXSID70525891 DTXSID50832292 DTXSID10180100 DTXSID60346279 DTXSID00412780 DTXSID10866598 DTXSID40802181 DTXSID70704008 DTXSID20876901 DTXSID80369485 DTXSID10837920
DTXSID20541122	DTXSID20370833 DTXSID30543314 DTXSID00192999 DTXSID30791313 DTXSID90409028 DTXSID90191012 DTXSID10681824 DTXSID00334377 DTXSID40335101 DTXSID60772736 DTXSID30364541 DTXSID50494697 DTXSID00490346 DTXSID50613285 DTXSID20422326 DTXSID5052626 DTXSID0052590 DTXSID20374210 DTXSID80635137 DTXSID00498387
DTXSID00446065	DTXSID10815440 DTXSID10499709 DTXSID70440979 DTXSID70646373 DTXSID80556555 DTXSID70554161 DTXSID20318553 DTXSID70176185 DTXSID50333673 DTXSID50814573 DTXSID80404820 DTXSID70730968 DTXSID60459171 DTXSID50369997 DTXSID50361299 DTXSID60763189 DTXSID50190425 DTXSID70354901 DTXSID8029072 DTXSID70676397
DTXSID00527666	DTXSID4063614 DTXSID10503471 DTXSID70239188 DTXSID50828135 DTXSID30819268 DTXSID80847470 DTXSID20210280 DTXSID00768219 DTXSID8027872 DTXSID30796242 DTXSID70793856 DTXSID60276426 DTXSID40770194 DTXSID10826637 DTXSID00841374 DTXSID50289404 DTXSID40659197 DTXSID70805761 DTXSID20745486 DTXSID10206612
DTXSID6070435	DTXSID50352288 DTXSID80326235 DTXSID80468664 DTXSID1041764 DTXSID60443191 DTXSID10354788 DTXSID00773323 DTXSID90163234 DTXSID20559469 DTXSID40650629 DTXSID60327023 DTXSID60714878 DTXSID10830875 DTXSID10762622 DTXSID20802265 DTXSID40624108 DTXSID10517078 DTXSID70318765 DTXSID70812718 DTXSID40818848
DTXSID90358481	DTXSID4062646 DTXSID00733169 DTXSID60843899 DTXSID90226358 DTXSID00872860 DTXSID90499202 DTXSID90602815 DTXSID30382886 DTXSID70509131 DTXSID20435658 DTXSID50428912 DTXSID80162392 DTXSID40801856 DTXSID80635894 DTXSID00743021 DTXSID60633570 DTXSID50778606 DTXSID70797415 DTXSID00484583 DTXSID00352677
DTXSID00407575	DTXSID80787827 DTXSID40641234 DTXSID00438884 DTXSID70569573 DTXSID50391273 DTXSID30448451 DTXSID60162739 DTXSID50467720 DTXSID70418875 DTXSID00735688 DTXSID70706764 DTXSID80729287 DTXSID80506732 DTXSID40705805 DTXSID10390348 DTXSID50528608 DTXSID00364578 DTXSID90809448 DTXSID20737725 DTXSID30713515
DTXSID10188005	DTXSID80436641 DTXSID20677536 DTXSID20306137 DTXSID00588297 DTXSID40415351 DTXSID30175174 DTXSID50368642 DTXSID10558300 DTXSID90767216 DTXSID10154664 DTXSID70287447 DTXSID90383879 DTXSID80611193 DTXSID70296791 DTXSID00447830 DTXSID60855957 DTXSID60718134 DTXSID70186380 DTXSID80218944 DTXSID00576694
DTXSID80497510	DTXSID30284694 DTXSID70382865 DTXSID30388585 DTXSID20374336 DTXSID70443223 DTXSID70388024 DTXSID60378075 DTXSID50233720 DTXSID30673827 DTXSID1069453 DTXSID70359355 DTXSID10729917 DTXSID30546042 DTXSID80503882 DTXSID60612825 DTXSID40694422 DTXSID20297238 DTXSID60184956 DTXSID40468781 DTXSID20390738
DTXSID80706492	DTXSID30532662 DTXSID10547673 DTXSID30499004 DTXSID90547671 DTXSID80409214 DTXSID00729865 DTXSID20298200 DTXSID6036885 DTXSID70195699 DTXSID80453838 DTXSID90651202 DTXSID90700087 DTXSID30323618 DTXSID60675071 DTXSID20718998 DTXSID80712533 DTXSID10179115 DTXSID00421433 DTXSID60458280 DTXSID50630952
DTXSID70723456	DTXSID80195726 DTXSID80679632 DTXSID20737386 DTXSID50760081 DTXSID30186765 DTXSID80675154 DTXSID10296472 DTXSID70427821 DTXSID70283207 DTXSID10452258 DTXSID40279359 DTXSID3037543 DTXSID90504401 DTXSID70736561 DTXSID30389739 DTXSID90532289 DTXSID10219323 DTXSID00505101 DTXSID60829754 DTXSID10876293
DTXSID00366613	DTXSID1073367 DTXSID90674456 DTXSID50367973 DTXSID20493056 DTXSID00730234 DTXSID10879603 DTXSID40876463 DTXSID40750774 DTXSID90517016 DTXSID40649518 DTXSID00876464 DTXSID00512653 DTXSID10500445 DTXSID30219385 DTXSID50736766 DTXSID10814130 DTXSID20289310 DTXSID20459172 DTXSID40299936 DTXSID90412517
DTXSID80173943	DTXSID70676812 DTXSID30207606 DTXSID70489489 DTXSID80284503 DTXSID70655440 DTXSID40876064 DTXSID20158431 DTXSID10630059 DTXSID70456873 DTXSID70744343 DTXSID70502324 DTXSID40464728 DTXSID50632411 DTXSID10888412 DTXSID80364915 DTXSID70152843 DTXSID70317253 DTXSID70213504 DTXSID50415544 DTXSID80557643
DTXSID20755202	DTXSID60872285 DTXSID20181421 DTXSID10511157 DTXSID10824153 DTXSID50782980 DTXSID20242945 DTXSID60775681 DTXSID50507599 DTXSID80274202 DTXSID50767838 DTXSID60816366 DTXSID30429503 DTXSID7072040 DTXSID60242747 DTXSID10202674 DTXSID90763152 DTXSID60780199 DTXSID00234146 DTXSID10699585 DTXSID40563189
DTXSID50340180	DTXSID50808376 DTXSID90401300 DTXSID4059253 DTXSID40369466 DTXSID40736614 DTXSID40156813 DTXSID30310881 DTXSID40351048 DTXSID80710110 DTXSID90706903 DTXSID50727078 DTXSID60147440 DTXSID90406390 DTXSID90309635 DTXSID90331931 DTXSID80326134 DTXSID50751116 DTXSID20608365 DTXSID50635109 DTXSID30228250
DTXSID50294250	DTXSID80879493 DTXSID10280518 DTXSID70666899 DTXSID70612538 DTXSID80754296 DTXSID60800821 DTXSID90805021 DTXSID10865142 DTXSID00833719 DTXSID70560666 DTXSID80769224 DTXSID60369660 DTXSID00363127 DTXSID00640667 DTXSID60154331 DTXSID90771333 DTXSID00374652 DTXSID50355557 DTXSID00615794 DTXSID20548313
DTXSID20303686	DTXSID10727791 DTXSID80589606 DTXSID40511640 DTXSID00472607 DTXSID10181056 DTXSID80496604 DTXSID10307178 DTXSID30295169 DTXSID60729604 DTXSID80601892 DTXSID70341891 DTXSID40349703 DTXSID50352561 DTXSID20187983 DTXSID10408598 DTXSID00383284 DTXSID20324255 DTXSID70879689 DTXSID70385795 DTXSID40729122
DTXSID70809204	DTXSID70348188 DTXSID50790787 DTXSID9041023 DTXSID00292524 DTXSID70769793 DTXSID80783627 DTXSID50615143 DTXSID70713711 DTXSID40163668 DTXSID20800625 DTXSID20803095 DTXSID80634549 DTXSID10718149 DTXSID80768398 DTXSID60675950 DTXSID10609947 DTXSID40759080 DTXSID2050035 DTXSID10290430 DTXSID90199836
DTXSID90794481	DTXSID60769489 DTXSID30805207 DTXSID20311786 DTXSID50586440 DTXSID00371969 DTXSID10513631 DTXSID60173527 DTXSID90573157 DTXSID40602800 DTXSID3071278 DTXSID10313537 DTXSID10394967 DTXSID10656012 DTXSID70588108 DTXSID90294375 DTXSID10611146 DTXSID60535348 DTXSID90788820 DTXSID40752516 DTXSID10228319
DTXSID10876516	DTXSID70831702 DTXSID90586161 DTXSID20856506 DTXSID30378360 DTXSID90396883 DTXSID70203107 DTXSID40588519 DTXSID00293935 DTXSID70461260 DTXSID70821062 DTXSID00568670 DTXSID60571706 DTXSID40161003 DTXSID00372219 DTXSID50457308 DTXSID30752702 DTXSID80211571 DTXSID00405117 DTXSID10515615 DTXSID60897135
DTXSID80500114	DTXSID60610700 DTXSID50535857 DTXSID10427320 DTXSID20382350 DTXSID90646895 DTXSID80381501 DTXSID10753257 DTXSID20223597 DTXSID80505982 DTXSID90539399 DTXSID00307642 DTXSID90162424 DTXSID40432169 DTXSID00211053 DTXSID60301888 DTXSID60383684 DTXSID40674643 DTXSID60566016 DTXSID30646571 DTXSID00736695
DTXSID60533288	DTXSID50195879 DTXSID70561092 DTXSID90203604 DTXSID50285360 DTXSID10696150 DTXSID10820791 DTXSID10797277 DTXSID20759705 DTXSID60434766 DTXSID60533889 DTXSID30796606 DTXSID20201895 DTXSID40380277 DTXSID70666273 DTXSID50494753 DTXSID20350337 DTXSID20528296 DTXSID50341793 DTXSID50565977 DTXSID80641117
DTXSID60790435	DTXSID00771182 DTXSID00809813 DTXSID50522469 DTXSID50757779 DTXSID20624161 DTXSID40815115 DTXSID50845665 DTXSID40700032 DTXSID20475751 DTXSID10667643 DTXSID90814597 DTXSID40303103 DTXSID80466281 DTXSID60476803 DTXSID80876982 DTXSID10804531 DTXSID90876473 DTXSID40790731 DTXSID10630897 DTXSID50343737
DTXSID8046791	DTXSID20801152 DTXSID90179198 DTXSID40143485 DTXSID60432868 DTXSID4065604 DTXSID20640220 DTXSID6048096 DTXSID00357142 DTXSID70603769 DTXSID80615070 DTXSID70740461 DTXSID70836550 DTXSID50497966 DTXSID60519360 DTXSID80743286 DTXSID40844809 DTXSID40504178 DTXSID3061920 DTXSID40173409 DTXSID00423917
DTXSID80633759	DTXSID60749342 DTXSID00275099 DTXSID90674855 DTXSID40816728 DTXSID30851466 DTXSID00756111 DTXSID10822073 DTXSID90816733 DTXSID70822711 DTXSID50675348 DTXSID20613499 DTXSID90750981 DTXSID10605045 DTXSID30326104 DTXSID10767637 DTXSID90413625 DTXSID90500261 DTXSID20630964 DTXSID30218212 DTXSID80816742
DTXSID90598229	DTXSID30708168 DTXSID00822163 DTXSID20815799 DTXSID50893606 DTXSID00663412 DTXSID50675065 DTXSID90731356 DTXSID70318765 DTXSID30167650 DTXSID80594755 DTXSID20645255 DTXSID80653437 DTXSID80351481 DTXSID40393488 DTXSID10303695 DTXSID40169908 DTXSID60897039 DTXSID50427167 DTXSID20793821 DTXSID10385012
DTXSID30778609	DTXSID60236282 DTXSID70557152 DTXSID50817701 DTXSID70720485 DTXSID50820432 DTXSID90711173 DTXSID50766705 DTXSID80840345 DTXSID60715789 DTXSID60776815 DTXSID40483015 DTXSID10317277 DTXSID90469309 DTXSID20604342 DTXSID20840329 DTXSID60772473 DTXSID80793680 DTXSID50752865 DTXSID00694029 DTXSID50234378
DTXSID90602815	DTXSID00352677 DTXSID00733169 DTXSID90226358 DTXSID30382886 DTXSID00872860 DTXSID00484583 DTXSID50778606 DTXSID60633570 DTXSID90358481 DTXSID60487010 DTXSID4062646 DTXSID80162392 DTXSID20435658 DTXSID50337419 DTXSID8069565 DTXSID40507649 DTXSID30596401 DTXSID00514839 DTXSID70509131 DTXSID10491920
DTXSID90602810	DTXSID30609984 DTXSID70738949 DTXSID80183441 DTXSID20299676 DTXSID10505874 DTXSID70526808 DTXSID60357421 DTXSID20661056 DTXSID90373674 DTXSID10726325 DTXSID90591699 DTXSID80699496 DTXSID70646651 DTXSID10519178 DTXSID80801219 DTXSID00513862 DTXSID40213495 DTXSID50825200 DTXSID30464712 DTXSID30849560
DTXSID40857297	DTXSID10837763 DTXSID90748989 DTXSID50807309 DTXSID50151738 DTXSID00485176 DTXSID50763875 DTXSID60646089 DTXSID10711857 DTXSID80668581 DTXSID40404068 DTXSID50191730 DTXSID00646740 DTXSID50558329 DTXSID70283005 DTXSID20593989 DTXSID80180238 DTXSID70364525 DTXSID40856184 DTXSID50660774 DTXSID80238203
DTXSID20174712	DTXSID40724556 DTXSID10374446 DTXSID50500126 DTXSID50734909 DTXSID00366178 DTXSID50627362 DTXSID60482388 DTXSID20474022 DTXSID80847713 DTXSID00522010 DTXSID60604220 DTXSID00655514 DTXSID90324500 DTXSID80569645 DTXSID90501531 DTXSID20468406 DTXSID90788047 DTXSID60177267 DTXSID20307866 DTXSID80855555
DTXSID50896096	DTXSID20478000 DTXSID2060387 DTXSID50286771 DTXSID50392846 DTXSID40762559 DTXSID50853664 DTXSID80466488 DTXSID80407917 DTXSID80344898 DTXSID40589445 DTXSID00681035 DTXSID60774114 DTXSID00452045 DTXSID60359485 DTXSID70787230 DTXSID10406059 DTXSID50374208 DTXSID90585790 DTXSID20590216 DTXSID90427267
DTXSID30389638	DTXSID20891139 DTXSID30181371 DTXSID00339443 DTXSID70447645 DTXSID70651144 DTXSID60239672 DTXSID50306004 DTXSID80174834 DTXSID00394330 DTXSID70202690 DTXSID20616925 DTXSID40191426 DTXSID90547999 DTXSID00501264 DTXSID00478189 DTXSID30407987 DTXSID30304306 DTXSID60146276 DTXSID80342814 DTXSID40522559
DTXSID70317031	DTXSID50226213 DTXSID20370717 DTXSID60289273 DTXSID30718969 DTXSID1044514 DTXSID60829072 DTXSID70671600 DTXSID40676425 DTXSID60667577 DTXSID10501472 DTXSID70591854 DTXSID90618219 DTXSID50801589 DTXSID10314701 DTXSID40711522 DTXSID30494877 DTXSID20834607 DTXSID70218155 DTXSID70281485 DTXSID40751488
DTXSID60427936	DTXSID00619752 DTXSID30596103 DTXSID10875781 DTXSID40354256 DTXSID00186358 DTXSID40371741 DTXSID60885815 DTXSID20661910 DTXSID30628892 DTXSID30162665 DTXSID50778944 DTXSID60646468 DTXSID20236506 DTXSID80175922 DTXSID10482131 DTXSID00407818 DTXSID30651887 DTXSID70711898 DTXSID50608176 DTXSID30462596
DTXSID50550262	DTXSID30531150 DTXSID30610111 DTXSID6035156 DTXSID40312371 DTXSID50640399 DTXSID70739870 DTXSID40171485 DTXSID50280032 DTXSID70886191 DTXSID70734305 DTXSID20780913 DTXSID70438179 DTXSID00489134 DTXSID20533380 DTXSID70523034 DTXSID80763949 DTXSID00416965 DTXSID00730714 DTXSID60634906 DTXSID40818282
DTXSID00289818	DTXSID50591554 DTXSID70172723 DTXSID50294013 DTXSID6061604 DTXSID50768289 DTXSID0025442 DTXSID80314112 DTXSID90163931 DTXSID00349547 DTXSID10653849 DTXSID00455874 DTXSID20669517 DTXSID80564074 DTXSID50170126 DTXSID80351663 DTXSID20152590 DTXSID50581773 DTXSID60327644 DTXSID30408732 DTXSID70171099
DTXSID20500274	DTXSID30673064 DTXSID30466650 DTXSID80593349 DTXSID00466667 DTXSID40747321 DTXSID90787550 DTXSID00594772 DTXSID90383293 DTXSID90577216 DTXSID30789876 DTXSID10287587 DTXSID00513983 DTXSID10340949 DTXSID00625858 DTXSID30428657 DTXSID10749579 DTXSID9041445 DTXSID30653301 DTXSID60711948 DTXSID40360872
DTXSID20626029	DTXSID50623344 DTXSID30693106 DTXSID80323406 DTXSID20274988 DTXSID80420702 DTXSID40545147 DTXSID10875943 DTXSID60302395 DTXSID00810328 DTXSID00742973 DTXSID00739525 DTXSID40170039 DTXSID70419125 DTXSID90383692 DTXSID20193125 DTXSID60400325 DTXSID80428662 DTXSID20745421 DTXSID00722331 DTXSID60550556
DTXSID30218136	DTXSID10855821 DTXSID80665419 DTXSID60670046 DTXSID10483789 DTXSID20545261 DTXSID70597831 DTXSID60552611 DTXSID80724393 DTXSID90564686 DTXSID10394942 DTXSID10632250 DTXSID60143962 DTXSID50323554 DTXSID60286207 DTXSID00744412 DTXSID3063045 DTXSID00311481 DTXSID50681000 DTXSID70372524 DTXSID00831917
DTXSID50823948	DTXSID00597728 DTXSID10711458 DTXSID60598519 DTXSID40880888 DTXSID00543068 DTXSID50775251 DTXSID80887654 DTXSID90404977 DTXSID10712521 DTXSID50753675 DTXSID50767959 DTXSID10805583 DTXSID70236576 DTXSID9051741 DTXSID3042003 DTXSID7070478 DTXSID50775332 DTXSID30170922 DTXSID3026564 DTXSID40886880
DTXSID5061245	DTXSID90749330 DTXSID10501058 DTXSID40455419 DTXSID40551526 DTXSID00582912 DTXSID20680227 DTXSID20733065 DTXSID30858713 DTXSID30405908 DTXSID50729234 DTXSID5072486 DTXSID90711198 DTXSID20476203 DTXSID10525310 DTXSID50179492 DTXSID20776098 DTXSID60169208 DTXSID10518868 DTXSID20518379 DTXSID60654826
DTXSID20595206	DTXSID10547299 DTXSID00592430 DTXSID10371692 DTXSID90479640 DTXSID20144394 DTXSID30756543 DTXSID40733941 DTXSID80598596 DTXSID50664858 DTXSID40876847 DTXSID50804050 DTXSID40296925 DTXSID50217121 DTXSID40804983 DTXSID40147746 DTXSID50561575 DTXSID60834222 DTXSID50198623 DTXSID00661216 DTXSID50433142
DTXSID40796495	DTXSID10556700 DTXSID4066414 DTXSID00468308 DTXSID40399561 DTXSID50293203 DTXSID60192233 DTXSID50855769 DTXSID50563231 DTXSID50234914 DTXSID30828774 DTXSID50469729 DTXSID40823058 DTXSID10640895 DTXSID50201202 DTXSID3022168 DTXSID10497361 DTXSID60818047 DTXSID10189714 DTXSID80851436 DTXSID90654910
DTXSID60396875	DTXSID30607723 DTXSID90401582 DTXSID30175614 DTXSID70353035 DTXSID00498387 DTXSID60668726 DTXSID30531958 DTXSID70400710 DTXSID80772011 DTXSID90409028 DTXSID20422326 DTXSID40456507 DTXSID20324558 DTXSID50427945 DTXSID00490346 DTXSID10215002 DTXSID40293651 DTXSID20667790 DTXSID00197560 DTXSID30240972
DTXSID20286440	DTXSID10377159 DTXSID80637939 DTXSID10551290 DTXSID40319289 DTXSID60446788 DTXSID70350342 DTXSID60696105 DTXSID90478072 DTXSID60896067 DTXSID40615596 DTXSID30669765 DTXSID60180615 DTXSID00551289 DTXSID20780433 DTXSID00601031 DTXSID80451172 DTXSID00734090 DTXSID90152845 DTXSID50368041 DTXSID90732424
DTXSID30333176	DTXSID40408203 DTXSID10390348 DTXSID00706535 DTXSID20653476 DTXSID20744171 DTXSID30713515 DTXSID20190770 DTXSID6044648 DTXSID70706764 DTXSID20805731 DTXSID70517771 DTXSID40635496 DTXSID80238102 DTXSID90543436 DTXSID40641234 DTXSID90547570 DTXSID40543441 DTXSID80541481 DTXSID20318013 DTXSID20737725
DTXSID20155783	DTXSID30717058 DTXSID80832225 DTXSID20306273 DTXSID30809003 DTXSID30535875 DTXSID20832224 DTXSID00789368 DTXSID20316332 DTXSID40630966 DTXSID00429333 DTXSID90422898 DTXSID50704445 DTXSID40468084 DTXSID00618321 DTXSID70896038 DTXSID10294832 DTXSID00165648 DTXSID90722587 DTXSID30823229 DTXSID30368908
DTXSID20296483	DTXSID80793069 DTXSID80210827 DTXSID10430339 DTXSID40681493 DTXSID3061263 DTXSID60618206 DTXSID30713434 DTXSID30797451 DTXSID50625080 DTXSID50748066 DTXSID70579652 DTXSID70841881 DTXSID10659982 DTXSID80665479 DTXSID00618003 DTXSID50154325 DTXSID40460861 DTXSID60799327 DTXSID90747351 DTXSID10556543
DTXSID10623385	DTXSID20216742 DTXSID60555147 DTXSID80722112 DTXSID60551149 DTXSID60373409 DTXSID40408107 DTXSID20629934 DTXSID20827933 DTXSID80744470 DTXSID40538579 DTXSID20456863 DTXSID40857631 DTXSID30542746 DTXSID40573142 DTXSID50473725 DTXSID10363835 DTXSID20817016 DTXSID00507084 DTXSID30827181 DTXSID90705153
DTXSID40348731	DTXSID90348968 DTXSID10777190 DTXSID90722921 DTXSID70616314 DTXSID80436661 DTXSID90693208 DTXSID10308665 DTXSID30401026 DTXSID00214044 DTXSID30371053 DTXSID90370966 DTXSID30343679 DTXSID60561849 DTXSID20634806 DTXSID70142845 DTXSID00857591 DTXSID10646413 DTXSID80733081 DTXSID00681055 DTXSID40661659
DTXSID70503573	DTXSID90191875 DTXSID70574046 DTXSID30628054 DTXSID70551236 DTXSID80468881 DTXSID80696420 DTXSID00338097 DTXSID30402356 DTXSID90825244 DTXSID50807743 DTXSID60876905 DTXSID80392859 DTXSID50561439 DTXSID40694346 DTXSID20492625 DTXSID20464706 DTXSID70383372 DTXSID20569260 DTXSID70733212 DTXSID00651930
DTXSID80694466	DTXSID90726161 DTXSID90560582 DTXSID50471468 DTXSID20735721 DTXSID90723352 DTXSID20719167 DTXSID30675003 DTXSID20605758 DTXSID20478323 DTXSID50814992 DTXSID10303190 DTXSID30291883 DTXSID10575971 DTXSID40738931 DTXSID40835510 DTXSID70170502 DTXSID50872976 DTXSID80162079 DTXSID10771759 DTXSID70393390
DTXSID00767464	DTXSID30757070 DTXSID20449876 DTXSID00346738 DTXSID30222273 DTXSID30419065 DTXSID70560040 DTXSID90590243 DTXSID80201174 DTXSID20669335 DTXSID0047741 DTXSID90477409 DTXSID20722510 DTXSID7073486 DTXSID70276634 DTXSID50600332 DTXSID10808953 DTXSID10482636 DTXSID80150532 DTXSID00346314 DTXSID80448244
DTXSID20324255	DTXSID90315231 DTXSID90878937 DTXSID70385795 DTXSID80730651 DTXSID30295169 DTXSID40729122 DTXSID80589267 DTXSID10697122 DTXSID10307178 DTXSID40511640 DTXSID50238654 DTXSID10661166 DTXSID40831017 DTXSID80292143 DTXSID40518199 DTXSID80351683 DTXSID10653460 DTXSID30505119 DTXSID80601892 DTXSID60716933
DTXSID70184189	DTXSID90667267 DTXSID00876505 DTXSID70592240 DTXSID00822466 DTXSID90596124 DTXSID60589583 DTXSID80325723 DTXSID70645886 DTXSID50564682 DTXSID20345869 DTXSID60479238 DTXSID10144424 DTXSID50837267 DTXSID60642223 DTXSID00837752 DTXSID90223180 DTXSID40606782 DTXSID40855379 DTXSID50290212 DTXSID40757268
DTXSID10380921	DTXSID90402756 DTXSID60447795 DTXSID40670701 DTXSID60553360 DTXSID70751113 DTXSID50812190 DTXSID50484710 DTXSID80354275 DTXSID70885523 DTXSID40195121 DTXSID10782168 DTXSID40222542 DTXSID60808645 DTXSID70447701 DTXSID60351601 DTXSID50399774 DTXSID80698227 DTXSID90277769 DTXSID30561699 DTXSID20514770
DTXSID40515688	DTXSID50165017 DTXSID60394275 DTXSID00391501 DTXSID60325847 DTXSID70693842 DTXSID80162953 DTXSID30663980 DTXSID10618958 DTXSID20649430 DTXSID80656847 DTXSID30559379 DTXSID90648819 DTXSID90631125 DTXSID10668655 DTXSID80701725 DTXSID80657117 DTXSID40680007 DTXSID30627002 DTXSID20352715 DTXSID80650769
DTXSID30577331	DTXSID20578539 DTXSID20547326 DTXSID40372051 DTXSID30459729 DTXSID90721373 DTXSID30642230 DTXSID60184870 DTXSID80178751 DTXSID30856476 DTXSID00557044 DTXSID90707556 DTXSID80350737 DTXSID20714718 DTXSID60729402 DTXSID80463452 DTXSID70659443 DTXSID20629590 DTXSID30490970 DTXSID40684601 DTXSID40453450
DTXSID00832287	DTXSID00314154 DTXSID30804992 DTXSID90681564 DTXSID80542938 DTXSID50557458 DTXSID70326067 DTXSID60373803 DTXSID00668225 DTXSID30628918 DTXSID80538619 DTXSID80787605 DTXSID40629214 DTXSID80734290 DTXSID20408685 DTXSID90767079 DTXSID10277443 DTXSID60631637 DTXSID60589644 DTXSID80196773 DTXSID70280852
DTXSID30596148	DTXSID90693223 DTXSID90339295 DTXSID30709812 DTXSID10439620 DTXSID30456915 DTXSID50425022 DTXSID90448755 DTXSID40488742 DTXSID10421101 DTXSID20495555 DTXSID00445639 DTXSID50460438 DTXSID70333175 DTXSID10240733 DTXSID70436918 DTXSID20323440 DTXSID10443666 DTXSID60403199 DTXSID00720559 DTXSID60417812
DTXSID60739460	DTXSID70337855 DTXSID70477588 DTXSID20677995 DTXSID80375586 DTXSID60436442 DTXSID40196774 DTXSID90640611 DTXSID20238166 DTXSID40658504 DTXSID10344528 DTXSID00825275 DTXSID60175440 DTXSID40345927 DTXSID50856377 DTXSID90712105 DTXSID70530864 DTXSID50487988 DTXSID60535000 DTXSID50473568 DTXSID80597261
DTXSID30383914	DTXSID00570430 DTXSID70191530 DTXSID50808356 DTXSID40430408 DTXSID40180118 DTXSID70848471 DTXSID10459469 DTXSID50415544 DTXSID80230045 DTXSID80661557 DTXSID70737457 DTXSID80557643 DTXSID40622548 DTXSID20656245 DTXSID00645617 DTXSID90530760 DTXSID60471474 DTXSID10630059 DTXSID50713451 DTXSID40552573
DTXSID00489134	DTXSID40171485 DTXSID50640399 DTXSID70734305 DTXSID40874080 DTXSID30610111 DTXSID20780913 DTXSID10187391 DTXSID50439841 DTXSID30758921 DTXSID60456529 DTXSID70739870 DTXSID70474259 DTXSID10325736 DTXSID50550262 DTXSID40312371 DTXSID10680650 DTXSID40467294 DTXSID30577437 DTXSID20533380 DTXSID50772104
DTXSID20738530	DTXSID30464712 DTXSID70526808 DTXSID00520839 DTXSID50384160 DTXSID70336101 DTXSID90661048 DTXSID90827602 DTXSID60405698 DTXSID80801219 DTXSID70291387 DTXSID80451632 DTXSID70445949 DTXSID40568598 DTXSID80661133 DTXSID30609984 DTXSID60734071 DTXSID90373674 DTXSID20800029 DTXSID60655318 DTXSID50825200
DTXSID10301237	DTXSID50734328 DTXSID60646322 DTXSID90396969 DTXSID40650583 DTXSID70743659 DTXSID10609124 DTXSID40827091 DTXSID20705520 DTXSID70810991 DTXSID20535420 DTXSID50212651 DTXSID70314323 DTXSID10734940 DTXSID50497865 DTXSID90670291 DTXSID00468540 DTXSID70177935 DTXSID80646384 DTXSID40195106 DTXSID80727324
DTXSID50354681	DTXSID50709910 DTXSID30567075 DTXSID00452565 DTXSID10518101 DTXSID70359395 DTXSID50728005 DTXSID70241625 DTXSID50621249 DTXSID40462249 DTXSID00444344 DTXSID70559191 DTXSID30805747 DTXSID20509883 DTXSID20476162 DTXSID80502759 DTXSID20241751 DTXSID50527777 DTXSID40682127 DTXSID00523683 DTXSID30870975
DTXSID00432448	DTXSID70559575 DTXSID50307511 DTXSID20824306 DTXSID80872661 DTXSID70587777 DTXSID10796088 DTXSID50887767 DTXSID20235473 DTXSID0074637 DTXSID80770815 DTXSID90209025 DTXSID30769931 DTXSID40511600 DTXSID60768896 DTXSID10658859 DTXSID10348283 DTXSID00432089 DTXSID10605267 DTXSID20184573 DTXSID80852064
DTXSID40806821	DTXSID90373013 DTXSID50725615 DTXSID00585105 DTXSID30188123 DTXSID30202090 DTXSID60193826 DTXSID40717226 DTXSID50351332 DTXSID60646120 DTXSID00826525 DTXSID60879315 DTXSID70178265 DTXSID40561387 DTXSID30375511 DTXSID20405250 DTXSID90295367 DTXSID90195772 DTXSID80698888 DTXSID00703665 DTXSID40295776
DTXSID70729791	DTXSID60737648 DTXSID60226204 DTXSID10554766 DTXSID70452719 DTXSID60456529 DTXSID50852157 DTXSID70603527 DTXSID30577437 DTXSID50772104 DTXSID60446501 DTXSID10818517 DTXSID30758921 DTXSID70305695 DTXSID90567430 DTXSID50311754 DTXSID10187391 DTXSID90459043 DTXSID40874080 DTXSID60422946 DTXSID00501860
DTXSID20599345	DTXSID30663369 DTXSID20759801 DTXSID80279373 DTXSID50663780 DTXSID6069406 DTXSID00231438 DTXSID70349413 DTXSID60347781 DTXSID40530477 DTXSID90807803 DTXSID40845472 DTXSID00377486 DTXSID40165147 DTXSID70840798 DTXSID10721916 DTXSID30885241 DTXSID90827869 DTXSID40427651 DTXSID90749597 DTXSID00484725
DTXSID20403610	DTXSID20648620 DTXSID10604336 DTXSID80879731 DTXSID00389105 DTXSID60608324 DTXSID00502857 DTXSID10444037 DTXSID00429050 DTXSID70710927 DTXSID50534365 DTXSID80289396 DTXSID40560350 DTXSID30356764 DTXSID70516784 DTXSID90611407 DTXSID80563507 DTXSID50285047 DTXSID80855090 DTXSID80489637 DTXSID20640467
DTXSID50355557	DTXSID00313622 DTXSID80769224 DTXSID50552847 DTXSID70495863 DTXSID60656749 DTXSID00539461 DTXSID00182971 DTXSID00640667 DTXSID00425279 DTXSID70612538 DTXSID80627799 DTXSID00615794 DTXSID60281555 DTXSID60640062 DTXSID60800821 DTXSID70651745 DTXSID50436431 DTXSID60571408 DTXSID30649502 DTXSID0059081
DTXSID30431328	DTXSID00210001 DTXSID30851340 DTXSID70580602 DTXSID50778626 DTXSID50797998 DTXSID90221166 DTXSID60775383 DTXSID70484939 DTXSID90176243 DTXSID70276210 DTXSID80694027 DTXSID00840362 DTXSID3070418 DTXSID70395056 DTXSID50853942 DTXSID20675951 DTXSID50812175 DTXSID00787248 DTXSID20288823 DTXSID30615146
DTXSID20718317	DTXSID20222383 DTXSID80438847 DTXSID40819113 DTXSID70883463 DTXSID20278062 DTXSID10426979 DTXSID20362556 DTXSID50545799 DTXSID90825769 DTXSID10371152 DTXSID70589594 DTXSID40358815 DTXSID20572759 DTXSID50462957 DTXSID10345131 DTXSID00879470 DTXSID00372673 DTXSID3063045 DTXSID60454621 DTXSID50375432
DTXSID20739229	DTXSID70534660 DTXSID10403129 DTXSID10527213 DTXSID90728665 DTXSID70496097 DTXSID80524375 DTXSID00598513 DTXSID30874352 DTXSID90215565 DTXSID40854463 DTXSID40766279 DTXSID10440059 DTXSID20560212 DTXSID60407056 DTXSID30589575 DTXSID50694418 DTXSID90171935 DTXSID20444048 DTXSID80765908 DTXSID30184524
DTXSID60427855	DTXSID8041323 DTXSID00276783 DTXSID60618160 DTXSID90622492 DTXSID20568637 DTXSID60669213 DTXSID20727989 DTXSID90462572 DTXSID80570918 DTXSID40454942 DTXSID20438164 DTXSID90152749 DTXSID00174816 DTXSID50401109 DTXSID80549528 DTXSID80626202 DTXSID90540400 DTXSID20363508 DTXSID30382301 DTXSID10607786
DTXSID90696310	DTXSID90453768 DTXSID20834965 DTXSID70874098 DTXSID80554157 DTXSID60635918 DTXSID50649605 DTXSID60540114 DTXSID50528446 DTXSID50651006 DTXSID10829527 DTXSID1025693 DTXSID10144383 DTXSID50277442 DTXSID60649439 DTXSID90824055 DTXSID90289180 DTXSID10428534 DTXSID10834858 DTXSID50215283 DTXSID90567930
DTXSID10650333	DTXSID50509235 DTXSID20514831 DTXSID50541579 DTXSID30157793 DTXSID40712115 DTXSID50368647 DTXSID40545687 DTXSID20841538 DTXSID40517344 DTXSID50680477 DTXSID60876066 DTXSID60707341 DTXSID30350808 DTXSID80883717 DTXSID90323199 DTXSID90440991 DTXSID80391302 DTXSID30726443 DTXSID60816780 DTXSID10579015
DTXSID80354715	DTXSID90396409 DTXSID50678379 DTXSID90362422 DTXSID60705544 DTXSID00511085 DTXSID40508934 DTXSID50524963 DTXSID30350580 DTXSID90457286 DTXSID40650068 DTXSID40556990 DTXSID00166478 DTXSID70721139 DTXSID90567016 DTXSID70165837 DTXSID80358899 DTXSID30885241 DTXSID70671842 DTXSID60183868 DTXSID20295274
DTXSID30742365	DTXSID20807311 DTXSID50653949 DTXSID20294540 DTXSID30527699 DTXSID90805602 DTXSID80465552 DTXSID10742747 DTXSID20695831 DTXSID80422327 DTXSID60587524 DTXSID70530864 DTXSID30311434 DTXSID60664203 DTXSID5051602 DTXSID50332560 DTXSID20198872 DTXSID50208236 DTXSID50849249 DTXSID10396481 DTXSID90481965
DTXSID80442020	DTXSID90720280 DTXSID80624889 DTXSID30813069 DTXSID10567932 DTXSID10213689 DTXSID30406096 DTXSID70605021 DTXSID70578802 DTXSID90294037 DTXSID60510918 DTXSID60202720 DTXSID40343786 DTXSID20478080 DTXSID20383281 DTXSID80841231 DTXSID50679866 DTXSID70285706 DTXSID30639766 DTXSID30851865 DTXSID90364027
DTXSID00814942	DTXSID80552279 DTXSID40534915 DTXSID30639589 DTXSID20495494 DTXSID10472219 DTXSID10544465 DTXSID30524340 DTXSID30737771 DTXSID80450948 DTXSID20340096 DTXSID4062519 DTXSID20636986 DTXSID60481437 DTXSID40791748 DTXSID80771201 DTXSID60228420 DTXSID10818299 DTXSID30525231 DTXSID90487604 DTXSID40492324
DTXSID00622867	DTXSID50629068 DTXSID40429296 DTXSID40831017 DTXSID20509202 DTXSID80351683 DTXSID9046865 DTXSID80292143 DTXSID30208956 DTXSID20431074 DTXSID60745268 DTXSID50238654 DTXSID80730651 DTXSID90159298 DTXSID90198723 DTXSID90174022 DTXSID60716933 DTXSID10307991 DTXSID10506922 DTXSID10661166 DTXSID70788823
DTXSID10661166	DTXSID20431074 DTXSID30672274 DTXSID80589267 DTXSID80378471 DTXSID90706165 DTXSID40593845 DTXSID10506922 DTXSID80351683 DTXSID10307991 DTXSID80896049 DTXSID20857311 DTXSID50629068 DTXSID50372082 DTXSID80615318 DTXSID40294108 DTXSID40520530 DTXSID00281054 DTXSID90878937 DTXSID80492207 DTXSID00622867
DTXSID10661161	DTXSID30344146 DTXSID30757277 DTXSID60395181 DTXSID70528382 DTXSID00365924 DTXSID30315977 DTXSID70211469 DTXSID40630906 DTXSID80823330 DTXSID70741539 DTXSID00566171 DTXSID40563927 DTXSID90238315 DTXSID40321226 DTXSID50434311 DTXSID10238155 DTXSID20654822 DTXSID00633796 DTXSID10561854 DTXSID10560827
DTXSID50352682	DTXSID0062139 DTXSID80528671 DTXSID60489296 DTXSID80299652 DTXSID80593521 DTXSID40175741 DTXSID50356468 DTXSID50534365 DTXSID00559528 DTXSID60542759 DTXSID00305805 DTXSID80289396 DTXSID10180923 DTXSID00502857 DTXSID00669237 DTXSID10604336 DTXSID20500057 DTXSID80855090 DTXSID00389105 DTXSID80457351
DTXSID00513589	DTXSID40787722 DTXSID60757684 DTXSID90358168 DTXSID70191611 DTXSID60848460 DTXSID50841824 DTXSID90680572 DTXSID20668040 DTXSID20641272 DTXSID80378714 DTXSID70545195 DTXSID00373802 DTXSID70452633 DTXSID40829772 DTXSID70196484 DTXSID80744157 DTXSID40607633 DTXSID20702716 DTXSID20559702 DTXSID70733717
DTXSID80208300	DTXSID10711433 DTXSID30819187 DTXSID90302949 DTXSID10575971 DTXSID00320477 DTXSID00510558 DTXSID20699051 DTXSID40835510 DTXSID20734618 DTXSID0060066 DTXSID70877569 DTXSID50814992 DTXSID50534885 DTXSID10653869 DTXSID90723352 DTXSID30727894 DTXSID90702066 DTXSID70703874 DTXSID60678188 DTXSID9051745
DTXSID80198156	DTXSID2065757 DTXSID60562871 DTXSID50762621 DTXSID40818368 DTXSID60181147 DTXSID20337704 DTXSID6069826 DTXSID90780425 DTXSID50652477 DTXSID50853942 DTXSID00160532 DTXSID90758447 DTXSID00601051 DTXSID70276210 DTXSID40835535 DTXSID60775383 DTXSID90634898 DTXSID30609742 DTXSID50239186 DTXSID1041398
DTXSID10321879	DTXSID60609316 DTXSID60424884 DTXSID50651304 DTXSID80723765 DTXSID20218842 DTXSID30327237 DTXSID40546790 DTXSID00614525 DTXSID6062672 DTXSID60415939 DTXSID20595640 DTXSID20801894 DTXSID70236692 DTXSID00739949 DTXSID10310021 DTXSID40530331 DTXSID90208553 DTXSID10555314 DTXSID00285491 DTXSID90400712
DTXSID60312575	DTXSID70640290 DTXSID30238455 DTXSID00390094 DTXSID60532832 DTXSID40452140 DTXSID10675349 DTXSID80537122 DTXSID10338109 DTXSID70602636 DTXSID40288729 DTXSID20903968 DTXSID90577938 DTXSID10201521 DTXSID00473578 DTXSID9025403 DTXSID50560644 DTXSID10867661 DTXSID40522559 DTXSID90547999 DTXSID10806994
DTXSID50378741	DTXSID70159413 DTXSID80444004 DTXSID2024791 DTXSID40468009 DTXSID00305805 DTXSID60542759 DTXSID3057692 DTXSID80777521 DTXSID10471545 DTXSID70655400 DTXSID80742077 DTXSID30638613 DTXSID60454661 DTXSID90484012 DTXSID70721134 DTXSID10498176 DTXSID10181490 DTXSID00110032 DTXSID0062139 DTXSID90483020
DTXSID80440703	DTXSID70282538 DTXSID50473503 DTXSID50701217 DTXSID10529858 DTXSID90718526 DTXSID30385655 DTXSID70360269 DTXSID90213687 DTXSID80786658 DTXSID00781261 DTXSID10568641 DTXSID10698513 DTXSID40386395 DTXSID1052664 DTXSID60570299 DTXSID30388904 DTXSID70858070 DTXSID10335956 DTXSID50462639 DTXSID50150201
DTXSID70379053	DTXSID40786316 DTXSID80402341 DTXSID30201705 DTXSID70642456 DTXSID00697813 DTXSID30757297 DTXSID50559694 DTXSID30818574 DTXSID80795366 DTXSID60695476 DTXSID70835922 DTXSID60786151 DTXSID30496230 DTXSID90578445 DTXSID50656218 DTXSID30313034 DTXSID30849888 DTXSID90182288 DTXSID40276348 DTXSID80577280
DTXSID80737983	DTXSID10165497 DTXSID70280034 DTXSID60886165 DTXSID00885839 DTXSID40470283 DTXSID90278357 DTXSID00815070 DTXSID40611977 DTXSID70316685 DTXSID60315304 DTXSID60582711 DTXSID70392702 DTXSID60580217 DTXSID60694484 DTXSID10728622 DTXSID30234270 DTXSID80327409 DTXSID1051692 DTXSID8034746 DTXSID90675241
DTXSID60473115	DTXSID70165236 DTXSID50818359 DTXSID00631737 DTXSID90547797 DTXSID00181464 DTXSID20212022 DTXSID2047016 DTXSID20363508 DTXSID70147895 DTXSID40297775 DTXSID90462572 DTXSID70724089 DTXSID80354876 DTXSID20295517 DTXSID60470523 DTXSID90622492 DTXSID20369429 DTXSID60295354 DTXSID60722099 DTXSID00461238
DTXSID50397735	DTXSID90400712 DTXSID80450049 DTXSID60833316 DTXSID00277659 DTXSID60415939 DTXSID90620534 DTXSID20352992 DTXSID20790592 DTXSID10703373 DTXSID70506822 DTXSID70170209 DTXSID00858129 DTXSID90293308 DTXSID10361270 DTXSID20801894 DTXSID10512301 DTXSID60609316 DTXSID30327237 DTXSID00739949 DTXSID90509411
DTXSID20481190	DTXSID80364490 DTXSID40826463 DTXSID00154719 DTXSID80699370 DTXSID50454695 DTXSID10617229 DTXSID70342626 DTXSID90316182 DTXSID40625731 DTXSID80611310 DTXSID10448414 DTXSID50282854 DTXSID80289376 DTXSID20290527 DTXSID60651118 DTXSID50650796 DTXSID10515256 DTXSID80480689 DTXSID00781261 DTXSID50552024
DTXSID40522559	DTXSID90577938 DTXSID70434151 DTXSID70711419 DTXSID00559245 DTXSID30304306 DTXSID10201521 DTXSID20797743 DTXSID40191426 DTXSID80537122 DTXSID50306004 DTXSID20891139 DTXSID90547999 DTXSID80324271 DTXSID10338109 DTXSID80174834 DTXSID70602636 DTXSID00473578 DTXSID70447645 DTXSID60532832 DTXSID00865494
DTXSID70318765	DTXSID60714878 DTXSID10830875 DTXSID20802265 DTXSID80291373 DTXSID40393488 DTXSID90163234 DTXSID40737303 DTXSID20793821 DTXSID10148321 DTXSID90731356 DTXSID10303695 DTXSID70469908 DTXSID60327023 DTXSID70891588 DTXSID20559469 DTXSID40650629 DTXSID70373576 DTXSID90598229 DTXSID10517078 DTXSID80468664
DTXSID00220160	DTXSID80661158 DTXSID20800029 DTXSID70291387 DTXSID40568598 DTXSID90661048 DTXSID80451632 DTXSID70791312 DTXSID70336101 DTXSID50472117 DTXSID80661133 DTXSID10495286 DTXSID50384160 DTXSID20547326 DTXSID60670142 DTXSID70680914 DTXSID80670260 DTXSID20629590 DTXSID90721373 DTXSID50456533 DTXSID10592880
DTXSID10170304	DTXSID20403231 DTXSID70734123 DTXSID30460875 DTXSID1066786 DTXSID90443664 DTXSID30556343 DTXSID30760367 DTXSID90407241 DTXSID10316184 DTXSID40706150 DTXSID20380033 DTXSID60842544 DTXSID70513854 DTXSID30585375 DTXSID50374804 DTXSID30418073 DTXSID30627507 DTXSID30836834 DTXSID00278323 DTXSID10305598
DTXSID90738901	DTXSID20701062 DTXSID80241994 DTXSID00854782 DTXSID30662498 DTXSID3060667 DTXSID30336223 DTXSID30400357 DTXSID90693561 DTXSID50378827 DTXSID60874628 DTXSID10843167 DTXSID60430268 DTXSID00504311 DTXSID30294197 DTXSID40637430 DTXSID30398346 DTXSID20336777 DTXSID20719162 DTXSID10606310 DTXSID70848835
DTXSID90738906	DTXSID40379404 DTXSID00223994 DTXSID60550733 DTXSID80783708 DTXSID00550732 DTXSID30201402 DTXSID80201174 DTXSID0047741 DTXSID70886030 DTXSID2052447 DTXSID20476203 DTXSID80407876 DTXSID0044153 DTXSID30222273 DTXSID50573193 DTXSID2022127 DTXSID50729234 DTXSID20518379 DTXSID40851134 DTXSID30453383
DTXSID30418775	DTXSID30811020 DTXSID20835912 DTXSID80348497 DTXSID40613335 DTXSID00480065 DTXSID30465360 DTXSID50719099 DTXSID10627005 DTXSID90700688 DTXSID30554167 DTXSID00373721 DTXSID50302703 DTXSID80752499 DTXSID50727159 DTXSID20618585 DTXSID20707948 DTXSID80485831 DTXSID00669338 DTXSID60487459 DTXSID40663532
DTXSID30402356	DTXSID20569260 DTXSID80392859 DTXSID20464706 DTXSID40511105 DTXSID60876905 DTXSID70551236 DTXSID30628054 DTXSID50561439 DTXSID80743286 DTXSID00338097 DTXSID70733212 DTXSID00651930 DTXSID70503573 DTXSID10160907 DTXSID70797415 DTXSID40694346 DTXSID90191875 DTXSID10585474 DTXSID90640535 DTXSID20492625
DTXSID20162654	DTXSID50543058 DTXSID70491880 DTXSID10561894 DTXSID60735008 DTXSID60204269 DTXSID50556547 DTXSID50651021 DTXSID50153696 DTXSID20356910 DTXSID20876269 DTXSID40831916 DTXSID00831917 DTXSID50308280 DTXSID90598663 DTXSID40764472 DTXSID50681000 DTXSID00744412 DTXSID80664341 DTXSID80407255 DTXSID10607802
DTXSID20550310	DTXSID30639701 DTXSID30675245 DTXSID80630541 DTXSID40544695 DTXSID00190899 DTXSID40815312 DTXSID60486664 DTXSID60682265 DTXSID10313532 DTXSID60457071 DTXSID10765032 DTXSID30502461 DTXSID20582919 DTXSID80198656 DTXSID00197762 DTXSID90798186 DTXSID60866760 DTXSID20793487 DTXSID40239670 DTXSID90705799
DTXSID70400336	DTXSID9068742 DTXSID30828991 DTXSID80346776 DTXSID10364706 DTXSID00604284 DTXSID00571028 DTXSID70712704 DTXSID10708267 DTXSID40322470 DTXSID50818117 DTXSID30606231 DTXSID5066748 DTXSID00444107 DTXSID80407917 DTXSID60674125 DTXSID90427267 DTXSID20590216 DTXSID40762559 DTXSID50684233 DTXSID60634123
DTXSID30855843	DTXSID50623586 DTXSID50381154 DTXSID10352183 DTXSID50420133 DTXSID10708141 DTXSID80657213 DTXSID30170023 DTXSID20776795 DTXSID00503940 DTXSID70876097 DTXSID30618773 DTXSID10743870 DTXSID40829196 DTXSID40181286 DTXSID20680621 DTXSID80180798 DTXSID90200198 DTXSID40552573 DTXSID00755947 DTXSID50178662
DTXSID90199836	DTXSID40286023 DTXSID80768398 DTXSID30532369 DTXSID00750538 DTXSID20800625 DTXSID20217653 DTXSID4063870 DTXSID50759096 DTXSID80723124 DTXSID60611979 DTXSID70467883 DTXSID50730860 DTXSID00200462 DTXSID00231493 DTXSID00292524 DTXSID20179000 DTXSID30893008 DTXSID80634549 DTXSID8034746 DTXSID70785433
DTXSID80718212	DTXSID60744413 DTXSID90585790 DTXSID80648005 DTXSID40589748 DTXSID50818117 DTXSID50684233 DTXSID90561630 DTXSID70811307 DTXSID00604284 DTXSID00444107 DTXSID90373750 DTXSID80346776 DTXSID90276479 DTXSID90427267 DTXSID10364706 DTXSID50374208 DTXSID60820660 DTXSID40322470 DTXSID00681035 DTXSID50286771
DTXSID50627362	DTXSID00522010 DTXSID10374446 DTXSID80569645 DTXSID20174712 DTXSID60482388 DTXSID90788047 DTXSID50500126 DTXSID00366178 DTXSID90324500 DTXSID60177267 DTXSID20332552 DTXSID90874217 DTXSID90501531 DTXSID00655514 DTXSID90344864 DTXSID40724556 DTXSID40324499 DTXSID80598798 DTXSID40521749 DTXSID10777655
DTXSID20235473	DTXSID60768896 DTXSID80852064 DTXSID80872661 DTXSID40511600 DTXSID10796088 DTXSID60423817 DTXSID70559575 DTXSID00432448 DTXSID30210675 DTXSID10605267 DTXSID50307511 DTXSID40707566 DTXSID30769931 DTXSID20896780 DTXSID70866337 DTXSID20889036 DTXSID20824306 DTXSID10348283 DTXSID50432918 DTXSID50753837
DTXSID90490996	DTXSID60290364 DTXSID8047717 DTXSID50788008 DTXSID70333716 DTXSID30823264 DTXSID90280854 DTXSID70720440 DTXSID40322596 DTXSID90334321 DTXSID40547121 DTXSID00842240 DTXSID20880629 DTXSID40186074 DTXSID90178843 DTXSID10503451 DTXSID60445433 DTXSID30434511 DTXSID20475594 DTXSID70278193 DTXSID40289256
DTXSID10498176	DTXSID00110032 DTXSID70655400 DTXSID90484012 DTXSID80777521 DTXSID30638613 DTXSID10471545 DTXSID20285377 DTXSID80439197 DTXSID60168776 DTXSID50742761 DTXSID60526594 DTXSID90396484 DTXSID80742077 DTXSID40462704 DTXSID50481880 DTXSID50464411 DTXSID10375019 DTXSID50824718 DTXSID60199601 DTXSID20291539
DTXSID80598596	DTXSID30756543 DTXSID40296925 DTXSID00661216 DTXSID10371692 DTXSID10282456 DTXSID50433142 DTXSID50804050 DTXSID80756058 DTXSID40876847 DTXSID20595206 DTXSID20144394 DTXSID10325094 DTXSID60834222 DTXSID10547299 DTXSID90479640 DTXSID80294248 DTXSID50761255 DTXSID30541491 DTXSID9021712 DTXSID80822580
DTXSID90626950	DTXSID50697161 DTXSID60625354 DTXSID20180474 DTXSID4060739 DTXSID90374045 DTXSID40794991 DTXSID60365925 DTXSID40360872 DTXSID50873509 DTXSID90748782 DTXSID70657121 DTXSID90614711 DTXSID50230830 DTXSID60443631 DTXSID20840849 DTXSID00350315 DTXSID80391327 DTXSID90375138 DTXSID60835436 DTXSID20624303
DTXSID50170540	DTXSID00700114 DTXSID90540400 DTXSID80549528 DTXSID40454942 DTXSID90152749 DTXSID20356697 DTXSID60669213 DTXSID30631402 DTXSID00287793 DTXSID00366416 DTXSID00174816 DTXSID10619405 DTXSID80385004 DTXSID80570918 DTXSID20372397 DTXSID30488256 DTXSID30618253 DTXSID60295354 DTXSID00676663 DTXSID30382301
DTXSID60618529	DTXSID60351681 DTXSID20354471 DTXSID00508773 DTXSID50225620 DTXSID20168772 DTXSID70781915 DTXSID00664580 DTXSID00520894 DTXSID50683468 DTXSID20488386 DTXSID10506361 DTXSID10565317 DTXSID50464178 DTXSID40726050 DTXSID20676867 DTXSID20642128 DTXSID50452131 DTXSID50342189 DTXSID00825816 DTXSID20514770
DTXSID10733074	DTXSID70708324 DTXSID20656366 DTXSID80299970 DTXSID00725605 DTXSID10519254 DTXSID70611081 DTXSID80640201 DTXSID70647688 DTXSID60536719 DTXSID10452955 DTXSID60813077 DTXSID40446064 DTXSID30511452 DTXSID70408650 DTXSID20645871 DTXSID60800068 DTXSID60550096 DTXSID90848559 DTXSID2072881 DTXSID40407377
DTXSID60896067	DTXSID00734090 DTXSID10551290 DTXSID30669765 DTXSID60446788 DTXSID00551289 DTXSID80637939 DTXSID20450083 DTXSID50400490 DTXSID20286440 DTXSID80351481 DTXSID80594755 DTXSID10377159 DTXSID40319289 DTXSID90732424 DTXSID70350342 DTXSID10695340 DTXSID90570505 DTXSID40743606 DTXSID30167650 DTXSID30664371
DTXSID80274202	DTXSID60816366 DTXSID40563189 DTXSID60775681 DTXSID60780199 DTXSID60276143 DTXSID60242747 DTXSID0067503 DTXSID00629477 DTXSID30429503 DTXSID00829132 DTXSID90763152 DTXSID10202674 DTXSID20197406 DTXSID10872659 DTXSID90602057 DTXSID10890999 DTXSID20242521 DTXSID10511157 DTXSID20755202 DTXSID60872285
DTXSID80585729	DTXSID40775720 DTXSID70505077 DTXSID30600895 DTXSID00446909 DTXSID80436883 DTXSID00375386 DTXSID10805644 DTXSID80563921 DTXSID70485608 DTXSID20383463 DTXSID30769214 DTXSID20567408 DTXSID60883917 DTXSID00762792 DTXSID20674247 DTXSID40440067 DTXSID80578333 DTXSID70549451 DTXSID00565760 DTXSID60395601
DTXSID90312927	DTXSID40877197 DTXSID70889001 DTXSID60161040 DTXSID60875812 DTXSID30789432 DTXSID40376130 DTXSID10896395 DTXSID90794628 DTXSID60896042 DTXSID00430101 DTXSID30889002 DTXSID30317294 DTXSID30897546 DTXSID90222451 DTXSID40876645 DTXSID50523178 DTXSID20875813 DTXSID3072242 DTXSID40752516 DTXSID00851251
DTXSID10241008	DTXSID10673926 DTXSID30612413 DTXSID80792577 DTXSID10479400 DTXSID30497308 DTXSID50888532 DTXSID30560844 DTXSID60193886 DTXSID40674047 DTXSID80852645 DTXSID60796033 DTXSID30225522 DTXSID90401769 DTXSID50653984 DTXSID70737932 DTXSID00403214 DTXSID00320477 DTXSID10322225 DTXSID70877569 DTXSID30520463
DTXSID50846839	DTXSID80464787 DTXSID20895511 DTXSID70647749 DTXSID20508230 DTXSID50526447 DTXSID80206947 DTXSID30194385 DTXSID70561315 DTXSID30583679 DTXSID20357220 DTXSID80345264 DTXSID00495098 DTXSID50571472 DTXSID30199118 DTXSID70341755 DTXSID40824282 DTXSID90473567 DTXSID50533277 DTXSID10287204 DTXSID00614161
DTXSID90654910	DTXSID40823058 DTXSID80851436 DTXSID40596033 DTXSID60818047 DTXSID30287165 DTXSID70598186 DTXSID00468308 DTXSID10556700 DTXSID4066414 DTXSID80284801 DTXSID70226876 DTXSID40207955 DTXSID50157477 DTXSID50563231 DTXSID40796495 DTXSID30828774 DTXSID50293203 DTXSID50181631 DTXSID50201202 DTXSID20281692
DTXSID10307537	DTXSID60340196 DTXSID80589580 DTXSID00511328 DTXSID40304150 DTXSID50639945 DTXSID40504138 DTXSID50810611 DTXSID50680477 DTXSID80883717 DTXSID80486469 DTXSID50368783 DTXSID10174660 DTXSID10285503 DTXSID10579015 DTXSID80740972 DTXSID20514831 DTXSID90731876 DTXSID60193508 DTXSID20841538 DTXSID00879551
DTXSID30593394	DTXSID20734330 DTXSID30704004 DTXSID20667735 DTXSID10798188 DTXSID70354880 DTXSID20504116 DTXSID10506048 DTXSID10820094 DTXSID70836510 DTXSID80431070 DTXSID60877336 DTXSID90398180 DTXSID40212084 DTXSID70398406 DTXSID60893915 DTXSID20530950 DTXSID3052355 DTXSID70757352 DTXSID40315180 DTXSID20526914
DTXSID40387802	DTXSID20896184 DTXSID00841995 DTXSID20405250 DTXSID20296241 DTXSID90841565 DTXSID70615746 DTXSID20720470 DTXSID90295367 DTXSID60193826 DTXSID00532750 DTXSID70368043 DTXSID40806821 DTXSID50725615 DTXSID90371170 DTXSID00585105 DTXSID70342328 DTXSID90373013 DTXSID90195772 DTXSID50300204 DTXSID70178265
DTXSID10475568	DTXSID70436918 DTXSID50448771 DTXSID10454999 DTXSID30181735 DTXSID80228265 DTXSID60403199 DTXSID60651597 DTXSID70651442 DTXSID30456915 DTXSID80493395 DTXSID40396010 DTXSID20732598 DTXSID60522556 DTXSID60633570 DTXSID50556143 DTXSID30596401 DTXSID10240733 DTXSID90559138 DTXSID90693223 DTXSID00621052
DTXSID80399161	DTXSID70502400 DTXSID4059540 DTXSID00203059 DTXSID10864690 DTXSID50858836 DTXSID30839224 DTXSID10647309 DTXSID80733465 DTXSID20642042 DTXSID20675239 DTXSID80756533 DTXSID60499097 DTXSID50423907 DTXSID50703291 DTXSID4041232 DTXSID90445022 DTXSID10145133 DTXSID50761013 DTXSID60887995 DTXSID10301010
DTXSID40163406	DTXSID70487304 DTXSID00715541 DTXSID40455873 DTXSID00507064 DTXSID80660707 DTXSID10599056 DTXSID30753395 DTXSID00701883 DTXSID60761685 DTXSID70563071 DTXSID90536565 DTXSID20503927 DTXSID90375214 DTXSID50701934 DTXSID90825880 DTXSID20540059 DTXSID10144949 DTXSID00197808 DTXSID30463806 DTXSID50365777
DTXSID00307723	DTXSID00421579 DTXSID60593084 DTXSID30584969 DTXSID40594852 DTXSID30624394 DTXSID70747839 DTXSID20794818 DTXSID90322162 DTXSID70571636 DTXSID00234328 DTXSID3061683 DTXSID20873935 DTXSID20722459 DTXSID1023233 DTXSID40556793 DTXSID10318623 DTXSID90783517 DTXSID80675912 DTXSID10808392 DTXSID20453190
DTXSID10577450	DTXSID00632966 DTXSID30865700 DTXSID20613499 DTXSID60795081 DTXSID40816728 DTXSID50816734 DTXSID60536552 DTXSID30851466 DTXSID40636908 DTXSID70709896 DTXSID00787066 DTXSID00756111 DTXSID90796788 DTXSID50811567 DTXSID70842010 DTXSID00161882 DTXSID80742456 DTXSID10822073 DTXSID90500261 DTXSID40776631
DTXSID20523529	DTXSID30850858 DTXSID60523528 DTXSID10600494 DTXSID90750769 DTXSID50476377 DTXSID00523527 DTXSID70193216 DTXSID30639049 DTXSID40523526 DTXSID80766713 DTXSID50479464 DTXSID30766546 DTXSID70765735 DTXSID80806628 DTXSID70596485 DTXSID20468941 DTXSID40739943 DTXSID10851661 DTXSID20565303 DTXSID30519534
DTXSID30290992	DTXSID10296836 DTXSID70784229 DTXSID50396228 DTXSID20429673 DTXSID1060712 DTXSID50351332 DTXSID30557991 DTXSID90625963 DTXSID30188123 DTXSID90474094 DTXSID00876626 DTXSID00806822 DTXSID30727910 DTXSID10367090 DTXSID60879315 DTXSID60646120 DTXSID20705222 DTXSID40295776 DTXSID90763672 DTXSID10586542
DTXSID90530942	DTXSID70565833 DTXSID50693663 DTXSID1051800 DTXSID10391618 DTXSID50858472 DTXSID50502221 DTXSID80506131 DTXSID50798425 DTXSID80342879 DTXSID7068001 DTXSID90328629 DTXSID50528269 DTXSID60606582 DTXSID10880678 DTXSID70651568 DTXSID60557242 DTXSID90847486 DTXSID80885913 DTXSID80795720 DTXSID50766366
DTXSID70751113	DTXSID90402756 DTXSID80354275 DTXSID10380921 DTXSID40195121 DTXSID20514770 DTXSID40670701 DTXSID40462946 DTXSID70447701 DTXSID90724384 DTXSID00664580 DTXSID40222542 DTXSID70781915 DTXSID60553360 DTXSID60447795 DTXSID50812190 DTXSID90676834 DTXSID50484710 DTXSID30561699 DTXSID10565317 DTXSID60612426
DTXSID00588237	DTXSID7057787 DTXSID70308404 DTXSID70845187 DTXSID70515611 DTXSID70471445 DTXSID10218755 DTXSID50193274 DTXSID70399418 DTXSID10478690 DTXSID50303033 DTXSID20278163 DTXSID20840788 DTXSID60642405 DTXSID00405117 DTXSID20804082 DTXSID90456239 DTXSID10602135 DTXSID50848994 DTXSID60734213 DTXSID90817745
DTXSID00795722	DTXSID70327473 DTXSID40803118 DTXSID30367673 DTXSID30274378 DTXSID7058048 DTXSID30290316 DTXSID3044592 DTXSID90361339 DTXSID80281698 DTXSID90709196 DTXSID8058827 DTXSID00421630 DTXSID20656467 DTXSID30718308 DTXSID30288591 DTXSID40543966 DTXSID00323564 DTXSID80214022 DTXSID40585689 DTXSID30554965
DTXSID70808676	DTXSID40531863 DTXSID20359360 DTXSID60597325 DTXSID80406844 DTXSID70197512 DTXSID90634530 DTXSID40614266 DTXSID20144415 DTXSID10343531 DTXSID00568892 DTXSID70324861 DTXSID40295377 DTXSID60190097 DTXSID90553131 DTXSID10706283 DTXSID90143531 DTXSID00563342 DTXSID90310140 DTXSID90803582 DTXSID40891611
DTXSID30793837	DTXSID10805583 DTXSID10790102 DTXSID8051706 DTXSID40886880 DTXSID10317277 DTXSID70711257 DTXSID50708483 DTXSID50753675 DTXSID30170922 DTXSID50775251 DTXSID40532355 DTXSID50775332 DTXSID50482655 DTXSID40840361 DTXSID90469309 DTXSID90280773 DTXSID00543068 DTXSID50823948 DTXSID00694029 DTXSID00331427
DTXSID70620279	DTXSID50604451 DTXSID30307175 DTXSID6062672 DTXSID1068853 DTXSID50542445 DTXSID20595640 DTXSID50281226 DTXSID80369369 DTXSID00374536 DTXSID60681854 DTXSID50651304 DTXSID70514624 DTXSID90208553 DTXSID60519486 DTXSID20655394 DTXSID20322579 DTXSID90232353 DTXSID10555314 DTXSID60514991 DTXSID00749821
DTXSID60193826	DTXSID70178265 DTXSID90295367 DTXSID90371170 DTXSID30188123 DTXSID00585105 DTXSID90195772 DTXSID90373013 DTXSID40806821 DTXSID90841565 DTXSID50351332 DTXSID90284579 DTXSID50725615 DTXSID60646120 DTXSID10708742 DTXSID00532750 DTXSID30557991 DTXSID20392196 DTXSID40387802 DTXSID40727163 DTXSID80698888
DTXSID50382641	DTXSID70858136 DTXSID10345656 DTXSID30321917 DTXSID20277616 DTXSID10842610 DTXSID70434515 DTXSID60739006 DTXSID30734048 DTXSID90645585 DTXSID40646800 DTXSID90810493 DTXSID80604000 DTXSID90729455 DTXSID90711350 DTXSID50580049 DTXSID60308998 DTXSID70651861 DTXSID30627547 DTXSID30726822 DTXSID70276876
DTXSID30322383	DTXSID00162036 DTXSID70522562 DTXSID50604052 DTXSID60831938 DTXSID70670577 DTXSID10504807 DTXSID60407056 DTXSID50697661 DTXSID00428720 DTXSID60346279 DTXSID10403129 DTXSID00145324 DTXSID70704008 DTXSID90561074 DTXSID70359411 DTXSID20886929 DTXSID30589575 DTXSID30185314 DTXSID90665021 DTXSID20225894
DTXSID1068229	DTXSID60671492 DTXSID90326600 DTXSID90734347 DTXSID90388046 DTXSID80771185 DTXSID30511452 DTXSID20496764 DTXSID00725605 DTXSID60813077 DTXSID80782413 DTXSID60645870 DTXSID70876537 DTXSID00453451 DTXSID10439589 DTXSID80744117 DTXSID20482041 DTXSID40504491 DTXSID20477912 DTXSID80338176 DTXSID70664895
DTXSID60429096	DTXSID10142980 DTXSID90611508 DTXSID90598183 DTXSID00314654 DTXSID70238095 DTXSID30659560 DTXSID40405636 DTXSID60700392 DTXSID20881333 DTXSID80318690 DTXSID10371410 DTXSID10292499 DTXSID10764141 DTXSID20154993 DTXSID30423703 DTXSID10760229 DTXSID00722634 DTXSID80724015 DTXSID50292099 DTXSID70397272
DTXSID20756335	DTXSID10712061 DTXSID50590148 DTXSID40577988 DTXSID80682262 DTXSID40693233 DTXSID80552653 DTXSID20743427 DTXSID10847428 DTXSID30243488 DTXSID60674165 DTXSID20847232 DTXSID20858505 DTXSID60813476 DTXSID10589215 DTXSID20778618 DTXSID40676763 DTXSID40724470 DTXSID80576374 DTXSID70392924 DTXSID90823164
DTXSID80572891	DTXSID60217359 DTXSID80736618 DTXSID40588413 DTXSID60284824 DTXSID80604707 DTXSID90185572 DTXSID30452775 DTXSID10726820 DTXSID20485012 DTXSID60842746 DTXSID40674385 DTXSID30395633 DTXSID50849961 DTXSID60856080 DTXSID60532291 DTXSID00485015 DTXSID40513381 DTXSID30378360 DTXSID30541491 DTXSID10826758
DTXSID20503104	DTXSID30375137 DTXSID10403669 DTXSID40621910 DTXSID80431818 DTXSID00220882 DTXSID50220892 DTXSID50825200 DTXSID60626947 DTXSID70509853 DTXSID30468391 DTXSID80281698 DTXSID80661133 DTXSID70445949 DTXSID90591699 DTXSID10519178 DTXSID8058827 DTXSID00711265 DTXSID20800029 DTXSID40543966 DTXSID40213495
DTXSID10363552	DTXSID70480092 DTXSID60524373 DTXSID90340548 DTXSID20285978 DTXSID40454326 DTXSID90330247 DTXSID10597653 DTXSID60318532 DTXSID90300667 DTXSID60551285 DTXSID90178368 DTXSID9059541 DTXSID30874115 DTXSID3068126 DTXSID00771248 DTXSID00362579 DTXSID10692879 DTXSID50758726 DTXSID00179881 DTXSID00895933
DTXSID00782258	DTXSID70873607 DTXSID10667143 DTXSID10416330 DTXSID70437263 DTXSID30752702 DTXSID90774102 DTXSID00593189 DTXSID30734164 DTXSID10515615 DTXSID90346222 DTXSID60804228 DTXSID40551263 DTXSID40145843 DTXSID30202232 DTXSID10597638 DTXSID40314517 DTXSID50457308 DTXSID20856506 DTXSID90147751 DTXSID90456239
DTXSID50737490	DTXSID30827388 DTXSID10783832 DTXSID30543410 DTXSID60711882 DTXSID70242536 DTXSID80705607 DTXSID70346765 DTXSID20280781 DTXSID20341664 DTXSID10822679 DTXSID80468609 DTXSID20754452 DTXSID00793728 DTXSID40647397 DTXSID20741069 DTXSID30297769 DTXSID70233808 DTXSID70699586 DTXSID50700528 DTXSID80278447
DTXSID90645585	DTXSID20277616 DTXSID70276876 DTXSID50580049 DTXSID70858136 DTXSID30726822 DTXSID90729455 DTXSID10842610 DTXSID30627547 DTXSID40646800 DTXSID60308998 DTXSID90711350 DTXSID70434515 DTXSID20797748 DTXSID50382641 DTXSID00451851 DTXSID10345656 DTXSID70651861 DTXSID30651867 DTXSID50535852 DTXSID40770336
DTXSID50310126	DTXSID20542811 DTXSID80514418 DTXSID90493144 DTXSID50638155 DTXSID20876264 DTXSID70320828 DTXSID40792871 DTXSID00427854 DTXSID80664260 DTXSID90485307 DTXSID70472139 DTXSID80724631 DTXSID70607621 DTXSID00490846 DTXSID70672475 DTXSID10219323 DTXSID60729821 DTXSID10440756 DTXSID50310222 DTXSID40423173
DTXSID80642422	DTXSID60341123 DTXSID70702281 DTXSID90306821 DTXSID60242525 DTXSID90175897 DTXSID90557134 DTXSID50551618 DTXSID10831741 DTXSID30574401 DTXSID80813559 DTXSID20308494 DTXSID10347554 DTXSID40432846 DTXSID10613125 DTXSID00506597 DTXSID80787403 DTXSID70834470 DTXSID40408768 DTXSID80769229 DTXSID60228324
DTXSID80181841	DTXSID90518543 DTXSID70802775 DTXSID70794227 DTXSID60177348 DTXSID90344526 DTXSID60550556 DTXSID00372618 DTXSID30444296 DTXSID10316220 DTXSID40170039 DTXSID80597524 DTXSID70823187 DTXSID60214121 DTXSID30661188 DTXSID10537635 DTXSID90624532 DTXSID10367292 DTXSID30566720 DTXSID10675228 DTXSID8047509
DTXSID90619786	DTXSID10658859 DTXSID80338050 DTXSID50753837 DTXSID00432089 DTXSID30146203 DTXSID00887737 DTXSID80816363 DTXSID30769931 DTXSID80759781 DTXSID0062896 DTXSID00432064 DTXSID20184573 DTXSID70340864 DTXSID10605267 DTXSID20889036 DTXSID5068237 DTXSID00647136 DTXSID0074637 DTXSID50307511 DTXSID70241241
DTXSID00290363	DTXSID00657073 DTXSID70150627 DTXSID20322453 DTXSID00176032 DTXSID70599390 DTXSID20811357 DTXSID30465820 DTXSID60805533 DTXSID20416442 DTXSID00204985 DTXSID90759338 DTXSID10425129 DTXSID10589275 DTXSID60424546 DTXSID10814695 DTXSID70652434 DTXSID00474121 DTXSID00304196 DTXSID10341552 DTXSID30207525
DTXSID9022100	DTXSID80175942 DTXSID70294838 DTXSID10510680 DTXSID30308384 DTXSID00673733 DTXSID10696317 DTXSID70600798 DTXSID20563844 DTXSID10592481 DTXSID70364505 DTXSID40467294 DTXSID40588251 DTXSID00175141 DTXSID70622516 DTXSID00663275 DTXSID60172398 DTXSID40567809 DTXSID20327483 DTXSID80486404 DTXSID40351780
DTXSID00197762	DTXSID40239670 DTXSID60490529 DTXSID80768717 DTXSID00190899 DTXSID10765032 DTXSID20582919 DTXSID70176408 DTXSID40544695 DTXSID40662505 DTXSID30502461 DTXSID20550310 DTXSID90798186 DTXSID30798185 DTXSID90751271 DTXSID60866760 DTXSID10313532 DTXSID00587583 DTXSID50761336 DTXSID60486664 DTXSID30816550
DTXSID60818128	DTXSID50718906 DTXSID40767246 DTXSID40338031 DTXSID40718915 DTXSID20818129 DTXSID00402808 DTXSID10338028 DTXSID60768018 DTXSID90423986 DTXSID50771354 DTXSID70880614 DTXSID70477361 DTXSID40604041 DTXSID30519534 DTXSID60501967 DTXSID50718047 DTXSID60334732 DTXSID60615952 DTXSID20801632 DTXSID20793129
DTXSID00652780	DTXSID90291501 DTXSID70849923 DTXSID00171840 DTXSID4047541 DTXSID90759515 DTXSID10443666 DTXSID20627495 DTXSID00202365 DTXSID50562800 DTXSID90707415 DTXSID00445639 DTXSID10214196 DTXSID20200787 DTXSID70167255 DTXSID50343292 DTXSID50460438 DTXSID60697410 DTXSID20241751 DTXSID40339083 DTXSID90499429
DTXSID70657121	DTXSID90748782 DTXSID10288170 DTXSID10621200 DTXSID60835436 DTXSID30542746 DTXSID60157009 DTXSID90705153 DTXSID30827181 DTXSID80593541 DTXSID80391327 DTXSID60813951 DTXSID60512533 DTXSID60668963 DTXSID4060739 DTXSID90291526 DTXSID80733122 DTXSID90674537 DTXSID40719260 DTXSID80684347 DTXSID50697161
DTXSID90675241	DTXSID1051692 DTXSID40143001 DTXSID40470283 DTXSID60315304 DTXSID40431657 DTXSID00815070 DTXSID40303729 DTXSID60694484 DTXSID00750356 DTXSID90737919 DTXSID00719322 DTXSID00844946 DTXSID70356581 DTXSID40510597 DTXSID70392702 DTXSID10165497 DTXSID80720234 DTXSID70770268 DTXSID30616532 DTXSID30592145
DTXSID00652785	DTXSID90199053 DTXSID80670184 DTXSID80771069 DTXSID60408725 DTXSID90526789 DTXSID2060967 DTXSID30757656 DTXSID80638027 DTXSID80478884 DTXSID60150616 DTXSID60344770 DTXSID00561282 DTXSID10448353 DTXSID70521479 DTXSID20481377 DTXSID50492532 DTXSID40790857 DTXSID00340756 DTXSID20449210 DTXSID50627443
DTXSID00653257	DTXSID80169381 DTXSID60358791 DTXSID50588202 DTXSID50625161 DTXSID70239542 DTXSID40562536 DTXSID90725351 DTXSID20355044 DTXSID20162952 DTXSID10619203 DTXSID60575966 DTXSID30444372 DTXSID50170126 DTXSID70566047 DTXSID90497142 DTXSID70857629 DTXSID50145874 DTXSID20345824 DTXSID00526659 DTXSID50581773
DTXSID90152845	DTXSID7070769 DTXSID00601031 DTXSID40319289 DTXSID20780433 DTXSID00876287 DTXSID80637939 DTXSID30179672 DTXSID50400490 DTXSID30422675 DTXSID40743606 DTXSID10551290 DTXSID70350342 DTXSID30226478 DTXSID10572809 DTXSID60446788 DTXSID30717210 DTXSID90551056 DTXSID30741914 DTXSID50356327 DTXSID60734490
DTXSID00552832	DTXSID20463411 DTXSID20847353 DTXSID30620179 DTXSID80300454 DTXSID30787539 DTXSID90443846 DTXSID50838597 DTXSID20888226 DTXSID20567049 DTXSID70817627 DTXSID0073110 DTXSID90809145 DTXSID70645649 DTXSID60844023 DTXSID00470865 DTXSID60660361 DTXSID30846155 DTXSID50469825 DTXSID10551876 DTXSID40751968
DTXSID90375774	DTXSID20438164 DTXSID60828121 DTXSID20217613 DTXSID30709610 DTXSID30222415 DTXSID60618160 DTXSID80626202 DTXSID50389458 DTXSID00676663 DTXSID90622492 DTXSID40466202 DTXSID90462572 DTXSID90556708 DTXSID50401109 DTXSID10555091 DTXSID00694620 DTXSID20363508 DTXSID10607786 DTXSID40452741 DTXSID00469355
DTXSID50301019	DTXSID70201486 DTXSID90697584 DTXSID30192987 DTXSID30427322 DTXSID70322903 DTXSID70607767 DTXSID3072242 DTXSID60827432 DTXSID50601283 DTXSID70886515 DTXSID90808572 DTXSID40896005 DTXSID10814392 DTXSID50334625 DTXSID60895999 DTXSID00896425 DTXSID50836972 DTXSID40319789 DTXSID10814352 DTXSID20875813
DTXSID40455419	DTXSID20733065 DTXSID20680227 DTXSID00560770 DTXSID90749330 DTXSID60169208 DTXSID5061245 DTXSID80179102 DTXSID10501058 DTXSID60277670 DTXSID40472146 DTXSID60654826 DTXSID80169503 DTXSID70709538 DTXSID50179492 DTXSID50632214 DTXSID10297585 DTXSID00582912 DTXSID10778389 DTXSID5072486 DTXSID60834747
DTXSID60646322	DTXSID40650583 DTXSID50734328 DTXSID70743659 DTXSID10301237 DTXSID90396969 DTXSID10609124 DTXSID40827091 DTXSID10734940 DTXSID90670291 DTXSID50212651 DTXSID00409377 DTXSID20705520 DTXSID80646384 DTXSID70810991 DTXSID20535420 DTXSID20627854 DTXSID30837225 DTXSID30646758 DTXSID00646205 DTXSID00468540
DTXSID40684101	DTXSID30401122 DTXSID3062029 DTXSID80698227 DTXSID20452921 DTXSID90277769 DTXSID80639958 DTXSID60351601 DTXSID20349428 DTXSID40222542 DTXSID60884207 DTXSID70885523 DTXSID50388582 DTXSID50399774 DTXSID70459046 DTXSID20488386 DTXSID30664199 DTXSID60532913 DTXSID20238601 DTXSID20310830 DTXSID00353104
DTXSID60174953	DTXSID10521453 DTXSID50296032 DTXSID70832254 DTXSID00827012 DTXSID10405885 DTXSID9058941 DTXSID00406003 DTXSID70540044 DTXSID80775204 DTXSID30447181 DTXSID30388904 DTXSID50150201 DTXSID40720078 DTXSID1052664 DTXSID90497925 DTXSID80289376 DTXSID90767918 DTXSID80791444 DTXSID10698513 DTXSID60651118
DTXSID0052590	DTXSID40335101 DTXSID90191012 DTXSID80698343 DTXSID80176974 DTXSID80653997 DTXSID50494697 DTXSID40589021 DTXSID00334377 DTXSID30543314 DTXSID50299588 DTXSID30364541 DTXSID20541122 DTXSID90730905 DTXSID80151549 DTXSID30791313 DTXSID40325007 DTXSID5052626 DTXSID80351628 DTXSID00345842 DTXSID60333760
DTXSID50517234	DTXSID8047509 DTXSID10537635 DTXSID00702794 DTXSID50300042 DTXSID00318455 DTXSID70428777 DTXSID20307225 DTXSID80436888 DTXSID80551161 DTXSID30553978 DTXSID50652836 DTXSID20593166 DTXSID60177348 DTXSID70419125 DTXSID30409264 DTXSID60649212 DTXSID00728974 DTXSID60876324 DTXSID00372618 DTXSID8059007
DTXSID20663055	DTXSID00196816 DTXSID30739033 DTXSID60738998 DTXSID10465025 DTXSID90447248 DTXSID20580571 DTXSID70580809 DTXSID00341667 DTXSID60764510 DTXSID10436654 DTXSID40701589 DTXSID10594844 DTXSID60754572 DTXSID10307355 DTXSID40722613 DTXSID00361284 DTXSID10776421 DTXSID20351581 DTXSID0075106 DTXSID90526623
DTXSID90499641	DTXSID00619277 DTXSID10771759 DTXSID70828773 DTXSID90715717 DTXSID90447349 DTXSID80142856 DTXSID90205022 DTXSID90554466 DTXSID70524783 DTXSID60744317 DTXSID10673906 DTXSID20378677 DTXSID30540282 DTXSID70221826 DTXSID4061254 DTXSID10470412 DTXSID00304090 DTXSID80572896 DTXSID30730641 DTXSID20605758
DTXSID10808953	DTXSID50600332 DTXSID80448244 DTXSID80783708 DTXSID30222273 DTXSID40298348 DTXSID40708275 DTXSID90152446 DTXSID00582912 DTXSID80201174 DTXSID2052447 DTXSID70297602 DTXSID30858713 DTXSID20449876 DTXSID90590243 DTXSID5061245 DTXSID60550733 DTXSID90749330 DTXSID00186636 DTXSID50729234 DTXSID50174083
DTXSID40605891	DTXSID00430803 DTXSID20657131 DTXSID00672261 DTXSID60404409 DTXSID30646278 DTXSID80729005 DTXSID20514699 DTXSID40292366 DTXSID30621202 DTXSID90879303 DTXSID80703926 DTXSID80614503 DTXSID70142845 DTXSID00464143 DTXSID20634806 DTXSID10777190 DTXSID90381971 DTXSID50739292 DTXSID40622947 DTXSID40348731
DTXSID30489420	DTXSID40660980 DTXSID40230809 DTXSID00768471 DTXSID20831939 DTXSID1044932 DTXSID40752753 DTXSID90235405 DTXSID60618928 DTXSID30642235 DTXSID60703924 DTXSID30616294 DTXSID00473518 DTXSID50290232 DTXSID40535245 DTXSID10291689 DTXSID80187787 DTXSID40629370 DTXSID30400852 DTXSID50848459 DTXSID60454621
DTXSID10177959	DTXSID40403172 DTXSID30434854 DTXSID00343681 DTXSID50735557 DTXSID40286260 DTXSID60439599 DTXSID3042506 DTXSID10632250 DTXSID10394942 DTXSID20307381 DTXSID50323554 DTXSID00744412 DTXSID20562958 DTXSID40694669 DTXSID60144510 DTXSID60143962 DTXSID70566264 DTXSID10406892 DTXSID00831917 DTXSID90349172
DTXSID20483593	DTXSID80407659 DTXSID10364029 DTXSID70513637 DTXSID30462596 DTXSID80670922 DTXSID60503325 DTXSID50778944 DTXSID90592505 DTXSID40623494 DTXSID40371741 DTXSID50383092 DTXSID00766437 DTXSID00186358 DTXSID1063435 DTXSID90688538 DTXSID30605128 DTXSID20663414 DTXSID80496402 DTXSID40354256 DTXSID30162665
DTXSID40555726	DTXSID50512320 DTXSID10236494 DTXSID80437496 DTXSID10296917 DTXSID80333909 DTXSID40204681 DTXSID70342469 DTXSID90497925 DTXSID30508463 DTXSID90842799 DTXSID40640242 DTXSID70566345 DTXSID40159763 DTXSID80398735 DTXSID90545091 DTXSID90557492 DTXSID90767918 DTXSID30447181 DTXSID10467160 DTXSID70540044
DTXSID90279162	DTXSID10441061 DTXSID80594558 DTXSID80664341 DTXSID90439183 DTXSID70357452 DTXSID90320648 DTXSID10607802 DTXSID70589594 DTXSID60876662 DTXSID20572976 DTXSID80407255 DTXSID50545799 DTXSID50153696 DTXSID20876269 DTXSID00377885 DTXSID40831916 DTXSID00879470 DTXSID9058155 DTXSID90343534 DTXSID90598663
DTXSID10852012	DTXSID20776896 DTXSID40869951 DTXSID10224790 DTXSID20558952 DTXSID00764377 DTXSID00787248 DTXSID60749867 DTXSID30615146 DTXSID10322826 DTXSID80234563 DTXSID80185869 DTXSID10279164 DTXSID10736287 DTXSID5061085 DTXSID40706170 DTXSID80756710 DTXSID80884461 DTXSID8061212 DTXSID80844909 DTXSID00404029
DTXSID80705607	DTXSID20341664 DTXSID70242536 DTXSID10822679 DTXSID30543410 DTXSID50737490 DTXSID30297769 DTXSID20741069 DTXSID70346765 DTXSID20754452 DTXSID10783832 DTXSID30827388 DTXSID20280781 DTXSID60711882 DTXSID40647397 DTXSID80468609 DTXSID00793728 DTXSID50700528 DTXSID40341661 DTXSID60826960 DTXSID70233808
DTXSID90770189	DTXSID50543331 DTXSID80282928 DTXSID50232172 DTXSID20231798 DTXSID00501204 DTXSID20406904 DTXSID50344249 DTXSID80816166 DTXSID10809122 DTXSID90778807 DTXSID30490839 DTXSID10467160 DTXSID00507589 DTXSID80790210 DTXSID70705999 DTXSID90842799 DTXSID50539234 DTXSID50846995 DTXSID30530426 DTXSID20342474
DTXSID60572394	DTXSID30399353 DTXSID80341241 DTXSID50152846 DTXSID80835635 DTXSID40574457 DTXSID20771280 DTXSID30650890 DTXSID90278559 DTXSID40435251 DTXSID30652778 DTXSID20213736 DTXSID80199320 DTXSID30668910 DTXSID60653339 DTXSID00534971 DTXSID90788825 DTXSID60439599 DTXSID60144510 DTXSID50402671 DTXSID0024397
DTXSID50170323	DTXSID1071458 DTXSID90482134 DTXSID30818579 DTXSID10565094 DTXSID20449336 DTXSID90542449 DTXSID00895933 DTXSID90730243 DTXSID50681601 DTXSID40451698 DTXSID50404554 DTXSID60657039 DTXSID90366985 DTXSID80834981 DTXSID50321732 DTXSID90527650 DTXSID30165636 DTXSID20288681 DTXSID80733622 DTXSID40659692
DTXSID00728974	DTXSID60649212 DTXSID50351094 DTXSID60819953 DTXSID30553978 DTXSID50300042 DTXSID20307225 DTXSID8059007 DTXSID90429206 DTXSID10563479 DTXSID20593166 DTXSID10363476 DTXSID8047509 DTXSID10398268 DTXSID50652836 DTXSID70741615 DTXSID50421786 DTXSID80551161 DTXSID50520142 DTXSID00702794 DTXSID70561754
DTXSID50830854	DTXSID40536090 DTXSID10760229 DTXSID70395778 DTXSID10392362 DTXSID00384039 DTXSID20640881 DTXSID10727852 DTXSID80548516 DTXSID30896150 DTXSID10708742 DTXSID20651932 DTXSID20611374 DTXSID60221092 DTXSID60429672 DTXSID80318690 DTXSID20392196 DTXSID20154993 DTXSID90763672 DTXSID00284580 DTXSID80351527
DTXSID00381442	DTXSID00460600 DTXSID40437235 DTXSID10159977 DTXSID20459172 DTXSID10500445 DTXSID40821059 DTXSID40713748 DTXSID50180124 DTXSID40649518 DTXSID60288928 DTXSID00408603 DTXSID00512653 DTXSID1020770 DTXSID40217079 DTXSID30185571 DTXSID00420305 DTXSID10814130 DTXSID90767615 DTXSID80536458 DTXSID80211677
DTXSID10218755	DTXSID70845187 DTXSID10478690 DTXSID70810077 DTXSID10602135 DTXSID90675221 DTXSID00588237 DTXSID70308404 DTXSID7057787 DTXSID60642405 DTXSID50218754 DTXSID70425569 DTXSID50193274 DTXSID70471445 DTXSID70515611 DTXSID60646943 DTXSID60734213 DTXSID40632283 DTXSID70337219 DTXSID50303033 DTXSID50496595
DTXSID20447413	DTXSID80768373 DTXSID10510241 DTXSID2041202 DTXSID70546066 DTXSID00678763 DTXSID40304615 DTXSID60662507 DTXSID80773745 DTXSID70701754 DTXSID60874628 DTXSID00804166 DTXSID50609507 DTXSID30662498 DTXSID30294197 DTXSID50847088 DTXSID30824958 DTXSID40719149 DTXSID70848835 DTXSID60703727 DTXSID10808413
DTXSID10735558	DTXSID90633644 DTXSID20632246 DTXSID50535817 DTXSID30440677 DTXSID50630270 DTXSID50323675 DTXSID10724003 DTXSID60655318 DTXSID70372307 DTXSID80699496 DTXSID50457580 DTXSID30787675 DTXSID80801219 DTXSID40504113 DTXSID40732550 DTXSID90373674 DTXSID90392042 DTXSID20849776 DTXSID70542583 DTXSID90348983
DTXSID40876064	DTXSID70502324 DTXSID20158431 DTXSID50415544 DTXSID10630059 DTXSID70676812 DTXSID80211677 DTXSID00570430 DTXSID70489489 DTXSID10888412 DTXSID90530760 DTXSID70456873 DTXSID70317253 DTXSID80173943 DTXSID30185571 DTXSID80557643 DTXSID70744343 DTXSID30207606 DTXSID20738797 DTXSID40430408 DTXSID20476965
DTXSID10494693	DTXSID50809005 DTXSID00534971 DTXSID80514776 DTXSID30685400 DTXSID30283405 DTXSID50314442 DTXSID70195699 DTXSID80409214 DTXSID30499004 DTXSID30653462 DTXSID80835635 DTXSID00201636 DTXSID30668910 DTXSID10761256 DTXSID30532662 DTXSID30399353 DTXSID90651202 DTXSID80706492 DTXSID80312456 DTXSID90547671
DTXSID70145831	DTXSID90743974 DTXSID00696205 DTXSID70392484 DTXSID10596368 DTXSID00610163 DTXSID60385961 DTXSID50354621 DTXSID70811428 DTXSID00536894 DTXSID20398810 DTXSID40706150 DTXSID50374804 DTXSID30579375 DTXSID90443664 DTXSID50635285 DTXSID30585375 DTXSID10316184 DTXSID30760367 DTXSID10767051 DTXSID10727837
DTXSID90559138	DTXSID50448771 DTXSID30181735 DTXSID80493395 DTXSID80676767 DTXSID60558310 DTXSID30456915 DTXSID00720559 DTXSID10240733 DTXSID90513452 DTXSID60522556 DTXSID80629657 DTXSID00820260 DTXSID70436918 DTXSID60315945 DTXSID10475568 DTXSID90459442 DTXSID70508063 DTXSID70737336 DTXSID00621052 DTXSID20815673
DTXSID50341258	DTXSID20662927 DTXSID80407033 DTXSID20730675 DTXSID90772360 DTXSID60776895 DTXSID90650396 DTXSID90604177 DTXSID30510223 DTXSID70720187 DTXSID60586193 DTXSID30403904 DTXSID70814070 DTXSID20876587 DTXSID60177267 DTXSID0052330 DTXSID00236589 DTXSID90313550 DTXSID30595277 DTXSID30711637 DTXSID80598798
DTXSID20284688	DTXSID30816914 DTXSID70585475 DTXSID70640932 DTXSID40896727 DTXSID10377573 DTXSID80722556 DTXSID50660254 DTXSID90387731 DTXSID80647376 DTXSID20376158 DTXSID50704006 DTXSID50615385 DTXSID10143472 DTXSID20384137 DTXSID10618478 DTXSID10303817 DTXSID60661651 DTXSID50853169 DTXSID00338355 DTXSID7073771
DTXSID10478731	DTXSID50627165 DTXSID50145874 DTXSID50345892 DTXSID80562318 DTXSID70383211 DTXSID40646269 DTXSID00482887 DTXSID40334412 DTXSID90725351 DTXSID30223841 DTXSID10618170 DTXSID50588202 DTXSID30735590 DTXSID70239542 DTXSID90648819 DTXSID50474035 DTXSID50351190 DTXSID60358791 DTXSID50625161 DTXSID30663980
DTXSID00351640	DTXSID10523215 DTXSID70192522 DTXSID10655469 DTXSID90836456 DTXSID20217491 DTXSID80373608 DTXSID00730375 DTXSID80897339 DTXSID50303497 DTXSID00542773 DTXSID10374441 DTXSID80472847 DTXSID70188187 DTXSID70443980 DTXSID20435693 DTXSID20191888 DTXSID10398581 DTXSID40614903 DTXSID1047071 DTXSID1063140
DTXSID20640624	DTXSID70660978 DTXSID40775765 DTXSID60527804 DTXSID70548767 DTXSID50805002 DTXSID80649850 DTXSID60444729 DTXSID00398893 DTXSID50218754 DTXSID50810676 DTXSID70810077 DTXSID40829772 DTXSID90281785 DTXSID70733717 DTXSID40654925 DTXSID40243454 DTXSID10525991 DTXSID00541347 DTXSID60646943 DTXSID90649245
DTXSID70665004	DTXSID30321194 DTXSID60299094 DTXSID70593353 DTXSID40352676 DTXSID90434618 DTXSID70780645 DTXSID60305467 DTXSID70392328 DTXSID20460561 DTXSID40657259 DTXSID10313537 DTXSID60545866 DTXSID20564316 DTXSID70834910 DTXSID60173527 DTXSID10342286 DTXSID20441052 DTXSID90444156 DTXSID70291064 DTXSID20875878
DTXSID10291624	DTXSID40176334 DTXSID70157217 DTXSID90892294 DTXSID50664656 DTXSID20603350 DTXSID00359060 DTXSID10394881 DTXSID90697367 DTXSID10154821 DTXSID8024365 DTXSID80320612 DTXSID00658469 DTXSID90408475 DTXSID10617749 DTXSID80737281 DTXSID50283927 DTXSID00440381 DTXSID50350724 DTXSID00491272 DTXSID40734716
DTXSID10324880	DTXSID10511839 DTXSID80341685 DTXSID30342228 DTXSID80341660 DTXSID10710087 DTXSID40341661 DTXSID00789267 DTXSID40341666 DTXSID30297769 DTXSID40647397 DTXSID60340757 DTXSID10347973 DTXSID70346765 DTXSID10892094 DTXSID50792261 DTXSID20341664 DTXSID90804832 DTXSID30816732 DTXSID40336794 DTXSID60826960
DTXSID20290880	DTXSID70498152 DTXSID50646674 DTXSID60338038 DTXSID60415636 DTXSID20536457 DTXSID50619383 DTXSID30666835 DTXSID80275653 DTXSID20453973 DTXSID10672434 DTXSID0058514 DTXSID30406531 DTXSID40279910 DTXSID40679875 DTXSID10832697 DTXSID60652327 DTXSID40431016 DTXSID30854114 DTXSID70602333 DTXSID70471682
DTXSID40230768	DTXSID10734208 DTXSID40789600 DTXSID90578465 DTXSID70612518 DTXSID40210247 DTXSID30433403 DTXSID30742724 DTXSID60522652 DTXSID20482723 DTXSID70580985 DTXSID70541990 DTXSID70526065 DTXSID70192805 DTXSID00744871 DTXSID60195567 DTXSID70527118 DTXSID40815675 DTXSID20629777 DTXSID50521457 DTXSID40316117
DTXSID50619383	DTXSID20453973 DTXSID30666835 DTXSID60374335 DTXSID10832697 DTXSID0058514 DTXSID80275653 DTXSID20290880 DTXSID20886101 DTXSID20833716 DTXSID50755018 DTXSID60710254 DTXSID30413629 DTXSID20536457 DTXSID90596508 DTXSID70471682 DTXSID60621912 DTXSID70498152 DTXSID60616843 DTXSID10191993 DTXSID70602333
DTXSID70383211	DTXSID40646269 DTXSID40334412 DTXSID50345892 DTXSID30223841 DTXSID50627165 DTXSID30735590 DTXSID10478731 DTXSID50145874 DTXSID80562318 DTXSID70856415 DTXSID80701725 DTXSID10618170 DTXSID70239542 DTXSID90669140 DTXSID70805004 DTXSID30627002 DTXSID90725351 DTXSID20345788 DTXSID80392056 DTXSID30663980
DTXSID10587852	DTXSID20604387 DTXSID10605045 DTXSID10767637 DTXSID80885913 DTXSID00275099 DTXSID20630964 DTXSID10880678 DTXSID50798425 DTXSID90674855 DTXSID60749342 DTXSID10400032 DTXSID80506131 DTXSID90816733 DTXSID50170787 DTXSID50528269 DTXSID30326104 DTXSID7068001 DTXSID10391618 DTXSID40675236 DTXSID50693663
DTXSID10448999	DTXSID40719149 DTXSID70848835 DTXSID10606310 DTXSID60430268 DTXSID50173692 DTXSID30400357 DTXSID30294197 DTXSID20719162 DTXSID30662498 DTXSID3060667 DTXSID00854782 DTXSID40637430 DTXSID00678763 DTXSID60874628 DTXSID20701062 DTXSID20336777 DTXSID50816451 DTXSID90738901 DTXSID20748694 DTXSID30824958
DTXSID60598059	DTXSID5047114 DTXSID50783437 DTXSID50410539 DTXSID1066239 DTXSID90404730 DTXSID30770365 DTXSID70394423 DTXSID80195044 DTXSID5062398 DTXSID70751310 DTXSID60288589 DTXSID50757335 DTXSID90216335 DTXSID30772566 DTXSID20888029 DTXSID00559144 DTXSID80576899 DTXSID80814501 DTXSID50552443 DTXSID60794897
DTXSID30588240	DTXSID50596246 DTXSID60303226 DTXSID90453389 DTXSID30716364 DTXSID00606980 DTXSID50364467 DTXSID60556013 DTXSID70397272 DTXSID80182510 DTXSID80499110 DTXSID00846581 DTXSID90740544 DTXSID60424460 DTXSID30595075 DTXSID80556898 DTXSID10879320 DTXSID80724015 DTXSID00497850 DTXSID50228318 DTXSID40405636
DTXSID50467346	DTXSID40374030 DTXSID40168219 DTXSID90805440 DTXSID40450409 DTXSID50667248 DTXSID00371186 DTXSID30311595 DTXSID30176540 DTXSID80282226 DTXSID40773983 DTXSID50218416 DTXSID40588493 DTXSID90313636 DTXSID60823939 DTXSID50598124 DTXSID20439297 DTXSID50622857 DTXSID20778436 DTXSID80631275 DTXSID70221568
DTXSID70458695	DTXSID90286437 DTXSID10241407 DTXSID10663509 DTXSID30453484 DTXSID80401773 DTXSID70483129 DTXSID40705360 DTXSID50434311 DTXSID40670408 DTXSID10518262 DTXSID90348625 DTXSID90187117 DTXSID60395181 DTXSID10455027 DTXSID70548464 DTXSID70377711 DTXSID70528382 DTXSID20506014 DTXSID30642134 DTXSID00571482
DTXSID90825320	DTXSID10825483 DTXSID60816740 DTXSID70545211 DTXSID8060537 DTXSID00816724 DTXSID20443455 DTXSID40532956 DTXSID60746876 DTXSID40633255 DTXSID00816744 DTXSID90449848 DTXSID60303887 DTXSID70507091 DTXSID70825323 DTXSID20203379 DTXSID70531336 DTXSID60797944 DTXSID80531281 DTXSID80615999 DTXSID30402255
DTXSID00732157	DTXSID50587654 DTXSID60847019 DTXSID00494304 DTXSID20173846 DTXSID80466281 DTXSID10667643 DTXSID10277564 DTXSID10804531 DTXSID80535688 DTXSID20708556 DTXSID90876473 DTXSID80765726 DTXSID50757779 DTXSID40700032 DTXSID70731470 DTXSID40815115 DTXSID40877591 DTXSID60476803 DTXSID10588304 DTXSID8070542
DTXSID10736287	DTXSID80844909 DTXSID60810940 DTXSID80234563 DTXSID10388942 DTXSID00404029 DTXSID20844908 DTXSID20776896 DTXSID10852012 DTXSID60715789 DTXSID60776815 DTXSID90152264 DTXSID3070418 DTXSID5061085 DTXSID50752865 DTXSID80884461 DTXSID40869951 DTXSID60772473 DTXSID20558952 DTXSID20288823 DTXSID00787248
DTXSID30373673	DTXSID00697257 DTXSID10389373 DTXSID70609605 DTXSID90284478 DTXSID60557545 DTXSID80396852 DTXSID60476747 DTXSID30357635 DTXSID40152835 DTXSID40673171 DTXSID10842453 DTXSID70368043 DTXSID80170790 DTXSID60415535 DTXSID60298688 DTXSID70237664 DTXSID10533314 DTXSID50283649 DTXSID40436167 DTXSID00841995
DTXSID80293478	DTXSID40407716 DTXSID60695037 DTXSID50170020 DTXSID80482123 DTXSID80573368 DTXSID20580753 DTXSID20646308 DTXSID30583295 DTXSID80626181 DTXSID70489803 DTXSID00576634 DTXSID40671112 DTXSID20432561 DTXSID00382853 DTXSID90331274 DTXSID90613289 DTXSID10536082 DTXSID8060298 DTXSID90571239 DTXSID60671114
DTXSID40674643	DTXSID10336307 DTXSID60301888 DTXSID90539399 DTXSID50535857 DTXSID70444331 DTXSID90331274 DTXSID90646895 DTXSID80228902 DTXSID80500114 DTXSID80505982 DTXSID20382350 DTXSID10753257 DTXSID60610700 DTXSID20223597 DTXSID60566016 DTXSID00576553 DTXSID70489803 DTXSID70469226 DTXSID50696210 DTXSID50592203
DTXSID30537839	DTXSID90429862 DTXSID90609682 DTXSID30778189 DTXSID40352515 DTXSID10212470 DTXSID20718973 DTXSID30780828 DTXSID00571407 DTXSID50441787 DTXSID30787852 DTXSID70695260 DTXSID90479908 DTXSID70401363 DTXSID40495597 DTXSID60495352 DTXSID60620389 DTXSID40296581 DTXSID90228155 DTXSID50598124 DTXSID00694049
DTXSID10371591	DTXSID00390958 DTXSID50863142 DTXSID20321380 DTXSID70562589 DTXSID8036653 DTXSID80343528 DTXSID00774294 DTXSID40190474 DTXSID80360679 DTXSID70674131 DTXSID00462285 DTXSID90182288 DTXSID90578445 DTXSID90306129 DTXSID50656218 DTXSID50680679 DTXSID60368299 DTXSID20822403 DTXSID70791175 DTXSID80519504
DTXSID80820804	DTXSID50467003 DTXSID30280515 DTXSID10494052 DTXSID30625664 DTXSID10658632 DTXSID6023315 DTXSID40529149 DTXSID40570439 DTXSID30279207 DTXSID80369627 DTXSID60594132 DTXSID70547371 DTXSID50600110 DTXSID60600484 DTXSID80553342 DTXSID30207525 DTXSID40278640 DTXSID60875877 DTXSID00568731 DTXSID40674724
DTXSID20669517	DTXSID80314112 DTXSID50768289 DTXSID0025442 DTXSID50591554 DTXSID00289818 DTXSID70172723 DTXSID6061604 DTXSID00635871 DTXSID30408732 DTXSID60327644 DTXSID80564074 DTXSID20152590 DTXSID30375718 DTXSID00349547 DTXSID50294013 DTXSID10653849 DTXSID10619203 DTXSID50597137 DTXSID80158139 DTXSID10749731
DTXSID30850858	DTXSID20523529 DTXSID60523528 DTXSID10600494 DTXSID90750769 DTXSID50476377 DTXSID00523527 DTXSID70193216 DTXSID30639049 DTXSID40523526 DTXSID80766713 DTXSID50479464 DTXSID30766546 DTXSID80806628 DTXSID70765735 DTXSID70596485 DTXSID20468941 DTXSID40739943 DTXSID10851661 DTXSID20565303 DTXSID30519534
DTXSID40398958	DTXSID10311699 DTXSID40361622 DTXSID40833733 DTXSID40540738 DTXSID10528447 DTXSID30667261 DTXSID00667591 DTXSID90587653 DTXSID50215283 DTXSID50524827 DTXSID9022237 DTXSID70849443 DTXSID10144383 DTXSID30550023 DTXSID60533122 DTXSID00864907 DTXSID90844430 DTXSID10588026 DTXSID20633798 DTXSID90529396
DTXSID00635194	DTXSID70852235 DTXSID00694584 DTXSID60428125 DTXSID60834747 DTXSID80423814 DTXSID70405947 DTXSID20167826 DTXSID80615070 DTXSID40773322 DTXSID6048096 DTXSID80169503 DTXSID20342752 DTXSID00423917 DTXSID10297585 DTXSID70499624 DTXSID10724700 DTXSID70682094 DTXSID80179102 DTXSID90365271 DTXSID4065604
DTXSID10896395	DTXSID30897546 DTXSID60896042 DTXSID00430101 DTXSID40376130 DTXSID20875813 DTXSID00851251 DTXSID90312927 DTXSID40839114 DTXSID50601283 DTXSID40752516 DTXSID3072242 DTXSID40877197 DTXSID70886515 DTXSID30789432 DTXSID40876645 DTXSID60535348 DTXSID70889001 DTXSID60320519 DTXSID30889002 DTXSID60769489
DTXSID20714718	DTXSID80178751 DTXSID30352640 DTXSID30856476 DTXSID90348963 DTXSID40812861 DTXSID30642230 DTXSID9061178 DTXSID00326196 DTXSID40555903 DTXSID20676827 DTXSID70680914 DTXSID20578539 DTXSID60729402 DTXSID50345498 DTXSID30577331 DTXSID20604968 DTXSID60154018 DTXSID40494722 DTXSID20297758 DTXSID30546800
DTXSID8064981	DTXSID60694525 DTXSID40617191 DTXSID40710176 DTXSID20482445 DTXSID10774023 DTXSID60850028 DTXSID90441084 DTXSID40876185 DTXSID10694631 DTXSID90144927 DTXSID20311463 DTXSID40180239 DTXSID80582970 DTXSID10705554 DTXSID10228793 DTXSID30761379 DTXSID00243556 DTXSID00565861 DTXSID70314868 DTXSID10374441
DTXSID20297278	DTXSID90594948 DTXSID50556204 DTXSID10172404 DTXSID20526212 DTXSID40507280 DTXSID40831936 DTXSID60422946 DTXSID70405624 DTXSID50323438 DTXSID90567430 DTXSID00731524 DTXSID9068378 DTXSID90152885 DTXSID60667436 DTXSID60446768 DTXSID90577877 DTXSID30744748 DTXSID50311754 DTXSID40430185 DTXSID50716907
DTXSID00295277	DTXSID30609247 DTXSID60475730 DTXSID30554167 DTXSID20467313 DTXSID50853725 DTXSID30599710 DTXSID20549264 DTXSID00373721 DTXSID00544772 DTXSID30341913 DTXSID50302703 DTXSID10518525 DTXSID80663551 DTXSID50302763 DTXSID80181487 DTXSID40388879 DTXSID40528556 DTXSID00641119 DTXSID50590062 DTXSID20148115
DTXSID40589748	DTXSID70811307 DTXSID80648005 DTXSID80718212 DTXSID90373750 DTXSID90276479 DTXSID60744413 DTXSID20846260 DTXSID90561630 DTXSID60820660 DTXSID20419099 DTXSID90585790 DTXSID50684233 DTXSID00444107 DTXSID50818117 DTXSID20620805 DTXSID50325992 DTXSID60743643 DTXSID00604284 DTXSID40516574 DTXSID00384771
DTXSID70849443	DTXSID10528447 DTXSID50215283 DTXSID10239804 DTXSID9022237 DTXSID30667261 DTXSID10144383 DTXSID10428534 DTXSID10588026 DTXSID40361622 DTXSID60635918 DTXSID10829527 DTXSID60533122 DTXSID40398958 DTXSID60649439 DTXSID10311699 DTXSID50506067 DTXSID20633798 DTXSID90529396 DTXSID50651006 DTXSID00373504
DTXSID80768717	DTXSID40239670 DTXSID20582919 DTXSID30816550 DTXSID70176408 DTXSID40544695 DTXSID70143731 DTXSID00197762 DTXSID70751971 DTXSID50707895 DTXSID90751271 DTXSID50847088 DTXSID00190899 DTXSID80709549 DTXSID00587583 DTXSID10470659 DTXSID40815312 DTXSID40662505 DTXSID60662507 DTXSID60703727 DTXSID50655685
DTXSID50310222	DTXSID20442145 DTXSID60729821 DTXSID90379454 DTXSID1072260 DTXSID40423173 DTXSID80207252 DTXSID50638155 DTXSID10440756 DTXSID20876264 DTXSID80724631 DTXSID70791059 DTXSID20462242 DTXSID40427853 DTXSID90185830 DTXSID80451430 DTXSID80284285 DTXSID90493144 DTXSID10720242 DTXSID90474150 DTXSID80664260
DTXSID10769772	DTXSID80526096 DTXSID80763020 DTXSID80781542 DTXSID00770211 DTXSID40771787 DTXSID90444555 DTXSID60769626 DTXSID40781063 DTXSID90638174 DTXSID40813393 DTXSID80444544 DTXSID90773276 DTXSID90772825 DTXSID50858831 DTXSID60850189 DTXSID10280770 DTXSID10418177 DTXSID20287831 DTXSID30451107 DTXSID80798099
DTXSID10765572	DTXSID70668499 DTXSID70446895 DTXSID90167257 DTXSID10604513 DTXSID50210814 DTXSID30573292 DTXSID00531485 DTXSID60830062 DTXSID50287864 DTXSID3059505 DTXSID70516729 DTXSID60649136 DTXSID20513824 DTXSID90604692 DTXSID70598444 DTXSID00791224 DTXSID20468406 DTXSID80855555 DTXSID20408963 DTXSID80847713
DTXSID70836510	DTXSID90398180 DTXSID80472403 DTXSID90733890 DTXSID10506745 DTXSID70398406 DTXSID40525565 DTXSID30704004 DTXSID30521910 DTXSID20667735 DTXSID60893915 DTXSID50783876 DTXSID50813501 DTXSID30593394 DTXSID20734330 DTXSID10506048 DTXSID20542816 DTXSID40343468 DTXSID80598470 DTXSID70676993 DTXSID50707951
DTXSID10473549	DTXSID60301085 DTXSID10754289 DTXSID70756441 DTXSID80748231 DTXSID60661131 DTXSID30735378 DTXSID50408597 DTXSID90489385 DTXSID40359589 DTXSID00651975 DTXSID10406892 DTXSID20307381 DTXSID10364125 DTXSID40694669 DTXSID20781243 DTXSID60533187 DTXSID70566264 DTXSID40291475 DTXSID40403172 DTXSID30733677
DTXSID50553950	DTXSID30479922 DTXSID00541362 DTXSID90622179 DTXSID50812918 DTXSID70353237 DTXSID60211832 DTXSID30718065 DTXSID10211680 DTXSID10803483 DTXSID10495246 DTXSID70589837 DTXSID00637734 DTXSID20640866 DTXSID20485153 DTXSID10733776 DTXSID60473099 DTXSID60425199 DTXSID10561975 DTXSID5068158 DTXSID00363884
DTXSID20625698	DTXSID70466457 DTXSID20474022 DTXSID40235753 DTXSID40724556 DTXSID70516729 DTXSID80847713 DTXSID3059505 DTXSID00377183 DTXSID60604220 DTXSID20174712 DTXSID90499429 DTXSID60649136 DTXSID80855555 DTXSID50734909 DTXSID70598444 DTXSID50677665 DTXSID00836962 DTXSID40339083 DTXSID70328364 DTXSID50500126
DTXSID70711419	DTXSID30304306 DTXSID20797743 DTXSID70434151 DTXSID40522559 DTXSID90577938 DTXSID00559245 DTXSID80174834 DTXSID00600140 DTXSID20891139 DTXSID50306004 DTXSID60239672 DTXSID70447645 DTXSID10201521 DTXSID40191426 DTXSID80324271 DTXSID50835107 DTXSID30407987 DTXSID80809139 DTXSID90547999 DTXSID80537122
DTXSID30367673	DTXSID00795722 DTXSID40803118 DTXSID30290316 DTXSID70327473 DTXSID3044592 DTXSID00323564 DTXSID7058048 DTXSID8058827 DTXSID80214022 DTXSID90709196 DTXSID20785226 DTXSID20707923 DTXSID00421630 DTXSID90361339 DTXSID6040371 DTXSID40543966 DTXSID30274378 DTXSID80281698 DTXSID20656467 DTXSID30344888
DTXSID40738931	DTXSID30675003 DTXSID10303190 DTXSID20478323 DTXSID90560582 DTXSID80534575 DTXSID70393390 DTXSID20719167 DTXSID10694474 DTXSID20593303 DTXSID20735721 DTXSID80694466 DTXSID80836369 DTXSID80162079 DTXSID50471468 DTXSID50461349 DTXSID90726161 DTXSID00606586 DTXSID30291883 DTXSID40325507 DTXSID20605758
DTXSID50561535	DTXSID10650979 DTXSID10770409 DTXSID30733839 DTXSID00428225 DTXSID00513665 DTXSID20423292 DTXSID40513705 DTXSID10573876 DTXSID20324558 DTXSID90337312 DTXSID10646857 DTXSID10705413 DTXSID80676848 DTXSID00655630 DTXSID40349703 DTXSID90879368 DTXSID10181056 DTXSID70680272 DTXSID40623939 DTXSID00143623
DTXSID8073637	DTXSID90816713 DTXSID20602303 DTXSID50297620 DTXSID90767918 DTXSID30508463 DTXSID90470157 DTXSID50816158 DTXSID50177630 DTXSID90399273 DTXSID70566345 DTXSID70540044 DTXSID40390654 DTXSID80398735 DTXSID10531254 DTXSID4074271 DTXSID80791444 DTXSID80333909 DTXSID90778665 DTXSID70799712 DTXSID80437496
DTXSID20642441	DTXSID70840859 DTXSID00744553 DTXSID80345805 DTXSID50304964 DTXSID40315180 DTXSID90660374 DTXSID90339654 DTXSID70849943 DTXSID10798188 DTXSID20504116 DTXSID10634214 DTXSID60877336 DTXSID20526914 DTXSID40632869 DTXSID3052355 DTXSID40286745 DTXSID20442807 DTXSID00767909 DTXSID00530115 DTXSID70612250
DTXSID40762115	DTXSID40455535 DTXSID00470865 DTXSID80335786 DTXSID70562362 DTXSID40243015 DTXSID40157103 DTXSID40208886 DTXSID40420900 DTXSID90560906 DTXSID80851471 DTXSID40187066 DTXSID60844023 DTXSID90443846 DTXSID50797539 DTXSID8061212 DTXSID50175070 DTXSID60798678 DTXSID30620179 DTXSID70799737 DTXSID80300454
DTXSID70529697	DTXSID10144949 DTXSID80365482 DTXSID70822074 DTXSID80748150 DTXSID00632961 DTXSID00701883 DTXSID50840392 DTXSID5026548 DTXSID60842620 DTXSID50878074 DTXSID00616882 DTXSID00715541 DTXSID50569758 DTXSID20503927 DTXSID80660707 DTXSID20320999 DTXSID80311045 DTXSID00638044 DTXSID80407816 DTXSID50320407
DTXSID00601051	DTXSID50239186 DTXSID90758447 DTXSID90780425 DTXSID10431745 DTXSID80694027 DTXSID30786582 DTXSID50652477 DTXSID20337704 DTXSID70276210 DTXSID60463576 DTXSID50234378 DTXSID90407807 DTXSID50191093 DTXSID70471960 DTXSID20288823 DTXSID50797998 DTXSID90292492 DTXSID80232084 DTXSID90634898 DTXSID80793680
DTXSID00897119	DTXSID10350624 DTXSID40533943 DTXSID40392234 DTXSID80584818 DTXSID90278397 DTXSID60707341 DTXSID40295857 DTXSID30726443 DTXSID70281066 DTXSID30350808 DTXSID70791175 DTXSID60720717 DTXSID60856924 DTXSID50844436 DTXSID00603530 DTXSID50368960 DTXSID50607326 DTXSID90507013 DTXSID00642146 DTXSID40200729
DTXSID20599643	DTXSID00531006 DTXSID70879422 DTXSID90462032 DTXSID10561314 DTXSID10845828 DTXSID10530126 DTXSID50518867 DTXSID50507099 DTXSID90379515 DTXSID70768463 DTXSID00727482 DTXSID40192433 DTXSID70177915 DTXSID80633077 DTXSID10539896 DTXSID10633489 DTXSID60482060 DTXSID30624172 DTXSID60437131 DTXSID20408963
DTXSID00300092	DTXSID70791993 DTXSID80700910 DTXSID60520198 DTXSID10225964 DTXSID40748373 DTXSID80839633 DTXSID20627031 DTXSID80787928 DTXSID30793711 DTXSID70240355 DTXSID80305929 DTXSID40763243 DTXSID50432918 DTXSID60840328 DTXSID60188550 DTXSID40413276 DTXSID20896780 DTXSID70866337 DTXSID70764187 DTXSID20148998
DTXSID10364125	DTXSID60533187 DTXSID00651975 DTXSID80742936 DTXSID20307381 DTXSID40403172 DTXSID40694669 DTXSID70566264 DTXSID40359589 DTXSID40286260 DTXSID50408597 DTXSID10406892 DTXSID60661131 DTXSID80748231 DTXSID50735557 DTXSID40291475 DTXSID10473549 DTXSID60301085 DTXSID10512301 DTXSID30642472 DTXSID10621083
DTXSID40540213	DTXSID60441415 DTXSID50430015 DTXSID60668665 DTXSID70170840 DTXSID90193935 DTXSID20504696 DTXSID10645305 DTXSID00295777 DTXSID40427853 DTXSID20602808 DTXSID80647316 DTXSID70472139 DTXSID50663063 DTXSID20292960 DTXSID00427854 DTXSID90485307 DTXSID90693228 DTXSID60876682 DTXSID00322673 DTXSID90525914
DTXSID90558984	DTXSID00592137 DTXSID20829639 DTXSID90187596 DTXSID90243843 DTXSID00660507 DTXSID30541254 DTXSID90338627 DTXSID90440375 DTXSID90323992 DTXSID80626000 DTXSID00425996 DTXSID20697451 DTXSID00774698 DTXSID00811012 DTXSID00500111 DTXSID50726480 DTXSID60812404 DTXSID30474452 DTXSID00216947 DTXSID60620061
DTXSID90647988	DTXSID10653687 DTXSID40656126 DTXSID90672275 DTXSID20590599 DTXSID40571168 DTXSID90406890 DTXSID70569452 DTXSID70590584 DTXSID30404754 DTXSID30488256 DTXSID80385004 DTXSID80295533 DTXSID90300187 DTXSID30672032 DTXSID00158752 DTXSID90831284 DTXSID20326638 DTXSID10557050 DTXSID70745916 DTXSID50239863
DTXSID50335233	DTXSID70341018 DTXSID20445999 DTXSID40697155 DTXSID70589837 DTXSID20485153 DTXSID60640800 DTXSID60842544 DTXSID30385110 DTXSID60425199 DTXSID50799997 DTXSID40180330 DTXSID00541362 DTXSID20640866 DTXSID30556343 DTXSID00278323 DTXSID50370902 DTXSID50812918 DTXSID00705785 DTXSID50436633 DTXSID70734123
DTXSID00160532	DTXSID1069825 DTXSID40835535 DTXSID60562871 DTXSID40818368 DTXSID80198156 DTXSID2065757 DTXSID50762621 DTXSID00577909 DTXSID6069826 DTXSID60181147 DTXSID50853942 DTXSID20337704 DTXSID90780425 DTXSID50652477 DTXSID60775383 DTXSID1041398 DTXSID10206612 DTXSID70276210 DTXSID90758447 DTXSID70276578
DTXSID10510948	DTXSID70449765 DTXSID30525231 DTXSID40791748 DTXSID10198806 DTXSID10627181 DTXSID60481437 DTXSID80450948 DTXSID50637769 DTXSID20495494 DTXSID30346509 DTXSID90433782 DTXSID60625556 DTXSID40534915 DTXSID00551027 DTXSID80552279 DTXSID90464854 DTXSID10472219 DTXSID00405738 DTXSID4062519 DTXSID60228420
DTXSID80780196	DTXSID00406482 DTXSID40553949 DTXSID10820953 DTXSID30510687 DTXSID00878988 DTXSID70367879 DTXSID40828184 DTXSID20372958 DTXSID90819507 DTXSID00576694 DTXSID60192935 DTXSID30175174 DTXSID20578493 DTXSID90794901 DTXSID90284453 DTXSID30303394 DTXSID50568807 DTXSID60718134 DTXSID40611154 DTXSID40480100
DTXSID90548663	DTXSID80787403 DTXSID80813559 DTXSID40554138 DTXSID20730135 DTXSID90290716 DTXSID80838585 DTXSID70702281 DTXSID80757020 DTXSID00239257 DTXSID70876532 DTXSID40407317 DTXSID90719154 DTXSID20308494 DTXSID10837920 DTXSID90306821 DTXSID60831579 DTXSID90175897 DTXSID60341123 DTXSID60242525 DTXSID00506597
DTXSID50400490	DTXSID40743606 DTXSID30167650 DTXSID7070769 DTXSID30664371 DTXSID30226478 DTXSID80351481 DTXSID30741914 DTXSID30743498 DTXSID00876287 DTXSID90732424 DTXSID60896067 DTXSID30717210 DTXSID90152845 DTXSID00551289 DTXSID10303695 DTXSID20645255 DTXSID60446788 DTXSID10551290 DTXSID50751474 DTXSID60734490
DTXSID30218656	DTXSID2073017 DTXSID20817531 DTXSID60433259 DTXSID20748694 DTXSID90542560 DTXSID20800625 DTXSID20205954 DTXSID10448196 DTXSID40780031 DTXSID50615143 DTXSID80723124 DTXSID30815164 DTXSID70713711 DTXSID30824958 DTXSID30148863 DTXSID10290430 DTXSID50609507 DTXSID40148874 DTXSID20217653 DTXSID50469188
DTXSID40737303	DTXSID20802265 DTXSID60714878 DTXSID90521855 DTXSID80291373 DTXSID10148321 DTXSID70318765 DTXSID90163234 DTXSID70891588 DTXSID10830875 DTXSID40393488 DTXSID70373576 DTXSID20793821 DTXSID50628091 DTXSID40809650 DTXSID70469908 DTXSID20559469 DTXSID10354788 DTXSID10303695 DTXSID80588038 DTXSID80879473
DTXSID50646593	DTXSID10646377 DTXSID80753502 DTXSID00590153 DTXSID90434592 DTXSID50515578 DTXSID90178803 DTXSID20627854 DTXSID00495710 DTXSID60547421 DTXSID00646205 DTXSID00409377 DTXSID10734940 DTXSID60646307 DTXSID30646399 DTXSID90736407 DTXSID90670291 DTXSID80646384 DTXSID00515588 DTXSID80508716 DTXSID30236037
DTXSID40188937	DTXSID40693238 DTXSID30591214 DTXSID90181655 DTXSID00356392 DTXSID10806398 DTXSID50409029 DTXSID30361752 DTXSID10763412 DTXSID30747335 DTXSID10177550 DTXSID70799095 DTXSID5070529 DTXSID60879411 DTXSID30838752 DTXSID90560729 DTXSID90695323 DTXSID00598078 DTXSID50722604 DTXSID10675647 DTXSID20780433
DTXSID00483556	DTXSID50703690 DTXSID70341755 DTXSID90573197 DTXSID40721429 DTXSID50743394 DTXSID50846839 DTXSID30276372 DTXSID80464787 DTXSID20895511 DTXSID20197946 DTXSID00461576 DTXSID10182063 DTXSID40162656 DTXSID20508230 DTXSID80221599 DTXSID30583679 DTXSID80827696 DTXSID80345264 DTXSID80596936 DTXSID70647749
DTXSID60546777	DTXSID00368516 DTXSID40734014 DTXSID00183887 DTXSID70399413 DTXSID00542450 DTXSID30242911 DTXSID70837562 DTXSID20679136 DTXSID50841309 DTXSID20867834 DTXSID90507013 DTXSID70358808 DTXSID90321837 DTXSID50816810 DTXSID30428374 DTXSID10280659 DTXSID40607855 DTXSID00399320 DTXSID90811162 DTXSID90802010
DTXSID70884819	DTXSID20222484 DTXSID30182181 DTXSID70540524 DTXSID90344248 DTXSID50539234 DTXSID30490839 DTXSID50344249 DTXSID00845610 DTXSID10503390 DTXSID80816166 DTXSID40668648 DTXSID30530426 DTXSID90703593 DTXSID70531255 DTXSID80576238 DTXSID80160737 DTXSID30556525 DTXSID90778807 DTXSID80790210 DTXSID00507589
DTXSID50161635	DTXSID90161639 DTXSID60550516 DTXSID50704006 DTXSID10303817 DTXSID50615385 DTXSID90387731 DTXSID40896727 DTXSID70585475 DTXSID30634736 DTXSID80722556 DTXSID20188935 DTXSID80647376 DTXSID20284688 DTXSID10377573 DTXSID90675923 DTXSID20733565 DTXSID30816914 DTXSID20376158 DTXSID80380630 DTXSID70640932
DTXSID30782327	DTXSID80696420 DTXSID90642514 DTXSID50600953 DTXSID60343788 DTXSID40640606 DTXSID70511451 DTXSID90639247 DTXSID20492625 DTXSID60337061 DTXSID20728537 DTXSID50221364 DTXSID90783810 DTXSID30628054 DTXSID70733212 DTXSID70503573 DTXSID00819932 DTXSID50561439 DTXSID40667575 DTXSID5059296 DTXSID00338097
DTXSID60702573	DTXSID70730145 DTXSID30199370 DTXSID50390706 DTXSID20746397 DTXSID50160981 DTXSID60277534 DTXSID70743614 DTXSID40243196 DTXSID90650230 DTXSID90755017 DTXSID30848715 DTXSID90792028 DTXSID10484514 DTXSID10606552 DTXSID60292449 DTXSID40306199 DTXSID00542470 DTXSID70425867 DTXSID40832302 DTXSID60809374
DTXSID90294173	DTXSID40433398 DTXSID70473525 DTXSID30241545 DTXSID70693443 DTXSID00392376 DTXSID30483029 DTXSID20496845 DTXSID60820125 DTXSID80760019 DTXSID30876114 DTXSID00656147 DTXSID70652439 DTXSID10569931 DTXSID90379459 DTXSID80772798 DTXSID00721061 DTXSID80297436 DTXSID30667468 DTXSID40541644 DTXSID10472875
DTXSID20326638	DTXSID90831284 DTXSID30382301 DTXSID30672032 DTXSID70745916 DTXSID50518509 DTXSID20727989 DTXSID80385004 DTXSID30404754 DTXSID20568637 DTXSID80570918 DTXSID10197915 DTXSID30618253 DTXSID30488256 DTXSID50709672 DTXSID20349685 DTXSID80295533 DTXSID40656126 DTXSID10632992 DTXSID40454942 DTXSID10653687
DTXSID60876965	DTXSID60671553 DTXSID30651201 DTXSID20406161 DTXSID50597576 DTXSID70444013 DTXSID10402339 DTXSID30663066 DTXSID10280755 DTXSID90480155 DTXSID50315570 DTXSID20581644 DTXSID00780936 DTXSID20353681 DTXSID30506707 DTXSID40460886 DTXSID70402698 DTXSID50421640 DTXSID40579149 DTXSID90388561 DTXSID40289039
DTXSID50601283	DTXSID20875813 DTXSID40839114 DTXSID3072242 DTXSID70886515 DTXSID30427322 DTXSID30897546 DTXSID10896395 DTXSID40376130 DTXSID00851251 DTXSID50334625 DTXSID70607767 DTXSID60320519 DTXSID60896042 DTXSID00430101 DTXSID80785585 DTXSID70615549 DTXSID30564701 DTXSID90312927 DTXSID30192987 DTXSID70322903
DTXSID30729499	DTXSID00317766 DTXSID20660908 DTXSID20424284 DTXSID80620169 DTXSID50196028 DTXSID80608826 DTXSID40596295 DTXSID10850376 DTXSID30589373 DTXSID80588290 DTXSID60809374 DTXSID60621654 DTXSID40308254 DTXSID10217122 DTXSID30675508 DTXSID20525200 DTXSID60694580 DTXSID90584728 DTXSID40707006 DTXSID70425867
DTXSID60356272	DTXSID30557810 DTXSID80402306 DTXSID30450099 DTXSID40732550 DTXSID40648607 DTXSID00513862 DTXSID90348983 DTXSID90355798 DTXSID40504113 DTXSID70616516 DTXSID20424567 DTXSID50629487 DTXSID60458689 DTXSID00358977 DTXSID80183441 DTXSID50323675 DTXSID30440677 DTXSID90706488 DTXSID50630270 DTXSID20468163
DTXSID1041398	DTXSID10206612 DTXSID70276578 DTXSID30528040 DTXSID30609742 DTXSID30336900 DTXSID30714603 DTXSID90771570 DTXSID60276426 DTXSID20210280 DTXSID00884246 DTXSID6069826 DTXSID3067231 DTXSID40659197 DTXSID90634898 DTXSID00710076 DTXSID30300722 DTXSID50652477 DTXSID70805761 DTXSID50828135 DTXSID10239187
DTXSID60239672	DTXSID20891139 DTXSID70447645 DTXSID80174834 DTXSID50306004 DTXSID10569991 DTXSID30389638 DTXSID30304306 DTXSID00478189 DTXSID40191628 DTXSID70711419 DTXSID30342248 DTXSID30407987 DTXSID20797743 DTXSID10393859 DTXSID70751774 DTXSID20295613 DTXSID00600140 DTXSID00339443 DTXSID30181371 DTXSID40522559
DTXSID00706535	DTXSID40408203 DTXSID40635496 DTXSID6044648 DTXSID30333176 DTXSID20653476 DTXSID70517771 DTXSID20318013 DTXSID90543436 DTXSID90547570 DTXSID20744171 DTXSID20190770 DTXSID00491015 DTXSID00343449 DTXSID10390348 DTXSID30713515 DTXSID30587935 DTXSID90450858 DTXSID30757772 DTXSID20446421 DTXSID40543441
DTXSID60239677	DTXSID10892094 DTXSID50792261 DTXSID10347973 DTXSID30433605 DTXSID40341666 DTXSID20754452 DTXSID40341661 DTXSID10783832 DTXSID50700528 DTXSID30297769 DTXSID80341660 DTXSID90804832 DTXSID20794979 DTXSID40647397 DTXSID70477528 DTXSID70346765 DTXSID20341664 DTXSID30827388 DTXSID50737490 DTXSID20536553
DTXSID60471474	DTXSID80211677 DTXSID00413191 DTXSID50415544 DTXSID00570430 DTXSID70848471 DTXSID10379299 DTXSID10159977 DTXSID20158431 DTXSID10888412 DTXSID20476965 DTXSID90767615 DTXSID70456873 DTXSID00420305 DTXSID40876064 DTXSID70744343 DTXSID30185571 DTXSID10837041 DTXSID30383914 DTXSID70489489 DTXSID70502324
DTXSID10707634	DTXSID50383239 DTXSID50506067 DTXSID60335284 DTXSID40181180 DTXSID40228625 DTXSID80469499 DTXSID80239336 DTXSID20633798 DTXSID40841656 DTXSID00755265 DTXSID9022237 DTXSID20501347 DTXSID10588026 DTXSID30571612 DTXSID40671632 DTXSID00373504 DTXSID60533122 DTXSID70487026 DTXSID20730473 DTXSID60655595
DTXSID70392484	DTXSID90743974 DTXSID50354621 DTXSID00536894 DTXSID70145831 DTXSID70449649 DTXSID50374804 DTXSID10483385 DTXSID40706150 DTXSID10305598 DTXSID10316184 DTXSID90443664 DTXSID00696205 DTXSID60536810 DTXSID70811428 DTXSID00559149 DTXSID30585375 DTXSID10727837 DTXSID30579375 DTXSID20398810 DTXSID30760367
DTXSID30400852	DTXSID50290232 DTXSID30482714 DTXSID20831939 DTXSID30616294 DTXSID10291689 DTXSID40309645 DTXSID60703924 DTXSID40230809 DTXSID10610614 DTXSID50518761 DTXSID40664842 DTXSID50549550 DTXSID00768471 DTXSID70539892 DTXSID40660980 DTXSID10349912 DTXSID50228333 DTXSID70365476 DTXSID30489420 DTXSID80199264
DTXSID00731322	DTXSID90706185 DTXSID80296964 DTXSID60432929 DTXSID30675048 DTXSID00681696 DTXSID90675064 DTXSID80825970 DTXSID80288283 DTXSID30842718 DTXSID20726376 DTXSID20445797 DTXSID10629923 DTXSID40724470 DTXSID40346691 DTXSID40656404 DTXSID10654715 DTXSID70648998 DTXSID40612666 DTXSID40694386 DTXSID20623710
DTXSID20624146	DTXSID00807834 DTXSID90820815 DTXSID00325563 DTXSID9069849 DTXSID70799737 DTXSID90786326 DTXSID50198300 DTXSID50175070 DTXSID50783538 DTXSID00817918 DTXSID70464776 DTXSID40187066 DTXSID90562940 DTXSID80335786 DTXSID70562362 DTXSID00816986 DTXSID60660361 DTXSID60468920 DTXSID70453201 DTXSID50632714
DTXSID50733639	DTXSID40618345 DTXSID80718853 DTXSID00190172 DTXSID80727324 DTXSID20535420 DTXSID90396222 DTXSID30837225 DTXSID30555654 DTXSID50346844 DTXSID40646461 DTXSID60195325 DTXSID70658234 DTXSID80377949 DTXSID40827091 DTXSID40365226 DTXSID20705520 DTXSID50289141 DTXSID80646627 DTXSID50808230 DTXSID40701504
DTXSID60608324	DTXSID10444037 DTXSID80489637 DTXSID80563507 DTXSID70486135 DTXSID70516784 DTXSID80879731 DTXSID00502857 DTXSID10604336 DTXSID80312456 DTXSID20403610 DTXSID00429050 DTXSID00201636 DTXSID50285047 DTXSID20519503 DTXSID50534365 DTXSID40560350 DTXSID20356910 DTXSID30356764 DTXSID90308284 DTXSID50314442
DTXSID00441171	DTXSID80517949 DTXSID10842978 DTXSID40386395 DTXSID10448414 DTXSID70858070 DTXSID40826463 DTXSID90213687 DTXSID80786658 DTXSID40886941 DTXSID50462639 DTXSID60651118 DTXSID10447669 DTXSID10185514 DTXSID70342626 DTXSID30336703 DTXSID00781261 DTXSID20615493 DTXSID80364490 DTXSID10335956 DTXSID10698513
DTXSID00632966	DTXSID10577450 DTXSID30865700 DTXSID60795081 DTXSID20613499 DTXSID50816734 DTXSID60536552 DTXSID40636908 DTXSID40816728 DTXSID70709896 DTXSID30851466 DTXSID00787066 DTXSID50811567 DTXSID90796788 DTXSID70842010 DTXSID00161882 DTXSID80742456 DTXSID00756111 DTXSID60816720 DTXSID10822073 DTXSID40776631
DTXSID90848559	DTXSID60800068 DTXSID10343814 DTXSID2072881 DTXSID70408650 DTXSID10519254 DTXSID10452955 DTXSID00391061 DTXSID90346141 DTXSID20439196 DTXSID80299970 DTXSID60536719 DTXSID60327528 DTXSID10733074 DTXSID70708324 DTXSID40397668 DTXSID70557910 DTXSID20656366 DTXSID40334154 DTXSID40407377 DTXSID70275501
DTXSID80782594	DTXSID20663792 DTXSID90895689 DTXSID70724660 DTXSID60189986 DTXSID10663766 DTXSID20189422 DTXSID00324278 DTXSID40277799 DTXSID50277341 DTXSID70441289 DTXSID90610334 DTXSID70895425 DTXSID60463218 DTXSID70425009 DTXSID30878370 DTXSID20873839 DTXSID40875118 DTXSID70895420 DTXSID30392389 DTXSID60444229
DTXSID00774916	DTXSID40684601 DTXSID20222787 DTXSID20649435 DTXSID40655977 DTXSID80463452 DTXSID90379934 DTXSID60184870 DTXSID50456533 DTXSID90578703 DTXSID60670142 DTXSID30490970 DTXSID60665472 DTXSID80350737 DTXSID00326196 DTXSID40756736 DTXSID90454937 DTXSID9061178 DTXSID60729402 DTXSID10359430 DTXSID60154018
DTXSID50879349	DTXSID00663573 DTXSID50531132 DTXSID20696449 DTXSID20633955 DTXSID60497452 DTXSID80661173 DTXSID70190700 DTXSID70165837 DTXSID00166478 DTXSID40697453 DTXSID8040278 DTXSID50695324 DTXSID60441157 DTXSID70876234 DTXSID90734408 DTXSID80358899 DTXSID00528951 DTXSID00511085 DTXSID00721127 DTXSID70621620
DTXSID60476747	DTXSID30357635 DTXSID60298688 DTXSID90284478 DTXSID10389373 DTXSID70609605 DTXSID30373673 DTXSID80320773 DTXSID10842453 DTXSID10533314 DTXSID20595680 DTXSID10593776 DTXSID00697257 DTXSID40708639 DTXSID10645244 DTXSID80396852 DTXSID60557545 DTXSID60415535 DTXSID80170790 DTXSID90625943 DTXSID40350132
DTXSID30447287	DTXSID20362556 DTXSID80181826 DTXSID00596812 DTXSID00879470 DTXSID10426979 DTXSID90598663 DTXSID80407255 DTXSID3063045 DTXSID90349172 DTXSID50545799 DTXSID20572976 DTXSID80791282 DTXSID70589594 DTXSID40831916 DTXSID10607802 DTXSID10394942 DTXSID80724393 DTXSID20774958 DTXSID40819113 DTXSID60286207
DTXSID90722921	DTXSID90348968 DTXSID80436661 DTXSID40348731 DTXSID10308665 DTXSID70616314 DTXSID90693208 DTXSID30343679 DTXSID10777190 DTXSID30401026 DTXSID00681055 DTXSID00214044 DTXSID90370966 DTXSID60561849 DTXSID40661659 DTXSID80597943 DTXSID80733081 DTXSID30371053 DTXSID70142845 DTXSID20879058 DTXSID80475919
DTXSID30722324	DTXSID80661234 DTXSID20883175 DTXSID80349606 DTXSID00374652 DTXSID10280518 DTXSID50453481 DTXSID00363127 DTXSID90805021 DTXSID40700572 DTXSID40649795 DTXSID80679218 DTXSID00833719 DTXSID5022803 DTXSID80879493 DTXSID50294250 DTXSID70623684 DTXSID00640667 DTXSID90771333 DTXSID10441586 DTXSID10160386
DTXSID10790102	DTXSID50482655 DTXSID40532355 DTXSID8051706 DTXSID30793837 DTXSID50708483 DTXSID70711257 DTXSID30170922 DTXSID10317277 DTXSID70564664 DTXSID10805583 DTXSID40811839 DTXSID00331427 DTXSID60884823 DTXSID50775251 DTXSID50766705 DTXSID40886880 DTXSID90280773 DTXSID50753675 DTXSID00543068 DTXSID60812121
DTXSID70165837	DTXSID80358899 DTXSID80661173 DTXSID00528951 DTXSID30393856 DTXSID00166478 DTXSID00511085 DTXSID30671762 DTXSID40573142 DTXSID50678379 DTXSID50879349 DTXSID60441157 DTXSID90753477 DTXSID20633955 DTXSID40463312 DTXSID70621620 DTXSID60497452 DTXSID80354715 DTXSID90396409 DTXSID60183868 DTXSID10363835
DTXSID90509214	DTXSID70457305 DTXSID80531423 DTXSID90334149 DTXSID00719322 DTXSID40581323 DTXSID20630782 DTXSID00225190 DTXSID40431657 DTXSID50340948 DTXSID40833839 DTXSID50853381 DTXSID00597642 DTXSID10733817 DTXSID40303729 DTXSID00750356 DTXSID50515371 DTXSID60580217 DTXSID70517256 DTXSID70770268 DTXSID20798912
DTXSID70299409	DTXSID60835815 DTXSID20277151 DTXSID50321732 DTXSID90733219 DTXSID10600595 DTXSID60657039 DTXSID90325153 DTXSID00559806 DTXSID70783656 DTXSID80557042 DTXSID70589478 DTXSID60710254 DTXSID00393560 DTXSID30671560 DTXSID00574332 DTXSID40659692 DTXSID20288681 DTXSID40451698 DTXSID00362579 DTXSID20449336
DTXSID90813707	DTXSID80570276 DTXSID80211632 DTXSID80354891 DTXSID70309653 DTXSID30322782 DTXSID30346367 DTXSID50733937 DTXSID60464760 DTXSID50660936 DTXSID70481504 DTXSID20516850 DTXSID90808375 DTXSID70411184 DTXSID30642477 DTXSID70843961 DTXSID10349912 DTXSID80383500 DTXSID50429247 DTXSID20159226 DTXSID50315974
DTXSID90483020	DTXSID20838140 DTXSID90408576 DTXSID30372484 DTXSID2024791 DTXSID10181490 DTXSID30198484 DTXSID60454661 DTXSID10180923 DTXSID60542759 DTXSID30483483 DTXSID60199601 DTXSID40795125 DTXSID3057692 DTXSID80742077 DTXSID90296834 DTXSID30288293 DTXSID70599118 DTXSID50496494 DTXSID80444004 DTXSID00559528
DTXSID00820260	DTXSID90513452 DTXSID60315945 DTXSID60740637 DTXSID60558310 DTXSID20792955 DTXSID80676767 DTXSID70780766 DTXSID20815673 DTXSID00720559 DTXSID80240427 DTXSID50576785 DTXSID90559138 DTXSID10448853 DTXSID80611870 DTXSID70499967 DTXSID80283036 DTXSID30167256 DTXSID50596322 DTXSID40144790 DTXSID90509850
DTXSID30398023	DTXSID20365502 DTXSID30634539 DTXSID10221340 DTXSID80209251 DTXSID90171839 DTXSID70201941 DTXSID20673533 DTXSID70567352 DTXSID90231780 DTXSID30822737 DTXSID00791224 DTXSID60437131 DTXSID00219099 DTXSID40595309 DTXSID90734084 DTXSID20346755 DTXSID40756655 DTXSID70446895 DTXSID80671813 DTXSID60830062
DTXSID50198623	DTXSID40392491 DTXSID00592430 DTXSID10547299 DTXSID40733941 DTXSID50217121 DTXSID70801127 DTXSID70610372 DTXSID20595206 DTXSID50561575 DTXSID50664858 DTXSID50561257 DTXSID40767105 DTXSID80675972 DTXSID60145840 DTXSID40876847 DTXSID40804983 DTXSID20144394 DTXSID60886903 DTXSID30788844 DTXSID10371692
DTXSID70548964	DTXSID80377186 DTXSID30175174 DTXSID90794901 DTXSID4059251 DTXSID20228325 DTXSID00588297 DTXSID80218944 DTXSID70536164 DTXSID70397414 DTXSID20677536 DTXSID10558300 DTXSID90767216 DTXSID00447830 DTXSID70186380 DTXSID40480100 DTXSID40421230 DTXSID10188005 DTXSID50315232 DTXSID00878988 DTXSID30806976
DTXSID40581924	DTXSID30239664 DTXSID70765735 DTXSID90539798 DTXSID70592886 DTXSID20468941 DTXSID90303673 DTXSID90780526 DTXSID40739943 DTXSID90443907 DTXSID80217295 DTXSID20806607 DTXSID0068026 DTXSID5074472 DTXSID40489830 DTXSID0046513 DTXSID20565303 DTXSID60478428 DTXSID1070856 DTXSID70303954 DTXSID80601635
DTXSID90469309	DTXSID40840361 DTXSID00694029 DTXSID10317277 DTXSID60236282 DTXSID90280773 DTXSID40886880 DTXSID00618164 DTXSID00281130 DTXSID50775332 DTXSID80893735 DTXSID30778609 DTXSID20825196 DTXSID60460363 DTXSID80793680 DTXSID50766705 DTXSID10805583 DTXSID8051706 DTXSID10239187 DTXSID70711257 DTXSID70471960
DTXSID00166478	DTXSID60183868 DTXSID80661173 DTXSID50678379 DTXSID60497452 DTXSID70876234 DTXSID20295274 DTXSID90753477 DTXSID90396409 DTXSID80358899 DTXSID60441157 DTXSID70165837 DTXSID30393856 DTXSID50879349 DTXSID40697453 DTXSID80354715 DTXSID70326108 DTXSID60705544 DTXSID00511085 DTXSID90567016 DTXSID90457286
DTXSID70285706	DTXSID90294037 DTXSID10567932 DTXSID60524616 DTXSID40343786 DTXSID60510918 DTXSID20383281 DTXSID50523537 DTXSID90514803 DTXSID20478080 DTXSID20293179 DTXSID2037714 DTXSID70518021 DTXSID00550772 DTXSID50679866 DTXSID30639766 DTXSID80624889 DTXSID80340113 DTXSID20342651 DTXSID80442020 DTXSID70484378
DTXSID00416965	DTXSID20533380 DTXSID30831501 DTXSID50280032 DTXSID70438179 DTXSID20513687 DTXSID80356315 DTXSID30531150 DTXSID20780913 DTXSID80763949 DTXSID60634906 DTXSID40312371 DTXSID10325736 DTXSID90567430 DTXSID50550262 DTXSID90594948 DTXSID70791014 DTXSID40874080 DTXSID20526212 DTXSID30610111 DTXSID20297278
DTXSID60298688	DTXSID30357635 DTXSID60476747 DTXSID10842453 DTXSID40708639 DTXSID80320773 DTXSID70609605 DTXSID20595680 DTXSID90284478 DTXSID30420671 DTXSID10645244 DTXSID10593776 DTXSID10389373 DTXSID10533314 DTXSID30373673 DTXSID90701110 DTXSID40350132 DTXSID90625943 DTXSID40365680 DTXSID80228902 DTXSID10729396
DTXSID40156813	DTXSID90331931 DTXSID50751116 DTXSID90401300 DTXSID40736614 DTXSID4059253 DTXSID40351048 DTXSID80666461 DTXSID80324913 DTXSID60212142 DTXSID50340180 DTXSID90507811 DTXSID50808376 DTXSID80710110 DTXSID20360335 DTXSID40369466 DTXSID60283352 DTXSID20608365 DTXSID80375086 DTXSID50632259 DTXSID50483768
DTXSID80357468	DTXSID00587583 DTXSID90390604 DTXSID70176408 DTXSID10313532 DTXSID20582919 DTXSID40544695 DTXSID70143731 DTXSID00190899 DTXSID7069023 DTXSID50341511 DTXSID10191478 DTXSID40382796 DTXSID50847088 DTXSID70751971 DTXSID90705799 DTXSID40815312 DTXSID70765391 DTXSID80768717 DTXSID30816550 DTXSID40239670
DTXSID10784768	DTXSID40161482 DTXSID90398908 DTXSID00712313 DTXSID10294599 DTXSID00680048 DTXSID30676414 DTXSID20198655 DTXSID90182107 DTXSID80206088 DTXSID70393719 DTXSID60564971 DTXSID80385786 DTXSID00672827 DTXSID20707605 DTXSID10403003 DTXSID80699299 DTXSID80657339 DTXSID50709137 DTXSID40532698 DTXSID60725005
DTXSID70793053	DTXSID50716826 DTXSID80769229 DTXSID10831741 DTXSID30588563 DTXSID60786631 DTXSID30574401 DTXSID9051745 DTXSID60209613 DTXSID10613125 DTXSID50552842 DTXSID60341123 DTXSID70398688 DTXSID40528793 DTXSID90706640 DTXSID40481793 DTXSID50657063 DTXSID90702066 DTXSID00724456 DTXSID70703874 DTXSID30701937
DTXSID80753941	DTXSID10189714 DTXSID50705750 DTXSID50293203 DTXSID10497361 DTXSID80889294 DTXSID30828774 DTXSID70509818 DTXSID40399561 DTXSID40642428 DTXSID60818047 DTXSID70554121 DTXSID60192233 DTXSID40207955 DTXSID40791662 DTXSID00579983 DTXSID40796495 DTXSID30642376 DTXSID00489694 DTXSID70226876 DTXSID90845982
DTXSID70623987	DTXSID00706792 DTXSID00145324 DTXSID20528397 DTXSID80616800 DTXSID30541572 DTXSID60579661 DTXSID00428720 DTXSID80343765 DTXSID90561074 DTXSID60876900 DTXSID70359411 DTXSID60778778 DTXSID70645881 DTXSID50604052 DTXSID00818667 DTXSID30589575 DTXSID80809139 DTXSID90215565 DTXSID6044773 DTXSID00598513
DTXSID50621249	DTXSID80502759 DTXSID70559191 DTXSID40462249 DTXSID50527777 DTXSID70359395 DTXSID30567075 DTXSID50709910 DTXSID50354681 DTXSID70241625 DTXSID70328364 DTXSID50728005 DTXSID00444344 DTXSID10518101 DTXSID00452565 DTXSID20509883 DTXSID20476162 DTXSID00523683 DTXSID40339083 DTXSID20241751 DTXSID60229255
DTXSID10561975	DTXSID50178708 DTXSID40382933 DTXSID10803483 DTXSID60308751 DTXSID40811253 DTXSID00769266 DTXSID60214121 DTXSID80788253 DTXSID30558488 DTXSID30507638 DTXSID20876047 DTXSID80700798 DTXSID50553950 DTXSID60542052 DTXSID50812918 DTXSID60222746 DTXSID60211832 DTXSID30479922 DTXSID40466085 DTXSID90733638
DTXSID40228701	DTXSID00754490 DTXSID20676943 DTXSID50555378 DTXSID60458866 DTXSID40847052 DTXSID4034817 DTXSID50733073 DTXSID90524068 DTXSID20502450 DTXSID10757811 DTXSID2026602 DTXSID40337105 DTXSID7066643 DTXSID20612381 DTXSID10715779 DTXSID40209676 DTXSID90189358 DTXSID70582525 DTXSID70433583 DTXSID6047862
DTXSID20378692	DTXSID40451698 DTXSID90802010 DTXSID90370522 DTXSID20679136 DTXSID40659692 DTXSID50304449 DTXSID20867834 DTXSID60727382 DTXSID70693201 DTXSID00508096 DTXSID50841309 DTXSID50404554 DTXSID30277485 DTXSID80733622 DTXSID10280659 DTXSID00183887 DTXSID10565094 DTXSID40607855 DTXSID70837562 DTXSID30818579
DTXSID9073628	DTXSID40288729 DTXSID70760740 DTXSID70223906 DTXSID10758666 DTXSID60378691 DTXSID9025403 DTXSID20503528 DTXSID00651859 DTXSID90585831 DTXSID90702268 DTXSID00418545 DTXSID10608990 DTXSID7044764 DTXSID30238455 DTXSID20370858 DTXSID00390094 DTXSID90876933 DTXSID30652637 DTXSID40452140 DTXSID70367112
DTXSID70176180	DTXSID80204468 DTXSID50405900 DTXSID00523148 DTXSID10577213 DTXSID70874477 DTXSID90223322 DTXSID10738281 DTXSID40494464 DTXSID30813064 DTXSID20765967 DTXSID70639043 DTXSID10771512 DTXSID10525618 DTXSID00366512 DTXSID80284725 DTXSID70527512 DTXSID30782408 DTXSID30195034 DTXSID30563198 DTXSID00334771
DTXSID30562621	DTXSID20578554 DTXSID10712182 DTXSID40365145 DTXSID30580148 DTXSID70445343 DTXSID50696457 DTXSID70470251 DTXSID00399320 DTXSID50816810 DTXSID70558563 DTXSID20539948 DTXSID30190943 DTXSID70193337 DTXSID00480989 DTXSID90736028 DTXSID20721068 DTXSID30705071 DTXSID70642537 DTXSID60675511 DTXSID20184699
DTXSID40822687	DTXSID50552024 DTXSID70599971 DTXSID60281853 DTXSID40625731 DTXSID30392965 DTXSID50454695 DTXSID80699370 DTXSID10848359 DTXSID20453519 DTXSID50421640 DTXSID90805965 DTXSID20566476 DTXSID10617229 DTXSID70342626 DTXSID10515256 DTXSID10284657 DTXSID80640322 DTXSID60640320 DTXSID00603732 DTXSID50650796
DTXSID70176185	DTXSID10499709 DTXSID10815440 DTXSID00446065 DTXSID70676397 DTXSID70440979 DTXSID50875846 DTXSID50190425 DTXSID20585925 DTXSID20849918 DTXSID50597137 DTXSID40494863 DTXSID80556555 DTXSID50369997 DTXSID70646373 DTXSID20318553 DTXSID10696599 DTXSID00200205 DTXSID00349547 DTXSID50361299 DTXSID70554161
DTXSID20430688	DTXSID1046506 DTXSID50751474 DTXSID50394522 DTXSID40615596 DTXSID30664371 DTXSID70487647 DTXSID90732424 DTXSID00551289 DTXSID30741914 DTXSID80156493 DTXSID70350342 DTXSID60446788 DTXSID20405593 DTXSID60771643 DTXSID40743606 DTXSID10202997 DTXSID50356327 DTXSID30428359 DTXSID10202078 DTXSID60879411
DTXSID60618206	DTXSID50154325 DTXSID80665479 DTXSID90747351 DTXSID10448358 DTXSID30713434 DTXSID50429247 DTXSID40681493 DTXSID80793069 DTXSID60799327 DTXSID70662836 DTXSID20493516 DTXSID70481504 DTXSID70579652 DTXSID20296483 DTXSID80210827 DTXSID50625080 DTXSID5020942 DTXSID10556543 DTXSID10618094 DTXSID80297118
DTXSID30615146	DTXSID20558952 DTXSID40706170 DTXSID10322826 DTXSID00787248 DTXSID40869951 DTXSID80756710 DTXSID30844232 DTXSID30307135 DTXSID10852012 DTXSID10224790 DTXSID20776896 DTXSID3070418 DTXSID70484939 DTXSID20675951 DTXSID60749867 DTXSID80185869 DTXSID30851340 DTXSID00764377 DTXSID00840362 DTXSID90221166
DTXSID20558952	DTXSID30615146 DTXSID40869951 DTXSID00787248 DTXSID40706170 DTXSID80756710 DTXSID10322826 DTXSID10852012 DTXSID20776896 DTXSID10224790 DTXSID30307135 DTXSID30844232 DTXSID3070418 DTXSID00764377 DTXSID60749867 DTXSID10736287 DTXSID10279164 DTXSID80185869 DTXSID70484939 DTXSID00840362 DTXSID20675951
DTXSID70781576	DTXSID90591033 DTXSID0075027 DTXSID8070417 DTXSID60146670 DTXSID30821189 DTXSID50774446 DTXSID00853295 DTXSID80891978 DTXSID6039685 DTXSID90554224 DTXSID80853470 DTXSID40501107 DTXSID90706463 DTXSID40705946 DTXSID90298272 DTXSID40821493 DTXSID70274817 DTXSID00769261 DTXSID80708279 DTXSID40828008
DTXSID50328600	DTXSID10755897 DTXSID20170794 DTXSID60580712 DTXSID10488012 DTXSID90468857 DTXSID40300233 DTXSID30621282 DTXSID40392471 DTXSID00317504 DTXSID70439227 DTXSID50421524 DTXSID20352578 DTXSID00708473 DTXSID30849888 DTXSID60757588 DTXSID80792436 DTXSID70757958 DTXSID60786151 DTXSID20423499 DTXSID60836468
DTXSID60486664	DTXSID30502461 DTXSID80198656 DTXSID10765032 DTXSID60682265 DTXSID60866760 DTXSID10766741 DTXSID10672217 DTXSID40734110 DTXSID00223116 DTXSID00307829 DTXSID60457071 DTXSID20612381 DTXSID20550310 DTXSID50210773 DTXSID90565613 DTXSID50234732 DTXSID3075335 DTXSID90321852 DTXSID00658368 DTXSID10568929
DTXSID70528403	DTXSID00645879 DTXSID10544889 DTXSID30634231 DTXSID60375120 DTXSID10221865 DTXSID80480689 DTXSID30874251 DTXSID40397623 DTXSID90426058 DTXSID50282854 DTXSID60505389 DTXSID50650796 DTXSID70573993 DTXSID50482458 DTXSID20791342 DTXSID10515256 DTXSID80611310 DTXSID00667490 DTXSID80241550 DTXSID60287734
DTXSID90469167	DTXSID30787852 DTXSID90542803 DTXSID90479908 DTXSID10283726 DTXSID70401363 DTXSID70876658 DTXSID60206622 DTXSID40697039 DTXSID00571407 DTXSID70332567 DTXSID10212470 DTXSID70173750 DTXSID70364525 DTXSID90609682 DTXSID90429862 DTXSID20718973 DTXSID00404887 DTXSID40571527 DTXSID80336298 DTXSID60620389
DTXSID70569992	DTXSID80156756 DTXSID10302946 DTXSID00579281 DTXSID00562052 DTXSID20357760 DTXSID10809501 DTXSID10237007 DTXSID00206505 DTXSID4052423 DTXSID10838553 DTXSID90485226 DTXSID90446897 DTXSID10410373 DTXSID60399760 DTXSID60877351 DTXSID00597642 DTXSID00405955 DTXSID00341268 DTXSID90850096 DTXSID50762101
DTXSID30618435	DTXSID70711550 DTXSID10596242 DTXSID50178682 DTXSID60597663 DTXSID00465372 DTXSID30452679 DTXSID10312106 DTXSID00745404 DTXSID10744428 DTXSID10426696 DTXSID50172963 DTXSID40393084 DTXSID60392019 DTXSID20362990 DTXSID10557297 DTXSID80610161 DTXSID80210322 DTXSID90474372 DTXSID30319213 DTXSID40368631
DTXSID80876684	DTXSID50457540 DTXSID50847765 DTXSID90667540 DTXSID60586219 DTXSID90616912 DTXSID50187390 DTXSID80543420 DTXSID30640913 DTXSID10563075 DTXSID00553187 DTXSID10345757 DTXSID30444615 DTXSID10489948 DTXSID20479512 DTXSID20318497 DTXSID40365761 DTXSID30733677 DTXSID60405779 DTXSID20163722 DTXSID30837361
DTXSID10501058	DTXSID90749330 DTXSID50179492 DTXSID00582912 DTXSID5061245 DTXSID30858713 DTXSID40472146 DTXSID60654826 DTXSID40455419 DTXSID5072486 DTXSID60169208 DTXSID40708275 DTXSID20733065 DTXSID70709538 DTXSID50729234 DTXSID00560770 DTXSID20680227 DTXSID80169503 DTXSID70438497 DTXSID30572765 DTXSID40551526
DTXSID60553360	DTXSID50484710 DTXSID40670701 DTXSID60447795 DTXSID10782168 DTXSID10380921 DTXSID50812190 DTXSID80397783 DTXSID10167355 DTXSID90402756 DTXSID20282922 DTXSID20799641 DTXSID90317432 DTXSID70751113 DTXSID30780585 DTXSID70157833 DTXSID60808645 DTXSID30758224 DTXSID20424946 DTXSID00154815 DTXSID70589332
DTXSID50846172	DTXSID90812856 DTXSID90699861 DTXSID00457217 DTXSID50440356 DTXSID20745421 DTXSID40641294 DTXSID60631637 DTXSID70815446 DTXSID90767079 DTXSID80472908 DTXSID60290586 DTXSID00406381 DTXSID60589644 DTXSID00352374 DTXSID70891442 DTXSID00641295 DTXSID80538619 DTXSID50549631 DTXSID20193125 DTXSID30374882
DTXSID40661659	DTXSID80597943 DTXSID00681055 DTXSID30343679 DTXSID70382567 DTXSID20879058 DTXSID10308665 DTXSID50737516 DTXSID00377007 DTXSID80436661 DTXSID80475919 DTXSID20383685 DTXSID90370966 DTXSID60561849 DTXSID20477518 DTXSID80733081 DTXSID30671904 DTXSID90693208 DTXSID90722921 DTXSID10379411 DTXSID90559693
DTXSID60341603	DTXSID10309314 DTXSID10786267 DTXSID10678537 DTXSID50491904 DTXSID7029372 DTXSID40668567 DTXSID70319419 DTXSID80819470 DTXSID00698901 DTXSID70631668 DTXSID10533430 DTXSID00802844 DTXSID90814597 DTXSID00829995 DTXSID40493593 DTXSID50719852 DTXSID70749156 DTXSID80369228 DTXSID40753407 DTXSID10178941
DTXSID90608771	DTXSID20375085 DTXSID60395929 DTXSID60438865 DTXSID90149336 DTXSID70742783 DTXSID50280274 DTXSID40282005 DTXSID40551667 DTXSID40244168 DTXSID40616866 DTXSID00429853 DTXSID30343058 DTXSID10808695 DTXSID10563954 DTXSID50736064 DTXSID30579759 DTXSID70353797 DTXSID10288332 DTXSID40425995 DTXSID80375086
DTXSID40161482	DTXSID10784768 DTXSID90398908 DTXSID00712313 DTXSID10294599 DTXSID30676414 DTXSID00680048 DTXSID20198655 DTXSID90182107 DTXSID70393719 DTXSID80206088 DTXSID00672827 DTXSID60564971 DTXSID40532698 DTXSID20707605 DTXSID80385786 DTXSID10403003 DTXSID80699299 DTXSID50709137 DTXSID00186176 DTXSID40508272
DTXSID10174761	DTXSID30389739 DTXSID30645342 DTXSID70704543 DTXSID20444104 DTXSID60897211 DTXSID00532730 DTXSID40279359 DTXSID40297356 DTXSID30186765 DTXSID50561611 DTXSID80451430 DTXSID70674474 DTXSID70736561 DTXSID80679632 DTXSID70672475 DTXSID70283207 DTXSID1072260 DTXSID20300817 DTXSID80726913 DTXSID60447351
DTXSID40847597	DTXSID20146696 DTXSID30579375 DTXSID10727837 DTXSID30296292 DTXSID00401210 DTXSID30836834 DTXSID8068202 DTXSID80589808 DTXSID30585375 DTXSID50421786 DTXSID70811428 DTXSID10398268 DTXSID40390932 DTXSID30760367 DTXSID10563479 DTXSID10313815 DTXSID50436633 DTXSID10408856 DTXSID10316184 DTXSID30343396
DTXSID20627495	DTXSID90759515 DTXSID90707415 DTXSID4047541 DTXSID10443666 DTXSID10214196 DTXSID50562800 DTXSID00652780 DTXSID70849923 DTXSID90291501 DTXSID00171840 DTXSID50343292 DTXSID00202365 DTXSID50425022 DTXSID90339295 DTXSID60447573 DTXSID70836550 DTXSID00445639 DTXSID40143485 DTXSID60697410 DTXSID20200787
DTXSID00371429	DTXSID40365680 DTXSID20567600 DTXSID10729396 DTXSID50650554 DTXSID70282316 DTXSID80405837 DTXSID30420671 DTXSID40708639 DTXSID60812722 DTXSID7073771 DTXSID50879364 DTXSID90701110 DTXSID10652953 DTXSID90753492 DTXSID10842453 DTXSID60661651 DTXSID60784278 DTXSID60298688 DTXSID00576553 DTXSID20384137
DTXSID30815164	DTXSID30148863 DTXSID10448196 DTXSID00886881 DTXSID20817531 DTXSID80599947 DTXSID40148874 DTXSID20514871 DTXSID80151569 DTXSID70765270 DTXSID80723124 DTXSID20783666 DTXSID20205954 DTXSID50469188 DTXSID90542560 DTXSID7072337 DTXSID30218656 DTXSID00866926 DTXSID40662500 DTXSID60433259 DTXSID20217653
DTXSID50708483	DTXSID30170922 DTXSID50775251 DTXSID00543068 DTXSID10790102 DTXSID00331427 DTXSID50753675 DTXSID80708456 DTXSID30793837 DTXSID50482655 DTXSID80444544 DTXSID20735842 DTXSID10805583 DTXSID60769626 DTXSID90437669 DTXSID8051706 DTXSID50576301 DTXSID50823948 DTXSID20240441 DTXSID70711257 DTXSID10711458
DTXSID00724456	DTXSID50148269 DTXSID40528793 DTXSID80735383 DTXSID80561604 DTXSID10289521 DTXSID70787391 DTXSID90790605 DTXSID90706640 DTXSID1066104 DTXSID60786631 DTXSID00438283 DTXSID90213187 DTXSID50657063 DTXSID30384628 DTXSID30574401 DTXSID70793053 DTXSID50716826 DTXSID90209803 DTXSID40738597 DTXSID10781712
DTXSID80384411	DTXSID90774940 DTXSID30445344 DTXSID30202378 DTXSID60602903 DTXSID30415688 DTXSID60502116 DTXSID90342643 DTXSID90154602 DTXSID00216765 DTXSID40613158 DTXSID80442828 DTXSID70794808 DTXSID60813572 DTXSID90349995 DTXSID90834472 DTXSID40659632 DTXSID90510688 DTXSID00896142 DTXSID60231434 DTXSID20681875
DTXSID30384628	DTXSID80561604 DTXSID10737734 DTXSID00438283 DTXSID50610431 DTXSID90490436 DTXSID10781712 DTXSID10289521 DTXSID00528794 DTXSID80819899 DTXSID80729803 DTXSID10175430 DTXSID70787391 DTXSID1066104 DTXSID90707096 DTXSID00724456 DTXSID20390213 DTXSID90213187 DTXSID50148269 DTXSID70475029 DTXSID20682347
DTXSID90354903	DTXSID80199264 DTXSID40352752 DTXSID00567820 DTXSID00323105 DTXSID40666346 DTXSID70283828 DTXSID90808375 DTXSID20631173 DTXSID30616294 DTXSID30482714 DTXSID20516850 DTXSID60703924 DTXSID70708046 DTXSID30624051 DTXSID60464760 DTXSID20183001 DTXSID50549550 DTXSID00425214 DTXSID10610614 DTXSID90782383
DTXSID50419789	DTXSID00371126 DTXSID80593384 DTXSID00600882 DTXSID50736064 DTXSID60466481 DTXSID90236053 DTXSID00678940 DTXSID90343054 DTXSID10808695 DTXSID20608365 DTXSID30485745 DTXSID90214997 DTXSID10563954 DTXSID30524966 DTXSID50798788 DTXSID50280274 DTXSID70564109 DTXSID50743511 DTXSID80370950 DTXSID90788966
DTXSID10402758	DTXSID30874892 DTXSID70232694 DTXSID9069007 DTXSID70370146 DTXSID70850690 DTXSID10318623 DTXSID40469056 DTXSID40467916 DTXSID80584131 DTXSID80142896 DTXSID70748200 DTXSID1023233 DTXSID20809198 DTXSID10166383 DTXSID40837933 DTXSID90309877 DTXSID60701102 DTXSID20794818 DTXSID90162823 DTXSID40201938
DTXSID00836164	DTXSID90360625 DTXSID30310427 DTXSID60736257 DTXSID60591924 DTXSID50164641 DTXSID70630050 DTXSID80620381 DTXSID60813496 DTXSID80601317 DTXSID00308639 DTXSID1042281 DTXSID20377125 DTXSID50393757 DTXSID10651305 DTXSID20482662 DTXSID60818360 DTXSID60591944 DTXSID50672276 DTXSID80358672 DTXSID00747382
DTXSID00465357	DTXSID70642537 DTXSID40341904 DTXSID90864779 DTXSID90562627 DTXSID70193337 DTXSID60337187 DTXSID30580148 DTXSID20578554 DTXSID70558563 DTXSID80740972 DTXSID10174660 DTXSID20184699 DTXSID20308030 DTXSID10712182 DTXSID40477959 DTXSID50749917 DTXSID90736028 DTXSID30562621 DTXSID90475203 DTXSID50660118
DTXSID60823939	DTXSID50622857 DTXSID50345014 DTXSID70221568 DTXSID50467346 DTXSID40374030 DTXSID90805440 DTXSID50667248 DTXSID00345680 DTXSID90313636 DTXSID20534918 DTXSID50598124 DTXSID90647221 DTXSID40773983 DTXSID40168219 DTXSID90783198 DTXSID70820898 DTXSID40310872 DTXSID80631275 DTXSID50218416 DTXSID70710422
DTXSID40430185	DTXSID00766412 DTXSID70405624 DTXSID50311754 DTXSID60422946 DTXSID10597118 DTXSID30369379 DTXSID60667436 DTXSID9068378 DTXSID00487938 DTXSID40507280 DTXSID60201778 DTXSID40435276 DTXSID40831936 DTXSID10505753 DTXSID80664725 DTXSID50556204 DTXSID50589734 DTXSID50757350 DTXSID00481779 DTXSID60446501
DTXSID90624390	DTXSID80422327 DTXSID20198872 DTXSID30311434 DTXSID90527695 DTXSID20294540 DTXSID80618041 DTXSID90805602 DTXSID30742365 DTXSID80284886 DTXSID80615075 DTXSID20807311 DTXSID80465552 DTXSID2025428 DTXSID20695831 DTXSID50208236 DTXSID70748301 DTXSID00501441 DTXSID10656335 DTXSID60664203 DTXSID30527699
DTXSID10189517	DTXSID10343415 DTXSID70599254 DTXSID50632779 DTXSID70768221 DTXSID60807198 DTXSID10166661 DTXSID20652828 DTXSID80819157 DTXSID80541527 DTXSID10749731 DTXSID50850557 DTXSID00618124 DTXSID60632568 DTXSID80458641 DTXSID10214297 DTXSID30275143 DTXSID30606195 DTXSID10594329 DTXSID30642078 DTXSID50610734
DTXSID70477528	DTXSID60149080 DTXSID20536553 DTXSID20794979 DTXSID90804832 DTXSID20790537 DTXSID80615474 DTXSID00809999 DTXSID60816720 DTXSID30816737 DTXSID40767706 DTXSID10892094 DTXSID40341666 DTXSID10347973 DTXSID30433605 DTXSID60239677 DTXSID80341660 DTXSID50792261 DTXSID40776631 DTXSID40341661 DTXSID60340757
DTXSID30479922	DTXSID60211832 DTXSID50553950 DTXSID50812918 DTXSID90622179 DTXSID00541362 DTXSID20640866 DTXSID20485153 DTXSID10803483 DTXSID60842544 DTXSID00637734 DTXSID10561975 DTXSID70589837 DTXSID10495246 DTXSID30556343 DTXSID30718065 DTXSID40382933 DTXSID80788253 DTXSID70353237 DTXSID60425199 DTXSID50534148
DTXSID30874256	DTXSID00494167 DTXSID80320551 DTXSID00890342 DTXSID00751005 DTXSID60805391 DTXSID60446566 DTXSID30318408 DTXSID00620621 DTXSID10718306 DTXSID40566796 DTXSID40760656 DTXSID80633850 DTXSID70317233 DTXSID40585765 DTXSID30237408 DTXSID70559595 DTXSID20805392 DTXSID40214245 DTXSID50840074 DTXSID90708543
DTXSID30874251	DTXSID20791342 DTXSID60287734 DTXSID70528403 DTXSID00667490 DTXSID40397623 DTXSID60375120 DTXSID50282854 DTXSID40576875 DTXSID10221865 DTXSID90426058 DTXSID70799712 DTXSID30634231 DTXSID40720078 DTXSID40855132 DTXSID10531254 DTXSID00442688 DTXSID00645879 DTXSID80480689 DTXSID60505389 DTXSID10544889
DTXSID40230809	DTXSID00768471 DTXSID40660980 DTXSID30489420 DTXSID20831939 DTXSID60703924 DTXSID90235405 DTXSID50290232 DTXSID30616294 DTXSID30400852 DTXSID1044932 DTXSID40535245 DTXSID70715619 DTXSID70539892 DTXSID80187787 DTXSID10291689 DTXSID40752753 DTXSID50848459 DTXSID40629370 DTXSID20655394 DTXSID60618928
DTXSID20453973	DTXSID30666835 DTXSID50619383 DTXSID80275653 DTXSID0058514 DTXSID60374335 DTXSID60710254 DTXSID20536457 DTXSID10832697 DTXSID70589478 DTXSID20886101 DTXSID20290880 DTXSID3068126 DTXSID60621912 DTXSID70602333 DTXSID10600595 DTXSID30671560 DTXSID30413629 DTXSID90596508 DTXSID60318532 DTXSID60616843
DTXSID40365226	DTXSID20535420 DTXSID30837225 DTXSID50346844 DTXSID8067602 DTXSID80727324 DTXSID90646350 DTXSID70658234 DTXSID40827091 DTXSID50733639 DTXSID40618345 DTXSID50212651 DTXSID60195325 DTXSID00190172 DTXSID40857535 DTXSID30646758 DTXSID80718853 DTXSID20345349 DTXSID20168616 DTXSID50729193 DTXSID90405606
DTXSID20231591	DTXSID90529871 DTXSID20435658 DTXSID00464688 DTXSID00356771 DTXSID60501402 DTXSID50778606 DTXSID10491920 DTXSID40507649 DTXSID50428912 DTXSID60402203 DTXSID00484583 DTXSID30382886 DTXSID40307383 DTXSID4041236 DTXSID30473081 DTXSID0065933 DTXSID40359221 DTXSID90499202 DTXSID70574046 DTXSID50637522
DTXSID90845982	DTXSID30642376 DTXSID30164543 DTXSID60443732 DTXSID00579983 DTXSID90385934 DTXSID70607161 DTXSID80790533 DTXSID40207955 DTXSID20281692 DTXSID80323663 DTXSID20474981 DTXSID40642428 DTXSID40619296 DTXSID00318718 DTXSID40874348 DTXSID90400696 DTXSID0052386 DTXSID50538186 DTXSID50705750 DTXSID2052360
DTXSID60589583	DTXSID40606782 DTXSID70645886 DTXSID80325723 DTXSID90667267 DTXSID90430256 DTXSID00876505 DTXSID70184189 DTXSID50837267 DTXSID20418481 DTXSID40835055 DTXSID60479238 DTXSID90596124 DTXSID70280852 DTXSID10144424 DTXSID40757268 DTXSID10277443 DTXSID90791359 DTXSID40855379 DTXSID1067833 DTXSID30671565
DTXSID00710076	DTXSID00892301 DTXSID8070128 DTXSID70805761 DTXSID30714603 DTXSID3026564 DTXSID00884246 DTXSID3042003 DTXSID60300730 DTXSID30300722 DTXSID40659197 DTXSID40770194 DTXSID60460363 DTXSID80893735 DTXSID90883243 DTXSID60276426 DTXSID30528040 DTXSID00618164 DTXSID30336900 DTXSID40880888 DTXSID9051741
DTXSID20455750	DTXSID80613339 DTXSID10206172 DTXSID70177915 DTXSID50507099 DTXSID40183664 DTXSID60229255 DTXSID20716575 DTXSID20513824 DTXSID10530126 DTXSID10577576 DTXSID40721469 DTXSID20552238 DTXSID00531485 DTXSID30573292 DTXSID40577867 DTXSID50287864 DTXSID70516729 DTXSID60493474 DTXSID70328364 DTXSID70879422
DTXSID00559149	DTXSID20368295 DTXSID60536810 DTXSID10495721 DTXSID00536894 DTXSID40757309 DTXSID10483385 DTXSID60340974 DTXSID50395110 DTXSID70449649 DTXSID30750945 DTXSID60725101 DTXSID80279919 DTXSID70392484 DTXSID20398810 DTXSID10471666 DTXSID00566171 DTXSID20406141 DTXSID00839751 DTXSID10408856 DTXSID90462936
DTXSID1024752	DTXSID60733827 DTXSID0020492 DTXSID30298938 DTXSID10157079 DTXSID20368533 DTXSID40341469 DTXSID80726635 DTXSID60896542 DTXSID90508585 DTXSID80646122 DTXSID70542503 DTXSID80831692 DTXSID20391189 DTXSID5067500 DTXSID60829355 DTXSID20352937 DTXSID30640938 DTXSID70576904 DTXSID10458452 DTXSID1020724
DTXSID00506916	DTXSID80487471 DTXSID30726064 DTXSID10582342 DTXSID70677208 DTXSID40492662 DTXSID70325535 DTXSID60377023 DTXSID90278690 DTXSID80728891 DTXSID00695157 DTXSID90574381 DTXSID80294445 DTXSID60307108 DTXSID00321565 DTXSID90591795 DTXSID40808289 DTXSID20534998 DTXSID10616959 DTXSID00281054 DTXSID40444308
DTXSID80331586	DTXSID80601635 DTXSID30772566 DTXSID50552443 DTXSID60478428 DTXSID0046513 DTXSID40194710 DTXSID90443907 DTXSID80275835 DTXSID20806607 DTXSID60794897 DTXSID90780526 DTXSID40601636 DTXSID70399014 DTXSID50757335 DTXSID80814501 DTXSID70592886 DTXSID1040247 DTXSID20837451 DTXSID70394423 DTXSID90216335
DTXSID00559144	DTXSID80576899 DTXSID80560258 DTXSID90302606 DTXSID40208523 DTXSID6063511 DTXSID10783438 DTXSID70751310 DTXSID00775887 DTXSID90404730 DTXSID50410539 DTXSID50783437 DTXSID90660430 DTXSID70622612 DTXSID90765171 DTXSID60751309 DTXSID50757335 DTXSID5047114 DTXSID30770365 DTXSID2063765 DTXSID20195063
DTXSID60847019	DTXSID20173846 DTXSID10804531 DTXSID80466281 DTXSID50587654 DTXSID00732157 DTXSID10667643 DTXSID00494304 DTXSID10277564 DTXSID40834083 DTXSID80765726 DTXSID50757779 DTXSID80535688 DTXSID60381564 DTXSID90876473 DTXSID40700032 DTXSID8070542 DTXSID80694441 DTXSID90819603 DTXSID40790731 DTXSID40815115
DTXSID40528793	DTXSID40481793 DTXSID00724456 DTXSID9051745 DTXSID90706640 DTXSID50657063 DTXSID10613125 DTXSID50716826 DTXSID50148269 DTXSID70793053 DTXSID30588563 DTXSID70649586 DTXSID60786631 DTXSID30574401 DTXSID80735383 DTXSID80769229 DTXSID10289521 DTXSID10831741 DTXSID70787391 DTXSID1066104 DTXSID70703874
DTXSID30527699	DTXSID20807311 DTXSID50849249 DTXSID30742365 DTXSID40646486 DTXSID10742747 DTXSID60664203 DTXSID50653949 DTXSID90805602 DTXSID10396481 DTXSID00345842 DTXSID00391167 DTXSID60587524 DTXSID90481965 DTXSID50332560 DTXSID5051602 DTXSID20294540 DTXSID50208236 DTXSID20198872 DTXSID50595032 DTXSID00195960
DTXSID80766713	DTXSID70596485 DTXSID30519534 DTXSID60501967 DTXSID90826973 DTXSID20523529 DTXSID30850858 DTXSID00402808 DTXSID80806628 DTXSID20468941 DTXSID60615952 DTXSID6066862 DTXSID70880614 DTXSID70477361 DTXSID90423986 DTXSID70765735 DTXSID50476377 DTXSID60523528 DTXSID50771354 DTXSID10600494 DTXSID10338028
DTXSID40296046	DTXSID80892809 DTXSID20145200 DTXSID50580983 DTXSID00483778 DTXSID60762319 DTXSID90734084 DTXSID20346755 DTXSID10502308 DTXSID90553656 DTXSID90567930 DTXSID40356538 DTXSID80212043 DTXSID40481576 DTXSID30402492 DTXSID50398429 DTXSID70567352 DTXSID20516815 DTXSID90824055 DTXSID50528446 DTXSID90453768
DTXSID70564109	DTXSID90214997 DTXSID80415456 DTXSID30485745 DTXSID60466481 DTXSID50302824 DTXSID90236053 DTXSID00430282 DTXSID10808695 DTXSID30524966 DTXSID50736064 DTXSID20608365 DTXSID00600882 DTXSID00371126 DTXSID50419789 DTXSID80593384 DTXSID50280274 DTXSID10566046 DTXSID80471577 DTXSID70600399 DTXSID30593490
DTXSID90321837	DTXSID90507013 DTXSID60720717 DTXSID70358808 DTXSID30242911 DTXSID00542450 DTXSID50879561 DTXSID60856924 DTXSID60675511 DTXSID10537195 DTXSID60647298 DTXSID30350808 DTXSID00399320 DTXSID60193508 DTXSID20721068 DTXSID30190943 DTXSID80405074 DTXSID40517344 DTXSID3063095 DTXSID50742746 DTXSID00879551
DTXSID50445684	DTXSID80509162 DTXSID50670136 DTXSID80843614 DTXSID80652167 DTXSID40755587 DTXSID60787224 DTXSID20415899 DTXSID10737693 DTXSID60718134 DTXSID40480100 DTXSID70367879 DTXSID10605303 DTXSID70453488 DTXSID60192935 DTXSID90274879 DTXSID50568807 DTXSID00829036 DTXSID00192393 DTXSID40828184 DTXSID00341061
DTXSID10561894	DTXSID70491880 DTXSID20162654 DTXSID50153696 DTXSID50556547 DTXSID50543058 DTXSID40831916 DTXSID60735008 DTXSID40489330 DTXSID10607802 DTXSID20356910 DTXSID00831917 DTXSID60204269 DTXSID20876269 DTXSID90598663 DTXSID20572976 DTXSID90349172 DTXSID80407255 DTXSID50651021 DTXSID60876662 DTXSID80664341
DTXSID40622947	DTXSID10695087 DTXSID90392163 DTXSID10584821 DTXSID00672044 DTXSID00464143 DTXSID10702806 DTXSID80703926 DTXSID90381971 DTXSID60731106 DTXSID00672261 DTXSID80656847 DTXSID80650769 DTXSID20649430 DTXSID90879303 DTXSID70142845 DTXSID10422234 DTXSID40777906 DTXSID60561703 DTXSID60404409 DTXSID30621202
DTXSID70367112	DTXSID10829421 DTXSID80405872 DTXSID70760740 DTXSID7044764 DTXSID20370858 DTXSID60711589 DTXSID9025403 DTXSID40288729 DTXSID30238455 DTXSID80345481 DTXSID00390094 DTXSID40408768 DTXSID10806994 DTXSID90876933 DTXSID00506597 DTXSID50560644 DTXSID10655924 DTXSID20903968 DTXSID60378691 DTXSID60369483
DTXSID30339597	DTXSID70240254 DTXSID00774698 DTXSID60787562 DTXSID50757613 DTXSID90668794 DTXSID40889316 DTXSID60812404 DTXSID60441410 DTXSID80493638 DTXSID00530115 DTXSID60283579 DTXSID20697451 DTXSID40632869 DTXSID90177598 DTXSID00216947 DTXSID90842471 DTXSID50726480 DTXSID90381395 DTXSID50722124 DTXSID50377476
DTXSID40304150	DTXSID50368783 DTXSID10307537 DTXSID50810611 DTXSID60340196 DTXSID60193508 DTXSID50742746 DTXSID00511328 DTXSID50639945 DTXSID90731876 DTXSID40200729 DTXSID50481946 DTXSID20581402 DTXSID10285503 DTXSID50680477 DTXSID50354888 DTXSID80443794 DTXSID20161445 DTXSID30418639 DTXSID7044506 DTXSID80405074
DTXSID20629893	DTXSID9021394 DTXSID20580733 DTXSID20730756 DTXSID90316728 DTXSID0041773 DTXSID10856212 DTXSID00823892 DTXSID70613267 DTXSID90325830 DTXSID70666536 DTXSID50605887 DTXSID30661047 DTXSID00338355 DTXSID10511314 DTXSID70377413 DTXSID50186363 DTXSID60576635 DTXSID00403350 DTXSID70214273 DTXSID10177934
DTXSID20342651	DTXSID80340113 DTXSID4052051 DTXSID10567932 DTXSID90520888 DTXSID20478080 DTXSID90514803 DTXSID60524616 DTXSID60202720 DTXSID2059275 DTXSID70518021 DTXSID90339518 DTXSID90592080 DTXSID7071024 DTXSID70826875 DTXSID90294037 DTXSID40343786 DTXSID00334771 DTXSID2037714 DTXSID70285706 DTXSID50523537
DTXSID50903911	DTXSID50184647 DTXSID30566341 DTXSID90766845 DTXSID00498408 DTXSID60790970 DTXSID30575670 DTXSID20230322 DTXSID60885077 DTXSID20814500 DTXSID10758949 DTXSID30768005 DTXSID60767243 DTXSID30223285 DTXSID1068300 DTXSID1068019 DTXSID20752115 DTXSID0062921 DTXSID20888029 DTXSID60768018 DTXSID90216335
DTXSID90391712	DTXSID70856511 DTXSID50322764 DTXSID90850894 DTXSID70324361 DTXSID40467239 DTXSID80391302 DTXSID60727382 DTXSID90596028 DTXSID30277485 DTXSID90323199 DTXSID60647298 DTXSID20841538 DTXSID70750944 DTXSID10579015 DTXSID80483231 DTXSID50541579 DTXSID20206981 DTXSID40517344 DTXSID60601471 DTXSID3063095
DTXSID30235823	DTXSID90778569 DTXSID40677331 DTXSID70888756 DTXSID00649599 DTXSID70717870 DTXSID9044293 DTXSID90572428 DTXSID90808911 DTXSID70592149 DTXSID0070784 DTXSID50731357 DTXSID10700887 DTXSID90330222 DTXSID00292362 DTXSID90328740 DTXSID90821201 DTXSID80562398 DTXSID10649883 DTXSID20676403 DTXSID90850713
DTXSID00743021	DTXSID40801856 DTXSID80635894 DTXSID70509131 DTXSID60843899 DTXSID60447573 DTXSID10883785 DTXSID10174882 DTXSID40396010 DTXSID50425022 DTXSID90358481 DTXSID40824580 DTXSID60175329 DTXSID90707415 DTXSID00538116 DTXSID4062646 DTXSID50579352 DTXSID90339295 DTXSID50428912 DTXSID50562800 DTXSID50343292
DTXSID40225492	DTXSID40310175 DTXSID80781567 DTXSID10341552 DTXSID30465820 DTXSID80664447 DTXSID8066347 DTXSID20292127 DTXSID30782766 DTXSID60594132 DTXSID70599390 DTXSID30279363 DTXSID60785200 DTXSID90518144 DTXSID30279207 DTXSID80324357 DTXSID70150627 DTXSID80635011 DTXSID20811357 DTXSID10425129 DTXSID10589275
DTXSID50684233	DTXSID50818117 DTXSID90427267 DTXSID90585790 DTXSID80718212 DTXSID80346776 DTXSID00444107 DTXSID00625535 DTXSID60744413 DTXSID60674125 DTXSID10364706 DTXSID40589445 DTXSID80407917 DTXSID40762559 DTXSID50286771 DTXSID00604284 DTXSID60573200 DTXSID40589748 DTXSID10406059 DTXSID40144179 DTXSID70712704
DTXSID20889036	DTXSID10605267 DTXSID30210675 DTXSID60423817 DTXSID30769931 DTXSID50753837 DTXSID40887796 DTXSID10658859 DTXSID30146203 DTXSID60515882 DTXSID40707566 DTXSID10339095 DTXSID30393871 DTXSID80853814 DTXSID80872661 DTXSID90619786 DTXSID80338050 DTXSID20295330 DTXSID00432064 DTXSID90599953 DTXSID5070602
DTXSID40222441	DTXSID70496976 DTXSID00308578 DTXSID40177548 DTXSID60715926 DTXSID00147227 DTXSID50663063 DTXSID00490846 DTXSID90485307 DTXSID90651949 DTXSID40792871 DTXSID00427854 DTXSID90710484 DTXSID40712251 DTXSID20579541 DTXSID70320828 DTXSID90493144 DTXSID00322673 DTXSID70472139 DTXSID00440381 DTXSID20292960
DTXSID60391663	DTXSID50704849 DTXSID80763666 DTXSID90535912 DTXSID90534566 DTXSID20808909 DTXSID30844994 DTXSID20379280 DTXSID10814993 DTXSID40195484 DTXSID40338899 DTXSID50424015 DTXSID20315027 DTXSID60732693 DTXSID10856030 DTXSID3022168 DTXSID60192233 DTXSID30280398 DTXSID80657334 DTXSID50855769 DTXSID70751153
DTXSID10494193	DTXSID60803872 DTXSID90405585 DTXSID7041625 DTXSID10169758 DTXSID80640443 DTXSID70283222 DTXSID50761275 DTXSID90657865 DTXSID60598918 DTXSID90205587 DTXSID70668075 DTXSID40183785 DTXSID70174964 DTXSID30397672 DTXSID70369696 DTXSID20417959 DTXSID7023194 DTXSID30313635 DTXSID30309654 DTXSID40357580
DTXSID20876587	DTXSID60586193 DTXSID70814070 DTXSID0052330 DTXSID80407033 DTXSID80283036 DTXSID30403904 DTXSID00236589 DTXSID40474807 DTXSID30167256 DTXSID60776895 DTXSID80611870 DTXSID00564713 DTXSID70780766 DTXSID90344864 DTXSID50596322 DTXSID10448853 DTXSID90313550 DTXSID70764920 DTXSID20571666 DTXSID50579054
DTXSID20553205	DTXSID90651621 DTXSID20238601 DTXSID40856260 DTXSID80516533 DTXSID60351601 DTXSID20349428 DTXSID50388582 DTXSID0069705 DTXSID90277769 DTXSID40232909 DTXSID60884207 DTXSID10737794 DTXSID90343054 DTXSID40645858 DTXSID70885523 DTXSID80289952 DTXSID70733712 DTXSID00423295 DTXSID80698227 DTXSID20452921
DTXSID20565449	DTXSID60460489 DTXSID50627443 DTXSID40734817 DTXSID70641227 DTXSID00340756 DTXSID00708135 DTXSID5060726 DTXSID1023447 DTXSID8067105 DTXSID60545649 DTXSID60752593 DTXSID10241220 DTXSID30285782 DTXSID40283895 DTXSID00345867 DTXSID60344770 DTXSID80532359 DTXSID90796667 DTXSID90492910 DTXSID10776421
DTXSID00745404	DTXSID10596242 DTXSID00481577 DTXSID70381358 DTXSID70711550 DTXSID90474372 DTXSID80610161 DTXSID10557297 DTXSID20874164 DTXSID10312106 DTXSID40543961 DTXSID30618435 DTXSID70709755 DTXSID90814719 DTXSID60392019 DTXSID50172963 DTXSID30452679 DTXSID40608761 DTXSID60597663 DTXSID50178682 DTXSID40393084
DTXSID00446262	DTXSID40757804 DTXSID60312176 DTXSID80463053 DTXSID40679875 DTXSID00409352 DTXSID6065052 DTXSID40458723 DTXSID70218155 DTXSID70597659 DTXSID40544115 DTXSID80467394 DTXSID40279910 DTXSID30583371 DTXSID10505753 DTXSID10496253 DTXSID50226213 DTXSID30525913 DTXSID50801589 DTXSID60415636 DTXSID10354228
DTXSID20597765	DTXSID80318690 DTXSID70397272 DTXSID80499110 DTXSID90497425 DTXSID80556898 DTXSID70238095 DTXSID50208059 DTXSID40405636 DTXSID20611374 DTXSID60556013 DTXSID30716324 DTXSID00606980 DTXSID20154993 DTXSID00314654 DTXSID00384039 DTXSID30423703 DTXSID10142980 DTXSID60379527 DTXSID10760229 DTXSID80724015
DTXSID20886929	DTXSID00818667 DTXSID70670577 DTXSID30589575 DTXSID90215565 DTXSID50604052 DTXSID10527213 DTXSID00598513 DTXSID20528397 DTXSID80616800 DTXSID30874352 DTXSID30541572 DTXSID50531652 DTXSID60346279 DTXSID60876900 DTXSID30185314 DTXSID60831938 DTXSID70534660 DTXSID80765908 DTXSID90728665 DTXSID70496097
DTXSID20222484	DTXSID40668648 DTXSID10503390 DTXSID50539234 DTXSID70540524 DTXSID90344248 DTXSID30530426 DTXSID70884819 DTXSID80576238 DTXSID40199745 DTXSID9044790 DTXSID80542993 DTXSID90778807 DTXSID30556525 DTXSID30508241 DTXSID00507589 DTXSID80790210 DTXSID70490090 DTXSID60364059 DTXSID10705918 DTXSID40329449
DTXSID90506460	DTXSID50589017 DTXSID90337312 DTXSID70488816 DTXSID00143623 DTXSID40749345 DTXSID70353035 DTXSID50427945 DTXSID50590582 DTXSID90388288 DTXSID20667790 DTXSID00372794 DTXSID20324558 DTXSID00496606 DTXSID10452450 DTXSID40513705 DTXSID30146309 DTXSID60668726 DTXSID90512026 DTXSID10215002 DTXSID10600479
DTXSID70368043	DTXSID20405250 DTXSID00841995 DTXSID60557545 DTXSID80170790 DTXSID80396852 DTXSID50725615 DTXSID40561387 DTXSID00697257 DTXSID30375511 DTXSID20720470 DTXSID40387802 DTXSID40806821 DTXSID70342328 DTXSID10389373 DTXSID60415535 DTXSID30373673 DTXSID90373013 DTXSID40717226 DTXSID00826525 DTXSID30202090
DTXSID10568929	DTXSID50234732 DTXSID10672217 DTXSID70876951 DTXSID40734110 DTXSID90565613 DTXSID60458866 DTXSID10766741 DTXSID40847052 DTXSID10757811 DTXSID4034817 DTXSID50555378 DTXSID10482878 DTXSID7066643 DTXSID50210773 DTXSID00223116 DTXSID6047862 DTXSID00720110 DTXSID60486664 DTXSID00307829 DTXSID20612381
DTXSID40705946	DTXSID90298272 DTXSID40501107 DTXSID40821493 DTXSID60146670 DTXSID80891978 DTXSID0075027 DTXSID90554224 DTXSID40220346 DTXSID30821189 DTXSID80579724 DTXSID50841546 DTXSID70781576 DTXSID00343121 DTXSID8070417 DTXSID30707813 DTXSID90591033 DTXSID40828008 DTXSID00830884 DTXSID80708279 DTXSID00160890
DTXSID10886074	DTXSID40195666 DTXSID60511480 DTXSID10699585 DTXSID70450674 DTXSID40417799 DTXSID30147033 DTXSID60822902 DTXSID00752951 DTXSID80195024 DTXSID70785392 DTXSID50767838 DTXSID10648492 DTXSID30710786 DTXSID90759777 DTXSID60752952 DTXSID00826560 DTXSID90602057 DTXSID10202674 DTXSID50782980 DTXSID00699514
DTXSID50787394	DTXSID00598957 DTXSID50508066 DTXSID30450579 DTXSID00694544 DTXSID10726305 DTXSID70757958 DTXSID40761289 DTXSID70807240 DTXSID80511583 DTXSID70502965 DTXSID60188272 DTXSID40756958 DTXSID60734738 DTXSID60524575 DTXSID40300233 DTXSID40508272 DTXSID50787672 DTXSID00389746 DTXSID10444416 DTXSID80792436
DTXSID20578493	DTXSID40791602 DTXSID00878988 DTXSID80456122 DTXSID90224076 DTXSID90794901 DTXSID30303394 DTXSID00576694 DTXSID30323890 DTXSID40340250 DTXSID30525099 DTXSID10820953 DTXSID90819507 DTXSID50315232 DTXSID60648740 DTXSID10455688 DTXSID20228325 DTXSID40401158 DTXSID40465871 DTXSID60172090 DTXSID40786952
DTXSID00412780	DTXSID20876901 DTXSID10806994 DTXSID90854731 DTXSID10180100 DTXSID60831579 DTXSID10544364 DTXSID30876912 DTXSID10675349 DTXSID20903968 DTXSID90695126 DTXSID50560644 DTXSID60369483 DTXSID10837920 DTXSID70876532 DTXSID20656442 DTXSID50624417 DTXSID60355402 DTXSID10699722 DTXSID50832292 DTXSID10338109
DTXSID10705776	DTXSID20589741 DTXSID00413191 DTXSID00762277 DTXSID10379299 DTXSID40575409 DTXSID30876412 DTXSID30427584 DTXSID20476965 DTXSID60291290 DTXSID20427937 DTXSID90884376 DTXSID70742607 DTXSID50627988 DTXSID40613158 DTXSID90150922 DTXSID30356901 DTXSID10888412 DTXSID30217881 DTXSID80364915 DTXSID10837041
DTXSID90486990	DTXSID20533542 DTXSID80338176 DTXSID80744117 DTXSID20862849 DTXSID80771185 DTXSID70611081 DTXSID60550096 DTXSID5068233 DTXSID80640201 DTXSID60813077 DTXSID20645871 DTXSID90326600 DTXSID70724044 DTXSID40504491 DTXSID20656366 DTXSID00725605 DTXSID80876523 DTXSID50474550 DTXSID50625101 DTXSID60645870
DTXSID20307184	DTXSID10491980 DTXSID40357580 DTXSID80879397 DTXSID10441041 DTXSID7023194 DTXSID50760389 DTXSID80349621 DTXSID00854560 DTXSID70853323 DTXSID40358239 DTXSID90205587 DTXSID70668075 DTXSID90402498 DTXSID00201055 DTXSID80612887 DTXSID80395860 DTXSID50896137 DTXSID60164793 DTXSID60495337 DTXSID00731302
DTXSID70518021	DTXSID90514803 DTXSID30851865 DTXSID50523537 DTXSID80424583 DTXSID60524616 DTXSID30813069 DTXSID20383281 DTXSID10567932 DTXSID2059275 DTXSID60202720 DTXSID80340113 DTXSID20342651 DTXSID60511748 DTXSID90592080 DTXSID70605021 DTXSID4052051 DTXSID70484378 DTXSID70578802 DTXSID30818211 DTXSID00667394
DTXSID70888296	DTXSID20745486 DTXSID50289404 DTXSID0072776 DTXSID70177359 DTXSID00887474 DTXSID00768219 DTXSID60241194 DTXSID50499107 DTXSID70762244 DTXSID10826637 DTXSID70793856 DTXSID10784127 DTXSID10764146 DTXSID70867364 DTXSID60873939 DTXSID00841374 DTXSID6044802 DTXSID8027872 DTXSID40707182 DTXSID40873937
DTXSID70177915	DTXSID50507099 DTXSID10530126 DTXSID10206172 DTXSID20455750 DTXSID20716575 DTXSID40721469 DTXSID70879422 DTXSID60493474 DTXSID80613339 DTXSID20599643 DTXSID20513824 DTXSID00531006 DTXSID90462032 DTXSID90557811 DTXSID50287864 DTXSID10577576 DTXSID10669208 DTXSID80452745 DTXSID80633077 DTXSID70768463
DTXSID00352677	DTXSID90602815 DTXSID00514839 DTXSID00733169 DTXSID00505505 DTXSID60487010 DTXSID8069565 DTXSID80365068 DTXSID50639965 DTXSID90226358 DTXSID00484583 DTXSID60704259 DTXSID50337419 DTXSID30382886 DTXSID50778606 DTXSID00872860 DTXSID60633570 DTXSID80162392 DTXSID70346129 DTXSID90579073 DTXSID00385925
DTXSID50812175	DTXSID60605217 DTXSID40830606 DTXSID20675951 DTXSID30805762 DTXSID90176243 DTXSID40789867 DTXSID00804404 DTXSID50780365 DTXSID70790805 DTXSID30844232 DTXSID20888665 DTXSID10805149 DTXSID80830605 DTXSID10819029 DTXSID90221166 DTXSID30307135 DTXSID20802604 DTXSID40706170 DTXSID70484939 DTXSID20808722
DTXSID70165236	DTXSID50818359 DTXSID60473115 DTXSID00181464 DTXSID70147895 DTXSID90547797 DTXSID00461238 DTXSID20369429 DTXSID00631737 DTXSID80354876 DTXSID60470523 DTXSID20212022 DTXSID20363508 DTXSID40297775 DTXSID80355863 DTXSID20295517 DTXSID70724089 DTXSID2047016 DTXSID60635458 DTXSID6041769 DTXSID00462684
DTXSID10589275	DTXSID30465820 DTXSID00223095 DTXSID30207525 DTXSID60424546 DTXSID00657452 DTXSID00604345 DTXSID10506866 DTXSID70599390 DTXSID70375095 DTXSID70150627 DTXSID00657073 DTXSID30782766 DTXSID80781567 DTXSID00290363 DTXSID80664447 DTXSID30311237 DTXSID20322453 DTXSID40310175 DTXSID40225492 DTXSID80635011
DTXSID80397324	DTXSID50382722 DTXSID30578828 DTXSID50441368 DTXSID50473745 DTXSID00667551 DTXSID7051686 DTXSID00707608 DTXSID00887994 DTXSID50712227 DTXSID10561910 DTXSID20579647 DTXSID70478419 DTXSID00282965 DTXSID60451392 DTXSID40514434 DTXSID80434162 DTXSID70402698 DTXSID70783414 DTXSID80509708 DTXSID0064672
DTXSID80878082	DTXSID10509216 DTXSID80612544 DTXSID20320999 DTXSID80311045 DTXSID50569758 DTXSID60842620 DTXSID5026548 DTXSID20144556 DTXSID80407816 DTXSID80365482 DTXSID40279031 DTXSID60526094 DTXSID00638044 DTXSID00873296 DTXSID70536543 DTXSID30435361 DTXSID70529697 DTXSID70159913 DTXSID10341658 DTXSID00732571
DTXSID10403003	DTXSID20707605 DTXSID40530558 DTXSID50700765 DTXSID70876815 DTXSID80206088 DTXSID80542059 DTXSID30287665 DTXSID20226240 DTXSID60564971 DTXSID10792868 DTXSID50841228 DTXSID80657339 DTXSID80385786 DTXSID90459821 DTXSID70297561 DTXSID10756521 DTXSID80555467 DTXSID40828260 DTXSID90398908 DTXSID80843452
DTXSID60635099	DTXSID70395056 DTXSID60282305 DTXSID50778626 DTXSID40880989 DTXSID40867432 DTXSID40193041 DTXSID60775383 DTXSID90176243 DTXSID60710279 DTXSID50853942 DTXSID00210001 DTXSID30431328 DTXSID30805762 DTXSID20808722 DTXSID2070421 DTXSID10819029 DTXSID90221166 DTXSID40210747 DTXSID70580602 DTXSID50812175
DTXSID60780199	DTXSID60276143 DTXSID10872659 DTXSID40563189 DTXSID00629477 DTXSID30429503 DTXSID60775681 DTXSID80274202 DTXSID20197406 DTXSID10202674 DTXSID00829132 DTXSID60242747 DTXSID60816366 DTXSID0067503 DTXSID90763152 DTXSID9072527 DTXSID40613991 DTXSID10890999 DTXSID20242521 DTXSID90602057 DTXSID50507599
DTXSID40485337	DTXSID40188098 DTXSID10720308 DTXSID50742443 DTXSID50876338 DTXSID00556597 DTXSID20474825 DTXSID20817910 DTXSID70879543 DTXSID10740400 DTXSID40485019 DTXSID60358195 DTXSID90406390 DTXSID30372388 DTXSID20162351 DTXSID50335096 DTXSID90875966 DTXSID00313622 DTXSID20229236 DTXSID50483768 DTXSID20511764
DTXSID60344396	DTXSID50455440 DTXSID90845265 DTXSID80678185 DTXSID00408825 DTXSID50682239 DTXSID70637802 DTXSID00475971 DTXSID80618687 DTXSID90763758 DTXSID60755463 DTXSID90741551 DTXSID10463425 DTXSID10175637 DTXSID30290033 DTXSID70667260 DTXSID60326112 DTXSID70606674 DTXSID70447286 DTXSID90395215 DTXSID70835068
DTXSID30733839	DTXSID10770409 DTXSID00513665 DTXSID10650979 DTXSID50561535 DTXSID10573876 DTXSID20423292 DTXSID10705413 DTXSID90879368 DTXSID80676848 DTXSID70680272 DTXSID00428225 DTXSID00655630 DTXSID3063417 DTXSID40623939 DTXSID30284199 DTXSID70316448 DTXSID40699437 DTXSID10646857 DTXSID40513705 DTXSID70653901
DTXSID40322596	DTXSID8047717 DTXSID60290364 DTXSID60463011 DTXSID20880629 DTXSID90490996 DTXSID80769784 DTXSID40186074 DTXSID70243806 DTXSID60445433 DTXSID70278193 DTXSID50788008 DTXSID40494565 DTXSID40809372 DTXSID80774393 DTXSID70584509 DTXSID90334321 DTXSID40474802 DTXSID50196109 DTXSID30823264 DTXSID90467087
DTXSID00488824	DTXSID10609765 DTXSID30572083 DTXSID20216666 DTXSID30313695 DTXSID30515874 DTXSID10626018 DTXSID80224782 DTXSID30173276 DTXSID10399659 DTXSID60388210 DTXSID00524776 DTXSID70494230 DTXSID90663466 DTXSID20589302 DTXSID50392285 DTXSID80506515 DTXSID30857029 DTXSID50190364 DTXSID90193915 DTXSID40311142
DTXSID10809122	DTXSID20342474 DTXSID50543331 DTXSID90770189 DTXSID20231798 DTXSID00501204 DTXSID80282928 DTXSID90842799 DTXSID40501203 DTXSID50344249 DTXSID50232172 DTXSID80816166 DTXSID10467160 DTXSID10296917 DTXSID20406904 DTXSID30490839 DTXSID50512320 DTXSID00845610 DTXSID70705999 DTXSID80790210 DTXSID00507589
DTXSID10647703	DTXSID80310179 DTXSID20602343 DTXSID10708949 DTXSID00237177 DTXSID60381185 DTXSID90283648 DTXSID90440052 DTXSID20600723 DTXSID30435624 DTXSID30369516 DTXSID50491545 DTXSID40171566 DTXSID90819865 DTXSID20892085 DTXSID60792898 DTXSID60425730 DTXSID50468535 DTXSID90290453 DTXSID70876072 DTXSID60651097
DTXSID90187596	DTXSID90243843 DTXSID00660507 DTXSID90558984 DTXSID30541254 DTXSID00592137 DTXSID20829639 DTXSID20697451 DTXSID50726480 DTXSID00216947 DTXSID00811012 DTXSID90323992 DTXSID20449654 DTXSID90338627 DTXSID00774698 DTXSID30825243 DTXSID30725638 DTXSID00439250 DTXSID00425996 DTXSID60787562 DTXSID90440375
DTXSID80503882	DTXSID50233720 DTXSID30673827 DTXSID10752705 DTXSID60791689 DTXSID60633636 DTXSID20697072 DTXSID70876552 DTXSID30546042 DTXSID20374336 DTXSID1058393 DTXSID40468781 DTXSID70443223 DTXSID10400618 DTXSID5059163 DTXSID30751750 DTXSID70659620 DTXSID90771979 DTXSID70484651 DTXSID30388585 DTXSID20297238
DTXSID60769580	DTXSID80238203 DTXSID00609077 DTXSID40404068 DTXSID70495863 DTXSID10711857 DTXSID60656749 DTXSID30649502 DTXSID60640062 DTXSID50558329 DTXSID00182971 DTXSID80668581 DTXSID70283005 DTXSID70332567 DTXSID70364525 DTXSID50436431 DTXSID70849983 DTXSID40856184 DTXSID60206622 DTXSID40483116 DTXSID90799638
DTXSID40784978	DTXSID2062747 DTXSID40277799 DTXSID80666249 DTXSID20764253 DTXSID70724660 DTXSID30850393 DTXSID90895689 DTXSID40449914 DTXSID20663792 DTXSID50519152 DTXSID50526109 DTXSID80782594 DTXSID30647583 DTXSID90214876 DTXSID00348353 DTXSID70880417 DTXSID70880598 DTXSID20302371 DTXSID70329513 DTXSID00823534
DTXSID80756235	DTXSID90894031 DTXSID50735552 DTXSID70303631 DTXSID00400920 DTXSID30411862 DTXSID60813198 DTXSID20756234 DTXSID10310263 DTXSID50326520 DTXSID00699594 DTXSID50728580 DTXSID00472485 DTXSID60823116 DTXSID60723581 DTXSID60457672 DTXSID30434995 DTXSID20625113 DTXSID20804840 DTXSID40647635 DTXSID50793213
DTXSID40818368	DTXSID60562871 DTXSID2065757 DTXSID80198156 DTXSID50762621 DTXSID50853942 DTXSID60181147 DTXSID00160532 DTXSID20337704 DTXSID90780425 DTXSID60775383 DTXSID6069826 DTXSID40835535 DTXSID50652477 DTXSID70276210 DTXSID50778626 DTXSID00210001 DTXSID1069825 DTXSID00601051 DTXSID90758447 DTXSID50797998
DTXSID20673533	DTXSID80209251 DTXSID70567352 DTXSID40756655 DTXSID10221340 DTXSID30634539 DTXSID90734084 DTXSID30398023 DTXSID10502308 DTXSID20365502 DTXSID40595309 DTXSID70201941 DTXSID10633489 DTXSID20346755 DTXSID00483778 DTXSID50580983 DTXSID90231780 DTXSID90171839 DTXSID80892809 DTXSID40192433 DTXSID40481576
DTXSID60774114	DTXSID80344898 DTXSID2060387 DTXSID50286771 DTXSID50392846 DTXSID50896096 DTXSID00681035 DTXSID80612226 DTXSID90585790 DTXSID20478000 DTXSID60744413 DTXSID90581772 DTXSID30666870 DTXSID10612693 DTXSID7046388 DTXSID50853664 DTXSID70594608 DTXSID80648005 DTXSID50684233 DTXSID80718212 DTXSID60359485
DTXSID20858505	DTXSID40693233 DTXSID20778618 DTXSID80576374 DTXSID30243488 DTXSID20756335 DTXSID30789412 DTXSID60327649 DTXSID20532696 DTXSID60148270 DTXSID40577988 DTXSID40719366 DTXSID60813476 DTXSID70153153 DTXSID10847428 DTXSID60873611 DTXSID50280395 DTXSID20847232 DTXSID80682262 DTXSID20815911 DTXSID80552653
DTXSID30393856	DTXSID80358899 DTXSID80661173 DTXSID90753477 DTXSID60441157 DTXSID70165837 DTXSID00166478 DTXSID00528951 DTXSID60183868 DTXSID20295274 DTXSID50678379 DTXSID40697453 DTXSID80685814 DTXSID70326108 DTXSID00376691 DTXSID50567355 DTXSID90396409 DTXSID40573142 DTXSID70876234 DTXSID60497452 DTXSID50879349
DTXSID70797415	DTXSID40694346 DTXSID30473081 DTXSID90499202 DTXSID50428912 DTXSID30402356 DTXSID90319355 DTXSID60843899 DTXSID60876905 DTXSID90529871 DTXSID80635894 DTXSID20569260 DTXSID20435658 DTXSID20464706 DTXSID70551236 DTXSID00464688 DTXSID00651930 DTXSID00872860 DTXSID90358481 DTXSID40511105 DTXSID80485139
DTXSID10606431	DTXSID40418766 DTXSID30378406 DTXSID70774685 DTXSID50210571 DTXSID80561785 DTXSID10579757 DTXSID80693833 DTXSID80456102 DTXSID20391366 DTXSID40309307 DTXSID40664842 DTXSID50171214 DTXSID20429436 DTXSID30681826 DTXSID50228333 DTXSID80724191 DTXSID40516559 DTXSID00640283 DTXSID10734102 DTXSID90290453
DTXSID10866598	DTXSID80765908 DTXSID30874352 DTXSID10527213 DTXSID60346279 DTXSID50507514 DTXSID70592609 DTXSID10699722 DTXSID30545994 DTXSID10552787 DTXSID10610179 DTXSID20886929 DTXSID60407056 DTXSID60831938 DTXSID70534660 DTXSID00604183 DTXSID90609465 DTXSID20628588 DTXSID50694418 DTXSID00534259 DTXSID50697661
DTXSID80771201	DTXSID60339080 DTXSID30737771 DTXSID20636986 DTXSID40492324 DTXSID30639589 DTXSID90755951 DTXSID80169801 DTXSID20340096 DTXSID40285733 DTXSID20459137 DTXSID10544465 DTXSID10472219 DTXSID30340426 DTXSID60219237 DTXSID30524340 DTXSID10456251 DTXSID60599405 DTXSID10838811 DTXSID4062519 DTXSID80332674
DTXSID10582342	DTXSID90278690 DTXSID80728891 DTXSID30208956 DTXSID00769246 DTXSID00506916 DTXSID40637874 DTXSID80487471 DTXSID50856377 DTXSID40492662 DTXSID30726064 DTXSID10602690 DTXSID40429296 DTXSID10506922 DTXSID90574381 DTXSID60307108 DTXSID60745268 DTXSID20534998 DTXSID10344169 DTXSID00281054 DTXSID00695157
DTXSID00744553	DTXSID70840859 DTXSID40315180 DTXSID20642441 DTXSID70849943 DTXSID80345805 DTXSID90660374 DTXSID50304964 DTXSID20526914 DTXSID40286745 DTXSID20504116 DTXSID10634214 DTXSID40632869 DTXSID10798188 DTXSID90339654 DTXSID3052355 DTXSID60877336 DTXSID00281357 DTXSID00295196 DTXSID30704004 DTXSID40212084
DTXSID10728889	DTXSID10708424 DTXSID60600484 DTXSID90805021 DTXSID40278640 DTXSID70795315 DTXSID60154331 DTXSID70670057 DTXSID10280518 DTXSID70560666 DTXSID80299394 DTXSID10441586 DTXSID70666899 DTXSID80381026 DTXSID20548313 DTXSID00506799 DTXSID80754296 DTXSID00833719 DTXSID00410983 DTXSID60722519 DTXSID90156141
DTXSID90707096	DTXSID80595247 DTXSID80729803 DTXSID20682347 DTXSID10359354 DTXSID60179988 DTXSID10289521 DTXSID50610431 DTXSID70694495 DTXSID30493143 DTXSID80338510 DTXSID30384628 DTXSID1066104 DTXSID20796933 DTXSID60649297 DTXSID90276212 DTXSID00438283 DTXSID80561604 DTXSID00755240 DTXSID10471782 DTXSID30701937
DTXSID20812728	DTXSID10472193 DTXSID70649208 DTXSID20509762 DTXSID70293240 DTXSID50843540 DTXSID10597451 DTXSID90468897 DTXSID20440303 DTXSID00332196 DTXSID70403362 DTXSID70214298 DTXSID00210869 DTXSID90738764 DTXSID50616953 DTXSID40459179 DTXSID80308495 DTXSID90533993 DTXSID70313634 DTXSID40509345 DTXSID60640704
DTXSID80633774	DTXSID10527511 DTXSID60545649 DTXSID20698403 DTXSID50203120 DTXSID10475826 DTXSID00345867 DTXSID5060726 DTXSID70531255 DTXSID40790857 DTXSID40283895 DTXSID10241220 DTXSID80160737 DTXSID50492532 DTXSID00340756 DTXSID70521479 DTXSID8067105 DTXSID40223857 DTXSID20180393 DTXSID60344770 DTXSID10705918
DTXSID80540772	DTXSID30586387 DTXSID30416392 DTXSID70894756 DTXSID1058004 DTXSID50383330 DTXSID80200465 DTXSID20742031 DTXSID90615809 DTXSID60675213 DTXSID70656250 DTXSID70382744 DTXSID10794382 DTXSID40776999 DTXSID40504198 DTXSID50421261 DTXSID30594280 DTXSID10630771 DTXSID10190002 DTXSID9048194 DTXSID30568360
DTXSID70419125	DTXSID60302395 DTXSID80420702 DTXSID40170039 DTXSID60876324 DTXSID00702794 DTXSID60550556 DTXSID60177348 DTXSID20274988 DTXSID20318558 DTXSID40545147 DTXSID8047509 DTXSID00372618 DTXSID10367292 DTXSID20626029 DTXSID90344526 DTXSID50517234 DTXSID40233512 DTXSID70802775 DTXSID50623344 DTXSID70428777
DTXSID00384039	DTXSID20611374 DTXSID50830854 DTXSID70395778 DTXSID80548516 DTXSID10760229 DTXSID90497425 DTXSID80318690 DTXSID40536090 DTXSID60221092 DTXSID10392362 DTXSID20597765 DTXSID70239385 DTXSID10727852 DTXSID60379527 DTXSID50208059 DTXSID20640881 DTXSID30716324 DTXSID20154993 DTXSID80351527 DTXSID30896150
DTXSID70576666	DTXSID50709773 DTXSID30402412 DTXSID50560684 DTXSID50568201 DTXSID80303985 DTXSID20876002 DTXSID10600631 DTXSID70158284 DTXSID30241545 DTXSID10569931 DTXSID60636561 DTXSID00451851 DTXSID60820125 DTXSID30483029 DTXSID00392376 DTXSID60634486 DTXSID00805870 DTXSID80537829 DTXSID90238799 DTXSID70473525
DTXSID50727078	DTXSID90706903 DTXSID90406390 DTXSID80681634 DTXSID40624587 DTXSID80326134 DTXSID90309635 DTXSID20751188 DTXSID50340180 DTXSID50180326 DTXSID60559382 DTXSID30310881 DTXSID50729870 DTXSID30228250 DTXSID60358195 DTXSID20511764 DTXSID40369466 DTXSID90668471 DTXSID80416549 DTXSID50808376 DTXSID80738455
DTXSID20340096	DTXSID10544465 DTXSID30737771 DTXSID40492324 DTXSID10818299 DTXSID20636986 DTXSID60184971 DTXSID90755951 DTXSID90487604 DTXSID80771201 DTXSID80169801 DTXSID10838811 DTXSID00391541 DTXSID00814942 DTXSID00763380 DTXSID80552279 DTXSID40534915 DTXSID30639589 DTXSID90784241 DTXSID20431170 DTXSID10472219
DTXSID40766118	DTXSID90762382 DTXSID90577150 DTXSID50275680 DTXSID4057716 DTXSID10829820 DTXSID70697481 DTXSID60701965 DTXSID50226339 DTXSID70582085 DTXSID4072813 DTXSID3063966 DTXSID90305298 DTXSID40747503 DTXSID30415608 DTXSID8069648 DTXSID70742102 DTXSID30276034 DTXSID70855781 DTXSID20835659 DTXSID10649883
DTXSID70850690	DTXSID40469056 DTXSID80142896 DTXSID40837933 DTXSID90162823 DTXSID90214876 DTXSID90155270 DTXSID30874892 DTXSID10402758 DTXSID40874762 DTXSID40201938 DTXSID50526109 DTXSID70232694 DTXSID10166383 DTXSID40333127 DTXSID9069007 DTXSID80584131 DTXSID60874764 DTXSID70370146 DTXSID40823497 DTXSID10218654
DTXSID60184971	DTXSID10838811 DTXSID90784241 DTXSID00391541 DTXSID20431170 DTXSID00763380 DTXSID10500324 DTXSID40492324 DTXSID90755951 DTXSID80169801 DTXSID90487604 DTXSID10818299 DTXSID70460152 DTXSID20341866 DTXSID40200784 DTXSID20340096 DTXSID50457944 DTXSID40330590 DTXSID50340226 DTXSID10404676 DTXSID10544465
DTXSID60332177	DTXSID80226706 DTXSID00220968 DTXSID90766406 DTXSID30625841 DTXSID80724191 DTXSID60292368 DTXSID80561785 DTXSID80621994 DTXSID60170258 DTXSID90204035 DTXSID80172734 DTXSID40280460 DTXSID70365476 DTXSID70214475 DTXSID20741908 DTXSID50228333 DTXSID80306315 DTXSID40495138 DTXSID80525382 DTXSID80418427
DTXSID40192418	DTXSID70341093 DTXSID20707948 DTXSID20509580 DTXSID80485831 DTXSID50342306 DTXSID50508400 DTXSID40348579 DTXSID10627005 DTXSID00669338 DTXSID40613335 DTXSID90390240 DTXSID70541990 DTXSID40538872 DTXSID80655638 DTXSID70652898 DTXSID80348497 DTXSID80462369 DTXSID90578465 DTXSID80463679 DTXSID70608916
DTXSID60649212	DTXSID00728974 DTXSID20307225 DTXSID30553978 DTXSID50351094 DTXSID50300042 DTXSID60819953 DTXSID10398268 DTXSID50421786 DTXSID50652836 DTXSID20593166 DTXSID80551161 DTXSID10563479 DTXSID10363476 DTXSID70561754 DTXSID70741615 DTXSID8047509 DTXSID8059007 DTXSID90429206 DTXSID50517234 DTXSID40642488
DTXSID90796884	DTXSID20185808 DTXSID5070232 DTXSID90179991 DTXSID50694498 DTXSID30526586 DTXSID30819304 DTXSID70759654 DTXSID00428568 DTXSID00678208 DTXSID80637257 DTXSID10518727 DTXSID10715779 DTXSID00612400 DTXSID10772928 DTXSID10590381 DTXSID90524068 DTXSID70477947 DTXSID50767131 DTXSID20877337 DTXSID40682364
DTXSID10826758	DTXSID60856080 DTXSID30651867 DTXSID90711350 DTXSID40646800 DTXSID90427929 DTXSID40716512 DTXSID40674385 DTXSID40588413 DTXSID70642476 DTXSID10581315 DTXSID60217359 DTXSID00485015 DTXSID10309233 DTXSID20485012 DTXSID60532291 DTXSID40313303 DTXSID80736618 DTXSID70651861 DTXSID60284824 DTXSID40513381
DTXSID00350315	DTXSID50310747 DTXSID60443631 DTXSID60365925 DTXSID20624303 DTXSID00472844 DTXSID60668963 DTXSID90640813 DTXSID4060739 DTXSID70401020 DTXSID60157009 DTXSID80391327 DTXSID10474339 DTXSID60675359 DTXSID90614711 DTXSID80733122 DTXSID40319825 DTXSID60711948 DTXSID50230830 DTXSID40794991 DTXSID70657121
DTXSID90323199	DTXSID90850894 DTXSID50541579 DTXSID70856511 DTXSID70324361 DTXSID90391712 DTXSID50322764 DTXSID80391302 DTXSID40712115 DTXSID40517344 DTXSID90596028 DTXSID20841538 DTXSID60647298 DTXSID50509235 DTXSID30277485 DTXSID20514831 DTXSID10650333 DTXSID30350808 DTXSID60727382 DTXSID10280659 DTXSID50879561
DTXSID3057692	DTXSID70599118 DTXSID30638613 DTXSID50464411 DTXSID50496494 DTXSID40795125 DTXSID10713593 DTXSID50727174 DTXSID30372484 DTXSID80742077 DTXSID60199601 DTXSID2024791 DTXSID70159413 DTXSID20838140 DTXSID10180923 DTXSID90483020 DTXSID20206103 DTXSID30198484 DTXSID50378741 DTXSID20285377 DTXSID20486403
DTXSID50304964	DTXSID80345805 DTXSID90660374 DTXSID20642441 DTXSID10634214 DTXSID90339654 DTXSID70840859 DTXSID00744553 DTXSID70849943 DTXSID20765467 DTXSID60795809 DTXSID20442807 DTXSID3052355 DTXSID00281357 DTXSID40315180 DTXSID40616169 DTXSID40632869 DTXSID10798188 DTXSID10658374 DTXSID20526914 DTXSID40211794
DTXSID80820329	DTXSID20462722 DTXSID00303649 DTXSID10607544 DTXSID0069915 DTXSID10722665 DTXSID80774196 DTXSID70886191 DTXSID50496818 DTXSID10601360 DTXSID20477619 DTXSID10292035 DTXSID80365907 DTXSID70523034 DTXSID50569319 DTXSID80143040 DTXSID70282356 DTXSID00567961 DTXSID40717822 DTXSID00196518 DTXSID00390236
DTXSID80773745	DTXSID40304615 DTXSID20163666 DTXSID80768373 DTXSID10510241 DTXSID30763535 DTXSID10808413 DTXSID2041202 DTXSID30831682 DTXSID20447413 DTXSID50847088 DTXSID00804166 DTXSID00678763 DTXSID00301524 DTXSID50341511 DTXSID60703727 DTXSID90390604 DTXSID70570841 DTXSID60662507 DTXSID40828008 DTXSID70546066
DTXSID70798725	DTXSID50701934 DTXSID30815008 DTXSID70743932 DTXSID10835749 DTXSID10305518 DTXSID70563071 DTXSID00725887 DTXSID6070560 DTXSID40455873 DTXSID50423907 DTXSID00197808 DTXSID50858836 DTXSID50703291 DTXSID10145133 DTXSID20675239 DTXSID40820608 DTXSID80740472 DTXSID00507064 DTXSID60887995 DTXSID20454682
DTXSID30236037	DTXSID00646205 DTXSID00495710 DTXSID00409377 DTXSID00515588 DTXSID30646758 DTXSID50212651 DTXSID10734940 DTXSID20627854 DTXSID90178803 DTXSID90736407 DTXSID40650583 DTXSID60646322 DTXSID70743659 DTXSID50515578 DTXSID10301237 DTXSID50734328 DTXSID40827091 DTXSID10609124 DTXSID90670291 DTXSID90396969
DTXSID60622580	DTXSID90435044 DTXSID60875796 DTXSID50809828 DTXSID80560576 DTXSID30716667 DTXSID30282190 DTXSID60401296 DTXSID50181656 DTXSID60325625 DTXSID70873662 DTXSID00374899 DTXSID30852256 DTXSID70235529 DTXSID50179518 DTXSID70672798 DTXSID00712035 DTXSID30761213 DTXSID10301277 DTXSID40533160 DTXSID50400551
DTXSID40784357	DTXSID00531041 DTXSID50551916 DTXSID20857598 DTXSID70708046 DTXSID30617968 DTXSID00145708 DTXSID00464704 DTXSID40620145 DTXSID60825514 DTXSID00425214 DTXSID90826519 DTXSID70630333 DTXSID10211645 DTXSID00589805 DTXSID20631173 DTXSID80642068 DTXSID70526828 DTXSID20524016 DTXSID00364871 DTXSID50404433
DTXSID10306424	DTXSID30873623 DTXSID80284760 DTXSID50768183 DTXSID70496658 DTXSID90626591 DTXSID80513800 DTXSID70736602 DTXSID90519676 DTXSID50488016 DTXSID20823753 DTXSID40741864 DTXSID60612825 DTXSID30277844 DTXSID20747682 DTXSID40581646 DTXSID60184956 DTXSID80304871 DTXSID10729917 DTXSID20297238 DTXSID80535885
DTXSID30517191	DTXSID70883569 DTXSID1068437 DTXSID10399275 DTXSID30787579 DTXSID40490704 DTXSID20674247 DTXSID40288087 DTXSID10805644 DTXSID00446909 DTXSID70505077 DTXSID60395601 DTXSID80815270 DTXSID90571976 DTXSID00375386 DTXSID10368683 DTXSID80585729 DTXSID00818920 DTXSID50383592 DTXSID7067089 DTXSID80446866
DTXSID70641121	DTXSID70663580 DTXSID40783663 DTXSID40552518 DTXSID10525294 DTXSID70500800 DTXSID2061480 DTXSID70534448 DTXSID00586415 DTXSID20506014 DTXSID10534447 DTXSID60777408 DTXSID20350337 DTXSID90376448 DTXSID6041501 DTXSID30534449 DTXSID90885863 DTXSID80401773 DTXSID20528296 DTXSID10634996 DTXSID00847053
DTXSID80712533	DTXSID10375655 DTXSID20298200 DTXSID60458280 DTXSID80453838 DTXSID00729865 DTXSID60675071 DTXSID20671716 DTXSID40545728 DTXSID50402671 DTXSID40374050 DTXSID20806980 DTXSID70195699 DTXSID90460452 DTXSID90700087 DTXSID50727174 DTXSID70463027 DTXSID90307398 DTXSID30532662 DTXSID80706492 DTXSID30499004
DTXSID20750474	DTXSID80876321 DTXSID00681590 DTXSID70565050 DTXSID70701077 DTXSID10633444 DTXSID90369355 DTXSID80561462 DTXSID7041334 DTXSID00505101 DTXSID30739694 DTXSID00658469 DTXSID10617749 DTXSID50704445 DTXSID10456716 DTXSID30433105 DTXSID80737281 DTXSID90697367 DTXSID60829037 DTXSID70427821 DTXSID00407338
DTXSID00645879	DTXSID10544889 DTXSID70528403 DTXSID30634231 DTXSID60375120 DTXSID10221865 DTXSID90426058 DTXSID60505389 DTXSID50441368 DTXSID50482458 DTXSID80480689 DTXSID20579647 DTXSID00707608 DTXSID50473745 DTXSID40397623 DTXSID7051686 DTXSID70573993 DTXSID80241550 DTXSID20582959 DTXSID80856784 DTXSID30578828
DTXSID30708643	DTXSID10528381 DTXSID70494230 DTXSID70495707 DTXSID30505255 DTXSID90780066 DTXSID50312665 DTXSID80664785 DTXSID10361513 DTXSID70826658 DTXSID70649283 DTXSID40311142 DTXSID50368506 DTXSID60233812 DTXSID20642128 DTXSID40406567 DTXSID20216666 DTXSID70705772 DTXSID80192573 DTXSID10366846 DTXSID40655230
DTXSID40815675	DTXSID80506277 DTXSID70192805 DTXSID80175169 DTXSID70527118 DTXSID30742724 DTXSID10489847 DTXSID90632258 DTXSID80305424 DTXSID70526065 DTXSID50521457 DTXSID90399319 DTXSID70304724 DTXSID80539823 DTXSID60333109 DTXSID30825445 DTXSID90577271 DTXSID70614431 DTXSID40316117 DTXSID20482723 DTXSID00744871
DTXSID40279031	DTXSID70159913 DTXSID60812121 DTXSID90462451 DTXSID50791274 DTXSID00778656 DTXSID30538700 DTXSID00281615 DTXSID80612544 DTXSID70564664 DTXSID20144556 DTXSID40811839 DTXSID10341658 DTXSID10509216 DTXSID80878082 DTXSID80613657 DTXSID60468920 DTXSID60526094 DTXSID50632714 DTXSID20288045 DTXSID30809604
DTXSID20392196	DTXSID90195772 DTXSID90295367 DTXSID20651932 DTXSID60429672 DTXSID10708742 DTXSID00284580 DTXSID00532750 DTXSID20296241 DTXSID70615746 DTXSID60193826 DTXSID50830854 DTXSID70385937 DTXSID00585105 DTXSID00443175 DTXSID90371170 DTXSID40536090 DTXSID10696352 DTXSID20640881 DTXSID70395778 DTXSID90353299
DTXSID40650068	DTXSID70721139 DTXSID50524963 DTXSID90362422 DTXSID10590482 DTXSID60802643 DTXSID70782861 DTXSID90450050 DTXSID70671842 DTXSID30350580 DTXSID40508934 DTXSID90457286 DTXSID80354715 DTXSID60705544 DTXSID00327365 DTXSID60646983 DTXSID40556990 DTXSID40710035 DTXSID70243846 DTXSID90567016 DTXSID10495286
DTXSID90804832	DTXSID20794979 DTXSID70477528 DTXSID40341666 DTXSID60149080 DTXSID10892094 DTXSID10347973 DTXSID80341660 DTXSID20536553 DTXSID40341661 DTXSID50792261 DTXSID80615474 DTXSID60239677 DTXSID60340757 DTXSID30433605 DTXSID20790537 DTXSID10324880 DTXSID40767706 DTXSID30816737 DTXSID30297769 DTXSID10710087
DTXSID30311237	DTXSID00657452 DTXSID60439377 DTXSID60424546 DTXSID40713445 DTXSID00659916 DTXSID90518144 DTXSID30356906 DTXSID90178202 DTXSID10589275 DTXSID70588108 DTXSID00537482 DTXSID00304196 DTXSID30465820 DTXSID00604345 DTXSID3071278 DTXSID30782766 DTXSID60588177 DTXSID30279363 DTXSID20883357 DTXSID00657073
DTXSID0025442	DTXSID50768289 DTXSID80564074 DTXSID30408732 DTXSID70172723 DTXSID80314112 DTXSID00289818 DTXSID90163931 DTXSID50591554 DTXSID50557377 DTXSID10749731 DTXSID00635871 DTXSID20669517 DTXSID60642107 DTXSID6061604 DTXSID10614374 DTXSID60472608 DTXSID90670418 DTXSID70879705 DTXSID40663259 DTXSID50294013
DTXSID00509104	DTXSID40566478 DTXSID60285093 DTXSID70448359 DTXSID00503965 DTXSID50281206 DTXSID50321555 DTXSID1063512 DTXSID20183980 DTXSID40442061 DTXSID90451623 DTXSID0051318 DTXSID10485541 DTXSID70165099 DTXSID20368654 DTXSID10546803 DTXSID10405921 DTXSID10439589 DTXSID50520026 DTXSID30306209 DTXSID30150880
DTXSID20576136	DTXSID10668655 DTXSID00393727 DTXSID20352715 DTXSID00710011 DTXSID80657117 DTXSID40781189 DTXSID90676839 DTXSID50602750 DTXSID40508893 DTXSID80727804 DTXSID20299454 DTXSID90438530 DTXSID60319443 DTXSID30745058 DTXSID30279565 DTXSID00654103 DTXSID60885815 DTXSID90669140 DTXSID30627002 DTXSID70148105
DTXSID90679880	DTXSID00383860 DTXSID40528157 DTXSID80392056 DTXSID30745058 DTXSID20607676 DTXSID70579192 DTXSID60319443 DTXSID30280217 DTXSID80600426 DTXSID70631249 DTXSID70856415 DTXSID00393727 DTXSID40781189 DTXSID10668938 DTXSID80701725 DTXSID00552711 DTXSID70148105 DTXSID00649993 DTXSID80727804 DTXSID50659704
DTXSID10744741	DTXSID30155633 DTXSID00767500 DTXSID20797647 DTXSID90693561 DTXSID60469452 DTXSID30579431 DTXSID50214771 DTXSID70800130 DTXSID90278413 DTXSID70574283 DTXSID10843167 DTXSID00527000 DTXSID20336777 DTXSID10403184 DTXSID40473875 DTXSID40662500 DTXSID00752693 DTXSID50816451 DTXSID6048888 DTXSID30192063
DTXSID10845207	DTXSID40535245 DTXSID80187787 DTXSID90235405 DTXSID30405488 DTXSID60618928 DTXSID20636340 DTXSID60508234 DTXSID10289445 DTXSID80857236 DTXSID6040371 DTXSID10599536 DTXSID50375432 DTXSID20707923 DTXSID1044932 DTXSID20183001 DTXSID80704312 DTXSID50848459 DTXSID60454621 DTXSID40279773 DTXSID70539892
DTXSID10631864	DTXSID7021366 DTXSID10406256 DTXSID80494029 DTXSID40562793 DTXSID80784755 DTXSID90232919 DTXSID80696364 DTXSID50493822 DTXSID70428494 DTXSID10568964 DTXSID90702203 DTXSID10587796 DTXSID20235433 DTXSID90510345 DTXSID50662930 DTXSID00168679 DTXSID70361650 DTXSID90768203 DTXSID10743592 DTXSID50505535
DTXSID90834472	DTXSID00896142 DTXSID50369891 DTXSID30389390 DTXSID70794808 DTXSID40434921 DTXSID60297232 DTXSID60225090 DTXSID40659632 DTXSID40640121 DTXSID90342643 DTXSID00801993 DTXSID30415688 DTXSID2023222 DTXSID90349995 DTXSID80442828 DTXSID30202378 DTXSID60502116 DTXSID00216765 DTXSID30445344 DTXSID50395377
DTXSID80501489	DTXSID20291539 DTXSID40191264 DTXSID20486403 DTXSID90461989 DTXSID10561854 DTXSID20654822 DTXSID70744909 DTXSID50483384 DTXSID00365924 DTXSID50824718 DTXSID10375019 DTXSID50464411 DTXSID70504686 DTXSID70211469 DTXSID60199601 DTXSID00566171 DTXSID70741539 DTXSID40630906 DTXSID20573226 DTXSID20368295
DTXSID80726973	DTXSID50760602 DTXSID90344283 DTXSID90615844 DTXSID90348625 DTXSID10518262 DTXSID20333766 DTXSID00571482 DTXSID80851830 DTXSID80742315 DTXSID00621850 DTXSID10538581 DTXSID10442477 DTXSID80875894 DTXSID30642134 DTXSID10634996 DTXSID00420845 DTXSID70561315 DTXSID70367571 DTXSID50610633 DTXSID00614161
DTXSID70394423	DTXSID5062398 DTXSID90216335 DTXSID20888029 DTXSID80814501 DTXSID60598059 DTXSID30223285 DTXSID50552443 DTXSID30772566 DTXSID1066239 DTXSID80195044 DTXSID5047114 DTXSID60288589 DTXSID30770365 DTXSID50783437 DTXSID1068019 DTXSID50410539 DTXSID90404730 DTXSID80331586 DTXSID0062921 DTXSID40194710
DTXSID80760271	DTXSID40190999 DTXSID10412998 DTXSID50377476 DTXSID30541254 DTXSID40397845 DTXSID2068424 DTXSID90750941 DTXSID10877629 DTXSID30474452 DTXSID90177598 DTXSID30825243 DTXSID90561099 DTXSID00198037 DTXSID20370398 DTXSID90243843 DTXSID40657032 DTXSID30675361 DTXSID60812404 DTXSID90668794 DTXSID60283579
DTXSID80509708	DTXSID00186010 DTXSID60451392 DTXSID70275501 DTXSID00667551 DTXSID20609170 DTXSID7051686 DTXSID30578828 DTXSID80434162 DTXSID00651450 DTXSID40384679 DTXSID30489122 DTXSID40427974 DTXSID50482458 DTXSID70557910 DTXSID90193758 DTXSID20579586 DTXSID40334154 DTXSID10824299 DTXSID90346101 DTXSID40720210
DTXSID80648161	DTXSID00671936 DTXSID30351057 DTXSID40857535 DTXSID50729193 DTXSID90626273 DTXSID90602855 DTXSID80723543 DTXSID60444305 DTXSID6044858 DTXSID40585927 DTXSID70658234 DTXSID60671937 DTXSID50346844 DTXSID20168616 DTXSID90405606 DTXSID40626425 DTXSID30725810 DTXSID40493270 DTXSID90646350 DTXSID70355690
DTXSID90879303	DTXSID80703926 DTXSID00464143 DTXSID40292366 DTXSID60404409 DTXSID90381971 DTXSID20657131 DTXSID30621202 DTXSID50739292 DTXSID10584821 DTXSID10695087 DTXSID00672044 DTXSID00672261 DTXSID40622947 DTXSID20514699 DTXSID00430803 DTXSID40605891 DTXSID70142845 DTXSID30646278 DTXSID90392163 DTXSID60731106
DTXSID30789412	DTXSID70531250 DTXSID60148270 DTXSID80576374 DTXSID10772044 DTXSID00529488 DTXSID70737932 DTXSID40719366 DTXSID90401769 DTXSID30243488 DTXSID90611083 DTXSID00173001 DTXSID20858505 DTXSID60835597 DTXSID80338510 DTXSID60327649 DTXSID60796033 DTXSID20171206 DTXSID50290732 DTXSID60522172 DTXSID60813476
DTXSID20495555	DTXSID70333175 DTXSID60417812 DTXSID30709812 DTXSID20323440 DTXSID00679558 DTXSID20307866 DTXSID80569645 DTXSID70182509 DTXSID90324500 DTXSID40395861 DTXSID10439620 DTXSID20887052 DTXSID70510161 DTXSID10777655 DTXSID30596148 DTXSID50576785 DTXSID10876394 DTXSID40488742 DTXSID40324499 DTXSID60482388
DTXSID90241283	DTXSID20162997 DTXSID30198141 DTXSID00314351 DTXSID00428624 DTXSID30826654 DTXSID90787090 DTXSID30773912 DTXSID40896005 DTXSID50770943 DTXSID40823492 DTXSID00153661 DTXSID30427761 DTXSID50838375 DTXSID10849982 DTXSID60895999 DTXSID80436722 DTXSID80186038 DTXSID10814352 DTXSID00896425 DTXSID00148017
DTXSID10547673	DTXSID90547671 DTXSID80706492 DTXSID6036885 DTXSID30532662 DTXSID80409214 DTXSID30499004 DTXSID20718998 DTXSID30323618 DTXSID70334960 DTXSID80343442 DTXSID10179115 DTXSID90651202 DTXSID70195699 DTXSID00729865 DTXSID20298200 DTXSID90698511 DTXSID70504686 DTXSID80453838 DTXSID90623222 DTXSID90700087
DTXSID10454318	DTXSID30489046 DTXSID80196374 DTXSID90201286 DTXSID60645870 DTXSID10728667 DTXSID50586107 DTXSID90211683 DTXSID10493989 DTXSID50625101 DTXSID70724044 DTXSID10888816 DTXSID80771185 DTXSID80744117 DTXSID70876537 DTXSID20496764 DTXSID90519474 DTXSID00184410 DTXSID10630771 DTXSID70656250 DTXSID20533542
DTXSID50340165	DTXSID50767873 DTXSID80876523 DTXSID40504491 DTXSID30733071 DTXSID70664895 DTXSID10584427 DTXSID70466078 DTXSID70724044 DTXSID60813077 DTXSID80782413 DTXSID40446064 DTXSID90519474 DTXSID20533542 DTXSID00588454 DTXSID80640201 DTXSID80470161 DTXSID90486990 DTXSID20290961 DTXSID80771185 DTXSID00725605
DTXSID70307896	DTXSID10377992 DTXSID00725807 DTXSID10555854 DTXSID70720864 DTXSID60401190 DTXSID70726528 DTXSID50609784 DTXSID00348297 DTXSID80628382 DTXSID70457502 DTXSID40394612 DTXSID50354368 DTXSID60725808 DTXSID00348838 DTXSID30180364 DTXSID40463534 DTXSID50211184 DTXSID40313489 DTXSID20879376 DTXSID10383811
DTXSID60633636	DTXSID70484651 DTXSID40328396 DTXSID60791689 DTXSID90771979 DTXSID80503882 DTXSID20697072 DTXSID60612921 DTXSID1058393 DTXSID30751750 DTXSID10752705 DTXSID20389647 DTXSID30673827 DTXSID70876552 DTXSID20177142 DTXSID80337720 DTXSID5059163 DTXSID10400618 DTXSID40468781 DTXSID30471749 DTXSID50233720
DTXSID70325696	DTXSID80812845 DTXSID20821077 DTXSID80416549 DTXSID50180326 DTXSID20317288 DTXSID90668471 DTXSID80845794 DTXSID50240651 DTXSID60760855 DTXSID80326134 DTXSID50729870 DTXSID60559382 DTXSID00366532 DTXSID90672497 DTXSID00846006 DTXSID9074642 DTXSID90309635 DTXSID90706903 DTXSID10756167 DTXSID20327024
DTXSID10398708	DTXSID9059541 DTXSID00771248 DTXSID40836047 DTXSID90340548 DTXSID40326736 DTXSID90178368 DTXSID50885905 DTXSID20285978 DTXSID00653050 DTXSID40454326 DTXSID90330247 DTXSID10597653 DTXSID40695111 DTXSID60390353 DTXSID70480092 DTXSID40729783 DTXSID60551285 DTXSID00179881 DTXSID20389647 DTXSID80356693
DTXSID60693876	DTXSID00514773 DTXSID80369485 DTXSID00493059 DTXSID3042269 DTXSID00199488 DTXSID10837920 DTXSID60831579 DTXSID80661118 DTXSID80787403 DTXSID40802181 DTXSID2061563 DTXSID90290716 DTXSID50832292 DTXSID00534259 DTXSID70525891 DTXSID90719154 DTXSID10347554 DTXSID80813559 DTXSID50624417 DTXSID50306701
DTXSID60528699	DTXSID10355573 DTXSID50538207 DTXSID10501119 DTXSID30744748 DTXSID50589734 DTXSID10597118 DTXSID70597659 DTXSID60385461 DTXSID60667436 DTXSID40431016 DTXSID60201778 DTXSID70803545 DTXSID50311754 DTXSID10354228 DTXSID6065052 DTXSID30406531 DTXSID00501860 DTXSID80467394 DTXSID40279910 DTXSID60603536
DTXSID20804840	DTXSID30855727 DTXSID00296961 DTXSID60494921 DTXSID20756234 DTXSID60813198 DTXSID80440844 DTXSID20204487 DTXSID70855660 DTXSID60184532 DTXSID30540383 DTXSID00400920 DTXSID50326520 DTXSID60723581 DTXSID70873622 DTXSID10310263 DTXSID00639879 DTXSID80756235 DTXSID40647635 DTXSID00653333 DTXSID60457672
DTXSID20849776	DTXSID80668985 DTXSID50457580 DTXSID30857448 DTXSID70372307 DTXSID30787675 DTXSID20632246 DTXSID90392042 DTXSID10347115 DTXSID10724003 DTXSID70784289 DTXSID50535817 DTXSID10778026 DTXSID30440677 DTXSID50630270 DTXSID10735558 DTXSID10406736 DTXSID80699496 DTXSID40701403 DTXSID90633644 DTXSID20705661
DTXSID00885839	DTXSID60886165 DTXSID40611977 DTXSID80737983 DTXSID80327409 DTXSID60315304 DTXSID00815070 DTXSID10165497 DTXSID40470283 DTXSID60694484 DTXSID70392702 DTXSID00337085 DTXSID70280034 DTXSID30660373 DTXSID8034746 DTXSID40143001 DTXSID1051692 DTXSID30893008 DTXSID70234370 DTXSID90675241 DTXSID70316685
DTXSID70874098	DTXSID60540114 DTXSID50651006 DTXSID90696310 DTXSID60635918 DTXSID10428534 DTXSID90453768 DTXSID50528446 DTXSID50649605 DTXSID00162071 DTXSID50215283 DTXSID20340490 DTXSID10144383 DTXSID50277442 DTXSID50524827 DTXSID80554157 DTXSID20834965 DTXSID30402492 DTXSID10829527 DTXSID60649439 DTXSID1025693
DTXSID8066975	DTXSID50795277 DTXSID80591547 DTXSID70598666 DTXSID20311463 DTXSID90149336 DTXSID10679943 DTXSID50632259 DTXSID40616866 DTXSID80375086 DTXSID20360335 DTXSID60395929 DTXSID40425995 DTXSID10228793 DTXSID60438865 DTXSID20375085 DTXSID60283352 DTXSID90182581 DTXSID10640052 DTXSID60345565 DTXSID60524732
DTXSID70834470	DTXSID40408768 DTXSID00506597 DTXSID60242525 DTXSID20370858 DTXSID90306821 DTXSID00510836 DTXSID60711589 DTXSID40278201 DTXSID90876933 DTXSID20308494 DTXSID20517180 DTXSID90175897 DTXSID60378691 DTXSID00239257 DTXSID80734013 DTXSID80374337 DTXSID40310256 DTXSID60369483 DTXSID80642422 DTXSID70760740
DTXSID60545649	DTXSID40283895 DTXSID10241220 DTXSID8067105 DTXSID00340756 DTXSID5060726 DTXSID00345867 DTXSID10475826 DTXSID70641227 DTXSID10527511 DTXSID50492532 DTXSID20565449 DTXSID80633774 DTXSID1023447 DTXSID60752593 DTXSID70521479 DTXSID30285782 DTXSID30173534 DTXSID60344770 DTXSID30471305 DTXSID40790857
DTXSID20290527	DTXSID00734893 DTXSID00154719 DTXSID10659745 DTXSID30392965 DTXSID50458315 DTXSID70444013 DTXSID80339067 DTXSID70390667 DTXSID90480155 DTXSID00398671 DTXSID80640322 DTXSID80699370 DTXSID40388536 DTXSID10617229 DTXSID20481190 DTXSID50421640 DTXSID50454695 DTXSID90805965 DTXSID20443399 DTXSID80856784
DTXSID10640052	DTXSID10228793 DTXSID90182581 DTXSID00488329 DTXSID40180239 DTXSID40616866 DTXSID40876185 DTXSID10679943 DTXSID70787851 DTXSID80582970 DTXSID50824511 DTXSID10478554 DTXSID20311463 DTXSID70314868 DTXSID50795277 DTXSID90149336 DTXSID90144927 DTXSID00855931 DTXSID40282005 DTXSID50447183 DTXSID80471577
DTXSID80896049	DTXSID20857311 DTXSID90706165 DTXSID80615318 DTXSID80589267 DTXSID40294108 DTXSID10307991 DTXSID30672274 DTXSID10661166 DTXSID70310608 DTXSID80337326 DTXSID20431074 DTXSID10602690 DTXSID10344169 DTXSID10506922 DTXSID80351683 DTXSID00769246 DTXSID20660963 DTXSID20418305 DTXSID40593845 DTXSID70788823
DTXSID20486403	DTXSID20291539 DTXSID80501489 DTXSID60199601 DTXSID40795125 DTXSID10375019 DTXSID50483384 DTXSID50464411 DTXSID70599118 DTXSID40191264 DTXSID90461989 DTXSID80742077 DTXSID3057692 DTXSID50824718 DTXSID30198484 DTXSID70744909 DTXSID30372484 DTXSID30638613 DTXSID10561854 DTXSID20654822 DTXSID60168776
DTXSID00560311	DTXSID40633255 DTXSID30402255 DTXSID90449848 DTXSID40532956 DTXSID8060537 DTXSID60303887 DTXSID70545211 DTXSID80531281 DTXSID80820647 DTXSID60738433 DTXSID70203329 DTXSID70825323 DTXSID80615999 DTXSID10825483 DTXSID80526894 DTXSID60183020 DTXSID90714144 DTXSID50224219 DTXSID10468334 DTXSID90825320
DTXSID10749579	DTXSID10340949 DTXSID80373744 DTXSID30306426 DTXSID30789876 DTXSID60615215 DTXSID60641014 DTXSID80593349 DTXSID00466667 DTXSID90577216 DTXSID00720635 DTXSID90383293 DTXSID50596746 DTXSID00513983 DTXSID70721437 DTXSID20500274 DTXSID8024787 DTXSID30466650 DTXSID80457932 DTXSID30673064 DTXSID80686346
DTXSID00840362	DTXSID30851340 DTXSID00787248 DTXSID3070418 DTXSID80232084 DTXSID70484939 DTXSID50797998 DTXSID80694027 DTXSID20558952 DTXSID30431328 DTXSID40706170 DTXSID20288823 DTXSID10388942 DTXSID30615146 DTXSID80756710 DTXSID10431745 DTXSID10736287 DTXSID00210001 DTXSID60810940 DTXSID50752865 DTXSID20844908
DTXSID80760019	DTXSID20496845 DTXSID60820125 DTXSID40433398 DTXSID80422286 DTXSID00805870 DTXSID60577829 DTXSID80537829 DTXSID90294173 DTXSID80772798 DTXSID00587664 DTXSID00303922 DTXSID80501883 DTXSID30667468 DTXSID30241545 DTXSID90829020 DTXSID00392376 DTXSID90456951 DTXSID60402369 DTXSID30589813 DTXSID40523006
DTXSID20821077	DTXSID70325696 DTXSID80416549 DTXSID80812845 DTXSID90668471 DTXSID50180326 DTXSID50240651 DTXSID50729870 DTXSID00846006 DTXSID80845794 DTXSID60559382 DTXSID60760855 DTXSID00366532 DTXSID20327024 DTXSID8059635 DTXSID9074642 DTXSID20317288 DTXSID80326134 DTXSID70365214 DTXSID10756167 DTXSID90672497
DTXSID80478263	DTXSID30662877 DTXSID70827923 DTXSID50401306 DTXSID40640585 DTXSID10818850 DTXSID30551237 DTXSID70303818 DTXSID50538646 DTXSID00697494 DTXSID30476911 DTXSID00151203 DTXSID10228319 DTXSID60842948 DTXSID50488652 DTXSID10420715 DTXSID80232569 DTXSID10896254 DTXSID40602800 DTXSID20488649 DTXSID80736431
DTXSID80557042	DTXSID00559806 DTXSID00574332 DTXSID90616634 DTXSID90598188 DTXSID40490688 DTXSID60657039 DTXSID70299409 DTXSID50321732 DTXSID70693201 DTXSID40659692 DTXSID70589478 DTXSID40276348 DTXSID50640374 DTXSID40607855 DTXSID20449336 DTXSID20288681 DTXSID60835815 DTXSID60710254 DTXSID80519504 DTXSID90733219
DTXSID10529858	DTXSID50473503 DTXSID70282538 DTXSID90718526 DTXSID80440703 DTXSID50701217 DTXSID30385655 DTXSID10568641 DTXSID90213687 DTXSID70360269 DTXSID80786658 DTXSID70421046 DTXSID00781261 DTXSID40589743 DTXSID50462639 DTXSID30595898 DTXSID10185514 DTXSID70858070 DTXSID40398079 DTXSID40386395 DTXSID10447669
DTXSID90718526	DTXSID50473503 DTXSID10529858 DTXSID70282538 DTXSID50701217 DTXSID30385655 DTXSID80440703 DTXSID70360269 DTXSID90213687 DTXSID30595898 DTXSID70421046 DTXSID40589743 DTXSID60570299 DTXSID10447669 DTXSID80786658 DTXSID70345692 DTXSID50660638 DTXSID10568641 DTXSID00726213 DTXSID10698513 DTXSID10335956
DTXSID90518543	DTXSID80181841 DTXSID60214121 DTXSID70802775 DTXSID00372618 DTXSID10316220 DTXSID60177348 DTXSID70794227 DTXSID00769266 DTXSID30661188 DTXSID30566720 DTXSID20876047 DTXSID10675228 DTXSID70741615 DTXSID80597524 DTXSID70693504 DTXSID60308751 DTXSID90344526 DTXSID30553978 DTXSID70823187 DTXSID10537635
DTXSID50795277	DTXSID8066975 DTXSID20311463 DTXSID70598666 DTXSID80591547 DTXSID10679943 DTXSID90149336 DTXSID40616866 DTXSID10228793 DTXSID80375086 DTXSID50632259 DTXSID20360335 DTXSID60395929 DTXSID90182581 DTXSID10640052 DTXSID40425995 DTXSID40876185 DTXSID60438865 DTXSID60524732 DTXSID10478554 DTXSID20375085
DTXSID40755587	DTXSID40480100 DTXSID80843614 DTXSID50445684 DTXSID60787224 DTXSID80509162 DTXSID20314595 DTXSID20415899 DTXSID60718134 DTXSID70367879 DTXSID50670136 DTXSID10605303 DTXSID60192935 DTXSID80652167 DTXSID00701489 DTXSID5066748 DTXSID30175174 DTXSID40828184 DTXSID80218944 DTXSID20306137 DTXSID70536164
DTXSID80542059	DTXSID80843452 DTXSID30287665 DTXSID70876815 DTXSID10667562 DTXSID00563342 DTXSID00386558 DTXSID40530558 DTXSID10403003 DTXSID20226240 DTXSID20707605 DTXSID50841228 DTXSID00216604 DTXSID20310138 DTXSID50700765 DTXSID20144415 DTXSID90602714 DTXSID60328237 DTXSID70195316 DTXSID10756521 DTXSID90634530
DTXSID30561457	DTXSID9060780 DTXSID80336930 DTXSID00181227 DTXSID5068237 DTXSID80755203 DTXSID70700545 DTXSID7062829 DTXSID0062896 DTXSID3064437 DTXSID7063348 DTXSID60752952 DTXSID90240731 DTXSID80816363 DTXSID70340864 DTXSID00647136 DTXSID70450674 DTXSID00887737 DTXSID10767839 DTXSID10648492 DTXSID70241241
DTXSID30463806	DTXSID20229796 DTXSID10599056 DTXSID10682199 DTXSID60761685 DTXSID50846531 DTXSID90375214 DTXSID30753395 DTXSID90536565 DTXSID20423873 DTXSID80795720 DTXSID90277789 DTXSID40455873 DTXSID70487304 DTXSID50701934 DTXSID00197808 DTXSID60606582 DTXSID90328629 DTXSID90847486 DTXSID00507064 DTXSID40163406
DTXSID30453484	DTXSID10241407 DTXSID40705360 DTXSID70528382 DTXSID40321226 DTXSID60395181 DTXSID40474029 DTXSID00442062 DTXSID10455027 DTXSID40610021 DTXSID90286437 DTXSID40670408 DTXSID30757277 DTXSID90187117 DTXSID70548464 DTXSID70458695 DTXSID70483129 DTXSID40593340 DTXSID10547456 DTXSID00633796 DTXSID30642134
DTXSID20849418	DTXSID10483209 DTXSID00361284 DTXSID30173534 DTXSID20541127 DTXSID30471305 DTXSID90470930 DTXSID60752593 DTXSID70837481 DTXSID40223857 DTXSID30285782 DTXSID10776421 DTXSID10475826 DTXSID40722613 DTXSID1023447 DTXSID8067105 DTXSID40283895 DTXSID00781766 DTXSID80808208 DTXSID70641227 DTXSID40819592
DTXSID30661188	DTXSID30676515 DTXSID00372618 DTXSID10316220 DTXSID80449256 DTXSID40233512 DTXSID20742591 DTXSID70802775 DTXSID80296106 DTXSID60177348 DTXSID80597524 DTXSID90429206 DTXSID10367292 DTXSID90344526 DTXSID80404426 DTXSID90518543 DTXSID70741615 DTXSID30553978 DTXSID50351094 DTXSID80181841 DTXSID90585376
DTXSID20383685	DTXSID00377007 DTXSID00681055 DTXSID30343679 DTXSID40680007 DTXSID50737516 DTXSID20477518 DTXSID20879058 DTXSID30671904 DTXSID40661659 DTXSID90631125 DTXSID20739320 DTXSID60325847 DTXSID50165017 DTXSID30559379 DTXSID80597943 DTXSID80436661 DTXSID10308665 DTXSID90559693 DTXSID70382567 DTXSID40515688
DTXSID10518868	DTXSID10525310 DTXSID30405908 DTXSID40551526 DTXSID60232421 DTXSID90711198 DTXSID3061552 DTXSID90621465 DTXSID30544588 DTXSID30344949 DTXSID20776098 DTXSID70593176 DTXSID5072486 DTXSID10442659 DTXSID30278654 DTXSID60336195 DTXSID60488421 DTXSID70799434 DTXSID20381262 DTXSID60600126 DTXSID40195489
DTXSID60551285	DTXSID00771248 DTXSID20509929 DTXSID30874115 DTXSID00179881 DTXSID40326736 DTXSID90178368 DTXSID60675475 DTXSID00876848 DTXSID30542463 DTXSID20285978 DTXSID10692879 DTXSID40454326 DTXSID10398708 DTXSID40695111 DTXSID50388749 DTXSID10363552 DTXSID90340548 DTXSID80753441 DTXSID50758726 DTXSID70288277
DTXSID30301279	DTXSID90557811 DTXSID10669208 DTXSID60493474 DTXSID60465696 DTXSID40721469 DTXSID70177915 DTXSID80452745 DTXSID20716575 DTXSID90462032 DTXSID50507099 DTXSID60482060 DTXSID80595505 DTXSID80633077 DTXSID20599643 DTXSID30624172 DTXSID00531006 DTXSID10577576 DTXSID10530126 DTXSID20455750 DTXSID70768463
DTXSID40741081	DTXSID40622548 DTXSID70657702 DTXSID40645570 DTXSID50425981 DTXSID90227249 DTXSID90668739 DTXSID80234861 DTXSID80196273 DTXSID50808356 DTXSID70848471 DTXSID20364156 DTXSID80557643 DTXSID20618065 DTXSID80230045 DTXSID70424335 DTXSID70152843 DTXSID20656245 DTXSID00645617 DTXSID20720415 DTXSID90150922
DTXSID50771132	DTXSID80522659 DTXSID50821545 DTXSID10811386 DTXSID40221893 DTXSID90768041 DTXSID60645895 DTXSID00318718 DTXSID70526161 DTXSID40474221 DTXSID20316433 DTXSID10380522 DTXSID90400696 DTXSID80323663 DTXSID20565166 DTXSID50354606 DTXSID00772053 DTXSID50277740 DTXSID50710086 DTXSID40619296 DTXSID50278717
DTXSID10657206	DTXSID30546628 DTXSID60319089 DTXSID70314969 DTXSID80534131 DTXSID70554621 DTXSID80478324 DTXSID90222719 DTXSID30847288 DTXSID50451407 DTXSID30303192 DTXSID70619608 DTXSID00745368 DTXSID00508677 DTXSID3073719 DTXSID70678311 DTXSID20522476 DTXSID70732487 DTXSID40487235 DTXSID10435480 DTXSID10498196
DTXSID80324913	DTXSID60283352 DTXSID20162351 DTXSID90331931 DTXSID50483768 DTXSID20360335 DTXSID40156813 DTXSID90401300 DTXSID5073115 DTXSID80375086 DTXSID40736614 DTXSID50751116 DTXSID90507811 DTXSID4059253 DTXSID20608365 DTXSID50632259 DTXSID80710110 DTXSID80666461 DTXSID70598666 DTXSID20817910 DTXSID40351048
DTXSID80568895	DTXSID00659436 DTXSID00672786 DTXSID50236892 DTXSID40841515 DTXSID00566611 DTXSID60592557 DTXSID40295776 DTXSID00703665 DTXSID90382428 DTXSID10536082 DTXSID80698888 DTXSID40717226 DTXSID00826525 DTXSID20705222 DTXSID10533314 DTXSID30202090 DTXSID40561387 DTXSID30375511 DTXSID60879315 DTXSID00806822
DTXSID00441090	DTXSID50876015 DTXSID00593846 DTXSID30792724 DTXSID30160883 DTXSID20681875 DTXSID80200763 DTXSID50595274 DTXSID00493150 DTXSID40287813 DTXSID30321477 DTXSID80295957 DTXSID30191596 DTXSID90510688 DTXSID50594348 DTXSID90657446 DTXSID30889784 DTXSID60813572 DTXSID70544562 DTXSID90664317 DTXSID00618003
DTXSID40885595	DTXSID70667260 DTXSID00489119 DTXSID00501709 DTXSID40591346 DTXSID20740911 DTXSID30770906 DTXSID90741551 DTXSID10803882 DTXSID70606674 DTXSID80618687 DTXSID50277740 DTXSID00408825 DTXSID50278717 DTXSID90519474 DTXSID50455440 DTXSID70835068 DTXSID50682239 DTXSID50354606 DTXSID90763758 DTXSID00588454
DTXSID20748694	DTXSID60433259 DTXSID30824958 DTXSID20817531 DTXSID40780031 DTXSID90542560 DTXSID2073017 DTXSID30218656 DTXSID50609507 DTXSID20205954 DTXSID70701754 DTXSID50173692 DTXSID10448196 DTXSID30294197 DTXSID50469188 DTXSID50615143 DTXSID10290430 DTXSID70713711 DTXSID30400357 DTXSID60430268 DTXSID40148874
DTXSID90209025	DTXSID70587777 DTXSID80770815 DTXSID20824306 DTXSID4052005 DTXSID1062546 DTXSID2063765 DTXSID2027967 DTXSID30702166 DTXSID60173926 DTXSID50887767 DTXSID00432448 DTXSID70559575 DTXSID70622612 DTXSID10348283 DTXSID60696701 DTXSID0074637 DTXSID90765171 DTXSID10796088 DTXSID50307511 DTXSID00775887
DTXSID10879320	DTXSID00846581 DTXSID40820466 DTXSID80703825 DTXSID60424460 DTXSID90453389 DTXSID00679770 DTXSID90688538 DTXSID20651159 DTXSID50596246 DTXSID30314804 DTXSID10542860 DTXSID20717067 DTXSID90592505 DTXSID00309808 DTXSID50398949 DTXSID20431438 DTXSID50364467 DTXSID50228318 DTXSID20663414 DTXSID00587649
DTXSID70358808	DTXSID10537195 DTXSID30242911 DTXSID90321837 DTXSID00399320 DTXSID30190943 DTXSID20721068 DTXSID3063095 DTXSID60675511 DTXSID50879561 DTXSID90507013 DTXSID00879551 DTXSID60647298 DTXSID60720717 DTXSID00542450 DTXSID70445343 DTXSID60856924 DTXSID70470251 DTXSID60193508 DTXSID70750944 DTXSID20206981
DTXSID90401300	DTXSID40736614 DTXSID4059253 DTXSID40156813 DTXSID40351048 DTXSID50340180 DTXSID90331931 DTXSID50751116 DTXSID50808376 DTXSID80324913 DTXSID80666461 DTXSID20608365 DTXSID90507811 DTXSID60212142 DTXSID40369466 DTXSID30310881 DTXSID80710110 DTXSID50635109 DTXSID60283352 DTXSID00678940 DTXSID20360335
DTXSID10509216	DTXSID80878082 DTXSID80612544 DTXSID20320999 DTXSID80311045 DTXSID50569758 DTXSID60842620 DTXSID5026548 DTXSID20144556 DTXSID80407816 DTXSID80365482 DTXSID40279031 DTXSID60526094 DTXSID00873296 DTXSID00638044 DTXSID70536543 DTXSID30435361 DTXSID70529697 DTXSID70159913 DTXSID10341658 DTXSID00732571
DTXSID3063966	DTXSID90305298 DTXSID70742102 DTXSID40747503 DTXSID70697481 DTXSID70582085 DTXSID90762382 DTXSID30415608 DTXSID20393587 DTXSID70855781 DTXSID60700236 DTXSID4057716 DTXSID40766118 DTXSID60744251 DTXSID50275680 DTXSID7057658 DTXSID00673753 DTXSID8069648 DTXSID20587585 DTXSID30303192 DTXSID00745368
DTXSID00339069	DTXSID00786099 DTXSID60884823 DTXSID80840345 DTXSID60659735 DTXSID60240440 DTXSID50766705 DTXSID20604342 DTXSID20432905 DTXSID70711257 DTXSID40815736 DTXSID70724408 DTXSID40811839 DTXSID50817701 DTXSID70720485 DTXSID8051706 DTXSID50482655 DTXSID70564664 DTXSID40532355 DTXSID70557152 DTXSID10317277
DTXSID90527695	DTXSID80284886 DTXSID30311434 DTXSID10656335 DTXSID80615075 DTXSID70748301 DTXSID80422327 DTXSID20695831 DTXSID90624390 DTXSID80465552 DTXSID90339417 DTXSID90805602 DTXSID40658504 DTXSID60745268 DTXSID60436442 DTXSID30742365 DTXSID60780356 DTXSID70477588 DTXSID20294540 DTXSID70530864 DTXSID10344528
DTXSID40449691	DTXSID00783982 DTXSID00637734 DTXSID10495246 DTXSID40706014 DTXSID30718065 DTXSID40541644 DTXSID90622179 DTXSID60378590 DTXSID90520141 DTXSID50481845 DTXSID10340247 DTXSID5069912 DTXSID70353237 DTXSID50553950 DTXSID80324014 DTXSID10733776 DTXSID60473099 DTXSID50321838 DTXSID10803483 DTXSID30178928
DTXSID20391366	DTXSID50210571 DTXSID80603790 DTXSID70440333 DTXSID30378406 DTXSID60170258 DTXSID80724191 DTXSID70774685 DTXSID40309307 DTXSID20170390 DTXSID10606431 DTXSID20892085 DTXSID50630316 DTXSID70214475 DTXSID10816412 DTXSID80561785 DTXSID50171916 DTXSID40757627 DTXSID10579757 DTXSID40171566 DTXSID30369516
DTXSID40303103	DTXSID80876982 DTXSID50522469 DTXSID90612898 DTXSID20797081 DTXSID00315606 DTXSID90431228 DTXSID20475751 DTXSID30804533 DTXSID90544741 DTXSID00184258 DTXSID50343737 DTXSID10630897 DTXSID30449367 DTXSID60476803 DTXSID20379503 DTXSID70383473 DTXSID00771182 DTXSID40876983 DTXSID80381783 DTXSID20612902
DTXSID60875796	DTXSID90435044 DTXSID60622580 DTXSID50809828 DTXSID30282190 DTXSID80560576 DTXSID00712035 DTXSID60325625 DTXSID30716667 DTXSID60401296 DTXSID30852256 DTXSID70873662 DTXSID50181656 DTXSID90373472 DTXSID10301277 DTXSID30761213 DTXSID10426732 DTXSID50310520 DTXSID70672798 DTXSID50179518 DTXSID20879472
DTXSID40855490	DTXSID20285832 DTXSID60696701 DTXSID2027967 DTXSID10348283 DTXSID40484941 DTXSID5074472 DTXSID60173926 DTXSID10796088 DTXSID1062546 DTXSID4052005 DTXSID40511600 DTXSID90209025 DTXSID10757336 DTXSID2063765 DTXSID70587777 DTXSID20824306 DTXSID70559575 DTXSID80770815 DTXSID80852064 DTXSID20567448
DTXSID00823892	DTXSID70613267 DTXSID80580734 DTXSID10511314 DTXSID10856212 DTXSID50186363 DTXSID0041773 DTXSID50605887 DTXSID00468540 DTXSID40195106 DTXSID40398938 DTXSID40319300 DTXSID70177935 DTXSID20580733 DTXSID30661047 DTXSID70666536 DTXSID20629893 DTXSID80791540 DTXSID10177934 DTXSID50187552 DTXSID50497865
DTXSID70323197	DTXSID10499269 DTXSID20425296 DTXSID40460846 DTXSID6035156 DTXSID50469906 DTXSID30610111 DTXSID20703682 DTXSID70739870 DTXSID80506439 DTXSID10163594 DTXSID40171485 DTXSID30531150 DTXSID70232093 DTXSID10325736 DTXSID50640399 DTXSID50550262 DTXSID30282615 DTXSID70734305 DTXSID70614431 DTXSID70600798
DTXSID40823513	DTXSID10218654 DTXSID60874764 DTXSID80773083 DTXSID70300044 DTXSID30851507 DTXSID60152170 DTXSID40823497 DTXSID40471876 DTXSID40715661 DTXSID40874762 DTXSID30597130 DTXSID40201938 DTXSID40333127 DTXSID10328464 DTXSID5058199 DTXSID10166383 DTXSID90155270 DTXSID90744249 DTXSID90162823 DTXSID50302465
DTXSID30342460	DTXSID90237247 DTXSID40579149 DTXSID50315570 DTXSID70589791 DTXSID30318428 DTXSID30663066 DTXSID20406161 DTXSID10402339 DTXSID80561528 DTXSID30725633 DTXSID50328963 DTXSID00780936 DTXSID10455784 DTXSID20353681 DTXSID90613002 DTXSID9048194 DTXSID40289039 DTXSID40357808 DTXSID10223001 DTXSID70514285
DTXSID4057716	DTXSID90762382 DTXSID40766118 DTXSID50275680 DTXSID90577150 DTXSID30415608 DTXSID3063966 DTXSID10829820 DTXSID80833590 DTXSID70697481 DTXSID4072813 DTXSID50226339 DTXSID90305298 DTXSID70582085 DTXSID40329005 DTXSID60701965 DTXSID50786261 DTXSID70742102 DTXSID40747503 DTXSID90415609 DTXSID60826127
DTXSID30356764	DTXSID20519503 DTXSID70219369 DTXSID50285047 DTXSID10444037 DTXSID80879731 DTXSID30300383 DTXSID40560350 DTXSID20405275 DTXSID70516784 DTXSID00429050 DTXSID00358977 DTXSID80399560 DTXSID20468163 DTXSID80440283 DTXSID10749877 DTXSID90611407 DTXSID60608324 DTXSID50651021 DTXSID20876269 DTXSID80479391
DTXSID20216666	DTXSID10626018 DTXSID30173276 DTXSID10609765 DTXSID30572083 DTXSID10361513 DTXSID00488824 DTXSID30515874 DTXSID60233812 DTXSID80224782 DTXSID70494230 DTXSID60765587 DTXSID80292683 DTXSID30313695 DTXSID40507644 DTXSID50776829 DTXSID40311142 DTXSID10528381 DTXSID90193915 DTXSID40430160 DTXSID10399659
DTXSID60711882	DTXSID30827388 DTXSID90709590 DTXSID50737490 DTXSID70699586 DTXSID30281663 DTXSID80278447 DTXSID20754452 DTXSID80705607 DTXSID50700528 DTXSID10822679 DTXSID30543410 DTXSID10783832 DTXSID80468609 DTXSID70242536 DTXSID00793728 DTXSID20341664 DTXSID20741069 DTXSID00699514 DTXSID30297769 DTXSID70346765
DTXSID40280460	DTXSID40495138 DTXSID20741908 DTXSID80226706 DTXSID80637712 DTXSID00762277 DTXSID80621994 DTXSID00220968 DTXSID50630316 DTXSID30427584 DTXSID70214475 DTXSID60332177 DTXSID80172734 DTXSID80418427 DTXSID10430450 DTXSID10816412 DTXSID90766406 DTXSID60170258 DTXSID80724191 DTXSID20189700 DTXSID60292368
DTXSID20466467	DTXSID80238142 DTXSID6033241 DTXSID00186792 DTXSID70476117 DTXSID00839978 DTXSID90369390 DTXSID10556407 DTXSID70582368 DTXSID20516815 DTXSID60451877 DTXSID70580985 DTXSID60766978 DTXSID40852686 DTXSID1068302 DTXSID10502308 DTXSID90473103 DTXSID30544482 DTXSID60172570 DTXSID30767674 DTXSID30433403
DTXSID70344842	DTXSID90517319 DTXSID70479325 DTXSID00565760 DTXSID60883917 DTXSID30617185 DTXSID70549451 DTXSID30306668 DTXSID10488239 DTXSID30769214 DTXSID90567874 DTXSID40440067 DTXSID60340732 DTXSID90306669 DTXSID00762792 DTXSID80496346 DTXSID20567408 DTXSID30600895 DTXSID80436883 DTXSID90782323 DTXSID10399917
DTXSID40450409	DTXSID30176540 DTXSID50467346 DTXSID90805440 DTXSID80282226 DTXSID30311595 DTXSID40374030 DTXSID00371186 DTXSID90419526 DTXSID50667248 DTXSID40168219 DTXSID90313636 DTXSID50662359 DTXSID20778436 DTXSID40773983 DTXSID80631275 DTXSID90813020 DTXSID40674183 DTXSID90445805 DTXSID90783198 DTXSID10579717
DTXSID70808616	DTXSID40711249 DTXSID70675345 DTXSID50437584 DTXSID50528623 DTXSID40702713 DTXSID80817239 DTXSID00705664 DTXSID10771512 DTXSID70639043 DTXSID70716782 DTXSID40852060 DTXSID70459546 DTXSID10802714 DTXSID10834934 DTXSID70325651 DTXSID30479306 DTXSID80830084 DTXSID40510597 DTXSID50405900 DTXSID30377777
DTXSID00773606	DTXSID20579662 DTXSID80765483 DTXSID50734888 DTXSID20346871 DTXSID50196164 DTXSID60528215 DTXSID10801303 DTXSID40624744 DTXSID50867463 DTXSID90407180 DTXSID00712999 DTXSID30651120 DTXSID50340887 DTXSID80827797 DTXSID10492816 DTXSID90528945 DTXSID80567565 DTXSID60406004 DTXSID30818211 DTXSID60511748
DTXSID40351780	DTXSID20327483 DTXSID10696317 DTXSID00175141 DTXSID80175942 DTXSID40588251 DTXSID80640529 DTXSID10510680 DTXSID00673733 DTXSID60172398 DTXSID40567809 DTXSID70734148 DTXSID30368600 DTXSID10592481 DTXSID9047095 DTXSID40467294 DTXSID9022100 DTXSID10151971 DTXSID70474259 DTXSID00620020 DTXSID20539948
DTXSID60669233	DTXSID40444409 DTXSID50776243 DTXSID40701403 DTXSID00668987 DTXSID70784289 DTXSID70669229 DTXSID10347115 DTXSID20640467 DTXSID00670222 DTXSID90451325 DTXSID10777554 DTXSID30444993 DTXSID10354268 DTXSID70576984 DTXSID40187203 DTXSID40845694 DTXSID10712405 DTXSID10172580 DTXSID5063605 DTXSID50356468
DTXSID60437297	DTXSID70748200 DTXSID80184812 DTXSID20809198 DTXSID40724874 DTXSID90309877 DTXSID40385722 DTXSID70370146 DTXSID80548314 DTXSID60725848 DTXSID60701102 DTXSID40562677 DTXSID70580369 DTXSID10426095 DTXSID9069007 DTXSID40592792 DTXSID20394317 DTXSID80430902 DTXSID80584131 DTXSID50747579 DTXSID20284800
DTXSID10827381	DTXSID80292163 DTXSID80182974 DTXSID20499770 DTXSID1070773 DTXSID20754836 DTXSID40214669 DTXSID20417959 DTXSID40513644 DTXSID70174964 DTXSID50565290 DTXSID6058972 DTXSID70548989 DTXSID60495337 DTXSID60284925 DTXSID70303297 DTXSID90584703 DTXSID80613172 DTXSID80712154 DTXSID60164793 DTXSID20875878
DTXSID00521083	DTXSID10297702 DTXSID60707962 DTXSID40608761 DTXSID10790682 DTXSID00484361 DTXSID50505434 DTXSID90814719 DTXSID50616039 DTXSID40543961 DTXSID00720978 DTXSID70381358 DTXSID90388102 DTXSID70394983 DTXSID50361274 DTXSID80760438 DTXSID20401419 DTXSID70709755 DTXSID90478239 DTXSID90474372 DTXSID50679149
DTXSID70317990	DTXSID80211511 DTXSID80752378 DTXSID10677181 DTXSID30694012 DTXSID8070960 DTXSID40880500 DTXSID80768252 DTXSID00236246 DTXSID20887799 DTXSID00276107 DTXSID30158189 DTXSID10637361 DTXSID60418021 DTXSID00707845 DTXSID50828832 DTXSID20173745 DTXSID60191488 DTXSID70373192 DTXSID80237610 DTXSID90807484
DTXSID60494921	DTXSID20204487 DTXSID30855727 DTXSID00296961 DTXSID20804840 DTXSID70855660 DTXSID20756234 DTXSID60184532 DTXSID80440844 DTXSID70873622 DTXSID30540383 DTXSID50326520 DTXSID60813198 DTXSID00400920 DTXSID00653333 DTXSID10310263 DTXSID10498474 DTXSID80548314 DTXSID20284800 DTXSID00639879 DTXSID50341016
DTXSID90419162	DTXSID80626883 DTXSID00622620 DTXSID60671114 DTXSID70489803 DTXSID60592557 DTXSID90331274 DTXSID10593776 DTXSID90625943 DTXSID20646308 DTXSID40350132 DTXSID20595680 DTXSID80320773 DTXSID80228902 DTXSID90613289 DTXSID70444331 DTXSID60695037 DTXSID90539399 DTXSID80293478 DTXSID80568895 DTXSID10536082
DTXSID80678180	DTXSID70514886 DTXSID70562423 DTXSID40180658 DTXSID60804228 DTXSID40145843 DTXSID30886233 DTXSID40551263 DTXSID70773471 DTXSID80640842 DTXSID80352251 DTXSID80276584 DTXSID30752702 DTXSID40314517 DTXSID10667143 DTXSID10442876 DTXSID70876870 DTXSID30514887 DTXSID90774102 DTXSID00782258 DTXSID30468098
DTXSID70876951	DTXSID6047862 DTXSID10568929 DTXSID10482878 DTXSID10757811 DTXSID7066643 DTXSID50234732 DTXSID60458866 DTXSID40847052 DTXSID10672217 DTXSID20676943 DTXSID50555378 DTXSID00720110 DTXSID4034817 DTXSID90565613 DTXSID00378832 DTXSID10766645 DTXSID00754490 DTXSID40734110 DTXSID70537510 DTXSID60675213
DTXSID10651885	DTXSID00725468 DTXSID10766645 DTXSID7066643 DTXSID10378500 DTXSID10757811 DTXSID10223001 DTXSID10157478 DTXSID40776999 DTXSID20676943 DTXSID40337105 DTXSID40504198 DTXSID50328963 DTXSID4034817 DTXSID8068171 DTXSID10482878 DTXSID70537510 DTXSID90613002 DTXSID10190002 DTXSID40228701 DTXSID20808020
DTXSID60842620	DTXSID5026548 DTXSID20320999 DTXSID50569758 DTXSID80311045 DTXSID80365482 DTXSID80748150 DTXSID70822074 DTXSID80878082 DTXSID00638044 DTXSID70536543 DTXSID70529697 DTXSID10509216 DTXSID10144949 DTXSID80612544 DTXSID00632961 DTXSID50840392 DTXSID50320407 DTXSID50878074 DTXSID20144556 DTXSID00616882
DTXSID90346863	DTXSID1069952 DTXSID10462918 DTXSID50613285 DTXSID20626403 DTXSID00632204 DTXSID5052626 DTXSID30364541 DTXSID70308222 DTXSID00498387 DTXSID80772011 DTXSID00490346 DTXSID60204461 DTXSID20590251 DTXSID40456507 DTXSID70400710 DTXSID20422326 DTXSID90409028 DTXSID30175614 DTXSID00192999 DTXSID20538310
DTXSID30616431	DTXSID30600178 DTXSID80627658 DTXSID00338335 DTXSID30866797 DTXSID40359221 DTXSID0065933 DTXSID20678220 DTXSID80578838 DTXSID90758669 DTXSID60443732 DTXSID4041236 DTXSID80585325 DTXSID10465429 DTXSID90480958 DTXSID70339011 DTXSID70491845 DTXSID80516331 DTXSID70607161 DTXSID20790370 DTXSID40874348
DTXSID20722510	DTXSID7073486 DTXSID70276634 DTXSID30419065 DTXSID30757070 DTXSID90477409 DTXSID80601110 DTXSID70877089 DTXSID10482636 DTXSID50395812 DTXSID60716493 DTXSID20509883 DTXSID80553706 DTXSID30454996 DTXSID00346314 DTXSID50527777 DTXSID90590243 DTXSID00225771 DTXSID50728005 DTXSID40577867 DTXSID10577576
DTXSID10494052	DTXSID80820804 DTXSID30280515 DTXSID80369627 DTXSID50467003 DTXSID10658632 DTXSID30625664 DTXSID30279207 DTXSID60221411 DTXSID80367921 DTXSID40570439 DTXSID40529149 DTXSID50153176 DTXSID20301783 DTXSID90228155 DTXSID70547371 DTXSID6023315 DTXSID60594132 DTXSID40308693 DTXSID60600484 DTXSID00442188
DTXSID90443725	DTXSID00847053 DTXSID00613750 DTXSID00434109 DTXSID00441777 DTXSID10828494 DTXSID20566037 DTXSID60182598 DTXSID90734423 DTXSID60239536 DTXSID60390070 DTXSID7044689 DTXSID20581402 DTXSID00749265 DTXSID00586415 DTXSID90762589 DTXSID70500800 DTXSID20445318 DTXSID20161445 DTXSID8063834 DTXSID50709551
DTXSID10466890	DTXSID60343642 DTXSID70424198 DTXSID70372307 DTXSID10466719 DTXSID80638709 DTXSID30344343 DTXSID30857448 DTXSID10778026 DTXSID20632246 DTXSID20849776 DTXSID4040343 DTXSID90456395 DTXSID10735558 DTXSID50163578 DTXSID50457580 DTXSID40165147 DTXSID80668985 DTXSID20372110 DTXSID50535817 DTXSID90633644
DTXSID00218749	DTXSID10879688 DTXSID30153356 DTXSID70197592 DTXSID00429272 DTXSID90618678 DTXSID00598078 DTXSID10622999 DTXSID50368041 DTXSID00467412 DTXSID80451172 DTXSID40549529 DTXSID70735690 DTXSID30668930 DTXSID10716180 DTXSID20405593 DTXSID50601344 DTXSID90279182 DTXSID40615596 DTXSID60771643 DTXSID90181655
DTXSID90638174	DTXSID90773276 DTXSID90444555 DTXSID10280770 DTXSID40813393 DTXSID20878369 DTXSID30787630 DTXSID00847114 DTXSID10769772 DTXSID90500261 DTXSID80873118 DTXSID60850189 DTXSID40771787 DTXSID00787066 DTXSID80526096 DTXSID10797611 DTXSID70842010 DTXSID30316929 DTXSID90750981 DTXSID60566011 DTXSID10822073
DTXSID30409264	DTXSID40466085 DTXSID20781223 DTXSID90733638 DTXSID00318455 DTXSID80436888 DTXSID60542052 DTXSID40642226 DTXSID30558488 DTXSID80695776 DTXSID10650378 DTXSID50652836 DTXSID70353111 DTXSID10675228 DTXSID00769266 DTXSID10537635 DTXSID30400690 DTXSID10511354 DTXSID80551161 DTXSID60214121 DTXSID60193361
DTXSID80699496	DTXSID10724003 DTXSID50630270 DTXSID50323675 DTXSID50535817 DTXSID30787675 DTXSID90373674 DTXSID80801219 DTXSID60655318 DTXSID90633644 DTXSID90348983 DTXSID30440677 DTXSID70738949 DTXSID80183441 DTXSID90602810 DTXSID00513862 DTXSID30609984 DTXSID40732550 DTXSID10406736 DTXSID60405698 DTXSID10735558
DTXSID90404174	DTXSID40374510 DTXSID60174670 DTXSID10799296 DTXSID40721146 DTXSID60278066 DTXSID60166439 DTXSID30612519 DTXSID10645683 DTXSID50790207 DTXSID20403978 DTXSID40373801 DTXSID00613750 DTXSID70344367 DTXSID90762589 DTXSID00441777 DTXSID20633374 DTXSID00847053 DTXSID80734290 DTXSID50590007 DTXSID8063834
DTXSID30222197	DTXSID30614275 DTXSID00213411 DTXSID90577877 DTXSID20400745 DTXSID30527250 DTXSID30626050 DTXSID30324529 DTXSID70405624 DTXSID40199265 DTXSID30551136 DTXSID00351221 DTXSID90473481 DTXSID30369379 DTXSID60335284 DTXSID9068378 DTXSID80469499 DTXSID70487026 DTXSID00766412 DTXSID40181180 DTXSID50556204
DTXSID30363079	DTXSID00623359 DTXSID10642192 DTXSID40482427 DTXSID60372553 DTXSID60227615 DTXSID40722214 DTXSID10560963 DTXSID90379934 DTXSID90578703 DTXSID90454937 DTXSID60665472 DTXSID80604328 DTXSID90707556 DTXSID70572300 DTXSID00557044 DTXSID30854210 DTXSID60501962 DTXSID10357037 DTXSID00657250 DTXSID90506566
DTXSID20594678	DTXSID10144484 DTXSID50639889 DTXSID20172071 DTXSID80776034 DTXSID00577964 DTXSID00757749 DTXSID50318526 DTXSID80438044 DTXSID10463021 DTXSID70825242 DTXSID10149196 DTXSID20434202 DTXSID50527358 DTXSID10579131 DTXSID60241518 DTXSID50465827 DTXSID90446892 DTXSID20403498 DTXSID30544962 DTXSID70614092
DTXSID20173745	DTXSID50828832 DTXSID70373192 DTXSID20887799 DTXSID10244236 DTXSID10637361 DTXSID40880500 DTXSID30694012 DTXSID40286902 DTXSID10720146 DTXSID90807484 DTXSID60418021 DTXSID80657910 DTXSID80764310 DTXSID8070960 DTXSID2050035 DTXSID70761252 DTXSID50724507 DTXSID60675950 DTXSID80853470 DTXSID20803095
DTXSID30460577	DTXSID90343534 DTXSID40456163 DTXSID70357452 DTXSID40509007 DTXSID90628893 DTXSID90439183 DTXSID00606703 DTXSID00302495 DTXSID60603455 DTXSID80222783 DTXSID30849560 DTXSID10463324 DTXSID50301953 DTXSID40603837 DTXSID9058155 DTXSID90320648 DTXSID70199334 DTXSID10438850 DTXSID20520119 DTXSID40279773
DTXSID40747503	DTXSID70855781 DTXSID90305298 DTXSID70582085 DTXSID70742102 DTXSID20393587 DTXSID60700236 DTXSID70697481 DTXSID30303192 DTXSID70732487 DTXSID3063966 DTXSID00745368 DTXSID30620174 DTXSID80478324 DTXSID70314969 DTXSID8069648 DTXSID70619608 DTXSID00508677 DTXSID20835659 DTXSID10660816 DTXSID60319089
DTXSID40717029	DTXSID60280841 DTXSID10680579 DTXSID00896344 DTXSID80176712 DTXSID10534740 DTXSID20656927 DTXSID30857589 DTXSID60733680 DTXSID30593950 DTXSID40655477 DTXSID90702203 DTXSID10568964 DTXSID70529677 DTXSID10695340 DTXSID20789128 DTXSID10202997 DTXSID20500895 DTXSID60640704 DTXSID80146455 DTXSID70428494
DTXSID60285497	DTXSID10702407 DTXSID80468563 DTXSID60383760 DTXSID10299009 DTXSID70879689 DTXSID30350186 DTXSID50677448 DTXSID30284199 DTXSID60593347 DTXSID70653901 DTXSID50672276 DTXSID20813492 DTXSID20187983 DTXSID20522017 DTXSID30509975 DTXSID00158752 DTXSID00145980 DTXSID50164641 DTXSID10557050 DTXSID50322446
DTXSID80635137	DTXSID50494697 DTXSID30740462 DTXSID70601548 DTXSID10681824 DTXSID20856622 DTXSID40293651 DTXSID60664203 DTXSID00461617 DTXSID00501441 DTXSID90191012 DTXSID20198872 DTXSID50740727 DTXSID00197560 DTXSID50457707 DTXSID20370833 DTXSID20422326 DTXSID30543314 DTXSID20541122 DTXSID50208236 DTXSID50180543
DTXSID50524827	DTXSID00162071 DTXSID90166301 DTXSID50651006 DTXSID30402492 DTXSID40833733 DTXSID40398958 DTXSID10311699 DTXSID60172570 DTXSID50277442 DTXSID30550023 DTXSID70874098 DTXSID30738485 DTXSID60540114 DTXSID40540738 DTXSID50435964 DTXSID90587653 DTXSID90553656 DTXSID60766978 DTXSID20340490 DTXSID20516815
DTXSID00281615	DTXSID30538700 DTXSID10341658 DTXSID50791274 DTXSID20288045 DTXSID90462451 DTXSID30809604 DTXSID60468920 DTXSID00778656 DTXSID60526094 DTXSID50632714 DTXSID40279031 DTXSID00732571 DTXSID00873296 DTXSID40811839 DTXSID60812121 DTXSID50198300 DTXSID70564664 DTXSID70159913 DTXSID80612544 DTXSID70453201
DTXSID2024791	DTXSID80444004 DTXSID60542759 DTXSID60454661 DTXSID50378741 DTXSID10181490 DTXSID40468009 DTXSID90483020 DTXSID90408576 DTXSID80742077 DTXSID70159413 DTXSID20838140 DTXSID00305805 DTXSID3057692 DTXSID30483483 DTXSID70721134 DTXSID60199601 DTXSID50311390 DTXSID30372484 DTXSID80528671 DTXSID10180923
DTXSID80772798	DTXSID90456951 DTXSID00587664 DTXSID30589813 DTXSID60577829 DTXSID20496845 DTXSID60378590 DTXSID60402369 DTXSID60820125 DTXSID10569931 DTXSID40541644 DTXSID90667540 DTXSID70353237 DTXSID40845735 DTXSID30241545 DTXSID90520141 DTXSID90829020 DTXSID40706014 DTXSID30718065 DTXSID5068158 DTXSID00805870
DTXSID50567355	DTXSID10483325 DTXSID00376691 DTXSID80828986 DTXSID80685814 DTXSID30780308 DTXSID70507899 DTXSID30772364 DTXSID70452133 DTXSID10343637 DTXSID90734408 DTXSID80646728 DTXSID40697453 DTXSID40496120 DTXSID50695420 DTXSID60441157 DTXSID90494676 DTXSID40857631 DTXSID50473725 DTXSID30393856 DTXSID80661173
DTXSID20542816	DTXSID50707951 DTXSID70398406 DTXSID50813501 DTXSID00331164 DTXSID10364529 DTXSID40343468 DTXSID00631297 DTXSID30521910 DTXSID90877304 DTXSID60893915 DTXSID50783876 DTXSID20670305 DTXSID30213626 DTXSID70757352 DTXSID00603732 DTXSID70836510 DTXSID40775609 DTXSID90733890 DTXSID20734330 DTXSID70390667
DTXSID80594558	DTXSID20876269 DTXSID60876662 DTXSID30300383 DTXSID80399560 DTXSID40603837 DTXSID90279162 DTXSID70357452 DTXSID80664341 DTXSID50153696 DTXSID70766489 DTXSID00399345 DTXSID50308280 DTXSID10441061 DTXSID60458689 DTXSID50681000 DTXSID50651021 DTXSID20162654 DTXSID30460577 DTXSID90439183 DTXSID40509007
DTXSID80424169	DTXSID70788843 DTXSID10442876 DTXSID30468098 DTXSID80352251 DTXSID00145682 DTXSID40373523 DTXSID0047088 DTXSID10314887 DTXSID30434995 DTXSID50275968 DTXSID40804983 DTXSID60281333 DTXSID30854634 DTXSID70528064 DTXSID70876870 DTXSID30886233 DTXSID20625113 DTXSID70773471 DTXSID50313596 DTXSID10156704
DTXSID60646307	DTXSID80646384 DTXSID90434592 DTXSID50515578 DTXSID60547421 DTXSID90670291 DTXSID90178803 DTXSID50186363 DTXSID20627854 DTXSID30646399 DTXSID10734940 DTXSID00409377 DTXSID00468540 DTXSID10511314 DTXSID10609124 DTXSID70743659 DTXSID40195106 DTXSID70613267 DTXSID80580734 DTXSID0041773 DTXSID00646205
DTXSID30555654	DTXSID50289141 DTXSID60840989 DTXSID40646461 DTXSID50623167 DTXSID00190172 DTXSID50808230 DTXSID90396222 DTXSID10397478 DTXSID80377949 DTXSID80718853 DTXSID40701504 DTXSID90653125 DTXSID40618345 DTXSID70496178 DTXSID50733639 DTXSID50812953 DTXSID80727324 DTXSID10857380 DTXSID50592203 DTXSID10494698
DTXSID20432561	DTXSID30799096 DTXSID00576634 DTXSID20580753 DTXSID60427815 DTXSID50170020 DTXSID10391274 DTXSID10536082 DTXSID60695037 DTXSID80293478 DTXSID40407716 DTXSID80573368 DTXSID80482123 DTXSID90571239 DTXSID20705222 DTXSID30583295 DTXSID20646308 DTXSID00876626 DTXSID10642071 DTXSID30727910 DTXSID00806822
DTXSID30828774	DTXSID50293203 DTXSID10556700 DTXSID80889294 DTXSID00468308 DTXSID10640895 DTXSID50563231 DTXSID50234914 DTXSID10189714 DTXSID40796495 DTXSID50705750 DTXSID40207955 DTXSID60812328 DTXSID60818047 DTXSID80851436 DTXSID40823058 DTXSID80753941 DTXSID60192233 DTXSID40399561 DTXSID20281692 DTXSID80444347
DTXSID40507280	DTXSID60422946 DTXSID90594948 DTXSID20297278 DTXSID9068378 DTXSID70405624 DTXSID50556204 DTXSID10172404 DTXSID50311754 DTXSID90567430 DTXSID90152885 DTXSID40430185 DTXSID60446501 DTXSID00766412 DTXSID50757350 DTXSID40831936 DTXSID60667436 DTXSID20526212 DTXSID30744748 DTXSID50323438 DTXSID60312631
DTXSID60184870	DTXSID40372051 DTXSID90721373 DTXSID40684601 DTXSID60665472 DTXSID20547326 DTXSID60670142 DTXSID30642230 DTXSID20222787 DTXSID90707556 DTXSID80350737 DTXSID50456533 DTXSID80463452 DTXSID00557044 DTXSID90379934 DTXSID9061178 DTXSID30577331 DTXSID60729402 DTXSID30490970 DTXSID20578539 DTXSID30459729
DTXSID90171935	DTXSID40766279 DTXSID90665021 DTXSID20560212 DTXSID20444048 DTXSID10403129 DTXSID30434511 DTXSID00842240 DTXSID10504807 DTXSID80524375 DTXSID20739229 DTXSID00681570 DTXSID10440059 DTXSID50788008 DTXSID60407056 DTXSID80848381 DTXSID90178843 DTXSID8047717 DTXSID90209343 DTXSID20475594 DTXSID00162036
DTXSID90763672	DTXSID00188933 DTXSID60221092 DTXSID10708742 DTXSID30557991 DTXSID10367090 DTXSID1060712 DTXSID20640881 DTXSID50351332 DTXSID10727852 DTXSID60646120 DTXSID90474094 DTXSID30290992 DTXSID80548516 DTXSID30188123 DTXSID60733408 DTXSID70239385 DTXSID20429673 DTXSID40727163 DTXSID10392362 DTXSID10174948
DTXSID40693238	DTXSID40188937 DTXSID30747335 DTXSID30591214 DTXSID90181655 DTXSID30838752 DTXSID10177550 DTXSID00356392 DTXSID10806398 DTXSID70799095 DTXSID5070529 DTXSID50722604 DTXSID10292111 DTXSID50409029 DTXSID30361752 DTXSID90695323 DTXSID10763412 DTXSID90560729 DTXSID10675647 DTXSID50310520 DTXSID00299730
DTXSID90786326	DTXSID9069849 DTXSID00325563 DTXSID90820815 DTXSID00807834 DTXSID00817918 DTXSID20624146 DTXSID70464776 DTXSID60573543 DTXSID90562940 DTXSID20459617 DTXSID80729641 DTXSID50198300 DTXSID90595036 DTXSID50783538 DTXSID20288045 DTXSID70799737 DTXSID30850116 DTXSID60660361 DTXSID00732571 DTXSID90888152
DTXSID40693233	DTXSID20778618 DTXSID20858505 DTXSID30243488 DTXSID20756335 DTXSID80576374 DTXSID10847428 DTXSID40577988 DTXSID80552653 DTXSID60674165 DTXSID20847232 DTXSID10712061 DTXSID60813476 DTXSID70392924 DTXSID80682262 DTXSID50590148 DTXSID30789412 DTXSID20532696 DTXSID40676763 DTXSID70153153 DTXSID60327649
DTXSID50640834	DTXSID50485005 DTXSID30704488 DTXSID60282168 DTXSID60837258 DTXSID10352800 DTXSID40633972 DTXSID70783656 DTXSID0073291 DTXSID00567961 DTXSID70645684 DTXSID90857000 DTXSID10651542 DTXSID60603536 DTXSID10277524 DTXSID40696461 DTXSID10292035 DTXSID90325153 DTXSID40280980 DTXSID60652327 DTXSID00522398
DTXSID30434511	DTXSID00842240 DTXSID90178843 DTXSID20475594 DTXSID10440059 DTXSID90171935 DTXSID10403129 DTXSID40766279 DTXSID90665021 DTXSID40289256 DTXSID70333716 DTXSID8047717 DTXSID90334321 DTXSID90561074 DTXSID50788008 DTXSID30823264 DTXSID10504807 DTXSID60290364 DTXSID90490996 DTXSID20560212 DTXSID90280854
DTXSID70443223	DTXSID20374336 DTXSID30284694 DTXSID80497510 DTXSID50233720 DTXSID30388585 DTXSID70382865 DTXSID30673827 DTXSID80503882 DTXSID70388024 DTXSID60378075 DTXSID10752705 DTXSID70876552 DTXSID70359355 DTXSID30546042 DTXSID40468781 DTXSID1069453 DTXSID20697072 DTXSID1058393 DTXSID5059163 DTXSID50460918
DTXSID10389373	DTXSID30373673 DTXSID90284478 DTXSID00697257 DTXSID80396852 DTXSID60476747 DTXSID60557545 DTXSID70609605 DTXSID30357635 DTXSID80170790 DTXSID10533314 DTXSID70237664 DTXSID60298688 DTXSID70368043 DTXSID60415535 DTXSID40152835 DTXSID10842453 DTXSID00841995 DTXSID80320773 DTXSID20595680 DTXSID40673171
DTXSID70629186	DTXSID3058371 DTXSID20278103 DTXSID00606627 DTXSID00590557 DTXSID8070542 DTXSID50738063 DTXSID00813839 DTXSID70505355 DTXSID80763489 DTXSID20364550 DTXSID80765726 DTXSID10277564 DTXSID00876525 DTXSID50605327 DTXSID70479168 DTXSID80627658 DTXSID20280680 DTXSID70491845 DTXSID70579435 DTXSID70641909
DTXSID60148270	DTXSID80576374 DTXSID90401769 DTXSID40719366 DTXSID30789412 DTXSID70737932 DTXSID70531250 DTXSID60522172 DTXSID00529488 DTXSID30243488 DTXSID10772044 DTXSID60796033 DTXSID10479400 DTXSID60835597 DTXSID60327649 DTXSID20858505 DTXSID90611083 DTXSID10704628 DTXSID30612413 DTXSID50290732 DTXSID20815911
DTXSID40756736	DTXSID20364510 DTXSID30490970 DTXSID20604968 DTXSID70659443 DTXSID30546800 DTXSID40164599 DTXSID10810733 DTXSID60729402 DTXSID10359430 DTXSID60879719 DTXSID00326196 DTXSID40684601 DTXSID40812861 DTXSID30642230 DTXSID90152880 DTXSID80350737 DTXSID20222787 DTXSID80463452 DTXSID80796772 DTXSID20619259
DTXSID70434151	DTXSID40522559 DTXSID90577938 DTXSID70711419 DTXSID20797743 DTXSID30304306 DTXSID00559245 DTXSID10201521 DTXSID80537122 DTXSID80324271 DTXSID70602636 DTXSID00600140 DTXSID00473578 DTXSID40191426 DTXSID80174834 DTXSID50306004 DTXSID20891139 DTXSID60532832 DTXSID10338109 DTXSID90547999 DTXSID50835107
DTXSID80206381	DTXSID00816845 DTXSID60816588 DTXSID60283413 DTXSID80852948 DTXSID40573485 DTXSID00796355 DTXSID90464773 DTXSID30656776 DTXSID90718102 DTXSID90675226 DTXSID70809300 DTXSID10301010 DTXSID30674854 DTXSID90819188 DTXSID00732511 DTXSID80159287 DTXSID30839224 DTXSID90656414 DTXSID50296299 DTXSID40759388
DTXSID30194007	DTXSID70314323 DTXSID40701504 DTXSID20624964 DTXSID70810991 DTXSID50497865 DTXSID10494698 DTXSID50808230 DTXSID60400628 DTXSID90444015 DTXSID40398938 DTXSID90355415 DTXSID40319300 DTXSID50812953 DTXSID70177935 DTXSID80791540 DTXSID90452650 DTXSID60709284 DTXSID10371773 DTXSID90396222 DTXSID80302291
DTXSID0047741	DTXSID80201174 DTXSID90738906 DTXSID60550733 DTXSID00223994 DTXSID00550732 DTXSID50573193 DTXSID40379404 DTXSID30222273 DTXSID80407876 DTXSID2052447 DTXSID80783708 DTXSID20669335 DTXSID30201402 DTXSID70886030 DTXSID0044153 DTXSID20449876 DTXSID20476203 DTXSID20518379 DTXSID50729234 DTXSID10808953
DTXSID30606231	DTXSID60634123 DTXSID40322470 DTXSID00825816 DTXSID00569783 DTXSID00604284 DTXSID70400336 DTXSID10708267 DTXSID50670136 DTXSID30479725 DTXSID9068742 DTXSID90676834 DTXSID80509162 DTXSID30828991 DTXSID80346776 DTXSID90724384 DTXSID10565317 DTXSID80843614 DTXSID00444107 DTXSID5066748 DTXSID00192393
DTXSID80466206	DTXSID70792849 DTXSID50457944 DTXSID10404676 DTXSID70569078 DTXSID60319948 DTXSID80578333 DTXSID80496346 DTXSID50340226 DTXSID70549451 DTXSID70460152 DTXSID40200784 DTXSID20383463 DTXSID60883917 DTXSID80436883 DTXSID40330590 DTXSID80604368 DTXSID20431170 DTXSID10500324 DTXSID10805644 DTXSID20341866
DTXSID80470489	DTXSID0064672 DTXSID10561910 DTXSID80464368 DTXSID60327528 DTXSID20477912 DTXSID00887994 DTXSID40508111 DTXSID60536719 DTXSID80434162 DTXSID70557910 DTXSID00391061 DTXSID00282965 DTXSID40334154 DTXSID00453451 DTXSID50696412 DTXSID80299970 DTXSID50712227 DTXSID00603050 DTXSID70408650 DTXSID50524701
DTXSID00182971	DTXSID30649502 DTXSID40483116 DTXSID50552847 DTXSID40856184 DTXSID40404068 DTXSID80668581 DTXSID60769580 DTXSID70495863 DTXSID60656749 DTXSID50558329 DTXSID70849983 DTXSID70283005 DTXSID10711857 DTXSID50355557 DTXSID00313622 DTXSID80238203 DTXSID00485176 DTXSID60281555 DTXSID60640062 DTXSID00539461
DTXSID10332006	DTXSID70465081 DTXSID3037549 DTXSID70771053 DTXSID80391786 DTXSID40707006 DTXSID40199366 DTXSID50495023 DTXSID70554040 DTXSID50494990 DTXSID10794963 DTXSID60290586 DTXSID60608662 DTXSID90454396 DTXSID90143531 DTXSID10144424 DTXSID50738205 DTXSID80369526 DTXSID40641294 DTXSID40596295 DTXSID20739784
DTXSID90437447	DTXSID80364511 DTXSID70290799 DTXSID10705317 DTXSID10614374 DTXSID90670418 DTXSID5067392 DTXSID30614917 DTXSID70180323 DTXSID50211245 DTXSID40663259 DTXSID90703659 DTXSID70879705 DTXSID70445500 DTXSID70554161 DTXSID20318553 DTXSID80158139 DTXSID70492352 DTXSID70646373 DTXSID10676396 DTXSID30275143
DTXSID20539948	DTXSID40365145 DTXSID00480989 DTXSID90736028 DTXSID50816810 DTXSID70470251 DTXSID70558563 DTXSID20578554 DTXSID40717822 DTXSID30562621 DTXSID90811162 DTXSID70445343 DTXSID00620020 DTXSID30428374 DTXSID80143040 DTXSID10712182 DTXSID20327483 DTXSID70592765 DTXSID00399320 DTXSID30368600 DTXSID40351780
DTXSID10221865	DTXSID60375120 DTXSID40397623 DTXSID60505389 DTXSID20582959 DTXSID00645879 DTXSID30634231 DTXSID70528403 DTXSID90426058 DTXSID40855132 DTXSID40578238 DTXSID20791342 DTXSID00707608 DTXSID50345019 DTXSID40576875 DTXSID10544889 DTXSID40722618 DTXSID50441368 DTXSID80480689 DTXSID50473745 DTXSID60287734
DTXSID10471666	DTXSID80279919 DTXSID10495721 DTXSID90238315 DTXSID20159423 DTXSID00411738 DTXSID40630906 DTXSID80823330 DTXSID60340974 DTXSID90462936 DTXSID00559149 DTXSID40757309 DTXSID00566171 DTXSID10871440 DTXSID80649890 DTXSID50190021 DTXSID00536894 DTXSID20368295 DTXSID00633796 DTXSID60725101 DTXSID40334275
DTXSID40809650	DTXSID70891588 DTXSID80588038 DTXSID90739897 DTXSID80470843 DTXSID80879473 DTXSID20846467 DTXSID10148321 DTXSID70373576 DTXSID50628091 DTXSID00566070 DTXSID60763987 DTXSID20559469 DTXSID50667344 DTXSID60327023 DTXSID70538885 DTXSID40713743 DTXSID20393249 DTXSID20793821 DTXSID40737303 DTXSID60734490
DTXSID30755016	DTXSID8061133 DTXSID70645684 DTXSID60385461 DTXSID90857000 DTXSID00522398 DTXSID10354228 DTXSID30704488 DTXSID50485005 DTXSID60837258 DTXSID60446768 DTXSID0069915 DTXSID20477619 DTXSID50640834 DTXSID10355573 DTXSID10292035 DTXSID70803545 DTXSID60603536 DTXSID00501860 DTXSID80467394 DTXSID60528699
DTXSID80350737	DTXSID80463452 DTXSID20222787 DTXSID60729402 DTXSID30642230 DTXSID10810733 DTXSID70659443 DTXSID30490970 DTXSID00452045 DTXSID40684601 DTXSID70787230 DTXSID60184870 DTXSID80466488 DTXSID40372051 DTXSID20578539 DTXSID40756736 DTXSID90707556 DTXSID20364510 DTXSID60665472 DTXSID00557044 DTXSID30856476
DTXSID70669229	DTXSID00668987 DTXSID00670222 DTXSID40845694 DTXSID80855090 DTXSID80289396 DTXSID30444993 DTXSID50356468 DTXSID80593521 DTXSID50776243 DTXSID20640467 DTXSID10777554 DTXSID10356469 DTXSID60669233 DTXSID10354268 DTXSID20648620 DTXSID40175741 DTXSID70710927 DTXSID80299652 DTXSID20394216 DTXSID00389105
DTXSID40414687	DTXSID9021712 DTXSID70397570 DTXSID10325094 DTXSID90185370 DTXSID10474798 DTXSID80756058 DTXSID00661216 DTXSID30541491 DTXSID60876440 DTXSID40876847 DTXSID40657274 DTXSID50433142 DTXSID10726820 DTXSID50849961 DTXSID30452775 DTXSID40296925 DTXSID80598596 DTXSID60532291 DTXSID80604707 DTXSID30756543
DTXSID90560729	DTXSID10301277 DTXSID30852256 DTXSID5070529 DTXSID80710670 DTXSID10806398 DTXSID50179518 DTXSID50409029 DTXSID30361752 DTXSID50310520 DTXSID50631606 DTXSID20368194 DTXSID50400551 DTXSID00356392 DTXSID30371457 DTXSID70873662 DTXSID30591214 DTXSID90695323 DTXSID40188937 DTXSID60739526 DTXSID70735690
DTXSID60893915	DTXSID40343468 DTXSID50783876 DTXSID20667735 DTXSID50813501 DTXSID90284832 DTXSID10364529 DTXSID70398406 DTXSID50707951 DTXSID20542816 DTXSID90877304 DTXSID70836510 DTXSID90398180 DTXSID00331164 DTXSID30593394 DTXSID20734330 DTXSID00406523 DTXSID40525565 DTXSID20808020 DTXSID40775609 DTXSID30424634
DTXSID60202720	DTXSID80340113 DTXSID10567932 DTXSID4052051 DTXSID90520888 DTXSID70518021 DTXSID2059275 DTXSID20478080 DTXSID90339518 DTXSID70826875 DTXSID20342651 DTXSID30813069 DTXSID30851865 DTXSID90514803 DTXSID80424583 DTXSID00334771 DTXSID90500923 DTXSID80442020 DTXSID40343786 DTXSID90294037 DTXSID10655964
DTXSID60312318	DTXSID40758639 DTXSID60663554 DTXSID60390974 DTXSID70455785 DTXSID80856466 DTXSID20556857 DTXSID30462975 DTXSID80295533 DTXSID60630226 DTXSID50518509 DTXSID20729766 DTXSID50855981 DTXSID00646467 DTXSID00501648 DTXSID00680563 DTXSID40656126 DTXSID90406890 DTXSID70569452 DTXSID10857249 DTXSID90285046
DTXSID60295137	DTXSID30370420 DTXSID00504311 DTXSID50378827 DTXSID60783822 DTXSID30336223 DTXSID10211044 DTXSID00809530 DTXSID50658550 DTXSID30398346 DTXSID50761336 DTXSID00813511 DTXSID30798185 DTXSID20530950 DTXSID00295196 DTXSID40727906 DTXSID80241994 DTXSID00828564 DTXSID20793487 DTXSID40662505 DTXSID40556238
DTXSID60785200	DTXSID50147050 DTXSID20292127 DTXSID8066347 DTXSID20564316 DTXSID60805533 DTXSID30356906 DTXSID00304196 DTXSID40713445 DTXSID60424546 DTXSID10634274 DTXSID90518144 DTXSID40225492 DTXSID30279363 DTXSID30465820 DTXSID10341552 DTXSID70150627 DTXSID40310175 DTXSID00657073 DTXSID80712154 DTXSID3071278
DTXSID30873582	DTXSID80202505 DTXSID40433691 DTXSID90772002 DTXSID50285360 DTXSID20366150 DTXSID20759705 DTXSID20876507 DTXSID20318558 DTXSID70585778 DTXSID40373801 DTXSID10797277 DTXSID40545147 DTXSID50341793 DTXSID40797886 DTXSID70666273 DTXSID80323562 DTXSID10392968 DTXSID90383692 DTXSID00739525 DTXSID40597080
DTXSID1071743	DTXSID60569264 DTXSID70584923 DTXSID40380191 DTXSID80180798 DTXSID00645617 DTXSID20323405 DTXSID70737457 DTXSID00503940 DTXSID20776795 DTXSID40180118 DTXSID80661557 DTXSID00485015 DTXSID20879593 DTXSID40313303 DTXSID60532291 DTXSID70191530 DTXSID10572526 DTXSID70424335 DTXSID40513381 DTXSID10474798
DTXSID60775181	DTXSID60550677 DTXSID60829315 DTXSID50309898 DTXSID80824408 DTXSID60627272 DTXSID50335016 DTXSID20337941 DTXSID40795620 DTXSID60767243 DTXSID70840778 DTXSID20627273 DTXSID90610016 DTXSID80625518 DTXSID30768005 DTXSID90769098 DTXSID60334732 DTXSID20793129 DTXSID10579631 DTXSID60232926 DTXSID40604041
DTXSID80506131	DTXSID7068001 DTXSID90530942 DTXSID50798425 DTXSID70565833 DTXSID50858472 DTXSID10880678 DTXSID50693663 DTXSID1051800 DTXSID10391618 DTXSID80342879 DTXSID50502221 DTXSID80885913 DTXSID10767637 DTXSID50528269 DTXSID10587852 DTXSID20604387 DTXSID90328629 DTXSID10605045 DTXSID60606582 DTXSID60557242
DTXSID70812839	DTXSID80604429 DTXSID00192393 DTXSID10461224 DTXSID60808645 DTXSID70157833 DTXSID80652167 DTXSID20879533 DTXSID70453488 DTXSID00371020 DTXSID10737693 DTXSID30758224 DTXSID90676834 DTXSID50670136 DTXSID60447795 DTXSID50445684 DTXSID90317432 DTXSID40232909 DTXSID80509162 DTXSID70733712 DTXSID00829036
DTXSID90811162	DTXSID30428374 DTXSID80143040 DTXSID80851239 DTXSID70610039 DTXSID80771766 DTXSID00480989 DTXSID70592765 DTXSID50816810 DTXSID40280980 DTXSID20867834 DTXSID00368516 DTXSID70470251 DTXSID00508096 DTXSID40717822 DTXSID40696461 DTXSID70837562 DTXSID50569319 DTXSID70545993 DTXSID00196518 DTXSID20539948
DTXSID50299588	DTXSID80698343 DTXSID80653997 DTXSID80176974 DTXSID0052590 DTXSID90730905 DTXSID00345842 DTXSID80351628 DTXSID40646486 DTXSID40589021 DTXSID30653902 DTXSID50494697 DTXSID90191012 DTXSID40335101 DTXSID50595032 DTXSID30364541 DTXSID80151549 DTXSID70832754 DTXSID00334377 DTXSID00391167 DTXSID50849249
DTXSID50627165	DTXSID10478731 DTXSID50145874 DTXSID50345892 DTXSID70383211 DTXSID40334412 DTXSID10618170 DTXSID80562318 DTXSID40646269 DTXSID30223841 DTXSID90725351 DTXSID70239542 DTXSID00482887 DTXSID50588202 DTXSID30735590 DTXSID50625161 DTXSID60358791 DTXSID70856415 DTXSID90648819 DTXSID60640668 DTXSID30444372
DTXSID10597653	DTXSID40454326 DTXSID70480092 DTXSID40836047 DTXSID3068126 DTXSID90178368 DTXSID70288277 DTXSID60318532 DTXSID40729783 DTXSID9059541 DTXSID60616843 DTXSID90340548 DTXSID50388749 DTXSID00179881 DTXSID30413629 DTXSID10398708 DTXSID60621912 DTXSID90502841 DTXSID20886101 DTXSID90330247 DTXSID60524373
DTXSID90809004	DTXSID00430464 DTXSID80561381 DTXSID00663053 DTXSID40846969 DTXSID60768295 DTXSID00323882 DTXSID00192772 DTXSID90238799 DTXSID30617640 DTXSID40365761 DTXSID70594865 DTXSID90614236 DTXSID40724415 DTXSID10436856 DTXSID20697239 DTXSID10489948 DTXSID70606538 DTXSID10345757 DTXSID40378694 DTXSID80696829
DTXSID40662500	DTXSID00866926 DTXSID90278413 DTXSID70574283 DTXSID50214771 DTXSID20783666 DTXSID20797647 DTXSID20514871 DTXSID90723953 DTXSID10843167 DTXSID30192063 DTXSID20336777 DTXSID10403184 DTXSID40219538 DTXSID10744741 DTXSID90693561 DTXSID30148863 DTXSID40637430 DTXSID7072337 DTXSID30155633 DTXSID40148874
DTXSID80708355	DTXSID20378874 DTXSID40595829 DTXSID40405939 DTXSID00611539 DTXSID90338980 DTXSID40514434 DTXSID60656901 DTXSID10824299 DTXSID9044164 DTXSID70478419 DTXSID30451763 DTXSID10640512 DTXSID40722618 DTXSID70593176 DTXSID90621465 DTXSID00298647 DTXSID90346101 DTXSID30278654 DTXSID8022169 DTXSID20381262
DTXSID80302291	DTXSID90355415 DTXSID10371773 DTXSID20624964 DTXSID30694618 DTXSID50187552 DTXSID10177934 DTXSID20698160 DTXSID60709284 DTXSID90739716 DTXSID60784278 DTXSID50576907 DTXSID90380868 DTXSID10652953 DTXSID70214273 DTXSID80791540 DTXSID30661047 DTXSID40619211 DTXSID90444015 DTXSID30194007 DTXSID70666536
DTXSID10538581	DTXSID20333766 DTXSID80851830 DTXSID20163247 DTXSID80742315 DTXSID70655208 DTXSID50610633 DTXSID50760602 DTXSID00621850 DTXSID30528383 DTXSID80875894 DTXSID40452180 DTXSID00463292 DTXSID00312019 DTXSID40539147 DTXSID50833486 DTXSID80896685 DTXSID80675952 DTXSID10518262 DTXSID20447155 DTXSID10442477
DTXSID60287734	DTXSID20791342 DTXSID40576875 DTXSID30874251 DTXSID40855132 DTXSID40397623 DTXSID3058955 DTXSID00621330 DTXSID60375120 DTXSID10221865 DTXSID70799712 DTXSID00442688 DTXSID10531254 DTXSID90640974 DTXSID60505389 DTXSID50345019 DTXSID50296032 DTXSID90426058 DTXSID70528403 DTXSID80775204 DTXSID00667490
DTXSID3071278	DTXSID10656012 DTXSID70588108 DTXSID50586440 DTXSID00659916 DTXSID60588177 DTXSID30356906 DTXSID40713445 DTXSID40617772 DTXSID60173527 DTXSID60439377 DTXSID00371969 DTXSID20311786 DTXSID00304196 DTXSID90518144 DTXSID30311237 DTXSID10313537 DTXSID60785200 DTXSID20564316 DTXSID90794481 DTXSID30279363
DTXSID30618253	DTXSID10197915 DTXSID30404754 DTXSID30672032 DTXSID30631402 DTXSID50305239 DTXSID30382301 DTXSID50709672 DTXSID40571168 DTXSID60167603 DTXSID80570918 DTXSID90540400 DTXSID20349685 DTXSID1042281 DTXSID60295354 DTXSID80358672 DTXSID20326638 DTXSID10651305 DTXSID70745916 DTXSID80385004 DTXSID40454942
DTXSID70322903	DTXSID30192987 DTXSID90808572 DTXSID40186675 DTXSID50334625 DTXSID10814392 DTXSID70201486 DTXSID80382194 DTXSID70886515 DTXSID4072233 DTXSID50301019 DTXSID30574648 DTXSID30427322 DTXSID10896214 DTXSID50601283 DTXSID00896425 DTXSID80470343 DTXSID20874240 DTXSID3072242 DTXSID80785949 DTXSID60895999
DTXSID60446768	DTXSID60385461 DTXSID8061133 DTXSID40831936 DTXSID10355573 DTXSID70803545 DTXSID50556204 DTXSID30744748 DTXSID80467394 DTXSID20297278 DTXSID60634906 DTXSID00501860 DTXSID60667436 DTXSID50716907 DTXSID30755016 DTXSID20477619 DTXSID70438179 DTXSID80763949 DTXSID60528699 DTXSID90567430 DTXSID20526212
DTXSID40695111	DTXSID40326736 DTXSID00653050 DTXSID00771248 DTXSID70519199 DTXSID70439227 DTXSID60675475 DTXSID10398708 DTXSID20509929 DTXSID60551285 DTXSID00179881 DTXSID00710657 DTXSID30549811 DTXSID20423499 DTXSID10432691 DTXSID90178368 DTXSID30790189 DTXSID10488012 DTXSID60390353 DTXSID10755897 DTXSID00443695
DTXSID40800687	DTXSID60289112 DTXSID80453999 DTXSID20312091 DTXSID00592273 DTXSID70477760 DTXSID80579724 DTXSID30294495 DTXSID30815205 DTXSID70842212 DTXSID70673129 DTXSID90743631 DTXSID40760095 DTXSID50175434 DTXSID40577145 DTXSID20299055 DTXSID70621488 DTXSID60826127 DTXSID60449335 DTXSID50369598 DTXSID00725246
DTXSID90699861	DTXSID40641294 DTXSID70815446 DTXSID60290586 DTXSID50846172 DTXSID90812856 DTXSID20745421 DTXSID00457217 DTXSID60631637 DTXSID80472908 DTXSID90767079 DTXSID50440356 DTXSID50549631 DTXSID00641295 DTXSID70645886 DTXSID1067833 DTXSID70668959 DTXSID80538619 DTXSID90791359 DTXSID80196773 DTXSID70891442
DTXSID20374336	DTXSID30284694 DTXSID70443223 DTXSID70388024 DTXSID30388585 DTXSID80497510 DTXSID50233720 DTXSID70382865 DTXSID30673827 DTXSID80503882 DTXSID60378075 DTXSID10729917 DTXSID10752705 DTXSID20297238 DTXSID30546042 DTXSID1069453 DTXSID70359355 DTXSID60791689 DTXSID20390738 DTXSID60612825 DTXSID40468781
DTXSID2051978	DTXSID40705805 DTXSID90353214 DTXSID50467720 DTXSID50528608 DTXSID80729287 DTXSID60641211 DTXSID60675172 DTXSID00615431 DTXSID00303785 DTXSID90302707 DTXSID00438884 DTXSID60162739 DTXSID10786702 DTXSID40483212 DTXSID90809448 DTXSID80222480 DTXSID40552058 DTXSID00164439 DTXSID1052585 DTXSID40441716
DTXSID20781223	DTXSID30409264 DTXSID40466085 DTXSID60542052 DTXSID90733638 DTXSID80695776 DTXSID40642226 DTXSID10650378 DTXSID00318455 DTXSID30558488 DTXSID80436888 DTXSID70353111 DTXSID10511354 DTXSID00363884 DTXSID10675228 DTXSID30400690 DTXSID90549170 DTXSID00769266 DTXSID70739012 DTXSID60193361 DTXSID60222746
DTXSID70880598	DTXSID70880417 DTXSID70823546 DTXSID00823534 DTXSID10782320 DTXSID4070378 DTXSID40156575 DTXSID00454862 DTXSID40823497 DTXSID00832722 DTXSID30851507 DTXSID30155996 DTXSID40652547 DTXSID40333127 DTXSID80773083 DTXSID40874762 DTXSID50783619 DTXSID90155270 DTXSID30825102 DTXSID80436722 DTXSID60874764
DTXSID00653050	DTXSID40695111 DTXSID90502841 DTXSID40326736 DTXSID90178368 DTXSID00179881 DTXSID70299606 DTXSID40836047 DTXSID10398708 DTXSID50388749 DTXSID00771248 DTXSID70288277 DTXSID50802031 DTXSID40729783 DTXSID00710657 DTXSID40454326 DTXSID60551285 DTXSID10597653 DTXSID9059541 DTXSID10432691 DTXSID60876142
DTXSID10211645	DTXSID90826519 DTXSID90629724 DTXSID20524016 DTXSID00589805 DTXSID30617968 DTXSID00145708 DTXSID00531041 DTXSID20857598 DTXSID90782383 DTXSID70630333 DTXSID40784357 DTXSID00364871 DTXSID20428787 DTXSID50551916 DTXSID20631173 DTXSID40801432 DTXSID60728172 DTXSID70526828 DTXSID40620145 DTXSID70708046
DTXSID70385795	DTXSID30295169 DTXSID30505119 DTXSID00567946 DTXSID80292143 DTXSID90878937 DTXSID20324255 DTXSID80496604 DTXSID9046865 DTXSID90669564 DTXSID50238654 DTXSID80730651 DTXSID90159298 DTXSID40729122 DTXSID60729604 DTXSID40511640 DTXSID90315231 DTXSID50629068 DTXSID20509202 DTXSID70341891 DTXSID00821737
DTXSID10851404	DTXSID60477951 DTXSID90382428 DTXSID30856658 DTXSID50396228 DTXSID20429673 DTXSID40841515 DTXSID80601918 DTXSID90474094 DTXSID50236892 DTXSID00566611 DTXSID00241638 DTXSID30727910 DTXSID30529310 DTXSID10642071 DTXSID90164963 DTXSID1060712 DTXSID10296836 DTXSID90625963 DTXSID40727163 DTXSID10181718
DTXSID4040343	DTXSID20372110 DTXSID70650576 DTXSID10778026 DTXSID40165147 DTXSID70424198 DTXSID60343642 DTXSID10466719 DTXSID70372307 DTXSID90807803 DTXSID60347781 DTXSID60667299 DTXSID70840798 DTXSID10721916 DTXSID70542583 DTXSID80638709 DTXSID00231438 DTXSID10466890 DTXSID60734071 DTXSID50663780 DTXSID50457580
DTXSID00841995	DTXSID20405250 DTXSID70368043 DTXSID20720470 DTXSID80396852 DTXSID40387802 DTXSID80170790 DTXSID70342328 DTXSID60557545 DTXSID50725615 DTXSID70237664 DTXSID00697257 DTXSID10389373 DTXSID90841565 DTXSID40561387 DTXSID40806821 DTXSID20896184 DTXSID30373673 DTXSID90373013 DTXSID60193826 DTXSID90284478
DTXSID60515882	DTXSID30393871 DTXSID40887796 DTXSID10784248 DTXSID80853814 DTXSID20295330 DTXSID90599953 DTXSID10339095 DTXSID20346750 DTXSID10771451 DTXSID80340739 DTXSID40341646 DTXSID90755850 DTXSID5070602 DTXSID20889036 DTXSID60552474 DTXSID30210675 DTXSID80836521 DTXSID40714614 DTXSID70822857 DTXSID00432064
DTXSID80344898	DTXSID60774114 DTXSID2060387 DTXSID50392846 DTXSID50286771 DTXSID50896096 DTXSID80612226 DTXSID7046388 DTXSID20478000 DTXSID00681035 DTXSID90581772 DTXSID50853664 DTXSID00657250 DTXSID30666870 DTXSID80466488 DTXSID00452045 DTXSID70594608 DTXSID90585790 DTXSID40762559 DTXSID10406059 DTXSID70787230
DTXSID60790354	DTXSID10732143 DTXSID30718969 DTXSID50876373 DTXSID80671277 DTXSID40676425 DTXSID10314701 DTXSID40211577 DTXSID60667577 DTXSID20344438 DTXSID60196817 DTXSID80533624 DTXSID10528048 DTXSID30626050 DTXSID30209347 DTXSID30324529 DTXSID70317031 DTXSID30527250 DTXSID30813044 DTXSID50642050 DTXSID80503842
DTXSID40896121	DTXSID30561699 DTXSID70446597 DTXSID00353104 DTXSID50388582 DTXSID70447701 DTXSID10288332 DTXSID80698227 DTXSID50743511 DTXSID60351601 DTXSID30579759 DTXSID50812190 DTXSID10563954 DTXSID70742783 DTXSID0059114 DTXSID40195121 DTXSID80354275 DTXSID40222542 DTXSID40684101 DTXSID80639958 DTXSID90277769
DTXSID30563198	DTXSID40406623 DTXSID30799591 DTXSID50436936 DTXSID20481099 DTXSID00523148 DTXSID00565689 DTXSID80284725 DTXSID30852630 DTXSID90424554 DTXSID00341268 DTXSID70874477 DTXSID60764510 DTXSID10292631 DTXSID80241717 DTXSID30195034 DTXSID20200005 DTXSID00366512 DTXSID10436654 DTXSID70527512 DTXSID80175861
DTXSID00565861	DTXSID70314868 DTXSID80582970 DTXSID90466833 DTXSID40744315 DTXSID80502870 DTXSID40876185 DTXSID40180239 DTXSID10694631 DTXSID70594325 DTXSID30218555 DTXSID70787851 DTXSID00342699 DTXSID10705554 DTXSID00646740 DTXSID90441084 DTXSID90388102 DTXSID80760438 DTXSID40614903 DTXSID90478239 DTXSID50361274
DTXSID90461989	DTXSID50824718 DTXSID40191264 DTXSID20291539 DTXSID10561854 DTXSID80501489 DTXSID70744909 DTXSID80439197 DTXSID50464411 DTXSID20368295 DTXSID10495721 DTXSID70504686 DTXSID10179115 DTXSID20159423 DTXSID00559149 DTXSID20486403 DTXSID20285377 DTXSID20206103 DTXSID40757309 DTXSID40630906 DTXSID10483385
DTXSID60714878	DTXSID20802265 DTXSID10830875 DTXSID70318765 DTXSID90163234 DTXSID40737303 DTXSID80291373 DTXSID40393488 DTXSID10148321 DTXSID20793821 DTXSID70891588 DTXSID20559469 DTXSID90731356 DTXSID60327023 DTXSID90521855 DTXSID80468664 DTXSID10354788 DTXSID70373576 DTXSID40650629 DTXSID1041764 DTXSID10303695
DTXSID20536750	DTXSID70331217 DTXSID70737937 DTXSID20702716 DTXSID2046836 DTXSID80700137 DTXSID20641272 DTXSID30444296 DTXSID90559057 DTXSID70545195 DTXSID80293251 DTXSID50601243 DTXSID70794227 DTXSID80151882 DTXSID40593183 DTXSID70823187 DTXSID90624532 DTXSID60192657 DTXSID30615166 DTXSID40607633 DTXSID10767591
DTXSID40324171	DTXSID10876213 DTXSID00625535 DTXSID50538580 DTXSID80354750 DTXSID60674125 DTXSID60573200 DTXSID30189978 DTXSID20182216 DTXSID40144179 DTXSID00444107 DTXSID80625119 DTXSID30600355 DTXSID70712704 DTXSID90427267 DTXSID50684233 DTXSID50381795 DTXSID70629489 DTXSID30668051 DTXSID80346776 DTXSID50818117
DTXSID90711198	DTXSID30405908 DTXSID10518868 DTXSID40551526 DTXSID10525310 DTXSID30544588 DTXSID60488421 DTXSID3061552 DTXSID60232421 DTXSID60600126 DTXSID5072486 DTXSID90621465 DTXSID20381262 DTXSID20776098 DTXSID70438497 DTXSID30344949 DTXSID70593176 DTXSID20511921 DTXSID00423654 DTXSID60336195 DTXSID5061245
DTXSID6041501	DTXSID20528296 DTXSID10534447 DTXSID00586415 DTXSID20633374 DTXSID70500800 DTXSID50341793 DTXSID70663580 DTXSID40552518 DTXSID00847053 DTXSID70534448 DTXSID80641117 DTXSID20350337 DTXSID90885863 DTXSID40560431 DTXSID70641121 DTXSID10799296 DTXSID60174670 DTXSID90772002 DTXSID60623592 DTXSID90404174
DTXSID00588454	DTXSID80470161 DTXSID30733071 DTXSID10803882 DTXSID70466078 DTXSID20740911 DTXSID00489119 DTXSID70664895 DTXSID50600953 DTXSID70511451 DTXSID90639247 DTXSID10584427 DTXSID00819932 DTXSID40591346 DTXSID90519474 DTXSID70724044 DTXSID30770906 DTXSID00501709 DTXSID20656109 DTXSID40885595 DTXSID50340165
DTXSID20609170	DTXSID40384679 DTXSID80509708 DTXSID00186010 DTXSID70275501 DTXSID90193758 DTXSID40720210 DTXSID40334154 DTXSID60451392 DTXSID10831908 DTXSID2072881 DTXSID10452955 DTXSID80434162 DTXSID7051686 DTXSID40407377 DTXSID00603050 DTXSID00667551 DTXSID00651450 DTXSID70557910 DTXSID60327528 DTXSID30578828
DTXSID70736561	DTXSID70672475 DTXSID80679632 DTXSID40279359 DTXSID80451430 DTXSID30645342 DTXSID10219323 DTXSID30389739 DTXSID70283207 DTXSID30186765 DTXSID50638155 DTXSID80664260 DTXSID10174761 DTXSID50186702 DTXSID80675154 DTXSID20542811 DTXSID80514418 DTXSID70607621 DTXSID70723456 DTXSID80195726 DTXSID1072260
DTXSID70766141	DTXSID80223154 DTXSID10856030 DTXSID00209354 DTXSID80674147 DTXSID80648242 DTXSID30524481 DTXSID50487822 DTXSID60590538 DTXSID60377861 DTXSID20379280 DTXSID60676942 DTXSID80657334 DTXSID10327533 DTXSID00716235 DTXSID40791662 DTXSID20723880 DTXSID40195484 DTXSID10165937 DTXSID70751153 DTXSID30447005
DTXSID90462451	DTXSID00778656 DTXSID60812121 DTXSID50791274 DTXSID00281615 DTXSID70159913 DTXSID10341658 DTXSID40279031 DTXSID30538700 DTXSID40811839 DTXSID20144556 DTXSID30809604 DTXSID20288045 DTXSID70564664 DTXSID60526094 DTXSID80612544 DTXSID60468920 DTXSID50632714 DTXSID00873296 DTXSID60884823 DTXSID80878082
DTXSID90278413	DTXSID50214771 DTXSID40662500 DTXSID10403184 DTXSID30192063 DTXSID70574283 DTXSID20797647 DTXSID40219538 DTXSID20783666 DTXSID10744741 DTXSID00866926 DTXSID30579431 DTXSID30155633 DTXSID10843167 DTXSID00767500 DTXSID90693561 DTXSID20336777 DTXSID20514871 DTXSID40473875 DTXSID50804838 DTXSID60469452
DTXSID30241787	DTXSID90420798 DTXSID00427450 DTXSID10767591 DTXSID70196484 DTXSID60192657 DTXSID50494990 DTXSID60621654 DTXSID70452633 DTXSID40654925 DTXSID50345716 DTXSID90358168 DTXSID40829772 DTXSID00398893 DTXSID50716063 DTXSID10787436 DTXSID20660908 DTXSID70545195 DTXSID20525200 DTXSID50149857 DTXSID40308254
DTXSID20697451	DTXSID00216947 DTXSID00439250 DTXSID60787562 DTXSID50726480 DTXSID00774698 DTXSID30825243 DTXSID90668794 DTXSID20449654 DTXSID70240254 DTXSID30339597 DTXSID90243843 DTXSID30541254 DTXSID90177598 DTXSID80493638 DTXSID50377476 DTXSID90842471 DTXSID20370398 DTXSID70848557 DTXSID90187596 DTXSID60812404
DTXSID3042269	DTXSID80369485 DTXSID00493059 DTXSID40802181 DTXSID00534259 DTXSID10552787 DTXSID60693876 DTXSID00514773 DTXSID70525891 DTXSID80661118 DTXSID50832292 DTXSID10837920 DTXSID10699722 DTXSID20656442 DTXSID00199488 DTXSID90695126 DTXSID30545994 DTXSID90760646 DTXSID60831579 DTXSID50788144 DTXSID10180100
DTXSID80405872	DTXSID7044764 DTXSID10829421 DTXSID70367112 DTXSID10655924 DTXSID9025403 DTXSID70760740 DTXSID20848446 DTXSID90702268 DTXSID00651859 DTXSID30652637 DTXSID00418545 DTXSID20370858 DTXSID00390094 DTXSID80345481 DTXSID20503528 DTXSID40288729 DTXSID60711589 DTXSID60307320 DTXSID30238455 DTXSID40289458
DTXSID70721139	DTXSID40650068 DTXSID50524963 DTXSID60802643 DTXSID10590482 DTXSID90362422 DTXSID70782861 DTXSID90450050 DTXSID40508934 DTXSID70671842 DTXSID90457286 DTXSID40710035 DTXSID00327365 DTXSID30350580 DTXSID70243846 DTXSID60646983 DTXSID60705544 DTXSID90567016 DTXSID40556990 DTXSID80354715 DTXSID10495286
DTXSID10182063	DTXSID80221599 DTXSID80827696 DTXSID00461576 DTXSID50479863 DTXSID20197946 DTXSID60198210 DTXSID50614151 DTXSID10182402 DTXSID30276372 DTXSID00483556 DTXSID50703690 DTXSID40462704 DTXSID90573197 DTXSID50572621 DTXSID50742761 DTXSID70352922 DTXSID80596936 DTXSID80655517 DTXSID00546650 DTXSID70341755
DTXSID70493445	DTXSID40390038 DTXSID7067401 DTXSID50165719 DTXSID30711637 DTXSID20832421 DTXSID80528696 DTXSID90313550 DTXSID90543810 DTXSID60776895 DTXSID00639591 DTXSID70751774 DTXSID30342248 DTXSID10393859 DTXSID00236589 DTXSID40191628 DTXSID40503843 DTXSID70764920 DTXSID60586193 DTXSID10794029 DTXSID00564713
DTXSID40640121	DTXSID00801993 DTXSID80442828 DTXSID00420305 DTXSID40613158 DTXSID60225090 DTXSID50606874 DTXSID30202378 DTXSID90834472 DTXSID90767615 DTXSID10837041 DTXSID50180124 DTXSID90884376 DTXSID90154602 DTXSID80536458 DTXSID20476965 DTXSID50369891 DTXSID00896142 DTXSID30185571 DTXSID60876849 DTXSID60502116
DTXSID10729917	DTXSID60612825 DTXSID20297238 DTXSID70388024 DTXSID30388585 DTXSID60184956 DTXSID20823753 DTXSID50213486 DTXSID20374336 DTXSID20390738 DTXSID50488016 DTXSID30673827 DTXSID30284694 DTXSID50768183 DTXSID80497510 DTXSID20747682 DTXSID30546042 DTXSID70382865 DTXSID50280395 DTXSID80535885 DTXSID60873611
DTXSID50610633	DTXSID00463292 DTXSID80875894 DTXSID80742315 DTXSID20163247 DTXSID80675952 DTXSID10538581 DTXSID50833486 DTXSID20333766 DTXSID30528383 DTXSID70655208 DTXSID80851830 DTXSID80309280 DTXSID80444665 DTXSID10442477 DTXSID80317547 DTXSID40452180 DTXSID50760602 DTXSID60777408 DTXSID90376448 DTXSID20239537
DTXSID40341469	DTXSID60829355 DTXSID30574648 DTXSID4072233 DTXSID60733827 DTXSID60896542 DTXSID20876805 DTXSID5067500 DTXSID1024752 DTXSID30207207 DTXSID80785949 DTXSID80646122 DTXSID0020492 DTXSID30640938 DTXSID10896214 DTXSID70576904 DTXSID10833987 DTXSID50732122 DTXSID30298938 DTXSID90275528 DTXSID20819292
DTXSID20590216	DTXSID40762559 DTXSID40589445 DTXSID80407917 DTXSID00571028 DTXSID10364706 DTXSID90427267 DTXSID40144179 DTXSID80346776 DTXSID9068742 DTXSID30828991 DTXSID70712704 DTXSID10406059 DTXSID50381795 DTXSID20478000 DTXSID40164599 DTXSID70400336 DTXSID50896096 DTXSID20314595 DTXSID60359485 DTXSID50818117
DTXSID10654715	DTXSID40656404 DTXSID50662894 DTXSID10629923 DTXSID30725678 DTXSID40346691 DTXSID90823164 DTXSID40724470 DTXSID80825970 DTXSID40676763 DTXSID30748145 DTXSID20743427 DTXSID60674165 DTXSID7063421 DTXSID90706185 DTXSID00731322 DTXSID00681696 DTXSID50590148 DTXSID10712061 DTXSID80296964 DTXSID80552653
DTXSID60681556	DTXSID80297118 DTXSID50879602 DTXSID70652636 DTXSID80536276 DTXSID40609798 DTXSID80441730 DTXSID50179311 DTXSID90208699 DTXSID40633614 DTXSID5020942 DTXSID40696128 DTXSID30713434 DTXSID20381166 DTXSID90747351 DTXSID80765302 DTXSID70428934 DTXSID30225724 DTXSID30377479 DTXSID10618094 DTXSID50154325
DTXSID70515611	DTXSID70308404 DTXSID20278163 DTXSID00588237 DTXSID7057787 DTXSID90456239 DTXSID70845187 DTXSID60642405 DTXSID50645627 DTXSID70471445 DTXSID50457308 DTXSID10515615 DTXSID70399418 DTXSID80298887 DTXSID20804082 DTXSID10218755 DTXSID40806220 DTXSID10478690 DTXSID30734164 DTXSID20840788 DTXSID50193274
DTXSID10780048	DTXSID30376220 DTXSID10482090 DTXSID90467087 DTXSID40527741 DTXSID60463011 DTXSID10578240 DTXSID30357014 DTXSID80769784 DTXSID90406754 DTXSID40809372 DTXSID70584509 DTXSID40494565 DTXSID00813839 DTXSID70243806 DTXSID80763489 DTXSID50851009 DTXSID00505505 DTXSID50576684 DTXSID40322596 DTXSID40474802
DTXSID20888226	DTXSID40751968 DTXSID70817627 DTXSID70439005 DTXSID10551876 DTXSID20463411 DTXSID50469825 DTXSID50838597 DTXSID1042659 DTXSID00655190 DTXSID20567049 DTXSID00552832 DTXSID30787539 DTXSID70645649 DTXSID80300454 DTXSID20847353 DTXSID60816765 DTXSID30620179 DTXSID30846155 DTXSID60448429 DTXSID40711103
DTXSID60514936	DTXSID30635122 DTXSID20740779 DTXSID00837035 DTXSID90623222 DTXSID30323618 DTXSID30343396 DTXSID30506823 DTXSID10403725 DTXSID50450374 DTXSID90407241 DTXSID30460875 DTXSID1066786 DTXSID90698511 DTXSID1036886 DTXSID00421433 DTXSID80343442 DTXSID20732210 DTXSID20336196 DTXSID6036885 DTXSID30418073
DTXSID70324861	DTXSID40614266 DTXSID90143531 DTXSID60190097 DTXSID40531863 DTXSID20359360 DTXSID30675508 DTXSID70808676 DTXSID10343531 DTXSID60608662 DTXSID30589373 DTXSID50495023 DTXSID70349170 DTXSID60597325 DTXSID80406844 DTXSID00568892 DTXSID40707006 DTXSID90634530 DTXSID10706283 DTXSID90310140 DTXSID40891611
DTXSID20379503	DTXSID90544741 DTXSID00315606 DTXSID20797081 DTXSID00184258 DTXSID40700158 DTXSID70592609 DTXSID90612898 DTXSID20612902 DTXSID50694418 DTXSID30449367 DTXSID90499161 DTXSID30184524 DTXSID70383473 DTXSID80876982 DTXSID40303103 DTXSID30278139 DTXSID00849057 DTXSID30804533 DTXSID60744317 DTXSID90209343
DTXSID20740698	DTXSID4041232 DTXSID10615447 DTXSID30850116 DTXSID90595036 DTXSID5066089 DTXSID20642042 DTXSID10853165 DTXSID50862599 DTXSID10721299 DTXSID50761013 DTXSID80733465 DTXSID20459617 DTXSID80729641 DTXSID30435361 DTXSID60573543 DTXSID50365777 DTXSID10864690 DTXSID80407816 DTXSID90825880 DTXSID00732571
DTXSID90694952	DTXSID00403279 DTXSID70614779 DTXSID20170274 DTXSID20739168 DTXSID90708402 DTXSID20629833 DTXSID10167254 DTXSID70618696 DTXSID4068533 DTXSID50738568 DTXSID70431468 DTXSID90810493 DTXSID90501470 DTXSID70309077 DTXSID30734048 DTXSID20216883 DTXSID70383670 DTXSID00188155 DTXSID50490730 DTXSID70742980
DTXSID70894756	DTXSID50383330 DTXSID30586387 DTXSID80540772 DTXSID20742031 DTXSID00810702 DTXSID70224155 DTXSID30594280 DTXSID80200465 DTXSID40776999 DTXSID30416392 DTXSID30848593 DTXSID00355729 DTXSID40504198 DTXSID90615809 DTXSID10794382 DTXSID60675213 DTXSID10190002 DTXSID90613002 DTXSID60715522 DTXSID30303798
DTXSID90694957	DTXSID30305550 DTXSID40629911 DTXSID30676873 DTXSID50669924 DTXSID90319299 DTXSID80732155 DTXSID20879053 DTXSID40615374 DTXSID80304336 DTXSID00199842 DTXSID80475919 DTXSID50837444 DTXSID10653127 DTXSID70560101 DTXSID10379411 DTXSID30671207 DTXSID70382567 DTXSID20677798 DTXSID60578412 DTXSID80404406
DTXSID90204035	DTXSID80632282 DTXSID80525382 DTXSID30681826 DTXSID50228333 DTXSID30625841 DTXSID80408227 DTXSID70365476 DTXSID80561785 DTXSID10610614 DTXSID60332177 DTXSID60292368 DTXSID00304292 DTXSID50549550 DTXSID50171214 DTXSID00220968 DTXSID90766406 DTXSID10606431 DTXSID10876016 DTXSID70351511 DTXSID30641809
DTXSID40358330	DTXSID20587863 DTXSID90280672 DTXSID40854463 DTXSID50326560 DTXSID80610828 DTXSID90728665 DTXSID6024337 DTXSID70496097 DTXSID90280854 DTXSID30844257 DTXSID70720440 DTXSID40547121 DTXSID90178843 DTXSID00642424 DTXSID10503451 DTXSID10440059 DTXSID70534660 DTXSID70333716 DTXSID60876900 DTXSID00598513
DTXSID60586219	DTXSID50847765 DTXSID50457540 DTXSID80876684 DTXSID10345757 DTXSID00553187 DTXSID90667540 DTXSID30640913 DTXSID60405779 DTXSID00663053 DTXSID20163722 DTXSID70606538 DTXSID60768295 DTXSID30733677 DTXSID90616912 DTXSID10489948 DTXSID50534148 DTXSID50187390 DTXSID80543420 DTXSID40697155 DTXSID00323882
DTXSID50660118	DTXSID60294322 DTXSID90475203 DTXSID30705071 DTXSID70193337 DTXSID90731876 DTXSID90832034 DTXSID80789447 DTXSID50354888 DTXSID20581402 DTXSID60159886 DTXSID30580148 DTXSID20566037 DTXSID10174660 DTXSID40638942 DTXSID00434109 DTXSID50810611 DTXSID20184699 DTXSID20445318 DTXSID50639945 DTXSID60340196
DTXSID00200205	DTXSID60697394 DTXSID80634847 DTXSID30418917 DTXSID90762483 DTXSID10696599 DTXSID70676397 DTXSID20172415 DTXSID20585925 DTXSID20622086 DTXSID40549529 DTXSID20666384 DTXSID70593398 DTXSID20849918 DTXSID00467412 DTXSID20415915 DTXSID70176185 DTXSID50601344 DTXSID80650360 DTXSID80679718 DTXSID00356670
DTXSID40795620	DTXSID50309898 DTXSID40781609 DTXSID40334755 DTXSID10591237 DTXSID90769098 DTXSID20337941 DTXSID00637274 DTXSID00227472 DTXSID60854566 DTXSID60232926 DTXSID10579631 DTXSID70840778 DTXSID20793129 DTXSID80824408 DTXSID90610016 DTXSID60627272 DTXSID40604041 DTXSID20627273 DTXSID80625518 DTXSID60775181
DTXSID30344606	DTXSID70652439 DTXSID20185540 DTXSID50290696 DTXSID80238243 DTXSID90379459 DTXSID80562893 DTXSID10472875 DTXSID00392376 DTXSID70473525 DTXSID30876114 DTXSID10236696 DTXSID00472203 DTXSID60576312 DTXSID40877455 DTXSID00721061 DTXSID40770336 DTXSID40645631 DTXSID00748874 DTXSID70693443 DTXSID30483029
DTXSID10392968	DTXSID70666273 DTXSID50341793 DTXSID60533889 DTXSID20759705 DTXSID50285360 DTXSID50195879 DTXSID80509384 DTXSID90772002 DTXSID20528296 DTXSID80202505 DTXSID80522134 DTXSID60533288 DTXSID10534447 DTXSID30873582 DTXSID10797277 DTXSID30796606 DTXSID10696150 DTXSID20633374 DTXSID6041501 DTXSID20350337
DTXSID30155996	DTXSID40652547 DTXSID50783619 DTXSID00832722 DTXSID30826654 DTXSID40823492 DTXSID30773912 DTXSID4070378 DTXSID00153661 DTXSID70823546 DTXSID00314351 DTXSID10782320 DTXSID80436722 DTXSID30825102 DTXSID00454862 DTXSID00823534 DTXSID40219053 DTXSID90241283 DTXSID00148017 DTXSID90787090 DTXSID70880598
DTXSID90329050	DTXSID20448142 DTXSID30219385 DTXSID70312566 DTXSID30843725 DTXSID10772064 DTXSID20493056 DTXSID50618790 DTXSID10511778 DTXSID40750774 DTXSID50367973 DTXSID70602010 DTXSID70736667 DTXSID40876463 DTXSID40732434 DTXSID60278708 DTXSID00512653 DTXSID00730234 DTXSID00366613 DTXSID30173539 DTXSID40649518
DTXSID50646755	DTXSID50304707 DTXSID20656063 DTXSID20834086 DTXSID80560576 DTXSID2071071 DTXSID00730012 DTXSID70672798 DTXSID30843644 DTXSID30657804 DTXSID30787357 DTXSID80656180 DTXSID00585347 DTXSID20879472 DTXSID60187083 DTXSID70202337 DTXSID60739526 DTXSID20325065 DTXSID00712035 DTXSID50697429 DTXSID50809828
DTXSID90730243	DTXSID80834981 DTXSID90366985 DTXSID30165636 DTXSID00774294 DTXSID90527650 DTXSID30818579 DTXSID40190474 DTXSID20449336 DTXSID50681601 DTXSID1071458 DTXSID50170323 DTXSID80519504 DTXSID50603343 DTXSID50404554 DTXSID50863142 DTXSID00390958 DTXSID10565094 DTXSID30496230 DTXSID20822403 DTXSID00895933
DTXSID90343534	DTXSID30460577 DTXSID60603455 DTXSID40456163 DTXSID10463324 DTXSID9058155 DTXSID70357452 DTXSID90628893 DTXSID90439183 DTXSID80222783 DTXSID20785226 DTXSID40509007 DTXSID00606703 DTXSID80704312 DTXSID40279773 DTXSID50879743 DTXSID90320648 DTXSID30849560 DTXSID20520119 DTXSID30344888 DTXSID00302495
DTXSID90344743	DTXSID20754952 DTXSID50438652 DTXSID80804386 DTXSID90364027 DTXSID70212678 DTXSID10647905 DTXSID80841231 DTXSID30148065 DTXSID20641217 DTXSID80624889 DTXSID50467164 DTXSID30627320 DTXSID30781931 DTXSID70578802 DTXSID10439569 DTXSID50679866 DTXSID40558595 DTXSID90341893 DTXSID80459037 DTXSID00540491
DTXSID50494697	DTXSID90191012 DTXSID40335101 DTXSID0052590 DTXSID80635137 DTXSID30543314 DTXSID20541122 DTXSID20370833 DTXSID10681824 DTXSID80698343 DTXSID80653997 DTXSID80176974 DTXSID40646486 DTXSID00345842 DTXSID60664203 DTXSID00334377 DTXSID20422326 DTXSID30364541 DTXSID00490346 DTXSID50740727 DTXSID50849249
DTXSID20423292	DTXSID00513665 DTXSID30733839 DTXSID10770409 DTXSID10650979 DTXSID50561535 DTXSID90879368 DTXSID40623939 DTXSID10646857 DTXSID40513705 DTXSID00428225 DTXSID30837109 DTXSID10573876 DTXSID80676848 DTXSID70680272 DTXSID90676738 DTXSID90624653 DTXSID10181056 DTXSID70316448 DTXSID20187983 DTXSID00143623
DTXSID50242978	DTXSID50790641 DTXSID40315307 DTXSID90601904 DTXSID60582711 DTXSID10724149 DTXSID30782781 DTXSID30281901 DTXSID90278357 DTXSID90837201 DTXSID40144795 DTXSID90711875 DTXSID30330387 DTXSID80302756 DTXSID70316685 DTXSID30234270 DTXSID60790692 DTXSID50439346 DTXSID10728622 DTXSID40662929 DTXSID70757074
DTXSID20857154	DTXSID00663871 DTXSID60467599 DTXSID90605508 DTXSID60500859 DTXSID50274133 DTXSID40652067 DTXSID60175162 DTXSID40856366 DTXSID3068592 DTXSID20348830 DTXSID20324518 DTXSID40415917 DTXSID70651068 DTXSID70788262 DTXSID80437991 DTXSID50590188 DTXSID60707361 DTXSID10280790 DTXSID50596746 DTXSID20372933
DTXSID10622999	DTXSID20405593 DTXSID90618678 DTXSID10716180 DTXSID10202078 DTXSID00467412 DTXSID00218749 DTXSID30153356 DTXSID70735690 DTXSID40549529 DTXSID30428359 DTXSID70197592 DTXSID70487647 DTXSID20622086 DTXSID50512269 DTXSID80740250 DTXSID30678938 DTXSID10879688 DTXSID60879411 DTXSID00429272 DTXSID30418917
DTXSID50402671	DTXSID60458280 DTXSID90513437 DTXSID20806980 DTXSID00729865 DTXSID10375655 DTXSID80712533 DTXSID50152846 DTXSID40435251 DTXSID90700087 DTXSID40829530 DTXSID20771280 DTXSID90460452 DTXSID30399353 DTXSID20298200 DTXSID60572394 DTXSID00421433 DTXSID80155062 DTXSID80835635 DTXSID80341241 DTXSID60675071
DTXSID20624161	DTXSID00809813 DTXSID40790731 DTXSID90418019 DTXSID50757779 DTXSID60790435 DTXSID50845665 DTXSID40700032 DTXSID80466281 DTXSID30357014 DTXSID00771182 DTXSID10667643 DTXSID10804531 DTXSID40815115 DTXSID50522469 DTXSID50719852 DTXSID20173846 DTXSID10578240 DTXSID40494565 DTXSID60847019 DTXSID90814597
DTXSID10669849	DTXSID00651056 DTXSID80784659 DTXSID60770393 DTXSID00401154 DTXSID70515318 DTXSID90519151 DTXSID00655433 DTXSID60655595 DTXSID80177047 DTXSID80394919 DTXSID80594452 DTXSID80648545 DTXSID20771341 DTXSID60421353 DTXSID00341006 DTXSID00667591 DTXSID90844430 DTXSID90577271 DTXSID00864907 DTXSID20501347
DTXSID50879364	DTXSID50576907 DTXSID00576553 DTXSID10729396 DTXSID60812722 DTXSID80405837 DTXSID60784278 DTXSID20698160 DTXSID30420671 DTXSID40619211 DTXSID90739716 DTXSID90701110 DTXSID20312470 DTXSID00371429 DTXSID40365680 DTXSID10371773 DTXSID90444015 DTXSID80228902 DTXSID10652953 DTXSID10645244 DTXSID20567600
DTXSID70171099	DTXSID00526659 DTXSID20162952 DTXSID50581773 DTXSID50170126 DTXSID20664825 DTXSID40562536 DTXSID40494060 DTXSID10653849 DTXSID60344275 DTXSID2062032 DTXSID40674401 DTXSID20355044 DTXSID50646174 DTXSID40300394 DTXSID90494237 DTXSID50591554 DTXSID6061604 DTXSID00455874 DTXSID00289818 DTXSID90389316
DTXSID60308998	DTXSID50580049 DTXSID10345656 DTXSID90397557 DTXSID10842610 DTXSID30627547 DTXSID70858136 DTXSID30726822 DTXSID20277616 DTXSID90645585 DTXSID30641187 DTXSID70828995 DTXSID90345699 DTXSID90729455 DTXSID70276876 DTXSID40464884 DTXSID80482421 DTXSID30362789 DTXSID50535852 DTXSID00440826 DTXSID80604000
DTXSID10349573	DTXSID80308516 DTXSID70393850 DTXSID70425569 DTXSID90675221 DTXSID00472203 DTXSID10602135 DTXSID00748874 DTXSID10478690 DTXSID30205465 DTXSID10496814 DTXSID90817745 DTXSID20560777 DTXSID80297436 DTXSID60734213 DTXSID70337219 DTXSID30876114 DTXSID10472875 DTXSID10700589 DTXSID50629861 DTXSID90662833
DTXSID40845013	DTXSID20797061 DTXSID70797955 DTXSID10764146 DTXSID40873937 DTXSID00234146 DTXSID40613991 DTXSID10784127 DTXSID90763152 DTXSID60242747 DTXSID60873939 DTXSID00887474 DTXSID10872659 DTXSID50499107 DTXSID6044802 DTXSID10511157 DTXSID50507599 DTXSID50289404 DTXSID50343212 DTXSID20745486 DTXSID60775681
DTXSID10431745	DTXSID50239186 DTXSID80232084 DTXSID60463576 DTXSID50752865 DTXSID20288823 DTXSID00601051 DTXSID90407807 DTXSID20840329 DTXSID30786582 DTXSID50234378 DTXSID90292492 DTXSID80694027 DTXSID60772473 DTXSID40483015 DTXSID90758447 DTXSID20844908 DTXSID70471960 DTXSID10388942 DTXSID50797998 DTXSID80793680
DTXSID90430256	DTXSID70280852 DTXSID20418481 DTXSID10277443 DTXSID1067833 DTXSID80542938 DTXSID40606782 DTXSID60589583 DTXSID50837267 DTXSID70645886 DTXSID50557458 DTXSID90791359 DTXSID20408685 DTXSID80325723 DTXSID50549631 DTXSID70815446 DTXSID80484844 DTXSID80538619 DTXSID40835055 DTXSID60631637 DTXSID80196773
DTXSID50736064	DTXSID00600882 DTXSID10808695 DTXSID50280274 DTXSID60466481 DTXSID10563954 DTXSID50419789 DTXSID30485745 DTXSID00371126 DTXSID30524966 DTXSID50743511 DTXSID90214997 DTXSID90507811 DTXSID00678940 DTXSID10288332 DTXSID70564109 DTXSID90608771 DTXSID80593384 DTXSID30579759 DTXSID20608365 DTXSID90343054
DTXSID70355690	DTXSID40626425 DTXSID90405606 DTXSID80646627 DTXSID40677533 DTXSID60671937 DTXSID20168616 DTXSID6044858 DTXSID70650152 DTXSID50729193 DTXSID30725810 DTXSID80377949 DTXSID60195325 DTXSID30618536 DTXSID60444305 DTXSID00739141 DTXSID70658234 DTXSID40493270 DTXSID10397478 DTXSID10857380 DTXSID60442068
DTXSID60658162	DTXSID60857299 DTXSID00322673 DTXSID90385338 DTXSID90525914 DTXSID00147227 DTXSID50663063 DTXSID20504696 DTXSID90710484 DTXSID50486638 DTXSID0069705 DTXSID70496976 DTXSID80370950 DTXSID40177548 DTXSID40222441 DTXSID10737794 DTXSID90788966 DTXSID90193935 DTXSID80652703 DTXSID50737298 DTXSID00712717
DTXSID10560827	DTXSID10609068 DTXSID10238155 DTXSID50434311 DTXSID70377711 DTXSID70277929 DTXSID60179903 DTXSID40824282 DTXSID30315977 DTXSID30199118 DTXSID80596936 DTXSID40563927 DTXSID70483129 DTXSID80345264 DTXSID20797460 DTXSID50571472 DTXSID10610316 DTXSID90187117 DTXSID30757277 DTXSID60395181 DTXSID70548464
DTXSID20598570	DTXSID6067549 DTXSID30314804 DTXSID80879711 DTXSID20651159 DTXSID10743592 DTXSID50662930 DTXSID20450083 DTXSID80703825 DTXSID60587786 DTXSID10587796 DTXSID80784755 DTXSID00587649 DTXSID30593950 DTXSID80696364 DTXSID60353524 DTXSID70361650 DTXSID80594755 DTXSID10645249 DTXSID90702203 DTXSID90570505
DTXSID30651120	DTXSID90528945 DTXSID90407180 DTXSID40624744 DTXSID80567565 DTXSID30798923 DTXSID20346871 DTXSID20579662 DTXSID60528215 DTXSID00726213 DTXSID00773606 DTXSID30441386 DTXSID20406242 DTXSID00850007 DTXSID50734888 DTXSID60406004 DTXSID50609340 DTXSID80530991 DTXSID50196164 DTXSID00712999 DTXSID70801288
DTXSID80897339	DTXSID40614903 DTXSID30323219 DTXSID10655469 DTXSID80472847 DTXSID10374441 DTXSID70188187 DTXSID90836456 DTXSID00730375 DTXSID00351640 DTXSID20217491 DTXSID70594325 DTXSID40744315 DTXSID1063140 DTXSID60151047 DTXSID70443980 DTXSID00542773 DTXSID80502870 DTXSID1047071 DTXSID20593989 DTXSID10210118
DTXSID70197512	DTXSID90553131 DTXSID00568892 DTXSID70808676 DTXSID80406844 DTXSID20359360 DTXSID10343531 DTXSID40531863 DTXSID60597325 DTXSID10706283 DTXSID20144415 DTXSID90804993 DTXSID40243434 DTXSID40309701 DTXSID90634530 DTXSID40295377 DTXSID50160981 DTXSID90570287 DTXSID40614266 DTXSID20285670 DTXSID70810274
DTXSID40615596	DTXSID70350342 DTXSID20430688 DTXSID60446788 DTXSID1046506 DTXSID00551289 DTXSID60771643 DTXSID70487647 DTXSID30153356 DTXSID20405593 DTXSID00218749 DTXSID90732424 DTXSID50394522 DTXSID90279182 DTXSID50751474 DTXSID70197592 DTXSID30664371 DTXSID10763412 DTXSID00429272 DTXSID40319289 DTXSID60879411
DTXSID60813436	DTXSID40462365 DTXSID00794972 DTXSID00819290 DTXSID40838642 DTXSID40773347 DTXSID00625252 DTXSID60880764 DTXSID80783304 DTXSID90283522 DTXSID10770565 DTXSID30408717 DTXSID40455499 DTXSID20535622 DTXSID90533897 DTXSID90286816 DTXSID00770579 DTXSID40802964 DTXSID00161882 DTXSID00340731 DTXSID70325893
DTXSID30336900	DTXSID3067231 DTXSID90634898 DTXSID30528040 DTXSID30609742 DTXSID00884246 DTXSID90771570 DTXSID70276578 DTXSID10239187 DTXSID80893735 DTXSID30714603 DTXSID20825196 DTXSID1041398 DTXSID00618164 DTXSID00710076 DTXSID30300722 DTXSID60460363 DTXSID70471960 DTXSID50652477 DTXSID8070128 DTXSID10206612
DTXSID40289039	DTXSID30663066 DTXSID10402339 DTXSID50315570 DTXSID40388536 DTXSID80339067 DTXSID00780936 DTXSID90237247 DTXSID40775609 DTXSID70514285 DTXSID20443399 DTXSID30332528 DTXSID50640314 DTXSID00398671 DTXSID00560977 DTXSID60671553 DTXSID80561528 DTXSID30342460 DTXSID30213626 DTXSID20406161 DTXSID10848359
DTXSID90464854	DTXSID00551027 DTXSID30346509 DTXSID4062519 DTXSID10472219 DTXSID30524340 DTXSID30525231 DTXSID30639589 DTXSID90433782 DTXSID20495494 DTXSID20459137 DTXSID30340426 DTXSID20636986 DTXSID50786221 DTXSID40791748 DTXSID20813437 DTXSID80450948 DTXSID80552279 DTXSID60481437 DTXSID10468334 DTXSID60625556
DTXSID10495286	DTXSID70791312 DTXSID40710035 DTXSID50472117 DTXSID00327365 DTXSID60646983 DTXSID80661158 DTXSID70782861 DTXSID10357037 DTXSID20629590 DTXSID30854210 DTXSID80604328 DTXSID70291387 DTXSID60802643 DTXSID10348884 DTXSID90661048 DTXSID00220160 DTXSID80670260 DTXSID50456533 DTXSID90721373 DTXSID60372553
DTXSID50879142	DTXSID50704788 DTXSID00382030 DTXSID00287899 DTXSID70274377 DTXSID80596173 DTXSID20429870 DTXSID60798719 DTXSID60742111 DTXSID80355863 DTXSID40793823 DTXSID30313635 DTXSID90407221 DTXSID30309654 DTXSID70369696 DTXSID80647497 DTXSID40596119 DTXSID90629749 DTXSID90657865 DTXSID60646342 DTXSID00156475
DTXSID00565689	DTXSID60764510 DTXSID30799591 DTXSID30563198 DTXSID20200005 DTXSID50436936 DTXSID10436654 DTXSID90424554 DTXSID40406623 DTXSID30852630 DTXSID00341268 DTXSID80175861 DTXSID20481099 DTXSID30739033 DTXSID80241717 DTXSID80284725 DTXSID30195034 DTXSID50483425 DTXSID90447248 DTXSID90526623 DTXSID00206505
DTXSID20628588	DTXSID10516208 DTXSID00604183 DTXSID50742468 DTXSID70592609 DTXSID50788144 DTXSID90609465 DTXSID10552787 DTXSID40700158 DTXSID90715717 DTXSID00534259 DTXSID90447349 DTXSID90499161 DTXSID60744317 DTXSID70221826 DTXSID00849057 DTXSID90760646 DTXSID20379503 DTXSID10866598 DTXSID30442510 DTXSID40802181
DTXSID70224791	DTXSID90853663 DTXSID60328237 DTXSID70558604 DTXSID80384572 DTXSID90324449 DTXSID70393496 DTXSID6046264 DTXSID70195316 DTXSID60642223 DTXSID90602714 DTXSID30821164 DTXSID00217873 DTXSID70297561 DTXSID40484168 DTXSID40774819 DTXSID00799866 DTXSID3048316 DTXSID00386558 DTXSID00852122 DTXSID70280392
DTXSID40238805	DTXSID00284505 DTXSID80322656 DTXSID30558746 DTXSID40821998 DTXSID80799980 DTXSID70366685 DTXSID90473840 DTXSID40546452 DTXSID10391810 DTXSID90281846 DTXSID30466877 DTXSID80554975 DTXSID30551136 DTXSID10844876 DTXSID70317677 DTXSID60822144 DTXSID40286048 DTXSID00351221 DTXSID50462472 DTXSID70487026
DTXSID50846995	DTXSID70705999 DTXSID10467160 DTXSID20406904 DTXSID10439569 DTXSID30627320 DTXSID00540491 DTXSID80804386 DTXSID80790210 DTXSID00507589 DTXSID30781931 DTXSID90778807 DTXSID00501204 DTXSID40204681 DTXSID80282928 DTXSID50438652 DTXSID80576238 DTXSID20641217 DTXSID80640241 DTXSID70450932 DTXSID90344743
DTXSID10496814	DTXSID90817745 DTXSID70176266 DTXSID50848994 DTXSID90662833 DTXSID60734213 DTXSID00748874 DTXSID70425569 DTXSID00405117 DTXSID70399418 DTXSID10478690 DTXSID70471445 DTXSID80211571 DTXSID00568670 DTXSID10349573 DTXSID00472203 DTXSID10602135 DTXSID90675221 DTXSID00293935 DTXSID20560777 DTXSID7057787
DTXSID00451851	DTXSID40645631 DTXSID40877455 DTXSID40770336 DTXSID80303985 DTXSID40590071 DTXSID70276876 DTXSID90372783 DTXSID50290696 DTXSID10600631 DTXSID30402412 DTXSID70434515 DTXSID90645585 DTXSID20560777 DTXSID70651861 DTXSID20797748 DTXSID40716512 DTXSID10236696 DTXSID70576666 DTXSID90729455 DTXSID80492984
DTXSID60358195	DTXSID90875966 DTXSID30228250 DTXSID60559382 DTXSID90309635 DTXSID90668471 DTXSID90706903 DTXSID80326134 DTXSID20817910 DTXSID20229236 DTXSID00839498 DTXSID70556342 DTXSID40369466 DTXSID90457963 DTXSID50727078 DTXSID80710110 DTXSID70879543 DTXSID10720308 DTXSID90406390 DTXSID00556597 DTXSID10740400
DTXSID30364541	DTXSID5052626 DTXSID00334377 DTXSID30543314 DTXSID1069952 DTXSID50613285 DTXSID40589021 DTXSID00192999 DTXSID60772736 DTXSID80176974 DTXSID90346863 DTXSID10462918 DTXSID90191012 DTXSID0052590 DTXSID20374210 DTXSID80653997 DTXSID00490346 DTXSID20541122 DTXSID40335101 DTXSID20626403 DTXSID90409028
DTXSID30878370	DTXSID60463218 DTXSID70895425 DTXSID70895420 DTXSID30392389 DTXSID00575607 DTXSID20189422 DTXSID50814391 DTXSID20733227 DTXSID20873839 DTXSID70746584 DTXSID90415609 DTXSID00596397 DTXSID4072813 DTXSID50830455 DTXSID40615076 DTXSID10829820 DTXSID30276034 DTXSID60159780 DTXSID00324278 DTXSID50277341
DTXSID20310138	DTXSID30287665 DTXSID50841228 DTXSID00217873 DTXSID90324449 DTXSID40774819 DTXSID80843452 DTXSID50787672 DTXSID00799866 DTXSID80542059 DTXSID10444416 DTXSID20226240 DTXSID80734038 DTXSID40497511 DTXSID60734738 DTXSID70876815 DTXSID00186176 DTXSID50527333 DTXSID00386558 DTXSID10275540 DTXSID10667562
DTXSID40497511	DTXSID60642223 DTXSID70393496 DTXSID00217873 DTXSID50564682 DTXSID30810715 DTXSID90324449 DTXSID70592240 DTXSID00386558 DTXSID60328237 DTXSID20345869 DTXSID10667562 DTXSID00799866 DTXSID80843452 DTXSID40298565 DTXSID20310138 DTXSID70224791 DTXSID00822466 DTXSID40774819 DTXSID90602714 DTXSID80734038
DTXSID80478920	DTXSID70190260 DTXSID70604958 DTXSID30302286 DTXSID10818299 DTXSID90784241 DTXSID60228420 DTXSID70569078 DTXSID10500324 DTXSID00763380 DTXSID70460152 DTXSID90487604 DTXSID30787579 DTXSID60319948 DTXSID20674247 DTXSID20341866 DTXSID30517191 DTXSID10404676 DTXSID70792849 DTXSID70883569 DTXSID1068437
DTXSID00641119	DTXSID90642135 DTXSID20563844 DTXSID30341913 DTXSID30168268 DTXSID50590062 DTXSID00544772 DTXSID30511391 DTXSID00500813 DTXSID00518872 DTXSID00361249 DTXSID20148115 DTXSID40528556 DTXSID80752499 DTXSID60487459 DTXSID30465360 DTXSID90288178 DTXSID90374489 DTXSID70622516 DTXSID40211431 DTXSID80161820
DTXSID70811307	DTXSID40589748 DTXSID60820660 DTXSID90373750 DTXSID90276479 DTXSID20846260 DTXSID80718212 DTXSID20419099 DTXSID80648005 DTXSID40516574 DTXSID60744413 DTXSID90561630 DTXSID20620805 DTXSID00444107 DTXSID60743643 DTXSID50325992 DTXSID60680908 DTXSID00857657 DTXSID50684233 DTXSID50818117 DTXSID90585790
DTXSID80783400	DTXSID50653984 DTXSID40674047 DTXSID20392636 DTXSID50888532 DTXSID60796033 DTXSID60177085 DTXSID00173001 DTXSID20826289 DTXSID10673926 DTXSID60522172 DTXSID10795415 DTXSID70737932 DTXSID30560844 DTXSID30520463 DTXSID50290732 DTXSID60813476 DTXSID10479400 DTXSID40719366 DTXSID90401769 DTXSID70670451
DTXSID20514770	DTXSID70781915 DTXSID00664580 DTXSID40462946 DTXSID10565317 DTXSID90724384 DTXSID50342189 DTXSID80354275 DTXSID70751113 DTXSID40195121 DTXSID20676867 DTXSID50464178 DTXSID90402756 DTXSID00825816 DTXSID60612426 DTXSID90676834 DTXSID40222542 DTXSID30479725 DTXSID60618529 DTXSID00508773 DTXSID6020012
DTXSID50455440	DTXSID60344396 DTXSID90845265 DTXSID50682239 DTXSID70637802 DTXSID80678185 DTXSID80618687 DTXSID00408825 DTXSID90763758 DTXSID10175637 DTXSID90741551 DTXSID70447286 DTXSID70667260 DTXSID70606674 DTXSID50354606 DTXSID10463425 DTXSID70835068 DTXSID30290033 DTXSID00475971 DTXSID60363224 DTXSID90395215
DTXSID50726480	DTXSID20449654 DTXSID00216947 DTXSID70848557 DTXSID20697451 DTXSID60240187 DTXSID00811012 DTXSID30725638 DTXSID90485165 DTXSID00774698 DTXSID60787562 DTXSID00439250 DTXSID70240254 DTXSID30339597 DTXSID90381395 DTXSID80493638 DTXSID90243843 DTXSID60441410 DTXSID90842471 DTXSID90668794 DTXSID90176884
DTXSID30615166	DTXSID90624532 DTXSID50716063 DTXSID80700137 DTXSID60550556 DTXSID20274988 DTXSID30444296 DTXSID20702716 DTXSID00810328 DTXSID70545195 DTXSID10787436 DTXSID60876324 DTXSID40170039 DTXSID10767591 DTXSID20536750 DTXSID70794227 DTXSID60192657 DTXSID20641272 DTXSID80420702 DTXSID70331217 DTXSID80151882
DTXSID70449649	DTXSID10483385 DTXSID00536894 DTXSID60536810 DTXSID70392484 DTXSID50354621 DTXSID20368295 DTXSID00559149 DTXSID90743974 DTXSID10305598 DTXSID90698511 DTXSID50374804 DTXSID10179115 DTXSID10316184 DTXSID70504686 DTXSID10727837 DTXSID90742528 DTXSID70145831 DTXSID90443664 DTXSID80343442 DTXSID90407241
DTXSID60749685	DTXSID30630197 DTXSID50857460 DTXSID20179929 DTXSID20853671 DTXSID40856624 DTXSID50400233 DTXSID90425687 DTXSID50613806 DTXSID10542067 DTXSID40883091 DTXSID70433149 DTXSID90847724 DTXSID60227594 DTXSID20222681 DTXSID20656902 DTXSID20697678 DTXSID70327438 DTXSID30772304 DTXSID90585659 DTXSID80476729
DTXSID70594325	DTXSID40744315 DTXSID40614903 DTXSID60540119 DTXSID20191888 DTXSID60151047 DTXSID80897339 DTXSID10374441 DTXSID80502870 DTXSID00565861 DTXSID90466833 DTXSID40879717 DTXSID10655469 DTXSID00542773 DTXSID00241971 DTXSID10705554 DTXSID30323219 DTXSID1063140 DTXSID20704078 DTXSID70443980 DTXSID00730375
DTXSID40369466	DTXSID80710110 DTXSID90309635 DTXSID50340180 DTXSID30228250 DTXSID20817910 DTXSID90331931 DTXSID80326134 DTXSID90706903 DTXSID50808376 DTXSID40156813 DTXSID90401300 DTXSID60358195 DTXSID50751116 DTXSID4059253 DTXSID50727078 DTXSID40736614 DTXSID90406390 DTXSID60559382 DTXSID80324913 DTXSID40351048
DTXSID70800130	DTXSID00767500 DTXSID00752693 DTXSID60469452 DTXSID50709955 DTXSID90806856 DTXSID30155633 DTXSID20750954 DTXSID90693561 DTXSID10744741 DTXSID50798187 DTXSID00828564 DTXSID6048888 DTXSID20797647 DTXSID30867724 DTXSID30174849 DTXSID30579431 DTXSID10658374 DTXSID80241994 DTXSID10843167 DTXSID70574283
DTXSID50165719	DTXSID7067401 DTXSID70493445 DTXSID40390038 DTXSID30711637 DTXSID20832421 DTXSID80528696 DTXSID30342248 DTXSID10393859 DTXSID70751774 DTXSID60776895 DTXSID40191628 DTXSID90313550 DTXSID90543810 DTXSID40503843 DTXSID00639591 DTXSID10569991 DTXSID00236589 DTXSID10834858 DTXSID10794029 DTXSID80772016
DTXSID70431468	DTXSID90708402 DTXSID70309077 DTXSID90843903 DTXSID90501470 DTXSID40751706 DTXSID20739168 DTXSID70742980 DTXSID50490730 DTXSID80604000 DTXSID90694952 DTXSID70618696 DTXSID70383670 DTXSID60206102 DTXSID90810493 DTXSID4068533 DTXSID00440826 DTXSID40693273 DTXSID30641187 DTXSID80495753 DTXSID90439542
DTXSID70505077	DTXSID00375386 DTXSID10805644 DTXSID80585729 DTXSID30600895 DTXSID40775720 DTXSID00446909 DTXSID80436883 DTXSID20383463 DTXSID60883917 DTXSID30769214 DTXSID70549451 DTXSID40490704 DTXSID20674247 DTXSID80563921 DTXSID80578333 DTXSID20567408 DTXSID00565760 DTXSID30787579 DTXSID60319948 DTXSID70485608
DTXSID30734902	DTXSID10168882 DTXSID70695260 DTXSID00694049 DTXSID30788642 DTXSID80645312 DTXSID60459959 DTXSID50375033 DTXSID70212375 DTXSID70173750 DTXSID3041297 DTXSID00425552 DTXSID20718973 DTXSID40561645 DTXSID80629490 DTXSID40296581 DTXSID80294445 DTXSID20293093 DTXSID10616959 DTXSID10212470 DTXSID10734783
DTXSID20752115	DTXSID1068300 DTXSID1040247 DTXSID60388215 DTXSID20814500 DTXSID50404352 DTXSID80814501 DTXSID40601636 DTXSID80437850 DTXSID60885077 DTXSID90216335 DTXSID20888029 DTXSID70399014 DTXSID20837451 DTXSID80275835 DTXSID20230322 DTXSID60790970 DTXSID40194710 DTXSID50552443 DTXSID70394423 DTXSID50718047
DTXSID80823330	DTXSID00633796 DTXSID90238315 DTXSID10871440 DTXSID00411738 DTXSID50190021 DTXSID30757277 DTXSID80279919 DTXSID80649890 DTXSID40321226 DTXSID40630906 DTXSID20654903 DTXSID10471666 DTXSID00442062 DTXSID40474029 DTXSID40593340 DTXSID70528382 DTXSID30315977 DTXSID10661161 DTXSID60340974 DTXSID40610021
DTXSID60700534	DTXSID90341590 DTXSID10329471 DTXSID10513631 DTXSID20417838 DTXSID40681458 DTXSID90788820 DTXSID30805207 DTXSID30440298 DTXSID70291064 DTXSID10840459 DTXSID80597680 DTXSID30423223 DTXSID60299094 DTXSID40299517 DTXSID30176383 DTXSID10313537 DTXSID40352676 DTXSID10228319 DTXSID70344408 DTXSID60424440
DTXSID40474029	DTXSID40610021 DTXSID40593340 DTXSID40321226 DTXSID00442062 DTXSID40705360 DTXSID10871440 DTXSID30453484 DTXSID20654903 DTXSID00633796 DTXSID50190021 DTXSID10455027 DTXSID70528382 DTXSID40380277 DTXSID10547456 DTXSID10742247 DTXSID40670408 DTXSID80823330 DTXSID30757277 DTXSID40334275 DTXSID00411738
DTXSID90324363	DTXSID60307320 DTXSID70202690 DTXSID20616925 DTXSID10655924 DTXSID30181371 DTXSID00501264 DTXSID00865494 DTXSID00394330 DTXSID70651144 DTXSID90547999 DTXSID40191426 DTXSID60711645 DTXSID30407987 DTXSID80342814 DTXSID70447645 DTXSID20630368 DTXSID60146276 DTXSID50306004 DTXSID20848446 DTXSID50640470
DTXSID30725613	DTXSID1020724 DTXSID20561608 DTXSID10458452 DTXSID10193937 DTXSID20368533 DTXSID60455133 DTXSID10157079 DTXSID00662940 DTXSID90508585 DTXSID80726635 DTXSID90772845 DTXSID70576904 DTXSID10657448 DTXSID80630460 DTXSID80831692 DTXSID80633057 DTXSID60696569 DTXSID90550105 DTXSID30322904 DTXSID70365214
DTXSID80656180	DTXSID00730012 DTXSID60187083 DTXSID50304707 DTXSID90840538 DTXSID50646755 DTXSID30843644 DTXSID20325065 DTXSID20834086 DTXSID60739526 DTXSID30787357 DTXSID00299730 DTXSID10618519 DTXSID20708955 DTXSID20656063 DTXSID20879472 DTXSID2071071 DTXSID90695323 DTXSID10224533 DTXSID50697429 DTXSID10675647
DTXSID30285782	DTXSID60752593 DTXSID1023447 DTXSID10776421 DTXSID30173534 DTXSID30471305 DTXSID70641227 DTXSID00361284 DTXSID8067105 DTXSID90492910 DTXSID20351581 DTXSID00781766 DTXSID10241220 DTXSID20849418 DTXSID20565449 DTXSID60460489 DTXSID40283895 DTXSID0075106 DTXSID40722613 DTXSID80532359 DTXSID90796667
DTXSID20556857	DTXSID60630226 DTXSID40758639 DTXSID30462975 DTXSID90515835 DTXSID60312318 DTXSID70455785 DTXSID80856466 DTXSID60663554 DTXSID70302644 DTXSID50855981 DTXSID50803285 DTXSID20729766 DTXSID60390974 DTXSID60832561 DTXSID50515836 DTXSID80598016 DTXSID80726812 DTXSID40675519 DTXSID80733763 DTXSID80694683
DTXSID80843614	DTXSID20415899 DTXSID50670136 DTXSID50445684 DTXSID40755587 DTXSID10605303 DTXSID80509162 DTXSID00701489 DTXSID00341061 DTXSID60787224 DTXSID40480100 DTXSID5066748 DTXSID80652167 DTXSID10708267 DTXSID20314595 DTXSID9068742 DTXSID60718134 DTXSID30606231 DTXSID70453488 DTXSID30780585 DTXSID70367879
DTXSID00625732	DTXSID40598698 DTXSID30199991 DTXSID20473212 DTXSID80210322 DTXSID10565357 DTXSID10366962 DTXSID40319825 DTXSID10541111 DTXSID90614711 DTXSID80817057 DTXSID90640813 DTXSID20840849 DTXSID50230830 DTXSID40368631 DTXSID70845046 DTXSID60392019 DTXSID70513152 DTXSID50178682 DTXSID30395072 DTXSID80151549
DTXSID50531652	DTXSID00473578 DTXSID30185314 DTXSID80324271 DTXSID70602636 DTXSID60355402 DTXSID00818667 DTXSID20886929 DTXSID80537122 DTXSID80616800 DTXSID10201521 DTXSID60532832 DTXSID90854731 DTXSID70670577 DTXSID70704008 DTXSID50604052 DTXSID90577938 DTXSID70434151 DTXSID10544364 DTXSID70640290 DTXSID20528397
DTXSID40565486	DTXSID20475812 DTXSID90450858 DTXSID90329454 DTXSID10528548 DTXSID00491015 DTXSID00343449 DTXSID60207018 DTXSID6044648 DTXSID20446421 DTXSID70488750 DTXSID50318526 DTXSID20835977 DTXSID40408203 DTXSID90446892 DTXSID80776034 DTXSID00706535 DTXSID70517771 DTXSID50640319 DTXSID20744171 DTXSID90547570
DTXSID3069982	DTXSID50590749 DTXSID70239385 DTXSID50208059 DTXSID60379527 DTXSID30716324 DTXSID90497425 DTXSID40528152 DTXSID40197327 DTXSID20680742 DTXSID80548516 DTXSID90740544 DTXSID60284147 DTXSID80351527 DTXSID40703664 DTXSID70615761 DTXSID60221092 DTXSID20611374 DTXSID20668222 DTXSID30716364 DTXSID70327150
DTXSID70646651	DTXSID20661056 DTXSID30849560 DTXSID10726325 DTXSID10505874 DTXSID20299676 DTXSID60357421 DTXSID20520119 DTXSID80222783 DTXSID40509007 DTXSID50301953 DTXSID70199334 DTXSID70738949 DTXSID80183441 DTXSID10519178 DTXSID30460577 DTXSID40648607 DTXSID00513862 DTXSID90602810 DTXSID90355798 DTXSID90343534
DTXSID10391618	DTXSID50693663 DTXSID70565833 DTXSID50528269 DTXSID50798425 DTXSID1051800 DTXSID90530942 DTXSID90328629 DTXSID50858472 DTXSID60606582 DTXSID80342879 DTXSID90847486 DTXSID80506131 DTXSID50502221 DTXSID10880678 DTXSID7068001 DTXSID10682199 DTXSID90536565 DTXSID90565294 DTXSID80795720 DTXSID90277789
DTXSID90158322	DTXSID50154805 DTXSID80221812 DTXSID80792077 DTXSID80151569 DTXSID90160344 DTXSID90203164 DTXSID70234370 DTXSID70884657 DTXSID00563862 DTXSID30660373 DTXSID00604709 DTXSID80599947 DTXSID40677396 DTXSID40555266 DTXSID70568465 DTXSID70855069 DTXSID60489953 DTXSID00886881 DTXSID90310261 DTXSID70765270
DTXSID80696829	DTXSID80660101 DTXSID60636561 DTXSID30157839 DTXSID60341340 DTXSID20803419 DTXSID40677391 DTXSID40378694 DTXSID50568201 DTXSID70158284 DTXSID50560684 DTXSID80752176 DTXSID50363339 DTXSID00358154 DTXSID20876002 DTXSID60634486 DTXSID40724415 DTXSID20479512 DTXSID30176388 DTXSID10489948 DTXSID90238799
DTXSID40856260	DTXSID40645858 DTXSID10321359 DTXSID90651621 DTXSID00423295 DTXSID20553205 DTXSID0069705 DTXSID90710484 DTXSID10737794 DTXSID40232909 DTXSID20238601 DTXSID80516533 DTXSID00147227 DTXSID20282922 DTXSID90343054 DTXSID80370950 DTXSID80289952 DTXSID70733712 DTXSID20349428 DTXSID60884207 DTXSID70496976
DTXSID50415544	DTXSID00570430 DTXSID40876064 DTXSID70456873 DTXSID70848471 DTXSID80557643 DTXSID20158431 DTXSID70489489 DTXSID30383914 DTXSID70744343 DTXSID80230045 DTXSID60471474 DTXSID40430408 DTXSID70502324 DTXSID10630059 DTXSID10888412 DTXSID80211677 DTXSID50808356 DTXSID30207606 DTXSID70152843 DTXSID40622548
DTXSID20876683	DTXSID50277765 DTXSID00387843 DTXSID90185830 DTXSID10720242 DTXSID70791059 DTXSID90379454 DTXSID80207252 DTXSID20442145 DTXSID50806832 DTXSID30181270 DTXSID80284285 DTXSID40657471 DTXSID50310222 DTXSID1072260 DTXSID20654908 DTXSID20462242 DTXSID90672497 DTXSID10657448 DTXSID20602808 DTXSID20656902
DTXSID20322453	DTXSID00290363 DTXSID70150627 DTXSID00657073 DTXSID70599390 DTXSID20416442 DTXSID00176032 DTXSID10814695 DTXSID90759338 DTXSID70652434 DTXSID00204985 DTXSID20811357 DTXSID80780792 DTXSID30465820 DTXSID20151705 DTXSID10425129 DTXSID10589275 DTXSID60875877 DTXSID10199636 DTXSID60805533 DTXSID30207525
DTXSID00597642	DTXSID90485226 DTXSID00579281 DTXSID20798912 DTXSID10838553 DTXSID00225190 DTXSID90334149 DTXSID50853381 DTXSID20159342 DTXSID40833839 DTXSID50850153 DTXSID70457305 DTXSID90509214 DTXSID80531423 DTXSID10811083 DTXSID10302946 DTXSID80830084 DTXSID40552053 DTXSID30886990 DTXSID90424554 DTXSID00719322
DTXSID70891588	DTXSID40809650 DTXSID10148321 DTXSID80879473 DTXSID40737303 DTXSID80588038 DTXSID90521855 DTXSID20802265 DTXSID20559469 DTXSID60714878 DTXSID70373576 DTXSID90163234 DTXSID10830875 DTXSID80291373 DTXSID50628091 DTXSID90739897 DTXSID80470843 DTXSID60327023 DTXSID20793821 DTXSID10354788 DTXSID70318765
DTXSID40513644	DTXSID50565290 DTXSID40214669 DTXSID60284925 DTXSID20754836 DTXSID70834910 DTXSID80292163 DTXSID90434618 DTXSID1070773 DTXSID10827381 DTXSID90584703 DTXSID80182974 DTXSID80613172 DTXSID60545866 DTXSID10739596 DTXSID6058972 DTXSID70392328 DTXSID70300064 DTXSID10735396 DTXSID20499770 DTXSID60305467
DTXSID00343449	DTXSID00491015 DTXSID90450858 DTXSID60207018 DTXSID20446421 DTXSID20475812 DTXSID70517771 DTXSID90543436 DTXSID40565486 DTXSID20318013 DTXSID70488750 DTXSID40635496 DTXSID90573096 DTXSID00706535 DTXSID60497336 DTXSID20835977 DTXSID40408203 DTXSID30587935 DTXSID80638027 DTXSID90526789 DTXSID6044648
DTXSID90321852	DTXSID00307829 DTXSID50210773 DTXSID80198656 DTXSID20167427 DTXSID60682265 DTXSID3075335 DTXSID60457071 DTXSID50345231 DTXSID50346667 DTXSID40525565 DTXSID20612381 DTXSID00515129 DTXSID90398180 DTXSID60486664 DTXSID60866760 DTXSID90565613 DTXSID00658368 DTXSID40734110 DTXSID90284832 DTXSID40556238
DTXSID00503783	DTXSID70235529 DTXSID70597735 DTXSID80439612 DTXSID90793535 DTXSID70813427 DTXSID50181656 DTXSID20605314 DTXSID70873662 DTXSID30177557 DTXSID0061327 DTXSID70276593 DTXSID00277376 DTXSID50818157 DTXSID30371457 DTXSID70757877 DTXSID50400551 DTXSID00469355 DTXSID40452741 DTXSID80214082 DTXSID70299444
DTXSID00633478	DTXSID30278654 DTXSID40508111 DTXSID40397668 DTXSID90346141 DTXSID30344949 DTXSID70593176 DTXSID00391061 DTXSID70799434 DTXSID90621465 DTXSID80464368 DTXSID30306209 DTXSID3061552 DTXSID70557910 DTXSID10343814 DTXSID70408650 DTXSID60336195 DTXSID50696412 DTXSID90346101 DTXSID00423654 DTXSID60327528
DTXSID80851471	DTXSID0073110 DTXSID00470865 DTXSID90809145 DTXSID30620179 DTXSID00541968 DTXSID00454781 DTXSID30846155 DTXSID40455535 DTXSID20567049 DTXSID90443846 DTXSID30787539 DTXSID70645649 DTXSID80300454 DTXSID10177015 DTXSID80658548 DTXSID60844023 DTXSID60815738 DTXSID20172399 DTXSID50797539 DTXSID90440214
DTXSID00657452	DTXSID30311237 DTXSID60424546 DTXSID10589275 DTXSID00604345 DTXSID90178202 DTXSID00223095 DTXSID90518144 DTXSID30465820 DTXSID10506866 DTXSID30782766 DTXSID60439377 DTXSID70375095 DTXSID40713445 DTXSID00537482 DTXSID80635011 DTXSID30356906 DTXSID30207525 DTXSID00659916 DTXSID70477482 DTXSID80664447
DTXSID70751779	DTXSID30848715 DTXSID40832302 DTXSID90650230 DTXSID80811232 DTXSID90697544 DTXSID00639879 DTXSID20746397 DTXSID40852085 DTXSID40306199 DTXSID70730145 DTXSID50341016 DTXSID60702573 DTXSID80308374 DTXSID80847197 DTXSID50316123 DTXSID70743614 DTXSID30202232 DTXSID10484514 DTXSID60292449 DTXSID80885534
DTXSID80472847	DTXSID70188187 DTXSID90836456 DTXSID80897339 DTXSID20593989 DTXSID30323219 DTXSID90411444 DTXSID00374031 DTXSID10523215 DTXSID40614903 DTXSID1047071 DTXSID00351640 DTXSID10655469 DTXSID20217491 DTXSID00404887 DTXSID00730375 DTXSID10374441 DTXSID30830751 DTXSID50191730 DTXSID20435693 DTXSID50807309
DTXSID10673926	DTXSID40674047 DTXSID50888532 DTXSID10241008 DTXSID30497308 DTXSID30560844 DTXSID50653984 DTXSID10479400 DTXSID60796033 DTXSID80792577 DTXSID30612413 DTXSID30520463 DTXSID00403214 DTXSID80783400 DTXSID50290732 DTXSID70737932 DTXSID20826289 DTXSID10669723 DTXSID90401769 DTXSID20392636 DTXSID60193886
DTXSID00846581	DTXSID40820466 DTXSID10879320 DTXSID50596246 DTXSID50228318 DTXSID90453389 DTXSID00309808 DTXSID60424460 DTXSID50364467 DTXSID80703825 DTXSID00606980 DTXSID30588240 DTXSID90666452 DTXSID60556013 DTXSID20717067 DTXSID10659285 DTXSID60303226 DTXSID90688538 DTXSID00679770 DTXSID10395035 DTXSID80724015
DTXSID60359485	DTXSID50374208 DTXSID00681035 DTXSID70593232 DTXSID80407917 DTXSID10364706 DTXSID30828991 DTXSID90585790 DTXSID40762559 DTXSID50896096 DTXSID2060387 DTXSID50818117 DTXSID60744413 DTXSID40322470 DTXSID60192935 DTXSID40589445 DTXSID20590216 DTXSID80346776 DTXSID9068742 DTXSID80718212 DTXSID20478000
DTXSID80765302	DTXSID40609798 DTXSID90208699 DTXSID00618003 DTXSID30377479 DTXSID10803544 DTXSID30713434 DTXSID50879602 DTXSID70506807 DTXSID40696128 DTXSID20294181 DTXSID10653829 DTXSID70428934 DTXSID90422898 DTXSID60681556 DTXSID80210827 DTXSID30599199 DTXSID30225724 DTXSID80441730 DTXSID30797451 DTXSID80536276
DTXSID20585925	DTXSID70676397 DTXSID80634847 DTXSID00200205 DTXSID50190425 DTXSID9068904 DTXSID70354901 DTXSID60697394 DTXSID60156476 DTXSID20415915 DTXSID70176185 DTXSID50814573 DTXSID70299444 DTXSID70646373 DTXSID50184864 DTXSID70730968 DTXSID30418917 DTXSID10499709 DTXSID00446065 DTXSID90512546 DTXSID80679718
DTXSID50497183	DTXSID30734205 DTXSID10867661 DTXSID10552267 DTXSID80289457 DTXSID00502372 DTXSID50835107 DTXSID20830144 DTXSID50707759 DTXSID00559245 DTXSID30354361 DTXSID60742252 DTXSID00865494 DTXSID90524487 DTXSID40452140 DTXSID5041190 DTXSID00418545 DTXSID70434151 DTXSID60711645 DTXSID90577938 DTXSID40522559
DTXSID10646251	DTXSID40496029 DTXSID90602855 DTXSID20345349 DTXSID40857535 DTXSID50633221 DTXSID50342720 DTXSID30754024 DTXSID90646350 DTXSID80648161 DTXSID00671936 DTXSID00559664 DTXSID8067602 DTXSID30370783 DTXSID90626273 DTXSID30351057 DTXSID40585927 DTXSID70442433 DTXSID90487361 DTXSID80723543 DTXSID50346844
DTXSID60807198	DTXSID10343415 DTXSID80458641 DTXSID10189517 DTXSID70599254 DTXSID30275143 DTXSID70768221 DTXSID30180309 DTXSID20652828 DTXSID50632779 DTXSID80819157 DTXSID10166661 DTXSID10594329 DTXSID20472346 DTXSID30606195 DTXSID60632568 DTXSID20342757 DTXSID80725148 DTXSID10214297 DTXSID50478391 DTXSID40663355
DTXSID50184864	DTXSID60156476 DTXSID70445500 DTXSID90530907 DTXSID50814573 DTXSID20342035 DTXSID80404820 DTXSID9068904 DTXSID70646373 DTXSID90512546 DTXSID50190425 DTXSID20815698 DTXSID10676396 DTXSID5067392 DTXSID70354901 DTXSID80364511 DTXSID80679990 DTXSID70757877 DTXSID60763189 DTXSID70299444 DTXSID50646715
DTXSID00787248	DTXSID20558952 DTXSID40706170 DTXSID80756710 DTXSID30615146 DTXSID40869951 DTXSID10852012 DTXSID20776896 DTXSID00840362 DTXSID10322826 DTXSID30844232 DTXSID3070418 DTXSID30307135 DTXSID30851340 DTXSID00764377 DTXSID10224790 DTXSID20675951 DTXSID70484939 DTXSID10736287 DTXSID10279164 DTXSID80234563
DTXSID70602333	DTXSID80810068 DTXSID0058514 DTXSID90596508 DTXSID70471682 DTXSID60415636 DTXSID60621912 DTXSID30583371 DTXSID30583038 DTXSID20886101 DTXSID30525913 DTXSID30395390 DTXSID10496253 DTXSID40679875 DTXSID30671560 DTXSID60312176 DTXSID80275653 DTXSID60318532 DTXSID70498152 DTXSID60616843 DTXSID90300667
DTXSID10472875	DTXSID00472203 DTXSID30876114 DTXSID00721061 DTXSID90379459 DTXSID70337219 DTXSID80297436 DTXSID30344606 DTXSID80238243 DTXSID70652439 DTXSID20185540 DTXSID70473525 DTXSID30483029 DTXSID70693443 DTXSID50290696 DTXSID00748874 DTXSID20559702 DTXSID70393850 DTXSID10700589 DTXSID40632283 DTXSID60734213
DTXSID10820791	DTXSID20201895 DTXSID90203604 DTXSID60533288 DTXSID80641117 DTXSID60434766 DTXSID80464702 DTXSID70561092 DTXSID70543696 DTXSID00346495 DTXSID90885863 DTXSID60286045 DTXSID20350337 DTXSID00444369 DTXSID00650185 DTXSID50705639 DTXSID50195879 DTXSID10742247 DTXSID50494753 DTXSID20528296 DTXSID60623592
DTXSID10499709	DTXSID00446065 DTXSID70440979 DTXSID10815440 DTXSID70176185 DTXSID70730968 DTXSID80556555 DTXSID20666384 DTXSID40494863 DTXSID50361299 DTXSID8029072 DTXSID20849918 DTXSID70646373 DTXSID50369997 DTXSID10368805 DTXSID50333673 DTXSID10696599 DTXSID20318553 DTXSID70676397 DTXSID70554161 DTXSID50814573
DTXSID3051541	DTXSID90823245 DTXSID5051311 DTXSID70750186 DTXSID50343212 DTXSID30827146 DTXSID10773617 DTXSID6044802 DTXSID30188729 DTXSID70867364 DTXSID80559561 DTXSID60873939 DTXSID90556268 DTXSID00887474 DTXSID50288992 DTXSID40873937 DTXSID10784127 DTXSID40534975 DTXSID40613991 DTXSID9072527 DTXSID20242521
DTXSID90348983	DTXSID80402306 DTXSID40732550 DTXSID50630270 DTXSID30557810 DTXSID00513862 DTXSID10406736 DTXSID30787675 DTXSID60356272 DTXSID80699496 DTXSID90355798 DTXSID50323675 DTXSID40504113 DTXSID30440677 DTXSID70616516 DTXSID90392042 DTXSID10724003 DTXSID80183441 DTXSID40648607 DTXSID50535817 DTXSID70738949
DTXSID20524016	DTXSID90826519 DTXSID00589805 DTXSID70630333 DTXSID10211645 DTXSID30617968 DTXSID40620145 DTXSID00145708 DTXSID00330692 DTXSID50551916 DTXSID70526828 DTXSID00531041 DTXSID90629724 DTXSID40784357 DTXSID70507379 DTXSID20857598 DTXSID50404433 DTXSID50527373 DTXSID60825514 DTXSID00364871 DTXSID30288591
DTXSID60744413	DTXSID80718212 DTXSID90585790 DTXSID80648005 DTXSID40589748 DTXSID50818117 DTXSID50684233 DTXSID90561630 DTXSID90373750 DTXSID70811307 DTXSID00604284 DTXSID00681035 DTXSID50374208 DTXSID90276479 DTXSID00444107 DTXSID50286771 DTXSID10364706 DTXSID60359485 DTXSID90427267 DTXSID80346776 DTXSID2060387
DTXSID80590055	DTXSID00620020 DTXSID70538027 DTXSID20308030 DTXSID00175141 DTXSID60172398 DTXSID60614763 DTXSID90562627 DTXSID40507301 DTXSID40588251 DTXSID10360203 DTXSID30787998 DTXSID60797262 DTXSID90801907 DTXSID90736028 DTXSID70734148 DTXSID70622516 DTXSID40567809 DTXSID20327483 DTXSID9047095 DTXSID50749917
DTXSID70606538	DTXSID00758317 DTXSID60405779 DTXSID30733677 DTXSID60586219 DTXSID30588169 DTXSID00663053 DTXSID80561381 DTXSID50847765 DTXSID70756441 DTXSID70826239 DTXSID50457540 DTXSID50534148 DTXSID10754289 DTXSID40365761 DTXSID60768295 DTXSID40697155 DTXSID50799997 DTXSID10345757 DTXSID30735378 DTXSID80876684
DTXSID10175430	DTXSID10781712 DTXSID00528794 DTXSID70475029 DTXSID10737734 DTXSID20390213 DTXSID00604441 DTXSID30384628 DTXSID80819899 DTXSID90490436 DTXSID30777990 DTXSID60885395 DTXSID80561604 DTXSID40526072 DTXSID30149274 DTXSID60558138 DTXSID50696790 DTXSID00533141 DTXSID50610431 DTXSID90790605 DTXSID00511303
DTXSID60664208	DTXSID90218415 DTXSID10289940 DTXSID50601344 DTXSID30679061 DTXSID20666384 DTXSID8029072 DTXSID50368041 DTXSID70730968 DTXSID00429272 DTXSID80451172 DTXSID70197592 DTXSID10879688 DTXSID80650360 DTXSID10368805 DTXSID40549529 DTXSID30668930 DTXSID30534747 DTXSID20172415 DTXSID30153356 DTXSID10696599
DTXSID70621620	DTXSID40463312 DTXSID30671762 DTXSID10363835 DTXSID20633955 DTXSID20817016 DTXSID40573142 DTXSID90580922 DTXSID00528951 DTXSID70594608 DTXSID8040278 DTXSID40722214 DTXSID20696449 DTXSID00511085 DTXSID00721127 DTXSID60551149 DTXSID70165837 DTXSID40408107 DTXSID70190700 DTXSID50531132 DTXSID60300674
DTXSID20379280	DTXSID30844994 DTXSID90534566 DTXSID40791662 DTXSID80657334 DTXSID00716235 DTXSID10497361 DTXSID80223154 DTXSID50855769 DTXSID70766141 DTXSID40399561 DTXSID10856030 DTXSID60391663 DTXSID40550190 DTXSID70509818 DTXSID90535912 DTXSID60192233 DTXSID00489694 DTXSID40195484 DTXSID80763666 DTXSID10814993
DTXSID50696412	DTXSID10485541 DTXSID20477912 DTXSID30306209 DTXSID40397668 DTXSID60536719 DTXSID30511452 DTXSID50321555 DTXSID70799434 DTXSID10405921 DTXSID70408650 DTXSID00391061 DTXSID10439589 DTXSID00633478 DTXSID40508111 DTXSID40566478 DTXSID80470489 DTXSID90388046 DTXSID50281206 DTXSID80299970 DTXSID60327528
DTXSID70600798	DTXSID00663275 DTXSID80486404 DTXSID40467294 DTXSID00673733 DTXSID10592481 DTXSID10510680 DTXSID20703682 DTXSID10499269 DTXSID50439841 DTXSID9022100 DTXSID60425230 DTXSID70739870 DTXSID30282615 DTXSID10696317 DTXSID80175942 DTXSID10163594 DTXSID90385974 DTXSID70323197 DTXSID40171485 DTXSID70179717
DTXSID70670057	DTXSID40278640 DTXSID60600484 DTXSID50600110 DTXSID10708424 DTXSID00506799 DTXSID10728889 DTXSID00410983 DTXSID80381026 DTXSID40529149 DTXSID00748011 DTXSID30625664 DTXSID10734783 DTXSID3041297 DTXSID70762047 DTXSID40570439 DTXSID00568731 DTXSID80299394 DTXSID70795315 DTXSID00442188 DTXSID00856766
DTXSID80381026	DTXSID00410983 DTXSID3041297 DTXSID00506799 DTXSID80299394 DTXSID00748011 DTXSID10734783 DTXSID10708424 DTXSID20293093 DTXSID60154331 DTXSID40278640 DTXSID70670057 DTXSID20548313 DTXSID00442188 DTXSID40673595 DTXSID70560666 DTXSID30788642 DTXSID10728889 DTXSID80629490 DTXSID90380404 DTXSID30606317
DTXSID30543314	DTXSID20541122 DTXSID90191012 DTXSID00192999 DTXSID20370833 DTXSID00334377 DTXSID40335101 DTXSID30364541 DTXSID30791313 DTXSID50494697 DTXSID90409028 DTXSID0052590 DTXSID00490346 DTXSID60772736 DTXSID5052626 DTXSID10681824 DTXSID50613285 DTXSID20422326 DTXSID40589021 DTXSID20374210 DTXSID80176974
DTXSID90162823	DTXSID40837933 DTXSID80142896 DTXSID40874762 DTXSID90155270 DTXSID40469056 DTXSID40333127 DTXSID40201938 DTXSID60874764 DTXSID10166383 DTXSID70850690 DTXSID40823497 DTXSID10218654 DTXSID90214876 DTXSID40823513 DTXSID30874892 DTXSID80584131 DTXSID70300044 DTXSID30851507 DTXSID10402758 DTXSID80773083
DTXSID20193125	DTXSID00742973 DTXSID60400325 DTXSID90767079 DTXSID80196773 DTXSID80428662 DTXSID80787605 DTXSID60589644 DTXSID80538619 DTXSID60631637 DTXSID00739525 DTXSID60373803 DTXSID30628918 DTXSID20745421 DTXSID30693106 DTXSID20408685 DTXSID80323406 DTXSID00352617 DTXSID50846172 DTXSID70725612 DTXSID50623344
DTXSID70535950	DTXSID40187824 DTXSID50654936 DTXSID70670451 DTXSID90808911 DTXSID80562398 DTXSID50888532 DTXSID70396402 DTXSID40176910 DTXSID20538830 DTXSID10795415 DTXSID20876603 DTXSID10322225 DTXSID20826289 DTXSID00403214 DTXSID20392636 DTXSID00522176 DTXSID10241008 DTXSID10673926 DTXSID10669723 DTXSID50731357
DTXSID90407180	DTXSID40624744 DTXSID30651120 DTXSID50734888 DTXSID80567565 DTXSID90528945 DTXSID20346871 DTXSID00773606 DTXSID20579662 DTXSID00712999 DTXSID50196164 DTXSID00726213 DTXSID70801288 DTXSID00850007 DTXSID30798923 DTXSID5062425 DTXSID80827797 DTXSID60528215 DTXSID30441386 DTXSID90293828 DTXSID60570299
DTXSID60884207	DTXSID90277769 DTXSID70885523 DTXSID70733712 DTXSID20452921 DTXSID3062029 DTXSID20349428 DTXSID60532913 DTXSID50399774 DTXSID60351601 DTXSID40684101 DTXSID20238601 DTXSID80516533 DTXSID40232909 DTXSID30664199 DTXSID80698227 DTXSID80289952 DTXSID30401122 DTXSID20553205 DTXSID90651621 DTXSID20488386
DTXSID50851665	DTXSID50545613 DTXSID10467660 DTXSID50568908 DTXSID40797200 DTXSID90433782 DTXSID60625556 DTXSID50825321 DTXSID30808778 DTXSID20547861 DTXSID50224219 DTXSID10627489 DTXSID20614320 DTXSID00551027 DTXSID30346509 DTXSID20148998 DTXSID20813437 DTXSID90464854 DTXSID70203329 DTXSID10468334 DTXSID90714144
DTXSID40641234	DTXSID80506732 DTXSID20737725 DTXSID10390348 DTXSID80541481 DTXSID00407575 DTXSID10667542 DTXSID80787827 DTXSID70706764 DTXSID40820608 DTXSID30448451 DTXSID70569573 DTXSID30333176 DTXSID80238102 DTXSID20805731 DTXSID30713515 DTXSID50391273 DTXSID20744171 DTXSID90284610 DTXSID70418875 DTXSID60834161
DTXSID80785949	DTXSID10896214 DTXSID30574648 DTXSID60896542 DTXSID20876805 DTXSID4072233 DTXSID40341469 DTXSID80470343 DTXSID20819292 DTXSID5067500 DTXSID10833987 DTXSID60829355 DTXSID10814392 DTXSID80646122 DTXSID1024752 DTXSID90808572 DTXSID20874240 DTXSID60733827 DTXSID30207207 DTXSID50896339 DTXSID30298938
DTXSID80369369	DTXSID60681854 DTXSID40415492 DTXSID80791282 DTXSID50281226 DTXSID00374536 DTXSID00749821 DTXSID50542445 DTXSID70514624 DTXSID90208553 DTXSID30307175 DTXSID00341086 DTXSID50462957 DTXSID1068853 DTXSID70620279 DTXSID6062672 DTXSID50604451 DTXSID20774958 DTXSID00614525 DTXSID80181826 DTXSID40396237
DTXSID80543420	DTXSID90616912 DTXSID20318497 DTXSID80876684 DTXSID10563075 DTXSID50457540 DTXSID30666274 DTXSID1063691 DTXSID30444615 DTXSID40661119 DTXSID30733677 DTXSID50187390 DTXSID50847765 DTXSID90667540 DTXSID60586219 DTXSID60405779 DTXSID30837361 DTXSID90696739 DTXSID60442705 DTXSID50799997 DTXSID40365761
DTXSID00567961	DTXSID50496818 DTXSID80774196 DTXSID60282168 DTXSID10352800 DTXSID10292035 DTXSID10277524 DTXSID60603536 DTXSID40633972 DTXSID50640834 DTXSID30542468 DTXSID50569319 DTXSID40696461 DTXSID40280980 DTXSID00303649 DTXSID50485005 DTXSID30704488 DTXSID70645684 DTXSID00196518 DTXSID00850087 DTXSID70610039
DTXSID40325007	DTXSID60333760 DTXSID30476390 DTXSID70513152 DTXSID40110056 DTXSID20374210 DTXSID70618434 DTXSID40589021 DTXSID80523868 DTXSID00334377 DTXSID10565357 DTXSID80151549 DTXSID30791313 DTXSID40335101 DTXSID60772736 DTXSID00294381 DTXSID80817057 DTXSID30653301 DTXSID0052590 DTXSID80351628 DTXSID30175038
DTXSID80422286	DTXSID00303922 DTXSID00805870 DTXSID50363339 DTXSID80537829 DTXSID90829020 DTXSID60820125 DTXSID20803419 DTXSID60402369 DTXSID80760019 DTXSID20496845 DTXSID20479512 DTXSID00358154 DTXSID40677391 DTXSID40378694 DTXSID40523006 DTXSID50187390 DTXSID70158284 DTXSID80660101 DTXSID60577829 DTXSID50560684
DTXSID50283144	DTXSID60286207 DTXSID00311481 DTXSID50681000 DTXSID90564686 DTXSID50308280 DTXSID90825769 DTXSID40819113 DTXSID3063045 DTXSID80664341 DTXSID90598663 DTXSID10426979 DTXSID70589594 DTXSID80407255 DTXSID20362556 DTXSID70766489 DTXSID00372673 DTXSID10361215 DTXSID80438847 DTXSID50545799 DTXSID50651021
DTXSID10483209	DTXSID20849418 DTXSID20541127 DTXSID90470930 DTXSID00361284 DTXSID80808208 DTXSID70837481 DTXSID40819592 DTXSID40722613 DTXSID40223857 DTXSID30471305 DTXSID30173534 DTXSID70490090 DTXSID10352582 DTXSID60752593 DTXSID00781766 DTXSID10475826 DTXSID00524615 DTXSID10776421 DTXSID30510329 DTXSID10705918
DTXSID50232172	DTXSID90778807 DTXSID90770189 DTXSID20406904 DTXSID00507589 DTXSID80790210 DTXSID50543331 DTXSID80282928 DTXSID00501204 DTXSID50539234 DTXSID50344249 DTXSID30530426 DTXSID30508241 DTXSID10503390 DTXSID80816166 DTXSID70705999 DTXSID80576238 DTXSID30490839 DTXSID70450932 DTXSID10467160 DTXSID50846995
DTXSID70621488	DTXSID10294857 DTXSID90743631 DTXSID70673129 DTXSID20299055 DTXSID30294495 DTXSID2058122 DTXSID90463827 DTXSID30346908 DTXSID20312091 DTXSID20421218 DTXSID20159786 DTXSID70283000 DTXSID0042298 DTXSID40760095 DTXSID10516763 DTXSID80453999 DTXSID60289112 DTXSID90833162 DTXSID70765391 DTXSID80781800
DTXSID00429853	DTXSID70353797 DTXSID40187829 DTXSID00855931 DTXSID90548921 DTXSID80666542 DTXSID40244168 DTXSID40282005 DTXSID90608771 DTXSID90362083 DTXSID40406567 DTXSID40551667 DTXSID20375085 DTXSID50824511 DTXSID80822181 DTXSID90234635 DTXSID70705772 DTXSID20310830 DTXSID30343058 DTXSID90284776 DTXSID40616866
DTXSID90734084	DTXSID70567352 DTXSID50580983 DTXSID20346755 DTXSID10502308 DTXSID00483778 DTXSID80892809 DTXSID40296046 DTXSID80209251 DTXSID40481576 DTXSID60762319 DTXSID40595309 DTXSID20673533 DTXSID80212043 DTXSID70201941 DTXSID20145200 DTXSID20365502 DTXSID40356538 DTXSID50398429 DTXSID90553656 DTXSID90567930
DTXSID60447351	DTXSID20646944 DTXSID50561611 DTXSID10174761 DTXSID00532730 DTXSID20300817 DTXSID20444104 DTXSID40883091 DTXSID00145566 DTXSID70674474 DTXSID90169897 DTXSID70704543 DTXSID30389739 DTXSID10542067 DTXSID60897211 DTXSID10295283 DTXSID40297356 DTXSID80346397 DTXSID3037543 DTXSID30186765 DTXSID30645342
DTXSID50833486	DTXSID30528383 DTXSID80675952 DTXSID80309280 DTXSID40725124 DTXSID80742315 DTXSID50610633 DTXSID00463292 DTXSID70655208 DTXSID80875894 DTXSID60390070 DTXSID10442477 DTXSID20163247 DTXSID10538581 DTXSID40452180 DTXSID50760602 DTXSID20333766 DTXSID20239537 DTXSID20445318 DTXSID80444665 DTXSID60239536
DTXSID20696449	DTXSID50695324 DTXSID70190700 DTXSID50531132 DTXSID20633955 DTXSID00663573 DTXSID00721127 DTXSID90175716 DTXSID20817016 DTXSID50879349 DTXSID50473725 DTXSID90734408 DTXSID70621620 DTXSID20456863 DTXSID00528951 DTXSID8040278 DTXSID70357679 DTXSID40538579 DTXSID60551149 DTXSID10363835 DTXSID60501705
DTXSID40823497	DTXSID40333127 DTXSID30851507 DTXSID60874764 DTXSID40874762 DTXSID40156575 DTXSID90155270 DTXSID80773083 DTXSID10218654 DTXSID00454862 DTXSID40823513 DTXSID90162823 DTXSID40837933 DTXSID00823534 DTXSID80142896 DTXSID60152170 DTXSID10782320 DTXSID40469056 DTXSID40201938 DTXSID70823546 DTXSID70880598
DTXSID20642128	DTXSID10506361 DTXSID00480469 DTXSID70649283 DTXSID50452131 DTXSID60351681 DTXSID40726050 DTXSID40404280 DTXSID60680908 DTXSID00520894 DTXSID50368506 DTXSID60233812 DTXSID10528381 DTXSID20354471 DTXSID30711410 DTXSID10361513 DTXSID00508773 DTXSID60618529 DTXSID30708643 DTXSID20419099 DTXSID90362083
DTXSID00772053	DTXSID4051740 DTXSID30234871 DTXSID60281959 DTXSID50451245 DTXSID80516331 DTXSID50874359 DTXSID20316433 DTXSID50821545 DTXSID80585325 DTXSID90768041 DTXSID30542968 DTXSID80522659 DTXSID20790370 DTXSID90400696 DTXSID20565166 DTXSID70325712 DTXSID90758669 DTXSID50637522 DTXSID50771132 DTXSID70727494
DTXSID90182445	DTXSID30575690 DTXSID30420691 DTXSID60182598 DTXSID50293460 DTXSID50215829 DTXSID20575982 DTXSID90734423 DTXSID8063834 DTXSID90290650 DTXSID70711914 DTXSID80443794 DTXSID20445318 DTXSID60183484 DTXSID00441777 DTXSID90443725 DTXSID00847053 DTXSID60390070 DTXSID10586320 DTXSID7044506 DTXSID20161445
DTXSID60471398	DTXSID10647309 DTXSID20525381 DTXSID10534841 DTXSID50817943 DTXSID60499097 DTXSID80639059 DTXSID90445022 DTXSID30308349 DTXSID80756533 DTXSID70866998 DTXSID20805731 DTXSID80238102 DTXSID10528548 DTXSID90446892 DTXSID90547570 DTXSID90284610 DTXSID70459480 DTXSID80434203 DTXSID6044648 DTXSID20675239
DTXSID00472844	DTXSID90640813 DTXSID60443631 DTXSID10474339 DTXSID70401020 DTXSID40319825 DTXSID00350315 DTXSID50310747 DTXSID40368631 DTXSID80817057 DTXSID60365925 DTXSID90614711 DTXSID20624303 DTXSID60668963 DTXSID40598698 DTXSID30289801 DTXSID30175038 DTXSID80733122 DTXSID80391327 DTXSID4060739 DTXSID60157009
DTXSID90402498	DTXSID80349621 DTXSID50760389 DTXSID00201055 DTXSID90794320 DTXSID60325125 DTXSID10541414 DTXSID00854560 DTXSID60291078 DTXSID20465495 DTXSID80395860 DTXSID60510635 DTXSID40617934 DTXSID50681040 DTXSID40790019 DTXSID20540610 DTXSID80612887 DTXSID40415679 DTXSID10491980 DTXSID60320630 DTXSID20307184
DTXSID60558138	DTXSID00533141 DTXSID30149274 DTXSID90330909 DTXSID80713888 DTXSID90213187 DTXSID40738597 DTXSID60790258 DTXSID40396919 DTXSID50460918 DTXSID00604441 DTXSID00511303 DTXSID40745100 DTXSID90209803 DTXSID90790605 DTXSID10737734 DTXSID90490436 DTXSID70281485 DTXSID80819899 DTXSID80735383 DTXSID30777990
DTXSID90896171	DTXSID70353277 DTXSID10211569 DTXSID70789794 DTXSID10896254 DTXSID70209866 DTXSID70554328 DTXSID60763987 DTXSID60490347 DTXSID20846467 DTXSID40623797 DTXSID10377134 DTXSID70476834 DTXSID00566070 DTXSID00567360 DTXSID50667344 DTXSID90739897 DTXSID80470843 DTXSID30853642 DTXSID40713743 DTXSID80588038
DTXSID70675643	DTXSID70571818 DTXSID80615616 DTXSID90562960 DTXSID10334005 DTXSID10525618 DTXSID00334771 DTXSID50483425 DTXSID70789032 DTXSID90339518 DTXSID30394525 DTXSID10580808 DTXSID00366512 DTXSID10655964 DTXSID90223322 DTXSID30510329 DTXSID00635816 DTXSID00550772 DTXSID2037714 DTXSID20880720 DTXSID70826875
DTXSID20500057	DTXSID40175741 DTXSID30483483 DTXSID80528671 DTXSID80457351 DTXSID60542759 DTXSID80593521 DTXSID70721134 DTXSID50356468 DTXSID0062139 DTXSID50352682 DTXSID80299652 DTXSID70632195 DTXSID90408576 DTXSID10181490 DTXSID50622817 DTXSID2024791 DTXSID60454661 DTXSID00305805 DTXSID60489296 DTXSID00670222
DTXSID30393871	DTXSID60515882 DTXSID80853814 DTXSID10784248 DTXSID40887796 DTXSID90599953 DTXSID10339095 DTXSID20295330 DTXSID20346750 DTXSID10771451 DTXSID90755850 DTXSID5070602 DTXSID40341646 DTXSID70822857 DTXSID20889036 DTXSID80340739 DTXSID00432064 DTXSID90887963 DTXSID30146203 DTXSID30210675 DTXSID40336794
DTXSID20299676	DTXSID60357421 DTXSID70646651 DTXSID20661056 DTXSID10726325 DTXSID30849560 DTXSID10505874 DTXSID50301953 DTXSID70738949 DTXSID90602810 DTXSID40213495 DTXSID70199334 DTXSID80222783 DTXSID20520119 DTXSID40509007 DTXSID00570016 DTXSID60745223 DTXSID30609984 DTXSID10519178 DTXSID80183441 DTXSID00302495
DTXSID50447744	DTXSID70280392 DTXSID6046264 DTXSID80384572 DTXSID70300165 DTXSID90223180 DTXSID50290212 DTXSID30159237 DTXSID60642223 DTXSID40891611 DTXSID10641428 DTXSID3048316 DTXSID90310140 DTXSID10676997 DTXSID00852122 DTXSID70224791 DTXSID30821164 DTXSID50425244 DTXSID40484168 DTXSID70393496 DTXSID50564682
DTXSID00662940	DTXSID70576904 DTXSID10186102 DTXSID20561608 DTXSID1020724 DTXSID80831692 DTXSID30725613 DTXSID80279772 DTXSID10157079 DTXSID50681767 DTXSID10193937 DTXSID40167969 DTXSID10458452 DTXSID20368533 DTXSID20680303 DTXSID90550105 DTXSID80154818 DTXSID80726635 DTXSID60455133 DTXSID40649795 DTXSID10278713
DTXSID30750945	DTXSID20406141 DTXSID10408856 DTXSID50450930 DTXSID60725101 DTXSID50395110 DTXSID00839751 DTXSID40390932 DTXSID40757309 DTXSID00559149 DTXSID60536810 DTXSID30280974 DTXSID50635285 DTXSID60340974 DTXSID20368295 DTXSID20398810 DTXSID10727837 DTXSID70811428 DTXSID70315971 DTXSID10198205 DTXSID30296292
DTXSID40373801	DTXSID10799296 DTXSID40721146 DTXSID80202505 DTXSID90772002 DTXSID60174670 DTXSID20876507 DTXSID60166439 DTXSID40433691 DTXSID90383692 DTXSID00846344 DTXSID20633374 DTXSID30873582 DTXSID00722331 DTXSID70344367 DTXSID50341793 DTXSID80734290 DTXSID20631638 DTXSID90404174 DTXSID00739525 DTXSID80323406
DTXSID30818579	DTXSID50404554 DTXSID20449336 DTXSID1071458 DTXSID10565094 DTXSID50170323 DTXSID90730243 DTXSID40451698 DTXSID90527650 DTXSID50681601 DTXSID00774294 DTXSID90366985 DTXSID80834981 DTXSID90542449 DTXSID40659692 DTXSID00390958 DTXSID30165636 DTXSID80519504 DTXSID60657039 DTXSID40190474 DTXSID50863142
DTXSID00442188	DTXSID90380404 DTXSID00748011 DTXSID20352412 DTXSID70762047 DTXSID50153176 DTXSID00506799 DTXSID40495597 DTXSID10734783 DTXSID80237675 DTXSID80813019 DTXSID70621009 DTXSID40561645 DTXSID00694049 DTXSID20301783 DTXSID3041297 DTXSID00410983 DTXSID80381026 DTXSID50600110 DTXSID60495352 DTXSID70695260
DTXSID40286048	DTXSID50542425 DTXSID40546452 DTXSID90281846 DTXSID30466877 DTXSID90719896 DTXSID80322656 DTXSID40238805 DTXSID90707511 DTXSID90473840 DTXSID70366685 DTXSID40146198 DTXSID30558746 DTXSID00755265 DTXSID3046166 DTXSID40841656 DTXSID00373504 DTXSID40228625 DTXSID00284505 DTXSID30551136 DTXSID10391810
DTXSID90602855	DTXSID40857535 DTXSID20345349 DTXSID80648161 DTXSID10646251 DTXSID90646350 DTXSID8067602 DTXSID00671936 DTXSID50346844 DTXSID50633221 DTXSID30351057 DTXSID90626273 DTXSID50729193 DTXSID40496029 DTXSID70658234 DTXSID80723543 DTXSID00559664 DTXSID30754024 DTXSID40585927 DTXSID6044858 DTXSID40365226
DTXSID60876324	DTXSID60550556 DTXSID70419125 DTXSID40170039 DTXSID80420702 DTXSID90624532 DTXSID10537635 DTXSID30615166 DTXSID20274988 DTXSID80181841 DTXSID60302395 DTXSID00810328 DTXSID50517234 DTXSID10786282 DTXSID70794227 DTXSID60177348 DTXSID8047509 DTXSID30444296 DTXSID00702794 DTXSID70802775 DTXSID90344526
DTXSID90750769	DTXSID10600494 DTXSID60523528 DTXSID50476377 DTXSID70193216 DTXSID00523527 DTXSID30639049 DTXSID30850858 DTXSID20523529 DTXSID40523526 DTXSID50479464 DTXSID30766546 DTXSID20297955 DTXSID80806628 DTXSID80766713 DTXSID10241806 DTXSID40739943 DTXSID10851661 DTXSID70765735 DTXSID20565303 DTXSID30848932
DTXSID50618174	DTXSID80480780 DTXSID30747895 DTXSID00858129 DTXSID20285195 DTXSID10512301 DTXSID90669645 DTXSID70170209 DTXSID80742936 DTXSID40359589 DTXSID00651975 DTXSID60533187 DTXSID50408597 DTXSID90375653 DTXSID60661131 DTXSID70409389 DTXSID80402669 DTXSID10364125 DTXSID90696739 DTXSID10621083 DTXSID80395209
DTXSID10212475	DTXSID60744251 DTXSID20315027 DTXSID90394783 DTXSID00673753 DTXSID20587585 DTXSID7057658 DTXSID40195484 DTXSID40338899 DTXSID70751153 DTXSID20808909 DTXSID50704849 DTXSID80763666 DTXSID60732693 DTXSID00707800 DTXSID90242250 DTXSID20393587 DTXSID60391663 DTXSID60700236 DTXSID00508677 DTXSID90535912
DTXSID80743286	DTXSID20569260 DTXSID00651930 DTXSID60432868 DTXSID40511105 DTXSID30402356 DTXSID80392859 DTXSID00357142 DTXSID20640220 DTXSID40504178 DTXSID20801152 DTXSID70291822 DTXSID10160907 DTXSID50561439 DTXSID20464706 DTXSID70503573 DTXSID70733212 DTXSID70551236 DTXSID30628054 DTXSID60876905 DTXSID90191875
DTXSID80338050	DTXSID90619786 DTXSID30146203 DTXSID00887737 DTXSID80759781 DTXSID00432064 DTXSID10658859 DTXSID0062896 DTXSID50753837 DTXSID80816363 DTXSID00432089 DTXSID30769931 DTXSID70340864 DTXSID20184573 DTXSID70241241 DTXSID5068237 DTXSID90240731 DTXSID20889036 DTXSID5070602 DTXSID10605267 DTXSID00647136
DTXSID40340250	DTXSID00576694 DTXSID40786952 DTXSID50602699 DTXSID10820953 DTXSID90238173 DTXSID20612189 DTXSID10876652 DTXSID70296791 DTXSID10558300 DTXSID90284453 DTXSID60648740 DTXSID20578493 DTXSID80456122 DTXSID60172090 DTXSID10672419 DTXSID10455688 DTXSID90224076 DTXSID40174976 DTXSID40415351 DTXSID30510687
DTXSID00355800	DTXSID70652898 DTXSID30544482 DTXSID80463679 DTXSID90390240 DTXSID40852686 DTXSID60560913 DTXSID20509580 DTXSID70582368 DTXSID90473103 DTXSID70341093 DTXSID70541990 DTXSID50624255 DTXSID40210247 DTXSID00727482 DTXSID10539896 DTXSID50508400 DTXSID10556407 DTXSID40192433 DTXSID6033241 DTXSID50518867
DTXSID10879603	DTXSID90674456 DTXSID00876464 DTXSID00730234 DTXSID10814130 DTXSID1073367 DTXSID20596511 DTXSID20812723 DTXSID00366613 DTXSID60225090 DTXSID40876463 DTXSID90517016 DTXSID20459172 DTXSID40750774 DTXSID50369891 DTXSID50367973 DTXSID20493056 DTXSID00512653 DTXSID00408603 DTXSID40649518 DTXSID10500445
DTXSID40566796	DTXSID60658283 DTXSID80320551 DTXSID70559595 DTXSID30874256 DTXSID40760656 DTXSID90585659 DTXSID20805392 DTXSID30772304 DTXSID30318408 DTXSID70317233 DTXSID20222681 DTXSID50739176 DTXSID70327438 DTXSID90847724 DTXSID80633850 DTXSID10718306 DTXSID00494167 DTXSID60446566 DTXSID70412616 DTXSID60227594
DTXSID00794972	DTXSID00625252 DTXSID90283522 DTXSID60880764 DTXSID00819290 DTXSID40455499 DTXSID60813436 DTXSID00770579 DTXSID40773347 DTXSID40838642 DTXSID40462365 DTXSID20535622 DTXSID30408717 DTXSID80783304 DTXSID00340731 DTXSID90719593 DTXSID90782323 DTXSID20557243 DTXSID10770565 DTXSID10462332 DTXSID90286816
DTXSID10278713	DTXSID40167969 DTXSID90457963 DTXSID70623684 DTXSID60554776 DTXSID70879543 DTXSID00839498 DTXSID90550105 DTXSID10160386 DTXSID90875966 DTXSID80279772 DTXSID70556342 DTXSID00846006 DTXSID20327024 DTXSID40237176 DTXSID80349606 DTXSID50729870 DTXSID40649795 DTXSID60358195 DTXSID90668471 DTXSID60559382
DTXSID30402492	DTXSID90553656 DTXSID00162071 DTXSID90166301 DTXSID40356538 DTXSID50398429 DTXSID20340490 DTXSID20516815 DTXSID50524827 DTXSID00483778 DTXSID50651006 DTXSID40296046 DTXSID20145200 DTXSID50277442 DTXSID50528446 DTXSID70874098 DTXSID80892809 DTXSID60172570 DTXSID60540114 DTXSID60766978 DTXSID10502308
DTXSID70573993	DTXSID50482458 DTXSID90426058 DTXSID40427974 DTXSID10544889 DTXSID30489122 DTXSID00442688 DTXSID00645879 DTXSID10640512 DTXSID70528403 DTXSID30451763 DTXSID60505389 DTXSID00186010 DTXSID40397623 DTXSID10221865 DTXSID40722618 DTXSID10824299 DTXSID20579586 DTXSID80509708 DTXSID40576875 DTXSID00298647
DTXSID50328963	DTXSID10223001 DTXSID90237247 DTXSID70589791 DTXSID90613002 DTXSID30342460 DTXSID30424634 DTXSID80561528 DTXSID20808020 DTXSID40504198 DTXSID10378500 DTXSID70537510 DTXSID30332528 DTXSID40579149 DTXSID70305776 DTXSID00406523 DTXSID50640314 DTXSID00442784 DTXSID8068171 DTXSID50315570 DTXSID40776999
DTXSID00371969	DTXSID60173527 DTXSID10313537 DTXSID10513631 DTXSID60299094 DTXSID40352676 DTXSID3071278 DTXSID30321194 DTXSID50586440 DTXSID20564316 DTXSID70665004 DTXSID90794481 DTXSID10656012 DTXSID20460561 DTXSID60588177 DTXSID70588108 DTXSID40617772 DTXSID30356906 DTXSID90788820 DTXSID70291064 DTXSID60700534
DTXSID10558300	DTXSID20677536 DTXSID70186380 DTXSID10876652 DTXSID00447830 DTXSID00576694 DTXSID40415351 DTXSID90767216 DTXSID60172090 DTXSID4059251 DTXSID10188005 DTXSID40786952 DTXSID90794901 DTXSID10672419 DTXSID70296791 DTXSID40340250 DTXSID30175174 DTXSID00588297 DTXSID30806976 DTXSID10455688 DTXSID90383879
DTXSID50341511	DTXSID7069023 DTXSID40382796 DTXSID90390604 DTXSID10191478 DTXSID80357468 DTXSID20211873 DTXSID10808413 DTXSID60703727 DTXSID70143731 DTXSID70751971 DTXSID50707895 DTXSID50847088 DTXSID00587583 DTXSID30816550 DTXSID70176408 DTXSID20582919 DTXSID40815312 DTXSID40544695 DTXSID70283000 DTXSID80768717
DTXSID90794628	DTXSID60161040 DTXSID60875812 DTXSID30789432 DTXSID90312927 DTXSID70889001 DTXSID40877197 DTXSID40376130 DTXSID00877198 DTXSID30791999 DTXSID70607767 DTXSID30317294 DTXSID10896395 DTXSID60896426 DTXSID3072242 DTXSID30889002 DTXSID90222451 DTXSID60896042 DTXSID00430101 DTXSID30427322 DTXSID40698521
DTXSID40350132	DTXSID90625943 DTXSID10593776 DTXSID80320773 DTXSID80626883 DTXSID90613289 DTXSID10645244 DTXSID90419162 DTXSID60671114 DTXSID20595680 DTXSID00622620 DTXSID20646308 DTXSID80228902 DTXSID60592557 DTXSID70489803 DTXSID90331274 DTXSID70444331 DTXSID60695037 DTXSID10533314 DTXSID10336307 DTXSID60415535
DTXSID10301010	DTXSID00796355 DTXSID20642042 DTXSID00816845 DTXSID10864690 DTXSID80729641 DTXSID30839224 DTXSID90675226 DTXSID80206381 DTXSID30850116 DTXSID80852948 DTXSID90819188 DTXSID60283413 DTXSID4041232 DTXSID40573485 DTXSID80399161 DTXSID30674854 DTXSID90888152 DTXSID00732511 DTXSID60816588 DTXSID80733465
DTXSID90847486	DTXSID90565294 DTXSID90536565 DTXSID90277789 DTXSID30753395 DTXSID20503927 DTXSID90375214 DTXSID10391618 DTXSID10682199 DTXSID80660707 DTXSID50528269 DTXSID70487304 DTXSID60761685 DTXSID20229796 DTXSID50170787 DTXSID50693663 DTXSID90328629 DTXSID10599056 DTXSID60606582 DTXSID70565833 DTXSID30463806
DTXSID20631173	DTXSID70708046 DTXSID00425214 DTXSID00323105 DTXSID40352752 DTXSID90782383 DTXSID40801432 DTXSID40666346 DTXSID20857598 DTXSID90354903 DTXSID00531041 DTXSID20354971 DTXSID00567820 DTXSID80199264 DTXSID40784357 DTXSID10211645 DTXSID00145708 DTXSID90629724 DTXSID70283828 DTXSID80284008 DTXSID80768257
DTXSID60850189	DTXSID30316929 DTXSID40771787 DTXSID80798099 DTXSID30451107 DTXSID10418177 DTXSID40781063 DTXSID30528282 DTXSID70327857 DTXSID60325842 DTXSID10797611 DTXSID90772825 DTXSID90773276 DTXSID80873118 DTXSID90638174 DTXSID90444555 DTXSID10337657 DTXSID10769772 DTXSID00770211 DTXSID80789543 DTXSID80526096
DTXSID90415609	DTXSID70746584 DTXSID40615076 DTXSID50830455 DTXSID40329005 DTXSID70895420 DTXSID4072813 DTXSID10829820 DTXSID90577150 DTXSID4057716 DTXSID80315841 DTXSID50275680 DTXSID50240176 DTXSID40766118 DTXSID90762382 DTXSID80833590 DTXSID20873839 DTXSID60826127 DTXSID30415608 DTXSID00575607 DTXSID50226339
DTXSID30612519	DTXSID40374510 DTXSID50709551 DTXSID00749265 DTXSID20403978 DTXSID00613750 DTXSID30418639 DTXSID90762589 DTXSID00441777 DTXSID40782439 DTXSID10828494 DTXSID90404174 DTXSID60460080 DTXSID7044689 DTXSID20161445 DTXSID50481946 DTXSID90443725 DTXSID00847053 DTXSID00603530 DTXSID90352303 DTXSID7044506
DTXSID40464884	DTXSID30362789 DTXSID10820291 DTXSID40523006 DTXSID80438903 DTXSID90397557 DTXSID30627547 DTXSID40677391 DTXSID80537829 DTXSID80501883 DTXSID60308998 DTXSID50535852 DTXSID70217345 DTXSID90729455 DTXSID60341340 DTXSID30678498 DTXSID50560684 DTXSID70276876 DTXSID00380238 DTXSID00303922 DTXSID30157839
DTXSID80694421	DTXSID20337542 DTXSID70532141 DTXSID50590547 DTXSID00344971 DTXSID30559278 DTXSID80430144 DTXSID70526803 DTXSID60236000 DTXSID20284800 DTXSID60725005 DTXSID30293963 DTXSID40854049 DTXSID00680048 DTXSID60364099 DTXSID40592792 DTXSID20896169 DTXSID20696949 DTXSID40222108 DTXSID90182107 DTXSID30625048
DTXSID80450948	DTXSID20495494 DTXSID60481437 DTXSID40791748 DTXSID30525231 DTXSID80552279 DTXSID40534915 DTXSID10510948 DTXSID00814942 DTXSID30524340 DTXSID10472219 DTXSID70449765 DTXSID30346509 DTXSID4062519 DTXSID50637769 DTXSID30639589 DTXSID00551027 DTXSID90464854 DTXSID10198806 DTXSID10627181 DTXSID60228420
DTXSID00410983	DTXSID80381026 DTXSID00506799 DTXSID3041297 DTXSID10734783 DTXSID00748011 DTXSID70670057 DTXSID80299394 DTXSID40278640 DTXSID00442188 DTXSID10708424 DTXSID70762047 DTXSID50600110 DTXSID20293093 DTXSID90380404 DTXSID80813019 DTXSID60154331 DTXSID20548313 DTXSID10728889 DTXSID30788642 DTXSID20352412
DTXSID50186363	DTXSID10511314 DTXSID00823892 DTXSID70613267 DTXSID80580734 DTXSID0041773 DTXSID00468540 DTXSID40195106 DTXSID80646384 DTXSID10856212 DTXSID60646307 DTXSID90670291 DTXSID50605887 DTXSID60547421 DTXSID10609124 DTXSID40398938 DTXSID20629893 DTXSID9021394 DTXSID70177935 DTXSID40319300 DTXSID70743659
DTXSID50289404	DTXSID20745486 DTXSID00768219 DTXSID70888296 DTXSID70793856 DTXSID50499107 DTXSID10764146 DTXSID00887474 DTXSID10784127 DTXSID0072776 DTXSID10826637 DTXSID70762244 DTXSID70177359 DTXSID60241194 DTXSID8027872 DTXSID40873937 DTXSID60873939 DTXSID00841374 DTXSID6044802 DTXSID20797061 DTXSID70867364
DTXSID10202078	DTXSID20405593 DTXSID00467412 DTXSID20622086 DTXSID10622999 DTXSID70487647 DTXSID30428359 DTXSID90762483 DTXSID40549529 DTXSID30153356 DTXSID30418917 DTXSID60771643 DTXSID70197592 DTXSID1046506 DTXSID90618678 DTXSID10716180 DTXSID00218749 DTXSID90279182 DTXSID50512269 DTXSID40615596 DTXSID20430688
DTXSID50589815	DTXSID30590308 DTXSID50149857 DTXSID50709091 DTXSID30331379 DTXSID80180894 DTXSID50833527 DTXSID80488645 DTXSID50345716 DTXSID70754826 DTXSID20285670 DTXSID60462105 DTXSID90570287 DTXSID40309701 DTXSID10606552 DTXSID50196028 DTXSID60840166 DTXSID60621654 DTXSID10794963 DTXSID10706283 DTXSID90649245
DTXSID70495863	DTXSID60640062 DTXSID60281555 DTXSID60769580 DTXSID60656749 DTXSID00609077 DTXSID00182971 DTXSID50436431 DTXSID90799638 DTXSID30649502 DTXSID50355557 DTXSID80238203 DTXSID10865142 DTXSID00539461 DTXSID50558329 DTXSID40404068 DTXSID50552847 DTXSID60369660 DTXSID70612538 DTXSID70283005 DTXSID80668581
DTXSID70765391	DTXSID80484561 DTXSID20159786 DTXSID90833162 DTXSID10294857 DTXSID80357468 DTXSID7069023 DTXSID40440103 DTXSID70283000 DTXSID10191478 DTXSID50724466 DTXSID90390604 DTXSID10852996 DTXSID00587583 DTXSID30346908 DTXSID90463827 DTXSID2058122 DTXSID00719160 DTXSID70621488 DTXSID80287832 DTXSID10516763
DTXSID90723953	DTXSID10843167 DTXSID00866926 DTXSID40637430 DTXSID20336777 DTXSID70574283 DTXSID50469188 DTXSID40662500 DTXSID20701062 DTXSID90693561 DTXSID30400357 DTXSID20797647 DTXSID20719162 DTXSID50214771 DTXSID30294197 DTXSID90278413 DTXSID10744741 DTXSID30155633 DTXSID60430268 DTXSID50816451 DTXSID40148874
DTXSID80819470	DTXSID7029372 DTXSID00802844 DTXSID70678311 DTXSID40487235 DTXSID90286755 DTXSID20522476 DTXSID40493593 DTXSID10309314 DTXSID80369228 DTXSID00321702 DTXSID50491904 DTXSID70554621 DTXSID60341603 DTXSID3073719 DTXSID10435480 DTXSID90222719 DTXSID80534131 DTXSID50451407 DTXSID40526577 DTXSID30847288
DTXSID80726913	DTXSID30650077 DTXSID60897211 DTXSID00532730 DTXSID20444104 DTXSID00491272 DTXSID50561611 DTXSID80675154 DTXSID90791516 DTXSID80431853 DTXSID70704543 DTXSID70283207 DTXSID50415004 DTXSID70427821 DTXSID40279359 DTXSID80195726 DTXSID10174761 DTXSID30389739 DTXSID90150427 DTXSID90504401 DTXSID50186702
DTXSID40433398	DTXSID90294173 DTXSID70473525 DTXSID30241545 DTXSID00392376 DTXSID70693443 DTXSID20496845 DTXSID80760019 DTXSID60820125 DTXSID30483029 DTXSID70652439 DTXSID00656147 DTXSID30876114 DTXSID90379459 DTXSID10569931 DTXSID80772798 DTXSID00721061 DTXSID80501883 DTXSID30667468 DTXSID80537829 DTXSID30344606
DTXSID10762622	DTXSID80879473 DTXSID10354788 DTXSID60160179 DTXSID70812718 DTXSID50352288 DTXSID90301679 DTXSID00748632 DTXSID80232569 DTXSID20488649 DTXSID20559469 DTXSID70891588 DTXSID80468664 DTXSID6070435 DTXSID40809650 DTXSID90521855 DTXSID90163234 DTXSID20279130 DTXSID80736431 DTXSID70599113 DTXSID60327023
DTXSID30313034	DTXSID30818574 DTXSID60368299 DTXSID60695476 DTXSID70835922 DTXSID90624976 DTXSID90182288 DTXSID50404332 DTXSID00697813 DTXSID90578445 DTXSID80577280 DTXSID30632272 DTXSID30757297 DTXSID60209350 DTXSID50680679 DTXSID30201705 DTXSID20450149 DTXSID10380608 DTXSID70642456 DTXSID20547043 DTXSID50607326
DTXSID90845265	DTXSID50455440 DTXSID60344396 DTXSID50682239 DTXSID70637802 DTXSID80678185 DTXSID10463425 DTXSID80618687 DTXSID70447286 DTXSID00408825 DTXSID90763758 DTXSID10175637 DTXSID60363224 DTXSID30651367 DTXSID70835068 DTXSID70606674 DTXSID20657292 DTXSID90395215 DTXSID50354606 DTXSID30290033 DTXSID90741551
DTXSID50374804	DTXSID40706150 DTXSID50354621 DTXSID10305598 DTXSID90443664 DTXSID90743974 DTXSID70392484 DTXSID10316184 DTXSID70145831 DTXSID00696205 DTXSID30760367 DTXSID90742528 DTXSID70449649 DTXSID30585375 DTXSID90407241 DTXSID60385961 DTXSID00536894 DTXSID10170304 DTXSID30460875 DTXSID10483385 DTXSID80155062
DTXSID00816724	DTXSID20443455 DTXSID60816740 DTXSID60797944 DTXSID90825320 DTXSID60746876 DTXSID90445481 DTXSID70531336 DTXSID10825483 DTXSID50816739 DTXSID40816743 DTXSID70507091 DTXSID20203379 DTXSID70325893 DTXSID60513909 DTXSID70545211 DTXSID50568185 DTXSID80742456 DTXSID00816744 DTXSID30816737 DTXSID00542970
DTXSID60427815	DTXSID10391274 DTXSID00576634 DTXSID90571239 DTXSID20432561 DTXSID50170020 DTXSID40634126 DTXSID30583295 DTXSID10642071 DTXSID80573368 DTXSID30799096 DTXSID8060298 DTXSID40407716 DTXSID80482123 DTXSID70553659 DTXSID20646787 DTXSID50624477 DTXSID10181718 DTXSID20580753 DTXSID10508668 DTXSID00241638
DTXSID00281054	DTXSID50372082 DTXSID20429017 DTXSID40444308 DTXSID40593845 DTXSID80291934 DTXSID20534998 DTXSID40520530 DTXSID70619067 DTXSID90574381 DTXSID40808289 DTXSID10506922 DTXSID80378471 DTXSID30672274 DTXSID80492207 DTXSID20509202 DTXSID00769246 DTXSID20431074 DTXSID80728891 DTXSID50629068 DTXSID10661166
DTXSID70514624	DTXSID00341086 DTXSID30410198 DTXSID50399370 DTXSID60681854 DTXSID50281226 DTXSID00374536 DTXSID20774958 DTXSID40415492 DTXSID90208553 DTXSID80791282 DTXSID90473522 DTXSID80369369 DTXSID50542445 DTXSID20562958 DTXSID50345554 DTXSID00614525 DTXSID30307175 DTXSID40311824 DTXSID50604451 DTXSID6062672
DTXSID70383670	DTXSID40693273 DTXSID4068533 DTXSID70618696 DTXSID30234336 DTXSID40751706 DTXSID90439542 DTXSID90819865 DTXSID70876072 DTXSID20364156 DTXSID50290813 DTXSID90668739 DTXSID60206102 DTXSID70431468 DTXSID10167254 DTXSID20739168 DTXSID70424335 DTXSID90843903 DTXSID90694952 DTXSID90708402 DTXSID50425981
DTXSID20327483	DTXSID40351780 DTXSID00175141 DTXSID10696317 DTXSID40588251 DTXSID80175942 DTXSID60172398 DTXSID40567809 DTXSID70734148 DTXSID9047095 DTXSID00620020 DTXSID10510680 DTXSID00673733 DTXSID80640529 DTXSID20539948 DTXSID9022100 DTXSID30368600 DTXSID10592481 DTXSID90736028 DTXSID60614763 DTXSID30308384
DTXSID00346738	DTXSID20449876 DTXSID90590243 DTXSID70297602 DTXSID50600332 DTXSID80448244 DTXSID30757070 DTXSID10482636 DTXSID90477409 DTXSID30222273 DTXSID50174083 DTXSID00225771 DTXSID00186636 DTXSID40298348 DTXSID90152446 DTXSID10808953 DTXSID70276634 DTXSID60716493 DTXSID80201174 DTXSID40708275 DTXSID70877089
DTXSID60812404	DTXSID60283579 DTXSID30474452 DTXSID00774698 DTXSID60620061 DTXSID60787562 DTXSID90177598 DTXSID90668794 DTXSID30339597 DTXSID50722124 DTXSID50377476 DTXSID40889316 DTXSID70240254 DTXSID2068424 DTXSID50757613 DTXSID40397845 DTXSID90243843 DTXSID20829639 DTXSID20697451 DTXSID30825243 DTXSID30541254
DTXSID40484168	DTXSID3048316 DTXSID70195316 DTXSID10185079 DTXSID90602714 DTXSID80384572 DTXSID60328237 DTXSID2073720 DTXSID40295377 DTXSID90853663 DTXSID10756521 DTXSID90310140 DTXSID70297561 DTXSID40891611 DTXSID6046264 DTXSID90803582 DTXSID70224791 DTXSID90223180 DTXSID00386558 DTXSID50447744 DTXSID20345869
DTXSID10284657	DTXSID10848359 DTXSID70599971 DTXSID00560977 DTXSID70460238 DTXSID00887636 DTXSID30213626 DTXSID00631297 DTXSID20670305 DTXSID50421640 DTXSID70305776 DTXSID40388536 DTXSID30332528 DTXSID40822687 DTXSID40289039 DTXSID30663066 DTXSID00331164 DTXSID40775609 DTXSID30392965 DTXSID00603732 DTXSID80598470
DTXSID80354750	DTXSID60573200 DTXSID30600355 DTXSID70629489 DTXSID40324171 DTXSID30668051 DTXSID20351228 DTXSID10876213 DTXSID50538580 DTXSID00625535 DTXSID50325992 DTXSID60501705 DTXSID20182216 DTXSID10380986 DTXSID50671709 DTXSID70315976 DTXSID80625119 DTXSID60674125 DTXSID00857657 DTXSID50684233 DTXSID40144179
DTXSID30561699	DTXSID40896121 DTXSID00353104 DTXSID70446597 DTXSID70447701 DTXSID40195121 DTXSID50388582 DTXSID80354275 DTXSID80698227 DTXSID10288332 DTXSID50812190 DTXSID60351601 DTXSID30579759 DTXSID70742783 DTXSID40222542 DTXSID50743511 DTXSID30343058 DTXSID40551667 DTXSID40670701 DTXSID90402756 DTXSID80639958
DTXSID80394919	DTXSID80594452 DTXSID70515318 DTXSID00401154 DTXSID60770393 DTXSID80568138 DTXSID90519151 DTXSID90844430 DTXSID90577271 DTXSID80648545 DTXSID10669849 DTXSID00864907 DTXSID10693124 DTXSID00655433 DTXSID80177047 DTXSID00651056 DTXSID80539823 DTXSID5021625 DTXSID00667591 DTXSID90632258 DTXSID80175169
DTXSID40243196	DTXSID50390706 DTXSID60277534 DTXSID70819621 DTXSID50160981 DTXSID90570287 DTXSID40309701 DTXSID30199370 DTXSID90553131 DTXSID70567079 DTXSID00430025 DTXSID20428464 DTXSID40243434 DTXSID60702573 DTXSID10606552 DTXSID60292449 DTXSID70730145 DTXSID70743614 DTXSID20285670 DTXSID70810274 DTXSID80180894
DTXSID80302716	DTXSID70304724 DTXSID80539823 DTXSID90587653 DTXSID80175169 DTXSID90844430 DTXSID40833733 DTXSID90399319 DTXSID00667591 DTXSID00341006 DTXSID90632258 DTXSID20501347 DTXSID10311699 DTXSID10489847 DTXSID30667261 DTXSID20633798 DTXSID80506277 DTXSID00401154 DTXSID40361622 DTXSID40815675 DTXSID30738485
DTXSID90289180	DTXSID30354361 DTXSID9057680 DTXSID60742252 DTXSID20834965 DTXSID5041190 DTXSID50707759 DTXSID80554157 DTXSID10829527 DTXSID90696310 DTXSID90453768 DTXSID70443026 DTXSID00719266 DTXSID10144383 DTXSID50835107 DTXSID60649439 DTXSID10834858 DTXSID1025693 DTXSID90824055 DTXSID60635918 DTXSID30595277
DTXSID90520141	DTXSID40541644 DTXSID60378590 DTXSID40706014 DTXSID5069912 DTXSID10569931 DTXSID30718065 DTXSID20163722 DTXSID10495246 DTXSID00553187 DTXSID00637734 DTXSID30589813 DTXSID70594865 DTXSID10345757 DTXSID90456951 DTXSID40724415 DTXSID40449691 DTXSID80772798 DTXSID70158284 DTXSID60402369 DTXSID70353237
DTXSID60187083	DTXSID30843644 DTXSID80656180 DTXSID50304707 DTXSID00730012 DTXSID20325065 DTXSID20708955 DTXSID10224533 DTXSID50646755 DTXSID2071071 DTXSID20879472 DTXSID70667604 DTXSID90597717 DTXSID90840538 DTXSID80613192 DTXSID80613172 DTXSID20656063 DTXSID50366168 DTXSID50214857 DTXSID70326042 DTXSID20834086
DTXSID90445022	DTXSID60499097 DTXSID20675239 DTXSID10647309 DTXSID20554217 DTXSID60471398 DTXSID20454682 DTXSID80238102 DTXSID60887995 DTXSID20805731 DTXSID50423907 DTXSID6070560 DTXSID20525381 DTXSID40820608 DTXSID90284610 DTXSID80639059 DTXSID20737725 DTXSID60834161 DTXSID70502400 DTXSID50858836 DTXSID80399161
DTXSID50427945	DTXSID20667790 DTXSID60668726 DTXSID70353035 DTXSID30175614 DTXSID30240972 DTXSID00372794 DTXSID50590582 DTXSID20324558 DTXSID90337312 DTXSID70400710 DTXSID90506460 DTXSID80772011 DTXSID80470368 DTXSID60396875 DTXSID30607723 DTXSID90401582 DTXSID40513705 DTXSID10215002 DTXSID30146309 DTXSID40456507
DTXSID40509345	DTXSID00210869 DTXSID50418656 DTXSID40459179 DTXSID60395247 DTXSID70631249 DTXSID70364282 DTXSID90350602 DTXSID70649208 DTXSID80600426 DTXSID90476876 DTXSID50843540 DTXSID00332196 DTXSID20812728 DTXSID70403362 DTXSID20191247 DTXSID10472193 DTXSID90738764 DTXSID70313634 DTXSID20509762 DTXSID80696107
DTXSID00853295	DTXSID50774446 DTXSID70274817 DTXSID6039685 DTXSID70781576 DTXSID80821492 DTXSID8070417 DTXSID90591033 DTXSID60730634 DTXSID60561925 DTXSID0075027 DTXSID60243779 DTXSID00769261 DTXSID30578202 DTXSID90706463 DTXSID10648912 DTXSID50724507 DTXSID60146670 DTXSID30821189 DTXSID80284205 DTXSID80853470
DTXSID80588154	DTXSID60537100 DTXSID40420561 DTXSID00755947 DTXSID90408415 DTXSID20738797 DTXSID60278708 DTXSID90530760 DTXSID40552573 DTXSID80657213 DTXSID50713451 DTXSID60544819 DTXSID50618790 DTXSID30618773 DTXSID10511778 DTXSID70876097 DTXSID10630059 DTXSID70317253 DTXSID40430408 DTXSID00656980 DTXSID70590307
DTXSID20738797	DTXSID70317253 DTXSID80588154 DTXSID10630059 DTXSID60544819 DTXSID00755947 DTXSID90530760 DTXSID60537100 DTXSID90408415 DTXSID70876097 DTXSID40420561 DTXSID70502324 DTXSID40876064 DTXSID50618790 DTXSID80657213 DTXSID10511778 DTXSID40552573 DTXSID60278708 DTXSID10772064 DTXSID40430408 DTXSID30618773
DTXSID10206612	DTXSID1041398 DTXSID70276578 DTXSID30528040 DTXSID20210280 DTXSID60276426 DTXSID30714603 DTXSID40659197 DTXSID50828135 DTXSID30609742 DTXSID00884246 DTXSID30336900 DTXSID10503471 DTXSID70805761 DTXSID00710076 DTXSID90771570 DTXSID6069826 DTXSID30819268 DTXSID00892301 DTXSID3067231 DTXSID30300722
DTXSID80647376	DTXSID20376158 DTXSID80722556 DTXSID40896727 DTXSID10303817 DTXSID20284688 DTXSID30816914 DTXSID50704006 DTXSID70585475 DTXSID70640932 DTXSID10143472 DTXSID90387731 DTXSID60550516 DTXSID50615385 DTXSID50161635 DTXSID00338355 DTXSID10377573 DTXSID20730756 DTXSID90325830 DTXSID10618478 DTXSID90161639
DTXSID70156705	DTXSID60823116 DTXSID50793213 DTXSID0047088 DTXSID50735552 DTXSID50728580 DTXSID00541322 DTXSID30411862 DTXSID40373523 DTXSID90894031 DTXSID00699594 DTXSID30434995 DTXSID80424169 DTXSID20625113 DTXSID00145682 DTXSID80640842 DTXSID80756235 DTXSID10314887 DTXSID30743135 DTXSID70303631 DTXSID10401781
DTXSID20708955	DTXSID20325065 DTXSID20879472 DTXSID30843644 DTXSID80613172 DTXSID90584703 DTXSID50304707 DTXSID60187083 DTXSID2071071 DTXSID00712035 DTXSID6058972 DTXSID90597717 DTXSID50646755 DTXSID70667604 DTXSID10735396 DTXSID80656180 DTXSID50214857 DTXSID10224533 DTXSID70326042 DTXSID80613192 DTXSID60284925
DTXSID40663532	DTXSID30566624 DTXSID00373721 DTXSID00440467 DTXSID3044918 DTXSID00480065 DTXSID60475730 DTXSID80348497 DTXSID80655638 DTXSID50302763 DTXSID30418775 DTXSID80498486 DTXSID30811020 DTXSID30554167 DTXSID40613335 DTXSID50853725 DTXSID20835912 DTXSID80485831 DTXSID00295277 DTXSID20506514 DTXSID70428712
DTXSID60571408	DTXSID0059081 DTXSID80627799 DTXSID10740400 DTXSID40493992 DTXSID00425279 DTXSID00313622 DTXSID70651745 DTXSID20229236 DTXSID00640667 DTXSID00615794 DTXSID00556597 DTXSID50355557 DTXSID80769224 DTXSID00363127 DTXSID50552847 DTXSID00539461 DTXSID60744312 DTXSID20817910 DTXSID80475393 DTXSID10796583
DTXSID00663053	DTXSID60768295 DTXSID80561381 DTXSID00323882 DTXSID00430464 DTXSID10345757 DTXSID70594865 DTXSID00553187 DTXSID60586219 DTXSID40724415 DTXSID90809004 DTXSID10489948 DTXSID90238799 DTXSID70606538 DTXSID50457540 DTXSID50847765 DTXSID40365761 DTXSID30617640 DTXSID20479512 DTXSID80876684 DTXSID40378694
DTXSID20879154	DTXSID50481325 DTXSID90664317 DTXSID50594348 DTXSID20427937 DTXSID40287813 DTXSID50454276 DTXSID30889784 DTXSID60696529 DTXSID70388408 DTXSID00645374 DTXSID90884376 DTXSID30876412 DTXSID70729352 DTXSID80503569 DTXSID00312413 DTXSID90510688 DTXSID50595274 DTXSID30191596 DTXSID30532480 DTXSID60813572
DTXSID30553978	DTXSID50300042 DTXSID50351094 DTXSID00728974 DTXSID60649212 DTXSID20307225 DTXSID60819953 DTXSID70741615 DTXSID50652836 DTXSID8047509 DTXSID90429206 DTXSID8059007 DTXSID00372618 DTXSID30661188 DTXSID80551161 DTXSID60177348 DTXSID10363476 DTXSID50421786 DTXSID50517234 DTXSID70561754 DTXSID10398268
DTXSID40316117	DTXSID70527118 DTXSID20629777 DTXSID00744871 DTXSID70614431 DTXSID70526065 DTXSID50521457 DTXSID10163594 DTXSID20237477 DTXSID60425230 DTXSID30378148 DTXSID70192805 DTXSID30825445 DTXSID80305424 DTXSID90385974 DTXSID70232093 DTXSID20703682 DTXSID60333109 DTXSID40815675 DTXSID80506277 DTXSID40460846
DTXSID70697481	DTXSID70742102 DTXSID40747503 DTXSID70582085 DTXSID3063966 DTXSID90305298 DTXSID90762382 DTXSID70855781 DTXSID40766118 DTXSID60700236 DTXSID20393587 DTXSID60701965 DTXSID70732487 DTXSID8069648 DTXSID4057716 DTXSID90577150 DTXSID30620174 DTXSID30303192 DTXSID00745368 DTXSID10660816 DTXSID50275680
DTXSID80740250	DTXSID30678938 DTXSID50512269 DTXSID30521950 DTXSID10618519 DTXSID10716180 DTXSID30428359 DTXSID10622999 DTXSID40199841 DTXSID00356392 DTXSID10393657 DTXSID20406202 DTXSID90695323 DTXSID60588576 DTXSID70735690 DTXSID30591214 DTXSID20368194 DTXSID50697429 DTXSID60739526 DTXSID50631606 DTXSID60879411
DTXSID80613657	DTXSID20287831 DTXSID70159913 DTXSID20144556 DTXSID20735842 DTXSID80781542 DTXSID80763020 DTXSID80444544 DTXSID00331427 DTXSID60769626 DTXSID60812121 DTXSID40279031 DTXSID50858831 DTXSID60566011 DTXSID10769772 DTXSID80526096 DTXSID00847114 DTXSID80878082 DTXSID00770211 DTXSID10509216 DTXSID40813393
DTXSID40674047	DTXSID50653984 DTXSID10673926 DTXSID50888532 DTXSID30560844 DTXSID60796033 DTXSID80783400 DTXSID30520463 DTXSID30497308 DTXSID10479400 DTXSID50290732 DTXSID70737932 DTXSID20392636 DTXSID20826289 DTXSID10241008 DTXSID90401769 DTXSID30612413 DTXSID60522172 DTXSID00403214 DTXSID80792577 DTXSID10772044
DTXSID90793535	DTXSID70597735 DTXSID0061327 DTXSID70813427 DTXSID30177557 DTXSID00503783 DTXSID30371457 DTXSID00277376 DTXSID70235529 DTXSID70757877 DTXSID80214082 DTXSID50400551 DTXSID80439612 DTXSID50181656 DTXSID70873662 DTXSID20605314 DTXSID40452741 DTXSID70276593 DTXSID50818157 DTXSID70299444 DTXSID00469355
DTXSID90570323	DTXSID00767909 DTXSID70612250 DTXSID90842471 DTXSID80493638 DTXSID00530115 DTXSID60441410 DTXSID30752484 DTXSID60877336 DTXSID40632869 DTXSID60743481 DTXSID80431070 DTXSID20442807 DTXSID20651114 DTXSID20504116 DTXSID70354880 DTXSID90339654 DTXSID40286745 DTXSID70240254 DTXSID20642441 DTXSID40781200
DTXSID20636340	DTXSID00377885 DTXSID30405488 DTXSID50375432 DTXSID20572759 DTXSID10845207 DTXSID40396237 DTXSID20707923 DTXSID80187787 DTXSID80704312 DTXSID40279773 DTXSID90235405 DTXSID9058155 DTXSID90320648 DTXSID40535245 DTXSID20453352 DTXSID50848459 DTXSID10463324 DTXSID20222383 DTXSID20655394 DTXSID50879743
DTXSID40329449	DTXSID40199745 DTXSID70490090 DTXSID10528402 DTXSID80478086 DTXSID10801287 DTXSID10176321 DTXSID40819592 DTXSID10705918 DTXSID80542993 DTXSID90359377 DTXSID80808208 DTXSID60364059 DTXSID10352582 DTXSID70837481 DTXSID00635816 DTXSID30639766 DTXSID30510329 DTXSID40668648 DTXSID90470930 DTXSID10213689
DTXSID20235433	DTXSID90510345 DTXSID70850630 DTXSID10406256 DTXSID70361650 DTXSID80494029 DTXSID80696364 DTXSID80670922 DTXSID30563335 DTXSID00151728 DTXSID7021366 DTXSID20191247 DTXSID50354060 DTXSID50662930 DTXSID10631864 DTXSID80784755 DTXSID30605128 DTXSID10743592 DTXSID40621798 DTXSID90702203 DTXSID00168679
DTXSID50601960	DTXSID50739813 DTXSID70694839 DTXSID40757627 DTXSID70214475 DTXSID40575409 DTXSID50630316 DTXSID30427584 DTXSID30356901 DTXSID20189700 DTXSID60170258 DTXSID80172734 DTXSID80563204 DTXSID90622311 DTXSID80418427 DTXSID60408361 DTXSID40495138 DTXSID70742607 DTXSID70288813 DTXSID80724191 DTXSID10816412
DTXSID80695776	DTXSID10650378 DTXSID40642226 DTXSID20781223 DTXSID10511354 DTXSID70353111 DTXSID90549170 DTXSID30409264 DTXSID70739012 DTXSID60542052 DTXSID40466085 DTXSID00363884 DTXSID90733638 DTXSID30400690 DTXSID80436888 DTXSID60193361 DTXSID00318455 DTXSID70589756 DTXSID30558488 DTXSID60222746 DTXSID10313815
DTXSID80883717	DTXSID50680477 DTXSID20514831 DTXSID80589580 DTXSID20841538 DTXSID10579015 DTXSID50509235 DTXSID10307537 DTXSID40504138 DTXSID10650333 DTXSID30157793 DTXSID50541579 DTXSID80391302 DTXSID40712115 DTXSID40545687 DTXSID50368647 DTXSID40517344 DTXSID90596028 DTXSID10285503 DTXSID20455836 DTXSID00511328
DTXSID30614917	DTXSID70879705 DTXSID70492352 DTXSID90670418 DTXSID50211245 DTXSID10614374 DTXSID90437447 DTXSID60642107 DTXSID80364511 DTXSID70554161 DTXSID40663259 DTXSID30275143 DTXSID70793598 DTXSID70290799 DTXSID00326459 DTXSID70180323 DTXSID60459171 DTXSID20318553 DTXSID00635871 DTXSID10594329 DTXSID80564074
DTXSID40722214	DTXSID00623359 DTXSID10560963 DTXSID60227615 DTXSID30363079 DTXSID10642192 DTXSID70572300 DTXSID60300674 DTXSID90580922 DTXSID40482427 DTXSID70594608 DTXSID90581772 DTXSID8040278 DTXSID80612226 DTXSID60372553 DTXSID30666870 DTXSID40463312 DTXSID70621620 DTXSID00657250 DTXSID90454937 DTXSID50671709
DTXSID00739141	DTXSID30646551 DTXSID60442068 DTXSID90403440 DTXSID30618536 DTXSID30725810 DTXSID60307643 DTXSID70650152 DTXSID40493270 DTXSID00211053 DTXSID40677533 DTXSID50283447 DTXSID70355690 DTXSID40626425 DTXSID80428006 DTXSID40390270 DTXSID60444305 DTXSID10557257 DTXSID90847123 DTXSID90594246 DTXSID00736695
DTXSID50389458	DTXSID30222415 DTXSID30709610 DTXSID00694620 DTXSID40466202 DTXSID20217613 DTXSID60828121 DTXSID90375774 DTXSID70274377 DTXSID40533160 DTXSID90556708 DTXSID00374899 DTXSID00676663 DTXSID80596173 DTXSID10555091 DTXSID00469355 DTXSID00156475 DTXSID60742111 DTXSID80647497 DTXSID20429870 DTXSID00382030
DTXSID80782413	DTXSID90388046 DTXSID60813077 DTXSID60671492 DTXSID00725605 DTXSID10439589 DTXSID40504491 DTXSID70664895 DTXSID1068229 DTXSID40446064 DTXSID90326600 DTXSID30511452 DTXSID70708324 DTXSID20656366 DTXSID20290961 DTXSID70202817 DTXSID50340165 DTXSID50520026 DTXSID10733074 DTXSID60742575 DTXSID80771185
DTXSID70243806	DTXSID40809372 DTXSID40494565 DTXSID40186074 DTXSID60463011 DTXSID10578240 DTXSID50851009 DTXSID60445433 DTXSID20323662 DTXSID40527741 DTXSID40322596 DTXSID40700032 DTXSID70278193 DTXSID50845665 DTXSID20280680 DTXSID40815115 DTXSID20880629 DTXSID00240863 DTXSID50788008 DTXSID60290364 DTXSID10482090
DTXSID60768134	DTXSID40674724 DTXSID50509992 DTXSID80655491 DTXSID70477482 DTXSID00597940 DTXSID40288860 DTXSID60875736 DTXSID20700217 DTXSID2068137 DTXSID70803782 DTXSID80725643 DTXSID30379473 DTXSID10506866 DTXSID80635011 DTXSID60542496 DTXSID00604345 DTXSID80553342 DTXSID50174189 DTXSID20173629 DTXSID10875923
DTXSID70672753	DTXSID20770410 DTXSID60320630 DTXSID70886858 DTXSID50896137 DTXSID40790019 DTXSID10685822 DTXSID90407221 DTXSID80465693 DTXSID00854560 DTXSID40596119 DTXSID40357580 DTXSID00201055 DTXSID60626321 DTXSID60798719 DTXSID60143023 DTXSID40310872 DTXSID90794320 DTXSID70668075 DTXSID10491980 DTXSID60551669
DTXSID00671936	DTXSID90626273 DTXSID30351057 DTXSID40585927 DTXSID80723543 DTXSID80648161 DTXSID60444305 DTXSID50729193 DTXSID90487361 DTXSID40857535 DTXSID40493270 DTXSID30754024 DTXSID6044858 DTXSID90602855 DTXSID30725810 DTXSID60671937 DTXSID10557257 DTXSID20168616 DTXSID90405606 DTXSID40626425 DTXSID70658234
DTXSID40334275	DTXSID80440647 DTXSID40758917 DTXSID80814102 DTXSID10198205 DTXSID90442410 DTXSID00411738 DTXSID20647693 DTXSID50406932 DTXSID70315971 DTXSID40593340 DTXSID40380277 DTXSID90462936 DTXSID10871440 DTXSID50190021 DTXSID00839751 DTXSID00669479 DTXSID20354870 DTXSID50585418 DTXSID70226290 DTXSID40474029
DTXSID30789432	DTXSID70889001 DTXSID60875812 DTXSID90312927 DTXSID40877197 DTXSID60161040 DTXSID90794628 DTXSID40376130 DTXSID30889002 DTXSID10896395 DTXSID60896042 DTXSID00430101 DTXSID30317294 DTXSID90222451 DTXSID30897546 DTXSID3072242 DTXSID00877198 DTXSID50523178 DTXSID20875813 DTXSID40876645 DTXSID40698521
DTXSID90552402	DTXSID60388351 DTXSID60424440 DTXSID90595591 DTXSID40299517 DTXSID90353012 DTXSID20441052 DTXSID00165183 DTXSID80143106 DTXSID30423223 DTXSID00600983 DTXSID70176387 DTXSID70291064 DTXSID30440298 DTXSID80597680 DTXSID30176383 DTXSID10840459 DTXSID00551229 DTXSID90341590 DTXSID90788820 DTXSID10739596
DTXSID80578333	DTXSID20383463 DTXSID80436883 DTXSID70549451 DTXSID80466206 DTXSID60883917 DTXSID30600895 DTXSID70792849 DTXSID60319948 DTXSID40775720 DTXSID10805644 DTXSID60340732 DTXSID80496346 DTXSID70479325 DTXSID70505077 DTXSID40440067 DTXSID70344842 DTXSID80585729 DTXSID70569078 DTXSID90517319 DTXSID20674247
DTXSID70346765	DTXSID40647397 DTXSID20280781 DTXSID20341664 DTXSID30297769 DTXSID70242536 DTXSID10783832 DTXSID60826960 DTXSID50737490 DTXSID80705607 DTXSID40341661 DTXSID30543410 DTXSID50792261 DTXSID10324880 DTXSID20741069 DTXSID80341660 DTXSID40336794 DTXSID10347973 DTXSID10892094 DTXSID70233808 DTXSID10511839
DTXSID80323547	DTXSID60159780 DTXSID20733227 DTXSID0070784 DTXSID90217423 DTXSID90328740 DTXSID70592149 DTXSID30392389 DTXSID00649599 DTXSID40163623 DTXSID40677331 DTXSID00596397 DTXSID70336909 DTXSID40751463 DTXSID70717870 DTXSID40556793 DTXSID90783517 DTXSID70396402 DTXSID20722459 DTXSID60747202 DTXSID50814391
DTXSID90634530	DTXSID60597325 DTXSID20144415 DTXSID80406844 DTXSID70808676 DTXSID00563342 DTXSID40531863 DTXSID20359360 DTXSID70197512 DTXSID60190097 DTXSID10343531 DTXSID70324861 DTXSID10667562 DTXSID40614266 DTXSID50160981 DTXSID90553131 DTXSID00568892 DTXSID10642415 DTXSID70425867 DTXSID30199370 DTXSID90755017
DTXSID20579662	DTXSID00773606 DTXSID20346871 DTXSID80765483 DTXSID60528215 DTXSID50734888 DTXSID40624744 DTXSID60406004 DTXSID90528945 DTXSID00712999 DTXSID30651120 DTXSID80827797 DTXSID90407180 DTXSID10801303 DTXSID50196164 DTXSID00850007 DTXSID50867463 DTXSID70484378 DTXSID80567565 DTXSID90293828 DTXSID50340887
DTXSID90714144	DTXSID20614320 DTXSID30637126 DTXSID50825321 DTXSID50224219 DTXSID50568908 DTXSID30808778 DTXSID20547861 DTXSID70203329 DTXSID80820647 DTXSID00560311 DTXSID60195587 DTXSID60738433 DTXSID80599205 DTXSID30402255 DTXSID10468334 DTXSID80531281 DTXSID00841233 DTXSID20813437 DTXSID60303887 DTXSID80526894
DTXSID90640535	DTXSID10585474 DTXSID20618883 DTXSID20464706 DTXSID10160907 DTXSID70733212 DTXSID90738966 DTXSID50561439 DTXSID40667575 DTXSID60876905 DTXSID40511105 DTXSID00338097 DTXSID40343822 DTXSID50399335 DTXSID20728537 DTXSID80392859 DTXSID50221364 DTXSID70551236 DTXSID30628054 DTXSID80485139 DTXSID3059268
DTXSID50719099	DTXSID30465360 DTXSID60487459 DTXSID30168268 DTXSID20618585 DTXSID20604640 DTXSID50727159 DTXSID00500813 DTXSID80752499 DTXSID30418775 DTXSID80452503 DTXSID20835912 DTXSID10335214 DTXSID20563844 DTXSID60508572 DTXSID90642135 DTXSID00518872 DTXSID30811020 DTXSID90700688 DTXSID00544772 DTXSID30282615
DTXSID90681564	DTXSID70326067 DTXSID30804992 DTXSID00832287 DTXSID00314154 DTXSID80734290 DTXSID50557458 DTXSID60373803 DTXSID60278066 DTXSID70344367 DTXSID80542938 DTXSID80278947 DTXSID70711914 DTXSID60174670 DTXSID60589644 DTXSID8063834 DTXSID00668225 DTXSID10799296 DTXSID40721146 DTXSID60631637 DTXSID70280852
DTXSID70393678	DTXSID80393503 DTXSID50624255 DTXSID90473103 DTXSID10556407 DTXSID00844643 DTXSID40210247 DTXSID40852686 DTXSID70612518 DTXSID10539896 DTXSID40745084 DTXSID60560913 DTXSID50435964 DTXSID00839978 DTXSID1068302 DTXSID90369390 DTXSID20482723 DTXSID70541990 DTXSID30544482 DTXSID70652898 DTXSID20516815
DTXSID90530907	DTXSID20342035 DTXSID50184864 DTXSID90512546 DTXSID70757877 DTXSID9068904 DTXSID60156476 DTXSID70445500 DTXSID50814573 DTXSID10676396 DTXSID80404820 DTXSID70354901 DTXSID20815698 DTXSID50646715 DTXSID00277376 DTXSID70299444 DTXSID80214082 DTXSID80679990 DTXSID40698844 DTXSID70646373 DTXSID60763189
DTXSID80552613	DTXSID30574885 DTXSID30879706 DTXSID40358239 DTXSID60164793 DTXSID90444156 DTXSID60495337 DTXSID10342286 DTXSID20754836 DTXSID80712154 DTXSID60284925 DTXSID70853323 DTXSID70300064 DTXSID70548989 DTXSID80613192 DTXSID00731302 DTXSID60305467 DTXSID10634274 DTXSID90597717 DTXSID10321834 DTXSID20307184
DTXSID10527511	DTXSID70521479 DTXSID40790857 DTXSID00345867 DTXSID5060726 DTXSID00340756 DTXSID60344770 DTXSID50492532 DTXSID60545649 DTXSID80633774 DTXSID10241220 DTXSID3027116 DTXSID10448353 DTXSID90199053 DTXSID8067105 DTXSID00561282 DTXSID80771069 DTXSID30757656 DTXSID40283895 DTXSID20565449 DTXSID10475826
DTXSID80856466	DTXSID50855981 DTXSID60390974 DTXSID20729766 DTXSID40758639 DTXSID60312318 DTXSID30462975 DTXSID60663554 DTXSID00680563 DTXSID20556857 DTXSID60630226 DTXSID80295533 DTXSID50518509 DTXSID40143824 DTXSID70455785 DTXSID40656126 DTXSID20326638 DTXSID40312593 DTXSID80760539 DTXSID30488256 DTXSID70569452
DTXSID80177047	DTXSID70515318 DTXSID00401154 DTXSID40802984 DTXSID90295286 DTXSID00864907 DTXSID10669849 DTXSID80784659 DTXSID80394919 DTXSID00667591 DTXSID40540738 DTXSID60655595 DTXSID80594452 DTXSID60533122 DTXSID40361622 DTXSID60770393 DTXSID00651056 DTXSID90519151 DTXSID90844430 DTXSID90529396 DTXSID10588026
DTXSID90675064	DTXSID80288283 DTXSID20445797 DTXSID80296964 DTXSID30675048 DTXSID00731322 DTXSID20726376 DTXSID90706185 DTXSID3066267 DTXSID10672873 DTXSID30842718 DTXSID20394317 DTXSID70648998 DTXSID60432929 DTXSID50747579 DTXSID40751468 DTXSID80825970 DTXSID40612666 DTXSID00681696 DTXSID10426095 DTXSID30293963
DTXSID40385722	DTXSID40724874 DTXSID40592792 DTXSID10426095 DTXSID80184812 DTXSID50747579 DTXSID70580369 DTXSID20284800 DTXSID20394317 DTXSID80548314 DTXSID10672873 DTXSID50590547 DTXSID60437297 DTXSID40854049 DTXSID70855660 DTXSID3066267 DTXSID60725848 DTXSID20445797 DTXSID00344971 DTXSID80694421 DTXSID30293963
DTXSID50312665	DTXSID80664785 DTXSID90780066 DTXSID70826658 DTXSID30505255 DTXSID70494230 DTXSID30708643 DTXSID30817789 DTXSID70495707 DTXSID80192573 DTXSID10528381 DTXSID40780334 DTXSID40406567 DTXSID30572083 DTXSID40608761 DTXSID70394983 DTXSID30597074 DTXSID80822181 DTXSID20401419 DTXSID50505434 DTXSID70709755
DTXSID60848061	DTXSID70799373 DTXSID40585508 DTXSID00833719 DTXSID80553342 DTXSID70547371 DTXSID90661225 DTXSID80619876 DTXSID40700572 DTXSID70795315 DTXSID40814724 DTXSID00856766 DTXSID5022803 DTXSID80292582 DTXSID10280518 DTXSID00568731 DTXSID10710663 DTXSID80808541 DTXSID60722519 DTXSID60600484 DTXSID00374652
DTXSID50403123	DTXSID80303223 DTXSID60835436 DTXSID50873509 DTXSID40857631 DTXSID80646728 DTXSID50358169 DTXSID40538579 DTXSID90705153 DTXSID30780308 DTXSID40360872 DTXSID20456863 DTXSID90494676 DTXSID20827933 DTXSID70452133 DTXSID40496120 DTXSID50427622 DTXSID50473725 DTXSID80676828 DTXSID60373409 DTXSID90748782
DTXSID00807834	DTXSID00325563 DTXSID20624146 DTXSID70464776 DTXSID9069849 DTXSID90562940 DTXSID90786326 DTXSID90820815 DTXSID00817918 DTXSID50198300 DTXSID60660361 DTXSID70799737 DTXSID50175070 DTXSID40187066 DTXSID60573543 DTXSID90595036 DTXSID70562362 DTXSID20459617 DTXSID50783538 DTXSID80729641 DTXSID60468920
DTXSID30852630	DTXSID80175861 DTXSID80284725 DTXSID00341268 DTXSID20481099 DTXSID50436936 DTXSID40406623 DTXSID10237007 DTXSID10809501 DTXSID10436654 DTXSID30195034 DTXSID40552053 DTXSID90526623 DTXSID60764510 DTXSID90424554 DTXSID30563198 DTXSID90850096 DTXSID10410373 DTXSID00206505 DTXSID20200005 DTXSID70527512
DTXSID10185514	DTXSID50462639 DTXSID40886941 DTXSID40398079 DTXSID60743481 DTXSID70858070 DTXSID20615493 DTXSID90336082 DTXSID10784723 DTXSID40781200 DTXSID80517949 DTXSID20651114 DTXSID10448414 DTXSID10568641 DTXSID50590385 DTXSID90213687 DTXSID30336703 DTXSID10842978 DTXSID90426730 DTXSID70421046 DTXSID30752484
DTXSID40773322	DTXSID6048096 DTXSID00694584 DTXSID80615070 DTXSID70852235 DTXSID40173409 DTXSID90663507 DTXSID70682094 DTXSID00534895 DTXSID00423917 DTXSID00635194 DTXSID60428125 DTXSID40844809 DTXSID20342752 DTXSID10724700 DTXSID50497966 DTXSID4065604 DTXSID20167826 DTXSID70700803 DTXSID70499624 DTXSID80423814
DTXSID00696205	DTXSID60385961 DTXSID70145831 DTXSID90743974 DTXSID10767051 DTXSID40706150 DTXSID30760367 DTXSID90443664 DTXSID10596368 DTXSID30585375 DTXSID00610163 DTXSID30579375 DTXSID50354621 DTXSID10316184 DTXSID50374804 DTXSID70811428 DTXSID30836834 DTXSID70392484 DTXSID70561754 DTXSID10363476 DTXSID80700798
DTXSID00585347	DTXSID20656063 DTXSID30657804 DTXSID70202337 DTXSID50646755 DTXSID70672798 DTXSID20834086 DTXSID40533160 DTXSID30787357 DTXSID60401296 DTXSID80560576 DTXSID00374899 DTXSID50304707 DTXSID40466202 DTXSID30716667 DTXSID50697429 DTXSID00694620 DTXSID2071071 DTXSID00730012 DTXSID60742111 DTXSID80647497
DTXSID00699514	DTXSID80546739 DTXSID00793728 DTXSID80468609 DTXSID20741069 DTXSID70233808 DTXSID30543410 DTXSID10822679 DTXSID30191576 DTXSID80195024 DTXSID80278447 DTXSID70242536 DTXSID60511480 DTXSID70785392 DTXSID40417799 DTXSID50737490 DTXSID20280781 DTXSID00826560 DTXSID50804111 DTXSID80705607 DTXSID50796865
DTXSID30599199	DTXSID70544562 DTXSID00618003 DTXSID30191596 DTXSID3061263 DTXSID80200763 DTXSID50625080 DTXSID50179311 DTXSID30889784 DTXSID00312413 DTXSID70652636 DTXSID80813554 DTXSID80536276 DTXSID30713434 DTXSID80441730 DTXSID80210827 DTXSID80765302 DTXSID70388408 DTXSID80793069 DTXSID90664317 DTXSID30766203
DTXSID80710110	DTXSID40369466 DTXSID20817910 DTXSID90331931 DTXSID30228250 DTXSID90309635 DTXSID50340180 DTXSID40156813 DTXSID90401300 DTXSID50751116 DTXSID60358195 DTXSID50483768 DTXSID80324913 DTXSID20229236 DTXSID50808376 DTXSID40736614 DTXSID90706903 DTXSID80326134 DTXSID4059253 DTXSID20162351 DTXSID00556597
DTXSID10563479	DTXSID20593166 DTXSID10398268 DTXSID60649212 DTXSID40390932 DTXSID00728974 DTXSID50421786 DTXSID00401210 DTXSID50635285 DTXSID20307225 DTXSID70811428 DTXSID10363476 DTXSID80551161 DTXSID30296292 DTXSID40847597 DTXSID60819953 DTXSID50351094 DTXSID8068202 DTXSID50450930 DTXSID50300042 DTXSID20398810
DTXSID10534740	DTXSID10680579 DTXSID80176712 DTXSID60180615 DTXSID40717029 DTXSID10695340 DTXSID00896344 DTXSID90478072 DTXSID20656927 DTXSID30857589 DTXSID80146455 DTXSID60280841 DTXSID30669765 DTXSID60696105 DTXSID30593950 DTXSID60733680 DTXSID10840136 DTXSID40562793 DTXSID10202997 DTXSID20450083 DTXSID20663297
DTXSID70490090	DTXSID40329449 DTXSID80542993 DTXSID40199745 DTXSID10705918 DTXSID80478086 DTXSID40819592 DTXSID10176321 DTXSID60364059 DTXSID10528402 DTXSID9044790 DTXSID10801287 DTXSID40668648 DTXSID80808208 DTXSID10483209 DTXSID90470930 DTXSID70837481 DTXSID40223857 DTXSID00635816 DTXSID90359377 DTXSID10352582
DTXSID50467720	DTXSID80729287 DTXSID50528608 DTXSID40705805 DTXSID60162739 DTXSID90809448 DTXSID60641211 DTXSID50391273 DTXSID2051978 DTXSID00164439 DTXSID40552058 DTXSID00735688 DTXSID00438884 DTXSID00303785 DTXSID00407575 DTXSID80787827 DTXSID70569573 DTXSID90353214 DTXSID60675172 DTXSID30448451 DTXSID5059822
DTXSID00449339	DTXSID30225724 DTXSID50879602 DTXSID10653829 DTXSID80441730 DTXSID70729352 DTXSID80536276 DTXSID60696529 DTXSID30377479 DTXSID40633614 DTXSID40609798 DTXSID90208699 DTXSID30160883 DTXSID30889784 DTXSID60602903 DTXSID70652636 DTXSID80765302 DTXSID60681556 DTXSID40696128 DTXSID40287813 DTXSID20681875
DTXSID80671277	DTXSID30209347 DTXSID40676425 DTXSID10732143 DTXSID80503842 DTXSID30813044 DTXSID20834607 DTXSID60667577 DTXSID60790354 DTXSID10528048 DTXSID50696790 DTXSID30718969 DTXSID30777990 DTXSID70281485 DTXSID60885395 DTXSID00604441 DTXSID70317031 DTXSID60289273 DTXSID60829072 DTXSID50876373 DTXSID10314701
DTXSID10238817	DTXSID40646289 DTXSID30571112 DTXSID30734407 DTXSID80565980 DTXSID80598016 DTXSID30480932 DTXSID20545827 DTXSID00725569 DTXSID20680929 DTXSID90856710 DTXSID40165465 DTXSID80733763 DTXSID60492366 DTXSID70302644 DTXSID50515836 DTXSID40625933 DTXSID30642078 DTXSID20681991 DTXSID3042180 DTXSID90332584
DTXSID40761729	DTXSID10351257 DTXSID50325735 DTXSID30350843 DTXSID90505372 DTXSID30751750 DTXSID20833716 DTXSID70876552 DTXSID10832697 DTXSID50755018 DTXSID40751488 DTXSID10191993 DTXSID70471682 DTXSID50460918 DTXSID40396919 DTXSID1044514 DTXSID10752705 DTXSID90596508 DTXSID40711522 DTXSID60415636 DTXSID40328396
DTXSID20506514	DTXSID20443697 DTXSID60405916 DTXSID70774943 DTXSID3044918 DTXSID40669211 DTXSID40549928 DTXSID70428712 DTXSID30566624 DTXSID40663532 DTXSID80498486 DTXSID80655638 DTXSID80462369 DTXSID70608916 DTXSID00440467 DTXSID50342306 DTXSID60503446 DTXSID80348497 DTXSID00373721 DTXSID40348579 DTXSID00480065
DTXSID2061563	DTXSID10347554 DTXSID00514773 DTXSID00493059 DTXSID80369485 DTXSID00199488 DTXSID60693876 DTXSID40491817 DTXSID90760646 DTXSID40802181 DTXSID3042269 DTXSID80642422 DTXSID80787403 DTXSID70702281 DTXSID00534259 DTXSID60341123 DTXSID50624417 DTXSID80661118 DTXSID60831579 DTXSID10613125 DTXSID80350570
DTXSID40707182	DTXSID7070478 DTXSID50767959 DTXSID80887654 DTXSID00841374 DTXSID60598519 DTXSID60241194 DTXSID70762244 DTXSID90883243 DTXSID10826637 DTXSID40880888 DTXSID9051741 DTXSID8027872 DTXSID70177359 DTXSID0072776 DTXSID10712521 DTXSID00597728 DTXSID70236576 DTXSID3042003 DTXSID90404977 DTXSID10711458
DTXSID20668040	DTXSID40607633 DTXSID10786282 DTXSID50404296 DTXSID70823187 DTXSID20641272 DTXSID40593183 DTXSID60848460 DTXSID00513589 DTXSID20275814 DTXSID40787722 DTXSID70794227 DTXSID70589756 DTXSID70545195 DTXSID60193361 DTXSID00373802 DTXSID20702716 DTXSID60757684 DTXSID90358168 DTXSID70737937 DTXSID10675228
DTXSID00480989	DTXSID20539948 DTXSID70470251 DTXSID50816810 DTXSID70558563 DTXSID90736028 DTXSID40365145 DTXSID90811162 DTXSID40717822 DTXSID80143040 DTXSID20578554 DTXSID30428374 DTXSID00399320 DTXSID70445343 DTXSID80771766 DTXSID70545993 DTXSID10712182 DTXSID80801294 DTXSID30562621 DTXSID80851239 DTXSID30190943
DTXSID20312470	DTXSID90452650 DTXSID10195335 DTXSID40619211 DTXSID90444015 DTXSID60400628 DTXSID50696210 DTXSID50812953 DTXSID90739716 DTXSID00576553 DTXSID30575877 DTXSID50592203 DTXSID50879364 DTXSID70469226 DTXSID60301888 DTXSID50576907 DTXSID90653125 DTXSID60709284 DTXSID10336307 DTXSID40674643 DTXSID70464877
DTXSID40310872	DTXSID60143023 DTXSID20534918 DTXSID40790019 DTXSID00345680 DTXSID20465495 DTXSID30636396 DTXSID90783198 DTXSID90794320 DTXSID20770410 DTXSID00201055 DTXSID90313636 DTXSID80190337 DTXSID60320630 DTXSID50412755 DTXSID60325125 DTXSID50345014 DTXSID20406545 DTXSID70672753 DTXSID40674183 DTXSID50437069
DTXSID90579073	DTXSID70339011 DTXSID8069565 DTXSID20678220 DTXSID70491845 DTXSID80578838 DTXSID40543204 DTXSID60704259 DTXSID20471031 DTXSID70641909 DTXSID50337419 DTXSID00338335 DTXSID90406754 DTXSID40507649 DTXSID10465429 DTXSID00484583 DTXSID50639965 DTXSID70711292 DTXSID60487010 DTXSID10491920 DTXSID30600178
DTXSID60374335	DTXSID30413629 DTXSID10832697 DTXSID50619383 DTXSID50755018 DTXSID20886101 DTXSID20453973 DTXSID60616843 DTXSID10191993 DTXSID20833716 DTXSID40729783 DTXSID30666835 DTXSID60621912 DTXSID0058514 DTXSID70288277 DTXSID3068126 DTXSID40836047 DTXSID90596508 DTXSID10597653 DTXSID90502841 DTXSID20177142
DTXSID90500261	DTXSID10822073 DTXSID90750981 DTXSID00756111 DTXSID30787630 DTXSID20878369 DTXSID90413625 DTXSID60536552 DTXSID20613499 DTXSID00847114 DTXSID10280770 DTXSID50816734 DTXSID90638174 DTXSID80816742 DTXSID40813393 DTXSID40816728 DTXSID90773276 DTXSID60566011 DTXSID00787066 DTXSID80633759 DTXSID90444555
DTXSID80299970	DTXSID60536719 DTXSID10733074 DTXSID70708324 DTXSID70408650 DTXSID70647688 DTXSID60327528 DTXSID10452955 DTXSID10519254 DTXSID2072881 DTXSID20477912 DTXSID20656366 DTXSID30511452 DTXSID40334154 DTXSID70611081 DTXSID00453451 DTXSID00725605 DTXSID60800068 DTXSID90848559 DTXSID20645871 DTXSID00603050
DTXSID40720210	DTXSID90193758 DTXSID10831908 DTXSID40384679 DTXSID9065364 DTXSID20609170 DTXSID30506707 DTXSID70639144 DTXSID40407377 DTXSID00603050 DTXSID00186010 DTXSID40334154 DTXSID70783414 DTXSID90388561 DTXSID80509708 DTXSID7051686 DTXSID30651201 DTXSID10280755 DTXSID50712227 DTXSID80241550 DTXSID20579647
DTXSID10806954	DTXSID80808061 DTXSID90721252 DTXSID90801740 DTXSID40781846 DTXSID30707171 DTXSID5052628 DTXSID80793165 DTXSID70700545 DTXSID40277350 DTXSID7066148 DTXSID60751309 DTXSID90660430 DTXSID7063348 DTXSID60827836 DTXSID3064437 DTXSID7062829 DTXSID30702166 DTXSID90765171 DTXSID20411452 DTXSID00647136
DTXSID00577964	DTXSID90446892 DTXSID50639889 DTXSID20594678 DTXSID50527358 DTXSID50318526 DTXSID20172071 DTXSID80776034 DTXSID00757749 DTXSID80438044 DTXSID10144484 DTXSID10149196 DTXSID10528548 DTXSID60241518 DTXSID90329454 DTXSID20434202 DTXSID70825242 DTXSID20621973 DTXSID30544962 DTXSID50817943 DTXSID70459480
DTXSID70803545	DTXSID00501860 DTXSID30744748 DTXSID70305695 DTXSID10355573 DTXSID50852157 DTXSID10818517 DTXSID80763949 DTXSID90567430 DTXSID60603536 DTXSID60528699 DTXSID60446768 DTXSID60385461 DTXSID30542468 DTXSID60634906 DTXSID70452719 DTXSID8061133 DTXSID50311754 DTXSID40818282 DTXSID70438179 DTXSID20477619
DTXSID20589443	DTXSID10446950 DTXSID3042180 DTXSID20676923 DTXSID90473163 DTXSID40625933 DTXSID40452221 DTXSID30291383 DTXSID30571112 DTXSID90856710 DTXSID90332584 DTXSID00618124 DTXSID20681991 DTXSID50850557 DTXSID00725569 DTXSID70855387 DTXSID20694627 DTXSID50843904 DTXSID20680929 DTXSID20346174 DTXSID10238817
DTXSID90842799	DTXSID10467160 DTXSID20231798 DTXSID50512320 DTXSID10236494 DTXSID10296917 DTXSID40204681 DTXSID00501204 DTXSID40555726 DTXSID80282928 DTXSID50846995 DTXSID20406904 DTXSID70705999 DTXSID80437496 DTXSID80333909 DTXSID20342474 DTXSID90770189 DTXSID40640242 DTXSID50543331 DTXSID00540491 DTXSID70342469
DTXSID20541127	DTXSID90470930 DTXSID10483209 DTXSID80808208 DTXSID00361284 DTXSID20849418 DTXSID40722613 DTXSID40819592 DTXSID70837481 DTXSID10352582 DTXSID70580809 DTXSID30471305 DTXSID20580571 DTXSID30510329 DTXSID30173534 DTXSID00196816 DTXSID00524615 DTXSID10594844 DTXSID90359377 DTXSID20663055 DTXSID10776421
DTXSID70303297	DTXSID20417959 DTXSID90373472 DTXSID1070773 DTXSID6058972 DTXSID10426732 DTXSID80182974 DTXSID80640443 DTXSID70174964 DTXSID50761275 DTXSID80292163 DTXSID10169758 DTXSID90405585 DTXSID60598918 DTXSID90584703 DTXSID10827381 DTXSID10494193 DTXSID20758435 DTXSID7041625 DTXSID00712035 DTXSID90205587
DTXSID10297702	DTXSID00521083 DTXSID90814719 DTXSID00720978 DTXSID50505434 DTXSID40543961 DTXSID40608761 DTXSID70381358 DTXSID60707962 DTXSID70709755 DTXSID90474372 DTXSID10790682 DTXSID10596242 DTXSID00484361 DTXSID40640949 DTXSID30597074 DTXSID60392019 DTXSID50616039 DTXSID60407293 DTXSID00745404 DTXSID50361274
DTXSID50651021	DTXSID50543058 DTXSID20876269 DTXSID20162654 DTXSID50681000 DTXSID60735008 DTXSID20519503 DTXSID50308280 DTXSID10483789 DTXSID60204269 DTXSID50285047 DTXSID30300383 DTXSID70516784 DTXSID20356910 DTXSID90564686 DTXSID70491880 DTXSID10561894 DTXSID50283144 DTXSID60286207 DTXSID50153696 DTXSID70597831
DTXSID80522659	DTXSID40221893 DTXSID70526161 DTXSID20565166 DTXSID40474221 DTXSID50771132 DTXSID10811386 DTXSID00772053 DTXSID90474074 DTXSID50821545 DTXSID4051740 DTXSID50277740 DTXSID00543245 DTXSID90768041 DTXSID20316433 DTXSID20656109 DTXSID60645895 DTXSID50278717 DTXSID10380522 DTXSID00318718 DTXSID50354606
DTXSID50709551	DTXSID30418639 DTXSID00749265 DTXSID30612519 DTXSID50481946 DTXSID20161445 DTXSID20403978 DTXSID7044506 DTXSID00441777 DTXSID40782439 DTXSID50368783 DTXSID00613750 DTXSID40200729 DTXSID60460080 DTXSID20581402 DTXSID00603530 DTXSID10828494 DTXSID00642146 DTXSID80443794 DTXSID00434109 DTXSID40374510
DTXSID80443759	DTXSID70876870 DTXSID30514887 DTXSID00593189 DTXSID50310146 DTXSID10597638 DTXSID70437263 DTXSID20625113 DTXSID30886233 DTXSID80352251 DTXSID70773471 DTXSID70332168 DTXSID40551263 DTXSID80276584 DTXSID40180658 DTXSID30743135 DTXSID40145843 DTXSID00472485 DTXSID40314517 DTXSID30434995 DTXSID70562423
DTXSID70545993	DTXSID60601471 DTXSID3063095 DTXSID20206981 DTXSID80483231 DTXSID60354011 DTXSID70750944 DTXSID80801294 DTXSID40467239 DTXSID80771766 DTXSID60727382 DTXSID50322764 DTXSID00721268 DTXSID00508096 DTXSID10537195 DTXSID80851239 DTXSID70856511 DTXSID00879551 DTXSID90391712 DTXSID30190943 DTXSID20867834
DTXSID40562536	DTXSID20355044 DTXSID20162952 DTXSID50581773 DTXSID50170126 DTXSID00526659 DTXSID10653849 DTXSID70171099 DTXSID60358791 DTXSID6061604 DTXSID50625161 DTXSID50591554 DTXSID90389316 DTXSID20664825 DTXSID00653257 DTXSID70239542 DTXSID30280217 DTXSID50646174 DTXSID10619203 DTXSID80169381 DTXSID40494060
DTXSID6070431	DTXSID20373501 DTXSID7072040 DTXSID80435174 DTXSID10511157 DTXSID10824153 DTXSID20755202 DTXSID00234146 DTXSID50507599 DTXSID60872285 DTXSID20242945 DTXSID80761743 DTXSID50782980 DTXSID20181421 DTXSID60775681 DTXSID40845013 DTXSID60242747 DTXSID90763152 DTXSID50767838 DTXSID80274202 DTXSID20797061
DTXSID60770393	DTXSID90519151 DTXSID00655433 DTXSID00651056 DTXSID80648545 DTXSID10669849 DTXSID80394919 DTXSID80594452 DTXSID70515318 DTXSID90577271 DTXSID00401154 DTXSID5044811 DTXSID80784659 DTXSID90632258 DTXSID50443483 DTXSID60333109 DTXSID00837277 DTXSID10489847 DTXSID90844430 DTXSID10640299 DTXSID80568138
DTXSID20476162	DTXSID00523683 DTXSID20241751 DTXSID30567075 DTXSID40339083 DTXSID70559191 DTXSID00452565 DTXSID10518101 DTXSID40462249 DTXSID30870975 DTXSID90145474 DTXSID00444344 DTXSID70359395 DTXSID50188302 DTXSID70241625 DTXSID40693334 DTXSID50709910 DTXSID60428307 DTXSID80543061 DTXSID50354681 DTXSID50621249
DTXSID00287793	DTXSID00174816 DTXSID20356697 DTXSID00676663 DTXSID10607786 DTXSID90152749 DTXSID20372397 DTXSID90405863 DTXSID80549528 DTXSID00700114 DTXSID50170540 DTXSID60828121 DTXSID60669213 DTXSID40454942 DTXSID20831095 DTXSID90540400 DTXSID00366416 DTXSID60618160 DTXSID90375774 DTXSID90556708 DTXSID10619405
DTXSID10653127	DTXSID50837444 DTXSID50528168 DTXSID80700192 DTXSID50701111 DTXSID10508668 DTXSID50669924 DTXSID90694957 DTXSID90319299 DTXSID30671207 DTXSID30308581 DTXSID80732155 DTXSID60578412 DTXSID30620215 DTXSID30676873 DTXSID30305550 DTXSID80516730 DTXSID80304336 DTXSID70665448 DTXSID00646629 DTXSID80356057
DTXSID80825970	DTXSID40346691 DTXSID90706185 DTXSID80296964 DTXSID10629923 DTXSID10654715 DTXSID00731322 DTXSID00681696 DTXSID40656404 DTXSID7063421 DTXSID40724470 DTXSID50662894 DTXSID30842718 DTXSID30748145 DTXSID40676763 DTXSID30725678 DTXSID60432929 DTXSID90675064 DTXSID80288283 DTXSID90823164 DTXSID20445797
DTXSID70579192	DTXSID70148105 DTXSID20346371 DTXSID80600426 DTXSID00552711 DTXSID30745058 DTXSID40781189 DTXSID00383582 DTXSID10668938 DTXSID70631249 DTXSID60319443 DTXSID80727804 DTXSID90679880 DTXSID20607676 DTXSID80371649 DTXSID90438530 DTXSID30279565 DTXSID50602750 DTXSID20236506 DTXSID40528157 DTXSID70364282
DTXSID80377186	DTXSID80218944 DTXSID70548964 DTXSID70536164 DTXSID00588297 DTXSID30175174 DTXSID40421230 DTXSID40480100 DTXSID4059251 DTXSID20228325 DTXSID70397414 DTXSID90794901 DTXSID20677536 DTXSID90767216 DTXSID40755587 DTXSID80436641 DTXSID20306137 DTXSID10188005 DTXSID20314595 DTXSID80796772 DTXSID00447830
DTXSID1051692	DTXSID40143001 DTXSID90675241 DTXSID60315304 DTXSID40470283 DTXSID70392702 DTXSID70356581 DTXSID90737919 DTXSID30616532 DTXSID00815070 DTXSID60694484 DTXSID00563862 DTXSID40431657 DTXSID30660373 DTXSID70855069 DTXSID00750356 DTXSID00844946 DTXSID60827513 DTXSID40510597 DTXSID40303729 DTXSID10165497
DTXSID50467164	DTXSID90364027 DTXSID80841231 DTXSID70484378 DTXSID20754952 DTXSID70578802 DTXSID80459037 DTXSID50438652 DTXSID20293179 DTXSID90293828 DTXSID80827797 DTXSID90344743 DTXSID00850007 DTXSID60406004 DTXSID20383281 DTXSID30148065 DTXSID60409252 DTXSID20346871 DTXSID80624889 DTXSID00712999 DTXSID20406242
DTXSID00359060	DTXSID10394881 DTXSID00658469 DTXSID90697367 DTXSID90892294 DTXSID80561462 DTXSID80737281 DTXSID10291624 DTXSID40176334 DTXSID40734716 DTXSID10617749 DTXSID70157217 DTXSID50350724 DTXSID7041334 DTXSID20603350 DTXSID50704445 DTXSID80481954 DTXSID80876321 DTXSID20316332 DTXSID50664656 DTXSID00491272
DTXSID40165147	DTXSID90807803 DTXSID60347781 DTXSID50663780 DTXSID20372110 DTXSID4040343 DTXSID10466719 DTXSID00231438 DTXSID10721916 DTXSID70840798 DTXSID70424198 DTXSID80279373 DTXSID60343642 DTXSID6069406 DTXSID30663369 DTXSID20599345 DTXSID70650576 DTXSID10778026 DTXSID00729421 DTXSID70349413 DTXSID80638709
DTXSID60715522	DTXSID00738654 DTXSID00475971 DTXSID60755463 DTXSID60326112 DTXSID90615809 DTXSID00485712 DTXSID00355729 DTXSID30303798 DTXSID20742031 DTXSID90768723 DTXSID00184410 DTXSID30309250 DTXSID50383330 DTXSID00408825 DTXSID30568360 DTXSID00810702 DTXSID60344396 DTXSID70894756 DTXSID10630771 DTXSID90395215
DTXSID80506732	DTXSID80541481 DTXSID20737725 DTXSID40641234 DTXSID10667542 DTXSID40820608 DTXSID10390348 DTXSID60834161 DTXSID30448451 DTXSID90284610 DTXSID80238102 DTXSID20805731 DTXSID6070560 DTXSID20454682 DTXSID00407575 DTXSID70569573 DTXSID70706764 DTXSID20554217 DTXSID30333176 DTXSID10835749 DTXSID80787827
DTXSID90707511	DTXSID90877561 DTXSID40325042 DTXSID30466877 DTXSID10481523 DTXSID00755265 DTXSID00373504 DTXSID50542425 DTXSID90719896 DTXSID40841656 DTXSID40546452 DTXSID40146198 DTXSID30571612 DTXSID40228625 DTXSID40671632 DTXSID40286048 DTXSID90524487 DTXSID20630368 DTXSID40821998 DTXSID40238805 DTXSID40289458
DTXSID50664979	DTXSID90339417 DTXSID60780356 DTXSID80373608 DTXSID00542773 DTXSID40879717 DTXSID20191888 DTXSID70748301 DTXSID50303497 DTXSID10326081 DTXSID20695831 DTXSID30698318 DTXSID60455951 DTXSID80615075 DTXSID10736227 DTXSID10786207 DTXSID70443980 DTXSID00388350 DTXSID40473991 DTXSID00730375 DTXSID80767386
DTXSID40508934	DTXSID90362422 DTXSID00511085 DTXSID70782861 DTXSID90457286 DTXSID90450050 DTXSID90567016 DTXSID70721139 DTXSID90580922 DTXSID40650068 DTXSID80354715 DTXSID00327365 DTXSID60802643 DTXSID60705544 DTXSID50524963 DTXSID10590482 DTXSID40710035 DTXSID60496546 DTXSID90396409 DTXSID80604328 DTXSID70671842
DTXSID40288860	DTXSID70477482 DTXSID80635011 DTXSID40674724 DTXSID10506866 DTXSID00604345 DTXSID30782766 DTXSID80664447 DTXSID60768134 DTXSID90178202 DTXSID00223095 DTXSID60875736 DTXSID80781567 DTXSID20173629 DTXSID60594132 DTXSID2068137 DTXSID6023315 DTXSID40310175 DTXSID30279207 DTXSID90518144 DTXSID10658632
DTXSID80725643	DTXSID70803782 DTXSID10875923 DTXSID80655491 DTXSID00597940 DTXSID10143558 DTXSID30379473 DTXSID90513997 DTXSID20700217 DTXSID60768134 DTXSID50509992 DTXSID80427291 DTXSID70314449 DTXSID60875736 DTXSID2068137 DTXSID40814724 DTXSID80619876 DTXSID60542496 DTXSID80553342 DTXSID00856766 DTXSID70799373
DTXSID10710547	DTXSID80679218 DTXSID60150590 DTXSID90661225 DTXSID50175277 DTXSID80661234 DTXSID10710663 DTXSID20883175 DTXSID40700572 DTXSID30722324 DTXSID30640938 DTXSID50453481 DTXSID20680303 DTXSID80808541 DTXSID50732122 DTXSID20391189 DTXSID70795315 DTXSID40814724 DTXSID50681767 DTXSID80292582 DTXSID70799373
DTXSID80172734	DTXSID80418427 DTXSID80621994 DTXSID20189700 DTXSID90766406 DTXSID70214475 DTXSID00220968 DTXSID80226706 DTXSID40495138 DTXSID10463849 DTXSID50739813 DTXSID20741908 DTXSID80306315 DTXSID60408361 DTXSID80563204 DTXSID60332177 DTXSID40280460 DTXSID80724191 DTXSID90445749 DTXSID50601960 DTXSID40505180
DTXSID80385004	DTXSID30488256 DTXSID80760539 DTXSID40454942 DTXSID00700114 DTXSID00366416 DTXSID20326638 DTXSID90540400 DTXSID30382301 DTXSID50170540 DTXSID30618253 DTXSID40312593 DTXSID90647988 DTXSID30404754 DTXSID30672032 DTXSID40656126 DTXSID80570918 DTXSID10653687 DTXSID30631402 DTXSID40571168 DTXSID20727989
DTXSID40649518	DTXSID10500445 DTXSID00512653 DTXSID20459172 DTXSID1073367 DTXSID40437235 DTXSID00381442 DTXSID00460600 DTXSID60288928 DTXSID90674456 DTXSID00730234 DTXSID90517016 DTXSID00366613 DTXSID40821059 DTXSID30843725 DTXSID40713748 DTXSID40750774 DTXSID00293152 DTXSID00408603 DTXSID10814130 DTXSID20493056
DTXSID70537510	DTXSID00406523 DTXSID20808020 DTXSID00720110 DTXSID30424634 DTXSID00442784 DTXSID8068171 DTXSID10378500 DTXSID10482878 DTXSID40504198 DTXSID50640314 DTXSID50328963 DTXSID80561528 DTXSID90284832 DTXSID10223001 DTXSID90613002 DTXSID60203318 DTXSID7066643 DTXSID40776999 DTXSID90237247 DTXSID10766645
DTXSID70397570	DTXSID10474798 DTXSID90185370 DTXSID40414687 DTXSID9021712 DTXSID10325094 DTXSID70584923 DTXSID60532291 DTXSID60876440 DTXSID80756058 DTXSID00485015 DTXSID30541491 DTXSID50849961 DTXSID10726820 DTXSID00661216 DTXSID40181286 DTXSID00503940 DTXSID20776795 DTXSID30452775 DTXSID80736618 DTXSID40513381
DTXSID70545195	DTXSID20702716 DTXSID20641272 DTXSID2046836 DTXSID90358168 DTXSID20536750 DTXSID40829772 DTXSID60192657 DTXSID70737937 DTXSID80700137 DTXSID30615166 DTXSID00513589 DTXSID10767591 DTXSID90624532 DTXSID70196484 DTXSID20668040 DTXSID60848460 DTXSID50716063 DTXSID40607633 DTXSID70331217 DTXSID00427450
DTXSID70405947	DTXSID60428125 DTXSID00635194 DTXSID60834747 DTXSID80169503 DTXSID80423814 DTXSID00694584 DTXSID70852235 DTXSID10724700 DTXSID80179102 DTXSID30572765 DTXSID60169208 DTXSID70499624 DTXSID00423917 DTXSID00560770 DTXSID90365271 DTXSID10366361 DTXSID20448329 DTXSID40773322 DTXSID60654826 DTXSID70700803
DTXSID80184812	DTXSID40385722 DTXSID80548314 DTXSID40724874 DTXSID60437297 DTXSID40592792 DTXSID20284800 DTXSID10426095 DTXSID70580369 DTXSID20809198 DTXSID50747579 DTXSID90309877 DTXSID40562677 DTXSID20394317 DTXSID70748200 DTXSID70855660 DTXSID10672873 DTXSID60725848 DTXSID60701102 DTXSID00296961 DTXSID80430902
DTXSID50569758	DTXSID60842620 DTXSID5026548 DTXSID20320999 DTXSID80311045 DTXSID80878082 DTXSID10509216 DTXSID80612544 DTXSID80365482 DTXSID80748150 DTXSID70529697 DTXSID70822074 DTXSID80407816 DTXSID30435361 DTXSID00873296 DTXSID20144556 DTXSID10144949 DTXSID00638044 DTXSID70536543 DTXSID50840392 DTXSID60526094
DTXSID00560977	DTXSID10848359 DTXSID30213626 DTXSID10284657 DTXSID40388536 DTXSID00331164 DTXSID00631297 DTXSID70599971 DTXSID30332528 DTXSID40775609 DTXSID70460238 DTXSID20670305 DTXSID40289039 DTXSID50707951 DTXSID70305776 DTXSID80339067 DTXSID30663066 DTXSID00887636 DTXSID00603732 DTXSID00398671 DTXSID20443399
DTXSID40310256	DTXSID80600986 DTXSID00606642 DTXSID10532468 DTXSID20732412 DTXSID80734013 DTXSID20517180 DTXSID80323385 DTXSID00510836 DTXSID90177215 DTXSID60228324 DTXSID40432846 DTXSID80374337 DTXSID30777990 DTXSID30481989 DTXSID40745100 DTXSID70834470 DTXSID90209803 DTXSID60790258 DTXSID90557134 DTXSID90175897
DTXSID00188155	DTXSID10167254 DTXSID4068533 DTXSID70618696 DTXSID90227249 DTXSID80234861 DTXSID70282073 DTXSID20409415 DTXSID90819865 DTXSID90694952 DTXSID20739168 DTXSID30369516 DTXSID20720415 DTXSID60381185 DTXSID90668739 DTXSID70383670 DTXSID70657702 DTXSID50342886 DTXSID00403279 DTXSID20364156 DTXSID40741081
DTXSID20172415	DTXSID10696599 DTXSID70593398 DTXSID80650360 DTXSID90762483 DTXSID20666384 DTXSID30418917 DTXSID20849918 DTXSID10840136 DTXSID00200205 DTXSID20622086 DTXSID50648810 DTXSID90279182 DTXSID40293131 DTXSID50601344 DTXSID60697394 DTXSID40549529 DTXSID00467412 DTXSID70197592 DTXSID80634847 DTXSID60771643
DTXSID80791540	DTXSID40319300 DTXSID70177935 DTXSID40398938 DTXSID50497865 DTXSID90355415 DTXSID10177934 DTXSID30661047 DTXSID20624964 DTXSID30694618 DTXSID80302291 DTXSID50187552 DTXSID30194007 DTXSID50605887 DTXSID10856212 DTXSID70666536 DTXSID40195106 DTXSID70810991 DTXSID70314323 DTXSID70214273 DTXSID80580734
DTXSID90152885	DTXSID50757350 DTXSID60312631 DTXSID60422946 DTXSID9068378 DTXSID90594948 DTXSID20771341 DTXSID50323438 DTXSID50152285 DTXSID90390301 DTXSID40507280 DTXSID10172404 DTXSID00481779 DTXSID90655745 DTXSID60446501 DTXSID00731524 DTXSID60421353 DTXSID20704255 DTXSID20297278 DTXSID20730473 DTXSID90577877
DTXSID40538579	DTXSID20456863 DTXSID50473725 DTXSID40857631 DTXSID60373409 DTXSID20827933 DTXSID80646728 DTXSID90175716 DTXSID80303223 DTXSID30780308 DTXSID50358169 DTXSID10623385 DTXSID90705153 DTXSID50695324 DTXSID50427622 DTXSID50403123 DTXSID50599959 DTXSID90734408 DTXSID60835436 DTXSID60555147 DTXSID60551149
DTXSID90152880	DTXSID10359430 DTXSID40494722 DTXSID60599086 DTXSID00326196 DTXSID20604968 DTXSID20676827 DTXSID70543979 DTXSID30525099 DTXSID50379475 DTXSID40812861 DTXSID40756736 DTXSID20364510 DTXSID60879719 DTXSID60154018 DTXSID30546800 DTXSID30352640 DTXSID30490970 DTXSID9061178 DTXSID30804639 DTXSID40555903
DTXSID50484710	DTXSID60553360 DTXSID10782168 DTXSID60447795 DTXSID50812190 DTXSID10167355 DTXSID40670701 DTXSID20282922 DTXSID10380921 DTXSID80397783 DTXSID20799641 DTXSID90402756 DTXSID90317432 DTXSID20553205 DTXSID90651621 DTXSID70751113 DTXSID70157833 DTXSID40645858 DTXSID70589332 DTXSID40232909 DTXSID00154815
DTXSID20459137	DTXSID30340426 DTXSID50786221 DTXSID80332674 DTXSID60339080 DTXSID40285733 DTXSID20813437 DTXSID60219237 DTXSID10468334 DTXSID00542970 DTXSID4062519 DTXSID20636986 DTXSID60183020 DTXSID80771201 DTXSID30524340 DTXSID10472219 DTXSID70825323 DTXSID80615999 DTXSID30639589 DTXSID60738433 DTXSID50568185
DTXSID50608176	DTXSID20661910 DTXSID80480467 DTXSID00646886 DTXSID30651887 DTXSID60885815 DTXSID10482131 DTXSID40408041 DTXSID90365938 DTXSID30178327 DTXSID20610786 DTXSID10402258 DTXSID4020953 DTXSID60498388 DTXSID90625201 DTXSID60646468 DTXSID30628892 DTXSID00651511 DTXSID90676839 DTXSID30596103 DTXSID60427936
DTXSID90370522	DTXSID50304449 DTXSID90802010 DTXSID00508096 DTXSID20378692 DTXSID20867834 DTXSID00196518 DTXSID40633972 DTXSID10651542 DTXSID30474098 DTXSID20679136 DTXSID40280980 DTXSID70837562 DTXSID40696461 DTXSID50569319 DTXSID00390236 DTXSID40451698 DTXSID80851239 DTXSID60727382 DTXSID80771766 DTXSID00183887
DTXSID60790692	DTXSID60240940 DTXSID90837201 DTXSID40144795 DTXSID90148864 DTXSID90711875 DTXSID40840048 DTXSID40662929 DTXSID30330387 DTXSID50711134 DTXSID60815738 DTXSID10177015 DTXSID40315307 DTXSID90809145 DTXSID40887211 DTXSID00454781 DTXSID20172399 DTXSID50242978 DTXSID80658548 DTXSID00541968 DTXSID70316685
DTXSID40852085	DTXSID80811232 DTXSID80308374 DTXSID90697544 DTXSID40832302 DTXSID30202232 DTXSID00639879 DTXSID70751779 DTXSID40306199 DTXSID70721614 DTXSID30848715 DTXSID40314517 DTXSID60457672 DTXSID90774102 DTXSID90650230 DTXSID50316123 DTXSID20746397 DTXSID10597638 DTXSID10416330 DTXSID70437263 DTXSID80847197
DTXSID70570841	DTXSID30831682 DTXSID00301524 DTXSID00804166 DTXSID80803096 DTXSID40763107 DTXSID70546066 DTXSID90339119 DTXSID30763535 DTXSID40304615 DTXSID80657910 DTXSID80773745 DTXSID10718149 DTXSID80768373 DTXSID40759080 DTXSID20163666 DTXSID80708279 DTXSID80764310 DTXSID20803095 DTXSID20447413 DTXSID00678763
DTXSID70656250	DTXSID10630771 DTXSID50421261 DTXSID20742031 DTXSID1058004 DTXSID80492621 DTXSID40474524 DTXSID8032675 DTXSID90649664 DTXSID10794382 DTXSID90615809 DTXSID00184410 DTXSID90201286 DTXSID60396471 DTXSID80540772 DTXSID50625101 DTXSID10454318 DTXSID00738654 DTXSID5068233 DTXSID50383330 DTXSID70382744
DTXSID60477951	DTXSID30856658 DTXSID10851404 DTXSID00241638 DTXSID80601918 DTXSID90382428 DTXSID10642071 DTXSID30529310 DTXSID90164963 DTXSID10181718 DTXSID50396228 DTXSID30727910 DTXSID90571239 DTXSID00566611 DTXSID40841515 DTXSID50624477 DTXSID40634126 DTXSID20429673 DTXSID90625963 DTXSID50236892 DTXSID70403367
DTXSID10597638	DTXSID70437263 DTXSID50310146 DTXSID70332168 DTXSID00593189 DTXSID80443759 DTXSID30514887 DTXSID70876870 DTXSID00782258 DTXSID70873607 DTXSID40314517 DTXSID90346222 DTXSID00472485 DTXSID40551263 DTXSID20625113 DTXSID90774102 DTXSID10416330 DTXSID80276584 DTXSID30202232 DTXSID40852085 DTXSID80308374
DTXSID00429333	DTXSID30809003 DTXSID30823229 DTXSID00618321 DTXSID00326035 DTXSID00165648 DTXSID3057729 DTXSID40468084 DTXSID80375703 DTXSID10294832 DTXSID90722587 DTXSID20832224 DTXSID30368908 DTXSID30797451 DTXSID80668364 DTXSID20155783 DTXSID70896038 DTXSID20316332 DTXSID80832225 DTXSID90344400 DTXSID10154664
DTXSID90585659	DTXSID70559595 DTXSID20222681 DTXSID40760656 DTXSID70317233 DTXSID50739176 DTXSID50613806 DTXSID10542067 DTXSID90847724 DTXSID30772304 DTXSID70327438 DTXSID90425687 DTXSID70412616 DTXSID60658283 DTXSID40883091 DTXSID80633850 DTXSID60227594 DTXSID10718306 DTXSID50840074 DTXSID50857460 DTXSID40566796
DTXSID20667790	DTXSID50427945 DTXSID60668726 DTXSID30240972 DTXSID00372794 DTXSID30175614 DTXSID50590582 DTXSID70400710 DTXSID30146309 DTXSID80470368 DTXSID80772011 DTXSID70353035 DTXSID10215002 DTXSID40456507 DTXSID00498387 DTXSID90401582 DTXSID00632204 DTXSID30607723 DTXSID30355691 DTXSID90506460 DTXSID60396875
DTXSID30646758	DTXSID50212651 DTXSID30236037 DTXSID8067602 DTXSID30837225 DTXSID40365226 DTXSID40827091 DTXSID40650583 DTXSID00559664 DTXSID50633221 DTXSID90646350 DTXSID70442433 DTXSID60646322 DTXSID20535420 DTXSID30370783 DTXSID20345349 DTXSID50346844 DTXSID10301237 DTXSID00515588 DTXSID50734328 DTXSID00646205
DTXSID50342189	DTXSID10565317 DTXSID30479725 DTXSID80896180 DTXSID20514770 DTXSID9072652 DTXSID90724384 DTXSID00508773 DTXSID00825816 DTXSID70781915 DTXSID00664580 DTXSID10311533 DTXSID20676867 DTXSID10895944 DTXSID60618529 DTXSID50464178 DTXSID40462946 DTXSID60351681 DTXSID90676834 DTXSID10288155 DTXSID60612426
DTXSID10737734	DTXSID90490436 DTXSID80819899 DTXSID30384628 DTXSID10175430 DTXSID80561604 DTXSID10781712 DTXSID00528794 DTXSID00511303 DTXSID50610431 DTXSID30149274 DTXSID60558138 DTXSID00438283 DTXSID00533141 DTXSID90213187 DTXSID70475029 DTXSID50460918 DTXSID90330909 DTXSID90790605 DTXSID40526072 DTXSID00604441
DTXSID60175162	DTXSID40652067 DTXSID90605508 DTXSID3068592 DTXSID80437991 DTXSID40856366 DTXSID30772364 DTXSID20857154 DTXSID60467599 DTXSID50274133 DTXSID00663871 DTXSID40832084 DTXSID70651068 DTXSID20348830 DTXSID80457932 DTXSID10343637 DTXSID60500859 DTXSID20324518 DTXSID70478257 DTXSID50590188 DTXSID60471338
DTXSID8061133	DTXSID30755016 DTXSID60385461 DTXSID60446768 DTXSID10354228 DTXSID70645684 DTXSID10355573 DTXSID90857000 DTXSID70803545 DTXSID80467394 DTXSID20477619 DTXSID00501860 DTXSID60528699 DTXSID00522398 DTXSID50485005 DTXSID30744748 DTXSID0069915 DTXSID60603536 DTXSID30704488 DTXSID60634906 DTXSID60837258
DTXSID10586320	DTXSID60183484 DTXSID7044506 DTXSID20161445 DTXSID10285503 DTXSID80443794 DTXSID50368783 DTXSID50481946 DTXSID20455836 DTXSID00444965 DTXSID30420691 DTXSID60182598 DTXSID00441777 DTXSID8063834 DTXSID20403978 DTXSID20575982 DTXSID50709551 DTXSID70326067 DTXSID90182445 DTXSID30575690 DTXSID40304150
DTXSID40459179	DTXSID50418656 DTXSID40509345 DTXSID00332196 DTXSID90476876 DTXSID50843540 DTXSID70649208 DTXSID70403362 DTXSID80696107 DTXSID90350602 DTXSID50374021 DTXSID70631249 DTXSID70364282 DTXSID00210869 DTXSID10355255 DTXSID20812728 DTXSID50616953 DTXSID20509762 DTXSID80600426 DTXSID70293240 DTXSID50659704
DTXSID50775332	DTXSID00618164 DTXSID60460363 DTXSID40886880 DTXSID40840361 DTXSID3026564 DTXSID10805583 DTXSID00281130 DTXSID3042003 DTXSID00694029 DTXSID80893735 DTXSID90469309 DTXSID60300730 DTXSID30300722 DTXSID40880888 DTXSID90280773 DTXSID10239187 DTXSID00597728 DTXSID30793837 DTXSID9051741 DTXSID10317277
DTXSID2060387	DTXSID50896096 DTXSID50286771 DTXSID60774114 DTXSID80344898 DTXSID50392846 DTXSID00681035 DTXSID20478000 DTXSID90585790 DTXSID40762559 DTXSID80407917 DTXSID50853664 DTXSID60359485 DTXSID50374208 DTXSID40589445 DTXSID80466488 DTXSID80612226 DTXSID10406059 DTXSID60744413 DTXSID50684233 DTXSID30666870
DTXSID50552024	DTXSID40625731 DTXSID40822687 DTXSID20566476 DTXSID50454695 DTXSID70342626 DTXSID80699370 DTXSID60281853 DTXSID10515256 DTXSID00781261 DTXSID50650796 DTXSID10617229 DTXSID80611310 DTXSID90805965 DTXSID20453519 DTXSID30392965 DTXSID70599971 DTXSID20481190 DTXSID60640320 DTXSID00154719 DTXSID80786658
DTXSID10876652	DTXSID10672419 DTXSID60172090 DTXSID40786952 DTXSID10558300 DTXSID70186380 DTXSID10455688 DTXSID00576694 DTXSID40415351 DTXSID90238173 DTXSID00447830 DTXSID40174976 DTXSID70296791 DTXSID40340250 DTXSID00431456 DTXSID50602699 DTXSID20677536 DTXSID30806976 DTXSID90767216 DTXSID60293931 DTXSID90383879
DTXSID40610364	DTXSID90799633 DTXSID80456228 DTXSID90883667 DTXSID80472908 DTXSID50549631 DTXSID70891442 DTXSID70356086 DTXSID70296695 DTXSID40835055 DTXSID10645683 DTXSID50790207 DTXSID00406381 DTXSID50590007 DTXSID00842563 DTXSID90812856 DTXSID00735784 DTXSID60278066 DTXSID50425244 DTXSID50440356 DTXSID80278947
DTXSID40397623	DTXSID10221865 DTXSID60505389 DTXSID20791342 DTXSID40855132 DTXSID60375120 DTXSID40576875 DTXSID60287734 DTXSID90426058 DTXSID20582959 DTXSID40578238 DTXSID50345019 DTXSID70528403 DTXSID3058955 DTXSID00621330 DTXSID30874251 DTXSID90640974 DTXSID00645879 DTXSID30634231 DTXSID40722618 DTXSID00707608
DTXSID60460080	DTXSID00603530 DTXSID90352303 DTXSID00642146 DTXSID00842563 DTXSID20403978 DTXSID70281066 DTXSID80584818 DTXSID40392234 DTXSID70356086 DTXSID50709551 DTXSID80278947 DTXSID40200729 DTXSID50790207 DTXSID00444965 DTXSID50481946 DTXSID30612519 DTXSID30418639 DTXSID50368960 DTXSID60484049 DTXSID80456228
DTXSID70606674	DTXSID70835068 DTXSID50278717 DTXSID50682239 DTXSID50354606 DTXSID70667260 DTXSID80229196 DTXSID80618687 DTXSID50277740 DTXSID60363224 DTXSID10463425 DTXSID00501709 DTXSID00874349 DTXSID40885595 DTXSID10803882 DTXSID50455440 DTXSID40551980 DTXSID90395215 DTXSID90741551 DTXSID90845265 DTXSID00408825
DTXSID30747895	DTXSID50618174 DTXSID00858129 DTXSID80480780 DTXSID20285195 DTXSID10512301 DTXSID70170209 DTXSID00651975 DTXSID40359589 DTXSID60833316 DTXSID50408597 DTXSID90293308 DTXSID80742936 DTXSID00513140 DTXSID90669645 DTXSID70409389 DTXSID90696739 DTXSID80450049 DTXSID60661131 DTXSID60442705 DTXSID10388588
DTXSID20161445	DTXSID7044506 DTXSID50481946 DTXSID50368783 DTXSID80443794 DTXSID60183484 DTXSID50709551 DTXSID00441777 DTXSID10586320 DTXSID30418639 DTXSID60182598 DTXSID20403978 DTXSID20566037 DTXSID10285503 DTXSID20581402 DTXSID00434109 DTXSID00749265 DTXSID90734423 DTXSID40304150 DTXSID90443725 DTXSID30420691
DTXSID90829782	DTXSID00198572 DTXSID30805681 DTXSID60678188 DTXSID10653869 DTXSID60541126 DTXSID70233722 DTXSID70398688 DTXSID60209613 DTXSID90702066 DTXSID50552842 DTXSID50534885 DTXSID30727894 DTXSID30431606 DTXSID60721022 DTXSID80811237 DTXSID90302949 DTXSID50818738 DTXSID00510558 DTXSID20699051 DTXSID80836369
DTXSID10347973	DTXSID40341666 DTXSID10892094 DTXSID40341661 DTXSID80341660 DTXSID50792261 DTXSID60239677 DTXSID30297769 DTXSID90804832 DTXSID10783832 DTXSID20754452 DTXSID10324880 DTXSID20794979 DTXSID40647397 DTXSID30433605 DTXSID50700528 DTXSID20341664 DTXSID70346765 DTXSID70477528 DTXSID80705607 DTXSID60149080
DTXSID20640881	DTXSID10727852 DTXSID10392362 DTXSID10708742 DTXSID10367090 DTXSID40536090 DTXSID00188933 DTXSID20651932 DTXSID30896150 DTXSID50830854 DTXSID60221092 DTXSID90763672 DTXSID80548516 DTXSID70327150 DTXSID60646120 DTXSID80351527 DTXSID70239385 DTXSID90195772 DTXSID40703664 DTXSID10760229 DTXSID50351332
DTXSID40427974	DTXSID30489122 DTXSID30451763 DTXSID10824299 DTXSID20579586 DTXSID50482458 DTXSID00651450 DTXSID60451392 DTXSID90346101 DTXSID70573993 DTXSID00298647 DTXSID70478419 DTXSID80509708 DTXSID10640512 DTXSID90426058 DTXSID30578828 DTXSID00667551 DTXSID00186010 DTXSID70275501 DTXSID80434162 DTXSID40722618
DTXSID90672093	DTXSID10570168 DTXSID00517608 DTXSID80427877 DTXSID90487321 DTXSID60599107 DTXSID60621331 DTXSID50663326 DTXSID10453169 DTXSID80663551 DTXSID80570155 DTXSID10518525 DTXSID20467313 DTXSID50743394 DTXSID50533277 DTXSID40388879 DTXSID40162656 DTXSID40790690 DTXSID50853725 DTXSID20207695 DTXSID40721429
DTXSID40694669	DTXSID20307381 DTXSID40286260 DTXSID40403172 DTXSID50735557 DTXSID80748231 DTXSID10406892 DTXSID10364125 DTXSID60144510 DTXSID60533187 DTXSID70566264 DTXSID10473549 DTXSID60301085 DTXSID10177959 DTXSID60439599 DTXSID30735378 DTXSID90489385 DTXSID00651975 DTXSID40311824 DTXSID80742936 DTXSID40291475
DTXSID80742835	DTXSID40538872 DTXSID30433403 DTXSID60195567 DTXSID60522652 DTXSID70580985 DTXSID00669338 DTXSID80463679 DTXSID40210247 DTXSID40230768 DTXSID70541990 DTXSID20629777 DTXSID00744871 DTXSID90578465 DTXSID70582368 DTXSID40789600 DTXSID00186792 DTXSID40852686 DTXSID20237477 DTXSID10335214 DTXSID70548101
DTXSID00824708	DTXSID90284776 DTXSID90234635 DTXSID50833365 DTXSID60574717 DTXSID90646759 DTXSID90548921 DTXSID70705772 DTXSID10566046 DTXSID40244168 DTXSID10589058 DTXSID40282005 DTXSID10366846 DTXSID20310830 DTXSID20401419 DTXSID80666542 DTXSID90362083 DTXSID00429853 DTXSID40406567 DTXSID30524966 DTXSID50368506
DTXSID70655208	DTXSID20163247 DTXSID40452180 DTXSID40539147 DTXSID10538581 DTXSID80742315 DTXSID50610633 DTXSID30528383 DTXSID50833486 DTXSID80444665 DTXSID40477959 DTXSID40725124 DTXSID00463292 DTXSID30303990 DTXSID80675952 DTXSID20333766 DTXSID80851830 DTXSID50510164 DTXSID10466491 DTXSID30711814 DTXSID80309280
DTXSID70506807	DTXSID10803544 DTXSID90846131 DTXSID70886212 DTXSID20294181 DTXSID50748066 DTXSID40630966 DTXSID90422898 DTXSID80765302 DTXSID20832224 DTXSID10659982 DTXSID30797451 DTXSID30368908 DTXSID70459804 DTXSID90722587 DTXSID90208699 DTXSID30377479 DTXSID40609798 DTXSID30535875 DTXSID00618003 DTXSID20306273
DTXSID80765726	DTXSID8070542 DTXSID10277564 DTXSID20364550 DTXSID80763489 DTXSID00876525 DTXSID80694441 DTXSID20278103 DTXSID80466281 DTXSID00494304 DTXSID3058371 DTXSID60847019 DTXSID00813839 DTXSID60381564 DTXSID00590557 DTXSID50851009 DTXSID70505355 DTXSID70579435 DTXSID50605327 DTXSID20173846 DTXSID70629186
DTXSID50561575	DTXSID50217121 DTXSID50664858 DTXSID40804983 DTXSID50561257 DTXSID40733941 DTXSID40767105 DTXSID00592430 DTXSID70610372 DTXSID20595206 DTXSID50198623 DTXSID10547299 DTXSID90479640 DTXSID70528064 DTXSID30788844 DTXSID50313596 DTXSID40392491 DTXSID50275968 DTXSID80675972 DTXSID20144394 DTXSID70788843
DTXSID30809003	DTXSID00429333 DTXSID00618321 DTXSID30823229 DTXSID00165648 DTXSID00326035 DTXSID10294832 DTXSID40468084 DTXSID3057729 DTXSID80375703 DTXSID90722587 DTXSID20832224 DTXSID30368908 DTXSID20155783 DTXSID70896038 DTXSID80832225 DTXSID30717058 DTXSID30797451 DTXSID20316332 DTXSID10154664 DTXSID80668364
DTXSID10892094	DTXSID10347973 DTXSID50792261 DTXSID40341666 DTXSID60239677 DTXSID40341661 DTXSID80341660 DTXSID30297769 DTXSID90804832 DTXSID10783832 DTXSID20794979 DTXSID30433605 DTXSID20754452 DTXSID40647397 DTXSID50700528 DTXSID10324880 DTXSID70477528 DTXSID70346765 DTXSID20341664 DTXSID20536553 DTXSID60149080
DTXSID90355798	DTXSID00358977 DTXSID40648607 DTXSID80440283 DTXSID30587354 DTXSID30557810 DTXSID80402306 DTXSID20468163 DTXSID90348983 DTXSID60356272 DTXSID10726325 DTXSID70616516 DTXSID00513862 DTXSID30450099 DTXSID50629487 DTXSID70646651 DTXSID80399560 DTXSID10406736 DTXSID60458689 DTXSID40732550 DTXSID70199334
DTXSID10181490	DTXSID60454661 DTXSID30483483 DTXSID90408576 DTXSID2024791 DTXSID70721134 DTXSID90483020 DTXSID60542759 DTXSID40468009 DTXSID60365268 DTXSID80444004 DTXSID20597482 DTXSID20838140 DTXSID20500057 DTXSID50311390 DTXSID80742077 DTXSID50378741 DTXSID80528671 DTXSID60199601 DTXSID00305805 DTXSID80457351
DTXSID70181390	DTXSID80323562 DTXSID40797886 DTXSID90585376 DTXSID20318558 DTXSID8059007 DTXSID20366150 DTXSID70585778 DTXSID50520142 DTXSID90429206 DTXSID10349472 DTXSID00702794 DTXSID40233512 DTXSID70428777 DTXSID60819953 DTXSID10797277 DTXSID60302395 DTXSID00555646 DTXSID80296106 DTXSID50300042 DTXSID50351094
DTXSID90711173	DTXSID70720485 DTXSID70557152 DTXSID30778609 DTXSID50820432 DTXSID40483015 DTXSID60236282 DTXSID60715789 DTXSID50817701 DTXSID20840329 DTXSID80840345 DTXSID60772473 DTXSID50766705 DTXSID50752865 DTXSID50234378 DTXSID60776815 DTXSID60463576 DTXSID80793680 DTXSID90407807 DTXSID30786582 DTXSID70471960
DTXSID20448384	DTXSID40855399 DTXSID70589332 DTXSID30509238 DTXSID30852357 DTXSID20635878 DTXSID50659820 DTXSID20742359 DTXSID90344400 DTXSID60600166 DTXSID00154815 DTXSID50350724 DTXSID30758224 DTXSID50181954 DTXSID80737281 DTXSID70157833 DTXSID90317432 DTXSID20799641 DTXSID20579541 DTXSID20316332 DTXSID80397783
DTXSID10225964	DTXSID80839633 DTXSID80700910 DTXSID80787928 DTXSID50432918 DTXSID80305929 DTXSID00300092 DTXSID70866337 DTXSID70764187 DTXSID20896780 DTXSID20567448 DTXSID70791993 DTXSID40763243 DTXSID60520198 DTXSID70764248 DTXSID40748373 DTXSID80852064 DTXSID60840328 DTXSID20627031 DTXSID40511600 DTXSID60768896
DTXSID90395215	DTXSID10463425 DTXSID50277806 DTXSID80229196 DTXSID00759581 DTXSID60363224 DTXSID30651367 DTXSID50682239 DTXSID00874349 DTXSID00184410 DTXSID70835068 DTXSID10888816 DTXSID70606674 DTXSID90845265 DTXSID60344396 DTXSID80284826 DTXSID50455440 DTXSID20657292 DTXSID90615809 DTXSID00408825 DTXSID30568360
DTXSID00538116	DTXSID00848106 DTXSID10883785 DTXSID90448755 DTXSID30791772 DTXSID90720189 DTXSID10421101 DTXSID20456106 DTXSID4062646 DTXSID90339295 DTXSID50425022 DTXSID90801861 DTXSID40801856 DTXSID90226358 DTXSID50343292 DTXSID40488742 DTXSID00743021 DTXSID20887052 DTXSID40396010 DTXSID50562800 DTXSID30596148
DTXSID10630771	DTXSID70656250 DTXSID80492621 DTXSID20742031 DTXSID50421261 DTXSID90649664 DTXSID8032675 DTXSID10794382 DTXSID40474524 DTXSID90615809 DTXSID5068233 DTXSID1058004 DTXSID00738654 DTXSID00184410 DTXSID90201286 DTXSID90200471 DTXSID10454318 DTXSID50625101 DTXSID10728667 DTXSID30848593 DTXSID50383330
DTXSID60768018	DTXSID60334732 DTXSID40718915 DTXSID40604041 DTXSID40767246 DTXSID60818128 DTXSID80625518 DTXSID10338028 DTXSID40338031 DTXSID20793129 DTXSID50718906 DTXSID20627273 DTXSID90610016 DTXSID20818129 DTXSID30768005 DTXSID70840778 DTXSID00402808 DTXSID10579631 DTXSID00498408 DTXSID60767243 DTXSID90423986
DTXSID70788823	DTXSID60716933 DTXSID80351683 DTXSID90174022 DTXSID10307991 DTXSID90198723 DTXSID40831017 DTXSID00726157 DTXSID20431074 DTXSID10697122 DTXSID80589267 DTXSID90706165 DTXSID40196774 DTXSID80615318 DTXSID90315231 DTXSID00622867 DTXSID10653460 DTXSID10602690 DTXSID20857311 DTXSID10661166 DTXSID30208956
DTXSID70668959	DTXSID10384429 DTXSID70875984 DTXSID20739784 DTXSID90791359 DTXSID60196094 DTXSID50837267 DTXSID70815446 DTXSID10144424 DTXSID80325723 DTXSID70645886 DTXSID1067833 DTXSID60290586 DTXSID80391786 DTXSID90596124 DTXSID90699861 DTXSID00837752 DTXSID40641294 DTXSID70465081 DTXSID00346298 DTXSID70628795
DTXSID30476390	DTXSID60333760 DTXSID40325007 DTXSID40110056 DTXSID20374210 DTXSID30791313 DTXSID60772736 DTXSID00334377 DTXSID80523868 DTXSID70618434 DTXSID40589021 DTXSID40335101 DTXSID70513152 DTXSID30653301 DTXSID5052626 DTXSID00192999 DTXSID30543314 DTXSID0052590 DTXSID30364541 DTXSID10565357 DTXSID20541122
DTXSID00520894	DTXSID20354471 DTXSID40726050 DTXSID30711410 DTXSID50225620 DTXSID20168772 DTXSID60351681 DTXSID60618529 DTXSID10506361 DTXSID20642128 DTXSID50368506 DTXSID70649283 DTXSID00480469 DTXSID20445712 DTXSID70459046 DTXSID20488386 DTXSID50683468 DTXSID10366846 DTXSID00508773 DTXSID90362083 DTXSID90668592
DTXSID10326081	DTXSID30698318 DTXSID00388350 DTXSID80708592 DTXSID00418328 DTXSID80606589 DTXSID40473991 DTXSID10736227 DTXSID60370650 DTXSID30319213 DTXSID40879717 DTXSID20766015 DTXSID40241632 DTXSID10744428 DTXSID60540119 DTXSID50664979 DTXSID40393084 DTXSID20362990 DTXSID60780356 DTXSID20417717 DTXSID80543965
DTXSID20496845	DTXSID80760019 DTXSID60577829 DTXSID80772798 DTXSID00587664 DTXSID60820125 DTXSID90456951 DTXSID30667468 DTXSID40433398 DTXSID90294173 DTXSID30589813 DTXSID00805870 DTXSID80422286 DTXSID30241545 DTXSID90829020 DTXSID60402369 DTXSID00303922 DTXSID80537829 DTXSID10569931 DTXSID30837361 DTXSID40845735
DTXSID3052220	DTXSID10748022 DTXSID40781200 DTXSID50642439 DTXSID40286745 DTXSID60441410 DTXSID90336082 DTXSID90381395 DTXSID60743481 DTXSID50757613 DTXSID70421046 DTXSID10658556 DTXSID20651114 DTXSID40589743 DTXSID60526251 DTXSID40632869 DTXSID30388045 DTXSID90426730 DTXSID00530115 DTXSID70240254 DTXSID10185514
DTXSID50147050	DTXSID60785200 DTXSID10634274 DTXSID20292127 DTXSID8066347 DTXSID80712154 DTXSID60805533 DTXSID20564316 DTXSID10341552 DTXSID30879706 DTXSID70548989 DTXSID60495337 DTXSID90444156 DTXSID10425129 DTXSID00176032 DTXSID20875878 DTXSID80612887 DTXSID30574885 DTXSID70150627 DTXSID40225492 DTXSID40358239
DTXSID20878369	DTXSID00847114 DTXSID40813393 DTXSID10280770 DTXSID90750981 DTXSID90500261 DTXSID30787630 DTXSID90638174 DTXSID10822073 DTXSID60566011 DTXSID90444555 DTXSID00756111 DTXSID90773276 DTXSID90413625 DTXSID00787066 DTXSID80816742 DTXSID20613499 DTXSID60536552 DTXSID30218212 DTXSID10769772 DTXSID70536543
DTXSID70408650	DTXSID60800068 DTXSID60536719 DTXSID00391061 DTXSID90848559 DTXSID10343814 DTXSID2072881 DTXSID80299970 DTXSID40397668 DTXSID60327528 DTXSID10519254 DTXSID90346141 DTXSID10452955 DTXSID20477912 DTXSID70708324 DTXSID10733074 DTXSID20439196 DTXSID30511452 DTXSID50696412 DTXSID70557910 DTXSID00633478
DTXSID20745421	DTXSID00457217 DTXSID50846172 DTXSID00352374 DTXSID30693106 DTXSID50321954 DTXSID80369526 DTXSID60194212 DTXSID00352617 DTXSID50440356 DTXSID90699861 DTXSID20193125 DTXSID10787436 DTXSID90812856 DTXSID90767079 DTXSID40641294 DTXSID60631637 DTXSID10875943 DTXSID70815446 DTXSID60589644 DTXSID00742973
DTXSID40630906	DTXSID00566171 DTXSID80279919 DTXSID70741539 DTXSID60340974 DTXSID40757309 DTXSID70211469 DTXSID10561854 DTXSID10495721 DTXSID90238315 DTXSID80823330 DTXSID00365924 DTXSID10471666 DTXSID10661161 DTXSID30280974 DTXSID00411738 DTXSID30344146 DTXSID00559149 DTXSID30757277 DTXSID80649890 DTXSID10871440
DTXSID60579661	DTXSID00706792 DTXSID70623987 DTXSID80616800 DTXSID90441701 DTXSID00145324 DTXSID30541572 DTXSID20528397 DTXSID80809139 DTXSID70645881 DTXSID60778778 DTXSID00428720 DTXSID80343765 DTXSID50696972 DTXSID70359411 DTXSID00818667 DTXSID60876900 DTXSID10794029 DTXSID80290523 DTXSID50604052 DTXSID90561074
DTXSID80678185	DTXSID60344396 DTXSID50455440 DTXSID70637802 DTXSID90763758 DTXSID10175637 DTXSID90845265 DTXSID30290033 DTXSID00408825 DTXSID90741551 DTXSID00475971 DTXSID70447286 DTXSID80618687 DTXSID60755463 DTXSID50682239 DTXSID60326112 DTXSID00738098 DTXSID70667260 DTXSID0035748 DTXSID10788827 DTXSID40885595
DTXSID40294108	DTXSID20660963 DTXSID80896049 DTXSID50408638 DTXSID20857311 DTXSID90706165 DTXSID80589267 DTXSID30672274 DTXSID70310608 DTXSID40670741 DTXSID80615318 DTXSID10661166 DTXSID9068409 DTXSID50227583 DTXSID80492207 DTXSID80337326 DTXSID50697207 DTXSID20431074 DTXSID80378471 DTXSID40593845 DTXSID10307991
DTXSID00864907	DTXSID70515318 DTXSID40540738 DTXSID80540737 DTXSID30550023 DTXSID80177047 DTXSID80568138 DTXSID80594452 DTXSID80394919 DTXSID10693124 DTXSID00401154 DTXSID5021625 DTXSID90295286 DTXSID10311699 DTXSID90844430 DTXSID00667591 DTXSID80354371 DTXSID40398958 DTXSID40802984 DTXSID90587653 DTXSID40361622
DTXSID50154325	DTXSID80665479 DTXSID60618206 DTXSID90747351 DTXSID10448358 DTXSID30713434 DTXSID70662836 DTXSID10618094 DTXSID5020942 DTXSID80297118 DTXSID70428934 DTXSID50570960 DTXSID10556543 DTXSID40681493 DTXSID20493516 DTXSID70579652 DTXSID50429247 DTXSID60293931 DTXSID20616804 DTXSID80793069 DTXSID30797451
DTXSID30490596	DTXSID00513983 DTXSID20437475 DTXSID30789876 DTXSID00625858 DTXSID00466667 DTXSID70721437 DTXSID20192491 DTXSID70651563 DTXSID10340949 DTXSID80733804 DTXSID10672237 DTXSID30673064 DTXSID80170356 DTXSID00720635 DTXSID30855949 DTXSID20500274 DTXSID10749579 DTXSID10454010 DTXSID20361488 DTXSID30218010
DTXSID30376220	DTXSID90467087 DTXSID10780048 DTXSID00505505 DTXSID80769784 DTXSID70584509 DTXSID40474802 DTXSID00514839 DTXSID90406754 DTXSID80365068 DTXSID40543204 DTXSID60463011 DTXSID20880629 DTXSID10482090 DTXSID70711292 DTXSID8069565 DTXSID60704259 DTXSID50639965 DTXSID70491845 DTXSID90579073 DTXSID40527741
DTXSID60286045	DTXSID10742247 DTXSID50585418 DTXSID00346495 DTXSID20201895 DTXSID50494753 DTXSID90203604 DTXSID10820791 DTXSID90442410 DTXSID40380277 DTXSID70561092 DTXSID1061998 DTXSID40593340 DTXSID60533288 DTXSID60434766 DTXSID00669479 DTXSID10547456 DTXSID40610021 DTXSID20354870 DTXSID10696150 DTXSID40334275
DTXSID60177085	DTXSID60638580 DTXSID20392636 DTXSID70670451 DTXSID10795415 DTXSID80783400 DTXSID40176910 DTXSID40187824 DTXSID50888532 DTXSID00522176 DTXSID60522172 DTXSID40674047 DTXSID20826289 DTXSID50654936 DTXSID30694279 DTXSID60813476 DTXSID70284875 DTXSID10225444 DTXSID60796033 DTXSID50653984 DTXSID80675912
DTXSID80466488	DTXSID00452045 DTXSID50853664 DTXSID20478000 DTXSID70787230 DTXSID50392846 DTXSID50896096 DTXSID80463452 DTXSID10810733 DTXSID80350737 DTXSID7046388 DTXSID40655977 DTXSID20222787 DTXSID2060387 DTXSID70659443 DTXSID40164599 DTXSID00657250 DTXSID10406059 DTXSID40762559 DTXSID80344898 DTXSID60729402
DTXSID10364382	DTXSID50833688 DTXSID30287620 DTXSID50433142 DTXSID30541491 DTXSID30452775 DTXSID00650544 DTXSID30553130 DTXSID10156704 DTXSID80604707 DTXSID10726820 DTXSID00661216 DTXSID50804050 DTXSID40657274 DTXSID10282456 DTXSID30756543 DTXSID70461260 DTXSID80572891 DTXSID10371692 DTXSID90479640 DTXSID60284824
DTXSID10190002	DTXSID60675213 DTXSID60471818 DTXSID80200465 DTXSID30586387 DTXSID10766645 DTXSID10772928 DTXSID30594280 DTXSID40776999 DTXSID6047862 DTXSID00612400 DTXSID00725468 DTXSID70894756 DTXSID10482878 DTXSID30819304 DTXSID00378832 DTXSID7066643 DTXSID40504198 DTXSID50383330 DTXSID80540772 DTXSID10757811
DTXSID50653949	DTXSID30742365 DTXSID40459811 DTXSID80465552 DTXSID20807311 DTXSID50332560 DTXSID30527699 DTXSID70530864 DTXSID10742747 DTXSID5051602 DTXSID10396481 DTXSID90805602 DTXSID20695831 DTXSID90481965 DTXSID60587524 DTXSID20294540 DTXSID60175440 DTXSID40388076 DTXSID50849249 DTXSID80597261 DTXSID20734653
DTXSID10167355	DTXSID20282922 DTXSID10782168 DTXSID20799641 DTXSID50484710 DTXSID80397783 DTXSID60553360 DTXSID20603350 DTXSID50812190 DTXSID50350724 DTXSID40670701 DTXSID60447795 DTXSID80481954 DTXSID00154815 DTXSID70395576 DTXSID50759132 DTXSID90892294 DTXSID40645858 DTXSID50659820 DTXSID70157217 DTXSID90317432
DTXSID10708424	DTXSID10728889 DTXSID60600484 DTXSID60154331 DTXSID90805021 DTXSID40278640 DTXSID80299394 DTXSID70670057 DTXSID80381026 DTXSID10441586 DTXSID70560666 DTXSID00506799 DTXSID20548313 DTXSID00410983 DTXSID70795315 DTXSID30606317 DTXSID3041297 DTXSID10280518 DTXSID40673595 DTXSID70666899 DTXSID60369660
DTXSID00664580	DTXSID70781915 DTXSID20514770 DTXSID40462946 DTXSID50464178 DTXSID40222542 DTXSID20676867 DTXSID10565317 DTXSID60618529 DTXSID20488386 DTXSID50683468 DTXSID40195121 DTXSID80354275 DTXSID60612426 DTXSID6020012 DTXSID50342189 DTXSID90724384 DTXSID20168772 DTXSID00508773 DTXSID60351681 DTXSID50225620
DTXSID70585475	DTXSID10377573 DTXSID20284688 DTXSID40896727 DTXSID30816914 DTXSID70640932 DTXSID90387731 DTXSID50615385 DTXSID20733565 DTXSID20188935 DTXSID50704006 DTXSID50853169 DTXSID60661651 DTXSID80722556 DTXSID50660254 DTXSID60550516 DTXSID7073771 DTXSID40436167 DTXSID20384137 DTXSID10303817 DTXSID50283649
DTXSID80431818	DTXSID20503104 DTXSID40621910 DTXSID60626947 DTXSID30375137 DTXSID50220892 DTXSID10403669 DTXSID50825200 DTXSID30468391 DTXSID80281698 DTXSID00711265 DTXSID00220882 DTXSID10519178 DTXSID90591699 DTXSID8058827 DTXSID70509853 DTXSID70445949 DTXSID80661133 DTXSID30344888 DTXSID40543966 DTXSID60357421
DTXSID70284653	DTXSID00405935 DTXSID70612013 DTXSID20835977 DTXSID40481814 DTXSID30671323 DTXSID90573096 DTXSID60497336 DTXSID2071025 DTXSID70825242 DTXSID10649722 DTXSID50505318 DTXSID20403498 DTXSID50640319 DTXSID80776034 DTXSID70488750 DTXSID60340393 DTXSID80532359 DTXSID10463021 DTXSID50736206 DTXSID0075106
DTXSID70403246	DTXSID00302733 DTXSID70437465 DTXSID10307496 DTXSID00876742 DTXSID20732210 DTXSID40180330 DTXSID1036886 DTXSID70353111 DTXSID00363884 DTXSID30385110 DTXSID10650378 DTXSID10313815 DTXSID60425199 DTXSID30544023 DTXSID60222746 DTXSID70589837 DTXSID70739012 DTXSID80589808 DTXSID40661119 DTXSID40845735
DTXSID20793129	DTXSID40604041 DTXSID10579631 DTXSID70840778 DTXSID10338028 DTXSID90610016 DTXSID60334732 DTXSID80625518 DTXSID20337941 DTXSID20627273 DTXSID60768018 DTXSID40767246 DTXSID60818128 DTXSID90826973 DTXSID00402808 DTXSID60501967 DTXSID40718915 DTXSID80824408 DTXSID30768005 DTXSID60627272 DTXSID40338031
DTXSID90613002	DTXSID10223001 DTXSID40504198 DTXSID40776999 DTXSID70589791 DTXSID60203318 DTXSID50328963 DTXSID10794382 DTXSID9048194 DTXSID30342460 DTXSID00442784 DTXSID70382744 DTXSID30848593 DTXSID80561528 DTXSID30318428 DTXSID70224155 DTXSID90237247 DTXSID10766645 DTXSID70894756 DTXSID70537510 DTXSID80200465
DTXSID40295857	DTXSID70791175 DTXSID40533943 DTXSID00462285 DTXSID10350624 DTXSID50607326 DTXSID60707341 DTXSID50844436 DTXSID20321380 DTXSID90278397 DTXSID70674131 DTXSID00897119 DTXSID30350808 DTXSID30537475 DTXSID90182288 DTXSID40392234 DTXSID10371591 DTXSID80584818 DTXSID50404332 DTXSID50368960 DTXSID60368299
DTXSID70469908	DTXSID10303695 DTXSID40669115 DTXSID30226478 DTXSID80291373 DTXSID80351481 DTXSID70373576 DTXSID30167650 DTXSID20793821 DTXSID10148321 DTXSID30717210 DTXSID50628091 DTXSID60734490 DTXSID00876287 DTXSID70318765 DTXSID50361411 DTXSID20393249 DTXSID50400490 DTXSID40737303 DTXSID7070769 DTXSID10830875
DTXSID60278066	DTXSID10645683 DTXSID50790207 DTXSID80278947 DTXSID70344367 DTXSID70296695 DTXSID90681564 DTXSID50590007 DTXSID90404174 DTXSID70326067 DTXSID60166439 DTXSID40721146 DTXSID60174670 DTXSID90799633 DTXSID20403978 DTXSID80423172 DTXSID90352303 DTXSID10799296 DTXSID50549631 DTXSID30374882 DTXSID80456228
DTXSID00418545	DTXSID00651859 DTXSID9025403 DTXSID20830144 DTXSID20503528 DTXSID40289458 DTXSID20848446 DTXSID00502372 DTXSID90702268 DTXSID30652637 DTXSID40288729 DTXSID30734205 DTXSID00390094 DTXSID7044764 DTXSID9073628 DTXSID80289457 DTXSID90585831 DTXSID70223906 DTXSID80405872 DTXSID90524487 DTXSID30238455
DTXSID50425022	DTXSID90339295 DTXSID90693223 DTXSID40396010 DTXSID30596148 DTXSID50562800 DTXSID90707415 DTXSID10421101 DTXSID60403199 DTXSID90448755 DTXSID10443666 DTXSID00538116 DTXSID50343292 DTXSID00743021 DTXSID20627495 DTXSID00848106 DTXSID70509131 DTXSID90759515 DTXSID00202365 DTXSID10883785 DTXSID70436918
DTXSID50303811	DTXSID60435793 DTXSID50308568 DTXSID30659560 DTXSID50292099 DTXSID70488179 DTXSID60700392 DTXSID20190891 DTXSID10292499 DTXSID00398232 DTXSID50336265 DTXSID40818848 DTXSID00314654 DTXSID30423703 DTXSID00311522 DTXSID00773323 DTXSID10142980 DTXSID90598183 DTXSID10395035 DTXSID40349804 DTXSID10517078
DTXSID70589756	DTXSID60193361 DTXSID60885855 DTXSID50404296 DTXSID10511354 DTXSID20275814 DTXSID90187238 DTXSID10786282 DTXSID90549170 DTXSID70739012 DTXSID10675228 DTXSID60473099 DTXSID60542052 DTXSID80695776 DTXSID10733776 DTXSID70693504 DTXSID20668040 DTXSID40607633 DTXSID30667468 DTXSID20781223 DTXSID30566720
DTXSID40756958	DTXSID60188272 DTXSID70212037 DTXSID40532698 DTXSID20352578 DTXSID00317504 DTXSID70757958 DTXSID70502965 DTXSID00186176 DTXSID40508272 DTXSID50527333 DTXSID10275540 DTXSID60734738 DTXSID20170794 DTXSID30621282 DTXSID10444416 DTXSID00389746 DTXSID50787394 DTXSID40392471 DTXSID60580712 DTXSID50508066
DTXSID90840538	DTXSID00299730 DTXSID10675647 DTXSID80656180 DTXSID00730012 DTXSID20406202 DTXSID90695323 DTXSID8060610 DTXSID60739526 DTXSID30223629 DTXSID10618519 DTXSID60187083 DTXSID50631606 DTXSID30787357 DTXSID10177550 DTXSID20834086 DTXSID30678938 DTXSID50697429 DTXSID20325065 DTXSID50304707 DTXSID00681999
DTXSID70619188	DTXSID70711898 DTXSID80175922 DTXSID50383092 DTXSID1063435 DTXSID30628892 DTXSID70857280 DTXSID70613904 DTXSID80619210 DTXSID80374438 DTXSID00407818 DTXSID80729308 DTXSID80646465 DTXSID60503325 DTXSID40371741 DTXSID40354256 DTXSID30453025 DTXSID50778944 DTXSID90625201 DTXSID80191703 DTXSID70749176
DTXSID40711522	DTXSID90618219 DTXSID60655358 DTXSID30494877 DTXSID10501472 DTXSID1044514 DTXSID70317031 DTXSID60289273 DTXSID70218155 DTXSID40526072 DTXSID50696790 DTXSID40751488 DTXSID10351257 DTXSID60829072 DTXSID40396919 DTXSID90505372 DTXSID60312176 DTXSID30583038 DTXSID00511303 DTXSID20834607 DTXSID30471749
DTXSID00720559	DTXSID50576785 DTXSID80240427 DTXSID30709812 DTXSID30456915 DTXSID70333175 DTXSID90513452 DTXSID10240733 DTXSID90559138 DTXSID20815673 DTXSID00820260 DTXSID60315945 DTXSID60417812 DTXSID60558310 DTXSID20495555 DTXSID40521749 DTXSID50448771 DTXSID20323440 DTXSID40488742 DTXSID30596148 DTXSID10439620
DTXSID70299444	DTXSID00277376 DTXSID70354901 DTXSID20415915 DTXSID70276593 DTXSID9068904 DTXSID30177557 DTXSID00356670 DTXSID70730968 DTXSID90530907 DTXSID70597735 DTXSID50814573 DTXSID0061327 DTXSID70813427 DTXSID70757877 DTXSID20605314 DTXSID90793535 DTXSID20585925 DTXSID00503783 DTXSID80634847 DTXSID80404820
DTXSID10506361	DTXSID20642128 DTXSID60680908 DTXSID60351681 DTXSID00480469 DTXSID40726050 DTXSID00508773 DTXSID40404280 DTXSID00520894 DTXSID20354471 DTXSID60618529 DTXSID70649283 DTXSID20419099 DTXSID50452131 DTXSID20445712 DTXSID30711410 DTXSID00384771 DTXSID60233812 DTXSID90668592 DTXSID50225620 DTXSID50368506
DTXSID00216604	DTXSID10208878 DTXSID90459821 DTXSID20226240 DTXSID80542059 DTXSID70876815 DTXSID00563342 DTXSID20707605 DTXSID50700765 DTXSID30287665 DTXSID80843452 DTXSID10403003 DTXSID00386154 DTXSID80555467 DTXSID40656964 DTXSID80885534 DTXSID20144415 DTXSID20467757 DTXSID40530558 DTXSID90634530 DTXSID10667562
DTXSID60740637	DTXSID00820260 DTXSID70780766 DTXSID90513452 DTXSID60315945 DTXSID20792955 DTXSID80283036 DTXSID30167256 DTXSID50596322 DTXSID80611870 DTXSID60558310 DTXSID10448853 DTXSID20815673 DTXSID20571666 DTXSID40474807 DTXSID70499967 DTXSID80240427 DTXSID80676767 DTXSID50576785 DTXSID20876587 DTXSID00720559
DTXSID70601927	DTXSID60831973 DTXSID60435733 DTXSID10548160 DTXSID20623710 DTXSID20761262 DTXSID70392924 DTXSID10298456 DTXSID90757551 DTXSID10846613 DTXSID70548601 DTXSID20590413 DTXSID00681696 DTXSID90727173 DTXSID10847428 DTXSID00419451 DTXSID00486769 DTXSID70736602 DTXSID70586169 DTXSID80513800 DTXSID40581646
DTXSID40682364	DTXSID80456728 DTXSID70477947 DTXSID30325278 DTXSID80877338 DTXSID40382812 DTXSID00678208 DTXSID70759654 DTXSID90179991 DTXSID60640047 DTXSID80637257 DTXSID0024266 DTXSID10518727 DTXSID10661722 DTXSID10700029 DTXSID90796884 DTXSID50767131 DTXSID00802182 DTXSID5070232 DTXSID40749587 DTXSID80441533
DTXSID10734940	DTXSID00409377 DTXSID20627854 DTXSID90178803 DTXSID00646205 DTXSID90670291 DTXSID70743659 DTXSID50515578 DTXSID00495710 DTXSID80646384 DTXSID10609124 DTXSID60646322 DTXSID40650583 DTXSID30236037 DTXSID50734328 DTXSID10301237 DTXSID60646307 DTXSID90396969 DTXSID50212651 DTXSID90434592 DTXSID40827091
DTXSID00401154	DTXSID70515318 DTXSID80394919 DTXSID00667591 DTXSID90844430 DTXSID10669849 DTXSID80177047 DTXSID60770393 DTXSID80594452 DTXSID00864907 DTXSID00341006 DTXSID60655595 DTXSID90519151 DTXSID20501347 DTXSID40361622 DTXSID80568138 DTXSID00651056 DTXSID80539823 DTXSID90587653 DTXSID80784659 DTXSID40540738
DTXSID40493593	DTXSID00802844 DTXSID80369228 DTXSID7029372 DTXSID40526577 DTXSID80603654 DTXSID70319419 DTXSID20639957 DTXSID70531472 DTXSID80819470 DTXSID10678537 DTXSID50719852 DTXSID10309314 DTXSID20522476 DTXSID60341603 DTXSID70678311 DTXSID10327533 DTXSID40487235 DTXSID90286755 DTXSID00829995 DTXSID80674147
DTXSID40886941	DTXSID10185514 DTXSID50462639 DTXSID80517949 DTXSID60743481 DTXSID70858070 DTXSID90336082 DTXSID10842978 DTXSID30752484 DTXSID00441171 DTXSID10784723 DTXSID10448414 DTXSID20615493 DTXSID50590385 DTXSID10447669 DTXSID30336703 DTXSID20651114 DTXSID90176884 DTXSID40398079 DTXSID90213687 DTXSID40781200
DTXSID00444344	DTXSID70241625 DTXSID50709910 DTXSID40462249 DTXSID30567075 DTXSID80543061 DTXSID70559191 DTXSID50354681 DTXSID20476162 DTXSID50188302 DTXSID50621249 DTXSID00452565 DTXSID50728005 DTXSID50527777 DTXSID10518101 DTXSID70359395 DTXSID00523683 DTXSID80502759 DTXSID90145474 DTXSID30870975 DTXSID30805747
DTXSID00346814	DTXSID70566047 DTXSID90621804 DTXSID70857629 DTXSID80169381 DTXSID50588202 DTXSID30444372 DTXSID20573165 DTXSID50188105 DTXSID40504658 DTXSID90497142 DTXSID00653257 DTXSID40508237 DTXSID60640668 DTXSID10399351 DTXSID00482887 DTXSID80593006 DTXSID00375361 DTXSID90330949 DTXSID70731571 DTXSID60575966
DTXSID20401419	DTXSID60574717 DTXSID10790682 DTXSID70826658 DTXSID90646759 DTXSID50616039 DTXSID90780066 DTXSID00484361 DTXSID30505255 DTXSID70394983 DTXSID70705772 DTXSID90234635 DTXSID40406567 DTXSID90548921 DTXSID70495707 DTXSID80664785 DTXSID60707962 DTXSID00521083 DTXSID50312665 DTXSID90284776 DTXSID00824708
DTXSID80369526	DTXSID50321954 DTXSID10787436 DTXSID60194212 DTXSID00352617 DTXSID3037549 DTXSID20745421 DTXSID00352374 DTXSID50494990 DTXSID00346298 DTXSID70554040 DTXSID70465081 DTXSID70725612 DTXSID70628795 DTXSID10332006 DTXSID00457217 DTXSID50716063 DTXSID50846172 DTXSID90699861 DTXSID30693106 DTXSID10767591
DTXSID70494230	DTXSID30708643 DTXSID10528381 DTXSID50312665 DTXSID30572083 DTXSID40311142 DTXSID10361513 DTXSID20216666 DTXSID80192573 DTXSID50392285 DTXSID80664785 DTXSID70495707 DTXSID10609765 DTXSID30505255 DTXSID00488824 DTXSID90780066 DTXSID80224782 DTXSID10626018 DTXSID60388210 DTXSID60233812 DTXSID40655230
DTXSID10784723	DTXSID50590385 DTXSID20651114 DTXSID60743481 DTXSID20615493 DTXSID30336703 DTXSID70757352 DTXSID90426730 DTXSID10185514 DTXSID60640320 DTXSID40398079 DTXSID50462639 DTXSID40886941 DTXSID40212084 DTXSID00603732 DTXSID70858070 DTXSID80431070 DTXSID20839490 DTXSID10448414 DTXSID40781200 DTXSID10658556
DTXSID70499149	DTXSID20302452 DTXSID40321322 DTXSID60358175 DTXSID50546887 DTXSID80528156 DTXSID30419742 DTXSID10174948 DTXSID40528152 DTXSID60733408 DTXSID30505336 DTXSID90156823 DTXSID60284147 DTXSID50670919 DTXSID50175959 DTXSID10564764 DTXSID10282310 DTXSID90354120 DTXSID20591743 DTXSID80601918 DTXSID90164963
DTXSID80629490	DTXSID30788642 DTXSID20293093 DTXSID40673595 DTXSID60459959 DTXSID20548313 DTXSID90799638 DTXSID60281555 DTXSID60369660 DTXSID70560666 DTXSID80299394 DTXSID60154331 DTXSID80318034 DTXSID3041297 DTXSID20390950 DTXSID00539461 DTXSID70695260 DTXSID10796583 DTXSID50375033 DTXSID90156141 DTXSID80381026
DTXSID60540119	DTXSID40879717 DTXSID20191888 DTXSID70594325 DTXSID00388350 DTXSID10736227 DTXSID30698318 DTXSID80708592 DTXSID10326081 DTXSID90466833 DTXSID40744315 DTXSID10705554 DTXSID00542773 DTXSID60370650 DTXSID80543965 DTXSID40393084 DTXSID00182759 DTXSID90474372 DTXSID50664979 DTXSID60151047 DTXSID00241971
DTXSID80631275	DTXSID50662359 DTXSID20327009 DTXSID40773983 DTXSID90445805 DTXSID80558271 DTXSID40194558 DTXSID80442686 DTXSID20798412 DTXSID30144305 DTXSID60325125 DTXSID90313636 DTXSID30176540 DTXSID40415679 DTXSID40450409 DTXSID20151705 DTXSID10672792 DTXSID20465495 DTXSID40617934 DTXSID50467346 DTXSID50218416
DTXSID80161820	DTXSID70568940 DTXSID70622516 DTXSID30511391 DTXSID60614763 DTXSID00361249 DTXSID40567809 DTXSID20563844 DTXSID40588251 DTXSID30308384 DTXSID60797262 DTXSID00641119 DTXSID90642135 DTXSID10360203 DTXSID9022100 DTXSID90374489 DTXSID9047095 DTXSID70734148 DTXSID80175942 DTXSID70294838 DTXSID40211431
DTXSID80780792	DTXSID10579717 DTXSID10199636 DTXSID20151705 DTXSID70652434 DTXSID10814695 DTXSID90445805 DTXSID90759338 DTXSID50662359 DTXSID40194558 DTXSID10712889 DTXSID60875877 DTXSID80558271 DTXSID70621009 DTXSID20416442 DTXSID20322453 DTXSID80282226 DTXSID80442686 DTXSID30176540 DTXSID00371186 DTXSID20327009
DTXSID70645881	DTXSID80343765 DTXSID30167256 DTXSID80611870 DTXSID70623987 DTXSID90509850 DTXSID60778778 DTXSID60579661 DTXSID00642424 DTXSID00706792 DTXSID30169250 DTXSID40474807 DTXSID80342874 DTXSID30707191 DTXSID00564713 DTXSID30844257 DTXSID70499967 DTXSID20792955 DTXSID80346155 DTXSID70780766 DTXSID30541572
DTXSID70645886	DTXSID80325723 DTXSID50837267 DTXSID10144424 DTXSID60589583 DTXSID90596124 DTXSID70815446 DTXSID70875984 DTXSID90791359 DTXSID60290586 DTXSID70668959 DTXSID40641294 DTXSID90430256 DTXSID40606782 DTXSID40757268 DTXSID90699861 DTXSID10384429 DTXSID1067833 DTXSID70184189 DTXSID70280852 DTXSID40835055
DTXSID30559278	DTXSID10498474 DTXSID80694421 DTXSID20337542 DTXSID80385786 DTXSID50310186 DTXSID60236000 DTXSID00653333 DTXSID20467757 DTXSID80206088 DTXSID40656964 DTXSID30421648 DTXSID80555467 DTXSID90182107 DTXSID60725005 DTXSID10784768 DTXSID00680048 DTXSID20696949 DTXSID10792868 DTXSID20896169 DTXSID60564971
DTXSID90280773	DTXSID10317277 DTXSID70711257 DTXSID40886880 DTXSID00281130 DTXSID00694029 DTXSID8051706 DTXSID90469309 DTXSID50766705 DTXSID40840361 DTXSID10805583 DTXSID60236282 DTXSID50775332 DTXSID70720485 DTXSID00618164 DTXSID90711173 DTXSID70557152 DTXSID80840345 DTXSID30778609 DTXSID30793837 DTXSID50817701
DTXSID70637802	DTXSID10175637 DTXSID90763758 DTXSID70447286 DTXSID50455440 DTXSID90845265 DTXSID80678185 DTXSID80618687 DTXSID60344396 DTXSID50682239 DTXSID10433567 DTXSID90741551 DTXSID30290033 DTXSID00738098 DTXSID0035748 DTXSID50354606 DTXSID10739314 DTXSID00408825 DTXSID70667260 DTXSID70606674 DTXSID70835068
DTXSID50160901	DTXSID90635143 DTXSID00153121 DTXSID20837330 DTXSID60645335 DTXSID80499392 DTXSID30237408 DTXSID40214245 DTXSID00620621 DTXSID80367027 DTXSID90310120 DTXSID90875986 DTXSID20289310 DTXSID30225941 DTXSID10364903 DTXSID10590306 DTXSID50395377 DTXSID70563218 DTXSID50736766 DTXSID20857659 DTXSID30203209
DTXSID40186675	DTXSID80382194 DTXSID90808572 DTXSID70322903 DTXSID70314449 DTXSID50334625 DTXSID90275528 DTXSID4072233 DTXSID30207207 DTXSID30574648 DTXSID80427291 DTXSID10896335 DTXSID30192987 DTXSID50732122 DTXSID00896208 DTXSID10814392 DTXSID10143558 DTXSID60829355 DTXSID30379473 DTXSID90513997 DTXSID70803782
DTXSID90379454	DTXSID20442145 DTXSID50310222 DTXSID1072260 DTXSID70791059 DTXSID60729821 DTXSID80207252 DTXSID10720242 DTXSID90185830 DTXSID20462242 DTXSID00387843 DTXSID70674474 DTXSID80284285 DTXSID40297356 DTXSID50638155 DTXSID40423173 DTXSID80451430 DTXSID20876683 DTXSID20876264 DTXSID40427853 DTXSID10440756
DTXSID30773912	DTXSID40823492 DTXSID00153661 DTXSID30826654 DTXSID00314351 DTXSID80436722 DTXSID90787090 DTXSID30155996 DTXSID90241283 DTXSID30198141 DTXSID20162997 DTXSID70851288 DTXSID40652547 DTXSID50838375 DTXSID20302371 DTXSID50783619 DTXSID00428624 DTXSID4070378 DTXSID00832722 DTXSID70329513 DTXSID00148017
DTXSID00334377	DTXSID30364541 DTXSID60772736 DTXSID20374210 DTXSID30543314 DTXSID40589021 DTXSID5052626 DTXSID30791313 DTXSID40335101 DTXSID40110056 DTXSID00192999 DTXSID90191012 DTXSID0052590 DTXSID20541122 DTXSID30476390 DTXSID50613285 DTXSID60333760 DTXSID20370833 DTXSID40325007 DTXSID70618434 DTXSID80176974
DTXSID20718998	DTXSID80343442 DTXSID70334960 DTXSID10179115 DTXSID70504686 DTXSID6036885 DTXSID90698511 DTXSID10547673 DTXSID70744909 DTXSID90547671 DTXSID90623222 DTXSID50483384 DTXSID30323618 DTXSID80706492 DTXSID60536810 DTXSID10483385 DTXSID70449649 DTXSID30532662 DTXSID20368295 DTXSID60514936 DTXSID80409214
DTXSID50818359	DTXSID70147895 DTXSID70165236 DTXSID00631737 DTXSID80354876 DTXSID60473115 DTXSID70724089 DTXSID00461238 DTXSID60470523 DTXSID00747382 DTXSID00181464 DTXSID10503052 DTXSID20646803 DTXSID20295517 DTXSID40297775 DTXSID90547797 DTXSID80601317 DTXSID10430157 DTXSID20212022 DTXSID6041769 DTXSID2047016
DTXSID90774940	DTXSID80384411 DTXSID30202378 DTXSID30445344 DTXSID40613158 DTXSID60602903 DTXSID80442828 DTXSID90154602 DTXSID30415688 DTXSID60502116 DTXSID90342643 DTXSID50606874 DTXSID00216765 DTXSID60813572 DTXSID10837041 DTXSID70794808 DTXSID90834472 DTXSID90349995 DTXSID20427937 DTXSID40640121 DTXSID90510688
DTXSID90674456	DTXSID1073367 DTXSID00366613 DTXSID00730234 DTXSID10879603 DTXSID90517016 DTXSID00876464 DTXSID50367973 DTXSID20493056 DTXSID10814130 DTXSID40876463 DTXSID40649518 DTXSID40750774 DTXSID00512653 DTXSID10500445 DTXSID20459172 DTXSID20812723 DTXSID20596511 DTXSID20289310 DTXSID50736766 DTXSID60225090
DTXSID00637734	DTXSID10495246 DTXSID40449691 DTXSID30718065 DTXSID40706014 DTXSID90622179 DTXSID00783982 DTXSID5069912 DTXSID90520141 DTXSID60378590 DTXSID40541644 DTXSID50553950 DTXSID70353237 DTXSID30479922 DTXSID20163722 DTXSID10733776 DTXSID60473099 DTXSID10803483 DTXSID10340247 DTXSID20640866 DTXSID00541362
DTXSID70879341	DTXSID20694627 DTXSID00739348 DTXSID10399351 DTXSID90330949 DTXSID70731571 DTXSID00375361 DTXSID50850557 DTXSID50557377 DTXSID10749731 DTXSID20345824 DTXSID30408732 DTXSID70599254 DTXSID70768221 DTXSID00618124 DTXSID80541527 DTXSID40504658 DTXSID20676923 DTXSID10619203 DTXSID50632779 DTXSID60575966
DTXSID60745268	DTXSID30208956 DTXSID40429296 DTXSID60436442 DTXSID70477588 DTXSID00622867 DTXSID40658504 DTXSID80284886 DTXSID30311434 DTXSID40196774 DTXSID90527695 DTXSID80465552 DTXSID40831017 DTXSID10582342 DTXSID50629068 DTXSID10656335 DTXSID80422327 DTXSID90198723 DTXSID90278690 DTXSID90174022 DTXSID20294540
DTXSID80441533	DTXSID60700918 DTXSID10700029 DTXSID40332150 DTXSID30443108 DTXSID40382812 DTXSID40749587 DTXSID20793508 DTXSID0052388 DTXSID5052387 DTXSID40156419 DTXSID50345559 DTXSID20544931 DTXSID60640047 DTXSID90458399 DTXSID60806661 DTXSID40682364 DTXSID70759654 DTXSID10518727 DTXSID80877338 DTXSID80456728
DTXSID00389105	DTXSID20648620 DTXSID10604336 DTXSID20403610 DTXSID80289396 DTXSID60489296 DTXSID00670222 DTXSID80593521 DTXSID00559528 DTXSID80528671 DTXSID00502857 DTXSID50352682 DTXSID80855090 DTXSID50534365 DTXSID50356468 DTXSID20640467 DTXSID30288293 DTXSID70669229 DTXSID80299652 DTXSID20500057 DTXSID10180923
DTXSID10749731	DTXSID70768221 DTXSID70599254 DTXSID80819157 DTXSID10343415 DTXSID80564074 DTXSID50557377 DTXSID10189517 DTXSID30408732 DTXSID0025442 DTXSID40663259 DTXSID50768289 DTXSID10614374 DTXSID50632779 DTXSID10166661 DTXSID20652828 DTXSID60807198 DTXSID70879341 DTXSID30275143 DTXSID80541527 DTXSID10214297
DTXSID10498474	DTXSID50310186 DTXSID00653333 DTXSID30421648 DTXSID30767634 DTXSID30559278 DTXSID50341016 DTXSID60767021 DTXSID60184532 DTXSID40656964 DTXSID80555467 DTXSID20467757 DTXSID80885534 DTXSID60292449 DTXSID10484514 DTXSID9057979 DTXSID20204487 DTXSID10792868 DTXSID50242539 DTXSID80847197 DTXSID80385786
DTXSID00752693	DTXSID90806856 DTXSID50709955 DTXSID70800130 DTXSID20750954 DTXSID50798187 DTXSID30867724 DTXSID00828564 DTXSID60469452 DTXSID00767500 DTXSID6048888 DTXSID30155633 DTXSID90398428 DTXSID30174849 DTXSID10658374 DTXSID60795809 DTXSID20765467 DTXSID10744741 DTXSID90693561 DTXSID30579431 DTXSID70670234
DTXSID70553659	DTXSID60646347 DTXSID10298976 DTXSID8060298 DTXSID00646629 DTXSID40671112 DTXSID70578549 DTXSID50701111 DTXSID10508668 DTXSID90162424 DTXSID60427815 DTXSID30671207 DTXSID80573368 DTXSID50528168 DTXSID30583295 DTXSID40432169 DTXSID80482123 DTXSID50669924 DTXSID70665448 DTXSID30308581 DTXSID20646787
DTXSID60404409	DTXSID40292366 DTXSID20657131 DTXSID30621202 DTXSID90879303 DTXSID30646278 DTXSID50739292 DTXSID20514699 DTXSID80703926 DTXSID00430803 DTXSID90381971 DTXSID40605891 DTXSID00464143 DTXSID00672261 DTXSID10695087 DTXSID40622947 DTXSID10584821 DTXSID00672044 DTXSID70142845 DTXSID80729005 DTXSID90392163
DTXSID70682094	DTXSID00534895 DTXSID20342752 DTXSID40773322 DTXSID00694584 DTXSID70852235 DTXSID90663507 DTXSID6048096 DTXSID40844809 DTXSID80615070 DTXSID50497966 DTXSID00635194 DTXSID60428125 DTXSID80423814 DTXSID40392951 DTXSID40173409 DTXSID40615793 DTXSID50698456 DTXSID20212729 DTXSID20167826 DTXSID00423917
DTXSID20554217	DTXSID90445022 DTXSID20675239 DTXSID80238102 DTXSID40820608 DTXSID60499097 DTXSID20805731 DTXSID80639059 DTXSID20737725 DTXSID20525381 DTXSID6070560 DTXSID90284610 DTXSID20454682 DTXSID10647309 DTXSID80541481 DTXSID60471398 DTXSID10390348 DTXSID80506732 DTXSID50423907 DTXSID20744171 DTXSID60834161
DTXSID60601471	DTXSID60354011 DTXSID70545993 DTXSID80483231 DTXSID40467239 DTXSID60727382 DTXSID20206981 DTXSID3063095 DTXSID70750944 DTXSID80801294 DTXSID00508096 DTXSID50322764 DTXSID70856511 DTXSID90391712 DTXSID80771766 DTXSID90850894 DTXSID70282356 DTXSID00721268 DTXSID80851239 DTXSID20867834 DTXSID30277485
DTXSID30704488	DTXSID60837258 DTXSID50640834 DTXSID70645684 DTXSID50485005 DTXSID00522398 DTXSID40633972 DTXSID70783656 DTXSID90857000 DTXSID10292035 DTXSID30755016 DTXSID00567961 DTXSID60282168 DTXSID00390236 DTXSID00196518 DTXSID10651542 DTXSID50569319 DTXSID0073291 DTXSID10352800 DTXSID40696461 DTXSID90370522
DTXSID60778778	DTXSID80342874 DTXSID6044773 DTXSID70359411 DTXSID00564713 DTXSID90543810 DTXSID70623987 DTXSID00428720 DTXSID80673756 DTXSID00145324 DTXSID80343765 DTXSID80809139 DTXSID90561074 DTXSID00639591 DTXSID40226601 DTXSID00706792 DTXSID40606005 DTXSID70645881 DTXSID80346155 DTXSID10564320 DTXSID60579661
DTXSID10856277	DTXSID00698709 DTXSID20547043 DTXSID60493752 DTXSID90739938 DTXSID00708473 DTXSID80577280 DTXSID10443964 DTXSID20591980 DTXSID50680679 DTXSID10380608 DTXSID30849888 DTXSID10628991 DTXSID30757297 DTXSID20787826 DTXSID50183731 DTXSID20384071 DTXSID60836468 DTXSID80792436 DTXSID20822403 DTXSID90578445
DTXSID50375432	DTXSID20572759 DTXSID30405488 DTXSID20222383 DTXSID70883463 DTXSID60454621 DTXSID20636340 DTXSID40279773 DTXSID90320648 DTXSID40358815 DTXSID10845207 DTXSID80704312 DTXSID80438847 DTXSID40396237 DTXSID00377885 DTXSID10371152 DTXSID00614904 DTXSID90439183 DTXSID50848459 DTXSID20718317 DTXSID90235405
DTXSID30627320	DTXSID00540491 DTXSID20641217 DTXSID50438652 DTXSID70705999 DTXSID90344743 DTXSID50846995 DTXSID80804386 DTXSID30781931 DTXSID30148065 DTXSID10439569 DTXSID90557492 DTXSID80459037 DTXSID40159763 DTXSID20754952 DTXSID60528538 DTXSID70591172 DTXSID30482754 DTXSID90293828 DTXSID20406904 DTXSID40640242
DTXSID30725633	DTXSID10455784 DTXSID40579149 DTXSID20581644 DTXSID80288586 DTXSID40357808 DTXSID20353681 DTXSID70589791 DTXSID50512103 DTXSID60829451 DTXSID40460886 DTXSID30342460 DTXSID10280755 DTXSID40641996 DTXSID00887636 DTXSID70500269 DTXSID70639144 DTXSID90649664 DTXSID20406161 DTXSID30848593 DTXSID8032675
DTXSID40674385	DTXSID60284824 DTXSID90185572 DTXSID60856080 DTXSID40454922 DTXSID10581315 DTXSID10309233 DTXSID70408539 DTXSID10826758 DTXSID80572891 DTXSID60365844 DTXSID60217359 DTXSID30651867 DTXSID40588413 DTXSID90427929 DTXSID80736618 DTXSID30452775 DTXSID70642476 DTXSID40161003 DTXSID70165938 DTXSID40716512
DTXSID40157103	DTXSID40243015 DTXSID8061212 DTXSID90560906 DTXSID80335786 DTXSID40208886 DTXSID40762115 DTXSID40420900 DTXSID40455535 DTXSID5061085 DTXSID80884461 DTXSID60798678 DTXSID70724408 DTXSID60658541 DTXSID90152264 DTXSID80234563 DTXSID00470865 DTXSID70562362 DTXSID40187066 DTXSID20432905 DTXSID00404029
DTXSID30725638	DTXSID00811012 DTXSID90485165 DTXSID60240187 DTXSID20449654 DTXSID70848557 DTXSID70490555 DTXSID90176884 DTXSID50726480 DTXSID20579748 DTXSID00216947 DTXSID80651337 DTXSID00425996 DTXSID00660507 DTXSID80347102 DTXSID70345692 DTXSID90381395 DTXSID20697451 DTXSID50340887 DTXSID90187596 DTXSID10492816
DTXSID30817062	DTXSID10812313 DTXSID20493516 DTXSID00556951 DTXSID50384589 DTXSID30759337 DTXSID80383500 DTXSID50315974 DTXSID90343418 DTXSID40174976 DTXSID10448358 DTXSID30642477 DTXSID70450412 DTXSID90316763 DTXSID30504920 DTXSID5020942 DTXSID80278381 DTXSID80768257 DTXSID80354891 DTXSID40821519 DTXSID60799327
DTXSID30693106	DTXSID20626029 DTXSID20745421 DTXSID10875943 DTXSID50623344 DTXSID80323406 DTXSID00457217 DTXSID20274988 DTXSID00742973 DTXSID50321954 DTXSID20193125 DTXSID00810328 DTXSID00352374 DTXSID10787436 DTXSID60194212 DTXSID00722331 DTXSID90383692 DTXSID50846172 DTXSID50440356 DTXSID00352617 DTXSID40545147
DTXSID20840849	DTXSID50230830 DTXSID90614711 DTXSID90374045 DTXSID40794991 DTXSID20473212 DTXSID60625354 DTXSID40598698 DTXSID9041445 DTXSID80351628 DTXSID10565357 DTXSID00625732 DTXSID60365925 DTXSID60443631 DTXSID4060739 DTXSID70618434 DTXSID40319825 DTXSID90730905 DTXSID30653301 DTXSID30591799 DTXSID50697161
DTXSID50307511	DTXSID00432448 DTXSID70559575 DTXSID80872661 DTXSID0074637 DTXSID50887767 DTXSID20824306 DTXSID30769931 DTXSID00432089 DTXSID70587777 DTXSID10658859 DTXSID20184573 DTXSID70340864 DTXSID00647136 DTXSID20235473 DTXSID90619786 DTXSID80770815 DTXSID50753837 DTXSID80816363 DTXSID10605267 DTXSID00887737
DTXSID20364156	DTXSID90668739 DTXSID70424335 DTXSID50425981 DTXSID30234336 DTXSID40645570 DTXSID70383670 DTXSID40693273 DTXSID4068533 DTXSID90227249 DTXSID70618696 DTXSID00645617 DTXSID20216883 DTXSID40741081 DTXSID20656245 DTXSID90439542 DTXSID20323405 DTXSID70876072 DTXSID50290813 DTXSID40380191 DTXSID40622548
DTXSID10812313	DTXSID30817062 DTXSID30759337 DTXSID50384589 DTXSID40174976 DTXSID00556951 DTXSID20493516 DTXSID90343418 DTXSID80278381 DTXSID30504920 DTXSID10455688 DTXSID10672419 DTXSID60172090 DTXSID80768257 DTXSID90516105 DTXSID90238173 DTXSID50315974 DTXSID80383500 DTXSID10448358 DTXSID90316763 DTXSID5020942
DTXSID20485153	DTXSID20640866 DTXSID00541362 DTXSID50812918 DTXSID60211832 DTXSID60842544 DTXSID50335233 DTXSID70589837 DTXSID40697155 DTXSID30556343 DTXSID30479922 DTXSID70341018 DTXSID50534148 DTXSID60425199 DTXSID20445999 DTXSID50553950 DTXSID30640913 DTXSID30385110 DTXSID60640800 DTXSID20163722 DTXSID20403231
DTXSID70642537	DTXSID00465357 DTXSID90562627 DTXSID20184699 DTXSID30580148 DTXSID70193337 DTXSID60337187 DTXSID40477959 DTXSID20308030 DTXSID20578554 DTXSID40341904 DTXSID90864779 DTXSID30562621 DTXSID30303990 DTXSID10712182 DTXSID50510164 DTXSID90801907 DTXSID70538027 DTXSID70558563 DTXSID50660118 DTXSID40365145
DTXSID90485165	DTXSID30725638 DTXSID00811012 DTXSID70848557 DTXSID90176884 DTXSID60240187 DTXSID70490555 DTXSID20449654 DTXSID20579748 DTXSID50726480 DTXSID70345692 DTXSID90381395 DTXSID80651337 DTXSID80347102 DTXSID70421046 DTXSID30388045 DTXSID00216947 DTXSID10447669 DTXSID90336082 DTXSID50340887 DTXSID50660638
DTXSID70526161	DTXSID80522659 DTXSID20565166 DTXSID40221893 DTXSID40474221 DTXSID50771132 DTXSID50277740 DTXSID4051740 DTXSID10811386 DTXSID90474074 DTXSID80618687 DTXSID00772053 DTXSID00543245 DTXSID90741551 DTXSID50354606 DTXSID50278717 DTXSID50821545 DTXSID40591346 DTXSID20656109 DTXSID40885595 DTXSID90763758
DTXSID60561849	DTXSID80733081 DTXSID90370966 DTXSID90693208 DTXSID40478209 DTXSID80475919 DTXSID70616314 DTXSID80597943 DTXSID10646413 DTXSID10308665 DTXSID30401026 DTXSID80304336 DTXSID30371053 DTXSID80516730 DTXSID40661659 DTXSID80732155 DTXSID90348968 DTXSID60578412 DTXSID90319299 DTXSID90406719 DTXSID90722921
DTXSID10149196	DTXSID60241518 DTXSID80438044 DTXSID00757749 DTXSID20434202 DTXSID50639889 DTXSID70880654 DTXSID70614092 DTXSID60642041 DTXSID60881211 DTXSID50527358 DTXSID30544962 DTXSID90751933 DTXSID10144484 DTXSID20594678 DTXSID60184032 DTXSID20172071 DTXSID00577964 DTXSID60448429 DTXSID70809300 DTXSID80763106
DTXSID90339119	DTXSID80803096 DTXSID40759080 DTXSID20803095 DTXSID40763107 DTXSID80764310 DTXSID00804166 DTXSID80783627 DTXSID80657910 DTXSID10244236 DTXSID10718149 DTXSID70570841 DTXSID10290430 DTXSID10720146 DTXSID70713711 DTXSID00301524 DTXSID2050035 DTXSID30831682 DTXSID40286902 DTXSID70546066 DTXSID70373192
DTXSID80733122	DTXSID60157009 DTXSID80593541 DTXSID80391327 DTXSID60668963 DTXSID80506515 DTXSID10288170 DTXSID60813951 DTXSID50190364 DTXSID10474339 DTXSID20542199 DTXSID40719260 DTXSID90640813 DTXSID30857029 DTXSID60388210 DTXSID60675359 DTXSID70657121 DTXSID80207111 DTXSID60512533 DTXSID40319825 DTXSID70401020
DTXSID10847428	DTXSID80552653 DTXSID70392924 DTXSID20847232 DTXSID40577988 DTXSID20756335 DTXSID10712061 DTXSID40724470 DTXSID40693233 DTXSID60435733 DTXSID80682262 DTXSID40676763 DTXSID60674165 DTXSID20743427 DTXSID20761262 DTXSID20778618 DTXSID20623710 DTXSID20590413 DTXSID20858505 DTXSID70601927 DTXSID90626591
DTXSID60747202	DTXSID40751463 DTXSID10225444 DTXSID10288877 DTXSID00522176 DTXSID90217423 DTXSID70396402 DTXSID20538830 DTXSID50654936 DTXSID10795415 DTXSID60638580 DTXSID40176910 DTXSID70336909 DTXSID70670451 DTXSID40187824 DTXSID80675912 DTXSID90783517 DTXSID60177085 DTXSID20392636 DTXSID90328740 DTXSID20826289
DTXSID40802181	DTXSID00534259 DTXSID00493059 DTXSID80369485 DTXSID3042269 DTXSID10552787 DTXSID90760646 DTXSID00514773 DTXSID60693876 DTXSID00199488 DTXSID20656442 DTXSID80661118 DTXSID2061563 DTXSID70525891 DTXSID10699722 DTXSID90695126 DTXSID50788144 DTXSID00604183 DTXSID50832292 DTXSID10516208 DTXSID10837920
DTXSID30485028	DTXSID60712218 DTXSID80531529 DTXSID50524701 DTXSID00453451 DTXSID40285339 DTXSID70404955 DTXSID80744117 DTXSID50625101 DTXSID80338176 DTXSID20752594 DTXSID50474550 DTXSID00182673 DTXSID90326600 DTXSID0064672 DTXSID70647688 DTXSID1068229 DTXSID80771185 DTXSID20496764 DTXSID70424719 DTXSID90201286
DTXSID10564320	DTXSID40226601 DTXSID00333421 DTXSID6044773 DTXSID40606005 DTXSID80342874 DTXSID00639591 DTXSID90543810 DTXSID70359411 DTXSID60778778 DTXSID80528696 DTXSID80673756 DTXSID80346155 DTXSID50579054 DTXSID20295613 DTXSID20475594 DTXSID20832421 DTXSID10504807 DTXSID40289256 DTXSID70522562 DTXSID90561074
DTXSID40820466	DTXSID00846581 DTXSID00309808 DTXSID10879320 DTXSID50228318 DTXSID90666452 DTXSID80703825 DTXSID10659285 DTXSID50596246 DTXSID90453389 DTXSID20545105 DTXSID00606980 DTXSID00587649 DTXSID60424460 DTXSID10395035 DTXSID60556013 DTXSID20717067 DTXSID50364467 DTXSID60317383 DTXSID20590271 DTXSID80653437
DTXSID20445712	DTXSID90668592 DTXSID00384771 DTXSID40726050 DTXSID00569783 DTXSID60634123 DTXSID10506361 DTXSID90561630 DTXSID10794125 DTXSID00520894 DTXSID20419099 DTXSID20879533 DTXSID60680908 DTXSID20354471 DTXSID00371020 DTXSID50225620 DTXSID60351681 DTXSID30711410 DTXSID60618529 DTXSID00480469 DTXSID00508773
DTXSID60540114	DTXSID70874098 DTXSID50651006 DTXSID50528446 DTXSID10428534 DTXSID90696310 DTXSID60635918 DTXSID50649605 DTXSID90453768 DTXSID20340490 DTXSID00162071 DTXSID50215283 DTXSID50524827 DTXSID10144383 DTXSID30402492 DTXSID50277442 DTXSID60649439 DTXSID80554157 DTXSID40356538 DTXSID1025693 DTXSID20834965
DTXSID20618065	DTXSID90150922 DTXSID80196273 DTXSID50627988 DTXSID70152843 DTXSID20720415 DTXSID90622311 DTXSID60291290 DTXSID10379299 DTXSID70744343 DTXSID80234861 DTXSID70657702 DTXSID70456873 DTXSID60651097 DTXSID40622548 DTXSID40741081 DTXSID30356901 DTXSID70489489 DTXSID30207606 DTXSID50171916 DTXSID40645570
DTXSID00640667	DTXSID00425279 DTXSID00615794 DTXSID40493992 DTXSID00363127 DTXSID70651745 DTXSID80769224 DTXSID50355557 DTXSID60571408 DTXSID80879493 DTXSID00313622 DTXSID50294250 DTXSID0059081 DTXSID30606317 DTXSID10740400 DTXSID00539461 DTXSID10441586 DTXSID80627799 DTXSID90805021 DTXSID80349606 DTXSID60800821
DTXSID90434592	DTXSID60547421 DTXSID60646307 DTXSID50515578 DTXSID30646399 DTXSID00590153 DTXSID90178803 DTXSID20627854 DTXSID80646384 DTXSID50646593 DTXSID90670291 DTXSID00409377 DTXSID10734940 DTXSID80753502 DTXSID10646377 DTXSID50186363 DTXSID00646205 DTXSID00495710 DTXSID10738746 DTXSID10609124 DTXSID70743659
DTXSID50334625	DTXSID70886515 DTXSID40186675 DTXSID40839114 DTXSID20875813 DTXSID70322903 DTXSID80785585 DTXSID30348402 DTXSID00896208 DTXSID50601283 DTXSID10896335 DTXSID30192987 DTXSID70615549 DTXSID80382194 DTXSID10310521 DTXSID3072242 DTXSID00851251 DTXSID90808572 DTXSID30564701 DTXSID60320519 DTXSID30897546
DTXSID80806628	DTXSID50818238 DTXSID80766713 DTXSID00637274 DTXSID50476377 DTXSID50479464 DTXSID20523529 DTXSID30850858 DTXSID10600494 DTXSID90826973 DTXSID90750769 DTXSID60501967 DTXSID60523528 DTXSID40781609 DTXSID70596485 DTXSID00523527 DTXSID00402808 DTXSID30519534 DTXSID70193216 DTXSID30639049 DTXSID40523526
DTXSID70291064	DTXSID90788820 DTXSID40352676 DTXSID60424440 DTXSID10313537 DTXSID60299094 DTXSID10611146 DTXSID90341590 DTXSID70593353 DTXSID90552402 DTXSID40299517 DTXSID70665004 DTXSID60700534 DTXSID30423223 DTXSID30176383 DTXSID80597680 DTXSID20441052 DTXSID10840459 DTXSID40657259 DTXSID60173527 DTXSID30440298
